1 2 3 5 8 16 21 37 b
1 2 3 5 8 16 32 37 b
1 2 3 6 9 18 19 37 b
1 2 3 6 9 18 36 37 b
1 2 3 6 12 13 24 37 a
1 2 3 6 12 13 25 37 b
1 2 3 6 12 18 19 37 b
1 2 3 6 12 18 36 37 b
1 2 3 6 12 24 25 37 b
1 2 3 6 12 24 36 37 b
1 2 4 5 8 16 21 37 a
1 2 4 5 8 16 32 37 a
1 2 4 5 9 14 23 37 b
1 2 4 5 9 14 28 37 b
1 2 4 5 9 18 19 37 b
1 2 4 5 9 18 36 37 b
1 2 4 6 12 13 24 37 a
1 2 4 6 12 13 25 37 b
1 2 4 6 12 18 19 37 b
1 2 4 6 12 18 36 37 b
1 2 4 6 12 24 25 37 b
1 2 4 6 12 24 36 37 b
1 2 4 8 9 18 19 37 b
1 2 4 8 9 18 36 37 b
1 2 4 8 10 18 19 37 b
1 2 4 8 10 18 36 37 b
1 2 4 8 12 13 24 37 a
1 2 4 8 12 13 25 37 b
1 2 4 8 12 24 25 37 b
1 2 4 8 12 24 36 37 b
1 2 4 8 16 17 20 37 a
1 2 4 8 16 17 21 37 b
1 2 4 8 16 17 33 37 b
1 2 4 8 16 18 19 37 b
1 2 4 8 16 18 36 37 b
1 2 4 8 16 20 21 37 b
1 2 4 8 16 20 36 37 b
1 2 4 8 16 32 33 37 b
1 2 4 8 16 32 36 37 b
