1 2 3 4 7 11 22 44 51 95 b
1 2 3 4 7 11 22 44 88 95 b
1 2 3 4 8 11 19 38 57 95 b
1 2 3 4 8 11 19 38 76 95 b
1 2 3 4 8 16 19 38 57 95 b
1 2 3 4 8 16 19 38 76 95 b
1 2 3 5 7 12 19 38 57 95 b
1 2 3 5 7 12 19 38 76 95 b
1 2 3 5 7 14 19 38 57 95 b
1 2 3 5 7 14 19 38 76 95 b
1 2 3 5 8 11 19 38 57 95 b
1 2 3 5 8 11 19 38 76 95 b
1 2 3 5 8 16 19 38 57 95 b
1 2 3 5 8 16 19 38 76 95 b
1 2 3 5 8 16 21 37 58 95 b
1 2 3 5 8 16 21 37 74 95 b
1 2 3 5 10 11 21 42 53 95 b
1 2 3 5 10 11 21 42 84 95 b
1 2 3 5 10 13 23 36 59 95 b
1 2 3 5 10 13 23 36 72 95 b
1 2 3 5 10 13 23 46 49 95 b
1 2 3 5 10 13 23 46 92 95 b
1 2 3 5 10 15 20 40 55 95 b
1 2 3 5 10 15 20 40 80 95 b
1 2 3 5 10 15 25 35 60 95 b
1 2 3 5 10 15 25 35 70 95 b
1 2 3 5 10 15 25 40 55 95 b
1 2 3 5 10 15 25 40 80 95 b
1 2 3 5 10 15 30 35 60 95 a
1 2 3 5 10 15 30 35 65 95 b
1 2 3 5 10 15 30 40 55 95 b
1 2 3 5 10 15 30 40 80 95 b
1 2 3 5 10 15 30 45 50 95 b
1 2 3 5 10 15 30 45 90 95 b
1 2 3 5 10 15 30 60 65 95 b
1 2 3 5 10 15 30 60 90 95 b
1 2 3 5 10 20 23 46 49 95 b
1 2 3 5 10 20 23 46 92 95 b
1 2 3 5 10 20 25 35 60 95 b
1 2 3 5 10 20 25 35 70 95 b
1 2 3 5 10 20 25 45 50 95 b
1 2 3 5 10 20 25 45 70 95 b
1 2 3 5 10 20 25 45 90 95 b
1 2 3 5 10 20 25 50 70 95 b
1 2 3 5 10 20 25 50 75 95 b
1 2 3 5 10 20 30 35 60 95 a
1 2 3 5 10 20 30 35 65 95 b
1 2 3 5 10 20 30 60 65 95 b
1 2 3 5 10 20 30 60 90 95 b
1 2 3 5 10 20 40 45 50 95 b
1 2 3 5 10 20 40 45 55 95 b
1 2 3 5 10 20 40 45 85 95 b
1 2 3 5 10 20 40 45 90 95 b
1 2 3 5 10 20 40 50 55 95 b
1 2 3 5 10 20 40 50 90 95 b
1 2 3 5 10 20 40 80 85 95 b
1 2 3 5 10 20 40 80 90 95 b
1 2 3 6 7 12 19 38 57 95 a
1 2 3 6 7 12 19 38 76 95 a
1 2 3 6 7 13 19 38 57 95 b
1 2 3 6 7 13 19 38 76 95 b
1 2 3 6 8 11 19 38 57 95 b
1 2 3 6 8 11 19 38 76 95 b
1 2 3 6 8 16 19 38 57 95 b
1 2 3 6 8 16 19 38 76 95 b
1 2 3 6 9 10 19 38 57 95 b
1 2 3 6 9 10 19 38 76 95 b
1 2 3 6 9 18 19 38 57 95 b
1 2 3 6 9 18 19 38 76 95 b
1 2 3 6 12 13 19 38 57 95 b
1 2 3 6 12 13 19 38 76 95 b
1 2 3 6 12 18 19 38 57 95 b
1 2 3 6 12 18 19 38 76 95 b
1 2 4 5 7 11 22 44 51 95 b
1 2 4 5 7 11 22 44 88 95 b
1 2 4 5 7 12 19 38 57 95 b
1 2 4 5 7 12 19 38 76 95 b
1 2 4 5 7 14 19 38 57 95 b
1 2 4 5 7 14 19 38 76 95 b
1 2 4 5 8 16 21 37 58 95 a
1 2 4 5 8 16 21 37 74 95 a
1 2 4 5 9 10 19 38 57 95 b
1 2 4 5 9 10 19 38 76 95 b
1 2 4 5 9 14 19 38 57 95 b
1 2 4 5 9 14 19 38 76 95 b
1 2 4 5 9 18 19 38 57 95 b
1 2 4 5 9 18 19 38 76 95 b
1 2 4 5 9 18 23 36 59 95 a
1 2 4 5 9 18 23 36 72 95 a
1 2 4 5 9 18 27 45 50 95 b
1 2 4 5 9 18 27 45 90 95 b
1 2 4 5 9 18 36 41 54 95 a
1 2 4 5 9 18 36 41 59 95 b
1 2 4 5 9 18 36 41 77 95 b
1 2 4 5 9 18 36 45 50 95 b
1 2 4 5 9 18 36 45 90 95 b
1 2 4 5 9 18 36 54 59 95 b
1 2 4 5 9 18 36 54 90 95 b
1 2 4 5 9 18 36 72 77 95 b
1 2 4 5 9 18 36 72 90 95 b
1 2 4 5 10 11 21 42 53 95 b
1 2 4 5 10 11 21 42 84 95 b
1 2 4 5 10 14 19 38 57 95 b
1 2 4 5 10 14 19 38 76 95 b
1 2 4 5 10 15 19 38 57 95 b
1 2 4 5 10 15 19 38 76 95 b
1 2 4 5 10 15 20 40 55 95 b
1 2 4 5 10 15 20 40 80 95 b
1 2 4 5 10 15 25 35 60 95 b
1 2 4 5 10 15 25 35 70 95 b
1 2 4 5 10 15 25 40 55 95 b
1 2 4 5 10 15 25 40 80 95 b
1 2 4 5 10 15 30 35 60 95 a
1 2 4 5 10 15 30 35 65 95 b
1 2 4 5 10 15 30 40 55 95 b
1 2 4 5 10 15 30 40 80 95 b
1 2 4 5 10 15 30 45 50 95 b
1 2 4 5 10 15 30 45 90 95 b
1 2 4 5 10 15 30 60 65 95 b
1 2 4 5 10 15 30 60 90 95 b
1 2 4 5 10 20 25 35 60 95 b
1 2 4 5 10 20 25 35 70 95 b
1 2 4 5 10 20 25 45 50 95 b
1 2 4 5 10 20 25 45 70 95 b
1 2 4 5 10 20 25 45 90 95 b
1 2 4 5 10 20 25 50 70 95 b
1 2 4 5 10 20 25 50 75 95 b
1 2 4 5 10 20 30 35 60 95 a
1 2 4 5 10 20 30 35 65 95 b
1 2 4 5 10 20 30 60 65 95 b
1 2 4 5 10 20 30 60 90 95 b
1 2 4 5 10 20 40 45 50 95 b
1 2 4 5 10 20 40 45 55 95 b
1 2 4 5 10 20 40 45 85 95 b
1 2 4 5 10 20 40 45 90 95 b
1 2 4 5 10 20 40 50 55 95 b
1 2 4 5 10 20 40 50 90 95 b
1 2 4 5 10 20 40 80 85 95 b
1 2 4 5 10 20 40 80 90 95 b
1 2 4 6 7 11 22 44 51 95 b
1 2 4 6 7 11 22 44 88 95 b
1 2 4 6 7 12 19 38 57 95 a
1 2 4 6 7 12 19 38 76 95 a
1 2 4 6 7 13 19 38 57 95 b
1 2 4 6 7 13 19 38 76 95 b
1 2 4 6 10 11 21 42 53 95 b
1 2 4 6 10 11 21 42 84 95 b
1 2 4 6 12 13 19 38 57 95 b
1 2 4 6 12 13 19 38 76 95 b
1 2 4 6 12 18 19 38 57 95 b
1 2 4 6 12 18 19 38 76 95 b
1 2 4 8 9 10 19 38 57 95 b
1 2 4 8 9 10 19 38 76 95 b
1 2 4 8 9 11 19 38 57 95 b
1 2 4 8 9 11 19 38 76 95 b
1 2 4 8 9 17 19 38 57 95 b
1 2 4 8 9 17 19 38 76 95 b
1 2 4 8 9 17 26 43 52 95 b
1 2 4 8 9 17 26 43 69 95 b
1 2 4 8 9 17 26 43 86 95 b
1 2 4 8 9 17 26 52 69 95 b
1 2 4 8 9 17 26 52 78 95 b
1 2 4 8 9 17 34 43 52 95 b
1 2 4 8 9 17 34 43 86 95 b
1 2 4 8 9 18 19 38 57 95 b
1 2 4 8 9 18 19 38 76 95 b
1 2 4 8 10 11 19 38 57 95 b
1 2 4 8 10 11 19 38 76 95 b
1 2 4 8 10 11 21 42 53 95 b
1 2 4 8 10 11 21 42 84 95 b
1 2 4 8 10 18 19 38 57 95 b
1 2 4 8 10 18 19 38 76 95 b
1 2 4 8 16 17 19 38 57 95 b
1 2 4 8 16 17 19 38 76 95 b
1 2 4 8 16 17 21 37 58 95 b
1 2 4 8 16 17 21 37 74 95 b
1 2 4 8 16 18 19 38 57 95 b
1 2 4 8 16 18 19 38 76 95 b
1 2 4 8 16 20 21 37 58 95 b
1 2 4 8 16 20 21 37 74 95 b
