1 2 3 4 7 9 18 36 43 79 b
1 2 3 4 7 9 18 36 72 79 b
1 2 3 4 7 11 18 36 43 79 b
1 2 3 4 7 11 18 36 72 79 b
1 2 3 4 7 14 17 31 48 79 b
1 2 3 4 7 14 17 31 62 79 b
1 2 3 4 7 14 18 36 43 79 b
1 2 3 4 7 14 18 36 72 79 b
1 2 3 4 8 11 19 30 49 79 b
1 2 3 4 8 11 19 30 60 79 b
1 2 3 4 8 11 19 38 41 79 b
1 2 3 4 8 11 19 38 76 79 b
1 2 3 4 8 16 19 38 41 79 b
1 2 3 4 8 16 19 38 76 79 b
1 2 3 5 6 11 17 34 45 79 b
1 2 3 5 6 11 17 34 68 79 b
1 2 3 5 7 9 18 36 43 79 b
1 2 3 5 7 9 18 36 72 79 b
1 2 3 5 7 12 19 38 41 79 b
1 2 3 5 7 12 19 38 76 79 b
1 2 3 5 7 12 24 31 48 79 a
1 2 3 5 7 12 24 31 55 79 b
1 2 3 5 7 12 24 36 43 79 b
1 2 3 5 7 12 24 36 72 79 b
1 2 3 5 7 12 24 48 55 79 b
1 2 3 5 7 12 24 48 72 79 b
1 2 3 5 7 14 17 31 48 79 b
1 2 3 5 7 14 17 31 62 79 b
1 2 3 5 7 14 19 38 41 79 b
1 2 3 5 7 14 19 38 76 79 b
1 2 3 5 8 11 19 30 49 79 b
1 2 3 5 8 11 19 30 60 79 b
1 2 3 5 8 11 19 38 41 79 b
1 2 3 5 8 11 19 38 76 79 b
1 2 3 5 8 13 21 29 50 79 b
1 2 3 5 8 13 21 29 58 79 b
1 2 3 5 8 13 26 27 52 79 a
1 2 3 5 8 13 26 27 53 79 b
1 2 3 5 8 13 26 39 40 79 b
1 2 3 5 8 13 26 39 78 79 b
1 2 3 5 8 13 26 52 53 79 b
1 2 3 5 8 13 26 52 78 79 b
1 2 3 5 8 16 19 38 41 79 b
1 2 3 5 8 16 19 38 76 79 b
1 2 3 5 8 16 21 29 50 79 b
1 2 3 5 8 16 21 29 58 79 b
1 2 3 5 8 16 21 37 42 79 b
1 2 3 5 8 16 21 37 58 79 b
1 2 3 5 8 16 21 37 74 79 b
1 2 3 5 8 16 21 42 58 79 b
1 2 3 5 8 16 21 42 63 79 b
1 2 3 5 8 16 32 37 42 79 b
1 2 3 5 8 16 32 37 74 79 b
1 2 3 5 10 13 20 33 46 79 a
1 2 3 5 10 13 20 33 66 79 a
1 2 3 5 10 13 23 28 51 79 b
1 2 3 5 10 13 23 28 56 79 b
1 2 3 5 10 13 23 33 46 79 b
1 2 3 5 10 13 23 33 56 79 b
1 2 3 5 10 13 23 33 66 79 b
1 2 3 5 10 13 23 46 56 79 b
1 2 3 5 10 13 23 46 69 79 b
1 2 3 5 10 13 26 27 52 79 a
1 2 3 5 10 13 26 27 53 79 b
1 2 3 5 10 13 26 39 40 79 b
1 2 3 5 10 13 26 39 78 79 b
1 2 3 5 10 13 26 52 53 79 b
1 2 3 5 10 13 26 52 78 79 b
1 2 3 5 10 15 16 32 47 79 b
1 2 3 5 10 15 16 32 64 79 b
1 2 3 5 10 15 17 32 47 79 b
1 2 3 5 10 15 17 32 64 79 b
1 2 3 5 10 15 25 27 52 79 b
1 2 3 5 10 15 25 27 54 79 b
1 2 3 5 10 15 30 32 47 79 b
1 2 3 5 10 15 30 32 64 79 b
1 2 3 5 10 20 23 28 51 79 b
1 2 3 5 10 20 23 28 56 79 b
1 2 3 5 10 20 23 33 46 79 a
1 2 3 5 10 20 23 33 56 79 b
1 2 3 5 10 20 23 46 56 79 b
1 2 3 5 10 20 23 46 69 79 b
1 2 3 5 10 20 25 27 52 79 b
1 2 3 5 10 20 25 27 54 79 b
1 2 3 6 7 9 18 36 43 79 b
1 2 3 6 7 9 18 36 72 79 b
1 2 3 6 7 12 18 36 43 79 a
1 2 3 6 7 12 18 36 72 79 a
1 2 3 6 7 12 19 38 41 79 a
1 2 3 6 7 12 19 38 76 79 a
1 2 3 6 7 12 24 31 48 79 a
1 2 3 6 7 12 24 31 55 79 a
1 2 3 6 7 12 24 36 43 79 a
1 2 3 6 7 12 24 36 72 79 a
1 2 3 6 7 12 24 48 55 79 a
1 2 3 6 7 12 24 48 72 79 a
1 2 3 6 7 13 19 38 41 79 b
1 2 3 6 7 13 19 38 76 79 b
1 2 3 6 7 13 20 33 46 79 b
1 2 3 6 7 13 20 33 66 79 b
1 2 3 6 7 13 26 27 52 79 a
1 2 3 6 7 13 26 27 53 79 b
1 2 3 6 7 13 26 33 46 79 b
1 2 3 6 7 13 26 33 66 79 b
1 2 3 6 7 13 26 39 40 79 b
1 2 3 6 7 13 26 39 78 79 b
1 2 3 6 7 13 26 52 53 79 b
1 2 3 6 7 13 26 52 78 79 b
1 2 3 6 7 14 17 31 48 79 b
1 2 3 6 7 14 17 31 62 79 b
1 2 3 6 8 11 17 34 45 79 b
1 2 3 6 8 11 17 34 68 79 b
1 2 3 6 8 11 19 30 49 79 b
1 2 3 6 8 11 19 30 60 79 b
1 2 3 6 8 11 19 38 41 79 b
1 2 3 6 8 11 19 38 76 79 b
1 2 3 6 8 14 17 31 48 79 b
1 2 3 6 8 14 17 31 62 79 b
1 2 3 6 8 16 19 38 41 79 b
1 2 3 6 8 16 19 38 76 79 b
1 2 3 6 8 16 22 38 41 79 b
1 2 3 6 8 16 22 38 76 79 b
1 2 3 6 8 16 32 38 41 79 b
1 2 3 6 8 16 32 38 76 79 b
1 2 3 6 9 10 19 38 41 79 b
1 2 3 6 9 10 19 38 76 79 b
1 2 3 6 9 11 17 34 45 79 b
1 2 3 6 9 11 17 34 68 79 b
1 2 3 6 9 15 16 32 47 79 b
1 2 3 6 9 15 16 32 64 79 b
1 2 3 6 9 15 17 32 47 79 b
1 2 3 6 9 15 17 32 64 79 b
1 2 3 6 9 15 24 39 40 79 b
1 2 3 6 9 15 24 39 78 79 b
1 2 3 6 9 15 30 32 47 79 b
1 2 3 6 9 15 30 32 64 79 b
1 2 3 6 9 15 30 39 40 79 b
1 2 3 6 9 15 30 39 78 79 b
1 2 3 6 9 18 19 38 41 79 b
1 2 3 6 9 18 19 38 76 79 b
1 2 3 6 9 18 20 38 41 79 b
1 2 3 6 9 18 20 38 76 79 b
1 2 3 6 9 18 21 39 40 79 b
1 2 3 6 9 18 21 39 78 79 b
1 2 3 6 9 18 36 37 42 79 a
1 2 3 6 9 18 36 37 43 79 b
1 2 3 6 9 18 36 37 73 79 b
1 2 3 6 9 18 36 38 41 79 b
1 2 3 6 9 18 36 38 76 79 b
1 2 3 6 9 18 36 39 40 79 b
1 2 3 6 9 18 36 39 78 79 b
1 2 3 6 9 18 36 42 43 79 b
1 2 3 6 9 18 36 42 78 79 b
1 2 3 6 9 18 36 72 73 79 b
1 2 3 6 9 18 36 72 78 79 b
1 2 3 6 12 13 19 38 41 79 b
1 2 3 6 12 13 19 38 76 79 b
1 2 3 6 12 13 25 27 52 79 b
1 2 3 6 12 13 25 27 54 79 b
1 2 3 6 12 13 25 38 41 79 b
1 2 3 6 12 13 25 38 76 79 b
1 2 3 6 12 13 26 27 52 79 a
1 2 3 6 12 13 26 27 53 79 b
1 2 3 6 12 13 26 38 41 79 b
1 2 3 6 12 13 26 38 76 79 b
1 2 3 6 12 13 26 39 40 79 b
1 2 3 6 12 13 26 39 78 79 b
1 2 3 6 12 13 26 52 53 79 b
1 2 3 6 12 13 26 52 78 79 b
1 2 3 6 12 14 17 31 48 79 b
1 2 3 6 12 14 17 31 62 79 b
1 2 3 6 12 14 24 38 41 79 a
1 2 3 6 12 14 24 38 76 79 a
1 2 3 6 12 14 26 27 52 79 a
1 2 3 6 12 14 26 27 53 79 b
1 2 3 6 12 14 26 38 41 79 b
1 2 3 6 12 14 26 38 76 79 b
1 2 3 6 12 14 26 52 53 79 b
1 2 3 6 12 14 26 52 78 79 b
1 2 3 6 12 15 16 32 47 79 b
1 2 3 6 12 15 16 32 64 79 b
1 2 3 6 12 15 17 32 47 79 b
1 2 3 6 12 15 17 32 64 79 b
1 2 3 6 12 15 24 39 40 79 a
1 2 3 6 12 15 24 39 78 79 a
1 2 3 6 12 15 27 39 40 79 b
1 2 3 6 12 15 27 39 78 79 b
1 2 3 6 12 15 30 32 47 79 b
1 2 3 6 12 15 30 32 64 79 b
1 2 3 6 12 18 19 30 49 79 a
1 2 3 6 12 18 19 30 60 79 a
1 2 3 6 12 18 19 38 41 79 b
1 2 3 6 12 18 19 38 76 79 b
1 2 3 6 12 18 20 38 41 79 b
1 2 3 6 12 18 20 38 76 79 b
1 2 3 6 12 18 21 39 40 79 b
1 2 3 6 12 18 21 39 78 79 b
1 2 3 6 12 18 30 31 48 79 a
1 2 3 6 12 18 30 31 49 79 b
1 2 3 6 12 18 30 31 61 79 b
1 2 3 6 12 18 30 48 49 79 b
1 2 3 6 12 18 30 48 78 79 b
1 2 3 6 12 18 30 60 61 79 b
1 2 3 6 12 18 30 60 78 79 b
1 2 3 6 12 18 36 37 42 79 a
1 2 3 6 12 18 36 37 43 79 b
1 2 3 6 12 18 36 37 73 79 b
1 2 3 6 12 18 36 38 41 79 b
1 2 3 6 12 18 36 38 76 79 b
1 2 3 6 12 18 36 39 40 79 b
1 2 3 6 12 18 36 39 78 79 b
1 2 3 6 12 18 36 42 43 79 b
1 2 3 6 12 18 36 42 78 79 b
1 2 3 6 12 18 36 72 73 79 b
1 2 3 6 12 18 36 72 78 79 b
1 2 3 6 12 24 25 27 52 79 b
1 2 3 6 12 24 25 27 54 79 b
1 2 3 6 12 24 25 30 49 79 a
1 2 3 6 12 24 25 30 54 79 a
1 2 3 6 12 24 25 30 55 79 a
1 2 3 6 12 24 25 31 48 79 a
1 2 3 6 12 24 25 31 55 79 b
1 2 3 6 12 24 25 48 54 79 a
1 2 3 6 12 24 25 48 73 79 a
1 2 3 6 12 24 25 49 55 79 b
1 2 3 6 12 24 25 49 73 79 b
1 2 3 6 12 24 26 27 52 79 a
1 2 3 6 12 24 26 27 53 79 b
1 2 3 6 12 24 26 29 50 79 a
1 2 3 6 12 24 26 29 53 79 b
1 2 3 6 12 24 26 29 55 79 b
1 2 3 6 12 24 26 38 41 79 b
1 2 3 6 12 24 26 38 76 79 b
1 2 3 6 12 24 26 50 53 79 b
1 2 3 6 12 24 26 50 76 79 b
1 2 3 6 12 24 26 52 53 79 b
1 2 3 6 12 24 26 52 55 79 b
1 2 3 6 12 24 26 52 76 79 b
1 2 3 6 12 24 26 52 78 79 b
1 2 3 6 12 24 27 28 51 79 a
1 2 3 6 12 24 27 28 52 79 b
1 2 3 6 12 24 27 28 55 79 b
1 2 3 6 12 24 27 39 40 79 b
1 2 3 6 12 24 27 39 78 79 b
1 2 3 6 12 24 27 51 52 79 b
1 2 3 6 12 24 27 51 78 79 b
1 2 3 6 12 24 27 54 55 79 b
1 2 3 6 12 24 27 54 78 79 b
1 2 3 6 12 24 30 31 48 79 a
1 2 3 6 12 24 30 31 55 79 b
1 2 3 6 12 24 30 48 49 79 a
1 2 3 6 12 24 30 48 78 79 a
1 2 3 6 12 24 30 54 55 79 b
1 2 3 6 12 24 30 54 78 79 b
1 2 3 6 12 24 36 37 42 79 a
1 2 3 6 12 24 36 37 43 79 b
1 2 3 6 12 24 36 37 73 79 b
1 2 3 6 12 24 36 38 41 79 b
1 2 3 6 12 24 36 38 76 79 b
1 2 3 6 12 24 36 39 40 79 b
1 2 3 6 12 24 36 39 78 79 b
1 2 3 6 12 24 36 42 43 79 b
1 2 3 6 12 24 36 42 78 79 b
1 2 3 6 12 24 36 72 73 79 b
1 2 3 6 12 24 36 72 78 79 b
1 2 3 6 12 24 48 49 55 79 b
1 2 3 6 12 24 48 49 73 79 b
1 2 3 6 12 24 48 54 55 79 b
1 2 3 6 12 24 48 54 78 79 b
1 2 3 6 12 24 48 72 73 79 b
1 2 3 6 12 24 48 72 78 79 b
1 2 4 5 6 11 17 34 45 79 b
1 2 4 5 6 11 17 34 68 79 b
1 2 4 5 7 9 18 36 43 79 b
1 2 4 5 7 9 18 36 72 79 b
1 2 4 5 7 11 18 36 43 79 b
1 2 4 5 7 11 18 36 72 79 b
1 2 4 5 7 12 24 31 48 79 a
1 2 4 5 7 12 24 31 55 79 b
1 2 4 5 7 12 24 36 43 79 b
1 2 4 5 7 12 24 36 72 79 b
1 2 4 5 7 12 24 48 55 79 b
1 2 4 5 7 12 24 48 72 79 b
1 2 4 5 7 14 18 36 43 79 b
1 2 4 5 7 14 18 36 72 79 b
1 2 4 5 8 13 21 29 50 79 a
1 2 4 5 8 13 21 29 58 79 a
1 2 4 5 8 13 26 27 52 79 a
1 2 4 5 8 13 26 27 53 79 a
1 2 4 5 8 13 26 39 40 79 a
1 2 4 5 8 13 26 39 78 79 a
1 2 4 5 8 13 26 52 53 79 a
1 2 4 5 8 13 26 52 78 79 a
1 2 4 5 8 16 21 29 50 79 a
1 2 4 5 8 16 21 29 58 79 a
1 2 4 5 8 16 21 37 42 79 a
1 2 4 5 8 16 21 37 58 79 a
1 2 4 5 8 16 21 37 74 79 a
1 2 4 5 8 16 21 42 58 79 a
1 2 4 5 8 16 21 42 63 79 a
1 2 4 5 8 16 32 37 42 79 a
1 2 4 5 8 16 32 37 74 79 a
1 2 4 5 9 13 22 35 44 79 b
1 2 4 5 9 13 22 35 57 79 b
1 2 4 5 9 13 22 35 70 79 b
1 2 4 5 9 13 22 44 57 79 b
1 2 4 5 9 13 22 44 66 79 b
1 2 4 5 9 13 26 27 52 79 a
1 2 4 5 9 13 26 27 53 79 b
1 2 4 5 9 13 26 35 44 79 b
1 2 4 5 9 13 26 35 70 79 b
1 2 4 5 9 13 26 39 40 79 b
1 2 4 5 9 13 26 39 78 79 b
1 2 4 5 9 13 26 52 53 79 b
1 2 4 5 9 13 26 52 78 79 b
1 2 4 5 9 14 23 28 51 79 b
1 2 4 5 9 14 23 28 56 79 b
1 2 4 5 9 14 23 37 42 79 b
1 2 4 5 9 14 23 37 74 79 b
1 2 4 5 9 14 28 37 42 79 b
1 2 4 5 9 14 28 37 51 79 b
1 2 4 5 9 14 28 37 65 79 b
1 2 4 5 9 14 28 37 74 79 b
1 2 4 5 9 14 28 42 51 79 b
1 2 4 5 9 14 28 42 70 79 b
1 2 4 5 9 14 28 56 65 79 b
1 2 4 5 9 14 28 56 70 79 b
1 2 4 5 9 18 19 37 42 79 b
1 2 4 5 9 18 19 37 74 79 b
1 2 4 5 9 18 23 28 51 79 b
1 2 4 5 9 18 23 28 56 79 b
1 2 4 5 9 18 36 37 42 79 b
1 2 4 5 9 18 36 37 74 79 b
1 2 4 5 9 18 36 38 41 79 a
1 2 4 5 9 18 36 38 43 79 b
1 2 4 5 9 18 36 38 74 79 b
1 2 4 5 9 18 36 41 43 79 b
1 2 4 5 9 18 36 41 77 79 b
1 2 4 5 9 18 36 72 74 79 b
1 2 4 5 9 18 36 72 77 79 b
1 2 4 5 10 15 16 32 47 79 b
1 2 4 5 10 15 16 32 64 79 b
1 2 4 5 10 15 17 32 47 79 b
1 2 4 5 10 15 17 32 64 79 b
1 2 4 5 10 15 19 30 49 79 a
1 2 4 5 10 15 19 30 60 79 a
1 2 4 5 10 15 25 27 52 79 b
1 2 4 5 10 15 25 27 54 79 b
1 2 4 5 10 15 25 29 50 79 a
1 2 4 5 10 15 25 29 54 79 b
1 2 4 5 10 15 25 50 54 79 b
1 2 4 5 10 15 25 50 75 79 b
1 2 4 5 10 15 30 32 47 79 b
1 2 4 5 10 15 30 32 64 79 b
1 2 4 5 10 15 30 34 45 79 a
1 2 4 5 10 15 30 34 49 79 b
1 2 4 5 10 15 30 34 64 79 b
1 2 4 5 10 15 30 45 49 79 b
1 2 4 5 10 15 30 45 75 79 b
1 2 4 5 10 15 30 60 64 79 b
1 2 4 5 10 15 30 60 75 79 b
1 2 4 5 10 20 25 27 52 79 b
1 2 4 5 10 20 25 27 54 79 b
1 2 4 5 10 20 25 29 50 79 a
1 2 4 5 10 20 25 29 54 79 b
1 2 4 5 10 20 25 50 54 79 b
1 2 4 5 10 20 25 50 75 79 b
1 2 4 6 7 9 18 36 43 79 b
1 2 4 6 7 9 18 36 72 79 b
1 2 4 6 7 11 17 34 45 79 b
1 2 4 6 7 11 17 34 68 79 b
1 2 4 6 7 11 18 36 43 79 b
1 2 4 6 7 11 18 36 72 79 b
1 2 4 6 7 12 18 36 43 79 a
1 2 4 6 7 12 18 36 72 79 a
1 2 4 6 7 12 24 31 48 79 a
1 2 4 6 7 12 24 31 55 79 a
1 2 4 6 7 12 24 36 43 79 a
1 2 4 6 7 12 24 36 72 79 a
1 2 4 6 7 12 24 48 55 79 a
1 2 4 6 7 12 24 48 72 79 a
1 2 4 6 7 13 20 33 46 79 b
1 2 4 6 7 13 20 33 66 79 b
1 2 4 6 7 13 26 27 52 79 a
1 2 4 6 7 13 26 27 53 79 b
1 2 4 6 7 13 26 33 46 79 b
1 2 4 6 7 13 26 33 66 79 b
1 2 4 6 7 13 26 39 40 79 b
1 2 4 6 7 13 26 39 78 79 b
1 2 4 6 7 13 26 52 53 79 b
1 2 4 6 7 13 26 52 78 79 b
1 2 4 6 7 14 18 36 43 79 b
1 2 4 6 7 14 18 36 72 79 b
1 2 4 6 10 11 17 34 45 79 b
1 2 4 6 10 11 17 34 68 79 b
1 2 4 6 10 16 26 27 52 79 a
1 2 4 6 10 16 26 27 53 79 b
1 2 4 6 10 16 26 52 53 79 b
1 2 4 6 10 16 26 52 78 79 b
1 2 4 6 10 20 26 27 52 79 a
1 2 4 6 10 20 26 27 53 79 b
1 2 4 6 10 20 26 52 53 79 b
1 2 4 6 10 20 26 52 78 79 b
1 2 4 6 12 13 25 27 52 79 b
1 2 4 6 12 13 25 27 54 79 b
1 2 4 6 12 13 25 29 50 79 a
1 2 4 6 12 13 25 29 54 79 b
1 2 4 6 12 13 25 50 54 79 b
1 2 4 6 12 13 25 50 75 79 b
1 2 4 6 12 13 26 27 52 79 a
1 2 4 6 12 13 26 27 53 79 b
1 2 4 6 12 13 26 39 40 79 b
1 2 4 6 12 13 26 39 78 79 b
1 2 4 6 12 13 26 52 53 79 b
1 2 4 6 12 13 26 52 78 79 b
1 2 4 6 12 14 26 27 52 79 a
1 2 4 6 12 14 26 27 53 79 b
1 2 4 6 12 14 26 52 53 79 b
1 2 4 6 12 14 26 52 78 79 b
1 2 4 6 12 18 19 30 49 79 a
1 2 4 6 12 18 19 30 60 79 a
1 2 4 6 12 18 30 31 48 79 a
1 2 4 6 12 18 30 31 49 79 b
1 2 4 6 12 18 30 31 61 79 b
1 2 4 6 12 18 30 48 49 79 b
1 2 4 6 12 18 30 48 78 79 b
1 2 4 6 12 18 30 60 61 79 b
1 2 4 6 12 18 30 60 78 79 b
1 2 4 6 12 18 36 37 42 79 a
1 2 4 6 12 18 36 37 43 79 b
1 2 4 6 12 18 36 37 73 79 b
1 2 4 6 12 18 36 42 43 79 b
1 2 4 6 12 18 36 42 78 79 b
1 2 4 6 12 18 36 72 73 79 b
1 2 4 6 12 18 36 72 78 79 b
1 2 4 6 12 24 25 27 52 79 b
1 2 4 6 12 24 25 27 54 79 b
1 2 4 6 12 24 25 29 50 79 a
1 2 4 6 12 24 25 29 54 79 b
1 2 4 6 12 24 25 30 49 79 a
1 2 4 6 12 24 25 30 54 79 a
1 2 4 6 12 24 25 30 55 79 a
1 2 4 6 12 24 25 31 48 79 a
1 2 4 6 12 24 25 31 55 79 b
1 2 4 6 12 24 25 48 54 79 a
1 2 4 6 12 24 25 48 73 79 a
1 2 4 6 12 24 25 49 55 79 b
1 2 4 6 12 24 25 49 73 79 b
1 2 4 6 12 24 25 50 54 79 b
1 2 4 6 12 24 25 50 75 79 b
1 2 4 6 12 24 26 27 52 79 a
1 2 4 6 12 24 26 27 53 79 b
1 2 4 6 12 24 26 52 53 79 b
1 2 4 6 12 24 26 52 78 79 b
1 2 4 6 12 24 30 31 48 79 a
1 2 4 6 12 24 30 31 55 79 b
1 2 4 6 12 24 30 48 49 79 a
1 2 4 6 12 24 30 48 78 79 a
1 2 4 6 12 24 30 54 55 79 b
1 2 4 6 12 24 30 54 78 79 b
1 2 4 6 12 24 36 37 42 79 a
1 2 4 6 12 24 36 37 43 79 b
1 2 4 6 12 24 36 37 73 79 b
1 2 4 6 12 24 36 42 43 79 b
1 2 4 6 12 24 36 42 78 79 b
1 2 4 6 12 24 36 72 73 79 b
1 2 4 6 12 24 36 72 78 79 b
1 2 4 6 12 24 48 49 55 79 b
1 2 4 6 12 24 48 49 73 79 b
1 2 4 6 12 24 48 54 55 79 b
1 2 4 6 12 24 48 54 78 79 b
1 2 4 6 12 24 48 72 73 79 b
1 2 4 6 12 24 48 72 78 79 b
1 2 4 8 9 11 17 34 45 79 a
1 2 4 8 9 11 17 34 68 79 a
1 2 4 8 9 11 19 30 49 79 b
1 2 4 8 9 11 19 30 60 79 b
1 2 4 8 9 12 21 29 50 79 a
1 2 4 8 9 12 21 29 58 79 a
1 2 4 8 9 13 21 29 50 79 b
1 2 4 8 9 13 21 29 58 79 b
1 2 4 8 9 13 22 35 44 79 b
1 2 4 8 9 13 22 35 57 79 b
1 2 4 8 9 13 22 35 70 79 b
1 2 4 8 9 13 22 44 57 79 b
1 2 4 8 9 13 22 44 66 79 b
1 2 4 8 9 13 26 27 52 79 a
1 2 4 8 9 13 26 27 53 79 b
1 2 4 8 9 13 26 35 44 79 b
1 2 4 8 9 13 26 35 70 79 b
1 2 4 8 9 13 26 39 40 79 b
1 2 4 8 9 13 26 39 78 79 b
1 2 4 8 9 13 26 52 53 79 b
1 2 4 8 9 13 26 52 78 79 b
1 2 4 8 9 16 25 27 52 79 a
1 2 4 8 9 16 25 27 54 79 a
1 2 4 8 9 16 25 29 50 79 a
1 2 4 8 9 16 25 29 54 79 a
1 2 4 8 9 16 25 50 54 79 a
1 2 4 8 9 16 25 50 75 79 a
1 2 4 8 9 17 18 35 44 79 b
1 2 4 8 9 17 18 35 70 79 b
1 2 4 8 9 17 21 29 50 79 b
1 2 4 8 9 17 21 29 58 79 b
1 2 4 8 9 17 25 27 52 79 b
1 2 4 8 9 17 25 27 54 79 b
1 2 4 8 9 17 25 29 50 79 a
1 2 4 8 9 17 25 29 54 79 b
1 2 4 8 9 17 25 50 54 79 b
1 2 4 8 9 17 25 50 75 79 b
1 2 4 8 9 17 26 27 52 79 a
1 2 4 8 9 17 26 27 53 79 b
1 2 4 8 9 17 26 35 44 79 b
1 2 4 8 9 17 26 35 70 79 b
1 2 4 8 9 17 26 52 53 79 b
1 2 4 8 9 17 26 52 78 79 b
1 2 4 8 9 17 34 35 44 79 b
1 2 4 8 9 17 34 35 70 79 b
1 2 4 8 9 17 34 36 43 79 a
1 2 4 8 9 17 34 36 45 79 b
1 2 4 8 9 17 34 36 70 79 b
1 2 4 8 9 17 34 43 45 79 b
1 2 4 8 9 17 34 43 77 79 b
1 2 4 8 9 17 34 68 70 79 b
1 2 4 8 9 17 34 68 77 79 b
1 2 4 8 9 18 26 27 52 79 a
1 2 4 8 9 18 26 27 53 79 b
1 2 4 8 9 18 26 35 44 79 b
1 2 4 8 9 18 26 35 53 79 b
1 2 4 8 9 18 26 35 61 79 b
1 2 4 8 9 18 26 35 70 79 b
1 2 4 8 9 18 26 44 53 79 b
1 2 4 8 9 18 26 44 70 79 b
1 2 4 8 9 18 26 52 53 79 b
1 2 4 8 9 18 26 52 61 79 b
1 2 4 8 9 18 26 52 70 79 b
1 2 4 8 9 18 26 52 78 79 b
1 2 4 8 9 18 27 35 44 79 b
1 2 4 8 9 18 27 35 70 79 b
1 2 4 8 10 11 19 30 49 79 b
1 2 4 8 10 11 19 30 60 79 b
1 2 4 8 10 11 21 29 50 79 b
1 2 4 8 10 11 21 29 58 79 b
1 2 4 8 10 16 26 27 52 79 a
1 2 4 8 10 16 26 27 53 79 a
1 2 4 8 10 16 26 52 53 79 a
1 2 4 8 10 16 26 52 78 79 a
1 2 4 8 10 18 26 27 52 79 a
1 2 4 8 10 18 26 27 53 79 b
1 2 4 8 10 18 26 52 53 79 b
1 2 4 8 10 18 26 52 78 79 b
1 2 4 8 10 20 21 29 50 79 b
1 2 4 8 10 20 21 29 58 79 b
1 2 4 8 12 13 20 33 46 79 a
1 2 4 8 12 13 20 33 66 79 a
1 2 4 8 12 13 21 29 50 79 b
1 2 4 8 12 13 21 29 58 79 b
1 2 4 8 12 13 21 33 46 79 b
1 2 4 8 12 13 21 33 66 79 b
1 2 4 8 12 13 25 27 52 79 b
1 2 4 8 12 13 25 27 54 79 b
1 2 4 8 12 13 25 29 50 79 a
1 2 4 8 12 13 25 29 54 79 b
1 2 4 8 12 13 25 33 46 79 b
1 2 4 8 12 13 25 33 66 79 b
1 2 4 8 12 13 25 50 54 79 b
1 2 4 8 12 13 25 50 75 79 b
1 2 4 8 12 13 26 27 52 79 a
1 2 4 8 12 13 26 27 53 79 b
1 2 4 8 12 13 26 39 40 79 b
1 2 4 8 12 13 26 39 78 79 b
1 2 4 8 12 13 26 52 53 79 b
1 2 4 8 12 13 26 52 78 79 b
1 2 4 8 12 14 26 27 52 79 a
1 2 4 8 12 14 26 27 53 79 b
1 2 4 8 12 14 26 52 53 79 b
1 2 4 8 12 14 26 52 78 79 b
1 2 4 8 12 20 21 29 50 79 b
1 2 4 8 12 20 21 29 58 79 b
1 2 4 8 12 24 25 27 52 79 b
1 2 4 8 12 24 25 27 54 79 b
1 2 4 8 12 24 25 29 50 79 a
1 2 4 8 12 24 25 29 54 79 b
1 2 4 8 12 24 25 50 54 79 b
1 2 4 8 12 24 25 50 75 79 b
1 2 4 8 12 24 26 27 52 79 a
1 2 4 8 12 24 26 27 53 79 b
1 2 4 8 12 24 26 52 53 79 b
1 2 4 8 12 24 26 52 78 79 b
1 2 4 8 16 17 21 29 50 79 b
1 2 4 8 16 17 21 29 58 79 b
1 2 4 8 16 17 21 37 42 79 a
1 2 4 8 16 17 21 37 58 79 b
1 2 4 8 16 17 21 42 58 79 b
1 2 4 8 16 17 21 42 63 79 b
1 2 4 8 16 17 25 27 52 79 b
1 2 4 8 16 17 25 27 54 79 b
1 2 4 8 16 17 25 29 50 79 a
1 2 4 8 16 17 25 29 54 79 b
1 2 4 8 16 17 25 50 54 79 b
1 2 4 8 16 17 25 50 75 79 b
1 2 4 8 16 18 26 27 52 79 a
1 2 4 8 16 18 26 27 53 79 b
1 2 4 8 16 18 26 52 53 79 b
1 2 4 8 16 18 26 52 78 79 b
1 2 4 8 16 20 21 29 50 79 b
1 2 4 8 16 20 21 29 58 79 b
1 2 4 8 16 20 21 37 42 79 a
1 2 4 8 16 20 21 37 58 79 b
1 2 4 8 16 20 21 42 58 79 b
1 2 4 8 16 20 21 42 63 79 b
1 2 4 8 16 24 25 27 52 79 b
1 2 4 8 16 24 25 27 54 79 b
1 2 4 8 16 24 25 29 50 79 a
1 2 4 8 16 24 25 29 54 79 b
1 2 4 8 16 24 25 50 54 79 b
1 2 4 8 16 24 25 50 75 79 b
1 2 4 8 16 24 26 27 52 79 a
1 2 4 8 16 24 26 27 53 79 b
1 2 4 8 16 24 26 52 53 79 b
1 2 4 8 16 24 26 52 78 79 b
