1 2 3 5 10 15 30 60 b
1 2 3 5 10 20 30 60 b
1 2 3 5 10 20 40 60 b
1 2 3 6 9 15 30 60 b
1 2 3 6 12 15 30 60 b
1 2 3 6 12 18 30 60 b
1 2 3 6 12 24 30 60 b
1 2 3 6 12 24 36 60 b
1 2 3 6 12 24 48 60 b
1 2 4 5 10 15 30 60 b
1 2 4 5 10 20 30 60 b
1 2 4 5 10 20 40 60 b
1 2 4 6 10 20 30 60 b
1 2 4 6 10 20 40 60 b
1 2 4 6 12 18 30 60 b
1 2 4 6 12 24 30 60 b
1 2 4 6 12 24 36 60 b
1 2 4 6 12 24 48 60 b
1 2 4 8 10 20 30 60 b
1 2 4 8 10 20 40 60 b
1 2 4 8 12 20 40 60 b
1 2 4 8 12 24 36 60 b
1 2 4 8 12 24 48 60 b
1 2 4 8 16 20 40 60 b
