1 2 3 5 6 12 24 29 53 b
1 2 3 5 6 12 24 48 53 b
1 2 3 5 7 12 24 29 53 b
1 2 3 5 7 12 24 48 53 b
1 2 3 5 8 13 26 27 53 b
1 2 3 5 8 13 26 52 53 b
1 2 3 5 8 16 21 32 53 a
1 2 3 5 8 16 21 37 53 b
1 2 3 5 8 16 24 29 53 b
1 2 3 5 8 16 24 48 53 b
1 2 3 5 8 16 32 37 53 b
1 2 3 5 8 16 32 48 53 b
1 2 3 5 10 11 21 32 53 b
1 2 3 5 10 11 21 42 53 b
1 2 3 5 10 12 24 29 53 b
1 2 3 5 10 12 24 48 53 b
1 2 3 5 10 13 20 33 53 a
1 2 3 5 10 13 20 40 53 a
1 2 3 5 10 13 26 27 53 b
1 2 3 5 10 13 26 52 53 b
1 2 3 5 10 15 25 28 53 b
1 2 3 5 10 15 25 50 53 b
1 2 3 5 10 20 23 30 53 a
1 2 3 5 10 20 23 33 53 b
1 2 3 5 10 20 23 43 53 b
1 2 3 5 10 20 25 28 53 b
1 2 3 5 10 20 25 50 53 b
1 2 3 5 10 20 30 33 53 b
1 2 3 5 10 20 30 50 53 b
1 2 3 5 10 20 40 43 53 b
1 2 3 5 10 20 40 50 53 b
1 2 3 6 7 13 20 33 53 b
1 2 3 6 7 13 20 40 53 b
1 2 3 6 7 13 26 27 53 b
1 2 3 6 7 13 26 52 53 b
1 2 3 6 9 11 22 31 53 b
1 2 3 6 9 11 22 44 53 b
1 2 3 6 12 13 25 28 53 b
1 2 3 6 12 13 25 50 53 b
1 2 3 6 12 13 26 27 53 b
1 2 3 6 12 13 26 52 53 b
1 2 3 6 12 14 26 27 53 b
1 2 3 6 12 14 26 52 53 b
1 2 3 6 12 24 25 28 53 b
1 2 3 6 12 24 25 50 53 b
1 2 3 6 12 24 26 27 53 b
1 2 3 6 12 24 26 29 53 b
1 2 3 6 12 24 26 50 53 b
1 2 3 6 12 24 26 52 53 b
1 2 3 6 12 24 27 29 53 b
1 2 3 6 12 24 27 51 53 b
1 2 3 6 12 24 48 50 53 b
1 2 3 6 12 24 48 51 53 b
1 2 4 5 6 12 24 29 53 b
1 2 4 5 6 12 24 48 53 b
1 2 4 5 7 12 24 29 53 b
1 2 4 5 7 12 24 48 53 b
1 2 4 5 8 12 24 29 53 a
1 2 4 5 8 12 24 48 53 a
1 2 4 5 8 13 26 27 53 a
1 2 4 5 8 13 26 52 53 a
1 2 4 5 8 16 21 32 53 a
1 2 4 5 8 16 21 37 53 a
1 2 4 5 8 16 24 29 53 a
1 2 4 5 8 16 24 48 53 a
1 2 4 5 8 16 32 37 53 a
1 2 4 5 8 16 32 48 53 a
1 2 4 5 9 11 22 31 53 b
1 2 4 5 9 11 22 44 53 b
1 2 4 5 9 13 22 31 53 b
1 2 4 5 9 13 22 44 53 b
1 2 4 5 9 13 26 27 53 b
1 2 4 5 9 13 26 52 53 b
1 2 4 5 9 18 22 31 53 b
1 2 4 5 9 18 22 44 53 b
1 2 4 5 10 11 21 32 53 b
1 2 4 5 10 11 21 42 53 b
1 2 4 5 10 12 24 29 53 b
1 2 4 5 10 12 24 48 53 b
1 2 4 5 10 14 24 29 53 b
1 2 4 5 10 14 24 48 53 b
1 2 4 5 10 15 19 34 53 b
1 2 4 5 10 15 19 38 53 b
1 2 4 5 10 20 24 29 53 b
1 2 4 5 10 20 24 48 53 b
1 2 4 6 7 13 20 33 53 b
1 2 4 6 7 13 20 40 53 b
1 2 4 6 7 13 26 27 53 b
1 2 4 6 7 13 26 52 53 b
1 2 4 6 10 11 21 32 53 b
1 2 4 6 10 11 21 42 53 b
1 2 4 6 10 16 26 27 53 b
1 2 4 6 10 16 26 52 53 b
1 2 4 6 10 20 26 27 53 b
1 2 4 6 10 20 26 52 53 b
1 2 4 6 12 13 26 27 53 b
1 2 4 6 12 13 26 52 53 b
1 2 4 6 12 14 26 27 53 b
1 2 4 6 12 14 26 52 53 b
1 2 4 6 12 24 25 28 53 a
1 2 4 6 12 24 25 29 53 b
1 2 4 6 12 24 25 49 53 b
1 2 4 6 12 24 26 27 53 b
1 2 4 6 12 24 26 52 53 b
1 2 4 6 12 24 28 29 53 b
1 2 4 6 12 24 28 52 53 b
1 2 4 6 12 24 48 49 53 b
1 2 4 6 12 24 48 52 53 b
1 2 4 8 9 11 22 31 53 b
1 2 4 8 9 11 22 44 53 b
1 2 4 8 9 13 22 31 53 b
1 2 4 8 9 13 22 44 53 b
1 2 4 8 9 13 26 27 53 b
1 2 4 8 9 13 26 52 53 b
1 2 4 8 9 17 18 35 53 b
1 2 4 8 9 17 18 36 53 b
1 2 4 8 9 17 19 34 53 a
1 2 4 8 9 17 19 36 53 b
1 2 4 8 9 17 26 27 53 b
1 2 4 8 9 17 26 52 53 b
1 2 4 8 9 17 34 36 53 b
1 2 4 8 9 17 34 51 53 b
1 2 4 8 9 18 22 31 53 b
1 2 4 8 9 18 22 44 53 b
1 2 4 8 9 18 26 27 53 b
1 2 4 8 9 18 26 35 53 b
1 2 4 8 9 18 26 44 53 b
1 2 4 8 9 18 26 52 53 b
1 2 4 8 9 18 27 35 53 b
1 2 4 8 9 18 27 45 53 b
1 2 4 8 9 18 36 44 53 b
1 2 4 8 9 18 36 45 53 b
1 2 4 8 10 11 21 32 53 b
1 2 4 8 10 11 21 42 53 b
1 2 4 8 10 16 26 27 53 a
1 2 4 8 10 16 26 52 53 a
1 2 4 8 10 18 26 27 53 b
1 2 4 8 10 18 26 52 53 b
1 2 4 8 12 13 20 33 53 a
1 2 4 8 12 13 20 40 53 a
1 2 4 8 12 13 26 27 53 b
1 2 4 8 12 13 26 52 53 b
1 2 4 8 12 14 26 27 53 b
1 2 4 8 12 14 26 52 53 b
1 2 4 8 12 20 21 32 53 a
1 2 4 8 12 20 21 33 53 b
1 2 4 8 12 20 21 41 53 b
1 2 4 8 12 20 32 33 53 b
1 2 4 8 12 20 32 52 53 b
1 2 4 8 12 20 40 41 53 b
1 2 4 8 12 20 40 52 53 b
1 2 4 8 12 24 25 28 53 a
1 2 4 8 12 24 25 29 53 b
1 2 4 8 12 24 25 49 53 b
1 2 4 8 12 24 26 27 53 b
1 2 4 8 12 24 26 52 53 b
1 2 4 8 12 24 28 29 53 b
1 2 4 8 12 24 28 52 53 b
1 2 4 8 12 24 48 49 53 b
1 2 4 8 12 24 48 52 53 b
1 2 4 8 16 17 18 35 53 b
1 2 4 8 16 17 18 36 53 b
1 2 4 8 16 17 19 34 53 a
1 2 4 8 16 17 19 36 53 b
1 2 4 8 16 17 20 33 53 a
1 2 4 8 16 17 20 36 53 a
1 2 4 8 16 17 20 37 53 a
1 2 4 8 16 17 21 32 53 a
1 2 4 8 16 17 21 37 53 b
1 2 4 8 16 17 32 36 53 a
1 2 4 8 16 17 32 49 53 a
1 2 4 8 16 17 33 37 53 b
1 2 4 8 16 17 33 49 53 b
1 2 4 8 16 17 34 36 53 b
1 2 4 8 16 17 34 51 53 b
1 2 4 8 16 18 19 34 53 a
1 2 4 8 16 18 19 35 53 b
1 2 4 8 16 18 19 37 53 b
1 2 4 8 16 18 26 27 53 b
1 2 4 8 16 18 26 52 53 b
1 2 4 8 16 18 34 35 53 b
1 2 4 8 16 18 34 52 53 b
1 2 4 8 16 18 36 37 53 b
1 2 4 8 16 18 36 52 53 b
1 2 4 8 16 20 21 32 53 a
1 2 4 8 16 20 21 37 53 b
1 2 4 8 16 20 32 33 53 a
1 2 4 8 16 20 32 52 53 a
1 2 4 8 16 20 36 37 53 b
1 2 4 8 16 20 36 52 53 b
1 2 4 8 16 24 25 28 53 a
1 2 4 8 16 24 25 29 53 b
1 2 4 8 16 24 25 49 53 b
1 2 4 8 16 24 26 27 53 b
1 2 4 8 16 24 26 52 53 b
1 2 4 8 16 24 28 29 53 b
1 2 4 8 16 24 28 52 53 b
1 2 4 8 16 24 48 49 53 b
1 2 4 8 16 24 48 52 53 b
1 2 4 8 16 32 33 37 53 b
1 2 4 8 16 32 33 49 53 b
1 2 4 8 16 32 36 37 53 b
1 2 4 8 16 32 36 52 53 b
1 2 4 8 16 32 48 49 53 b
1 2 4 8 16 32 48 52 53 b
