1 2 3 4 7 10 20 27 47 94 b
1 2 3 4 7 10 20 40 47 94 b
1 2 3 4 7 11 18 29 47 94 b
1 2 3 4 7 11 18 36 47 94 b
1 2 3 4 7 11 22 25 47 94 b
1 2 3 4 7 11 22 44 47 94 b
1 2 3 4 8 11 22 25 47 94 b
1 2 3 4 8 11 22 44 47 94 b
1 2 3 5 6 11 22 25 47 94 b
1 2 3 5 6 11 22 44 47 94 b
1 2 3 5 6 11 22 44 50 94 b
1 2 3 5 6 11 22 44 88 94 b
1 2 3 5 7 10 20 27 47 94 b
1 2 3 5 7 10 20 40 47 94 b
1 2 3 5 7 14 19 28 47 94 a
1 2 3 5 7 14 19 33 47 94 b
1 2 3 5 7 14 21 26 47 94 b
1 2 3 5 7 14 21 42 47 94 b
1 2 3 5 7 14 28 33 47 94 b
1 2 3 5 7 14 28 33 61 94 b
1 2 3 5 7 14 28 33 66 94 b
1 2 3 5 7 14 28 42 47 94 b
1 2 3 5 8 11 22 25 47 94 b
1 2 3 5 8 11 22 44 47 94 b
1 2 3 5 8 13 21 26 47 94 b
1 2 3 5 8 13 21 34 47 94 b
1 2 3 5 8 13 21 42 47 94 b
1 2 3 5 8 13 26 34 47 94 b
1 2 3 5 8 13 26 34 60 94 b
1 2 3 5 8 13 26 34 68 94 b
1 2 3 5 8 13 26 39 47 94 b
1 2 3 5 8 16 21 26 47 94 b
1 2 3 5 8 16 21 42 47 94 b
1 2 3 5 10 11 21 26 47 94 b
1 2 3 5 10 11 21 42 47 94 b
1 2 3 5 10 11 21 42 52 94 b
1 2 3 5 10 11 21 42 84 94 b
1 2 3 5 10 11 22 25 47 94 b
1 2 3 5 10 11 22 44 47 94 b
1 2 3 5 10 12 22 25 47 94 b
1 2 3 5 10 12 22 44 47 94 b
1 2 3 5 10 13 23 24 47 94 b
1 2 3 5 10 13 23 46 47 94 b
1 2 3 5 10 13 23 46 48 94 b
1 2 3 5 10 13 23 46 92 94 b
1 2 3 5 10 15 16 31 47 94 b
1 2 3 5 10 15 16 32 47 94 b
1 2 3 5 10 15 17 30 47 94 a
1 2 3 5 10 15 17 32 47 94 b
1 2 3 5 10 15 30 32 47 94 b
1 2 3 5 10 15 30 32 62 94 b
1 2 3 5 10 15 30 32 64 94 b
1 2 3 5 10 15 30 45 47 94 b
1 2 3 5 10 20 21 26 47 94 b
1 2 3 5 10 20 21 42 47 94 b
1 2 3 5 10 20 21 42 52 94 b
1 2 3 5 10 20 21 42 84 94 b
1 2 3 5 10 20 22 25 47 94 b
1 2 3 5 10 20 22 27 47 94 b
1 2 3 5 10 20 22 42 47 94 b
1 2 3 5 10 20 22 42 52 94 b
1 2 3 5 10 20 22 42 84 94 b
1 2 3 5 10 20 22 44 47 94 b
1 2 3 5 10 20 23 24 47 94 b
1 2 3 5 10 20 23 46 47 94 b
1 2 3 5 10 20 23 46 48 94 b
1 2 3 5 10 20 23 46 92 94 b
1 2 3 5 10 20 25 27 47 94 b
1 2 3 5 10 20 25 45 47 94 b
1 2 3 5 10 20 30 32 62 94 b
1 2 3 5 10 20 30 32 64 94 b
1 2 3 5 10 20 40 42 47 94 b
1 2 3 5 10 20 40 42 52 94 b
1 2 3 5 10 20 40 42 84 94 b
1 2 3 5 10 20 40 45 47 94 b
1 2 3 6 7 10 20 27 47 94 b
1 2 3 6 7 10 20 40 47 94 b
1 2 3 6 7 13 20 27 47 94 b
1 2 3 6 7 13 20 40 47 94 b
1 2 3 6 7 14 20 27 47 94 b
1 2 3 6 7 14 20 40 47 94 b
1 2 3 6 7 14 20 40 54 94 b
1 2 3 6 7 14 20 40 80 94 b
1 2 3 6 8 11 22 25 47 94 b
1 2 3 6 8 11 22 44 47 94 b
1 2 3 6 8 11 22 44 50 94 b
1 2 3 6 8 11 22 44 88 94 b
1 2 3 6 8 14 20 40 54 94 b
1 2 3 6 8 14 20 40 80 94 b
1 2 3 6 8 14 22 25 47 94 b
1 2 3 6 8 14 22 36 58 94 b
1 2 3 6 8 14 22 36 72 94 b
1 2 3 6 8 14 22 44 47 94 b
1 2 3 6 8 14 22 44 50 94 b
1 2 3 6 8 14 22 44 88 94 b
1 2 3 6 8 16 22 25 47 94 b
1 2 3 6 8 16 22 44 47 94 b
1 2 3 6 8 16 22 44 50 94 b
1 2 3 6 8 16 22 44 88 94 b
1 2 3 6 9 10 19 28 47 94 b
1 2 3 6 9 10 19 38 47 94 b
1 2 3 6 9 11 18 29 47 94 a
1 2 3 6 9 11 18 36 47 94 a
1 2 3 6 9 11 22 25 47 94 b
1 2 3 6 9 11 22 44 47 94 b
1 2 3 6 9 11 22 44 50 94 b
1 2 3 6 9 11 22 44 88 94 b
1 2 3 6 9 15 16 31 47 94 b
1 2 3 6 9 15 16 32 47 94 b
1 2 3 6 9 15 17 30 47 94 a
1 2 3 6 9 15 17 32 47 94 b
1 2 3 6 9 15 30 32 47 94 b
1 2 3 6 9 15 30 32 62 94 b
1 2 3 6 9 15 30 32 64 94 b
1 2 3 6 9 15 30 45 47 94 b
1 2 3 6 9 18 19 28 47 94 b
1 2 3 6 9 18 19 38 47 94 b
1 2 3 6 9 18 19 38 56 94 b
1 2 3 6 9 18 19 38 76 94 b
1 2 3 6 9 18 20 27 47 94 a
1 2 3 6 9 18 20 29 47 94 b
1 2 3 6 9 18 20 38 47 94 b
1 2 3 6 9 18 20 38 56 94 b
1 2 3 6 9 18 20 38 76 94 b
1 2 3 6 9 18 27 29 47 94 b
1 2 3 6 9 18 27 45 47 94 b
1 2 3 6 9 18 36 38 47 94 b
1 2 3 6 9 18 36 38 56 94 b
1 2 3 6 9 18 36 38 76 94 b
1 2 3 6 9 18 36 45 47 94 b
1 2 3 6 12 14 20 40 54 94 b
1 2 3 6 12 14 20 40 80 94 b
1 2 3 6 12 14 26 40 54 94 b
1 2 3 6 12 14 26 40 80 94 b
1 2 3 6 12 14 28 40 54 94 b
1 2 3 6 12 14 28 40 80 94 b
1 2 3 6 12 15 16 31 47 94 b
1 2 3 6 12 15 16 32 47 94 b
1 2 3 6 12 15 17 30 47 94 a
1 2 3 6 12 15 17 32 47 94 b
1 2 3 6 12 15 30 32 47 94 b
1 2 3 6 12 15 30 32 62 94 b
1 2 3 6 12 15 30 32 64 94 b
1 2 3 6 12 15 30 45 47 94 b
1 2 3 6 12 18 19 38 56 94 b
1 2 3 6 12 18 19 38 76 94 b
1 2 3 6 12 18 20 38 56 94 b
1 2 3 6 12 18 20 38 76 94 b
1 2 3 6 12 18 30 32 62 94 b
1 2 3 6 12 18 30 32 64 94 b
1 2 3 6 12 18 36 38 56 94 b
1 2 3 6 12 18 36 38 76 94 b
1 2 3 6 12 24 30 32 62 94 b
1 2 3 6 12 24 30 32 64 94 b
1 2 4 5 6 11 22 44 50 94 b
1 2 4 5 6 11 22 44 88 94 b
1 2 4 5 7 10 20 27 47 94 a
1 2 4 5 7 10 20 40 47 94 a
1 2 4 5 7 11 18 29 47 94 b
1 2 4 5 7 11 18 36 47 94 b
1 2 4 5 7 14 19 28 47 94 a
1 2 4 5 7 14 19 33 47 94 b
1 2 4 5 7 14 21 26 47 94 b
1 2 4 5 7 14 21 42 47 94 b
1 2 4 5 7 14 28 33 47 94 b
1 2 4 5 7 14 28 33 61 94 b
1 2 4 5 7 14 28 33 66 94 b
1 2 4 5 7 14 28 42 47 94 b
1 2 4 5 8 13 17 30 47 94 a
1 2 4 5 8 13 17 34 47 94 a
1 2 4 5 8 13 21 26 47 94 a
1 2 4 5 8 13 21 34 47 94 a
1 2 4 5 8 13 21 42 47 94 a
1 2 4 5 8 13 26 34 47 94 a
1 2 4 5 8 13 26 34 60 94 a
1 2 4 5 8 13 26 34 68 94 a
1 2 4 5 8 13 26 39 47 94 a
1 2 4 5 8 16 21 26 47 94 a
1 2 4 5 8 16 21 42 47 94 a
1 2 4 5 9 10 19 28 47 94 b
1 2 4 5 9 10 19 38 47 94 b
1 2 4 5 9 11 18 29 47 94 a
1 2 4 5 9 11 18 36 47 94 a
1 2 4 5 9 13 17 30 47 94 b
1 2 4 5 9 13 17 34 47 94 b
1 2 4 5 9 14 19 28 47 94 b
1 2 4 5 9 14 19 33 47 94 b
1 2 4 5 9 14 19 38 47 94 b
1 2 4 5 9 14 23 24 47 94 b
1 2 4 5 9 14 23 46 47 94 b
1 2 4 5 9 14 23 46 48 94 b
1 2 4 5 9 14 23 46 92 94 b
1 2 4 5 9 14 28 33 47 94 b
1 2 4 5 9 14 28 33 61 94 b
1 2 4 5 9 14 28 33 66 94 b
1 2 4 5 9 14 28 42 47 94 b
1 2 4 5 9 18 19 28 47 94 b
1 2 4 5 9 18 19 38 47 94 b
1 2 4 5 9 18 19 38 56 94 b
1 2 4 5 9 18 19 38 76 94 b
1 2 4 5 9 18 20 27 47 94 a
1 2 4 5 9 18 20 29 47 94 b
1 2 4 5 9 18 20 38 47 94 b
1 2 4 5 9 18 20 38 56 94 b
1 2 4 5 9 18 20 38 76 94 b
1 2 4 5 9 18 22 36 58 94 a
1 2 4 5 9 18 22 36 72 94 a
1 2 4 5 9 18 23 24 47 94 b
1 2 4 5 9 18 23 46 47 94 b
1 2 4 5 9 18 23 46 48 94 b
1 2 4 5 9 18 23 46 92 94 b
1 2 4 5 9 18 27 29 47 94 b
1 2 4 5 9 18 27 45 47 94 b
1 2 4 5 9 18 27 45 49 94 b
1 2 4 5 9 18 27 45 90 94 b
1 2 4 5 9 18 36 38 47 94 b
1 2 4 5 9 18 36 38 56 94 b
1 2 4 5 9 18 36 38 76 94 b
1 2 4 5 9 18 36 40 54 94 a
1 2 4 5 9 18 36 40 58 94 b
1 2 4 5 9 18 36 40 76 94 b
1 2 4 5 9 18 36 45 47 94 b
1 2 4 5 9 18 36 45 49 94 b
1 2 4 5 9 18 36 45 90 94 b
1 2 4 5 9 18 36 54 58 94 b
1 2 4 5 9 18 36 54 90 94 b
1 2 4 5 9 18 36 72 76 94 b
1 2 4 5 9 18 36 72 90 94 b
1 2 4 5 10 11 21 26 47 94 b
1 2 4 5 10 11 21 42 47 94 b
1 2 4 5 10 11 21 42 52 94 b
1 2 4 5 10 11 21 42 84 94 b
1 2 4 5 10 14 19 28 47 94 a
1 2 4 5 10 14 19 33 47 94 b
1 2 4 5 10 14 20 40 54 94 a
1 2 4 5 10 14 20 40 80 94 a
1 2 4 5 10 14 28 33 47 94 b
1 2 4 5 10 14 28 33 61 94 b
1 2 4 5 10 14 28 33 66 94 b
1 2 4 5 10 14 28 38 56 94 a
1 2 4 5 10 14 28 38 66 94 b
1 2 4 5 10 14 28 42 47 94 b
1 2 4 5 10 14 28 42 52 94 b
1 2 4 5 10 14 28 42 84 94 b
1 2 4 5 10 14 28 56 66 94 b
1 2 4 5 10 14 28 56 84 94 b
1 2 4 5 10 15 16 31 47 94 b
1 2 4 5 10 15 16 32 47 94 b
1 2 4 5 10 15 17 30 47 94 a
1 2 4 5 10 15 17 32 47 94 b
1 2 4 5 10 15 30 32 47 94 b
1 2 4 5 10 15 30 32 62 94 b
1 2 4 5 10 15 30 32 64 94 b
1 2 4 5 10 15 30 34 60 94 a
1 2 4 5 10 15 30 34 64 94 b
1 2 4 5 10 15 30 45 47 94 b
1 2 4 5 10 15 30 45 49 94 b
1 2 4 5 10 15 30 45 90 94 b
1 2 4 5 10 15 30 60 64 94 b
1 2 4 5 10 15 30 60 90 94 b
1 2 4 5 10 20 21 26 47 94 b
1 2 4 5 10 20 21 42 47 94 b
1 2 4 5 10 20 21 42 52 94 b
1 2 4 5 10 20 21 42 84 94 b
1 2 4 5 10 20 22 25 47 94 a
1 2 4 5 10 20 22 27 47 94 b
1 2 4 5 10 20 22 42 47 94 b
1 2 4 5 10 20 22 42 52 94 b
1 2 4 5 10 20 22 42 84 94 b
1 2 4 5 10 20 25 27 47 94 b
1 2 4 5 10 20 25 45 47 94 b
1 2 4 5 10 20 25 45 49 94 b
1 2 4 5 10 20 25 45 90 94 b
1 2 4 5 10 20 30 32 62 94 b
1 2 4 5 10 20 30 32 64 94 b
1 2 4 5 10 20 30 34 60 94 a
1 2 4 5 10 20 30 34 64 94 b
1 2 4 5 10 20 30 60 64 94 b
1 2 4 5 10 20 30 60 90 94 b
1 2 4 5 10 20 40 42 47 94 b
1 2 4 5 10 20 40 42 52 94 b
1 2 4 5 10 20 40 42 84 94 b
1 2 4 5 10 20 40 44 50 94 a
1 2 4 5 10 20 40 44 54 94 b
1 2 4 5 10 20 40 44 84 94 b
1 2 4 5 10 20 40 45 47 94 b
1 2 4 5 10 20 40 45 49 94 b
1 2 4 5 10 20 40 45 90 94 b
1 2 4 5 10 20 40 50 54 94 b
1 2 4 5 10 20 40 50 90 94 b
1 2 4 5 10 20 40 80 84 94 b
1 2 4 5 10 20 40 80 90 94 b
1 2 4 6 7 10 20 27 47 94 a
1 2 4 6 7 10 20 40 47 94 a
1 2 4 6 7 11 18 29 47 94 b
1 2 4 6 7 11 18 36 47 94 b
1 2 4 6 7 11 22 44 50 94 b
1 2 4 6 7 11 22 44 88 94 b
1 2 4 6 7 13 17 30 47 94 b
1 2 4 6 7 13 17 34 47 94 b
1 2 4 6 7 13 20 27 47 94 b
1 2 4 6 7 13 20 40 47 94 b
1 2 4 6 7 14 20 27 47 94 b
1 2 4 6 7 14 20 40 47 94 b
1 2 4 6 7 14 20 40 54 94 b
1 2 4 6 7 14 20 40 80 94 b
1 2 4 6 8 14 20 40 54 94 b
1 2 4 6 8 14 20 40 80 94 b
1 2 4 6 8 14 22 36 58 94 b
1 2 4 6 8 14 22 36 72 94 b
1 2 4 6 8 14 22 44 50 94 b
1 2 4 6 8 14 22 44 88 94 b
1 2 4 6 8 16 22 44 50 94 b
1 2 4 6 8 16 22 44 88 94 b
1 2 4 6 10 11 21 42 52 94 b
1 2 4 6 10 11 21 42 84 94 b
1 2 4 6 10 11 22 44 50 94 b
1 2 4 6 10 11 22 44 88 94 b
1 2 4 6 10 12 22 44 50 94 b
1 2 4 6 10 12 22 44 88 94 b
1 2 4 6 10 14 20 40 54 94 b
1 2 4 6 10 14 20 40 80 94 b
1 2 4 6 10 14 28 38 56 94 a
1 2 4 6 10 14 28 38 66 94 b
1 2 4 6 10 14 28 42 52 94 b
1 2 4 6 10 14 28 42 84 94 b
1 2 4 6 10 14 28 56 66 94 b
1 2 4 6 10 14 28 56 84 94 b
1 2 4 6 10 16 22 44 50 94 b
1 2 4 6 10 16 22 44 88 94 b
1 2 4 6 10 16 26 42 52 94 b
1 2 4 6 10 16 26 42 68 94 b
1 2 4 6 10 16 26 42 84 94 b
1 2 4 6 10 16 26 52 68 94 b
1 2 4 6 10 16 26 52 78 94 b
1 2 4 6 10 16 32 42 52 94 b
1 2 4 6 10 16 32 42 84 94 b
1 2 4 6 10 20 21 26 47 94 a
1 2 4 6 10 20 21 27 47 94 b
1 2 4 6 10 20 21 41 47 94 b
1 2 4 6 10 20 21 42 52 94 b
1 2 4 6 10 20 21 42 84 94 b
1 2 4 6 10 20 22 42 52 94 b
1 2 4 6 10 20 22 42 84 94 b
1 2 4 6 10 20 22 44 50 94 b
1 2 4 6 10 20 22 44 88 94 b
1 2 4 6 10 20 24 44 50 94 b
1 2 4 6 10 20 24 44 88 94 b
1 2 4 6 10 20 26 27 47 94 b
1 2 4 6 10 20 26 46 47 94 b
1 2 4 6 10 20 26 46 48 94 b
1 2 4 6 10 20 26 46 92 94 b
1 2 4 6 10 20 30 32 62 94 b
1 2 4 6 10 20 30 32 64 94 b
1 2 4 6 10 20 30 34 60 94 a
1 2 4 6 10 20 30 34 64 94 b
1 2 4 6 10 20 30 60 64 94 b
1 2 4 6 10 20 30 60 90 94 b
1 2 4 6 10 20 40 41 47 94 b
1 2 4 6 10 20 40 42 52 94 b
1 2 4 6 10 20 40 42 84 94 b
1 2 4 6 10 20 40 44 50 94 b
1 2 4 6 10 20 40 44 54 94 b
1 2 4 6 10 20 40 44 84 94 b
1 2 4 6 10 20 40 44 88 94 b
1 2 4 6 10 20 40 46 47 94 b
1 2 4 6 10 20 40 46 48 94 b
1 2 4 6 10 20 40 46 92 94 b
1 2 4 6 10 20 40 50 54 94 b
1 2 4 6 10 20 40 50 90 94 b
1 2 4 6 10 20 40 80 84 94 b
1 2 4 6 10 20 40 80 90 94 b
1 2 4 6 12 13 17 30 47 94 b
1 2 4 6 12 13 17 34 47 94 b
1 2 4 6 12 14 20 40 54 94 b
1 2 4 6 12 14 20 40 80 94 b
1 2 4 6 12 14 26 40 54 94 b
1 2 4 6 12 14 26 40 80 94 b
1 2 4 6 12 14 28 40 54 94 b
1 2 4 6 12 14 28 40 80 94 b
1 2 4 6 12 16 22 44 50 94 b
1 2 4 6 12 16 22 44 88 94 b
1 2 4 6 12 16 28 44 50 94 b
1 2 4 6 12 16 28 44 88 94 b
1 2 4 6 12 16 32 44 50 94 b
1 2 4 6 12 16 32 44 88 94 b
1 2 4 6 12 18 19 38 56 94 b
1 2 4 6 12 18 19 38 76 94 b
1 2 4 6 12 18 20 38 56 94 b
1 2 4 6 12 18 20 38 76 94 b
1 2 4 6 12 18 22 36 58 94 a
1 2 4 6 12 18 22 36 72 94 a
1 2 4 6 12 18 22 44 50 94 b
1 2 4 6 12 18 22 44 88 94 b
1 2 4 6 12 18 30 32 62 94 b
1 2 4 6 12 18 30 32 64 94 b
1 2 4 6 12 18 30 34 60 94 a
1 2 4 6 12 18 30 34 64 94 b
1 2 4 6 12 18 30 60 64 94 b
1 2 4 6 12 18 30 60 90 94 b
1 2 4 6 12 18 36 38 56 94 b
1 2 4 6 12 18 36 38 76 94 b
1 2 4 6 12 18 36 40 54 94 a
1 2 4 6 12 18 36 40 58 94 b
1 2 4 6 12 18 36 40 76 94 b
1 2 4 6 12 18 36 54 58 94 b
1 2 4 6 12 18 36 54 90 94 b
1 2 4 6 12 18 36 72 76 94 b
1 2 4 6 12 18 36 72 90 94 b
1 2 4 6 12 24 30 32 62 94 b
1 2 4 6 12 24 30 32 64 94 b
1 2 4 6 12 24 30 34 60 94 a
1 2 4 6 12 24 30 34 64 94 b
1 2 4 6 12 24 30 60 64 94 b
1 2 4 6 12 24 30 60 90 94 b
1 2 4 8 9 10 19 28 47 94 b
1 2 4 8 9 10 19 38 47 94 b
1 2 4 8 9 11 18 29 47 94 a
1 2 4 8 9 11 18 36 47 94 a
1 2 4 8 9 11 19 28 47 94 b
1 2 4 8 9 11 19 38 47 94 b
1 2 4 8 9 13 17 30 47 94 b
1 2 4 8 9 13 17 34 47 94 b
1 2 4 8 9 13 21 26 47 94 a
1 2 4 8 9 13 21 34 47 94 b
1 2 4 8 9 13 26 34 47 94 b
1 2 4 8 9 13 26 34 60 94 b
1 2 4 8 9 13 26 34 68 94 b
1 2 4 8 9 13 26 39 47 94 b
1 2 4 8 9 17 19 28 47 94 b
1 2 4 8 9 17 19 38 47 94 b
1 2 4 8 9 17 21 26 47 94 a
1 2 4 8 9 17 21 30 47 94 b
1 2 4 8 9 17 21 38 47 94 b
1 2 4 8 9 17 26 30 47 94 b
1 2 4 8 9 17 26 34 60 94 b
1 2 4 8 9 17 26 34 68 94 b
1 2 4 8 9 17 26 43 47 94 b
1 2 4 8 9 17 26 43 51 94 b
1 2 4 8 9 17 26 43 86 94 b
1 2 4 8 9 17 34 38 47 94 b
1 2 4 8 9 17 34 43 47 94 b
1 2 4 8 9 17 34 43 51 94 b
1 2 4 8 9 17 34 43 60 94 b
1 2 4 8 9 17 34 43 77 94 b
1 2 4 8 9 17 34 43 86 94 b
1 2 4 8 9 17 34 51 60 94 b
1 2 4 8 9 17 34 51 85 94 b
1 2 4 8 9 17 34 68 77 94 b
1 2 4 8 9 17 34 68 85 94 b
1 2 4 8 9 18 19 28 47 94 b
1 2 4 8 9 18 19 38 47 94 b
1 2 4 8 9 18 19 38 56 94 b
1 2 4 8 9 18 19 38 76 94 b
1 2 4 8 9 18 20 27 47 94 a
1 2 4 8 9 18 20 29 47 94 b
1 2 4 8 9 18 20 38 47 94 b
1 2 4 8 9 18 20 38 56 94 b
1 2 4 8 9 18 20 38 76 94 b
1 2 4 8 9 18 22 36 58 94 a
1 2 4 8 9 18 22 36 72 94 a
1 2 4 8 9 18 26 34 60 94 b
1 2 4 8 9 18 26 34 68 94 b
1 2 4 8 9 18 27 29 47 94 b
1 2 4 8 9 18 27 45 47 94 b
1 2 4 8 9 18 27 45 49 94 b
1 2 4 8 9 18 27 45 90 94 b
1 2 4 8 9 18 36 38 47 94 b
1 2 4 8 9 18 36 38 56 94 b
1 2 4 8 9 18 36 38 76 94 b
1 2 4 8 9 18 36 40 54 94 a
1 2 4 8 9 18 36 40 58 94 b
1 2 4 8 9 18 36 40 76 94 b
1 2 4 8 9 18 36 45 47 94 b
1 2 4 8 9 18 36 45 49 94 b
1 2 4 8 9 18 36 45 90 94 b
1 2 4 8 9 18 36 54 58 94 b
1 2 4 8 9 18 36 54 90 94 b
1 2 4 8 9 18 36 72 76 94 b
1 2 4 8 9 18 36 72 90 94 b
1 2 4 8 10 11 18 29 47 94 a
1 2 4 8 10 11 18 36 47 94 a
1 2 4 8 10 11 21 42 52 94 b
1 2 4 8 10 11 21 42 84 94 b
1 2 4 8 10 14 20 40 54 94 a
1 2 4 8 10 14 20 40 80 94 a
1 2 4 8 10 14 22 36 58 94 b
1 2 4 8 10 14 22 36 72 94 b
1 2 4 8 10 14 28 38 56 94 a
1 2 4 8 10 14 28 38 66 94 b
1 2 4 8 10 14 28 42 52 94 b
1 2 4 8 10 14 28 42 84 94 b
1 2 4 8 10 14 28 56 66 94 b
1 2 4 8 10 14 28 56 84 94 b
1 2 4 8 10 16 26 34 60 94 a
1 2 4 8 10 16 26 34 68 94 a
1 2 4 8 10 16 26 42 52 94 a
1 2 4 8 10 16 26 42 68 94 a
1 2 4 8 10 16 26 42 84 94 a
1 2 4 8 10 16 26 52 68 94 a
1 2 4 8 10 16 26 52 78 94 a
1 2 4 8 10 16 32 42 52 94 a
1 2 4 8 10 16 32 42 84 94 a
1 2 4 8 10 18 19 28 47 94 a
1 2 4 8 10 18 19 29 47 94 b
1 2 4 8 10 18 19 37 47 94 b
1 2 4 8 10 18 19 38 56 94 b
1 2 4 8 10 18 19 38 76 94 b
1 2 4 8 10 18 20 38 56 94 b
1 2 4 8 10 18 20 38 76 94 b
1 2 4 8 10 18 22 36 58 94 a
1 2 4 8 10 18 22 36 72 94 a
1 2 4 8 10 18 26 34 60 94 b
1 2 4 8 10 18 26 34 68 94 b
1 2 4 8 10 18 28 29 47 94 b
1 2 4 8 10 18 28 38 56 94 b
1 2 4 8 10 18 28 38 66 94 b
1 2 4 8 10 18 28 38 76 94 b
1 2 4 8 10 18 28 46 47 94 b
1 2 4 8 10 18 28 46 48 94 b
1 2 4 8 10 18 28 46 92 94 b
1 2 4 8 10 18 28 56 66 94 b
1 2 4 8 10 18 28 56 84 94 b
1 2 4 8 10 18 36 37 47 94 b
1 2 4 8 10 18 36 38 56 94 b
1 2 4 8 10 18 36 38 76 94 b
1 2 4 8 10 18 36 40 54 94 a
1 2 4 8 10 18 36 40 58 94 b
1 2 4 8 10 18 36 40 76 94 b
1 2 4 8 10 18 36 46 47 94 b
1 2 4 8 10 18 36 46 48 94 b
1 2 4 8 10 18 36 46 92 94 b
1 2 4 8 10 18 36 54 58 94 b
1 2 4 8 10 18 36 54 90 94 b
1 2 4 8 10 18 36 72 76 94 b
1 2 4 8 10 18 36 72 90 94 b
1 2 4 8 10 20 21 42 52 94 b
1 2 4 8 10 20 21 42 84 94 b
1 2 4 8 10 20 22 42 52 94 b
1 2 4 8 10 20 22 42 84 94 b
1 2 4 8 10 20 28 38 56 94 a
1 2 4 8 10 20 28 38 66 94 b
1 2 4 8 10 20 28 56 66 94 b
1 2 4 8 10 20 28 56 84 94 b
1 2 4 8 10 20 30 32 62 94 b
1 2 4 8 10 20 30 32 64 94 b
1 2 4 8 10 20 30 34 60 94 a
1 2 4 8 10 20 30 34 64 94 b
1 2 4 8 10 20 30 60 64 94 b
1 2 4 8 10 20 30 60 90 94 b
1 2 4 8 10 20 40 42 52 94 b
1 2 4 8 10 20 40 42 84 94 b
1 2 4 8 10 20 40 44 50 94 a
1 2 4 8 10 20 40 44 54 94 b
1 2 4 8 10 20 40 44 84 94 b
1 2 4 8 10 20 40 50 54 94 b
1 2 4 8 10 20 40 50 90 94 b
1 2 4 8 10 20 40 80 84 94 b
1 2 4 8 10 20 40 80 90 94 b
1 2 4 8 12 13 17 30 47 94 b
1 2 4 8 12 13 17 34 47 94 b
1 2 4 8 12 13 21 26 47 94 a
1 2 4 8 12 13 21 34 47 94 b
1 2 4 8 12 13 26 34 47 94 b
1 2 4 8 12 13 26 34 60 94 b
1 2 4 8 12 13 26 34 68 94 b
1 2 4 8 12 13 26 39 47 94 b
1 2 4 8 12 14 20 40 54 94 a
1 2 4 8 12 14 20 40 80 94 a
1 2 4 8 12 14 22 36 58 94 b
1 2 4 8 12 14 22 36 72 94 b
1 2 4 8 12 14 26 34 60 94 b
1 2 4 8 12 14 26 34 68 94 b
1 2 4 8 12 14 26 40 54 94 b
1 2 4 8 12 14 26 40 80 94 b
1 2 4 8 12 14 28 40 54 94 b
1 2 4 8 12 14 28 40 80 94 b
1 2 4 8 12 20 21 41 53 94 b
1 2 4 8 12 20 21 41 82 94 b
1 2 4 8 12 20 40 41 53 94 b
1 2 4 8 12 20 40 41 82 94 b
1 2 4 8 12 20 40 42 52 94 a
1 2 4 8 12 20 40 42 54 94 b
1 2 4 8 12 20 40 42 82 94 b
1 2 4 8 12 20 40 52 54 94 b
1 2 4 8 12 20 40 52 92 94 b
1 2 4 8 12 20 40 80 82 94 b
1 2 4 8 12 20 40 80 92 94 b
1 2 4 8 12 24 26 34 60 94 b
1 2 4 8 12 24 26 34 68 94 b
1 2 4 8 16 17 20 37 57 94 a
1 2 4 8 16 17 20 37 74 94 a
1 2 4 8 16 18 19 38 56 94 b
1 2 4 8 16 18 19 38 76 94 b
1 2 4 8 16 18 20 38 56 94 b
1 2 4 8 16 18 20 38 76 94 b
1 2 4 8 16 18 22 36 58 94 a
1 2 4 8 16 18 22 36 72 94 a
1 2 4 8 16 18 22 38 56 94 b
1 2 4 8 16 18 22 38 76 94 b
1 2 4 8 16 18 26 34 60 94 b
1 2 4 8 16 18 26 34 68 94 b
1 2 4 8 16 18 26 42 52 94 a
1 2 4 8 16 18 26 42 68 94 b
1 2 4 8 16 18 26 52 68 94 b
1 2 4 8 16 18 26 52 78 94 b
1 2 4 8 16 18 34 38 56 94 b
1 2 4 8 16 18 34 38 76 94 b
1 2 4 8 16 18 34 42 52 94 a
1 2 4 8 16 18 34 42 60 94 b
1 2 4 8 16 18 34 42 76 94 b
1 2 4 8 16 18 34 52 60 94 b
1 2 4 8 16 18 34 52 86 94 b
1 2 4 8 16 18 34 68 76 94 b
1 2 4 8 16 18 34 68 86 94 b
1 2 4 8 16 18 36 38 56 94 b
1 2 4 8 16 18 36 38 76 94 b
1 2 4 8 16 18 36 40 54 94 a
1 2 4 8 16 18 36 40 58 94 b
1 2 4 8 16 18 36 40 76 94 b
1 2 4 8 16 18 36 54 58 94 b
1 2 4 8 16 18 36 54 90 94 b
1 2 4 8 16 18 36 72 76 94 b
1 2 4 8 16 18 36 72 90 94 b
1 2 4 8 16 20 21 37 57 94 b
1 2 4 8 16 20 21 37 74 94 b
1 2 4 8 16 20 22 36 58 94 a
1 2 4 8 16 20 22 36 72 94 a
1 2 4 8 16 20 36 37 57 94 b
1 2 4 8 16 20 36 37 74 94 b
1 2 4 8 16 20 36 38 56 94 a
1 2 4 8 16 20 36 38 58 94 b
1 2 4 8 16 20 36 38 74 94 b
1 2 4 8 16 20 36 56 58 94 b
1 2 4 8 16 20 36 56 92 94 b
1 2 4 8 16 20 36 72 74 94 b
1 2 4 8 16 20 36 72 92 94 b
1 2 4 8 16 24 26 34 60 94 b
1 2 4 8 16 24 26 34 68 94 b
1 2 4 8 16 24 26 42 52 94 a
1 2 4 8 16 24 26 42 68 94 b
1 2 4 8 16 24 26 52 68 94 b
1 2 4 8 16 24 26 52 78 94 b
