1 2 3 4 7 14 28 31 59 b
1 2 3 4 7 14 28 56 59 b
1 2 3 5 7 14 28 31 59 b
1 2 3 5 7 14 28 56 59 b
1 2 3 5 10 13 23 36 59 b
1 2 3 5 10 13 23 46 59 b
1 2 3 6 7 13 26 33 59 b
1 2 3 6 7 13 26 52 59 b
1 2 3 6 7 14 28 31 59 b
1 2 3 6 7 14 28 56 59 b
1 2 3 6 8 14 28 31 59 b
1 2 3 6 8 14 28 56 59 b
1 2 3 6 12 14 28 31 59 b
1 2 3 6 12 14 28 56 59 b
1 2 4 5 9 18 23 36 59 a
1 2 4 5 9 18 23 41 59 b
1 2 4 5 9 18 27 32 59 b
1 2 4 5 9 18 27 54 59 b
1 2 4 5 9 18 36 41 59 b
1 2 4 5 9 18 36 54 59 b
1 2 4 6 7 13 26 33 59 b
1 2 4 6 7 13 26 52 59 b
1 2 4 8 9 16 25 34 59 a
1 2 4 8 9 16 25 50 59 a
1 2 4 8 9 17 21 38 59 b
1 2 4 8 9 17 21 42 59 b
1 2 4 8 9 17 25 34 59 b
1 2 4 8 9 17 25 42 59 b
1 2 4 8 9 17 25 50 59 b
1 2 4 8 9 17 34 42 59 b
1 2 4 8 9 17 34 51 59 b
1 2 4 8 16 17 21 38 59 b
1 2 4 8 16 17 21 42 59 b
1 2 4 8 16 17 25 34 59 a
1 2 4 8 16 17 25 42 59 b
1 2 4 8 16 17 34 42 59 b
1 2 4 8 16 17 34 51 59 b
