1 2 3 5 8 13 26 39 78 b
1 2 3 5 8 13 26 52 78 b
1 2 3 5 10 13 26 39 78 b
1 2 3 5 10 13 26 52 78 b
1 2 3 6 7 13 26 39 78 b
1 2 3 6 7 13 26 52 78 b
1 2 3 6 9 15 24 39 78 b
1 2 3 6 9 15 30 39 78 b
1 2 3 6 9 18 21 39 78 b
1 2 3 6 9 18 36 39 78 b
1 2 3 6 9 18 36 42 78 b
1 2 3 6 9 18 36 72 78 b
1 2 3 6 12 13 26 39 78 b
1 2 3 6 12 13 26 52 78 b
1 2 3 6 12 14 26 52 78 b
1 2 3 6 12 15 24 39 78 a
1 2 3 6 12 15 27 39 78 b
1 2 3 6 12 18 21 39 78 b
1 2 3 6 12 18 30 48 78 b
1 2 3 6 12 18 30 60 78 b
1 2 3 6 12 18 36 39 78 b
1 2 3 6 12 18 36 42 78 b
1 2 3 6 12 18 36 72 78 b
1 2 3 6 12 24 26 52 78 b
1 2 3 6 12 24 27 39 78 b
1 2 3 6 12 24 27 51 78 b
1 2 3 6 12 24 27 54 78 b
1 2 3 6 12 24 30 48 78 a
1 2 3 6 12 24 30 54 78 b
1 2 3 6 12 24 36 39 78 b
1 2 3 6 12 24 36 42 78 b
1 2 3 6 12 24 36 72 78 b
1 2 3 6 12 24 48 54 78 b
1 2 3 6 12 24 48 72 78 b
1 2 4 5 8 13 26 39 78 a
1 2 4 5 8 13 26 52 78 a
1 2 4 5 9 13 26 39 78 b
1 2 4 5 9 13 26 52 78 b
1 2 4 6 7 13 26 39 78 b
1 2 4 6 7 13 26 52 78 b
1 2 4 6 10 16 26 52 78 b
1 2 4 6 10 20 26 52 78 b
1 2 4 6 12 13 26 39 78 b
1 2 4 6 12 13 26 52 78 b
1 2 4 6 12 14 26 52 78 b
1 2 4 6 12 18 30 48 78 b
1 2 4 6 12 18 30 60 78 b
1 2 4 6 12 18 36 42 78 b
1 2 4 6 12 18 36 72 78 b
1 2 4 6 12 24 26 52 78 b
1 2 4 6 12 24 30 48 78 a
1 2 4 6 12 24 30 54 78 b
1 2 4 6 12 24 36 42 78 b
1 2 4 6 12 24 36 72 78 b
1 2 4 6 12 24 48 54 78 b
1 2 4 6 12 24 48 72 78 b
1 2 4 8 9 13 26 39 78 b
1 2 4 8 9 13 26 52 78 b
1 2 4 8 9 17 26 52 78 b
1 2 4 8 9 18 26 52 78 b
1 2 4 8 10 16 26 52 78 a
1 2 4 8 10 18 26 52 78 b
1 2 4 8 12 13 26 39 78 b
1 2 4 8 12 13 26 52 78 b
1 2 4 8 12 14 26 52 78 b
1 2 4 8 12 24 26 52 78 b
1 2 4 8 16 18 26 52 78 b
1 2 4 8 16 24 26 52 78 b
