1 2 3 4 7 14 21 35 b
1 2 3 4 7 14 28 35 b
1 2 3 4 8 16 19 35 b
1 2 3 4 8 16 32 35 b
1 2 3 5 7 14 21 35 b
1 2 3 5 7 14 28 35 b
1 2 3 5 8 16 19 35 b
1 2 3 5 8 16 32 35 b
1 2 3 5 10 15 20 35 b
1 2 3 5 10 15 25 35 b
1 2 3 5 10 15 30 35 b
1 2 3 5 10 20 25 35 b
1 2 3 5 10 20 30 35 b
1 2 3 6 7 14 21 35 b
1 2 3 6 7 14 28 35 b
1 2 3 6 8 16 19 35 b
1 2 3 6 8 16 32 35 b
1 2 4 5 7 14 21 35 b
1 2 4 5 7 14 28 35 b
1 2 4 5 9 13 22 35 b
1 2 4 5 9 13 26 35 b
1 2 4 5 10 15 20 35 b
1 2 4 5 10 15 25 35 b
1 2 4 5 10 15 30 35 b
1 2 4 5 10 20 25 35 b
1 2 4 5 10 20 30 35 b
1 2 4 6 7 14 21 35 b
1 2 4 6 7 14 28 35 b
1 2 4 8 9 13 22 35 b
1 2 4 8 9 13 26 35 b
1 2 4 8 9 17 18 35 b
1 2 4 8 9 17 26 35 b
1 2 4 8 9 17 34 35 b
1 2 4 8 9 18 26 35 b
1 2 4 8 9 18 27 35 b
1 2 4 8 16 17 18 35 b
1 2 4 8 16 17 19 35 b
1 2 4 8 16 17 33 35 b
1 2 4 8 16 17 34 35 b
1 2 4 8 16 18 19 35 b
1 2 4 8 16 18 34 35 b
1 2 4 8 16 32 33 35 b
1 2 4 8 16 32 34 35 b
