1 2 3 4 7 10 17 34 68 75 143 b
1 2 3 4 7 10 17 34 68 136 143 b
1 2 3 4 7 11 22 33 55 88 143 b
1 2 3 4 7 11 22 33 55 110 143 b
1 2 3 4 7 11 22 33 66 77 143 b
1 2 3 4 7 11 22 33 66 132 143 b
1 2 3 4 7 11 22 44 55 88 143 a
1 2 3 4 7 11 22 44 55 99 143 b
1 2 3 4 7 11 22 44 66 77 143 b
1 2 3 4 7 11 22 44 66 132 143 b
1 2 3 4 7 11 22 44 88 99 143 b
1 2 3 4 7 11 22 44 88 132 143 b
1 2 3 4 7 14 17 34 68 75 143 b
1 2 3 4 7 14 17 34 68 136 143 b
1 2 3 4 7 14 21 35 70 73 143 b
1 2 3 4 7 14 21 35 70 140 143 b
1 2 3 4 7 14 28 29 57 86 143 b
1 2 3 4 7 14 28 29 57 114 143 b
1 2 3 4 7 14 28 31 56 87 143 a
1 2 3 4 7 14 28 31 56 112 143 a
1 2 3 4 7 14 28 35 70 73 143 b
1 2 3 4 7 14 28 35 70 140 143 b
1 2 3 4 7 14 28 42 70 73 143 b
1 2 3 4 7 14 28 42 70 140 143 b
1 2 3 4 7 14 28 56 59 84 143 a
1 2 3 4 7 14 28 56 59 87 143 b
1 2 3 4 7 14 28 56 59 115 143 b
1 2 3 4 7 14 28 56 70 73 143 b
1 2 3 4 7 14 28 56 70 140 143 b
1 2 3 4 7 14 28 56 84 87 143 b
1 2 3 4 7 14 28 56 84 140 143 b
1 2 3 4 7 14 28 56 112 115 143 b
1 2 3 4 7 14 28 56 112 140 143 b
1 2 3 4 8 11 22 33 55 88 143 b
1 2 3 4 8 11 22 33 55 110 143 b
1 2 3 4 8 11 22 33 66 77 143 b
1 2 3 4 8 11 22 33 66 132 143 b
1 2 3 4 8 11 22 44 55 88 143 a
1 2 3 4 8 11 22 44 55 99 143 b
1 2 3 4 8 11 22 44 66 77 143 b
1 2 3 4 8 11 22 44 66 132 143 b
1 2 3 4 8 11 22 44 88 99 143 b
1 2 3 4 8 11 22 44 88 132 143 b
1 2 3 4 8 16 19 35 54 89 143 b
1 2 3 4 8 16 19 35 54 108 143 b
1 2 3 4 8 16 19 35 70 73 143 b
1 2 3 4 8 16 19 35 70 140 143 b
1 2 3 4 8 16 32 35 70 73 143 b
1 2 3 4 8 16 32 35 70 140 143 b
1 2 3 5 6 11 22 33 55 88 143 b
1 2 3 5 6 11 22 33 55 110 143 b
1 2 3 5 6 11 22 33 66 77 143 b
1 2 3 5 6 11 22 33 66 132 143 b
1 2 3 5 6 11 22 44 55 88 143 a
1 2 3 5 6 11 22 44 55 99 143 b
1 2 3 5 6 11 22 44 66 77 143 b
1 2 3 5 6 11 22 44 66 132 143 b
1 2 3 5 6 11 22 44 88 99 143 b
1 2 3 5 6 11 22 44 88 132 143 b
1 2 3 5 7 10 17 34 68 75 143 b
1 2 3 5 7 10 17 34 68 136 143 b
1 2 3 5 7 12 17 34 68 75 143 b
1 2 3 5 7 12 17 34 68 136 143 b
1 2 3 5 7 12 19 31 62 81 143 b
1 2 3 5 7 12 19 31 62 124 143 b
1 2 3 5 7 14 17 34 68 75 143 b
1 2 3 5 7 14 17 34 68 136 143 b
1 2 3 5 7 14 21 35 70 73 143 b
1 2 3 5 7 14 21 35 70 140 143 b
1 2 3 5 7 14 28 29 57 86 143 b
1 2 3 5 7 14 28 29 57 114 143 b
1 2 3 5 7 14 28 31 56 87 143 a
1 2 3 5 7 14 28 31 56 112 143 a
1 2 3 5 7 14 28 35 70 73 143 b
1 2 3 5 7 14 28 35 70 140 143 b
1 2 3 5 7 14 28 42 70 73 143 b
1 2 3 5 7 14 28 42 70 140 143 b
1 2 3 5 7 14 28 56 59 84 143 a
1 2 3 5 7 14 28 56 59 87 143 b
1 2 3 5 7 14 28 56 59 115 143 b
1 2 3 5 7 14 28 56 70 73 143 b
1 2 3 5 7 14 28 56 70 140 143 b
1 2 3 5 7 14 28 56 84 87 143 b
1 2 3 5 7 14 28 56 84 140 143 b
1 2 3 5 7 14 28 56 112 115 143 b
1 2 3 5 7 14 28 56 112 140 143 b
1 2 3 5 8 11 22 33 55 88 143 b
1 2 3 5 8 11 22 33 55 110 143 b
1 2 3 5 8 11 22 33 66 77 143 b
1 2 3 5 8 11 22 33 66 132 143 b
1 2 3 5 8 11 22 44 55 88 143 a
1 2 3 5 8 11 22 44 55 99 143 b
1 2 3 5 8 11 22 44 66 77 143 b
1 2 3 5 8 11 22 44 66 132 143 b
1 2 3 5 8 11 22 44 88 99 143 b
1 2 3 5 8 11 22 44 88 132 143 b
1 2 3 5 8 13 26 39 52 91 143 b
1 2 3 5 8 13 26 39 52 104 143 b
1 2 3 5 8 13 26 39 65 78 143 b
1 2 3 5 8 13 26 39 65 104 143 b
1 2 3 5 8 13 26 39 65 130 143 b
1 2 3 5 8 13 26 39 78 104 143 b
1 2 3 5 8 13 26 39 78 117 143 b
1 2 3 5 8 13 26 52 65 78 143 b
1 2 3 5 8 13 26 52 65 91 143 b
1 2 3 5 8 13 26 52 65 117 143 b
1 2 3 5 8 13 26 52 65 130 143 b
1 2 3 5 8 13 26 52 78 91 143 b
1 2 3 5 8 13 26 52 78 130 143 b
1 2 3 5 8 13 26 52 104 117 143 b
1 2 3 5 8 13 26 52 104 130 143 b
1 2 3 5 8 16 19 35 54 89 143 b
1 2 3 5 8 16 19 35 54 108 143 b
1 2 3 5 8 16 19 35 70 73 143 b
1 2 3 5 8 16 19 35 70 140 143 b
1 2 3 5 8 16 21 37 53 90 143 b
1 2 3 5 8 16 21 37 53 106 143 b
1 2 3 5 8 16 32 35 70 73 143 b
1 2 3 5 8 16 32 35 70 140 143 b
1 2 3 5 8 16 32 37 53 90 143 b
1 2 3 5 8 16 32 37 53 106 143 b
1 2 3 5 8 16 32 37 69 74 143 b
1 2 3 5 8 16 32 37 69 106 143 b
1 2 3 5 8 16 32 37 69 138 143 b
1 2 3 5 8 16 32 37 74 106 143 b
1 2 3 5 8 16 32 37 74 111 143 b
1 2 3 5 8 16 32 64 69 74 143 b
1 2 3 5 8 16 32 64 69 138 143 b
1 2 3 5 10 11 22 33 55 88 143 b
1 2 3 5 10 11 22 33 55 110 143 b
1 2 3 5 10 11 22 33 66 77 143 b
1 2 3 5 10 11 22 33 66 132 143 b
1 2 3 5 10 11 22 44 55 88 143 a
1 2 3 5 10 11 22 44 55 99 143 b
1 2 3 5 10 11 22 44 66 77 143 b
1 2 3 5 10 11 22 44 66 132 143 b
1 2 3 5 10 11 22 44 88 99 143 b
1 2 3 5 10 11 22 44 88 132 143 b
1 2 3 5 10 13 23 46 51 92 143 a
1 2 3 5 10 13 23 46 51 97 143 b
1 2 3 5 10 13 23 46 69 74 143 b
1 2 3 5 10 13 23 46 69 138 143 b
1 2 3 5 10 13 23 46 92 97 143 b
1 2 3 5 10 13 23 46 92 138 143 b
1 2 3 5 10 13 26 39 52 91 143 b
1 2 3 5 10 13 26 39 52 104 143 b
1 2 3 5 10 13 26 39 65 78 143 b
1 2 3 5 10 13 26 39 65 104 143 b
1 2 3 5 10 13 26 39 65 130 143 b
1 2 3 5 10 13 26 39 78 104 143 b
1 2 3 5 10 13 26 39 78 117 143 b
1 2 3 5 10 13 26 52 65 78 143 b
1 2 3 5 10 13 26 52 65 91 143 b
1 2 3 5 10 13 26 52 65 117 143 b
1 2 3 5 10 13 26 52 65 130 143 b
1 2 3 5 10 13 26 52 78 91 143 b
1 2 3 5 10 13 26 52 78 130 143 b
1 2 3 5 10 13 26 52 104 117 143 b
1 2 3 5 10 13 26 52 104 130 143 b
1 2 3 5 10 15 16 32 64 79 143 b
1 2 3 5 10 15 16 32 64 128 143 b
1 2 3 5 10 15 17 32 64 79 143 b
1 2 3 5 10 15 17 32 64 128 143 b
1 2 3 5 10 15 20 35 70 73 143 b
1 2 3 5 10 15 20 35 70 140 143 b
1 2 3 5 10 15 25 35 70 73 143 b
1 2 3 5 10 15 25 35 70 140 143 b
1 2 3 5 10 15 30 32 64 79 143 b
1 2 3 5 10 15 30 32 64 128 143 b
1 2 3 5 10 15 30 35 70 73 143 b
1 2 3 5 10 15 30 35 70 140 143 b
1 2 3 5 10 15 30 40 70 73 143 b
1 2 3 5 10 15 30 40 70 140 143 b
1 2 3 5 10 15 30 60 70 73 143 b
1 2 3 5 10 15 30 60 70 140 143 b
1 2 3 5 10 20 21 40 61 82 143 a
1 2 3 5 10 20 21 40 61 122 143 a
1 2 3 5 10 20 21 41 51 92 143 b
1 2 3 5 10 20 21 41 51 102 143 b
1 2 3 5 10 20 21 41 61 82 143 b
1 2 3 5 10 20 21 41 61 102 143 b
1 2 3 5 10 20 21 41 61 122 143 b
1 2 3 5 10 20 21 41 82 102 143 b
1 2 3 5 10 20 21 41 82 123 143 b
1 2 3 5 10 20 23 30 60 83 143 a
1 2 3 5 10 20 23 30 60 120 143 a
1 2 3 5 10 20 23 40 60 83 143 a
1 2 3 5 10 20 23 40 60 120 143 a
1 2 3 5 10 20 23 40 63 80 143 a
1 2 3 5 10 20 23 40 63 103 143 a
1 2 3 5 10 20 23 40 80 103 143 a
1 2 3 5 10 20 23 40 80 120 143 a
1 2 3 5 10 20 23 46 51 92 143 a
1 2 3 5 10 20 23 46 51 97 143 b
1 2 3 5 10 20 23 46 69 74 143 b
1 2 3 5 10 20 23 46 69 138 143 b
1 2 3 5 10 20 23 46 92 97 143 b
1 2 3 5 10 20 23 46 92 138 143 b
1 2 3 5 10 20 25 35 70 73 143 b
1 2 3 5 10 20 25 35 70 140 143 b
1 2 3 5 10 20 25 45 70 73 143 b
1 2 3 5 10 20 25 45 70 140 143 b
1 2 3 5 10 20 25 50 70 73 143 b
1 2 3 5 10 20 25 50 70 140 143 b
1 2 3 5 10 20 30 35 70 73 143 b
1 2 3 5 10 20 30 35 70 140 143 b
1 2 3 5 10 20 30 40 70 73 143 b
1 2 3 5 10 20 30 40 70 140 143 b
1 2 3 5 10 20 30 50 70 73 143 b
1 2 3 5 10 20 30 50 70 140 143 b
1 2 3 5 10 20 30 60 63 80 143 a
1 2 3 5 10 20 30 60 63 83 143 b
1 2 3 5 10 20 30 60 63 123 143 b
1 2 3 5 10 20 30 60 70 73 143 b
1 2 3 5 10 20 30 60 70 140 143 b
1 2 3 5 10 20 30 60 80 83 143 b
1 2 3 5 10 20 30 60 80 140 143 b
1 2 3 5 10 20 30 60 120 123 143 b
1 2 3 5 10 20 30 60 120 140 143 b
1 2 3 5 10 20 40 41 51 92 143 b
1 2 3 5 10 20 40 41 51 102 143 b
1 2 3 5 10 20 40 41 61 82 143 a
1 2 3 5 10 20 40 41 61 102 143 b
1 2 3 5 10 20 40 41 82 102 143 b
1 2 3 5 10 20 40 41 82 123 143 b
1 2 3 5 10 20 40 43 50 93 143 a
1 2 3 5 10 20 40 43 50 100 143 a
1 2 3 5 10 20 40 43 60 83 143 a
1 2 3 5 10 20 40 43 60 100 143 a
1 2 3 5 10 20 40 43 60 103 143 a
1 2 3 5 10 20 40 43 63 80 143 a
1 2 3 5 10 20 40 43 63 103 143 b
1 2 3 5 10 20 40 43 80 100 143 a
1 2 3 5 10 20 40 43 80 123 143 a
1 2 3 5 10 20 40 43 83 103 143 b
1 2 3 5 10 20 40 43 83 123 143 b
1 2 3 5 10 20 40 50 53 90 143 a
1 2 3 5 10 20 40 50 53 93 143 b
1 2 3 5 10 20 40 50 53 103 143 b
1 2 3 5 10 20 40 50 70 73 143 b
1 2 3 5 10 20 40 50 70 140 143 b
1 2 3 5 10 20 40 50 90 93 143 b
1 2 3 5 10 20 40 50 90 140 143 b
1 2 3 5 10 20 40 50 100 103 143 b
1 2 3 5 10 20 40 50 100 140 143 b
1 2 3 5 10 20 40 60 63 80 143 a
1 2 3 5 10 20 40 60 63 83 143 b
1 2 3 5 10 20 40 60 63 103 143 b
1 2 3 5 10 20 40 60 63 123 143 b
1 2 3 5 10 20 40 60 70 73 143 b
1 2 3 5 10 20 40 60 70 140 143 b
1 2 3 5 10 20 40 60 80 83 143 b
1 2 3 5 10 20 40 60 80 140 143 b
1 2 3 5 10 20 40 60 100 103 143 b
1 2 3 5 10 20 40 60 100 140 143 b
1 2 3 5 10 20 40 60 120 123 143 b
1 2 3 5 10 20 40 60 120 140 143 b
1 2 3 5 10 20 40 80 83 103 143 b
1 2 3 5 10 20 40 80 83 123 143 b
1 2 3 5 10 20 40 80 100 103 143 b
1 2 3 5 10 20 40 80 100 140 143 b
1 2 3 5 10 20 40 80 120 123 143 b
1 2 3 5 10 20 40 80 120 140 143 b
1 2 3 6 7 10 17 34 68 75 143 b
1 2 3 6 7 10 17 34 68 136 143 b
1 2 3 6 7 12 19 31 62 81 143 a
1 2 3 6 7 12 19 31 62 124 143 a
1 2 3 6 7 13 26 39 52 91 143 b
1 2 3 6 7 13 26 39 52 104 143 b
1 2 3 6 7 13 26 39 65 78 143 b
1 2 3 6 7 13 26 39 65 104 143 b
1 2 3 6 7 13 26 39 65 130 143 b
1 2 3 6 7 13 26 39 78 104 143 b
1 2 3 6 7 13 26 39 78 117 143 b
1 2 3 6 7 13 26 52 65 78 143 b
1 2 3 6 7 13 26 52 65 91 143 b
1 2 3 6 7 13 26 52 65 117 143 b
1 2 3 6 7 13 26 52 65 130 143 b
1 2 3 6 7 13 26 52 78 91 143 b
1 2 3 6 7 13 26 52 78 130 143 b
1 2 3 6 7 13 26 52 104 117 143 b
1 2 3 6 7 13 26 52 104 130 143 b
1 2 3 6 7 14 17 34 68 75 143 b
1 2 3 6 7 14 17 34 68 136 143 b
1 2 3 6 7 14 20 34 68 75 143 b
1 2 3 6 7 14 20 34 68 136 143 b
1 2 3 6 7 14 21 35 70 73 143 b
1 2 3 6 7 14 21 35 70 140 143 b
1 2 3 6 7 14 28 29 57 86 143 b
1 2 3 6 7 14 28 29 57 114 143 b
1 2 3 6 7 14 28 31 56 87 143 a
1 2 3 6 7 14 28 31 56 112 143 a
1 2 3 6 7 14 28 34 68 75 143 b
1 2 3 6 7 14 28 34 68 136 143 b
1 2 3 6 7 14 28 35 70 73 143 b
1 2 3 6 7 14 28 35 70 140 143 b
1 2 3 6 7 14 28 42 70 73 143 b
1 2 3 6 7 14 28 42 70 140 143 b
1 2 3 6 7 14 28 56 59 84 143 a
1 2 3 6 7 14 28 56 59 87 143 b
1 2 3 6 7 14 28 56 59 115 143 b
1 2 3 6 7 14 28 56 70 73 143 b
1 2 3 6 7 14 28 56 70 140 143 b
1 2 3 6 7 14 28 56 84 87 143 b
1 2 3 6 7 14 28 56 84 140 143 b
1 2 3 6 7 14 28 56 112 115 143 b
1 2 3 6 7 14 28 56 112 140 143 b
1 2 3 6 8 11 22 33 55 88 143 b
1 2 3 6 8 11 22 33 55 110 143 b
1 2 3 6 8 11 22 33 66 77 143 b
1 2 3 6 8 11 22 33 66 132 143 b
1 2 3 6 8 11 22 44 55 88 143 a
1 2 3 6 8 11 22 44 55 99 143 b
1 2 3 6 8 11 22 44 66 77 143 b
1 2 3 6 8 11 22 44 66 132 143 b
1 2 3 6 8 11 22 44 88 99 143 b
1 2 3 6 8 11 22 44 88 132 143 b
1 2 3 6 8 14 28 29 57 86 143 b
1 2 3 6 8 14 28 29 57 114 143 b
1 2 3 6 8 14 28 31 56 87 143 a
1 2 3 6 8 14 28 31 56 112 143 a
1 2 3 6 8 14 28 42 70 73 143 b
1 2 3 6 8 14 28 42 70 140 143 b
1 2 3 6 8 14 28 56 59 84 143 a
1 2 3 6 8 14 28 56 59 87 143 b
1 2 3 6 8 14 28 56 59 115 143 b
1 2 3 6 8 14 28 56 70 73 143 b
1 2 3 6 8 14 28 56 70 140 143 b
1 2 3 6 8 14 28 56 84 87 143 b
1 2 3 6 8 14 28 56 84 140 143 b
1 2 3 6 8 14 28 56 112 115 143 b
1 2 3 6 8 14 28 56 112 140 143 b
1 2 3 6 8 16 19 35 54 89 143 b
1 2 3 6 8 16 19 35 54 108 143 b
1 2 3 6 8 16 19 35 70 73 143 b
1 2 3 6 8 16 19 35 70 140 143 b
1 2 3 6 8 16 32 35 70 73 143 b
1 2 3 6 8 16 32 35 70 140 143 b
1 2 3 6 8 16 32 38 70 73 143 b
1 2 3 6 8 16 32 38 70 140 143 b
1 2 3 6 8 16 32 64 70 73 143 b
1 2 3 6 8 16 32 64 70 140 143 b
1 2 3 6 9 11 22 33 55 88 143 b
1 2 3 6 9 11 22 33 55 110 143 b
1 2 3 6 9 11 22 33 66 77 143 b
1 2 3 6 9 11 22 33 66 132 143 b
1 2 3 6 9 11 22 44 55 88 143 a
1 2 3 6 9 11 22 44 55 99 143 b
1 2 3 6 9 11 22 44 66 77 143 b
1 2 3 6 9 11 22 44 66 132 143 b
1 2 3 6 9 11 22 44 88 99 143 b
1 2 3 6 9 11 22 44 88 132 143 b
1 2 3 6 9 15 16 32 64 79 143 b
1 2 3 6 9 15 16 32 64 128 143 b
1 2 3 6 9 15 17 32 64 79 143 b
1 2 3 6 9 15 17 32 64 128 143 b
1 2 3 6 9 15 30 32 64 79 143 b
1 2 3 6 9 15 30 32 64 128 143 b
1 2 3 6 9 18 27 29 58 85 143 b
1 2 3 6 9 18 27 29 58 116 143 b
1 2 3 6 12 13 19 31 62 81 143 b
1 2 3 6 12 13 19 31 62 124 143 b
1 2 3 6 12 13 25 31 56 87 143 b
1 2 3 6 12 13 25 31 56 112 143 b
1 2 3 6 12 13 26 39 52 91 143 b
1 2 3 6 12 13 26 39 52 104 143 b
1 2 3 6 12 13 26 39 65 78 143 b
1 2 3 6 12 13 26 39 65 104 143 b
1 2 3 6 12 13 26 39 65 130 143 b
1 2 3 6 12 13 26 39 78 104 143 b
1 2 3 6 12 13 26 39 78 117 143 b
1 2 3 6 12 13 26 52 65 78 143 b
1 2 3 6 12 13 26 52 65 91 143 b
1 2 3 6 12 13 26 52 65 117 143 b
1 2 3 6 12 13 26 52 65 130 143 b
1 2 3 6 12 13 26 52 78 91 143 b
1 2 3 6 12 13 26 52 78 130 143 b
1 2 3 6 12 13 26 52 104 117 143 b
1 2 3 6 12 13 26 52 104 130 143 b
1 2 3 6 12 14 28 29 57 86 143 b
1 2 3 6 12 14 28 29 57 114 143 b
1 2 3 6 12 14 28 31 56 87 143 a
1 2 3 6 12 14 28 31 56 112 143 a
1 2 3 6 12 14 28 42 70 73 143 b
1 2 3 6 12 14 28 42 70 140 143 b
1 2 3 6 12 14 28 56 59 84 143 a
1 2 3 6 12 14 28 56 59 87 143 b
1 2 3 6 12 14 28 56 59 115 143 b
1 2 3 6 12 14 28 56 70 73 143 b
1 2 3 6 12 14 28 56 70 140 143 b
1 2 3 6 12 14 28 56 84 87 143 b
1 2 3 6 12 14 28 56 84 140 143 b
1 2 3 6 12 14 28 56 112 115 143 b
1 2 3 6 12 14 28 56 112 140 143 b
1 2 3 6 12 15 16 32 64 79 143 b
1 2 3 6 12 15 16 32 64 128 143 b
1 2 3 6 12 15 17 32 64 79 143 b
1 2 3 6 12 15 17 32 64 128 143 b
1 2 3 6 12 15 27 29 58 85 143 b
1 2 3 6 12 15 27 29 58 116 143 b
1 2 3 6 12 15 30 32 64 79 143 b
1 2 3 6 12 15 30 32 64 128 143 b
1 2 3 6 12 18 19 31 62 81 143 b
1 2 3 6 12 18 19 31 62 124 143 b
1 2 3 6 12 24 25 31 56 87 143 b
1 2 3 6 12 24 25 31 56 112 143 b
1 2 3 6 12 24 27 29 58 85 143 b
1 2 3 6 12 24 27 29 58 116 143 b
1 2 4 5 6 11 22 33 55 88 143 b
1 2 4 5 6 11 22 33 55 110 143 b
1 2 4 5 6 11 22 33 66 77 143 b
1 2 4 5 6 11 22 33 66 132 143 b
1 2 4 5 6 11 22 44 55 88 143 a
1 2 4 5 6 11 22 44 55 99 143 b
1 2 4 5 6 11 22 44 66 77 143 b
1 2 4 5 6 11 22 44 66 132 143 b
1 2 4 5 6 11 22 44 88 99 143 b
1 2 4 5 6 11 22 44 88 132 143 b
1 2 4 5 7 10 17 34 68 75 143 a
1 2 4 5 7 10 17 34 68 136 143 a
1 2 4 5 7 11 22 33 55 88 143 b
1 2 4 5 7 11 22 33 55 110 143 b
1 2 4 5 7 11 22 33 66 77 143 b
1 2 4 5 7 11 22 33 66 132 143 b
1 2 4 5 7 11 22 44 55 88 143 a
1 2 4 5 7 11 22 44 55 99 143 b
1 2 4 5 7 11 22 44 66 77 143 b
1 2 4 5 7 11 22 44 66 132 143 b
1 2 4 5 7 11 22 44 88 99 143 b
1 2 4 5 7 11 22 44 88 132 143 b
1 2 4 5 7 12 17 34 68 75 143 b
1 2 4 5 7 12 17 34 68 136 143 b
1 2 4 5 7 12 19 31 62 81 143 b
1 2 4 5 7 12 19 31 62 124 143 b
1 2 4 5 7 14 28 29 57 86 143 b
1 2 4 5 7 14 28 29 57 114 143 b
1 2 4 5 8 13 26 39 52 91 143 a
1 2 4 5 8 13 26 39 52 104 143 a
1 2 4 5 8 13 26 39 65 78 143 a
1 2 4 5 8 13 26 39 65 104 143 a
1 2 4 5 8 13 26 39 65 130 143 a
1 2 4 5 8 13 26 39 78 104 143 a
1 2 4 5 8 13 26 39 78 117 143 a
1 2 4 5 8 13 26 52 65 78 143 a
1 2 4 5 8 13 26 52 65 91 143 a
1 2 4 5 8 13 26 52 65 117 143 a
1 2 4 5 8 13 26 52 65 130 143 a
1 2 4 5 8 13 26 52 78 91 143 a
1 2 4 5 8 13 26 52 78 130 143 a
1 2 4 5 8 13 26 52 104 117 143 a
1 2 4 5 8 13 26 52 104 130 143 a
1 2 4 5 8 16 21 37 53 90 143 a
1 2 4 5 8 16 21 37 53 106 143 a
1 2 4 5 8 16 32 37 53 90 143 a
1 2 4 5 8 16 32 37 53 106 143 a
1 2 4 5 8 16 32 37 69 74 143 a
1 2 4 5 8 16 32 37 69 106 143 a
1 2 4 5 8 16 32 37 69 138 143 a
1 2 4 5 8 16 32 37 74 106 143 a
1 2 4 5 8 16 32 37 74 111 143 a
1 2 4 5 8 16 32 64 69 74 143 a
1 2 4 5 8 16 32 64 69 138 143 a
1 2 4 5 9 11 22 33 55 88 143 b
1 2 4 5 9 11 22 33 55 110 143 b
1 2 4 5 9 11 22 33 66 77 143 b
1 2 4 5 9 11 22 33 66 132 143 b
1 2 4 5 9 11 22 44 55 88 143 a
1 2 4 5 9 11 22 44 55 99 143 b
1 2 4 5 9 11 22 44 66 77 143 b
1 2 4 5 9 11 22 44 66 132 143 b
1 2 4 5 9 11 22 44 88 99 143 b
1 2 4 5 9 11 22 44 88 132 143 b
1 2 4 5 9 13 26 39 52 91 143 b
1 2 4 5 9 13 26 39 52 104 143 b
1 2 4 5 9 13 26 39 65 78 143 b
1 2 4 5 9 13 26 39 65 104 143 b
1 2 4 5 9 13 26 39 65 130 143 b
1 2 4 5 9 13 26 39 78 104 143 b
1 2 4 5 9 13 26 39 78 117 143 b
1 2 4 5 9 13 26 52 65 78 143 b
1 2 4 5 9 13 26 52 65 91 143 b
1 2 4 5 9 13 26 52 65 117 143 b
1 2 4 5 9 13 26 52 65 130 143 b
1 2 4 5 9 13 26 52 78 91 143 b
1 2 4 5 9 13 26 52 78 130 143 b
1 2 4 5 9 13 26 52 104 117 143 b
1 2 4 5 9 13 26 52 104 130 143 b
1 2 4 5 9 14 23 37 60 83 143 b
1 2 4 5 9 14 23 37 60 120 143 b
1 2 4 5 9 14 23 46 51 92 143 a
1 2 4 5 9 14 23 46 51 97 143 b
1 2 4 5 9 14 23 46 60 83 143 b
1 2 4 5 9 14 23 46 60 120 143 b
1 2 4 5 9 14 23 46 69 74 143 b
1 2 4 5 9 14 23 46 69 138 143 b
1 2 4 5 9 14 23 46 92 97 143 b
1 2 4 5 9 14 23 46 92 138 143 b
1 2 4 5 9 14 28 29 57 86 143 b
1 2 4 5 9 14 28 29 57 114 143 b
1 2 4 5 9 18 23 46 51 92 143 a
1 2 4 5 9 18 23 46 51 97 143 b
1 2 4 5 9 18 23 46 69 74 143 b
1 2 4 5 9 18 23 46 69 138 143 b
1 2 4 5 9 18 23 46 92 97 143 b
1 2 4 5 9 18 23 46 92 138 143 b
1 2 4 5 9 18 27 29 58 85 143 b
1 2 4 5 9 18 27 29 58 116 143 b
1 2 4 5 9 18 27 31 58 85 143 b
1 2 4 5 9 18 27 31 58 116 143 b
1 2 4 5 9 18 27 45 49 94 143 b
1 2 4 5 9 18 27 45 49 98 143 b
1 2 4 5 9 18 27 54 58 85 143 b
1 2 4 5 9 18 27 54 58 116 143 b
1 2 4 5 9 18 36 45 49 94 143 b
1 2 4 5 9 18 36 45 49 98 143 b
1 2 4 5 10 11 22 33 55 88 143 b
1 2 4 5 10 11 22 33 55 110 143 b
1 2 4 5 10 11 22 33 66 77 143 b
1 2 4 5 10 11 22 33 66 132 143 b
1 2 4 5 10 11 22 44 55 88 143 a
1 2 4 5 10 11 22 44 55 99 143 b
1 2 4 5 10 11 22 44 66 77 143 b
1 2 4 5 10 11 22 44 66 132 143 b
1 2 4 5 10 11 22 44 88 99 143 b
1 2 4 5 10 11 22 44 88 132 143 b
1 2 4 5 10 14 28 29 57 86 143 b
1 2 4 5 10 14 28 29 57 114 143 b
1 2 4 5 10 15 16 32 64 79 143 b
1 2 4 5 10 15 16 32 64 128 143 b
1 2 4 5 10 15 17 32 64 79 143 b
1 2 4 5 10 15 17 32 64 128 143 b
1 2 4 5 10 15 30 32 64 79 143 b
1 2 4 5 10 15 30 32 64 128 143 b
1 2 4 5 10 15 30 34 64 79 143 b
1 2 4 5 10 15 30 34 64 128 143 b
1 2 4 5 10 15 30 45 49 94 143 b
1 2 4 5 10 15 30 45 49 98 143 b
1 2 4 5 10 15 30 60 64 79 143 b
1 2 4 5 10 15 30 60 64 128 143 b
1 2 4 5 10 20 21 40 61 82 143 a
1 2 4 5 10 20 21 40 61 122 143 a
1 2 4 5 10 20 21 41 51 92 143 b
1 2 4 5 10 20 21 41 51 102 143 b
1 2 4 5 10 20 21 41 61 82 143 b
1 2 4 5 10 20 21 41 61 102 143 b
1 2 4 5 10 20 21 41 61 122 143 b
1 2 4 5 10 20 21 41 82 102 143 b
1 2 4 5 10 20 21 41 82 123 143 b
1 2 4 5 10 20 25 45 49 94 143 b
1 2 4 5 10 20 25 45 49 98 143 b
1 2 4 5 10 20 40 41 51 92 143 b
1 2 4 5 10 20 40 41 51 102 143 b
1 2 4 5 10 20 40 41 61 82 143 a
1 2 4 5 10 20 40 41 61 102 143 b
1 2 4 5 10 20 40 41 82 102 143 b
1 2 4 5 10 20 40 41 82 123 143 b
1 2 4 5 10 20 40 45 49 94 143 b
1 2 4 5 10 20 40 45 49 98 143 b
1 2 4 6 7 10 17 34 68 75 143 a
1 2 4 6 7 10 17 34 68 136 143 a
1 2 4 6 7 11 17 34 68 75 143 b
1 2 4 6 7 11 17 34 68 136 143 b
1 2 4 6 7 11 22 33 55 88 143 b
1 2 4 6 7 11 22 33 55 110 143 b
1 2 4 6 7 11 22 33 66 77 143 b
1 2 4 6 7 11 22 33 66 132 143 b
1 2 4 6 7 11 22 44 55 88 143 a
1 2 4 6 7 11 22 44 55 99 143 b
1 2 4 6 7 11 22 44 66 77 143 b
1 2 4 6 7 11 22 44 66 132 143 b
1 2 4 6 7 11 22 44 88 99 143 b
1 2 4 6 7 11 22 44 88 132 143 b
1 2 4 6 7 12 19 31 62 81 143 a
1 2 4 6 7 12 19 31 62 124 143 a
1 2 4 6 7 13 17 34 68 75 143 b
1 2 4 6 7 13 17 34 68 136 143 b
1 2 4 6 7 13 26 39 52 91 143 b
1 2 4 6 7 13 26 39 52 104 143 b
1 2 4 6 7 13 26 39 65 78 143 b
1 2 4 6 7 13 26 39 65 104 143 b
1 2 4 6 7 13 26 39 65 130 143 b
1 2 4 6 7 13 26 39 78 104 143 b
1 2 4 6 7 13 26 39 78 117 143 b
1 2 4 6 7 13 26 52 65 78 143 b
1 2 4 6 7 13 26 52 65 91 143 b
1 2 4 6 7 13 26 52 65 117 143 b
1 2 4 6 7 13 26 52 65 130 143 b
1 2 4 6 7 13 26 52 78 91 143 b
1 2 4 6 7 13 26 52 78 130 143 b
1 2 4 6 7 13 26 52 104 117 143 b
1 2 4 6 7 13 26 52 104 130 143 b
1 2 4 6 7 14 20 34 68 75 143 b
1 2 4 6 7 14 20 34 68 136 143 b
1 2 4 6 7 14 28 29 57 86 143 b
1 2 4 6 7 14 28 29 57 114 143 b
1 2 4 6 7 14 28 34 68 75 143 b
1 2 4 6 7 14 28 34 68 136 143 b
1 2 4 6 8 14 28 29 57 86 143 b
1 2 4 6 8 14 28 29 57 114 143 b
1 2 4 6 10 11 22 33 55 88 143 b
1 2 4 6 10 11 22 33 55 110 143 b
1 2 4 6 10 11 22 33 66 77 143 b
1 2 4 6 10 11 22 33 66 132 143 b
1 2 4 6 10 11 22 44 55 88 143 a
1 2 4 6 10 11 22 44 55 99 143 b
1 2 4 6 10 11 22 44 66 77 143 b
1 2 4 6 10 11 22 44 66 132 143 b
1 2 4 6 10 11 22 44 88 99 143 b
1 2 4 6 10 11 22 44 88 132 143 b
1 2 4 6 10 14 28 29 57 86 143 b
1 2 4 6 10 14 28 29 57 114 143 b
1 2 4 6 10 20 21 40 61 82 143 a
1 2 4 6 10 20 21 40 61 122 143 a
1 2 4 6 10 20 21 41 51 92 143 b
1 2 4 6 10 20 21 41 51 102 143 b
1 2 4 6 10 20 21 41 61 82 143 b
1 2 4 6 10 20 21 41 61 102 143 b
1 2 4 6 10 20 21 41 61 122 143 b
1 2 4 6 10 20 21 41 82 102 143 b
1 2 4 6 10 20 21 41 82 123 143 b
1 2 4 6 10 20 40 41 51 92 143 b
1 2 4 6 10 20 40 41 51 102 143 b
1 2 4 6 10 20 40 41 61 82 143 a
1 2 4 6 10 20 40 41 61 102 143 b
1 2 4 6 10 20 40 41 82 102 143 b
1 2 4 6 10 20 40 41 82 123 143 b
1 2 4 6 12 13 19 31 62 81 143 b
1 2 4 6 12 13 19 31 62 124 143 b
1 2 4 6 12 13 25 31 56 87 143 b
1 2 4 6 12 13 25 31 56 112 143 b
1 2 4 6 12 13 26 39 52 91 143 b
1 2 4 6 12 13 26 39 52 104 143 b
1 2 4 6 12 13 26 39 65 78 143 b
1 2 4 6 12 13 26 39 65 104 143 b
1 2 4 6 12 13 26 39 65 130 143 b
1 2 4 6 12 13 26 39 78 104 143 b
1 2 4 6 12 13 26 39 78 117 143 b
1 2 4 6 12 13 26 52 65 78 143 b
1 2 4 6 12 13 26 52 65 91 143 b
1 2 4 6 12 13 26 52 65 117 143 b
1 2 4 6 12 13 26 52 65 130 143 b
1 2 4 6 12 13 26 52 78 91 143 b
1 2 4 6 12 13 26 52 78 130 143 b
1 2 4 6 12 13 26 52 104 117 143 b
1 2 4 6 12 13 26 52 104 130 143 b
1 2 4 6 12 14 28 29 57 86 143 b
1 2 4 6 12 14 28 29 57 114 143 b
1 2 4 6 12 16 28 29 57 86 143 b
1 2 4 6 12 16 28 29 57 114 143 b
1 2 4 6 12 18 19 31 62 81 143 b
1 2 4 6 12 18 19 31 62 124 143 b
1 2 4 6 12 24 25 31 56 87 143 b
1 2 4 6 12 24 25 31 56 112 143 b
1 2 4 6 12 24 28 29 57 86 143 b
1 2 4 6 12 24 28 29 57 114 143 b
1 2 4 8 9 11 22 33 55 88 143 b
1 2 4 8 9 11 22 33 55 110 143 b
1 2 4 8 9 11 22 33 66 77 143 b
1 2 4 8 9 11 22 33 66 132 143 b
1 2 4 8 9 11 22 44 55 88 143 a
1 2 4 8 9 11 22 44 55 99 143 b
1 2 4 8 9 11 22 44 66 77 143 b
1 2 4 8 9 11 22 44 66 132 143 b
1 2 4 8 9 11 22 44 88 99 143 b
1 2 4 8 9 11 22 44 88 132 143 b
1 2 4 8 9 13 26 39 52 91 143 b
1 2 4 8 9 13 26 39 52 104 143 b
1 2 4 8 9 13 26 39 65 78 143 b
1 2 4 8 9 13 26 39 65 104 143 b
1 2 4 8 9 13 26 39 65 130 143 b
1 2 4 8 9 13 26 39 78 104 143 b
1 2 4 8 9 13 26 39 78 117 143 b
1 2 4 8 9 13 26 52 65 78 143 b
1 2 4 8 9 13 26 52 65 91 143 b
1 2 4 8 9 13 26 52 65 117 143 b
1 2 4 8 9 13 26 52 65 130 143 b
1 2 4 8 9 13 26 52 78 91 143 b
1 2 4 8 9 13 26 52 78 130 143 b
1 2 4 8 9 13 26 52 104 117 143 b
1 2 4 8 9 13 26 52 104 130 143 b
1 2 4 8 9 16 25 34 59 84 143 a
1 2 4 8 9 16 25 34 59 118 143 a
1 2 4 8 9 16 25 50 59 84 143 a
1 2 4 8 9 16 25 50 59 118 143 a
1 2 4 8 9 17 21 42 59 84 143 a
1 2 4 8 9 17 21 42 59 101 143 b
1 2 4 8 9 17 21 42 63 80 143 b
1 2 4 8 9 17 21 42 63 126 143 b
1 2 4 8 9 17 21 42 84 101 143 b
1 2 4 8 9 17 21 42 84 126 143 b
1 2 4 8 9 17 25 34 59 84 143 b
1 2 4 8 9 17 25 34 59 118 143 b
1 2 4 8 9 17 25 42 59 84 143 b
1 2 4 8 9 17 25 42 59 101 143 b
1 2 4 8 9 17 25 42 59 118 143 b
1 2 4 8 9 17 25 42 67 76 143 b
1 2 4 8 9 17 25 42 67 134 143 b
1 2 4 8 9 17 25 42 84 101 143 b
1 2 4 8 9 17 25 42 84 126 143 b
1 2 4 8 9 17 25 50 59 84 143 b
1 2 4 8 9 17 25 50 59 118 143 b
1 2 4 8 9 17 25 50 67 76 143 b
1 2 4 8 9 17 25 50 67 134 143 b
1 2 4 8 9 17 34 42 59 84 143 a
1 2 4 8 9 17 34 42 59 101 143 b
1 2 4 8 9 17 34 42 84 101 143 b
1 2 4 8 9 17 34 42 84 126 143 b
1 2 4 8 9 18 27 29 58 85 143 b
1 2 4 8 9 18 27 29 58 116 143 b
1 2 4 8 9 18 27 31 58 85 143 b
1 2 4 8 9 18 27 31 58 116 143 b
1 2 4 8 9 18 27 35 54 89 143 a
1 2 4 8 9 18 27 35 54 108 143 a
1 2 4 8 9 18 27 45 49 94 143 b
1 2 4 8 9 18 27 45 49 98 143 b
1 2 4 8 9 18 27 45 53 90 143 a
1 2 4 8 9 18 27 45 53 98 143 b
1 2 4 8 9 18 27 45 90 98 143 b
1 2 4 8 9 18 27 45 90 135 143 b
1 2 4 8 9 18 27 54 58 85 143 b
1 2 4 8 9 18 27 54 58 116 143 b
1 2 4 8 9 18 27 54 62 81 143 a
1 2 4 8 9 18 27 54 62 89 143 b
1 2 4 8 9 18 27 54 62 116 143 b
1 2 4 8 9 18 27 54 81 89 143 b
1 2 4 8 9 18 27 54 81 135 143 b
1 2 4 8 9 18 27 54 108 116 143 b
1 2 4 8 9 18 27 54 108 135 143 b
1 2 4 8 9 18 36 45 49 94 143 b
1 2 4 8 9 18 36 45 49 98 143 b
1 2 4 8 9 18 36 45 53 90 143 a
1 2 4 8 9 18 36 45 53 98 143 b
1 2 4 8 9 18 36 45 90 98 143 b
1 2 4 8 9 18 36 45 90 135 143 b
1 2 4 8 10 11 22 33 55 88 143 b
1 2 4 8 10 11 22 33 55 110 143 b
1 2 4 8 10 11 22 33 66 77 143 b
1 2 4 8 10 11 22 33 66 132 143 b
1 2 4 8 10 11 22 44 55 88 143 a
1 2 4 8 10 11 22 44 55 99 143 b
1 2 4 8 10 11 22 44 66 77 143 b
1 2 4 8 10 11 22 44 66 132 143 b
1 2 4 8 10 11 22 44 88 99 143 b
1 2 4 8 10 11 22 44 88 132 143 b
1 2 4 8 10 14 28 29 57 86 143 b
1 2 4 8 10 14 28 29 57 114 143 b
1 2 4 8 10 18 28 29 57 86 143 b
1 2 4 8 10 18 28 29 57 114 143 b
1 2 4 8 10 20 21 40 61 82 143 a
1 2 4 8 10 20 21 40 61 122 143 a
1 2 4 8 10 20 21 41 51 92 143 b
1 2 4 8 10 20 21 41 51 102 143 b
1 2 4 8 10 20 21 41 61 82 143 b
1 2 4 8 10 20 21 41 61 102 143 b
1 2 4 8 10 20 21 41 61 122 143 b
1 2 4 8 10 20 21 41 82 102 143 b
1 2 4 8 10 20 21 41 82 123 143 b
1 2 4 8 10 20 28 29 57 86 143 b
1 2 4 8 10 20 28 29 57 114 143 b
1 2 4 8 10 20 40 41 51 92 143 b
1 2 4 8 10 20 40 41 51 102 143 b
1 2 4 8 10 20 40 41 61 82 143 a
1 2 4 8 10 20 40 41 61 102 143 b
1 2 4 8 10 20 40 41 82 102 143 b
1 2 4 8 10 20 40 41 82 123 143 b
1 2 4 8 12 13 26 39 52 91 143 b
1 2 4 8 12 13 26 39 52 104 143 b
1 2 4 8 12 13 26 39 65 78 143 b
1 2 4 8 12 13 26 39 65 104 143 b
1 2 4 8 12 13 26 39 65 130 143 b
1 2 4 8 12 13 26 39 78 104 143 b
1 2 4 8 12 13 26 39 78 117 143 b
1 2 4 8 12 13 26 52 65 78 143 b
1 2 4 8 12 13 26 52 65 91 143 b
1 2 4 8 12 13 26 52 65 117 143 b
1 2 4 8 12 13 26 52 65 130 143 b
1 2 4 8 12 13 26 52 78 91 143 b
1 2 4 8 12 13 26 52 78 130 143 b
1 2 4 8 12 13 26 52 104 117 143 b
1 2 4 8 12 13 26 52 104 130 143 b
1 2 4 8 12 14 28 29 57 86 143 b
1 2 4 8 12 14 28 29 57 114 143 b
1 2 4 8 12 16 28 29 57 86 143 b
1 2 4 8 12 16 28 29 57 114 143 b
1 2 4 8 12 20 21 40 61 82 143 a
1 2 4 8 12 20 21 40 61 122 143 a
1 2 4 8 12 20 21 41 61 82 143 b
1 2 4 8 12 20 21 41 61 102 143 b
1 2 4 8 12 20 21 41 61 122 143 b
1 2 4 8 12 20 21 41 82 102 143 b
1 2 4 8 12 20 21 41 82 123 143 b
1 2 4 8 12 20 28 29 57 86 143 b
1 2 4 8 12 20 28 29 57 114 143 b
1 2 4 8 12 20 40 41 61 82 143 a
1 2 4 8 12 20 40 41 61 102 143 b
1 2 4 8 12 20 40 41 82 102 143 b
1 2 4 8 12 20 40 41 82 123 143 b
1 2 4 8 12 24 28 29 57 86 143 b
1 2 4 8 12 24 28 29 57 114 143 b
1 2 4 8 16 17 19 35 54 89 143 b
1 2 4 8 16 17 19 35 54 108 143 b
1 2 4 8 16 17 20 37 53 90 143 a
1 2 4 8 16 17 20 37 53 106 143 a
1 2 4 8 16 17 21 37 53 90 143 b
1 2 4 8 16 17 21 37 53 106 143 b
1 2 4 8 16 17 21 42 59 84 143 a
1 2 4 8 16 17 21 42 59 101 143 b
1 2 4 8 16 17 21 42 63 80 143 b
1 2 4 8 16 17 21 42 63 126 143 b
1 2 4 8 16 17 21 42 84 101 143 b
1 2 4 8 16 17 21 42 84 126 143 b
1 2 4 8 16 17 25 34 59 84 143 a
1 2 4 8 16 17 25 34 59 118 143 a
1 2 4 8 16 17 25 42 59 84 143 b
1 2 4 8 16 17 25 42 59 101 143 b
1 2 4 8 16 17 25 42 59 118 143 b
1 2 4 8 16 17 25 42 84 101 143 b
1 2 4 8 16 17 25 42 84 126 143 b
1 2 4 8 16 17 33 37 53 90 143 b
1 2 4 8 16 17 33 37 53 106 143 b
1 2 4 8 16 17 34 42 59 84 143 a
1 2 4 8 16 17 34 42 59 101 143 b
1 2 4 8 16 17 34 42 84 101 143 b
1 2 4 8 16 17 34 42 84 126 143 b
1 2 4 8 16 18 19 35 54 89 143 b
1 2 4 8 16 18 19 35 54 108 143 b
1 2 4 8 16 18 19 37 53 90 143 b
1 2 4 8 16 18 19 37 53 106 143 b
1 2 4 8 16 18 36 37 53 90 143 b
1 2 4 8 16 18 36 37 53 106 143 b
1 2 4 8 16 20 21 37 53 90 143 b
1 2 4 8 16 20 21 37 53 106 143 b
1 2 4 8 16 20 21 40 61 82 143 a
1 2 4 8 16 20 21 40 61 122 143 a
1 2 4 8 16 20 21 41 61 82 143 b
1 2 4 8 16 20 21 41 61 102 143 b
1 2 4 8 16 20 21 41 61 122 143 b
1 2 4 8 16 20 21 41 82 102 143 b
1 2 4 8 16 20 21 41 82 123 143 b
1 2 4 8 16 20 28 29 57 86 143 b
1 2 4 8 16 20 28 29 57 114 143 b
1 2 4 8 16 20 36 37 53 90 143 b
1 2 4 8 16 20 36 37 53 106 143 b
1 2 4 8 16 20 40 41 61 82 143 a
1 2 4 8 16 20 40 41 61 102 143 b
1 2 4 8 16 20 40 41 82 102 143 b
1 2 4 8 16 20 40 41 82 123 143 b
1 2 4 8 16 24 28 29 57 86 143 b
1 2 4 8 16 24 28 29 57 114 143 b
1 2 4 8 16 32 33 37 53 90 143 b
1 2 4 8 16 32 33 37 53 106 143 b
1 2 4 8 16 32 33 37 69 74 143 a
1 2 4 8 16 32 33 37 69 106 143 b
1 2 4 8 16 32 33 37 74 106 143 b
1 2 4 8 16 32 33 37 74 111 143 b
1 2 4 8 16 32 36 37 53 90 143 b
1 2 4 8 16 32 36 37 53 106 143 b
1 2 4 8 16 32 36 37 69 74 143 a
1 2 4 8 16 32 36 37 69 106 143 b
1 2 4 8 16 32 36 37 74 106 143 b
1 2 4 8 16 32 36 37 74 111 143 b
