1 2 3 4 8 16 32 35 67 134 b
1 2 3 4 8 16 32 64 67 134 b
1 2 3 5 8 16 32 35 67 134 b
1 2 3 5 8 16 32 64 67 134 b
1 2 3 6 8 16 32 35 67 134 b
1 2 3 6 8 16 32 64 67 134 b
1 2 3 6 8 16 32 64 70 134 b
1 2 3 6 8 16 32 64 128 134 b
1 2 4 6 8 16 32 64 70 134 b
1 2 4 6 8 16 32 64 128 134 b
1 2 4 6 10 16 32 64 70 134 b
1 2 4 6 10 16 32 64 128 134 b
1 2 4 6 12 16 32 64 70 134 b
1 2 4 6 12 16 32 64 128 134 b
1 2 4 8 9 17 25 42 67 134 b
1 2 4 8 9 17 25 50 67 134 b
1 2 4 8 16 17 25 42 67 134 b
1 2 4 8 16 17 25 50 67 134 b
1 2 4 8 16 17 33 34 67 134 b
1 2 4 8 16 17 33 50 67 134 b
1 2 4 8 16 17 33 66 67 134 b
1 2 4 8 16 17 33 66 68 134 b
1 2 4 8 16 17 33 66 132 134 b
1 2 4 8 16 17 34 50 67 134 b
1 2 4 8 16 17 34 50 84 134 b
1 2 4 8 16 17 34 50 100 134 b
1 2 4 8 16 17 34 51 67 134 b
1 2 4 8 16 18 34 50 84 134 b
1 2 4 8 16 18 34 50 100 134 b
1 2 4 8 16 32 33 34 67 134 b
1 2 4 8 16 32 33 35 67 134 b
1 2 4 8 16 32 33 65 67 134 b
1 2 4 8 16 32 33 65 69 134 b
1 2 4 8 16 32 33 65 130 134 b
1 2 4 8 16 32 33 66 67 134 b
1 2 4 8 16 32 33 66 68 134 b
1 2 4 8 16 32 33 66 132 134 b
1 2 4 8 16 32 34 35 67 134 b
1 2 4 8 16 32 34 50 84 134 b
1 2 4 8 16 32 34 50 100 134 b
1 2 4 8 16 32 34 66 67 134 b
1 2 4 8 16 32 34 66 68 134 b
1 2 4 8 16 32 34 66 100 134 b
1 2 4 8 16 32 34 66 132 134 b
1 2 4 8 16 32 34 68 100 134 b
1 2 4 8 16 32 34 68 102 134 b
1 2 4 8 16 32 64 65 67 134 b
1 2 4 8 16 32 64 65 69 134 b
1 2 4 8 16 32 64 65 130 134 b
1 2 4 8 16 32 64 66 67 134 b
1 2 4 8 16 32 64 66 68 134 b
1 2 4 8 16 32 64 66 70 134 b
1 2 4 8 16 32 64 66 130 134 b
1 2 4 8 16 32 64 66 132 134 b
1 2 4 8 16 32 64 68 70 134 b
1 2 4 8 16 32 64 68 132 134 b
1 2 4 8 16 32 64 128 130 134 b
1 2 4 8 16 32 64 128 132 134 b
