1 2 3 5 10 15 30 45 90 135 b
1 2 3 5 10 15 30 60 75 135 b
1 2 3 5 10 15 30 60 120 135 b
1 2 3 5 10 20 25 45 90 135 b
1 2 3 5 10 20 40 45 90 135 b
1 2 3 6 9 15 30 45 90 135 b
1 2 3 6 9 15 30 60 75 135 b
1 2 3 6 9 15 30 60 120 135 b
1 2 3 6 9 18 27 45 90 135 b
1 2 3 6 9 18 27 54 81 135 b
1 2 3 6 9 18 27 54 108 135 b
1 2 3 6 9 18 36 45 90 135 b
1 2 3 6 12 15 27 54 81 135 b
1 2 3 6 12 15 27 54 108 135 b
1 2 3 6 12 15 30 45 90 135 b
1 2 3 6 12 15 30 60 75 135 b
1 2 3 6 12 15 30 60 120 135 b
1 2 3 6 12 24 27 54 81 135 b
1 2 3 6 12 24 27 54 108 135 b
1 2 4 5 9 18 27 45 90 135 b
1 2 4 5 9 18 27 54 81 135 b
1 2 4 5 9 18 27 54 108 135 b
1 2 4 5 9 18 36 45 90 135 b
1 2 4 5 10 15 30 45 90 135 b
1 2 4 5 10 15 30 60 75 135 b
1 2 4 5 10 15 30 60 120 135 b
1 2 4 5 10 20 25 45 90 135 b
1 2 4 5 10 20 40 45 90 135 b
1 2 4 8 9 18 27 45 90 135 b
1 2 4 8 9 18 27 54 81 135 b
1 2 4 8 9 18 27 54 108 135 b
1 2 4 8 9 18 36 45 90 135 b
