1 2 3 5 8 16 21 37 74 111 185 b
1 2 3 5 8 16 21 37 74 148 185 b
1 2 3 5 8 16 32 37 74 111 185 b
1 2 3 5 8 16 32 37 74 148 185 b
1 2 3 5 10 13 23 46 92 93 185 b
1 2 3 5 10 13 23 46 92 184 185 b
1 2 3 5 10 15 25 40 80 105 185 b
1 2 3 5 10 15 25 40 80 160 185 b
1 2 3 5 10 15 30 45 90 95 185 b
1 2 3 5 10 15 30 45 90 180 185 b
1 2 3 5 10 15 30 60 65 120 185 a
1 2 3 5 10 15 30 60 65 125 185 b
1 2 3 5 10 15 30 60 90 95 185 b
1 2 3 5 10 15 30 60 90 180 185 b
1 2 3 5 10 15 30 60 120 125 185 b
1 2 3 5 10 15 30 60 120 180 185 b
1 2 3 5 10 20 21 41 82 103 185 b
1 2 3 5 10 20 21 41 82 164 185 b
1 2 3 5 10 20 23 46 92 93 185 b
1 2 3 5 10 20 23 46 92 184 185 b
1 2 3 5 10 20 25 40 80 105 185 a
1 2 3 5 10 20 25 40 80 160 185 a
1 2 3 5 10 20 25 45 70 115 185 b
1 2 3 5 10 20 25 45 70 140 185 b
1 2 3 5 10 20 25 45 90 95 185 b
1 2 3 5 10 20 25 45 90 180 185 b
1 2 3 5 10 20 30 60 65 120 185 a
1 2 3 5 10 20 30 60 65 125 185 b
1 2 3 5 10 20 30 60 90 95 185 b
1 2 3 5 10 20 30 60 90 180 185 b
1 2 3 5 10 20 30 60 120 125 185 b
1 2 3 5 10 20 30 60 120 180 185 b
1 2 3 5 10 20 40 45 90 95 185 b
1 2 3 5 10 20 40 45 90 180 185 b
1 2 3 5 10 20 40 50 90 95 185 b
1 2 3 5 10 20 40 50 90 180 185 b
1 2 3 5 10 20 40 60 65 120 185 a
1 2 3 5 10 20 40 60 65 125 185 b
1 2 3 5 10 20 40 60 120 125 185 b
1 2 3 5 10 20 40 60 120 180 185 b
1 2 3 5 10 20 40 80 85 100 185 a
1 2 3 5 10 20 40 80 85 105 185 b
1 2 3 5 10 20 40 80 85 165 185 b
1 2 3 5 10 20 40 80 90 95 185 b
1 2 3 5 10 20 40 80 90 180 185 b
1 2 3 5 10 20 40 80 100 105 185 b
1 2 3 5 10 20 40 80 100 180 185 b
1 2 3 5 10 20 40 80 160 165 185 b
1 2 3 5 10 20 40 80 160 180 185 b
1 2 3 6 9 11 22 44 88 97 185 b
1 2 3 6 9 11 22 44 88 176 185 b
1 2 3 6 9 18 19 37 74 111 185 b
1 2 3 6 9 18 19 37 74 148 185 b
1 2 3 6 9 18 36 37 74 111 185 b
1 2 3 6 9 18 36 37 74 148 185 b
1 2 3 6 12 13 24 37 74 111 185 a
1 2 3 6 12 13 24 37 74 148 185 a
1 2 3 6 12 13 25 37 74 111 185 b
1 2 3 6 12 13 25 37 74 148 185 b
1 2 3 6 12 18 19 37 74 111 185 b
1 2 3 6 12 18 19 37 74 148 185 b
1 2 3 6 12 18 36 37 74 111 185 b
1 2 3 6 12 18 36 37 74 148 185 b
1 2 3 6 12 24 25 37 74 111 185 b
1 2 3 6 12 24 25 37 74 148 185 b
1 2 3 6 12 24 36 37 74 111 185 b
1 2 3 6 12 24 36 37 74 148 185 b
1 2 4 5 8 16 21 37 74 111 185 a
1 2 4 5 8 16 21 37 74 148 185 a
1 2 4 5 8 16 32 37 74 111 185 a
1 2 4 5 8 16 32 37 74 148 185 a
1 2 4 5 9 11 22 44 88 97 185 b
1 2 4 5 9 11 22 44 88 176 185 b
1 2 4 5 9 13 22 44 88 97 185 b
1 2 4 5 9 13 22 44 88 176 185 b
1 2 4 5 9 14 23 37 74 111 185 b
1 2 4 5 9 14 23 37 74 148 185 b
1 2 4 5 9 14 23 46 92 93 185 b
1 2 4 5 9 14 23 46 92 184 185 b
1 2 4 5 9 14 28 37 74 111 185 b
1 2 4 5 9 14 28 37 74 148 185 b
1 2 4 5 9 18 19 37 74 111 185 b
1 2 4 5 9 18 19 37 74 148 185 b
1 2 4 5 9 18 22 44 88 97 185 b
1 2 4 5 9 18 22 44 88 176 185 b
1 2 4 5 9 18 23 46 92 93 185 b
1 2 4 5 9 18 23 46 92 184 185 b
1 2 4 5 9 18 27 45 90 95 185 b
1 2 4 5 9 18 27 45 90 180 185 b
1 2 4 5 9 18 36 37 74 111 185 b
1 2 4 5 9 18 36 37 74 148 185 b
1 2 4 5 9 18 36 41 72 113 185 a
1 2 4 5 9 18 36 41 72 144 185 a
1 2 4 5 9 18 36 45 90 95 185 b
1 2 4 5 9 18 36 45 90 180 185 b
1 2 4 5 9 18 36 54 90 95 185 b
1 2 4 5 9 18 36 54 90 180 185 b
1 2 4 5 9 18 36 72 77 108 185 a
1 2 4 5 9 18 36 72 77 113 185 b
1 2 4 5 9 18 36 72 77 149 185 b
1 2 4 5 9 18 36 72 90 95 185 b
1 2 4 5 9 18 36 72 90 180 185 b
1 2 4 5 9 18 36 72 108 113 185 b
1 2 4 5 9 18 36 72 108 180 185 b
1 2 4 5 9 18 36 72 144 149 185 b
1 2 4 5 9 18 36 72 144 180 185 b
1 2 4 5 10 15 25 40 80 105 185 b
1 2 4 5 10 15 25 40 80 160 185 b
1 2 4 5 10 15 30 45 90 95 185 b
1 2 4 5 10 15 30 45 90 180 185 b
1 2 4 5 10 15 30 60 65 120 185 a
1 2 4 5 10 15 30 60 65 125 185 b
1 2 4 5 10 15 30 60 90 95 185 b
1 2 4 5 10 15 30 60 90 180 185 b
1 2 4 5 10 15 30 60 120 125 185 b
1 2 4 5 10 15 30 60 120 180 185 b
1 2 4 5 10 20 21 41 82 103 185 b
1 2 4 5 10 20 21 41 82 164 185 b
1 2 4 5 10 20 25 40 80 105 185 a
1 2 4 5 10 20 25 40 80 160 185 a
1 2 4 5 10 20 25 45 70 115 185 b
1 2 4 5 10 20 25 45 70 140 185 b
1 2 4 5 10 20 25 45 90 95 185 b
1 2 4 5 10 20 25 45 90 180 185 b
1 2 4 5 10 20 30 60 65 120 185 a
1 2 4 5 10 20 30 60 65 125 185 b
1 2 4 5 10 20 30 60 90 95 185 b
1 2 4 5 10 20 30 60 90 180 185 b
1 2 4 5 10 20 30 60 120 125 185 b
1 2 4 5 10 20 30 60 120 180 185 b
1 2 4 5 10 20 40 45 90 95 185 b
1 2 4 5 10 20 40 45 90 180 185 b
1 2 4 5 10 20 40 50 90 95 185 b
1 2 4 5 10 20 40 50 90 180 185 b
1 2 4 5 10 20 40 60 65 120 185 a
1 2 4 5 10 20 40 60 65 125 185 b
1 2 4 5 10 20 40 60 120 125 185 b
1 2 4 5 10 20 40 60 120 180 185 b
1 2 4 5 10 20 40 80 85 100 185 a
1 2 4 5 10 20 40 80 85 105 185 b
1 2 4 5 10 20 40 80 85 165 185 b
1 2 4 5 10 20 40 80 90 95 185 b
1 2 4 5 10 20 40 80 90 180 185 b
1 2 4 5 10 20 40 80 100 105 185 b
1 2 4 5 10 20 40 80 100 180 185 b
1 2 4 5 10 20 40 80 160 165 185 b
1 2 4 5 10 20 40 80 160 180 185 b
1 2 4 6 10 20 21 41 82 103 185 b
1 2 4 6 10 20 21 41 82 164 185 b
1 2 4 6 10 20 26 46 92 93 185 b
1 2 4 6 10 20 26 46 92 184 185 b
1 2 4 6 10 20 40 46 92 93 185 b
1 2 4 6 10 20 40 46 92 184 185 b
1 2 4 6 12 13 24 37 74 111 185 a
1 2 4 6 12 13 24 37 74 148 185 a
1 2 4 6 12 13 25 37 74 111 185 b
1 2 4 6 12 13 25 37 74 148 185 b
1 2 4 6 12 18 19 37 74 111 185 b
1 2 4 6 12 18 19 37 74 148 185 b
1 2 4 6 12 18 36 37 74 111 185 b
1 2 4 6 12 18 36 37 74 148 185 b
1 2 4 6 12 24 25 37 74 111 185 b
1 2 4 6 12 24 25 37 74 148 185 b
1 2 4 6 12 24 36 37 74 111 185 b
1 2 4 6 12 24 36 37 74 148 185 b
1 2 4 8 9 11 22 44 88 97 185 b
1 2 4 8 9 11 22 44 88 176 185 b
1 2 4 8 9 13 22 44 88 97 185 b
1 2 4 8 9 13 22 44 88 176 185 b
1 2 4 8 9 17 21 42 84 101 185 b
1 2 4 8 9 17 21 42 84 168 185 b
1 2 4 8 9 17 25 42 84 101 185 b
1 2 4 8 9 17 25 42 84 168 185 b
1 2 4 8 9 17 34 42 84 101 185 b
1 2 4 8 9 17 34 42 84 168 185 b
1 2 4 8 9 18 19 37 74 111 185 b
1 2 4 8 9 18 19 37 74 148 185 b
1 2 4 8 9 18 22 44 88 97 185 b
1 2 4 8 9 18 22 44 88 176 185 b
1 2 4 8 9 18 26 44 88 97 185 b
1 2 4 8 9 18 26 44 88 176 185 b
1 2 4 8 9 18 36 37 74 111 185 b
1 2 4 8 9 18 36 37 74 148 185 b
1 2 4 8 9 18 36 44 88 97 185 b
1 2 4 8 9 18 36 44 88 176 185 b
1 2 4 8 10 18 19 37 74 111 185 b
1 2 4 8 10 18 19 37 74 148 185 b
1 2 4 8 10 18 28 46 92 93 185 b
1 2 4 8 10 18 28 46 92 184 185 b
1 2 4 8 10 18 36 37 74 111 185 b
1 2 4 8 10 18 36 37 74 148 185 b
1 2 4 8 10 18 36 46 92 93 185 b
1 2 4 8 10 18 36 46 92 184 185 b
1 2 4 8 10 20 21 41 82 103 185 b
1 2 4 8 10 20 21 41 82 164 185 b
1 2 4 8 12 13 24 37 74 111 185 a
1 2 4 8 12 13 24 37 74 148 185 a
1 2 4 8 12 13 25 37 74 111 185 b
1 2 4 8 12 13 25 37 74 148 185 b
1 2 4 8 12 20 21 41 82 103 185 b
1 2 4 8 12 20 21 41 82 164 185 b
1 2 4 8 12 20 40 52 92 93 185 b
1 2 4 8 12 20 40 52 92 184 185 b
1 2 4 8 12 20 40 80 92 93 185 b
1 2 4 8 12 20 40 80 92 184 185 b
1 2 4 8 12 24 25 37 74 111 185 b
1 2 4 8 12 24 25 37 74 148 185 b
1 2 4 8 12 24 36 37 74 111 185 b
1 2 4 8 12 24 36 37 74 148 185 b
1 2 4 8 16 17 20 37 74 111 185 a
1 2 4 8 16 17 20 37 74 148 185 a
1 2 4 8 16 17 21 37 74 111 185 b
1 2 4 8 16 17 21 37 74 148 185 b
1 2 4 8 16 17 21 42 84 101 185 b
1 2 4 8 16 17 21 42 84 168 185 b
1 2 4 8 16 17 25 42 84 101 185 b
1 2 4 8 16 17 25 42 84 168 185 b
1 2 4 8 16 17 33 37 74 111 185 b
1 2 4 8 16 17 33 37 74 148 185 b
1 2 4 8 16 17 34 42 84 101 185 b
1 2 4 8 16 17 34 42 84 168 185 b
1 2 4 8 16 17 34 50 84 101 185 b
1 2 4 8 16 17 34 50 84 168 185 b
1 2 4 8 16 17 34 51 67 118 185 b
1 2 4 8 16 17 34 51 67 134 185 b
1 2 4 8 16 17 34 68 84 101 185 b
1 2 4 8 16 17 34 68 84 168 185 b
1 2 4 8 16 18 19 37 74 111 185 b
1 2 4 8 16 18 19 37 74 148 185 b
1 2 4 8 16 18 36 37 74 111 185 b
1 2 4 8 16 18 36 37 74 148 185 b
1 2 4 8 16 20 21 37 74 111 185 b
1 2 4 8 16 20 21 37 74 148 185 b
1 2 4 8 16 20 21 41 82 103 185 b
1 2 4 8 16 20 21 41 82 164 185 b
1 2 4 8 16 20 36 37 74 111 185 b
1 2 4 8 16 20 36 37 74 148 185 b
1 2 4 8 16 20 36 56 92 93 185 b
1 2 4 8 16 20 36 56 92 184 185 b
1 2 4 8 16 20 36 72 92 93 185 b
1 2 4 8 16 20 36 72 92 184 185 b
1 2 4 8 16 24 25 40 80 105 185 a
1 2 4 8 16 24 25 40 80 160 185 a
1 2 4 8 16 24 40 80 81 104 185 a
1 2 4 8 16 24 40 80 81 105 185 b
1 2 4 8 16 24 40 80 81 161 185 b
1 2 4 8 16 24 40 80 104 105 185 b
1 2 4 8 16 24 40 80 104 184 185 b
1 2 4 8 16 24 40 80 160 161 185 b
1 2 4 8 16 24 40 80 160 184 185 b
1 2 4 8 16 32 33 37 74 111 185 b
1 2 4 8 16 32 33 37 74 148 185 b
1 2 4 8 16 32 36 37 74 111 185 b
1 2 4 8 16 32 36 37 74 148 185 b
1 2 4 8 16 32 40 41 72 113 185 a
1 2 4 8 16 32 40 41 72 144 185 a
1 2 4 8 16 32 40 72 73 112 185 a
1 2 4 8 16 32 40 72 73 113 185 b
1 2 4 8 16 32 40 72 73 145 185 b
1 2 4 8 16 32 40 72 112 113 185 b
1 2 4 8 16 32 40 72 112 184 185 b
1 2 4 8 16 32 40 72 144 145 185 b
1 2 4 8 16 32 40 72 144 184 185 b
