1 2 3 4 7 11 22 44 88 89 177 b
1 2 3 4 7 11 22 44 88 176 177 b
1 2 3 4 7 14 28 31 59 118 177 b
1 2 3 4 7 14 28 56 59 118 177 b
1 2 3 4 8 11 22 44 88 89 177 b
1 2 3 4 8 11 22 44 88 176 177 b
1 2 3 5 6 11 22 44 88 89 177 b
1 2 3 5 6 11 22 44 88 176 177 b
1 2 3 5 7 14 28 31 59 118 177 b
1 2 3 5 7 14 28 56 59 118 177 b
1 2 3 5 8 11 22 44 88 89 177 b
1 2 3 5 8 11 22 44 88 176 177 b
1 2 3 5 10 11 22 44 88 89 177 b
1 2 3 5 10 11 22 44 88 176 177 b
1 2 3 5 10 12 22 44 88 89 177 b
1 2 3 5 10 12 22 44 88 176 177 b
1 2 3 5 10 13 23 36 59 118 177 b
1 2 3 5 10 13 23 46 59 118 177 b
1 2 3 5 10 20 22 44 88 89 177 b
1 2 3 5 10 20 22 44 88 176 177 b
1 2 3 5 10 20 23 43 86 91 177 b
1 2 3 5 10 20 23 43 86 172 177 b
1 2 3 5 10 20 40 43 86 91 177 b
1 2 3 5 10 20 40 43 86 172 177 b
1 2 3 6 7 13 26 33 59 118 177 b
1 2 3 6 7 13 26 52 59 118 177 b
1 2 3 6 7 14 28 31 59 118 177 b
1 2 3 6 7 14 28 56 59 118 177 b
1 2 3 6 8 11 22 44 88 89 177 b
1 2 3 6 8 11 22 44 88 176 177 b
1 2 3 6 8 14 22 44 88 89 177 b
1 2 3 6 8 14 22 44 88 176 177 b
1 2 3 6 8 14 28 31 59 118 177 b
1 2 3 6 8 14 28 56 59 118 177 b
1 2 3 6 8 16 22 44 88 89 177 b
1 2 3 6 8 16 22 44 88 176 177 b
1 2 3 6 9 11 22 44 88 89 177 b
1 2 3 6 9 11 22 44 88 176 177 b
1 2 3 6 9 12 21 42 84 93 177 b
1 2 3 6 9 12 21 42 84 168 177 b
1 2 3 6 9 15 21 42 84 93 177 b
1 2 3 6 9 15 21 42 84 168 177 b
1 2 3 6 9 15 30 39 69 108 177 b
1 2 3 6 9 15 30 39 69 138 177 b
1 2 3 6 9 18 21 39 78 99 177 b
1 2 3 6 9 18 21 39 78 156 177 b
1 2 3 6 9 18 21 42 84 93 177 b
1 2 3 6 9 18 21 42 84 168 177 b
1 2 3 6 9 18 24 42 84 93 177 b
1 2 3 6 9 18 24 42 84 168 177 b
1 2 3 6 9 18 36 42 84 93 177 b
1 2 3 6 9 18 36 42 84 168 177 b
1 2 3 6 12 13 25 38 76 101 177 b
1 2 3 6 12 13 25 38 76 152 177 b
1 2 3 6 12 14 28 31 59 118 177 b
1 2 3 6 12 14 28 56 59 118 177 b
1 2 3 6 12 15 27 54 69 108 177 a
1 2 3 6 12 15 27 54 69 123 177 b
1 2 3 6 12 15 27 54 81 96 177 b
1 2 3 6 12 15 27 54 81 162 177 b
1 2 3 6 12 15 27 54 108 123 177 b
1 2 3 6 12 15 27 54 108 162 177 b
1 2 3 6 12 18 21 39 78 99 177 b
1 2 3 6 12 18 21 39 78 156 177 b
1 2 3 6 12 24 27 48 75 102 177 a
1 2 3 6 12 24 27 48 75 150 177 a
1 2 3 6 12 24 27 51 63 114 177 b
1 2 3 6 12 24 27 51 63 126 177 b
1 2 3 6 12 24 27 51 75 102 177 b
1 2 3 6 12 24 27 51 75 126 177 b
1 2 3 6 12 24 27 51 75 150 177 b
1 2 3 6 12 24 27 51 102 126 177 b
1 2 3 6 12 24 27 51 102 153 177 b
1 2 3 6 12 24 48 51 63 114 177 b
1 2 3 6 12 24 48 51 63 126 177 b
1 2 3 6 12 24 48 51 75 102 177 a
1 2 3 6 12 24 48 51 75 126 177 b
1 2 3 6 12 24 48 51 102 126 177 b
1 2 3 6 12 24 48 51 102 153 177 b
1 2 4 5 6 11 22 44 88 89 177 b
1 2 4 5 6 11 22 44 88 176 177 b
1 2 4 5 7 11 22 44 88 89 177 b
1 2 4 5 7 11 22 44 88 176 177 b
1 2 4 5 9 11 22 44 88 89 177 b
1 2 4 5 9 11 22 44 88 176 177 b
1 2 4 5 9 13 22 44 88 89 177 b
1 2 4 5 9 13 22 44 88 176 177 b
1 2 4 5 9 14 28 42 84 93 177 b
1 2 4 5 9 14 28 42 84 168 177 b
1 2 4 5 9 14 28 56 65 112 177 a
1 2 4 5 9 14 28 56 65 121 177 b
1 2 4 5 9 14 28 56 84 93 177 b
1 2 4 5 9 14 28 56 84 168 177 b
1 2 4 5 9 14 28 56 112 121 177 b
1 2 4 5 9 14 28 56 112 168 177 b
1 2 4 5 9 18 22 44 88 89 177 b
1 2 4 5 9 18 22 44 88 176 177 b
1 2 4 5 9 18 23 36 59 118 177 a
1 2 4 5 9 18 23 41 59 118 177 b
1 2 4 5 9 18 27 32 59 118 177 b
1 2 4 5 9 18 27 54 59 118 177 b
1 2 4 5 9 18 36 41 59 118 177 b
1 2 4 5 9 18 36 54 59 118 177 b
1 2 4 5 10 11 22 44 88 89 177 b
1 2 4 5 10 11 22 44 88 176 177 b
1 2 4 5 10 12 22 44 88 89 177 b
1 2 4 5 10 12 22 44 88 176 177 b
1 2 4 5 10 20 22 44 88 89 177 b
1 2 4 5 10 20 22 44 88 176 177 b
1 2 4 5 10 20 24 44 88 89 177 b
1 2 4 5 10 20 24 44 88 176 177 b
1 2 4 5 10 20 40 44 88 89 177 b
1 2 4 5 10 20 40 44 88 176 177 b
1 2 4 6 7 11 22 44 88 89 177 b
1 2 4 6 7 11 22 44 88 176 177 b
1 2 4 6 7 13 26 33 59 118 177 b
1 2 4 6 7 13 26 52 59 118 177 b
1 2 4 6 8 14 22 44 88 89 177 b
1 2 4 6 8 14 22 44 88 176 177 b
1 2 4 6 8 16 22 44 88 89 177 b
1 2 4 6 8 16 22 44 88 176 177 b
1 2 4 6 10 11 22 44 88 89 177 b
1 2 4 6 10 11 22 44 88 176 177 b
1 2 4 6 10 12 22 44 88 89 177 b
1 2 4 6 10 12 22 44 88 176 177 b
1 2 4 6 10 16 22 44 88 89 177 b
1 2 4 6 10 16 22 44 88 176 177 b
1 2 4 6 10 20 22 44 88 89 177 b
1 2 4 6 10 20 22 44 88 176 177 b
1 2 4 6 10 20 24 44 88 89 177 b
1 2 4 6 10 20 24 44 88 176 177 b
1 2 4 6 10 20 40 44 88 89 177 b
1 2 4 6 10 20 40 44 88 176 177 b
1 2 4 6 12 13 25 38 76 101 177 b
1 2 4 6 12 13 25 38 76 152 177 b
1 2 4 6 12 16 22 44 88 89 177 b
1 2 4 6 12 16 22 44 88 176 177 b
1 2 4 6 12 16 28 44 88 89 177 b
1 2 4 6 12 16 28 44 88 176 177 b
1 2 4 6 12 16 32 44 88 89 177 b
1 2 4 6 12 16 32 44 88 176 177 b
1 2 4 6 12 18 22 44 88 89 177 b
1 2 4 6 12 18 22 44 88 176 177 b
1 2 4 8 9 11 22 44 88 89 177 b
1 2 4 8 9 11 22 44 88 176 177 b
1 2 4 8 9 12 21 42 84 93 177 a
1 2 4 8 9 12 21 42 84 168 177 a
1 2 4 8 9 13 21 42 84 93 177 b
1 2 4 8 9 13 21 42 84 168 177 b
1 2 4 8 9 13 22 44 88 89 177 b
1 2 4 8 9 13 22 44 88 176 177 b
1 2 4 8 9 16 25 34 59 118 177 a
1 2 4 8 9 16 25 50 59 118 177 a
1 2 4 8 9 17 21 38 59 118 177 b
1 2 4 8 9 17 21 42 59 118 177 b
1 2 4 8 9 17 21 42 84 93 177 b
1 2 4 8 9 17 21 42 84 168 177 b
1 2 4 8 9 17 25 34 59 118 177 b
1 2 4 8 9 17 25 42 59 118 177 b
1 2 4 8 9 17 25 42 84 93 177 b
1 2 4 8 9 17 25 42 84 168 177 b
1 2 4 8 9 17 25 50 59 118 177 b
1 2 4 8 9 17 34 42 59 118 177 b
1 2 4 8 9 17 34 42 84 93 177 b
1 2 4 8 9 17 34 42 84 168 177 b
1 2 4 8 9 17 34 51 59 118 177 b
1 2 4 8 9 18 22 44 88 89 177 b
1 2 4 8 9 18 22 44 88 176 177 b
1 2 4 8 9 18 26 44 88 89 177 b
1 2 4 8 9 18 26 44 88 176 177 b
1 2 4 8 9 18 36 44 88 89 177 b
1 2 4 8 9 18 36 44 88 176 177 b
1 2 4 8 10 11 22 44 88 89 177 b
1 2 4 8 10 11 22 44 88 176 177 b
1 2 4 8 10 12 22 44 88 89 177 b
1 2 4 8 10 12 22 44 88 176 177 b
1 2 4 8 10 14 22 44 88 89 177 b
1 2 4 8 10 14 22 44 88 176 177 b
1 2 4 8 10 18 22 44 88 89 177 b
1 2 4 8 10 18 22 44 88 176 177 b
1 2 4 8 10 18 26 44 88 89 177 b
1 2 4 8 10 18 26 44 88 176 177 b
1 2 4 8 10 18 36 44 88 89 177 b
1 2 4 8 10 18 36 44 88 176 177 b
1 2 4 8 10 20 22 44 88 89 177 b
1 2 4 8 10 20 22 44 88 176 177 b
1 2 4 8 10 20 24 44 88 89 177 b
1 2 4 8 10 20 24 44 88 176 177 b
1 2 4 8 10 20 40 44 88 89 177 b
1 2 4 8 10 20 40 44 88 176 177 b
1 2 4 8 10 20 40 48 88 89 177 b
1 2 4 8 10 20 40 48 88 176 177 b
1 2 4 8 10 20 40 80 88 89 177 b
1 2 4 8 10 20 40 80 88 176 177 b
1 2 4 8 12 13 25 38 76 101 177 b
1 2 4 8 12 13 25 38 76 152 177 b
1 2 4 8 12 14 22 44 88 89 177 b
1 2 4 8 12 14 22 44 88 176 177 b
1 2 4 8 12 16 28 44 88 89 177 b
1 2 4 8 12 16 28 44 88 176 177 b
1 2 4 8 12 16 32 44 88 89 177 b
1 2 4 8 12 16 32 44 88 176 177 b
1 2 4 8 12 20 22 44 88 89 177 b
1 2 4 8 12 20 22 44 88 176 177 b
1 2 4 8 12 20 24 44 88 89 177 b
1 2 4 8 12 20 24 44 88 176 177 b
1 2 4 8 12 20 32 44 88 89 177 b
1 2 4 8 12 20 32 44 88 176 177 b
1 2 4 8 12 20 40 44 88 89 177 b
1 2 4 8 12 20 40 44 88 176 177 b
1 2 4 8 12 20 40 48 88 89 177 b
1 2 4 8 12 20 40 48 88 176 177 b
1 2 4 8 12 20 40 80 88 89 177 b
1 2 4 8 12 20 40 80 88 176 177 b
1 2 4 8 12 24 32 44 88 89 177 b
1 2 4 8 12 24 32 44 88 176 177 b
1 2 4 8 12 24 32 56 88 89 177 b
1 2 4 8 12 24 32 56 88 176 177 b
1 2 4 8 12 24 32 64 88 89 177 b
1 2 4 8 12 24 32 64 88 176 177 b
1 2 4 8 12 24 36 44 88 89 177 b
1 2 4 8 12 24 36 44 88 176 177 b
1 2 4 8 16 17 20 40 80 97 177 a
1 2 4 8 16 17 20 40 80 160 177 a
1 2 4 8 16 17 21 38 59 118 177 b
1 2 4 8 16 17 21 42 59 118 177 b
1 2 4 8 16 17 24 40 80 97 177 a
1 2 4 8 16 17 24 40 80 160 177 a
1 2 4 8 16 17 25 34 59 118 177 a
1 2 4 8 16 17 25 42 59 118 177 b
1 2 4 8 16 17 32 40 80 97 177 a
1 2 4 8 16 17 32 40 80 160 177 a
1 2 4 8 16 17 32 48 80 97 177 a
1 2 4 8 16 17 32 48 80 160 177 a
1 2 4 8 16 17 32 49 64 113 177 a
1 2 4 8 16 17 32 49 64 128 177 a
1 2 4 8 16 17 32 64 80 97 177 a
1 2 4 8 16 17 32 64 80 160 177 a
1 2 4 8 16 17 32 64 81 96 177 a
1 2 4 8 16 17 32 64 81 113 177 a
1 2 4 8 16 17 32 64 81 145 177 a
1 2 4 8 16 17 32 64 96 113 177 a
1 2 4 8 16 17 32 64 96 160 177 a
1 2 4 8 16 17 32 64 128 145 177 a
1 2 4 8 16 17 32 64 128 160 177 a
1 2 4 8 16 17 33 37 70 107 177 b
1 2 4 8 16 17 33 37 70 140 177 b
1 2 4 8 16 17 34 42 59 118 177 b
1 2 4 8 16 17 34 51 59 118 177 b
1 2 4 8 16 18 22 44 88 89 177 b
1 2 4 8 16 18 22 44 88 176 177 b
1 2 4 8 16 18 26 44 88 89 177 b
1 2 4 8 16 18 26 44 88 176 177 b
1 2 4 8 16 18 36 44 88 89 177 b
1 2 4 8 16 18 36 44 88 176 177 b
1 2 4 8 16 18 36 52 88 89 177 b
1 2 4 8 16 18 36 52 88 176 177 b
1 2 4 8 16 18 36 72 88 89 177 b
1 2 4 8 16 18 36 72 88 176 177 b
1 2 4 8 16 20 22 44 88 89 177 b
1 2 4 8 16 20 22 44 88 176 177 b
1 2 4 8 16 20 24 44 88 89 177 b
1 2 4 8 16 20 24 44 88 176 177 b
1 2 4 8 16 20 28 44 88 89 177 b
1 2 4 8 16 20 28 44 88 176 177 b
1 2 4 8 16 20 36 44 88 89 177 b
1 2 4 8 16 20 36 44 88 176 177 b
1 2 4 8 16 20 36 52 88 89 177 b
1 2 4 8 16 20 36 52 88 176 177 b
1 2 4 8 16 20 36 72 88 89 177 b
1 2 4 8 16 20 36 72 88 176 177 b
1 2 4 8 16 20 40 44 88 89 177 b
1 2 4 8 16 20 40 44 88 176 177 b
1 2 4 8 16 20 40 48 88 89 177 b
1 2 4 8 16 20 40 48 88 176 177 b
1 2 4 8 16 20 40 80 81 96 177 a
1 2 4 8 16 20 40 80 81 97 177 b
1 2 4 8 16 20 40 80 81 161 177 b
1 2 4 8 16 20 40 80 88 89 177 b
1 2 4 8 16 20 40 80 88 176 177 b
1 2 4 8 16 20 40 80 96 97 177 b
1 2 4 8 16 20 40 80 96 176 177 b
1 2 4 8 16 20 40 80 160 161 177 b
1 2 4 8 16 20 40 80 160 176 177 b
1 2 4 8 16 24 28 44 88 89 177 b
1 2 4 8 16 24 28 44 88 176 177 b
1 2 4 8 16 24 32 56 88 89 177 b
1 2 4 8 16 24 32 56 88 176 177 b
1 2 4 8 16 24 32 64 88 89 177 b
1 2 4 8 16 24 32 64 88 176 177 b
1 2 4 8 16 24 40 44 88 89 177 b
1 2 4 8 16 24 40 44 88 176 177 b
1 2 4 8 16 24 40 48 88 89 177 b
1 2 4 8 16 24 40 48 88 176 177 b
1 2 4 8 16 24 40 64 88 89 177 b
1 2 4 8 16 24 40 64 88 176 177 b
1 2 4 8 16 24 40 80 81 96 177 a
1 2 4 8 16 24 40 80 81 97 177 b
1 2 4 8 16 24 40 80 81 161 177 b
1 2 4 8 16 24 40 80 88 89 177 b
1 2 4 8 16 24 40 80 88 176 177 b
1 2 4 8 16 24 40 80 96 97 177 b
1 2 4 8 16 24 40 80 96 176 177 b
1 2 4 8 16 24 40 80 160 161 177 b
1 2 4 8 16 24 40 80 160 176 177 b
1 2 4 8 16 24 48 49 64 113 177 a
1 2 4 8 16 24 48 49 64 128 177 a
1 2 4 8 16 24 48 64 65 112 177 a
1 2 4 8 16 24 48 64 65 113 177 b
1 2 4 8 16 24 48 64 65 129 177 b
1 2 4 8 16 24 48 64 88 89 177 b
1 2 4 8 16 24 48 64 88 176 177 b
1 2 4 8 16 24 48 64 112 113 177 b
1 2 4 8 16 24 48 64 112 176 177 b
1 2 4 8 16 24 48 64 128 129 177 b
1 2 4 8 16 24 48 64 128 176 177 b
1 2 4 8 16 24 48 72 88 89 177 b
1 2 4 8 16 24 48 72 88 176 177 b
1 2 4 8 16 32 33 36 72 105 177 a
1 2 4 8 16 32 33 36 72 144 177 a
1 2 4 8 16 32 33 37 70 107 177 b
1 2 4 8 16 32 33 37 70 140 177 b
1 2 4 8 16 32 33 40 72 105 177 a
1 2 4 8 16 32 33 40 72 144 177 a
1 2 4 8 16 32 33 48 81 96 177 a
1 2 4 8 16 32 33 48 81 129 177 a
1 2 4 8 16 32 33 48 96 129 177 a
1 2 4 8 16 32 33 48 96 144 177 a
1 2 4 8 16 32 33 49 64 113 177 a
1 2 4 8 16 32 33 49 64 128 177 a
1 2 4 8 16 32 33 64 72 105 177 a
1 2 4 8 16 32 33 64 72 144 177 a
1 2 4 8 16 32 33 64 80 97 177 a
1 2 4 8 16 32 33 64 80 113 177 a
1 2 4 8 16 32 33 64 80 144 177 a
1 2 4 8 16 32 33 64 97 113 177 a
1 2 4 8 16 32 33 64 97 161 177 a
1 2 4 8 16 32 33 64 128 144 177 a
1 2 4 8 16 32 33 64 128 161 177 a
1 2 4 8 16 32 36 44 88 89 177 b
1 2 4 8 16 32 36 44 88 176 177 b
1 2 4 8 16 32 36 52 88 89 177 b
1 2 4 8 16 32 36 52 88 176 177 b
1 2 4 8 16 32 36 72 73 104 177 a
1 2 4 8 16 32 36 72 73 105 177 b
1 2 4 8 16 32 36 72 73 145 177 b
1 2 4 8 16 32 36 72 88 89 177 b
1 2 4 8 16 32 36 72 88 176 177 b
1 2 4 8 16 32 36 72 104 105 177 b
1 2 4 8 16 32 36 72 104 176 177 b
1 2 4 8 16 32 36 72 144 145 177 b
1 2 4 8 16 32 36 72 144 176 177 b
1 2 4 8 16 32 40 44 88 89 177 b
1 2 4 8 16 32 40 44 88 176 177 b
1 2 4 8 16 32 40 48 88 89 177 b
1 2 4 8 16 32 40 48 88 176 177 b
1 2 4 8 16 32 40 56 88 89 177 b
1 2 4 8 16 32 40 56 88 176 177 b
1 2 4 8 16 32 40 72 73 104 177 a
1 2 4 8 16 32 40 72 73 105 177 b
1 2 4 8 16 32 40 72 73 145 177 b
1 2 4 8 16 32 40 72 88 89 177 b
1 2 4 8 16 32 40 72 88 176 177 b
1 2 4 8 16 32 40 72 104 105 177 b
1 2 4 8 16 32 40 72 104 176 177 b
1 2 4 8 16 32 40 72 144 145 177 b
1 2 4 8 16 32 40 72 144 176 177 b
1 2 4 8 16 32 40 80 81 96 177 a
1 2 4 8 16 32 40 80 81 97 177 b
1 2 4 8 16 32 40 80 81 161 177 b
1 2 4 8 16 32 40 80 88 89 177 b
1 2 4 8 16 32 40 80 88 176 177 b
1 2 4 8 16 32 40 80 96 97 177 b
1 2 4 8 16 32 40 80 96 176 177 b
1 2 4 8 16 32 40 80 160 161 177 b
1 2 4 8 16 32 40 80 160 176 177 b
1 2 4 8 16 32 48 49 64 113 177 a
1 2 4 8 16 32 48 49 64 128 177 a
1 2 4 8 16 32 48 49 80 97 177 a
1 2 4 8 16 32 48 49 80 128 177 a
1 2 4 8 16 32 48 49 80 129 177 a
1 2 4 8 16 32 48 49 81 96 177 a
1 2 4 8 16 32 48 49 81 129 177 b
1 2 4 8 16 32 48 49 96 128 177 a
1 2 4 8 16 32 48 49 96 145 177 a
1 2 4 8 16 32 48 49 97 129 177 b
1 2 4 8 16 32 48 49 97 145 177 b
1 2 4 8 16 32 48 56 88 89 177 b
1 2 4 8 16 32 48 56 88 176 177 b
1 2 4 8 16 32 48 64 65 112 177 a
1 2 4 8 16 32 48 64 65 113 177 b
1 2 4 8 16 32 48 64 65 129 177 b
1 2 4 8 16 32 48 64 112 113 177 b
1 2 4 8 16 32 48 64 112 176 177 b
1 2 4 8 16 32 48 64 128 129 177 b
1 2 4 8 16 32 48 64 128 176 177 b
1 2 4 8 16 32 48 80 81 96 177 a
1 2 4 8 16 32 48 80 81 97 177 b
1 2 4 8 16 32 48 80 81 129 177 b
1 2 4 8 16 32 48 80 81 161 177 b
1 2 4 8 16 32 48 80 88 89 177 b
1 2 4 8 16 32 48 80 88 176 177 b
1 2 4 8 16 32 48 80 96 97 177 b
1 2 4 8 16 32 48 80 96 176 177 b
1 2 4 8 16 32 48 80 128 129 177 b
1 2 4 8 16 32 48 80 128 176 177 b
1 2 4 8 16 32 48 80 160 161 177 b
1 2 4 8 16 32 48 80 160 176 177 b
1 2 4 8 16 32 48 96 97 129 177 b
1 2 4 8 16 32 48 96 97 145 177 b
1 2 4 8 16 32 48 96 128 129 177 b
1 2 4 8 16 32 48 96 128 176 177 b
1 2 4 8 16 32 48 96 144 145 177 b
1 2 4 8 16 32 48 96 144 176 177 b
1 2 4 8 16 32 64 65 80 97 177 a
1 2 4 8 16 32 64 65 80 112 177 a
1 2 4 8 16 32 64 65 80 145 177 a
1 2 4 8 16 32 64 65 81 96 177 a
1 2 4 8 16 32 64 65 81 113 177 b
1 2 4 8 16 32 64 65 81 145 177 b
1 2 4 8 16 32 64 65 96 112 177 a
1 2 4 8 16 32 64 65 96 161 177 a
1 2 4 8 16 32 64 65 97 113 177 b
1 2 4 8 16 32 64 65 97 161 177 b
1 2 4 8 16 32 64 65 129 145 177 b
1 2 4 8 16 32 64 65 129 161 177 b
1 2 4 8 16 32 64 72 73 104 177 a
1 2 4 8 16 32 64 72 73 105 177 b
1 2 4 8 16 32 64 72 73 145 177 b
1 2 4 8 16 32 64 72 88 89 177 b
1 2 4 8 16 32 64 72 88 176 177 b
1 2 4 8 16 32 64 72 104 105 177 b
1 2 4 8 16 32 64 72 104 176 177 b
1 2 4 8 16 32 64 72 144 145 177 b
1 2 4 8 16 32 64 72 144 176 177 b
1 2 4 8 16 32 64 80 81 96 177 a
1 2 4 8 16 32 64 80 81 97 177 b
1 2 4 8 16 32 64 80 81 113 177 b
1 2 4 8 16 32 64 80 81 145 177 b
1 2 4 8 16 32 64 80 81 161 177 b
1 2 4 8 16 32 64 80 88 89 177 b
1 2 4 8 16 32 64 80 88 176 177 b
1 2 4 8 16 32 64 80 96 97 177 b
1 2 4 8 16 32 64 80 96 176 177 b
1 2 4 8 16 32 64 80 112 113 177 b
1 2 4 8 16 32 64 80 112 176 177 b
1 2 4 8 16 32 64 80 144 145 177 b
1 2 4 8 16 32 64 80 144 176 177 b
1 2 4 8 16 32 64 80 160 161 177 b
1 2 4 8 16 32 64 80 160 176 177 b
1 2 4 8 16 32 64 96 97 113 177 b
1 2 4 8 16 32 64 96 97 161 177 b
1 2 4 8 16 32 64 96 112 113 177 b
1 2 4 8 16 32 64 96 112 176 177 b
1 2 4 8 16 32 64 96 160 161 177 b
1 2 4 8 16 32 64 96 160 176 177 b
1 2 4 8 16 32 64 128 129 145 177 b
1 2 4 8 16 32 64 128 129 161 177 b
1 2 4 8 16 32 64 128 144 145 177 b
1 2 4 8 16 32 64 128 144 176 177 b
1 2 4 8 16 32 64 128 160 161 177 b
1 2 4 8 16 32 64 128 160 176 177 b
