1 2 3 6 9 18 36 37 73 146 b
1 2 3 6 9 18 36 72 73 146 b
1 2 3 6 9 18 36 72 74 146 b
1 2 3 6 9 18 36 72 144 146 b
1 2 3 6 12 18 36 37 73 146 b
1 2 3 6 12 18 36 72 73 146 b
1 2 3 6 12 18 36 72 74 146 b
1 2 3 6 12 18 36 72 144 146 b
1 2 3 6 12 24 25 48 73 146 a
1 2 3 6 12 24 25 49 73 146 b
1 2 3 6 12 24 36 37 73 146 b
1 2 3 6 12 24 36 72 73 146 b
1 2 3 6 12 24 36 72 74 146 b
1 2 3 6 12 24 36 72 144 146 b
1 2 3 6 12 24 48 49 73 146 b
1 2 3 6 12 24 48 49 97 146 b
1 2 3 6 12 24 48 49 98 146 b
1 2 3 6 12 24 48 50 96 146 a
1 2 3 6 12 24 48 50 98 146 b
1 2 3 6 12 24 48 72 73 146 b
1 2 3 6 12 24 48 72 74 146 b
1 2 3 6 12 24 48 72 144 146 b
1 2 3 6 12 24 48 96 98 146 b
1 2 3 6 12 24 48 96 144 146 b
1 2 4 5 9 18 36 37 73 146 b
1 2 4 5 9 18 36 72 73 146 b
1 2 4 5 9 18 36 72 74 146 b
1 2 4 5 9 18 36 72 144 146 b
1 2 4 6 12 18 36 37 73 146 b
1 2 4 6 12 18 36 72 73 146 b
1 2 4 6 12 18 36 72 74 146 b
1 2 4 6 12 18 36 72 144 146 b
1 2 4 6 12 24 25 48 73 146 a
1 2 4 6 12 24 25 49 73 146 b
1 2 4 6 12 24 36 37 73 146 b
1 2 4 6 12 24 36 72 73 146 b
1 2 4 6 12 24 36 72 74 146 b
1 2 4 6 12 24 36 72 144 146 b
1 2 4 6 12 24 48 49 73 146 b
1 2 4 6 12 24 48 49 97 146 b
1 2 4 6 12 24 48 49 98 146 b
1 2 4 6 12 24 48 50 96 146 a
1 2 4 6 12 24 48 50 98 146 b
1 2 4 6 12 24 48 72 73 146 b
1 2 4 6 12 24 48 72 74 146 b
1 2 4 6 12 24 48 72 144 146 b
1 2 4 6 12 24 48 96 98 146 b
1 2 4 6 12 24 48 96 144 146 b
1 2 4 8 9 16 32 41 73 146 a
1 2 4 8 9 16 32 64 73 146 a
1 2 4 8 9 18 36 37 73 146 b
1 2 4 8 9 18 36 72 73 146 b
1 2 4 8 9 18 36 72 74 146 b
1 2 4 8 9 18 36 72 144 146 b
1 2 4 8 10 18 36 37 73 146 b
1 2 4 8 10 18 36 72 73 146 b
1 2 4 8 10 18 36 72 74 146 b
1 2 4 8 10 18 36 72 144 146 b
1 2 4 8 12 24 25 48 73 146 a
1 2 4 8 12 24 25 49 73 146 b
1 2 4 8 12 24 36 37 73 146 b
1 2 4 8 12 24 36 72 73 146 b
1 2 4 8 12 24 36 72 74 146 b
1 2 4 8 12 24 36 72 144 146 b
1 2 4 8 12 24 48 49 73 146 b
1 2 4 8 12 24 48 49 97 146 b
1 2 4 8 12 24 48 49 98 146 b
1 2 4 8 12 24 48 50 96 146 a
1 2 4 8 12 24 48 50 98 146 b
1 2 4 8 12 24 48 72 73 146 b
1 2 4 8 12 24 48 72 74 146 b
1 2 4 8 12 24 48 72 144 146 b
1 2 4 8 12 24 48 96 98 146 b
1 2 4 8 12 24 48 96 144 146 b
1 2 4 8 16 18 32 64 82 146 a
1 2 4 8 16 18 32 64 128 146 a
1 2 4 8 16 18 36 37 73 146 b
1 2 4 8 16 18 36 72 73 146 b
1 2 4 8 16 18 36 72 74 146 b
1 2 4 8 16 18 36 72 144 146 b
1 2 4 8 16 20 36 37 73 146 b
1 2 4 8 16 20 36 72 73 146 b
1 2 4 8 16 20 36 72 74 146 b
1 2 4 8 16 20 36 72 144 146 b
1 2 4 8 16 24 25 48 73 146 a
1 2 4 8 16 24 25 49 73 146 b
1 2 4 8 16 24 48 49 73 146 b
1 2 4 8 16 24 48 49 97 146 b
1 2 4 8 16 24 48 49 98 146 b
1 2 4 8 16 24 48 50 96 146 a
1 2 4 8 16 24 48 50 98 146 b
1 2 4 8 16 24 48 72 73 146 b
1 2 4 8 16 24 48 72 74 146 b
1 2 4 8 16 24 48 72 144 146 b
1 2 4 8 16 24 48 96 98 146 b
1 2 4 8 16 24 48 96 144 146 b
1 2 4 8 16 32 33 40 73 146 a
1 2 4 8 16 32 33 41 73 146 b
1 2 4 8 16 32 33 65 73 146 b
1 2 4 8 16 32 33 65 81 146 b
1 2 4 8 16 32 33 65 130 146 b
1 2 4 8 16 32 36 37 73 146 b
1 2 4 8 16 32 36 72 73 146 b
1 2 4 8 16 32 36 72 74 146 b
1 2 4 8 16 32 36 72 144 146 b
1 2 4 8 16 32 40 41 73 146 b
1 2 4 8 16 32 40 72 73 146 b
1 2 4 8 16 32 40 72 74 146 b
1 2 4 8 16 32 40 72 144 146 b
1 2 4 8 16 32 48 49 97 146 b
1 2 4 8 16 32 48 49 98 146 b
1 2 4 8 16 32 48 50 96 146 a
1 2 4 8 16 32 48 50 98 146 b
1 2 4 8 16 32 48 96 98 146 b
1 2 4 8 16 32 48 96 144 146 b
1 2 4 8 16 32 64 65 73 146 b
1 2 4 8 16 32 64 65 81 146 b
1 2 4 8 16 32 64 65 130 146 b
1 2 4 8 16 32 64 66 80 146 a
1 2 4 8 16 32 64 66 82 146 b
1 2 4 8 16 32 64 66 130 146 b
1 2 4 8 16 32 64 72 73 146 b
1 2 4 8 16 32 64 72 74 146 b
1 2 4 8 16 32 64 72 144 146 b
1 2 4 8 16 32 64 80 82 146 b
1 2 4 8 16 32 64 80 144 146 b
1 2 4 8 16 32 64 128 130 146 b
1 2 4 8 16 32 64 128 144 146 b
