1 2 3 5 7 14 21 42 84 89 173 b
1 2 3 5 7 14 21 42 84 168 173 b
1 2 3 5 7 14 28 42 84 89 173 b
1 2 3 5 7 14 28 42 84 168 173 b
1 2 3 5 7 14 28 56 61 112 173 a
1 2 3 5 7 14 28 56 61 117 173 b
1 2 3 5 7 14 28 56 84 89 173 b
1 2 3 5 7 14 28 56 84 168 173 b
1 2 3 5 7 14 28 56 112 117 173 b
1 2 3 5 7 14 28 56 112 168 173 b
1 2 3 5 8 13 21 42 84 89 173 b
1 2 3 5 8 13 21 42 84 168 173 b
1 2 3 5 8 16 21 42 84 89 173 b
1 2 3 5 8 16 21 42 84 168 173 b
1 2 3 5 10 11 21 42 84 89 173 b
1 2 3 5 10 11 21 42 84 168 173 b
1 2 3 5 10 13 20 40 80 93 173 a
1 2 3 5 10 13 20 40 80 160 173 a
1 2 3 5 10 20 21 42 84 89 173 b
1 2 3 5 10 20 21 42 84 168 173 b
1 2 3 5 10 20 22 42 84 89 173 b
1 2 3 5 10 20 22 42 84 168 173 b
1 2 3 5 10 20 23 43 86 87 173 b
1 2 3 5 10 20 23 43 86 172 173 b
1 2 3 5 10 20 40 42 84 89 173 b
1 2 3 5 10 20 40 42 84 168 173 b
1 2 3 5 10 20 40 43 86 87 173 b
1 2 3 5 10 20 40 43 86 172 173 b
1 2 3 5 10 20 40 45 85 88 173 b
1 2 3 5 10 20 40 45 85 170 173 b
1 2 3 5 10 20 40 80 83 90 173 a
1 2 3 5 10 20 40 80 83 93 173 b
1 2 3 5 10 20 40 80 83 163 173 b
1 2 3 5 10 20 40 80 85 88 173 b
1 2 3 5 10 20 40 80 85 170 173 b
1 2 3 5 10 20 40 80 90 93 173 b
1 2 3 5 10 20 40 80 90 170 173 b
1 2 3 5 10 20 40 80 160 163 173 b
1 2 3 5 10 20 40 80 160 170 173 b
1 2 3 6 7 13 20 40 80 93 173 b
1 2 3 6 7 13 20 40 80 160 173 b
1 2 3 6 12 13 25 37 74 99 173 b
1 2 3 6 12 13 25 37 74 148 173 b
1 2 3 6 12 24 25 37 74 99 173 b
1 2 3 6 12 24 25 37 74 148 173 b
1 2 3 6 12 24 25 49 74 99 173 b
1 2 3 6 12 24 25 49 74 148 173 b
1 2 3 6 12 24 25 50 74 99 173 b
1 2 3 6 12 24 25 50 74 148 173 b
1 2 4 5 7 14 21 42 84 89 173 b
1 2 4 5 7 14 21 42 84 168 173 b
1 2 4 5 7 14 28 42 84 89 173 b
1 2 4 5 7 14 28 42 84 168 173 b
1 2 4 5 7 14 28 56 61 112 173 a
1 2 4 5 7 14 28 56 61 117 173 b
1 2 4 5 7 14 28 56 84 89 173 b
1 2 4 5 7 14 28 56 84 168 173 b
1 2 4 5 7 14 28 56 112 117 173 b
1 2 4 5 7 14 28 56 112 168 173 b
1 2 4 5 8 13 21 42 84 89 173 a
1 2 4 5 8 13 21 42 84 168 173 a
1 2 4 5 8 16 21 42 84 89 173 a
1 2 4 5 8 16 21 42 84 168 173 a
1 2 4 5 9 14 28 42 84 89 173 b
1 2 4 5 9 14 28 42 84 168 173 b
1 2 4 5 9 14 28 56 61 112 173 a
1 2 4 5 9 14 28 56 61 117 173 b
1 2 4 5 9 14 28 56 84 89 173 b
1 2 4 5 9 14 28 56 84 168 173 b
1 2 4 5 9 14 28 56 112 117 173 b
1 2 4 5 9 14 28 56 112 168 173 b
1 2 4 5 9 18 23 41 82 91 173 b
1 2 4 5 9 18 23 41 82 164 173 b
1 2 4 5 9 18 36 41 82 91 173 b
1 2 4 5 9 18 36 41 82 164 173 b
1 2 4 5 10 11 21 42 84 89 173 b
1 2 4 5 10 11 21 42 84 168 173 b
1 2 4 5 10 14 28 42 84 89 173 b
1 2 4 5 10 14 28 42 84 168 173 b
1 2 4 5 10 14 28 56 61 112 173 a
1 2 4 5 10 14 28 56 61 117 173 b
1 2 4 5 10 14 28 56 84 89 173 b
1 2 4 5 10 14 28 56 84 168 173 b
1 2 4 5 10 14 28 56 112 117 173 b
1 2 4 5 10 14 28 56 112 168 173 b
1 2 4 5 10 20 21 42 84 89 173 b
1 2 4 5 10 20 21 42 84 168 173 b
1 2 4 5 10 20 22 42 84 89 173 b
1 2 4 5 10 20 22 42 84 168 173 b
1 2 4 5 10 20 40 42 84 89 173 b
1 2 4 5 10 20 40 42 84 168 173 b
1 2 4 5 10 20 40 44 84 89 173 b
1 2 4 5 10 20 40 44 84 168 173 b
1 2 4 5 10 20 40 80 84 89 173 b
1 2 4 5 10 20 40 80 84 168 173 b
1 2 4 6 7 13 20 40 80 93 173 b
1 2 4 6 7 13 20 40 80 160 173 b
1 2 4 6 10 20 40 46 86 87 173 b
1 2 4 6 10 20 40 46 86 172 173 b
1 2 4 6 10 20 40 80 86 87 173 b
1 2 4 6 10 20 40 80 86 172 173 b
1 2 4 6 12 13 25 37 74 99 173 b
1 2 4 6 12 13 25 37 74 148 173 b
1 2 4 6 12 24 25 37 74 99 173 b
1 2 4 6 12 24 25 37 74 148 173 b
1 2 4 6 12 24 25 49 74 99 173 b
1 2 4 6 12 24 25 49 74 148 173 b
1 2 4 6 12 24 25 50 74 99 173 b
1 2 4 6 12 24 25 50 74 148 173 b
1 2 4 8 9 16 25 41 66 107 173 a
1 2 4 8 9 16 25 41 66 132 173 a
1 2 4 8 9 16 25 41 82 91 173 a
1 2 4 8 9 16 25 41 82 164 173 a
1 2 4 8 9 16 32 41 82 91 173 a
1 2 4 8 9 16 32 41 82 164 173 a
1 2 4 8 9 17 21 38 76 97 173 b
1 2 4 8 9 17 21 38 76 152 173 b
1 2 4 8 9 17 26 43 86 87 173 b
1 2 4 8 9 17 26 43 86 172 173 b
1 2 4 8 9 17 26 52 69 104 173 a
1 2 4 8 9 17 26 52 69 121 173 b
1 2 4 8 9 17 26 52 78 95 173 b
1 2 4 8 9 17 26 52 78 156 173 b
1 2 4 8 9 17 26 52 104 121 173 b
1 2 4 8 9 17 26 52 104 156 173 b
1 2 4 8 9 17 34 35 69 104 173 b
1 2 4 8 9 17 34 35 69 138 173 b
1 2 4 8 9 17 34 43 86 87 173 b
1 2 4 8 9 17 34 43 86 172 173 b
1 2 4 8 12 13 20 40 80 93 173 a
1 2 4 8 12 13 20 40 80 160 173 a
1 2 4 8 12 13 25 37 74 99 173 b
1 2 4 8 12 13 25 37 74 148 173 b
1 2 4 8 12 20 40 80 81 92 173 a
1 2 4 8 12 20 40 80 81 93 173 b
1 2 4 8 12 20 40 80 81 161 173 b
1 2 4 8 12 20 40 80 92 93 173 b
1 2 4 8 12 20 40 80 92 172 173 b
1 2 4 8 12 20 40 80 160 161 173 b
1 2 4 8 12 20 40 80 160 172 173 b
1 2 4 8 12 24 25 37 74 99 173 b
1 2 4 8 12 24 25 37 74 148 173 b
1 2 4 8 12 24 25 49 74 99 173 b
1 2 4 8 12 24 25 49 74 148 173 b
1 2 4 8 12 24 25 50 74 99 173 b
1 2 4 8 12 24 25 50 74 148 173 b
1 2 4 8 16 17 21 38 76 97 173 b
1 2 4 8 16 17 21 38 76 152 173 b
1 2 4 8 16 17 25 41 66 107 173 b
1 2 4 8 16 17 25 41 66 132 173 b
1 2 4 8 16 17 33 35 70 103 173 b
1 2 4 8 16 17 33 35 70 140 173 b
1 2 4 8 16 17 33 37 70 103 173 b
1 2 4 8 16 17 33 37 70 140 173 b
1 2 4 8 16 17 33 41 66 107 173 a
1 2 4 8 16 17 33 41 66 132 173 a
1 2 4 8 16 17 33 66 70 103 173 b
1 2 4 8 16 17 33 66 70 140 173 b
1 2 4 8 16 17 33 66 74 99 173 a
1 2 4 8 16 17 33 66 74 107 173 b
1 2 4 8 16 17 33 66 74 140 173 b
1 2 4 8 16 17 33 66 99 107 173 b
1 2 4 8 16 17 33 66 99 165 173 b
1 2 4 8 16 17 33 66 132 140 173 b
1 2 4 8 16 17 33 66 132 165 173 b
1 2 4 8 16 17 34 35 69 104 173 b
1 2 4 8 16 17 34 35 69 138 173 b
1 2 4 8 16 18 34 35 69 104 173 b
1 2 4 8 16 18 34 35 69 138 173 b
1 2 4 8 16 18 34 52 86 87 173 b
1 2 4 8 16 18 34 52 86 172 173 b
1 2 4 8 16 18 34 68 86 87 173 b
1 2 4 8 16 18 34 68 86 172 173 b
1 2 4 8 16 24 25 41 66 107 173 b
1 2 4 8 16 24 25 41 66 132 173 b
1 2 4 8 16 24 25 49 74 99 173 b
1 2 4 8 16 24 25 49 74 148 173 b
1 2 4 8 16 24 25 50 74 99 173 b
1 2 4 8 16 24 25 50 74 148 173 b
1 2 4 8 16 32 33 35 70 103 173 b
1 2 4 8 16 32 33 35 70 140 173 b
1 2 4 8 16 32 33 37 70 103 173 b
1 2 4 8 16 32 33 37 70 140 173 b
1 2 4 8 16 32 33 41 66 107 173 a
1 2 4 8 16 32 33 41 66 132 173 a
1 2 4 8 16 32 33 66 70 103 173 b
1 2 4 8 16 32 33 66 70 140 173 b
1 2 4 8 16 32 33 66 74 99 173 a
1 2 4 8 16 32 33 66 74 107 173 b
1 2 4 8 16 32 33 66 74 140 173 b
1 2 4 8 16 32 33 66 99 107 173 b
1 2 4 8 16 32 33 66 99 165 173 b
1 2 4 8 16 32 33 66 132 140 173 b
1 2 4 8 16 32 33 66 132 165 173 b
1 2 4 8 16 32 34 35 69 104 173 b
1 2 4 8 16 32 34 35 69 138 173 b
1 2 4 8 16 32 36 37 68 105 173 a
1 2 4 8 16 32 36 37 68 136 173 a
1 2 4 8 16 32 36 68 69 104 173 a
1 2 4 8 16 32 36 68 69 105 173 b
1 2 4 8 16 32 36 68 69 137 173 b
1 2 4 8 16 32 36 68 104 105 173 b
1 2 4 8 16 32 36 68 104 172 173 b
1 2 4 8 16 32 36 68 136 137 173 b
1 2 4 8 16 32 36 68 136 172 173 b
