1 2 3 4 7 14 21 42 63 126 189 b
1 2 3 4 7 14 21 42 84 105 189 b
1 2 3 4 7 14 21 42 84 168 189 b
1 2 3 4 7 14 28 35 63 126 189 b
1 2 3 4 7 14 28 56 63 126 189 b
1 2 3 5 7 14 21 42 63 126 189 b
1 2 3 5 7 14 21 42 84 105 189 b
1 2 3 5 7 14 21 42 84 168 189 b
1 2 3 5 7 14 28 35 63 126 189 b
1 2 3 5 7 14 28 56 63 126 189 b
1 2 3 5 8 13 21 42 63 126 189 b
1 2 3 5 8 13 21 42 84 105 189 b
1 2 3 5 8 13 21 42 84 168 189 b
1 2 3 5 8 16 21 42 63 126 189 b
1 2 3 5 8 16 21 42 84 105 189 b
1 2 3 5 8 16 21 42 84 168 189 b
1 2 3 5 10 11 21 42 63 126 189 b
1 2 3 5 10 11 21 42 84 105 189 b
1 2 3 5 10 11 21 42 84 168 189 b
1 2 3 5 10 13 23 46 92 97 189 b
1 2 3 5 10 13 23 46 92 184 189 b
1 2 3 5 10 15 30 33 63 126 189 b
1 2 3 5 10 15 30 60 63 126 189 b
1 2 3 5 10 20 21 42 63 126 189 b
1 2 3 5 10 20 21 42 84 105 189 b
1 2 3 5 10 20 21 42 84 168 189 b
1 2 3 5 10 20 23 40 63 126 189 a
1 2 3 5 10 20 23 43 63 126 189 b
1 2 3 5 10 20 23 46 92 97 189 b
1 2 3 5 10 20 23 46 92 184 189 b
1 2 3 5 10 20 30 33 63 126 189 b
1 2 3 5 10 20 30 60 63 126 189 b
1 2 3 5 10 20 40 43 63 126 189 b
1 2 3 5 10 20 40 60 63 126 189 b
1 2 3 6 7 14 21 42 63 126 189 b
1 2 3 6 7 14 21 42 84 105 189 b
1 2 3 6 7 14 21 42 84 168 189 b
1 2 3 6 7 14 28 35 63 126 189 b
1 2 3 6 7 14 28 56 63 126 189 b
1 2 3 6 9 12 21 42 63 126 189 b
1 2 3 6 9 12 21 42 84 105 189 b
1 2 3 6 9 12 21 42 84 168 189 b
1 2 3 6 9 15 21 42 63 126 189 b
1 2 3 6 9 15 21 42 84 105 189 b
1 2 3 6 9 15 21 42 84 168 189 b
1 2 3 6 9 15 24 39 63 126 189 b
1 2 3 6 9 15 24 48 63 126 189 b
1 2 3 6 9 15 30 33 63 126 189 b
1 2 3 6 9 15 30 45 90 99 189 b
1 2 3 6 9 15 30 45 90 180 189 b
1 2 3 6 9 15 30 60 63 126 189 b
1 2 3 6 9 15 30 60 69 120 189 a
1 2 3 6 9 15 30 60 69 129 189 b
1 2 3 6 9 15 30 60 90 99 189 b
1 2 3 6 9 15 30 60 90 180 189 b
1 2 3 6 9 15 30 60 120 129 189 b
1 2 3 6 9 15 30 60 120 180 189 b
1 2 3 6 9 18 21 42 63 126 189 b
1 2 3 6 9 18 21 42 84 105 189 b
1 2 3 6 9 18 21 42 84 168 189 b
1 2 3 6 9 18 27 36 63 126 189 b
1 2 3 6 9 18 27 45 63 126 189 b
1 2 3 6 9 18 27 45 72 117 189 b
1 2 3 6 9 18 27 45 72 144 189 b
1 2 3 6 9 18 27 45 90 99 189 b
1 2 3 6 9 18 27 45 90 180 189 b
1 2 3 6 9 18 27 54 63 126 189 b
1 2 3 6 9 18 27 54 81 108 189 b
1 2 3 6 9 18 27 54 81 135 189 b
1 2 3 6 9 18 27 54 81 162 189 b
1 2 3 6 9 18 27 54 108 135 189 b
1 2 3 6 9 18 27 54 108 162 189 b
1 2 3 6 9 18 36 39 75 114 189 b
1 2 3 6 9 18 36 39 75 150 189 b
1 2 3 6 9 18 36 45 63 126 189 b
1 2 3 6 9 18 36 45 72 117 189 a
1 2 3 6 9 18 36 45 72 144 189 a
1 2 3 6 9 18 36 45 90 99 189 b
1 2 3 6 9 18 36 45 90 180 189 b
1 2 3 6 9 18 36 54 63 126 189 b
1 2 3 6 9 18 36 54 90 99 189 b
1 2 3 6 9 18 36 54 90 180 189 b
1 2 3 6 9 18 36 72 81 108 189 a
1 2 3 6 9 18 36 72 81 117 189 b
1 2 3 6 9 18 36 72 81 153 189 b
1 2 3 6 9 18 36 72 90 99 189 b
1 2 3 6 9 18 36 72 90 180 189 b
1 2 3 6 9 18 36 72 108 117 189 b
1 2 3 6 9 18 36 72 108 180 189 b
1 2 3 6 9 18 36 72 144 153 189 b
1 2 3 6 9 18 36 72 144 180 189 b
1 2 3 6 12 13 25 38 63 126 189 b
1 2 3 6 12 13 25 50 63 126 189 b
1 2 3 6 12 15 21 42 63 126 189 b
1 2 3 6 12 15 21 42 84 105 189 b
1 2 3 6 12 15 21 42 84 168 189 b
1 2 3 6 12 15 24 39 63 126 189 a
1 2 3 6 12 15 24 48 63 126 189 a
1 2 3 6 12 15 27 54 81 108 189 b
1 2 3 6 12 15 27 54 81 135 189 b
1 2 3 6 12 15 27 54 81 162 189 b
1 2 3 6 12 15 27 54 108 135 189 b
1 2 3 6 12 15 27 54 108 162 189 b
1 2 3 6 12 15 30 33 63 126 189 b
1 2 3 6 12 15 30 60 63 126 189 b
1 2 3 6 12 18 21 42 63 126 189 b
1 2 3 6 12 18 21 42 84 105 189 b
1 2 3 6 12 18 21 42 84 168 189 b
1 2 3 6 12 18 30 33 63 126 189 b
1 2 3 6 12 18 30 60 63 126 189 b
1 2 3 6 12 18 36 39 75 114 189 b
1 2 3 6 12 18 36 39 75 150 189 b
1 2 3 6 12 24 27 36 63 126 189 a
1 2 3 6 12 24 27 39 63 126 189 b
1 2 3 6 12 24 27 51 63 126 189 b
1 2 3 6 12 24 27 54 81 108 189 b
1 2 3 6 12 24 27 54 81 135 189 b
1 2 3 6 12 24 27 54 81 162 189 b
1 2 3 6 12 24 27 54 108 135 189 b
1 2 3 6 12 24 27 54 108 162 189 b
1 2 3 6 12 24 30 33 63 126 189 b
1 2 3 6 12 24 30 60 63 126 189 b
1 2 3 6 12 24 36 39 63 126 189 b
1 2 3 6 12 24 36 39 75 114 189 b
1 2 3 6 12 24 36 39 75 150 189 b
1 2 3 6 12 24 36 60 63 126 189 b
1 2 3 6 12 24 48 51 63 126 189 b
1 2 3 6 12 24 48 60 63 126 189 b
1 2 4 5 7 14 21 42 63 126 189 b
1 2 4 5 7 14 21 42 84 105 189 b
1 2 4 5 7 14 21 42 84 168 189 b
1 2 4 5 7 14 28 35 63 126 189 b
1 2 4 5 7 14 28 56 63 126 189 b
1 2 4 5 8 13 21 42 63 126 189 a
1 2 4 5 8 13 21 42 84 105 189 a
1 2 4 5 8 13 21 42 84 168 189 a
1 2 4 5 8 16 21 42 63 126 189 a
1 2 4 5 8 16 21 42 84 105 189 a
1 2 4 5 8 16 21 42 84 168 189 a
1 2 4 5 9 13 22 44 88 101 189 b
1 2 4 5 9 13 22 44 88 176 189 b
1 2 4 5 9 14 23 46 92 97 189 b
1 2 4 5 9 14 23 46 92 184 189 b
1 2 4 5 9 18 23 46 92 97 189 b
1 2 4 5 9 18 23 46 92 184 189 b
1 2 4 5 9 18 27 36 63 126 189 b
1 2 4 5 9 18 27 45 63 126 189 b
1 2 4 5 9 18 27 45 72 117 189 b
1 2 4 5 9 18 27 45 72 144 189 b
1 2 4 5 9 18 27 45 90 99 189 b
1 2 4 5 9 18 27 45 90 180 189 b
1 2 4 5 9 18 27 54 63 126 189 b
1 2 4 5 9 18 27 54 81 108 189 b
1 2 4 5 9 18 27 54 81 135 189 b
1 2 4 5 9 18 27 54 81 162 189 b
1 2 4 5 9 18 27 54 108 135 189 b
1 2 4 5 9 18 27 54 108 162 189 b
1 2 4 5 9 18 36 45 63 126 189 b
1 2 4 5 9 18 36 45 72 117 189 a
1 2 4 5 9 18 36 45 72 144 189 a
1 2 4 5 9 18 36 45 90 99 189 b
1 2 4 5 9 18 36 45 90 180 189 b
1 2 4 5 9 18 36 54 63 126 189 b
1 2 4 5 9 18 36 54 90 99 189 b
1 2 4 5 9 18 36 54 90 180 189 b
1 2 4 5 9 18 36 72 81 108 189 a
1 2 4 5 9 18 36 72 81 117 189 b
1 2 4 5 9 18 36 72 81 153 189 b
1 2 4 5 9 18 36 72 90 99 189 b
1 2 4 5 9 18 36 72 90 180 189 b
1 2 4 5 9 18 36 72 108 117 189 b
1 2 4 5 9 18 36 72 108 180 189 b
1 2 4 5 9 18 36 72 144 153 189 b
1 2 4 5 9 18 36 72 144 180 189 b
1 2 4 5 10 11 21 42 63 126 189 b
1 2 4 5 10 11 21 42 84 105 189 b
1 2 4 5 10 11 21 42 84 168 189 b
1 2 4 5 10 20 21 42 63 126 189 b
1 2 4 5 10 20 21 42 84 105 189 b
1 2 4 5 10 20 21 42 84 168 189 b
1 2 4 6 7 14 21 42 63 126 189 b
1 2 4 6 7 14 21 42 84 105 189 b
1 2 4 6 7 14 21 42 84 168 189 b
1 2 4 6 7 14 28 35 63 126 189 b
1 2 4 6 7 14 28 56 63 126 189 b
1 2 4 6 10 11 21 42 63 126 189 b
1 2 4 6 10 11 21 42 84 105 189 b
1 2 4 6 10 11 21 42 84 168 189 b
1 2 4 6 10 20 21 42 63 126 189 b
1 2 4 6 10 20 21 42 84 105 189 b
1 2 4 6 10 20 21 42 84 168 189 b
1 2 4 6 12 13 25 38 63 126 189 b
1 2 4 6 12 13 25 50 63 126 189 b
1 2 4 8 9 12 21 42 63 126 189 a
1 2 4 8 9 12 21 42 84 105 189 a
1 2 4 8 9 12 21 42 84 168 189 a
1 2 4 8 9 13 21 42 63 126 189 b
1 2 4 8 9 13 21 42 84 105 189 b
1 2 4 8 9 13 21 42 84 168 189 b
1 2 4 8 9 13 22 44 88 101 189 b
1 2 4 8 9 13 22 44 88 176 189 b
1 2 4 8 9 16 25 41 82 107 189 a
1 2 4 8 9 16 25 41 82 164 189 a
1 2 4 8 9 17 21 42 63 126 189 b
1 2 4 8 9 17 21 42 84 105 189 b
1 2 4 8 9 17 21 42 84 168 189 b
1 2 4 8 9 17 26 43 86 103 189 b
1 2 4 8 9 17 26 43 86 172 189 b
1 2 4 8 9 17 34 43 86 103 189 b
1 2 4 8 9 17 34 43 86 172 189 b
1 2 4 8 9 18 27 36 63 126 189 b
1 2 4 8 9 18 27 45 63 126 189 b
1 2 4 8 9 18 27 45 72 117 189 b
1 2 4 8 9 18 27 45 72 144 189 b
1 2 4 8 9 18 27 45 90 99 189 b
1 2 4 8 9 18 27 45 90 180 189 b
1 2 4 8 9 18 27 54 63 126 189 b
1 2 4 8 9 18 27 54 81 108 189 b
1 2 4 8 9 18 27 54 81 135 189 b
1 2 4 8 9 18 27 54 81 162 189 b
1 2 4 8 9 18 27 54 108 135 189 b
1 2 4 8 9 18 27 54 108 162 189 b
1 2 4 8 9 18 36 45 63 126 189 b
1 2 4 8 9 18 36 45 72 117 189 a
1 2 4 8 9 18 36 45 72 144 189 a
1 2 4 8 9 18 36 45 90 99 189 b
1 2 4 8 9 18 36 45 90 180 189 b
1 2 4 8 9 18 36 54 63 126 189 b
1 2 4 8 9 18 36 54 90 99 189 b
1 2 4 8 9 18 36 54 90 180 189 b
1 2 4 8 9 18 36 72 81 108 189 a
1 2 4 8 9 18 36 72 81 117 189 b
1 2 4 8 9 18 36 72 81 153 189 b
1 2 4 8 9 18 36 72 90 99 189 b
1 2 4 8 9 18 36 72 90 180 189 b
1 2 4 8 9 18 36 72 108 117 189 b
1 2 4 8 9 18 36 72 108 180 189 b
1 2 4 8 9 18 36 72 144 153 189 b
1 2 4 8 9 18 36 72 144 180 189 b
1 2 4 8 10 11 21 42 63 126 189 b
1 2 4 8 10 11 21 42 84 105 189 b
1 2 4 8 10 11 21 42 84 168 189 b
1 2 4 8 10 20 21 42 63 126 189 b
1 2 4 8 10 20 21 42 84 105 189 b
1 2 4 8 10 20 21 42 84 168 189 b
1 2 4 8 12 13 21 42 63 126 189 b
1 2 4 8 12 13 21 42 84 105 189 b
1 2 4 8 12 13 21 42 84 168 189 b
1 2 4 8 12 13 25 38 63 126 189 b
1 2 4 8 12 13 25 50 63 126 189 b
1 2 4 8 12 20 21 42 63 126 189 b
1 2 4 8 12 20 21 42 84 105 189 b
1 2 4 8 12 20 21 42 84 168 189 b
1 2 4 8 16 17 21 42 63 126 189 b
1 2 4 8 16 17 21 42 84 105 189 b
1 2 4 8 16 17 21 42 84 168 189 b
1 2 4 8 16 17 25 41 82 107 189 b
1 2 4 8 16 17 25 41 82 164 189 b
1 2 4 8 16 17 33 41 74 115 189 b
1 2 4 8 16 17 33 41 74 148 189 b
1 2 4 8 16 20 21 42 63 126 189 b
1 2 4 8 16 20 21 42 84 105 189 b
1 2 4 8 16 20 21 42 84 168 189 b
1 2 4 8 16 24 25 41 82 107 189 b
1 2 4 8 16 24 25 41 82 164 189 b
1 2 4 8 16 32 33 41 74 115 189 b
1 2 4 8 16 32 33 41 74 148 189 b
