1 2 4 8 9 16 32 64 73 137 a
1 2 4 8 9 16 32 64 128 137 a
1 2 4 8 9 17 34 68 69 137 b
1 2 4 8 9 17 34 68 136 137 b
1 2 4 8 16 17 34 68 69 137 b
1 2 4 8 16 17 34 68 136 137 b
1 2 4 8 16 18 34 68 69 137 b
1 2 4 8 16 18 34 68 136 137 b
1 2 4 8 16 32 34 68 69 137 b
1 2 4 8 16 32 34 68 136 137 b
1 2 4 8 16 32 36 68 69 137 b
1 2 4 8 16 32 36 68 136 137 b
1 2 4 8 16 32 64 65 72 137 a
1 2 4 8 16 32 64 65 73 137 b
1 2 4 8 16 32 64 65 129 137 b
1 2 4 8 16 32 64 68 69 137 b
1 2 4 8 16 32 64 68 136 137 b
1 2 4 8 16 32 64 72 73 137 b
1 2 4 8 16 32 64 72 136 137 b
1 2 4 8 16 32 64 128 129 137 b
1 2 4 8 16 32 64 128 136 137 b
