1 2 3 4 7 11 22 44 45 89 178 b
1 2 3 4 7 11 22 44 88 89 178 b
1 2 3 4 7 11 22 44 88 90 178 b
1 2 3 4 7 11 22 44 88 176 178 b
1 2 3 4 8 11 22 44 45 89 178 b
1 2 3 4 8 11 22 44 88 89 178 b
1 2 3 4 8 11 22 44 88 90 178 b
1 2 3 4 8 11 22 44 88 176 178 b
1 2 3 4 8 16 19 35 54 89 178 b
1 2 3 4 8 16 19 35 70 89 178 b
1 2 3 5 6 11 22 44 45 89 178 b
1 2 3 5 6 11 22 44 88 89 178 b
1 2 3 5 6 11 22 44 88 90 178 b
1 2 3 5 6 11 22 44 88 176 178 b
1 2 3 5 7 14 21 42 47 89 178 b
1 2 3 5 7 14 21 42 84 89 178 b
1 2 3 5 7 14 28 33 56 89 178 a
1 2 3 5 7 14 28 33 61 89 178 b
1 2 3 5 7 14 28 42 47 89 178 b
1 2 3 5 7 14 28 42 84 89 178 b
1 2 3 5 7 14 28 56 61 89 178 b
1 2 3 5 7 14 28 56 61 117 178 b
1 2 3 5 7 14 28 56 61 122 178 b
1 2 3 5 7 14 28 56 84 89 178 b
1 2 3 5 8 11 22 44 45 89 178 b
1 2 3 5 8 11 22 44 88 89 178 b
1 2 3 5 8 11 22 44 88 90 178 b
1 2 3 5 8 11 22 44 88 176 178 b
1 2 3 5 8 13 21 34 55 89 178 b
1 2 3 5 8 13 21 34 68 89 178 b
1 2 3 5 8 13 21 42 47 89 178 b
1 2 3 5 8 13 21 42 84 89 178 b
1 2 3 5 8 16 19 35 54 89 178 b
1 2 3 5 8 16 19 35 70 89 178 b
1 2 3 5 8 16 21 42 47 89 178 b
1 2 3 5 8 16 21 42 84 89 178 b
1 2 3 5 10 11 21 42 47 89 178 b
1 2 3 5 10 11 21 42 84 89 178 b
1 2 3 5 10 11 21 42 84 94 178 b
1 2 3 5 10 11 21 42 84 168 178 b
1 2 3 5 10 11 22 44 45 89 178 b
1 2 3 5 10 11 22 44 88 89 178 b
1 2 3 5 10 11 22 44 88 90 178 b
1 2 3 5 10 11 22 44 88 176 178 b
1 2 3 5 10 12 22 44 45 89 178 b
1 2 3 5 10 12 22 44 88 89 178 b
1 2 3 5 10 12 22 44 88 90 178 b
1 2 3 5 10 12 22 44 88 176 178 b
1 2 3 5 10 13 23 33 56 89 178 b
1 2 3 5 10 13 23 33 66 89 178 b
1 2 3 5 10 20 21 42 47 89 178 b
1 2 3 5 10 20 21 42 84 89 178 b
1 2 3 5 10 20 21 42 84 94 178 b
1 2 3 5 10 20 21 42 84 168 178 b
1 2 3 5 10 20 22 42 47 89 178 b
1 2 3 5 10 20 22 42 84 89 178 b
1 2 3 5 10 20 22 42 84 94 178 b
1 2 3 5 10 20 22 42 84 168 178 b
1 2 3 5 10 20 22 44 45 89 178 b
1 2 3 5 10 20 22 44 88 89 178 b
1 2 3 5 10 20 22 44 88 90 178 b
1 2 3 5 10 20 22 44 88 176 178 b
1 2 3 5 10 20 23 33 56 89 178 b
1 2 3 5 10 20 23 33 66 89 178 b
1 2 3 5 10 20 23 43 46 89 178 b
1 2 3 5 10 20 23 43 66 89 178 b
1 2 3 5 10 20 23 43 86 89 178 b
1 2 3 5 10 20 23 46 66 89 178 b
1 2 3 5 10 20 23 46 66 112 178 b
1 2 3 5 10 20 23 46 66 132 178 b
1 2 3 5 10 20 23 46 69 89 178 b
1 2 3 5 10 20 40 42 47 89 178 b
1 2 3 5 10 20 40 42 84 89 178 b
1 2 3 5 10 20 40 42 84 94 178 b
1 2 3 5 10 20 40 42 84 168 178 b
1 2 3 5 10 20 40 43 46 89 178 b
1 2 3 5 10 20 40 43 86 89 178 b
1 2 3 6 7 13 19 38 51 89 178 b
1 2 3 6 7 13 19 38 76 89 178 b
1 2 3 6 8 11 22 44 45 89 178 b
1 2 3 6 8 11 22 44 88 89 178 b
1 2 3 6 8 11 22 44 88 90 178 b
1 2 3 6 8 11 22 44 88 176 178 b
1 2 3 6 8 14 22 44 45 89 178 b
1 2 3 6 8 14 22 44 88 89 178 b
1 2 3 6 8 14 22 44 88 90 178 b
1 2 3 6 8 14 22 44 88 176 178 b
1 2 3 6 8 16 19 35 54 89 178 b
1 2 3 6 8 16 19 35 70 89 178 b
1 2 3 6 8 16 22 44 45 89 178 b
1 2 3 6 8 16 22 44 88 89 178 b
1 2 3 6 8 16 22 44 88 90 178 b
1 2 3 6 8 16 22 44 88 176 178 b
1 2 3 6 8 16 32 38 70 108 178 b
1 2 3 6 8 16 32 38 70 140 178 b
1 2 3 6 9 10 20 40 49 89 178 b
1 2 3 6 9 10 20 40 80 89 178 b
1 2 3 6 9 11 20 40 49 89 178 b
1 2 3 6 9 11 20 40 80 89 178 b
1 2 3 6 9 11 22 44 45 89 178 b
1 2 3 6 9 11 22 44 88 89 178 b
1 2 3 6 9 11 22 44 88 90 178 b
1 2 3 6 9 11 22 44 88 176 178 b
1 2 3 6 9 18 20 40 49 89 178 b
1 2 3 6 9 18 20 40 80 89 178 b
1 2 3 6 9 18 20 40 80 98 178 b
1 2 3 6 9 18 20 40 80 160 178 b
1 2 3 6 12 13 19 38 51 89 178 b
1 2 3 6 12 13 19 38 76 89 178 b
1 2 3 6 12 13 25 38 51 89 178 b
1 2 3 6 12 13 25 38 76 89 178 b
1 2 3 6 12 13 26 38 51 89 178 b
1 2 3 6 12 13 26 38 76 89 178 b
1 2 3 6 12 13 26 38 76 102 178 b
1 2 3 6 12 13 26 38 76 152 178 b
1 2 3 6 12 14 26 38 76 102 178 b
1 2 3 6 12 14 26 38 76 152 178 b
1 2 3 6 12 18 20 40 80 98 178 b
1 2 3 6 12 18 20 40 80 160 178 b
1 2 3 6 12 24 26 38 76 102 178 b
1 2 3 6 12 24 26 38 76 152 178 b
1 2 3 6 12 24 26 50 76 102 178 b
1 2 3 6 12 24 26 50 76 152 178 b
1 2 3 6 12 24 26 52 76 102 178 b
1 2 3 6 12 24 26 52 76 152 178 b
1 2 4 5 6 11 22 44 45 89 178 b
1 2 4 5 6 11 22 44 88 89 178 b
1 2 4 5 6 11 22 44 88 90 178 b
1 2 4 5 6 11 22 44 88 176 178 b
1 2 4 5 7 11 22 44 45 89 178 b
1 2 4 5 7 11 22 44 88 89 178 b
1 2 4 5 7 11 22 44 88 90 178 b
1 2 4 5 7 11 22 44 88 176 178 b
1 2 4 5 7 14 21 42 47 89 178 b
1 2 4 5 7 14 21 42 84 89 178 b
1 2 4 5 7 14 28 33 56 89 178 a
1 2 4 5 7 14 28 33 61 89 178 b
1 2 4 5 7 14 28 42 47 89 178 b
1 2 4 5 7 14 28 42 84 89 178 b
1 2 4 5 7 14 28 56 61 89 178 b
1 2 4 5 7 14 28 56 61 117 178 b
1 2 4 5 7 14 28 56 61 122 178 b
1 2 4 5 7 14 28 56 84 89 178 b
1 2 4 5 8 13 21 34 55 89 178 a
1 2 4 5 8 13 21 34 68 89 178 a
1 2 4 5 8 13 21 42 47 89 178 a
1 2 4 5 8 13 21 42 84 89 178 a
1 2 4 5 8 16 21 42 47 89 178 a
1 2 4 5 8 16 21 42 84 89 178 a
1 2 4 5 9 10 20 40 49 89 178 b
1 2 4 5 9 10 20 40 80 89 178 b
1 2 4 5 9 11 20 40 49 89 178 b
1 2 4 5 9 11 20 40 80 89 178 b
1 2 4 5 9 11 22 44 45 89 178 b
1 2 4 5 9 11 22 44 88 89 178 b
1 2 4 5 9 11 22 44 88 90 178 b
1 2 4 5 9 11 22 44 88 176 178 b
1 2 4 5 9 13 22 44 45 89 178 b
1 2 4 5 9 13 22 44 88 89 178 b
1 2 4 5 9 13 22 44 88 90 178 b
1 2 4 5 9 13 22 44 88 176 178 b
1 2 4 5 9 14 28 33 56 89 178 a
1 2 4 5 9 14 28 33 61 89 178 b
1 2 4 5 9 14 28 42 47 89 178 b
1 2 4 5 9 14 28 42 84 89 178 b
1 2 4 5 9 14 28 56 61 89 178 b
1 2 4 5 9 14 28 56 61 117 178 b
1 2 4 5 9 14 28 56 61 122 178 b
1 2 4 5 9 14 28 56 84 89 178 b
1 2 4 5 9 18 20 40 49 89 178 b
1 2 4 5 9 18 20 40 80 89 178 b
1 2 4 5 9 18 20 40 80 98 178 b
1 2 4 5 9 18 20 40 80 160 178 b
1 2 4 5 9 18 22 40 49 89 178 b
1 2 4 5 9 18 22 40 80 89 178 b
1 2 4 5 9 18 22 40 80 98 178 b
1 2 4 5 9 18 22 40 80 160 178 b
1 2 4 5 9 18 22 44 45 89 178 b
1 2 4 5 9 18 22 44 88 89 178 b
1 2 4 5 9 18 22 44 88 90 178 b
1 2 4 5 9 18 22 44 88 176 178 b
1 2 4 5 9 18 27 31 58 89 178 b
1 2 4 5 9 18 27 31 62 89 178 b
1 2 4 5 9 18 36 40 49 89 178 b
1 2 4 5 9 18 36 40 80 89 178 b
1 2 4 5 9 18 36 40 80 98 178 b
1 2 4 5 9 18 36 40 80 160 178 b
1 2 4 5 10 11 21 42 47 89 178 b
1 2 4 5 10 11 21 42 84 89 178 b
1 2 4 5 10 11 21 42 84 94 178 b
1 2 4 5 10 11 21 42 84 168 178 b
1 2 4 5 10 11 22 44 45 89 178 b
1 2 4 5 10 11 22 44 88 89 178 b
1 2 4 5 10 11 22 44 88 90 178 b
1 2 4 5 10 11 22 44 88 176 178 b
1 2 4 5 10 12 22 44 45 89 178 b
1 2 4 5 10 12 22 44 88 89 178 b
1 2 4 5 10 12 22 44 88 90 178 b
1 2 4 5 10 12 22 44 88 176 178 b
1 2 4 5 10 14 28 33 56 89 178 a
1 2 4 5 10 14 28 33 61 89 178 b
1 2 4 5 10 14 28 42 47 89 178 b
1 2 4 5 10 14 28 42 84 89 178 b
1 2 4 5 10 14 28 42 84 94 178 b
1 2 4 5 10 14 28 42 84 168 178 b
1 2 4 5 10 14 28 56 61 89 178 b
1 2 4 5 10 14 28 56 61 117 178 b
1 2 4 5 10 14 28 56 61 122 178 b
1 2 4 5 10 14 28 56 66 112 178 a
1 2 4 5 10 14 28 56 66 122 178 b
1 2 4 5 10 14 28 56 84 89 178 b
1 2 4 5 10 14 28 56 84 94 178 b
1 2 4 5 10 14 28 56 84 168 178 b
1 2 4 5 10 14 28 56 112 122 178 b
1 2 4 5 10 14 28 56 112 168 178 b
1 2 4 5 10 20 21 42 47 89 178 b
1 2 4 5 10 20 21 42 84 89 178 b
1 2 4 5 10 20 21 42 84 94 178 b
1 2 4 5 10 20 21 42 84 168 178 b
1 2 4 5 10 20 22 42 47 89 178 b
1 2 4 5 10 20 22 42 84 89 178 b
1 2 4 5 10 20 22 42 84 94 178 b
1 2 4 5 10 20 22 42 84 168 178 b
1 2 4 5 10 20 22 44 45 89 178 b
1 2 4 5 10 20 22 44 88 89 178 b
1 2 4 5 10 20 22 44 88 90 178 b
1 2 4 5 10 20 22 44 88 176 178 b
1 2 4 5 10 20 24 44 45 89 178 b
1 2 4 5 10 20 24 44 88 89 178 b
1 2 4 5 10 20 24 44 88 90 178 b
1 2 4 5 10 20 24 44 88 176 178 b
1 2 4 5 10 20 40 42 47 89 178 b
1 2 4 5 10 20 40 42 84 89 178 b
1 2 4 5 10 20 40 42 84 94 178 b
1 2 4 5 10 20 40 42 84 168 178 b
1 2 4 5 10 20 40 44 45 89 178 b
1 2 4 5 10 20 40 44 49 89 178 b
1 2 4 5 10 20 40 44 84 89 178 b
1 2 4 5 10 20 40 44 84 94 178 b
1 2 4 5 10 20 40 44 84 168 178 b
1 2 4 5 10 20 40 44 88 89 178 b
1 2 4 5 10 20 40 44 88 90 178 b
1 2 4 5 10 20 40 44 88 176 178 b
1 2 4 5 10 20 40 45 49 89 178 b
1 2 4 5 10 20 40 45 85 89 178 b
1 2 4 5 10 20 40 80 84 89 178 b
1 2 4 5 10 20 40 80 84 94 178 b
1 2 4 5 10 20 40 80 84 168 178 b
1 2 4 5 10 20 40 80 85 89 178 b
1 2 4 6 7 11 22 44 45 89 178 b
1 2 4 6 7 11 22 44 88 89 178 b
1 2 4 6 7 11 22 44 88 90 178 b
1 2 4 6 7 11 22 44 88 176 178 b
1 2 4 6 7 13 19 38 51 89 178 b
1 2 4 6 7 13 19 38 76 89 178 b
1 2 4 6 8 14 22 44 45 89 178 b
1 2 4 6 8 14 22 44 88 89 178 b
1 2 4 6 8 14 22 44 88 90 178 b
1 2 4 6 8 14 22 44 88 176 178 b
1 2 4 6 8 16 22 44 45 89 178 b
1 2 4 6 8 16 22 44 88 89 178 b
1 2 4 6 8 16 22 44 88 90 178 b
1 2 4 6 8 16 22 44 88 176 178 b
1 2 4 6 8 16 32 38 70 108 178 b
1 2 4 6 8 16 32 38 70 140 178 b
1 2 4 6 10 11 21 42 84 94 178 b
1 2 4 6 10 11 21 42 84 168 178 b
1 2 4 6 10 11 22 44 45 89 178 b
1 2 4 6 10 11 22 44 88 89 178 b
1 2 4 6 10 11 22 44 88 90 178 b
1 2 4 6 10 11 22 44 88 176 178 b
1 2 4 6 10 12 22 44 45 89 178 b
1 2 4 6 10 12 22 44 88 89 178 b
1 2 4 6 10 12 22 44 88 90 178 b
1 2 4 6 10 12 22 44 88 176 178 b
1 2 4 6 10 14 28 42 84 94 178 b
1 2 4 6 10 14 28 42 84 168 178 b
1 2 4 6 10 14 28 56 66 112 178 a
1 2 4 6 10 14 28 56 66 122 178 b
1 2 4 6 10 14 28 56 84 94 178 b
1 2 4 6 10 14 28 56 84 168 178 b
1 2 4 6 10 14 28 56 112 122 178 b
1 2 4 6 10 14 28 56 112 168 178 b
1 2 4 6 10 16 22 44 45 89 178 b
1 2 4 6 10 16 22 44 88 89 178 b
1 2 4 6 10 16 22 44 88 90 178 b
1 2 4 6 10 16 22 44 88 176 178 b
1 2 4 6 10 16 26 42 68 110 178 b
1 2 4 6 10 16 26 42 68 136 178 b
1 2 4 6 10 16 26 42 84 94 178 b
1 2 4 6 10 16 26 42 84 168 178 b
1 2 4 6 10 16 32 38 70 108 178 b
1 2 4 6 10 16 32 38 70 140 178 b
1 2 4 6 10 16 32 42 84 94 178 b
1 2 4 6 10 16 32 42 84 168 178 b
1 2 4 6 10 20 21 42 84 94 178 b
1 2 4 6 10 20 21 42 84 168 178 b
1 2 4 6 10 20 22 42 84 94 178 b
1 2 4 6 10 20 22 42 84 168 178 b
1 2 4 6 10 20 22 44 45 89 178 b
1 2 4 6 10 20 22 44 88 89 178 b
1 2 4 6 10 20 22 44 88 90 178 b
1 2 4 6 10 20 22 44 88 176 178 b
1 2 4 6 10 20 24 44 45 89 178 b
1 2 4 6 10 20 24 44 88 89 178 b
1 2 4 6 10 20 24 44 88 90 178 b
1 2 4 6 10 20 24 44 88 176 178 b
1 2 4 6 10 20 26 46 66 112 178 b
1 2 4 6 10 20 26 46 66 132 178 b
1 2 4 6 10 20 40 42 84 94 178 b
1 2 4 6 10 20 40 42 84 168 178 b
1 2 4 6 10 20 40 44 45 89 178 b
1 2 4 6 10 20 40 44 84 94 178 b
1 2 4 6 10 20 40 44 84 168 178 b
1 2 4 6 10 20 40 44 88 89 178 b
1 2 4 6 10 20 40 44 88 90 178 b
1 2 4 6 10 20 40 44 88 176 178 b
1 2 4 6 10 20 40 46 66 112 178 b
1 2 4 6 10 20 40 46 66 132 178 b
1 2 4 6 10 20 40 46 86 92 178 b
1 2 4 6 10 20 40 46 86 132 178 b
1 2 4 6 10 20 40 46 86 172 178 b
1 2 4 6 10 20 40 46 92 132 178 b
1 2 4 6 10 20 40 46 92 138 178 b
1 2 4 6 10 20 40 80 84 94 178 b
1 2 4 6 10 20 40 80 84 168 178 b
1 2 4 6 10 20 40 80 86 92 178 b
1 2 4 6 10 20 40 80 86 172 178 b
1 2 4 6 12 13 19 38 51 89 178 b
1 2 4 6 12 13 19 38 76 89 178 b
1 2 4 6 12 13 25 38 51 89 178 b
1 2 4 6 12 13 25 38 76 89 178 b
1 2 4 6 12 13 26 38 51 89 178 b
1 2 4 6 12 13 26 38 76 89 178 b
1 2 4 6 12 13 26 38 76 102 178 b
1 2 4 6 12 13 26 38 76 152 178 b
1 2 4 6 12 14 26 38 76 102 178 b
1 2 4 6 12 14 26 38 76 152 178 b
1 2 4 6 12 16 22 44 45 89 178 b
1 2 4 6 12 16 22 44 88 89 178 b
1 2 4 6 12 16 22 44 88 90 178 b
1 2 4 6 12 16 22 44 88 176 178 b
1 2 4 6 12 16 28 44 45 89 178 b
1 2 4 6 12 16 28 44 88 89 178 b
1 2 4 6 12 16 28 44 88 90 178 b
1 2 4 6 12 16 28 44 88 176 178 b
1 2 4 6 12 16 32 38 70 108 178 b
1 2 4 6 12 16 32 38 70 140 178 b
1 2 4 6 12 16 32 44 45 89 178 b
1 2 4 6 12 16 32 44 88 89 178 b
1 2 4 6 12 16 32 44 88 90 178 b
1 2 4 6 12 16 32 44 88 176 178 b
1 2 4 6 12 18 20 40 80 98 178 b
1 2 4 6 12 18 20 40 80 160 178 b
1 2 4 6 12 18 22 40 80 98 178 b
1 2 4 6 12 18 22 40 80 160 178 b
1 2 4 6 12 18 22 44 45 89 178 b
1 2 4 6 12 18 22 44 88 89 178 b
1 2 4 6 12 18 22 44 88 90 178 b
1 2 4 6 12 18 22 44 88 176 178 b
1 2 4 6 12 18 36 40 80 98 178 b
1 2 4 6 12 18 36 40 80 160 178 b
1 2 4 6 12 24 26 38 76 102 178 b
1 2 4 6 12 24 26 38 76 152 178 b
1 2 4 6 12 24 26 50 76 102 178 b
1 2 4 6 12 24 26 50 76 152 178 b
1 2 4 6 12 24 26 52 76 102 178 b
1 2 4 6 12 24 26 52 76 152 178 b
1 2 4 8 9 10 20 40 49 89 178 b
1 2 4 8 9 10 20 40 80 89 178 b
1 2 4 8 9 11 20 40 49 89 178 b
1 2 4 8 9 11 20 40 80 89 178 b
1 2 4 8 9 11 22 44 45 89 178 b
1 2 4 8 9 11 22 44 88 89 178 b
1 2 4 8 9 11 22 44 88 90 178 b
1 2 4 8 9 11 22 44 88 176 178 b
1 2 4 8 9 12 20 40 49 89 178 a
1 2 4 8 9 12 20 40 80 89 178 a
1 2 4 8 9 13 21 34 55 89 178 b
1 2 4 8 9 13 21 34 68 89 178 b
1 2 4 8 9 13 22 44 45 89 178 b
1 2 4 8 9 13 22 44 88 89 178 b
1 2 4 8 9 13 22 44 88 90 178 b
1 2 4 8 9 13 22 44 88 176 178 b
1 2 4 8 9 16 20 40 49 89 178 a
1 2 4 8 9 16 20 40 80 89 178 a
1 2 4 8 9 16 24 40 49 89 178 a
1 2 4 8 9 16 24 40 80 89 178 a
1 2 4 8 9 16 25 32 57 89 178 a
1 2 4 8 9 16 25 32 64 89 178 a
1 2 4 8 9 16 32 40 49 89 178 a
1 2 4 8 9 16 32 40 80 89 178 a
1 2 4 8 9 16 32 41 48 89 178 a
1 2 4 8 9 16 32 41 57 89 178 a
1 2 4 8 9 16 32 41 73 89 178 a
1 2 4 8 9 16 32 41 73 105 178 a
1 2 4 8 9 16 32 41 73 146 178 a
1 2 4 8 9 16 32 48 57 89 178 a
1 2 4 8 9 16 32 48 80 89 178 a
1 2 4 8 9 16 32 64 73 89 178 a
1 2 4 8 9 16 32 64 73 105 178 a
1 2 4 8 9 16 32 64 73 146 178 a
1 2 4 8 9 16 32 64 80 89 178 a
1 2 4 8 9 17 18 36 53 89 178 b
1 2 4 8 9 17 18 36 72 89 178 b
1 2 4 8 9 17 19 36 53 89 178 b
1 2 4 8 9 17 19 36 72 89 178 b
1 2 4 8 9 17 21 34 55 89 178 a
1 2 4 8 9 17 21 34 68 89 178 a
1 2 4 8 9 17 34 36 53 89 178 b
1 2 4 8 9 17 34 36 72 89 178 b
1 2 4 8 9 17 34 36 72 106 178 b
1 2 4 8 9 17 34 36 72 144 178 b
1 2 4 8 9 17 34 38 51 89 178 a
1 2 4 8 9 17 34 38 55 89 178 b
1 2 4 8 9 17 34 38 72 89 178 b
1 2 4 8 9 17 34 38 72 106 178 b
1 2 4 8 9 17 34 38 72 144 178 b
1 2 4 8 9 17 34 42 68 110 178 a
1 2 4 8 9 17 34 42 68 136 178 a
1 2 4 8 9 17 34 51 55 89 178 b
1 2 4 8 9 17 34 51 85 89 178 b
1 2 4 8 9 17 34 51 85 93 178 b
1 2 4 8 9 17 34 51 85 170 178 b
1 2 4 8 9 17 34 68 72 89 178 b
1 2 4 8 9 17 34 68 72 106 178 b
1 2 4 8 9 17 34 68 72 144 178 b
1 2 4 8 9 17 34 68 76 102 178 a
1 2 4 8 9 17 34 68 76 110 178 b
1 2 4 8 9 17 34 68 76 144 178 b
1 2 4 8 9 17 34 68 85 89 178 b
1 2 4 8 9 17 34 68 85 93 178 b
1 2 4 8 9 17 34 68 85 170 178 b
1 2 4 8 9 17 34 68 102 110 178 b
1 2 4 8 9 17 34 68 102 170 178 b
1 2 4 8 9 17 34 68 136 144 178 b
1 2 4 8 9 17 34 68 136 170 178 b
1 2 4 8 9 18 20 40 49 89 178 b
1 2 4 8 9 18 20 40 80 89 178 b
1 2 4 8 9 18 20 40 80 98 178 b
1 2 4 8 9 18 20 40 80 160 178 b
1 2 4 8 9 18 22 40 49 89 178 b
1 2 4 8 9 18 22 40 80 89 178 b
1 2 4 8 9 18 22 40 80 98 178 b
1 2 4 8 9 18 22 40 80 160 178 b
1 2 4 8 9 18 22 44 45 89 178 b
1 2 4 8 9 18 22 44 88 89 178 b
1 2 4 8 9 18 22 44 88 90 178 b
1 2 4 8 9 18 22 44 88 176 178 b
1 2 4 8 9 18 26 44 45 89 178 b
1 2 4 8 9 18 26 44 88 89 178 b
1 2 4 8 9 18 26 44 88 90 178 b
1 2 4 8 9 18 26 44 88 176 178 b
1 2 4 8 9 18 27 31 58 89 178 b
1 2 4 8 9 18 27 31 62 89 178 b
1 2 4 8 9 18 27 35 54 89 178 a
1 2 4 8 9 18 27 35 62 89 178 b
1 2 4 8 9 18 27 54 62 89 178 b
1 2 4 8 9 18 27 54 62 116 178 b
1 2 4 8 9 18 27 54 62 124 178 b
1 2 4 8 9 18 27 54 81 89 178 b
1 2 4 8 9 18 36 40 49 89 178 b
1 2 4 8 9 18 36 40 80 89 178 b
1 2 4 8 9 18 36 40 80 98 178 b
1 2 4 8 9 18 36 40 80 160 178 b
1 2 4 8 9 18 36 44 45 89 178 b
1 2 4 8 9 18 36 44 53 89 178 b
1 2 4 8 9 18 36 44 80 89 178 b
1 2 4 8 9 18 36 44 80 98 178 b
1 2 4 8 9 18 36 44 80 160 178 b
1 2 4 8 9 18 36 44 88 89 178 b
1 2 4 8 9 18 36 44 88 90 178 b
1 2 4 8 9 18 36 44 88 176 178 b
1 2 4 8 9 18 36 45 53 89 178 b
1 2 4 8 9 18 36 45 81 89 178 b
1 2 4 8 9 18 36 54 62 116 178 b
1 2 4 8 9 18 36 54 62 124 178 b
1 2 4 8 9 18 36 72 80 89 178 b
1 2 4 8 9 18 36 72 80 98 178 b
1 2 4 8 9 18 36 72 80 160 178 b
1 2 4 8 9 18 36 72 81 89 178 b
1 2 4 8 10 11 21 42 84 94 178 b
1 2 4 8 10 11 21 42 84 168 178 b
1 2 4 8 10 11 22 44 45 89 178 b
1 2 4 8 10 11 22 44 88 89 178 b
1 2 4 8 10 11 22 44 88 90 178 b
1 2 4 8 10 11 22 44 88 176 178 b
1 2 4 8 10 12 22 44 45 89 178 b
1 2 4 8 10 12 22 44 88 89 178 b
1 2 4 8 10 12 22 44 88 90 178 b
1 2 4 8 10 12 22 44 88 176 178 b
1 2 4 8 10 14 22 44 45 89 178 b
1 2 4 8 10 14 22 44 88 89 178 b
1 2 4 8 10 14 22 44 88 90 178 b
1 2 4 8 10 14 22 44 88 176 178 b
1 2 4 8 10 14 28 42 84 94 178 b
1 2 4 8 10 14 28 42 84 168 178 b
1 2 4 8 10 14 28 56 66 112 178 a
1 2 4 8 10 14 28 56 66 122 178 b
1 2 4 8 10 14 28 56 84 94 178 b
1 2 4 8 10 14 28 56 84 168 178 b
1 2 4 8 10 14 28 56 112 122 178 b
1 2 4 8 10 14 28 56 112 168 178 b
1 2 4 8 10 16 26 42 68 110 178 a
1 2 4 8 10 16 26 42 68 136 178 a
1 2 4 8 10 16 26 42 84 94 178 a
1 2 4 8 10 16 26 42 84 168 178 a
1 2 4 8 10 16 32 42 84 94 178 a
1 2 4 8 10 16 32 42 84 168 178 a
1 2 4 8 10 18 20 40 80 98 178 b
1 2 4 8 10 18 20 40 80 160 178 b
1 2 4 8 10 18 22 40 80 98 178 b
1 2 4 8 10 18 22 40 80 160 178 b
1 2 4 8 10 18 22 44 45 89 178 b
1 2 4 8 10 18 22 44 88 89 178 b
1 2 4 8 10 18 22 44 88 90 178 b
1 2 4 8 10 18 22 44 88 176 178 b
1 2 4 8 10 18 26 44 45 89 178 b
1 2 4 8 10 18 26 44 88 89 178 b
1 2 4 8 10 18 26 44 88 90 178 b
1 2 4 8 10 18 26 44 88 176 178 b
1 2 4 8 10 18 28 56 66 112 178 a
1 2 4 8 10 18 28 56 66 122 178 b
1 2 4 8 10 18 28 56 84 94 178 b
1 2 4 8 10 18 28 56 84 168 178 b
1 2 4 8 10 18 28 56 112 122 178 b
1 2 4 8 10 18 28 56 112 168 178 b
1 2 4 8 10 18 36 40 80 98 178 b
1 2 4 8 10 18 36 40 80 160 178 b
1 2 4 8 10 18 36 44 45 89 178 b
1 2 4 8 10 18 36 44 80 98 178 b
1 2 4 8 10 18 36 44 80 160 178 b
1 2 4 8 10 18 36 44 88 89 178 b
1 2 4 8 10 18 36 44 88 90 178 b
1 2 4 8 10 18 36 44 88 176 178 b
1 2 4 8 10 18 36 54 62 116 178 b
1 2 4 8 10 18 36 54 62 124 178 b
1 2 4 8 10 18 36 72 80 98 178 b
1 2 4 8 10 18 36 72 80 160 178 b
1 2 4 8 10 20 21 42 84 94 178 b
1 2 4 8 10 20 21 42 84 168 178 b
1 2 4 8 10 20 22 42 84 94 178 b
1 2 4 8 10 20 22 42 84 168 178 b
1 2 4 8 10 20 22 44 45 89 178 b
1 2 4 8 10 20 22 44 88 89 178 b
1 2 4 8 10 20 22 44 88 90 178 b
1 2 4 8 10 20 22 44 88 176 178 b
1 2 4 8 10 20 24 44 45 89 178 b
1 2 4 8 10 20 24 44 88 89 178 b
1 2 4 8 10 20 24 44 88 90 178 b
1 2 4 8 10 20 24 44 88 176 178 b
1 2 4 8 10 20 28 56 66 112 178 a
1 2 4 8 10 20 28 56 66 122 178 b
1 2 4 8 10 20 28 56 84 94 178 b
1 2 4 8 10 20 28 56 84 168 178 b
1 2 4 8 10 20 28 56 112 122 178 b
1 2 4 8 10 20 28 56 112 168 178 b
1 2 4 8 10 20 40 41 48 89 178 a
1 2 4 8 10 20 40 41 49 89 178 b
1 2 4 8 10 20 40 41 81 89 178 b
1 2 4 8 10 20 40 42 84 94 178 b
1 2 4 8 10 20 40 42 84 168 178 b
1 2 4 8 10 20 40 44 45 89 178 b
1 2 4 8 10 20 40 44 84 94 178 b
1 2 4 8 10 20 40 44 84 168 178 b
1 2 4 8 10 20 40 44 88 89 178 b
1 2 4 8 10 20 40 44 88 90 178 b
1 2 4 8 10 20 40 44 88 176 178 b
1 2 4 8 10 20 40 48 49 89 178 b
1 2 4 8 10 20 40 48 88 89 178 b
1 2 4 8 10 20 40 48 88 90 178 b
1 2 4 8 10 20 40 48 88 176 178 b
1 2 4 8 10 20 40 80 81 89 178 b
1 2 4 8 10 20 40 80 84 94 178 b
1 2 4 8 10 20 40 80 84 168 178 b
1 2 4 8 10 20 40 80 88 89 178 b
1 2 4 8 10 20 40 80 88 90 178 b
1 2 4 8 10 20 40 80 88 98 178 b
1 2 4 8 10 20 40 80 88 168 178 b
1 2 4 8 10 20 40 80 88 176 178 b
1 2 4 8 10 20 40 80 90 98 178 b
1 2 4 8 10 20 40 80 90 170 178 b
1 2 4 8 10 20 40 80 160 168 178 b
1 2 4 8 10 20 40 80 160 170 178 b
1 2 4 8 12 13 21 34 55 89 178 b
1 2 4 8 12 13 21 34 68 89 178 b
1 2 4 8 12 13 25 38 51 89 178 b
1 2 4 8 12 13 25 38 76 89 178 b
1 2 4 8 12 13 26 38 51 89 178 b
1 2 4 8 12 13 26 38 76 89 178 b
1 2 4 8 12 13 26 38 76 102 178 b
1 2 4 8 12 13 26 38 76 152 178 b
1 2 4 8 12 14 22 44 45 89 178 b
1 2 4 8 12 14 22 44 88 89 178 b
1 2 4 8 12 14 22 44 88 90 178 b
1 2 4 8 12 14 22 44 88 176 178 b
1 2 4 8 12 14 26 38 76 102 178 b
1 2 4 8 12 14 26 38 76 152 178 b
1 2 4 8 12 16 28 44 45 89 178 b
1 2 4 8 12 16 28 44 88 89 178 b
1 2 4 8 12 16 28 44 88 90 178 b
1 2 4 8 12 16 28 44 88 176 178 b
1 2 4 8 12 16 32 44 45 89 178 b
1 2 4 8 12 16 32 44 88 89 178 b
1 2 4 8 12 16 32 44 88 90 178 b
1 2 4 8 12 16 32 44 88 176 178 b
1 2 4 8 12 20 22 44 45 89 178 b
1 2 4 8 12 20 22 44 88 89 178 b
1 2 4 8 12 20 22 44 88 90 178 b
1 2 4 8 12 20 22 44 88 176 178 b
1 2 4 8 12 20 24 44 45 89 178 b
1 2 4 8 12 20 24 44 88 89 178 b
1 2 4 8 12 20 24 44 88 90 178 b
1 2 4 8 12 20 24 44 88 176 178 b
1 2 4 8 12 20 32 44 45 89 178 b
1 2 4 8 12 20 32 44 88 89 178 b
1 2 4 8 12 20 32 44 88 90 178 b
1 2 4 8 12 20 32 44 88 176 178 b
1 2 4 8 12 20 40 41 48 89 178 a
1 2 4 8 12 20 40 41 49 89 178 b
1 2 4 8 12 20 40 41 81 89 178 b
1 2 4 8 12 20 40 44 45 89 178 b
1 2 4 8 12 20 40 44 88 89 178 b
1 2 4 8 12 20 40 44 88 90 178 b
1 2 4 8 12 20 40 44 88 176 178 b
1 2 4 8 12 20 40 48 49 89 178 b
1 2 4 8 12 20 40 48 88 89 178 b
1 2 4 8 12 20 40 48 88 90 178 b
1 2 4 8 12 20 40 48 88 176 178 b
1 2 4 8 12 20 40 80 81 89 178 b
1 2 4 8 12 20 40 80 88 89 178 b
1 2 4 8 12 20 40 80 88 90 178 b
1 2 4 8 12 20 40 80 88 176 178 b
1 2 4 8 12 24 25 32 57 89 178 a
1 2 4 8 12 24 25 32 64 89 178 a
1 2 4 8 12 24 26 38 76 102 178 b
1 2 4 8 12 24 26 38 76 152 178 b
1 2 4 8 12 24 26 50 76 102 178 b
1 2 4 8 12 24 26 50 76 152 178 b
1 2 4 8 12 24 26 52 76 102 178 b
1 2 4 8 12 24 26 52 76 152 178 b
1 2 4 8 12 24 32 33 56 89 178 a
1 2 4 8 12 24 32 33 57 89 178 b
1 2 4 8 12 24 32 33 65 89 178 b
1 2 4 8 12 24 32 44 45 89 178 b
1 2 4 8 12 24 32 44 88 89 178 b
1 2 4 8 12 24 32 44 88 90 178 b
1 2 4 8 12 24 32 44 88 176 178 b
1 2 4 8 12 24 32 56 57 89 178 b
1 2 4 8 12 24 32 56 88 89 178 b
1 2 4 8 12 24 32 56 88 90 178 b
1 2 4 8 12 24 32 56 88 176 178 b
1 2 4 8 12 24 32 64 65 89 178 b
1 2 4 8 12 24 32 64 88 89 178 b
1 2 4 8 12 24 32 64 88 90 178 b
1 2 4 8 12 24 32 64 88 176 178 b
1 2 4 8 12 24 36 44 45 89 178 b
1 2 4 8 12 24 36 44 88 89 178 b
1 2 4 8 12 24 36 44 88 90 178 b
1 2 4 8 12 24 36 44 88 176 178 b
1 2 4 8 16 17 18 36 53 89 178 b
1 2 4 8 16 17 18 36 72 89 178 b
1 2 4 8 16 17 19 35 54 89 178 b
1 2 4 8 16 17 19 35 70 89 178 b
1 2 4 8 16 17 19 36 53 89 178 b
1 2 4 8 16 17 19 36 72 89 178 b
1 2 4 8 16 17 20 36 53 89 178 a
1 2 4 8 16 17 20 36 72 89 178 a
1 2 4 8 16 17 21 34 55 89 178 a
1 2 4 8 16 17 21 34 68 89 178 a
1 2 4 8 16 17 24 41 48 89 178 a
1 2 4 8 16 17 24 41 65 89 178 a
1 2 4 8 16 17 24 48 65 89 178 a
1 2 4 8 16 17 24 48 65 113 178 a
1 2 4 8 16 17 24 48 65 130 178 a
1 2 4 8 16 17 24 48 72 89 178 a
1 2 4 8 16 17 25 32 57 89 178 a
1 2 4 8 16 17 25 32 64 89 178 a
1 2 4 8 16 17 32 36 53 89 178 a
1 2 4 8 16 17 32 36 72 89 178 a
1 2 4 8 16 17 32 40 49 89 178 a
1 2 4 8 16 17 32 40 57 89 178 a
1 2 4 8 16 17 32 40 72 89 178 a
1 2 4 8 16 17 32 48 65 113 178 a
1 2 4 8 16 17 32 48 65 130 178 a
1 2 4 8 16 17 32 49 57 89 178 a
1 2 4 8 16 17 32 49 81 89 178 a
1 2 4 8 16 17 32 49 81 97 178 a
1 2 4 8 16 17 32 49 81 162 178 a
1 2 4 8 16 17 32 64 72 89 178 a
1 2 4 8 16 17 32 64 81 89 178 a
1 2 4 8 16 17 32 64 81 97 178 a
1 2 4 8 16 17 32 64 81 162 178 a
1 2 4 8 16 17 34 36 53 89 178 b
1 2 4 8 16 17 34 36 72 89 178 b
1 2 4 8 16 17 34 36 72 106 178 b
1 2 4 8 16 17 34 36 72 144 178 b
1 2 4 8 16 17 34 38 51 89 178 a
1 2 4 8 16 17 34 38 55 89 178 b
1 2 4 8 16 17 34 38 72 89 178 b
1 2 4 8 16 17 34 38 72 106 178 b
1 2 4 8 16 17 34 38 72 144 178 b
1 2 4 8 16 17 34 42 68 110 178 a
1 2 4 8 16 17 34 42 68 136 178 a
1 2 4 8 16 17 34 51 55 89 178 b
1 2 4 8 16 17 34 51 85 89 178 b
1 2 4 8 16 17 34 51 85 93 178 b
1 2 4 8 16 17 34 51 85 170 178 b
1 2 4 8 16 17 34 68 72 89 178 b
1 2 4 8 16 17 34 68 72 106 178 b
1 2 4 8 16 17 34 68 72 144 178 b
1 2 4 8 16 17 34 68 76 102 178 a
1 2 4 8 16 17 34 68 76 110 178 b
1 2 4 8 16 17 34 68 76 144 178 b
1 2 4 8 16 17 34 68 85 89 178 b
1 2 4 8 16 17 34 68 85 93 178 b
1 2 4 8 16 17 34 68 85 170 178 b
1 2 4 8 16 17 34 68 102 110 178 b
1 2 4 8 16 17 34 68 102 170 178 b
1 2 4 8 16 17 34 68 136 144 178 b
1 2 4 8 16 17 34 68 136 170 178 b
1 2 4 8 16 18 19 35 54 89 178 b
1 2 4 8 16 18 19 35 70 89 178 b
1 2 4 8 16 18 20 40 80 98 178 b
1 2 4 8 16 18 20 40 80 160 178 b
1 2 4 8 16 18 22 40 80 98 178 b
1 2 4 8 16 18 22 40 80 160 178 b
1 2 4 8 16 18 22 44 45 89 178 b
1 2 4 8 16 18 22 44 88 89 178 b
1 2 4 8 16 18 22 44 88 90 178 b
1 2 4 8 16 18 22 44 88 176 178 b
1 2 4 8 16 18 24 40 80 98 178 a
1 2 4 8 16 18 24 40 80 160 178 a
1 2 4 8 16 18 26 42 68 110 178 b
1 2 4 8 16 18 26 42 68 136 178 b
1 2 4 8 16 18 26 44 45 89 178 b
1 2 4 8 16 18 26 44 88 89 178 b
1 2 4 8 16 18 26 44 88 90 178 b
1 2 4 8 16 18 26 44 88 176 178 b
1 2 4 8 16 18 32 40 80 98 178 a
1 2 4 8 16 18 32 40 80 160 178 a
1 2 4 8 16 18 32 48 80 98 178 a
1 2 4 8 16 18 32 48 80 160 178 a
1 2 4 8 16 18 32 50 64 114 178 a
1 2 4 8 16 18 32 50 64 128 178 a
1 2 4 8 16 18 32 64 80 98 178 a
1 2 4 8 16 18 32 64 80 160 178 a
1 2 4 8 16 18 32 64 82 96 178 a
1 2 4 8 16 18 32 64 82 114 178 a
1 2 4 8 16 18 32 64 82 146 178 a
1 2 4 8 16 18 32 64 96 114 178 a
1 2 4 8 16 18 32 64 96 160 178 a
1 2 4 8 16 18 32 64 128 146 178 a
1 2 4 8 16 18 32 64 128 160 178 a
1 2 4 8 16 18 34 36 72 106 178 b
1 2 4 8 16 18 34 36 72 144 178 b
1 2 4 8 16 18 34 38 72 106 178 b
1 2 4 8 16 18 34 38 72 144 178 b
1 2 4 8 16 18 34 42 68 110 178 a
1 2 4 8 16 18 34 42 68 136 178 a
1 2 4 8 16 18 34 68 72 106 178 b
1 2 4 8 16 18 34 68 72 144 178 b
1 2 4 8 16 18 34 68 76 102 178 a
1 2 4 8 16 18 34 68 76 110 178 b
1 2 4 8 16 18 34 68 76 144 178 b
1 2 4 8 16 18 34 68 102 110 178 b
1 2 4 8 16 18 34 68 102 170 178 b
1 2 4 8 16 18 34 68 136 144 178 b
1 2 4 8 16 18 34 68 136 170 178 b
1 2 4 8 16 18 36 37 52 89 178 a
1 2 4 8 16 18 36 37 53 89 178 b
1 2 4 8 16 18 36 37 73 89 178 b
1 2 4 8 16 18 36 40 80 98 178 b
1 2 4 8 16 18 36 40 80 160 178 b
1 2 4 8 16 18 36 44 45 89 178 b
1 2 4 8 16 18 36 44 80 98 178 b
1 2 4 8 16 18 36 44 80 160 178 b
1 2 4 8 16 18 36 44 88 89 178 b
1 2 4 8 16 18 36 44 88 90 178 b
1 2 4 8 16 18 36 44 88 176 178 b
1 2 4 8 16 18 36 52 53 89 178 b
1 2 4 8 16 18 36 52 88 89 178 b
1 2 4 8 16 18 36 52 88 90 178 b
1 2 4 8 16 18 36 52 88 176 178 b
1 2 4 8 16 18 36 54 62 116 178 b
1 2 4 8 16 18 36 54 62 124 178 b
1 2 4 8 16 18 36 54 70 108 178 a
1 2 4 8 16 18 36 54 70 124 178 b
1 2 4 8 16 18 36 54 108 124 178 b
1 2 4 8 16 18 36 54 108 162 178 b
1 2 4 8 16 18 36 72 73 89 178 b
1 2 4 8 16 18 36 72 80 98 178 b
1 2 4 8 16 18 36 72 80 160 178 b
1 2 4 8 16 18 36 72 88 89 178 b
1 2 4 8 16 18 36 72 88 90 178 b
1 2 4 8 16 18 36 72 88 106 178 b
1 2 4 8 16 18 36 72 88 160 178 b
1 2 4 8 16 18 36 72 88 176 178 b
1 2 4 8 16 18 36 72 90 106 178 b
1 2 4 8 16 18 36 72 90 162 178 b
1 2 4 8 16 18 36 72 144 160 178 b
1 2 4 8 16 18 36 72 144 162 178 b
1 2 4 8 16 20 22 44 45 89 178 b
1 2 4 8 16 20 22 44 88 89 178 b
1 2 4 8 16 20 22 44 88 90 178 b
1 2 4 8 16 20 22 44 88 176 178 b
1 2 4 8 16 20 24 44 45 89 178 b
1 2 4 8 16 20 24 44 88 89 178 b
1 2 4 8 16 20 24 44 88 90 178 b
1 2 4 8 16 20 24 44 88 176 178 b
1 2 4 8 16 20 28 44 45 89 178 b
1 2 4 8 16 20 28 44 88 89 178 b
1 2 4 8 16 20 28 44 88 90 178 b
1 2 4 8 16 20 28 44 88 176 178 b
1 2 4 8 16 20 36 37 52 89 178 a
1 2 4 8 16 20 36 37 53 89 178 b
1 2 4 8 16 20 36 37 73 89 178 b
1 2 4 8 16 20 36 44 45 89 178 b
1 2 4 8 16 20 36 44 88 89 178 b
1 2 4 8 16 20 36 44 88 90 178 b
1 2 4 8 16 20 36 44 88 176 178 b
1 2 4 8 16 20 36 52 53 89 178 b
1 2 4 8 16 20 36 52 88 89 178 b
1 2 4 8 16 20 36 52 88 90 178 b
1 2 4 8 16 20 36 52 88 176 178 b
1 2 4 8 16 20 36 72 73 89 178 b
1 2 4 8 16 20 36 72 88 89 178 b
1 2 4 8 16 20 36 72 88 90 178 b
1 2 4 8 16 20 36 72 88 176 178 b
1 2 4 8 16 20 40 41 48 89 178 a
1 2 4 8 16 20 40 41 49 89 178 b
1 2 4 8 16 20 40 41 81 89 178 b
1 2 4 8 16 20 40 41 81 97 178 b
1 2 4 8 16 20 40 41 81 162 178 b
1 2 4 8 16 20 40 44 45 89 178 b
1 2 4 8 16 20 40 44 88 89 178 b
1 2 4 8 16 20 40 44 88 90 178 b
1 2 4 8 16 20 40 44 88 176 178 b
1 2 4 8 16 20 40 48 49 89 178 b
1 2 4 8 16 20 40 48 88 89 178 b
1 2 4 8 16 20 40 48 88 90 178 b
1 2 4 8 16 20 40 48 88 176 178 b
1 2 4 8 16 20 40 80 81 89 178 b
1 2 4 8 16 20 40 80 81 97 178 b
1 2 4 8 16 20 40 80 81 162 178 b
1 2 4 8 16 20 40 80 82 96 178 a
1 2 4 8 16 20 40 80 82 98 178 b
1 2 4 8 16 20 40 80 82 162 178 b
1 2 4 8 16 20 40 80 88 89 178 b
1 2 4 8 16 20 40 80 88 90 178 b
1 2 4 8 16 20 40 80 88 176 178 b
1 2 4 8 16 20 40 80 96 98 178 b
1 2 4 8 16 20 40 80 96 176 178 b
1 2 4 8 16 20 40 80 160 162 178 b
1 2 4 8 16 20 40 80 160 176 178 b
1 2 4 8 16 24 25 32 57 89 178 a
1 2 4 8 16 24 25 32 64 89 178 a
1 2 4 8 16 24 25 40 49 89 178 a
1 2 4 8 16 24 25 40 64 89 178 a
1 2 4 8 16 24 25 40 65 89 178 a
1 2 4 8 16 24 25 41 48 89 178 a
1 2 4 8 16 24 25 41 65 89 178 b
1 2 4 8 16 24 25 48 64 89 178 a
1 2 4 8 16 24 25 48 73 89 178 a
1 2 4 8 16 24 25 49 65 89 178 b
1 2 4 8 16 24 25 49 73 89 178 b
1 2 4 8 16 24 26 42 68 110 178 b
1 2 4 8 16 24 26 42 68 136 178 b
1 2 4 8 16 24 26 50 76 102 178 b
1 2 4 8 16 24 26 50 76 152 178 b
1 2 4 8 16 24 26 52 76 102 178 b
1 2 4 8 16 24 26 52 76 152 178 b
1 2 4 8 16 24 28 44 45 89 178 b
1 2 4 8 16 24 28 44 88 89 178 b
1 2 4 8 16 24 28 44 88 90 178 b
1 2 4 8 16 24 28 44 88 176 178 b
1 2 4 8 16 24 32 33 56 89 178 a
1 2 4 8 16 24 32 33 57 89 178 b
1 2 4 8 16 24 32 33 65 89 178 b
1 2 4 8 16 24 32 56 57 89 178 b
1 2 4 8 16 24 32 56 88 89 178 b
1 2 4 8 16 24 32 56 88 90 178 b
1 2 4 8 16 24 32 56 88 176 178 b
1 2 4 8 16 24 32 64 65 89 178 b
1 2 4 8 16 24 32 64 88 89 178 b
1 2 4 8 16 24 32 64 88 90 178 b
1 2 4 8 16 24 32 64 88 176 178 b
1 2 4 8 16 24 40 41 48 89 178 a
1 2 4 8 16 24 40 41 49 89 178 b
1 2 4 8 16 24 40 41 65 89 178 b
1 2 4 8 16 24 40 41 81 89 178 b
1 2 4 8 16 24 40 41 81 97 178 b
1 2 4 8 16 24 40 41 81 162 178 b
1 2 4 8 16 24 40 44 45 89 178 b
1 2 4 8 16 24 40 44 88 89 178 b
1 2 4 8 16 24 40 44 88 90 178 b
1 2 4 8 16 24 40 44 88 176 178 b
1 2 4 8 16 24 40 48 49 89 178 b
1 2 4 8 16 24 40 48 88 89 178 b
1 2 4 8 16 24 40 48 88 90 178 b
1 2 4 8 16 24 40 48 88 176 178 b
1 2 4 8 16 24 40 64 65 89 178 b
1 2 4 8 16 24 40 64 88 89 178 b
1 2 4 8 16 24 40 64 88 90 178 b
1 2 4 8 16 24 40 64 88 176 178 b
1 2 4 8 16 24 40 80 81 89 178 b
1 2 4 8 16 24 40 80 81 97 178 b
1 2 4 8 16 24 40 80 81 162 178 b
1 2 4 8 16 24 40 80 82 96 178 a
1 2 4 8 16 24 40 80 82 98 178 b
1 2 4 8 16 24 40 80 82 162 178 b
1 2 4 8 16 24 40 80 88 89 178 b
1 2 4 8 16 24 40 80 88 90 178 b
1 2 4 8 16 24 40 80 88 176 178 b
1 2 4 8 16 24 40 80 96 98 178 b
1 2 4 8 16 24 40 80 96 176 178 b
1 2 4 8 16 24 40 80 160 162 178 b
1 2 4 8 16 24 40 80 160 176 178 b
1 2 4 8 16 24 48 49 65 89 178 b
1 2 4 8 16 24 48 49 65 113 178 b
1 2 4 8 16 24 48 49 65 130 178 b
1 2 4 8 16 24 48 49 73 89 178 b
1 2 4 8 16 24 48 50 64 114 178 a
1 2 4 8 16 24 48 50 64 128 178 a
1 2 4 8 16 24 48 64 65 89 178 b
1 2 4 8 16 24 48 64 65 113 178 b
1 2 4 8 16 24 48 64 65 130 178 b
1 2 4 8 16 24 48 64 66 112 178 a
1 2 4 8 16 24 48 64 66 114 178 b
1 2 4 8 16 24 48 64 66 130 178 b
1 2 4 8 16 24 48 64 88 89 178 b
1 2 4 8 16 24 48 64 88 90 178 b
1 2 4 8 16 24 48 64 88 176 178 b
1 2 4 8 16 24 48 64 112 114 178 b
1 2 4 8 16 24 48 64 112 176 178 b
1 2 4 8 16 24 48 64 128 130 178 b
1 2 4 8 16 24 48 64 128 176 178 b
1 2 4 8 16 24 48 72 73 89 178 b
1 2 4 8 16 24 48 72 88 89 178 b
1 2 4 8 16 24 48 72 88 90 178 b
1 2 4 8 16 24 48 72 88 176 178 b
1 2 4 8 16 32 33 40 49 89 178 a
1 2 4 8 16 32 33 40 56 89 178 a
1 2 4 8 16 32 33 40 73 89 178 a
1 2 4 8 16 32 33 40 73 105 178 a
1 2 4 8 16 32 33 40 73 146 178 a
1 2 4 8 16 32 33 41 48 89 178 a
1 2 4 8 16 32 33 41 57 89 178 b
1 2 4 8 16 32 33 41 73 89 178 b
1 2 4 8 16 32 33 41 73 105 178 b
1 2 4 8 16 32 33 41 73 146 178 b
1 2 4 8 16 32 33 48 56 89 178 a
1 2 4 8 16 32 33 48 65 113 178 a
1 2 4 8 16 32 33 48 65 130 178 a
1 2 4 8 16 32 33 48 81 89 178 a
1 2 4 8 16 32 33 48 81 97 178 a
1 2 4 8 16 32 33 48 81 162 178 a
1 2 4 8 16 32 33 49 57 89 178 b
1 2 4 8 16 32 33 49 81 89 178 b
1 2 4 8 16 32 33 49 81 97 178 b
1 2 4 8 16 32 33 49 81 162 178 b
1 2 4 8 16 32 33 65 73 89 178 b
1 2 4 8 16 32 33 65 73 105 178 b
1 2 4 8 16 32 33 65 73 146 178 b
1 2 4 8 16 32 33 65 81 89 178 b
1 2 4 8 16 32 33 65 81 97 178 b
1 2 4 8 16 32 33 65 81 113 178 b
1 2 4 8 16 32 33 65 81 146 178 b
1 2 4 8 16 32 33 65 81 162 178 b
1 2 4 8 16 32 33 65 97 113 178 b
1 2 4 8 16 32 33 65 97 162 178 b
1 2 4 8 16 32 33 65 130 146 178 b
1 2 4 8 16 32 33 65 130 162 178 b
1 2 4 8 16 32 34 36 72 106 178 b
1 2 4 8 16 32 34 36 72 144 178 b
1 2 4 8 16 32 34 38 70 108 178 b
1 2 4 8 16 32 34 38 70 140 178 b
1 2 4 8 16 32 34 38 72 106 178 b
1 2 4 8 16 32 34 38 72 144 178 b
1 2 4 8 16 32 34 40 72 106 178 a
1 2 4 8 16 32 34 40 72 144 178 a
1 2 4 8 16 32 34 42 68 110 178 a
1 2 4 8 16 32 34 42 68 136 178 a
1 2 4 8 16 32 34 48 82 96 178 a
1 2 4 8 16 32 34 48 82 130 178 a
1 2 4 8 16 32 34 48 96 130 178 a
1 2 4 8 16 32 34 48 96 144 178 a
1 2 4 8 16 32 34 50 64 114 178 a
1 2 4 8 16 32 34 50 64 128 178 a
1 2 4 8 16 32 34 64 72 106 178 a
1 2 4 8 16 32 34 64 72 144 178 a
1 2 4 8 16 32 34 64 80 98 178 a
1 2 4 8 16 32 34 64 80 114 178 a
1 2 4 8 16 32 34 64 80 144 178 a
1 2 4 8 16 32 34 64 98 114 178 a
1 2 4 8 16 32 34 64 98 162 178 a
1 2 4 8 16 32 34 64 128 144 178 a
1 2 4 8 16 32 34 64 128 162 178 a
1 2 4 8 16 32 34 68 72 106 178 b
1 2 4 8 16 32 34 68 72 144 178 b
1 2 4 8 16 32 34 68 76 102 178 a
1 2 4 8 16 32 34 68 76 110 178 b
1 2 4 8 16 32 34 68 76 144 178 b
1 2 4 8 16 32 34 68 102 110 178 b
1 2 4 8 16 32 34 68 102 170 178 b
1 2 4 8 16 32 34 68 136 144 178 b
1 2 4 8 16 32 34 68 136 170 178 b
1 2 4 8 16 32 36 37 52 89 178 a
1 2 4 8 16 32 36 37 53 89 178 b
1 2 4 8 16 32 36 37 73 89 178 b
1 2 4 8 16 32 36 37 73 105 178 b
1 2 4 8 16 32 36 37 73 146 178 b
1 2 4 8 16 32 36 38 70 108 178 b
1 2 4 8 16 32 36 38 70 140 178 b
1 2 4 8 16 32 36 44 45 89 178 b
1 2 4 8 16 32 36 44 88 89 178 b
1 2 4 8 16 32 36 44 88 90 178 b
1 2 4 8 16 32 36 44 88 176 178 b
1 2 4 8 16 32 36 52 53 89 178 b
1 2 4 8 16 32 36 52 88 89 178 b
1 2 4 8 16 32 36 52 88 90 178 b
1 2 4 8 16 32 36 52 88 176 178 b
1 2 4 8 16 32 36 72 73 89 178 b
1 2 4 8 16 32 36 72 73 105 178 b
1 2 4 8 16 32 36 72 73 146 178 b
1 2 4 8 16 32 36 72 74 104 178 a
1 2 4 8 16 32 36 72 74 106 178 b
1 2 4 8 16 32 36 72 74 146 178 b
1 2 4 8 16 32 36 72 88 89 178 b
1 2 4 8 16 32 36 72 88 90 178 b
1 2 4 8 16 32 36 72 88 176 178 b
1 2 4 8 16 32 36 72 104 106 178 b
1 2 4 8 16 32 36 72 104 176 178 b
1 2 4 8 16 32 36 72 144 146 178 b
1 2 4 8 16 32 36 72 144 176 178 b
1 2 4 8 16 32 40 41 48 89 178 a
1 2 4 8 16 32 40 41 49 89 178 b
1 2 4 8 16 32 40 41 57 89 178 b
1 2 4 8 16 32 40 41 73 89 178 b
1 2 4 8 16 32 40 41 73 105 178 b
1 2 4 8 16 32 40 41 73 146 178 b
1 2 4 8 16 32 40 41 81 89 178 b
1 2 4 8 16 32 40 41 81 97 178 b
1 2 4 8 16 32 40 41 81 162 178 b
1 2 4 8 16 32 40 44 45 89 178 b
1 2 4 8 16 32 40 44 88 89 178 b
1 2 4 8 16 32 40 44 88 90 178 b
1 2 4 8 16 32 40 44 88 176 178 b
1 2 4 8 16 32 40 48 49 89 178 b
1 2 4 8 16 32 40 48 88 89 178 b
1 2 4 8 16 32 40 48 88 90 178 b
1 2 4 8 16 32 40 48 88 176 178 b
1 2 4 8 16 32 40 56 57 89 178 b
1 2 4 8 16 32 40 56 88 89 178 b
1 2 4 8 16 32 40 56 88 90 178 b
1 2 4 8 16 32 40 56 88 176 178 b
1 2 4 8 16 32 40 72 73 89 178 b
1 2 4 8 16 32 40 72 73 105 178 b
1 2 4 8 16 32 40 72 73 146 178 b
1 2 4 8 16 32 40 72 74 104 178 a
1 2 4 8 16 32 40 72 74 106 178 b
1 2 4 8 16 32 40 72 74 146 178 b
1 2 4 8 16 32 40 72 88 89 178 b
1 2 4 8 16 32 40 72 88 90 178 b
1 2 4 8 16 32 40 72 88 176 178 b
1 2 4 8 16 32 40 72 104 106 178 b
1 2 4 8 16 32 40 72 104 176 178 b
1 2 4 8 16 32 40 72 144 146 178 b
1 2 4 8 16 32 40 72 144 176 178 b
1 2 4 8 16 32 40 80 81 89 178 b
1 2 4 8 16 32 40 80 81 97 178 b
1 2 4 8 16 32 40 80 81 162 178 b
1 2 4 8 16 32 40 80 82 96 178 a
1 2 4 8 16 32 40 80 82 98 178 b
1 2 4 8 16 32 40 80 82 162 178 b
1 2 4 8 16 32 40 80 88 89 178 b
1 2 4 8 16 32 40 80 88 90 178 b
1 2 4 8 16 32 40 80 88 176 178 b
1 2 4 8 16 32 40 80 96 98 178 b
1 2 4 8 16 32 40 80 96 176 178 b
1 2 4 8 16 32 40 80 160 162 178 b
1 2 4 8 16 32 40 80 160 176 178 b
1 2 4 8 16 32 48 49 57 89 178 b
1 2 4 8 16 32 48 49 65 113 178 b
1 2 4 8 16 32 48 49 65 130 178 b
1 2 4 8 16 32 48 49 80 98 178 a
1 2 4 8 16 32 48 49 80 129 178 a
1 2 4 8 16 32 48 49 81 89 178 b
1 2 4 8 16 32 48 49 81 97 178 b
1 2 4 8 16 32 48 49 81 129 178 b
1 2 4 8 16 32 48 49 81 130 178 b
1 2 4 8 16 32 48 49 81 162 178 b
1 2 4 8 16 32 48 49 97 129 178 b
1 2 4 8 16 32 48 49 97 146 178 b
1 2 4 8 16 32 48 49 98 130 178 b
1 2 4 8 16 32 48 49 98 146 178 b
1 2 4 8 16 32 48 50 64 114 178 a
1 2 4 8 16 32 48 50 64 128 178 a
1 2 4 8 16 32 48 50 80 98 178 a
1 2 4 8 16 32 48 50 80 128 178 a
1 2 4 8 16 32 48 50 80 130 178 a
1 2 4 8 16 32 48 50 82 96 178 a
1 2 4 8 16 32 48 50 82 130 178 b
1 2 4 8 16 32 48 50 96 128 178 a
1 2 4 8 16 32 48 50 96 146 178 a
1 2 4 8 16 32 48 50 98 130 178 b
1 2 4 8 16 32 48 50 98 146 178 b
1 2 4 8 16 32 48 56 57 89 178 b
1 2 4 8 16 32 48 56 88 89 178 b
1 2 4 8 16 32 48 56 88 90 178 b
1 2 4 8 16 32 48 56 88 176 178 b
1 2 4 8 16 32 48 64 65 113 178 b
1 2 4 8 16 32 48 64 65 130 178 b
1 2 4 8 16 32 48 64 66 112 178 a
1 2 4 8 16 32 48 64 66 114 178 b
1 2 4 8 16 32 48 64 66 130 178 b
1 2 4 8 16 32 48 64 112 114 178 b
1 2 4 8 16 32 48 64 112 176 178 b
1 2 4 8 16 32 48 64 128 130 178 b
1 2 4 8 16 32 48 64 128 176 178 b
1 2 4 8 16 32 48 80 81 89 178 b
1 2 4 8 16 32 48 80 81 97 178 b
1 2 4 8 16 32 48 80 81 162 178 b
1 2 4 8 16 32 48 80 82 96 178 a
1 2 4 8 16 32 48 80 82 98 178 b
1 2 4 8 16 32 48 80 82 130 178 b
1 2 4 8 16 32 48 80 82 162 178 b
1 2 4 8 16 32 48 80 88 89 178 b
1 2 4 8 16 32 48 80 88 90 178 b
1 2 4 8 16 32 48 80 88 176 178 b
1 2 4 8 16 32 48 80 96 98 178 b
1 2 4 8 16 32 48 80 96 176 178 b
1 2 4 8 16 32 48 80 128 130 178 b
1 2 4 8 16 32 48 80 128 176 178 b
1 2 4 8 16 32 48 80 160 162 178 b
1 2 4 8 16 32 48 80 160 176 178 b
1 2 4 8 16 32 48 96 98 130 178 b
1 2 4 8 16 32 48 96 98 146 178 b
1 2 4 8 16 32 48 96 128 130 178 b
1 2 4 8 16 32 48 96 128 176 178 b
1 2 4 8 16 32 48 96 144 146 178 b
1 2 4 8 16 32 48 96 144 176 178 b
1 2 4 8 16 32 64 65 73 89 178 b
1 2 4 8 16 32 64 65 73 105 178 b
1 2 4 8 16 32 64 65 73 146 178 b
1 2 4 8 16 32 64 65 81 89 178 b
1 2 4 8 16 32 64 65 81 97 178 b
1 2 4 8 16 32 64 65 81 113 178 b
1 2 4 8 16 32 64 65 81 146 178 b
1 2 4 8 16 32 64 65 81 162 178 b
1 2 4 8 16 32 64 65 97 113 178 b
1 2 4 8 16 32 64 65 97 162 178 b
1 2 4 8 16 32 64 65 130 146 178 b
1 2 4 8 16 32 64 65 130 162 178 b
1 2 4 8 16 32 64 66 80 98 178 a
1 2 4 8 16 32 64 66 80 112 178 a
1 2 4 8 16 32 64 66 80 146 178 a
1 2 4 8 16 32 64 66 82 96 178 a
1 2 4 8 16 32 64 66 82 114 178 b
1 2 4 8 16 32 64 66 82 146 178 b
1 2 4 8 16 32 64 66 96 112 178 a
1 2 4 8 16 32 64 66 96 162 178 a
1 2 4 8 16 32 64 66 98 114 178 b
1 2 4 8 16 32 64 66 98 162 178 b
1 2 4 8 16 32 64 66 130 146 178 b
1 2 4 8 16 32 64 66 130 162 178 b
1 2 4 8 16 32 64 72 73 89 178 b
1 2 4 8 16 32 64 72 73 105 178 b
1 2 4 8 16 32 64 72 73 146 178 b
1 2 4 8 16 32 64 72 74 104 178 a
1 2 4 8 16 32 64 72 74 106 178 b
1 2 4 8 16 32 64 72 74 146 178 b
1 2 4 8 16 32 64 72 88 89 178 b
1 2 4 8 16 32 64 72 88 90 178 b
1 2 4 8 16 32 64 72 88 176 178 b
1 2 4 8 16 32 64 72 104 106 178 b
1 2 4 8 16 32 64 72 104 176 178 b
1 2 4 8 16 32 64 72 144 146 178 b
1 2 4 8 16 32 64 72 144 176 178 b
1 2 4 8 16 32 64 80 81 89 178 b
1 2 4 8 16 32 64 80 81 97 178 b
1 2 4 8 16 32 64 80 81 162 178 b
1 2 4 8 16 32 64 80 82 96 178 a
1 2 4 8 16 32 64 80 82 98 178 b
1 2 4 8 16 32 64 80 82 114 178 b
1 2 4 8 16 32 64 80 82 146 178 b
1 2 4 8 16 32 64 80 82 162 178 b
1 2 4 8 16 32 64 80 88 89 178 b
1 2 4 8 16 32 64 80 88 90 178 b
1 2 4 8 16 32 64 80 88 176 178 b
1 2 4 8 16 32 64 80 96 98 178 b
1 2 4 8 16 32 64 80 96 176 178 b
1 2 4 8 16 32 64 80 112 114 178 b
1 2 4 8 16 32 64 80 112 176 178 b
1 2 4 8 16 32 64 80 144 146 178 b
1 2 4 8 16 32 64 80 144 176 178 b
1 2 4 8 16 32 64 80 160 162 178 b
1 2 4 8 16 32 64 80 160 176 178 b
1 2 4 8 16 32 64 96 98 114 178 b
1 2 4 8 16 32 64 96 98 162 178 b
1 2 4 8 16 32 64 96 112 114 178 b
1 2 4 8 16 32 64 96 112 176 178 b
1 2 4 8 16 32 64 96 160 162 178 b
1 2 4 8 16 32 64 96 160 176 178 b
1 2 4 8 16 32 64 128 130 146 178 b
1 2 4 8 16 32 64 128 130 162 178 b
1 2 4 8 16 32 64 128 144 146 178 b
1 2 4 8 16 32 64 128 144 176 178 b
1 2 4 8 16 32 64 128 160 162 178 b
1 2 4 8 16 32 64 128 160 176 178 b
