1 2 3 6 9 18 36 72 144 b
1 2 3 6 12 18 36 72 144 b
1 2 3 6 12 24 36 72 144 b
1 2 3 6 12 24 48 72 144 b
1 2 3 6 12 24 48 96 144 b
1 2 4 5 9 18 36 72 144 b
1 2 4 6 12 18 36 72 144 b
1 2 4 6 12 24 36 72 144 b
1 2 4 6 12 24 48 72 144 b
1 2 4 6 12 24 48 96 144 b
1 2 4 8 9 18 36 72 144 b
1 2 4 8 10 18 36 72 144 b
1 2 4 8 12 24 36 72 144 b
1 2 4 8 12 24 48 72 144 b
1 2 4 8 12 24 48 96 144 b
1 2 4 8 16 18 36 72 144 b
1 2 4 8 16 20 36 72 144 b
1 2 4 8 16 24 48 72 144 b
1 2 4 8 16 24 48 96 144 b
1 2 4 8 16 32 36 72 144 b
1 2 4 8 16 32 40 72 144 b
1 2 4 8 16 32 48 96 144 b
1 2 4 8 16 32 64 72 144 b
1 2 4 8 16 32 64 80 144 b
1 2 4 8 16 32 64 128 144 b
