1 2 3 5 10 20 21 41 82 164 b
1 2 3 5 10 20 40 41 82 164 b
1 2 3 5 10 20 40 42 82 164 b
1 2 3 5 10 20 40 80 82 164 b
1 2 4 5 9 18 23 41 82 164 b
1 2 4 5 9 18 36 41 82 164 b
1 2 4 5 10 20 21 41 82 164 b
1 2 4 5 10 20 40 41 82 164 b
1 2 4 5 10 20 40 42 82 164 b
1 2 4 5 10 20 40 80 82 164 b
1 2 4 5 10 20 40 80 84 164 b
1 2 4 5 10 20 40 80 160 164 b
1 2 4 6 10 20 21 41 82 164 b
1 2 4 6 10 20 40 41 82 164 b
1 2 4 6 10 20 40 42 82 164 b
1 2 4 6 10 20 40 80 82 164 b
1 2 4 6 10 20 40 80 84 164 b
1 2 4 6 10 20 40 80 160 164 b
1 2 4 8 9 16 25 41 82 164 a
1 2 4 8 9 16 32 41 82 164 a
1 2 4 8 10 18 36 46 82 164 b
1 2 4 8 10 18 36 72 82 164 b
1 2 4 8 10 20 21 41 82 164 b
1 2 4 8 10 20 40 41 82 164 b
1 2 4 8 10 20 40 42 82 164 b
1 2 4 8 10 20 40 80 82 164 b
1 2 4 8 10 20 40 80 84 164 b
1 2 4 8 10 20 40 80 160 164 b
1 2 4 8 12 20 21 41 82 164 b
1 2 4 8 12 20 40 41 82 164 b
1 2 4 8 12 20 40 42 82 164 b
1 2 4 8 12 20 40 80 82 164 b
1 2 4 8 12 20 40 80 84 164 b
1 2 4 8 12 20 40 80 160 164 b
1 2 4 8 16 17 24 41 82 164 a
1 2 4 8 16 17 25 41 82 164 b
1 2 4 8 16 17 33 41 82 164 b
1 2 4 8 16 17 33 49 82 164 b
1 2 4 8 16 17 33 66 82 164 b
1 2 4 8 16 18 32 50 82 164 a
1 2 4 8 16 18 32 64 82 164 a
1 2 4 8 16 20 21 41 82 164 b
1 2 4 8 16 20 36 72 92 164 b
1 2 4 8 16 20 36 72 144 164 b
1 2 4 8 16 20 40 41 82 164 b
1 2 4 8 16 20 40 42 82 164 b
1 2 4 8 16 20 40 80 82 164 b
1 2 4 8 16 20 40 80 84 164 b
1 2 4 8 16 20 40 80 160 164 b
1 2 4 8 16 24 25 41 82 164 b
1 2 4 8 16 24 40 41 82 164 b
1 2 4 8 16 24 40 42 82 164 b
1 2 4 8 16 24 40 80 82 164 b
1 2 4 8 16 24 40 80 84 164 b
1 2 4 8 16 24 40 80 160 164 b
1 2 4 8 16 32 33 41 82 164 b
1 2 4 8 16 32 33 49 82 164 b
1 2 4 8 16 32 33 66 82 164 b
1 2 4 8 16 32 33 66 98 164 b
1 2 4 8 16 32 33 66 132 164 b
1 2 4 8 16 32 34 48 82 164 a
1 2 4 8 16 32 34 50 82 164 b
1 2 4 8 16 32 34 66 82 164 b
1 2 4 8 16 32 34 66 98 164 b
1 2 4 8 16 32 34 66 132 164 b
1 2 4 8 16 32 36 64 100 164 a
1 2 4 8 16 32 36 64 128 164 a
1 2 4 8 16 32 40 41 82 164 b
1 2 4 8 16 32 40 42 82 164 b
1 2 4 8 16 32 40 80 82 164 b
1 2 4 8 16 32 40 80 84 164 b
1 2 4 8 16 32 40 80 160 164 b
1 2 4 8 16 32 48 50 82 164 b
1 2 4 8 16 32 48 80 82 164 b
1 2 4 8 16 32 48 80 84 164 b
1 2 4 8 16 32 48 80 160 164 b
1 2 4 8 16 32 64 66 82 164 b
1 2 4 8 16 32 64 66 98 164 b
1 2 4 8 16 32 64 66 132 164 b
1 2 4 8 16 32 64 68 96 164 a
1 2 4 8 16 32 64 68 100 164 b
1 2 4 8 16 32 64 68 132 164 b
1 2 4 8 16 32 64 80 82 164 b
1 2 4 8 16 32 64 80 84 164 b
1 2 4 8 16 32 64 80 160 164 b
1 2 4 8 16 32 64 96 100 164 b
1 2 4 8 16 32 64 96 160 164 b
1 2 4 8 16 32 64 128 132 164 b
1 2 4 8 16 32 64 128 160 164 b
