1 2 3 5 10 20 40 41 81 162 b
1 2 3 5 10 20 40 80 81 162 b
1 2 3 5 10 20 40 80 82 162 b
1 2 3 5 10 20 40 80 160 162 b
1 2 3 6 9 18 27 54 81 162 b
1 2 3 6 9 18 27 54 108 162 b
1 2 3 6 9 18 36 45 81 162 b
1 2 3 6 9 18 36 54 108 162 b
1 2 3 6 9 18 36 72 81 162 b
1 2 3 6 9 18 36 72 90 162 b
1 2 3 6 9 18 36 72 144 162 b
1 2 3 6 12 15 27 54 81 162 b
1 2 3 6 12 15 27 54 108 162 b
1 2 3 6 12 18 36 54 108 162 b
1 2 3 6 12 18 36 72 90 162 b
1 2 3 6 12 18 36 72 144 162 b
1 2 3 6 12 24 27 54 81 162 b
1 2 3 6 12 24 27 54 108 162 b
1 2 3 6 12 24 30 54 108 162 b
1 2 3 6 12 24 48 54 108 162 b
1 2 4 5 9 18 27 54 81 162 b
1 2 4 5 9 18 27 54 108 162 b
1 2 4 5 9 18 36 45 81 162 b
1 2 4 5 9 18 36 54 108 162 b
1 2 4 5 9 18 36 72 81 162 b
1 2 4 5 9 18 36 72 90 162 b
1 2 4 5 9 18 36 72 144 162 b
1 2 4 5 10 20 40 41 81 162 b
1 2 4 5 10 20 40 80 81 162 b
1 2 4 5 10 20 40 80 82 162 b
1 2 4 5 10 20 40 80 160 162 b
1 2 4 6 10 20 40 41 81 162 b
1 2 4 6 10 20 40 80 81 162 b
1 2 4 6 10 20 40 80 82 162 b
1 2 4 6 10 20 40 80 160 162 b
1 2 4 6 12 18 36 54 108 162 b
1 2 4 6 12 18 36 72 90 162 b
1 2 4 6 12 18 36 72 144 162 b
1 2 4 6 12 24 30 54 108 162 b
1 2 4 6 12 24 48 54 108 162 b
1 2 4 8 9 18 27 54 81 162 b
1 2 4 8 9 18 27 54 108 162 b
1 2 4 8 9 18 36 45 81 162 b
1 2 4 8 9 18 36 54 108 162 b
1 2 4 8 9 18 36 72 81 162 b
1 2 4 8 9 18 36 72 90 162 b
1 2 4 8 9 18 36 72 144 162 b
1 2 4 8 10 18 36 54 108 162 b
1 2 4 8 10 18 36 72 90 162 b
1 2 4 8 10 18 36 72 144 162 b
1 2 4 8 10 20 40 41 81 162 b
1 2 4 8 10 20 40 80 81 162 b
1 2 4 8 10 20 40 80 82 162 b
1 2 4 8 10 20 40 80 160 162 b
1 2 4 8 12 20 40 41 81 162 b
1 2 4 8 12 20 40 80 81 162 b
1 2 4 8 12 20 40 80 82 162 b
1 2 4 8 12 20 40 80 160 162 b
1 2 4 8 16 17 32 49 81 162 a
1 2 4 8 16 17 32 64 81 162 a
1 2 4 8 16 18 36 54 108 162 b
1 2 4 8 16 18 36 72 90 162 b
1 2 4 8 16 18 36 72 144 162 b
1 2 4 8 16 20 40 41 81 162 b
1 2 4 8 16 20 40 80 81 162 b
1 2 4 8 16 20 40 80 82 162 b
1 2 4 8 16 20 40 80 160 162 b
1 2 4 8 16 24 40 41 81 162 b
1 2 4 8 16 24 40 80 81 162 b
1 2 4 8 16 24 40 80 82 162 b
1 2 4 8 16 24 40 80 160 162 b
1 2 4 8 16 32 33 48 81 162 a
1 2 4 8 16 32 33 49 81 162 b
1 2 4 8 16 32 33 65 81 162 b
1 2 4 8 16 32 33 65 97 162 b
1 2 4 8 16 32 33 65 130 162 b
1 2 4 8 16 32 34 64 98 162 a
1 2 4 8 16 32 34 64 128 162 a
1 2 4 8 16 32 40 41 81 162 b
1 2 4 8 16 32 40 80 81 162 b
1 2 4 8 16 32 40 80 82 162 b
1 2 4 8 16 32 40 80 160 162 b
1 2 4 8 16 32 48 49 81 162 b
1 2 4 8 16 32 48 80 81 162 b
1 2 4 8 16 32 48 80 82 162 b
1 2 4 8 16 32 48 80 160 162 b
1 2 4 8 16 32 64 65 81 162 b
1 2 4 8 16 32 64 65 97 162 b
1 2 4 8 16 32 64 65 130 162 b
1 2 4 8 16 32 64 66 96 162 a
1 2 4 8 16 32 64 66 98 162 b
1 2 4 8 16 32 64 66 130 162 b
1 2 4 8 16 32 64 80 81 162 b
1 2 4 8 16 32 64 80 82 162 b
1 2 4 8 16 32 64 80 160 162 b
1 2 4 8 16 32 64 96 98 162 b
1 2 4 8 16 32 64 96 160 162 b
1 2 4 8 16 32 64 128 130 162 b
1 2 4 8 16 32 64 128 160 162 b
