1 2 3 4 8 16 32 64 67 131 b
1 2 3 4 8 16 32 64 128 131 b
1 2 3 5 8 16 32 64 67 131 b
1 2 3 5 8 16 32 64 128 131 b
1 2 3 6 8 16 32 64 67 131 b
1 2 3 6 8 16 32 64 128 131 b
1 2 4 8 16 17 33 49 82 131 b
1 2 4 8 16 17 33 49 98 131 b
1 2 4 8 16 32 33 49 82 131 b
1 2 4 8 16 32 33 49 98 131 b
1 2 4 8 16 32 33 65 66 131 b
1 2 4 8 16 32 33 65 98 131 b
1 2 4 8 16 32 33 65 130 131 b
1 2 4 8 16 32 33 66 98 131 b
1 2 4 8 16 32 33 66 99 131 b
1 2 4 8 16 32 64 65 66 131 b
1 2 4 8 16 32 64 65 67 131 b
1 2 4 8 16 32 64 65 129 131 b
1 2 4 8 16 32 64 65 130 131 b
1 2 4 8 16 32 64 66 67 131 b
1 2 4 8 16 32 64 66 130 131 b
1 2 4 8 16 32 64 128 129 131 b
1 2 4 8 16 32 64 128 130 131 b
