1 2 3 5 7 12 19 38 76 81 157 b
1 2 3 5 7 12 19 38 76 152 157 b
1 2 3 5 7 14 19 38 76 81 157 b
1 2 3 5 7 14 19 38 76 152 157 b
1 2 3 5 8 11 19 38 76 81 157 b
1 2 3 5 8 11 19 38 76 152 157 b
1 2 3 5 8 13 18 36 72 85 157 b
1 2 3 5 8 13 18 36 72 144 157 b
1 2 3 5 8 13 21 34 68 89 157 b
1 2 3 5 8 13 21 34 68 136 157 b
1 2 3 5 8 13 26 39 78 79 157 b
1 2 3 5 8 13 26 39 78 156 157 b
1 2 3 5 8 13 26 52 53 104 157 a
1 2 3 5 8 13 26 52 53 105 157 b
1 2 3 5 8 13 26 52 78 79 157 b
1 2 3 5 8 13 26 52 78 156 157 b
1 2 3 5 8 13 26 52 104 105 157 b
1 2 3 5 8 13 26 52 104 156 157 b
1 2 3 5 8 16 19 38 76 81 157 b
1 2 3 5 8 16 19 38 76 152 157 b
1 2 3 5 10 13 18 36 72 85 157 b
1 2 3 5 10 13 18 36 72 144 157 b
1 2 3 5 10 13 23 36 72 85 157 b
1 2 3 5 10 13 23 36 72 144 157 b
1 2 3 5 10 13 26 36 72 85 157 b
1 2 3 5 10 13 26 36 72 144 157 b
1 2 3 5 10 13 26 39 78 79 157 b
1 2 3 5 10 13 26 39 78 156 157 b
1 2 3 5 10 13 26 52 53 104 157 a
1 2 3 5 10 13 26 52 53 105 157 b
1 2 3 5 10 13 26 52 78 79 157 b
1 2 3 5 10 13 26 52 78 156 157 b
1 2 3 5 10 13 26 52 104 105 157 b
1 2 3 5 10 13 26 52 104 156 157 b
1 2 3 6 7 13 26 39 78 79 157 b
1 2 3 6 7 13 26 39 78 156 157 b
1 2 3 6 7 13 26 52 53 104 157 a
1 2 3 6 7 13 26 52 53 105 157 b
1 2 3 6 7 13 26 52 78 79 157 b
1 2 3 6 7 13 26 52 78 156 157 b
1 2 3 6 7 13 26 52 104 105 157 b
1 2 3 6 7 13 26 52 104 156 157 b
1 2 3 6 9 15 24 39 78 79 157 b
1 2 3 6 9 15 24 39 78 156 157 b
1 2 3 6 9 15 30 39 78 79 157 b
1 2 3 6 9 15 30 39 78 156 157 b
1 2 3 6 9 18 19 37 74 83 157 b
1 2 3 6 9 18 19 37 74 148 157 b
1 2 3 6 9 18 21 39 78 79 157 b
1 2 3 6 9 18 21 39 78 156 157 b
1 2 3 6 9 18 36 37 74 83 157 b
1 2 3 6 9 18 36 37 74 148 157 b
1 2 3 6 9 18 36 38 74 83 157 b
1 2 3 6 9 18 36 38 74 148 157 b
1 2 3 6 9 18 36 39 78 79 157 b
1 2 3 6 9 18 36 39 78 156 157 b
1 2 3 6 9 18 36 42 78 79 157 b
1 2 3 6 9 18 36 42 78 156 157 b
1 2 3 6 9 18 36 72 74 83 157 b
1 2 3 6 9 18 36 72 74 148 157 b
1 2 3 6 9 18 36 72 78 79 157 b
1 2 3 6 9 18 36 72 78 156 157 b
1 2 3 6 12 13 18 36 72 85 157 a
1 2 3 6 12 13 18 36 72 144 157 a
1 2 3 6 12 13 24 36 72 85 157 a
1 2 3 6 12 13 24 36 72 144 157 a
1 2 3 6 12 13 24 48 61 96 157 a
1 2 3 6 12 13 24 48 61 109 157 a
1 2 3 6 12 13 24 48 72 85 157 a
1 2 3 6 12 13 24 48 72 144 157 a
1 2 3 6 12 13 24 48 96 109 157 a
1 2 3 6 12 13 24 48 96 144 157 a
1 2 3 6 12 13 26 39 78 79 157 b
1 2 3 6 12 13 26 39 78 156 157 b
1 2 3 6 12 13 26 52 53 104 157 a
1 2 3 6 12 13 26 52 53 105 157 b
1 2 3 6 12 13 26 52 78 79 157 b
1 2 3 6 12 13 26 52 78 156 157 b
1 2 3 6 12 13 26 52 104 105 157 b
1 2 3 6 12 13 26 52 104 156 157 b
1 2 3 6 12 14 26 52 53 104 157 a
1 2 3 6 12 14 26 52 53 105 157 b
1 2 3 6 12 14 26 52 78 79 157 b
1 2 3 6 12 14 26 52 78 156 157 b
1 2 3 6 12 14 26 52 104 105 157 b
1 2 3 6 12 14 26 52 104 156 157 b
1 2 3 6 12 15 24 39 78 79 157 a
1 2 3 6 12 15 24 39 78 156 157 a
1 2 3 6 12 15 27 39 78 79 157 b
1 2 3 6 12 15 27 39 78 156 157 b
1 2 3 6 12 18 21 39 78 79 157 b
1 2 3 6 12 18 21 39 78 156 157 b
1 2 3 6 12 18 30 48 78 79 157 b
1 2 3 6 12 18 30 48 78 156 157 b
1 2 3 6 12 18 30 60 78 79 157 b
1 2 3 6 12 18 30 60 78 156 157 b
1 2 3 6 12 18 36 39 78 79 157 b
1 2 3 6 12 18 36 39 78 156 157 b
1 2 3 6 12 18 36 42 78 79 157 b
1 2 3 6 12 18 36 42 78 156 157 b
1 2 3 6 12 18 36 72 73 84 157 a
1 2 3 6 12 18 36 72 73 85 157 b
1 2 3 6 12 18 36 72 73 145 157 b
1 2 3 6 12 18 36 72 78 79 157 b
1 2 3 6 12 18 36 72 78 156 157 b
1 2 3 6 12 18 36 72 84 85 157 b
1 2 3 6 12 18 36 72 84 156 157 b
1 2 3 6 12 18 36 72 144 145 157 b
1 2 3 6 12 18 36 72 144 156 157 b
1 2 3 6 12 24 26 52 53 104 157 a
1 2 3 6 12 24 26 52 53 105 157 b
1 2 3 6 12 24 26 52 78 79 157 b
1 2 3 6 12 24 26 52 78 156 157 b
1 2 3 6 12 24 26 52 104 105 157 b
1 2 3 6 12 24 26 52 104 156 157 b
1 2 3 6 12 24 27 39 78 79 157 b
1 2 3 6 12 24 27 39 78 156 157 b
1 2 3 6 12 24 27 51 53 104 157 b
1 2 3 6 12 24 27 51 53 106 157 b
1 2 3 6 12 24 27 51 78 79 157 b
1 2 3 6 12 24 27 51 78 156 157 b
1 2 3 6 12 24 27 54 78 79 157 b
1 2 3 6 12 24 27 54 78 156 157 b
1 2 3 6 12 24 30 48 78 79 157 a
1 2 3 6 12 24 30 48 78 156 157 a
1 2 3 6 12 24 30 54 78 79 157 b
1 2 3 6 12 24 30 54 78 156 157 b
1 2 3 6 12 24 36 37 60 97 157 a
1 2 3 6 12 24 36 37 60 120 157 a
1 2 3 6 12 24 36 39 78 79 157 b
1 2 3 6 12 24 36 39 78 156 157 b
1 2 3 6 12 24 36 42 78 79 157 b
1 2 3 6 12 24 36 42 78 156 157 b
1 2 3 6 12 24 36 60 61 96 157 a
1 2 3 6 12 24 36 60 61 97 157 b
1 2 3 6 12 24 36 60 61 121 157 b
1 2 3 6 12 24 36 60 96 97 157 b
1 2 3 6 12 24 36 60 96 156 157 b
1 2 3 6 12 24 36 60 120 121 157 b
1 2 3 6 12 24 36 60 120 156 157 b
1 2 3 6 12 24 36 72 73 84 157 a
1 2 3 6 12 24 36 72 73 85 157 b
1 2 3 6 12 24 36 72 73 145 157 b
1 2 3 6 12 24 36 72 78 79 157 b
1 2 3 6 12 24 36 72 78 156 157 b
1 2 3 6 12 24 36 72 84 85 157 b
1 2 3 6 12 24 36 72 84 156 157 b
1 2 3 6 12 24 36 72 144 145 157 b
1 2 3 6 12 24 36 72 144 156 157 b
1 2 3 6 12 24 48 49 54 103 157 a
1 2 3 6 12 24 48 49 54 108 157 a
1 2 3 6 12 24 48 49 60 97 157 a
1 2 3 6 12 24 48 49 60 108 157 a
1 2 3 6 12 24 48 49 60 109 157 a
1 2 3 6 12 24 48 49 61 96 157 a
1 2 3 6 12 24 48 49 61 109 157 b
1 2 3 6 12 24 48 49 96 108 157 a
1 2 3 6 12 24 48 49 96 145 157 a
1 2 3 6 12 24 48 49 97 109 157 b
1 2 3 6 12 24 48 49 97 145 157 b
1 2 3 6 12 24 48 51 53 104 157 b
1 2 3 6 12 24 48 51 53 106 157 b
1 2 3 6 12 24 48 54 55 102 157 a
1 2 3 6 12 24 48 54 55 103 157 b
1 2 3 6 12 24 48 54 55 109 157 b
1 2 3 6 12 24 48 54 78 79 157 b
1 2 3 6 12 24 48 54 78 156 157 b
1 2 3 6 12 24 48 54 102 103 157 b
1 2 3 6 12 24 48 54 102 156 157 b
1 2 3 6 12 24 48 54 108 109 157 b
1 2 3 6 12 24 48 54 108 156 157 b
1 2 3 6 12 24 48 60 61 96 157 a
1 2 3 6 12 24 48 60 61 109 157 b
1 2 3 6 12 24 48 60 96 97 157 a
1 2 3 6 12 24 48 60 96 156 157 a
1 2 3 6 12 24 48 60 108 109 157 b
1 2 3 6 12 24 48 60 108 156 157 b
1 2 3 6 12 24 48 72 73 84 157 a
1 2 3 6 12 24 48 72 73 85 157 b
1 2 3 6 12 24 48 72 73 145 157 b
1 2 3 6 12 24 48 72 78 79 157 b
1 2 3 6 12 24 48 72 78 156 157 b
1 2 3 6 12 24 48 72 84 85 157 b
1 2 3 6 12 24 48 72 84 156 157 b
1 2 3 6 12 24 48 72 144 145 157 b
1 2 3 6 12 24 48 72 144 156 157 b
1 2 3 6 12 24 48 96 97 109 157 b
1 2 3 6 12 24 48 96 97 145 157 b
1 2 3 6 12 24 48 96 108 109 157 b
1 2 3 6 12 24 48 96 108 156 157 b
1 2 3 6 12 24 48 96 144 145 157 b
1 2 3 6 12 24 48 96 144 156 157 b
1 2 4 5 7 12 19 38 76 81 157 b
1 2 4 5 7 12 19 38 76 152 157 b
1 2 4 5 7 14 19 38 76 81 157 b
1 2 4 5 7 14 19 38 76 152 157 b
1 2 4 5 8 13 18 36 72 85 157 a
1 2 4 5 8 13 18 36 72 144 157 a
1 2 4 5 8 13 21 34 68 89 157 a
1 2 4 5 8 13 21 34 68 136 157 a
1 2 4 5 8 13 26 39 78 79 157 a
1 2 4 5 8 13 26 39 78 156 157 a
1 2 4 5 8 13 26 52 53 104 157 a
1 2 4 5 8 13 26 52 53 105 157 a
1 2 4 5 8 13 26 52 78 79 157 a
1 2 4 5 8 13 26 52 78 156 157 a
1 2 4 5 8 13 26 52 104 105 157 a
1 2 4 5 8 13 26 52 104 156 157 a
1 2 4 5 9 10 19 38 76 81 157 b
1 2 4 5 9 10 19 38 76 152 157 b
1 2 4 5 9 13 18 36 72 85 157 b
1 2 4 5 9 13 18 36 72 144 157 b
1 2 4 5 9 13 26 35 61 96 157 b
1 2 4 5 9 13 26 35 61 122 157 b
1 2 4 5 9 13 26 39 78 79 157 b
1 2 4 5 9 13 26 39 78 156 157 b
1 2 4 5 9 13 26 52 53 104 157 a
1 2 4 5 9 13 26 52 53 105 157 b
1 2 4 5 9 13 26 52 78 79 157 b
1 2 4 5 9 13 26 52 78 156 157 b
1 2 4 5 9 13 26 52 104 105 157 b
1 2 4 5 9 13 26 52 104 156 157 b
1 2 4 5 9 14 19 38 76 81 157 b
1 2 4 5 9 14 19 38 76 152 157 b
1 2 4 5 9 14 23 37 60 97 157 b
1 2 4 5 9 14 23 37 60 120 157 b
1 2 4 5 9 14 23 37 74 83 157 b
1 2 4 5 9 14 23 37 74 148 157 b
1 2 4 5 9 14 28 37 74 83 157 b
1 2 4 5 9 14 28 37 74 148 157 b
1 2 4 5 9 18 19 37 74 83 157 b
1 2 4 5 9 18 19 37 74 148 157 b
1 2 4 5 9 18 19 38 76 81 157 b
1 2 4 5 9 18 19 38 76 152 157 b
1 2 4 5 9 18 20 38 76 81 157 b
1 2 4 5 9 18 20 38 76 152 157 b
1 2 4 5 9 18 36 37 74 83 157 b
1 2 4 5 9 18 36 37 74 148 157 b
1 2 4 5 9 18 36 38 74 83 157 b
1 2 4 5 9 18 36 38 74 148 157 b
1 2 4 5 9 18 36 38 76 81 157 b
1 2 4 5 9 18 36 38 76 152 157 b
1 2 4 5 9 18 36 40 76 81 157 b
1 2 4 5 9 18 36 40 76 152 157 b
1 2 4 5 9 18 36 72 74 83 157 b
1 2 4 5 9 18 36 72 74 148 157 b
1 2 4 5 9 18 36 72 76 81 157 b
1 2 4 5 9 18 36 72 76 85 157 b
1 2 4 5 9 18 36 72 76 148 157 b
1 2 4 5 9 18 36 72 76 152 157 b
1 2 4 5 9 18 36 72 81 85 157 b
1 2 4 5 9 18 36 72 81 153 157 b
1 2 4 5 9 18 36 72 144 148 157 b
1 2 4 5 9 18 36 72 144 153 157 b
1 2 4 5 10 14 19 38 76 81 157 b
1 2 4 5 10 14 19 38 76 152 157 b
1 2 4 5 10 14 24 38 76 81 157 b
1 2 4 5 10 14 24 38 76 152 157 b
1 2 4 5 10 14 28 38 76 81 157 b
1 2 4 5 10 14 28 38 76 152 157 b
1 2 4 5 10 15 19 38 76 81 157 b
1 2 4 5 10 15 19 38 76 152 157 b
1 2 4 6 7 13 26 39 78 79 157 b
1 2 4 6 7 13 26 39 78 156 157 b
1 2 4 6 7 13 26 52 53 104 157 a
1 2 4 6 7 13 26 52 53 105 157 b
1 2 4 6 7 13 26 52 78 79 157 b
1 2 4 6 7 13 26 52 78 156 157 b
1 2 4 6 7 13 26 52 104 105 157 b
1 2 4 6 7 13 26 52 104 156 157 b
1 2 4 6 10 16 26 52 53 104 157 a
1 2 4 6 10 16 26 52 53 105 157 b
1 2 4 6 10 16 26 52 78 79 157 b
1 2 4 6 10 16 26 52 78 156 157 b
1 2 4 6 10 16 26 52 104 105 157 b
1 2 4 6 10 16 26 52 104 156 157 b
1 2 4 6 10 20 26 52 53 104 157 a
1 2 4 6 10 20 26 52 53 105 157 b
1 2 4 6 10 20 26 52 78 79 157 b
1 2 4 6 10 20 26 52 78 156 157 b
1 2 4 6 10 20 26 52 104 105 157 b
1 2 4 6 10 20 26 52 104 156 157 b
1 2 4 6 12 13 18 36 72 85 157 a
1 2 4 6 12 13 18 36 72 144 157 a
1 2 4 6 12 13 24 36 72 85 157 a
1 2 4 6 12 13 24 36 72 144 157 a
1 2 4 6 12 13 24 48 61 96 157 a
1 2 4 6 12 13 24 48 61 109 157 a
1 2 4 6 12 13 24 48 72 85 157 a
1 2 4 6 12 13 24 48 72 144 157 a
1 2 4 6 12 13 24 48 96 109 157 a
1 2 4 6 12 13 24 48 96 144 157 a
1 2 4 6 12 13 26 39 78 79 157 b
1 2 4 6 12 13 26 39 78 156 157 b
1 2 4 6 12 13 26 52 53 104 157 a
1 2 4 6 12 13 26 52 53 105 157 b
1 2 4 6 12 13 26 52 78 79 157 b
1 2 4 6 12 13 26 52 78 156 157 b
1 2 4 6 12 13 26 52 104 105 157 b
1 2 4 6 12 13 26 52 104 156 157 b
1 2 4 6 12 14 26 52 53 104 157 a
1 2 4 6 12 14 26 52 53 105 157 b
1 2 4 6 12 14 26 52 78 79 157 b
1 2 4 6 12 14 26 52 78 156 157 b
1 2 4 6 12 14 26 52 104 105 157 b
1 2 4 6 12 14 26 52 104 156 157 b
1 2 4 6 12 18 30 48 78 79 157 b
1 2 4 6 12 18 30 48 78 156 157 b
1 2 4 6 12 18 30 60 78 79 157 b
1 2 4 6 12 18 30 60 78 156 157 b
1 2 4 6 12 18 36 42 78 79 157 b
1 2 4 6 12 18 36 42 78 156 157 b
1 2 4 6 12 18 36 72 73 84 157 a
1 2 4 6 12 18 36 72 73 85 157 b
1 2 4 6 12 18 36 72 73 145 157 b
1 2 4 6 12 18 36 72 78 79 157 b
1 2 4 6 12 18 36 72 78 156 157 b
1 2 4 6 12 18 36 72 84 85 157 b
1 2 4 6 12 18 36 72 84 156 157 b
1 2 4 6 12 18 36 72 144 145 157 b
1 2 4 6 12 18 36 72 144 156 157 b
1 2 4 6 12 24 26 52 53 104 157 a
1 2 4 6 12 24 26 52 53 105 157 b
1 2 4 6 12 24 26 52 78 79 157 b
1 2 4 6 12 24 26 52 78 156 157 b
1 2 4 6 12 24 26 52 104 105 157 b
1 2 4 6 12 24 26 52 104 156 157 b
1 2 4 6 12 24 28 52 53 104 157 a
1 2 4 6 12 24 28 52 53 105 157 b
1 2 4 6 12 24 28 52 104 105 157 b
1 2 4 6 12 24 28 52 104 156 157 b
1 2 4 6 12 24 30 48 78 79 157 a
1 2 4 6 12 24 30 48 78 156 157 a
1 2 4 6 12 24 30 54 78 79 157 b
1 2 4 6 12 24 30 54 78 156 157 b
1 2 4 6 12 24 36 37 60 97 157 a
1 2 4 6 12 24 36 37 60 120 157 a
1 2 4 6 12 24 36 42 78 79 157 b
1 2 4 6 12 24 36 42 78 156 157 b
1 2 4 6 12 24 36 60 61 96 157 a
1 2 4 6 12 24 36 60 61 97 157 b
1 2 4 6 12 24 36 60 61 121 157 b
1 2 4 6 12 24 36 60 96 97 157 b
1 2 4 6 12 24 36 60 96 156 157 b
1 2 4 6 12 24 36 60 120 121 157 b
1 2 4 6 12 24 36 60 120 156 157 b
1 2 4 6 12 24 36 72 73 84 157 a
1 2 4 6 12 24 36 72 73 85 157 b
1 2 4 6 12 24 36 72 73 145 157 b
1 2 4 6 12 24 36 72 78 79 157 b
1 2 4 6 12 24 36 72 78 156 157 b
1 2 4 6 12 24 36 72 84 85 157 b
1 2 4 6 12 24 36 72 84 156 157 b
1 2 4 6 12 24 36 72 144 145 157 b
1 2 4 6 12 24 36 72 144 156 157 b
1 2 4 6 12 24 48 49 54 103 157 a
1 2 4 6 12 24 48 49 54 108 157 a
1 2 4 6 12 24 48 49 60 97 157 a
1 2 4 6 12 24 48 49 60 108 157 a
1 2 4 6 12 24 48 49 60 109 157 a
1 2 4 6 12 24 48 49 61 96 157 a
1 2 4 6 12 24 48 49 61 109 157 b
1 2 4 6 12 24 48 49 96 108 157 a
1 2 4 6 12 24 48 49 96 145 157 a
1 2 4 6 12 24 48 49 97 109 157 b
1 2 4 6 12 24 48 49 97 145 157 b
1 2 4 6 12 24 48 52 53 104 157 a
1 2 4 6 12 24 48 52 53 105 157 b
1 2 4 6 12 24 48 52 104 105 157 b
1 2 4 6 12 24 48 52 104 156 157 b
1 2 4 6 12 24 48 54 55 102 157 a
1 2 4 6 12 24 48 54 55 103 157 b
1 2 4 6 12 24 48 54 55 109 157 b
1 2 4 6 12 24 48 54 78 79 157 b
1 2 4 6 12 24 48 54 78 156 157 b
1 2 4 6 12 24 48 54 102 103 157 b
1 2 4 6 12 24 48 54 102 156 157 b
1 2 4 6 12 24 48 54 108 109 157 b
1 2 4 6 12 24 48 54 108 156 157 b
1 2 4 6 12 24 48 60 61 96 157 a
1 2 4 6 12 24 48 60 61 109 157 b
1 2 4 6 12 24 48 60 96 97 157 a
1 2 4 6 12 24 48 60 96 156 157 a
1 2 4 6 12 24 48 60 108 109 157 b
1 2 4 6 12 24 48 60 108 156 157 b
1 2 4 6 12 24 48 72 73 84 157 a
1 2 4 6 12 24 48 72 73 85 157 b
1 2 4 6 12 24 48 72 73 145 157 b
1 2 4 6 12 24 48 72 78 79 157 b
1 2 4 6 12 24 48 72 78 156 157 b
1 2 4 6 12 24 48 72 84 85 157 b
1 2 4 6 12 24 48 72 84 156 157 b
1 2 4 6 12 24 48 72 144 145 157 b
1 2 4 6 12 24 48 72 144 156 157 b
1 2 4 6 12 24 48 96 97 109 157 b
1 2 4 6 12 24 48 96 97 145 157 b
1 2 4 6 12 24 48 96 108 109 157 b
1 2 4 6 12 24 48 96 108 156 157 b
1 2 4 6 12 24 48 96 144 145 157 b
1 2 4 6 12 24 48 96 144 156 157 b
1 2 4 8 9 13 18 36 72 85 157 a
1 2 4 8 9 13 18 36 72 144 157 a
1 2 4 8 9 13 21 34 68 89 157 b
1 2 4 8 9 13 21 34 68 136 157 b
1 2 4 8 9 13 26 35 61 96 157 b
1 2 4 8 9 13 26 35 61 122 157 b
1 2 4 8 9 13 26 39 78 79 157 b
1 2 4 8 9 13 26 39 78 156 157 b
1 2 4 8 9 13 26 52 53 104 157 a
1 2 4 8 9 13 26 52 53 105 157 b
1 2 4 8 9 13 26 52 78 79 157 b
1 2 4 8 9 13 26 52 78 156 157 b
1 2 4 8 9 13 26 52 104 105 157 b
1 2 4 8 9 13 26 52 104 156 157 b
1 2 4 8 9 16 25 33 66 91 157 a
1 2 4 8 9 16 25 33 66 132 157 a
1 2 4 8 9 16 25 41 66 91 157 a
1 2 4 8 9 16 25 41 66 132 157 a
1 2 4 8 9 16 25 50 66 91 157 a
1 2 4 8 9 16 25 50 66 132 157 a
1 2 4 8 9 17 18 35 70 87 157 b
1 2 4 8 9 17 18 35 70 140 157 b
1 2 4 8 9 17 21 34 68 89 157 a
1 2 4 8 9 17 21 34 68 136 157 a
1 2 4 8 9 17 25 33 66 91 157 b
1 2 4 8 9 17 25 33 66 132 157 b
1 2 4 8 9 17 26 35 61 96 157 b
1 2 4 8 9 17 26 35 61 122 157 b
1 2 4 8 9 17 26 35 70 87 157 b
1 2 4 8 9 17 26 35 70 140 157 b
1 2 4 8 9 17 26 52 53 104 157 a
1 2 4 8 9 17 26 52 53 105 157 b
1 2 4 8 9 17 26 52 78 79 157 b
1 2 4 8 9 17 26 52 78 156 157 b
1 2 4 8 9 17 26 52 104 105 157 b
1 2 4 8 9 17 26 52 104 156 157 b
1 2 4 8 9 17 34 35 70 87 157 b
1 2 4 8 9 17 34 35 70 140 157 b
1 2 4 8 9 17 34 36 70 87 157 b
1 2 4 8 9 17 34 36 70 140 157 b
1 2 4 8 9 17 34 51 53 104 157 b
1 2 4 8 9 17 34 51 53 106 157 b
1 2 4 8 9 17 34 51 55 102 157 a
1 2 4 8 9 17 34 51 55 106 157 b
1 2 4 8 9 17 34 51 102 106 157 b
1 2 4 8 9 17 34 51 102 153 157 b
1 2 4 8 9 17 34 68 70 87 157 b
1 2 4 8 9 17 34 68 70 140 157 b
1 2 4 8 9 17 34 68 72 85 157 a
1 2 4 8 9 17 34 68 72 89 157 b
1 2 4 8 9 17 34 68 72 140 157 b
1 2 4 8 9 17 34 68 85 89 157 b
1 2 4 8 9 17 34 68 85 153 157 b
1 2 4 8 9 17 34 68 136 140 157 b
1 2 4 8 9 17 34 68 136 153 157 b
1 2 4 8 9 18 19 37 74 83 157 b
1 2 4 8 9 18 19 37 74 148 157 b
1 2 4 8 9 18 26 35 61 96 157 b
1 2 4 8 9 18 26 35 61 122 157 b
1 2 4 8 9 18 26 52 53 104 157 a
1 2 4 8 9 18 26 52 53 105 157 b
1 2 4 8 9 18 26 52 78 79 157 b
1 2 4 8 9 18 26 52 78 156 157 b
1 2 4 8 9 18 26 52 104 105 157 b
1 2 4 8 9 18 26 52 104 156 157 b
1 2 4 8 9 18 36 37 74 83 157 b
1 2 4 8 9 18 36 37 74 148 157 b
1 2 4 8 9 18 36 38 74 83 157 b
1 2 4 8 9 18 36 38 74 148 157 b
1 2 4 8 9 18 36 72 74 83 157 b
1 2 4 8 9 18 36 72 74 148 157 b
1 2 4 8 9 18 36 72 76 81 157 a
1 2 4 8 9 18 36 72 76 85 157 b
1 2 4 8 9 18 36 72 76 148 157 b
1 2 4 8 9 18 36 72 81 85 157 b
1 2 4 8 9 18 36 72 81 153 157 b
1 2 4 8 9 18 36 72 144 148 157 b
1 2 4 8 9 18 36 72 144 153 157 b
1 2 4 8 10 16 26 52 53 104 157 a
1 2 4 8 10 16 26 52 53 105 157 a
1 2 4 8 10 16 26 52 78 79 157 a
1 2 4 8 10 16 26 52 78 156 157 a
1 2 4 8 10 16 26 52 104 105 157 a
1 2 4 8 10 16 26 52 104 156 157 a
1 2 4 8 10 18 26 52 53 104 157 a
1 2 4 8 10 18 26 52 53 105 157 b
1 2 4 8 10 18 26 52 78 79 157 b
1 2 4 8 10 18 26 52 78 156 157 b
1 2 4 8 10 18 26 52 104 105 157 b
1 2 4 8 10 18 26 52 104 156 157 b
1 2 4 8 12 13 21 34 68 89 157 b
1 2 4 8 12 13 21 34 68 136 157 b
1 2 4 8 12 13 24 36 72 85 157 a
1 2 4 8 12 13 24 36 72 144 157 a
1 2 4 8 12 13 24 48 61 96 157 a
1 2 4 8 12 13 24 48 61 109 157 a
1 2 4 8 12 13 24 48 72 85 157 a
1 2 4 8 12 13 24 48 72 144 157 a
1 2 4 8 12 13 24 48 96 109 157 a
1 2 4 8 12 13 24 48 96 144 157 a
1 2 4 8 12 13 25 33 66 91 157 b
1 2 4 8 12 13 25 33 66 132 157 b
1 2 4 8 12 13 26 39 78 79 157 b
1 2 4 8 12 13 26 39 78 156 157 b
1 2 4 8 12 13 26 52 53 104 157 a
1 2 4 8 12 13 26 52 53 105 157 b
1 2 4 8 12 13 26 52 78 79 157 b
1 2 4 8 12 13 26 52 78 156 157 b
1 2 4 8 12 13 26 52 104 105 157 b
1 2 4 8 12 13 26 52 104 156 157 b
1 2 4 8 12 14 26 52 53 104 157 a
1 2 4 8 12 14 26 52 53 105 157 b
1 2 4 8 12 14 26 52 78 79 157 b
1 2 4 8 12 14 26 52 78 156 157 b
1 2 4 8 12 14 26 52 104 105 157 b
1 2 4 8 12 14 26 52 104 156 157 b
1 2 4 8 12 20 32 52 53 104 157 a
1 2 4 8 12 20 32 52 53 105 157 b
1 2 4 8 12 20 32 52 104 105 157 b
1 2 4 8 12 20 32 52 104 156 157 b
1 2 4 8 12 20 40 52 53 104 157 a
1 2 4 8 12 20 40 52 53 105 157 b
1 2 4 8 12 20 40 52 104 105 157 b
1 2 4 8 12 20 40 52 104 156 157 b
1 2 4 8 12 24 25 33 66 91 157 b
1 2 4 8 12 24 25 33 66 132 157 b
1 2 4 8 12 24 26 52 53 104 157 a
1 2 4 8 12 24 26 52 53 105 157 b
1 2 4 8 12 24 26 52 78 79 157 b
1 2 4 8 12 24 26 52 78 156 157 b
1 2 4 8 12 24 26 52 104 105 157 b
1 2 4 8 12 24 26 52 104 156 157 b
1 2 4 8 12 24 28 52 53 104 157 a
1 2 4 8 12 24 28 52 53 105 157 b
1 2 4 8 12 24 28 52 104 105 157 b
1 2 4 8 12 24 28 52 104 156 157 b
1 2 4 8 12 24 36 37 60 97 157 a
1 2 4 8 12 24 36 37 60 120 157 a
1 2 4 8 12 24 36 60 61 96 157 a
1 2 4 8 12 24 36 60 61 97 157 b
1 2 4 8 12 24 36 60 61 121 157 b
1 2 4 8 12 24 36 60 96 97 157 b
1 2 4 8 12 24 36 60 96 156 157 b
1 2 4 8 12 24 36 60 120 121 157 b
1 2 4 8 12 24 36 60 120 156 157 b
1 2 4 8 12 24 36 72 73 84 157 a
1 2 4 8 12 24 36 72 73 85 157 b
1 2 4 8 12 24 36 72 73 145 157 b
1 2 4 8 12 24 36 72 84 85 157 b
1 2 4 8 12 24 36 72 84 156 157 b
1 2 4 8 12 24 36 72 144 145 157 b
1 2 4 8 12 24 36 72 144 156 157 b
1 2 4 8 12 24 48 49 60 97 157 a
1 2 4 8 12 24 48 49 60 108 157 a
1 2 4 8 12 24 48 49 60 109 157 a
1 2 4 8 12 24 48 49 61 96 157 a
1 2 4 8 12 24 48 49 61 109 157 b
1 2 4 8 12 24 48 49 96 108 157 a
1 2 4 8 12 24 48 49 96 145 157 a
1 2 4 8 12 24 48 49 97 109 157 b
1 2 4 8 12 24 48 49 97 145 157 b
1 2 4 8 12 24 48 52 53 104 157 a
1 2 4 8 12 24 48 52 53 105 157 b
1 2 4 8 12 24 48 52 104 105 157 b
1 2 4 8 12 24 48 52 104 156 157 b
1 2 4 8 12 24 48 60 61 96 157 a
1 2 4 8 12 24 48 60 61 109 157 b
1 2 4 8 12 24 48 60 96 97 157 a
1 2 4 8 12 24 48 60 96 156 157 a
1 2 4 8 12 24 48 60 108 109 157 b
1 2 4 8 12 24 48 60 108 156 157 b
1 2 4 8 12 24 48 72 73 84 157 a
1 2 4 8 12 24 48 72 73 85 157 b
1 2 4 8 12 24 48 72 73 145 157 b
1 2 4 8 12 24 48 72 84 85 157 b
1 2 4 8 12 24 48 72 84 156 157 b
1 2 4 8 12 24 48 72 144 145 157 b
1 2 4 8 12 24 48 72 144 156 157 b
1 2 4 8 12 24 48 96 97 109 157 b
1 2 4 8 12 24 48 96 97 145 157 b
1 2 4 8 12 24 48 96 108 109 157 b
1 2 4 8 12 24 48 96 108 156 157 b
1 2 4 8 12 24 48 96 144 145 157 b
1 2 4 8 12 24 48 96 144 156 157 b
1 2 4 8 16 17 18 35 70 87 157 b
1 2 4 8 16 17 18 35 70 140 157 b
1 2 4 8 16 17 19 35 70 87 157 b
1 2 4 8 16 17 19 35 70 140 157 b
1 2 4 8 16 17 21 34 68 89 157 a
1 2 4 8 16 17 21 34 68 136 157 a
1 2 4 8 16 17 24 41 58 99 157 a
1 2 4 8 16 17 24 41 58 116 157 a
1 2 4 8 16 17 25 33 66 91 157 b
1 2 4 8 16 17 25 33 66 132 157 b
1 2 4 8 16 17 25 41 58 99 157 b
1 2 4 8 16 17 25 41 58 116 157 b
1 2 4 8 16 17 25 41 66 91 157 b
1 2 4 8 16 17 25 41 66 132 157 b
1 2 4 8 16 17 25 50 66 91 157 b
1 2 4 8 16 17 25 50 66 132 157 b
1 2 4 8 16 17 33 35 70 87 157 b
1 2 4 8 16 17 33 35 70 140 157 b
1 2 4 8 16 17 33 37 70 87 157 b
1 2 4 8 16 17 33 37 70 140 157 b
1 2 4 8 16 17 33 41 58 99 157 b
1 2 4 8 16 17 33 41 58 116 157 b
1 2 4 8 16 17 33 66 70 87 157 b
1 2 4 8 16 17 33 66 70 140 157 b
1 2 4 8 16 17 33 66 74 83 157 a
1 2 4 8 16 17 33 66 74 91 157 b
1 2 4 8 16 17 33 66 74 140 157 b
1 2 4 8 16 17 33 66 83 91 157 b
1 2 4 8 16 17 33 66 83 149 157 b
1 2 4 8 16 17 33 66 132 140 157 b
1 2 4 8 16 17 33 66 132 149 157 b
1 2 4 8 16 17 34 35 70 87 157 b
1 2 4 8 16 17 34 35 70 140 157 b
1 2 4 8 16 17 34 36 70 87 157 b
1 2 4 8 16 17 34 36 70 140 157 b
1 2 4 8 16 17 34 51 53 104 157 b
1 2 4 8 16 17 34 51 53 106 157 b
1 2 4 8 16 17 34 51 55 102 157 a
1 2 4 8 16 17 34 51 55 106 157 b
1 2 4 8 16 17 34 51 102 106 157 b
1 2 4 8 16 17 34 51 102 153 157 b
1 2 4 8 16 17 34 68 70 87 157 b
1 2 4 8 16 17 34 68 70 140 157 b
1 2 4 8 16 17 34 68 72 85 157 a
1 2 4 8 16 17 34 68 72 89 157 b
1 2 4 8 16 17 34 68 72 140 157 b
1 2 4 8 16 17 34 68 85 89 157 b
1 2 4 8 16 17 34 68 85 153 157 b
1 2 4 8 16 17 34 68 136 140 157 b
1 2 4 8 16 17 34 68 136 153 157 b
1 2 4 8 16 18 26 52 53 104 157 a
1 2 4 8 16 18 26 52 53 105 157 b
1 2 4 8 16 18 26 52 78 79 157 b
1 2 4 8 16 18 26 52 78 156 157 b
1 2 4 8 16 18 26 52 104 105 157 b
1 2 4 8 16 18 26 52 104 156 157 b
1 2 4 8 16 18 34 52 53 104 157 a
1 2 4 8 16 18 34 52 53 105 157 b
1 2 4 8 16 18 34 52 104 105 157 b
1 2 4 8 16 18 34 52 104 156 157 b
1 2 4 8 16 18 36 52 53 104 157 a
1 2 4 8 16 18 36 52 53 105 157 b
1 2 4 8 16 18 36 52 104 105 157 b
1 2 4 8 16 18 36 52 104 156 157 b
1 2 4 8 16 20 32 52 53 104 157 a
1 2 4 8 16 20 32 52 53 105 157 a
1 2 4 8 16 20 32 52 104 105 157 a
1 2 4 8 16 20 32 52 104 156 157 a
1 2 4 8 16 20 36 52 53 104 157 a
1 2 4 8 16 20 36 52 53 105 157 b
1 2 4 8 16 20 36 52 104 105 157 b
1 2 4 8 16 20 36 52 104 156 157 b
1 2 4 8 16 24 25 33 66 91 157 b
1 2 4 8 16 24 25 33 66 132 157 b
1 2 4 8 16 24 25 41 66 91 157 b
1 2 4 8 16 24 25 41 66 132 157 b
1 2 4 8 16 24 25 50 66 91 157 b
1 2 4 8 16 24 25 50 66 132 157 b
1 2 4 8 16 24 26 52 53 104 157 a
1 2 4 8 16 24 26 52 53 105 157 b
1 2 4 8 16 24 26 52 78 79 157 b
1 2 4 8 16 24 26 52 78 156 157 b
1 2 4 8 16 24 26 52 104 105 157 b
1 2 4 8 16 24 26 52 104 156 157 b
1 2 4 8 16 24 28 52 53 104 157 a
1 2 4 8 16 24 28 52 53 105 157 b
1 2 4 8 16 24 28 52 104 105 157 b
1 2 4 8 16 24 28 52 104 156 157 b
1 2 4 8 16 24 48 52 53 104 157 a
1 2 4 8 16 24 48 52 53 105 157 b
1 2 4 8 16 24 48 52 104 105 157 b
1 2 4 8 16 24 48 52 104 156 157 b
1 2 4 8 16 32 36 52 53 104 157 a
1 2 4 8 16 32 36 52 53 105 157 b
1 2 4 8 16 32 36 52 104 105 157 b
1 2 4 8 16 32 36 52 104 156 157 b
1 2 4 8 16 32 48 52 53 104 157 a
1 2 4 8 16 32 48 52 53 105 157 b
1 2 4 8 16 32 48 52 104 105 157 b
1 2 4 8 16 32 48 52 104 156 157 b
