1 2 3 4 7 11 18 29 58 116 232 b
1 2 3 4 7 11 22 29 58 116 232 b
1 2 3 4 7 14 15 29 58 116 232 b
1 2 3 4 7 14 28 29 58 116 232 b
1 2 3 4 7 14 28 30 58 116 232 b
1 2 3 4 7 14 28 56 58 116 232 b
1 2 3 4 7 14 28 56 60 116 232 b
1 2 3 4 7 14 28 56 112 116 232 b
1 2 3 5 6 12 17 29 58 116 232 b
1 2 3 5 6 12 24 29 58 116 232 b
1 2 3 5 7 12 17 29 58 116 232 b
1 2 3 5 7 12 24 29 58 116 232 b
1 2 3 5 7 14 15 29 58 116 232 b
1 2 3 5 7 14 28 29 58 116 232 b
1 2 3 5 7 14 28 30 58 116 232 b
1 2 3 5 7 14 28 56 58 116 232 b
1 2 3 5 8 13 16 29 58 116 232 b
1 2 3 5 8 13 21 29 58 116 232 b
1 2 3 5 8 13 26 29 58 116 232 b
1 2 3 5 8 16 21 29 58 116 232 b
1 2 3 5 8 16 21 37 58 116 232 b
1 2 3 5 8 16 21 42 58 116 232 b
1 2 3 5 8 16 24 29 58 116 232 b
1 2 3 5 10 12 17 29 58 116 232 b
1 2 3 5 10 12 24 29 58 116 232 b
1 2 3 5 10 12 24 34 58 116 232 b
1 2 3 5 10 12 24 48 58 116 232 b
1 2 3 5 10 13 16 29 58 116 232 b
1 2 3 5 10 13 26 29 58 116 232 b
1 2 3 6 7 13 16 29 58 116 232 b
1 2 3 6 7 13 26 29 58 116 232 b
1 2 3 6 7 13 26 32 58 116 232 b
1 2 3 6 7 13 26 52 58 116 232 b
1 2 3 6 7 14 15 29 58 116 232 b
1 2 3 6 7 14 28 29 58 116 232 b
1 2 3 6 7 14 28 30 58 116 232 b
1 2 3 6 7 14 28 56 58 116 232 b
1 2 3 6 8 14 15 29 58 116 232 b
1 2 3 6 8 14 22 36 58 116 232 b
1 2 3 6 8 14 22 44 58 116 232 b
1 2 3 6 8 14 28 29 58 116 232 b
1 2 3 6 8 14 28 30 58 116 232 b
1 2 3 6 8 14 28 56 58 116 232 b
1 2 3 6 8 14 28 56 112 120 232 b
1 2 3 6 8 14 28 56 112 224 232 b
1 2 3 6 9 10 19 29 58 116 232 b
1 2 3 6 9 10 20 29 58 116 232 b
1 2 3 6 9 11 18 29 58 116 232 a
1 2 3 6 9 11 20 29 58 116 232 b
1 2 3 6 9 18 20 29 58 116 232 b
1 2 3 6 9 18 20 38 58 116 232 b
1 2 3 6 9 18 20 40 58 116 232 b
1 2 3 6 9 18 27 29 58 116 232 b
1 2 3 6 12 13 16 29 58 116 232 b
1 2 3 6 12 13 26 29 58 116 232 b
1 2 3 6 12 13 26 32 58 116 232 b
1 2 3 6 12 13 26 52 58 116 232 b
1 2 3 6 12 13 26 52 64 116 232 b
1 2 3 6 12 13 26 52 104 116 232 b
1 2 3 6 12 14 15 29 58 116 232 b
1 2 3 6 12 14 17 29 58 116 232 b
1 2 3 6 12 14 26 29 58 116 232 b
1 2 3 6 12 14 26 32 58 116 232 b
1 2 3 6 12 14 26 52 58 116 232 b
1 2 3 6 12 14 26 52 64 116 232 b
1 2 3 6 12 14 26 52 104 116 232 b
1 2 3 6 12 14 28 29 58 116 232 b
1 2 3 6 12 14 28 30 58 116 232 b
1 2 3 6 12 14 28 56 58 116 232 b
1 2 3 6 12 15 17 29 58 116 232 b
1 2 3 6 12 15 27 29 58 116 232 b
1 2 3 6 12 18 20 38 58 116 232 b
1 2 3 6 12 18 20 40 58 116 232 b
1 2 3 6 12 24 26 29 58 116 232 b
1 2 3 6 12 24 26 32 58 116 232 b
1 2 3 6 12 24 26 52 58 116 232 b
1 2 3 6 12 24 26 52 64 116 232 b
1 2 3 6 12 24 26 52 104 116 232 b
1 2 3 6 12 24 26 52 104 128 232 b
1 2 3 6 12 24 26 52 104 208 232 b
1 2 3 6 12 24 27 29 58 116 232 b
1 2 4 5 6 12 17 29 58 116 232 b
1 2 4 5 6 12 24 29 58 116 232 b
1 2 4 5 7 11 18 29 58 116 232 b
1 2 4 5 7 11 22 29 58 116 232 b
1 2 4 5 7 12 17 29 58 116 232 b
1 2 4 5 7 12 24 29 58 116 232 b
1 2 4 5 7 14 15 29 58 116 232 b
1 2 4 5 7 14 28 29 58 116 232 b
1 2 4 5 7 14 28 30 58 116 232 b
1 2 4 5 7 14 28 56 58 116 232 b
1 2 4 5 7 14 28 56 60 116 232 b
1 2 4 5 7 14 28 56 112 116 232 b
1 2 4 5 8 12 17 29 58 116 232 a
1 2 4 5 8 12 24 29 58 116 232 a
1 2 4 5 8 13 16 29 58 116 232 a
1 2 4 5 8 13 21 29 58 116 232 a
1 2 4 5 8 16 21 29 58 116 232 a
1 2 4 5 8 16 21 37 58 116 232 a
1 2 4 5 8 16 21 42 58 116 232 a
1 2 4 5 8 16 24 29 58 116 232 a
1 2 4 5 9 10 19 29 58 116 232 b
1 2 4 5 9 10 20 29 58 116 232 b
1 2 4 5 9 11 18 29 58 116 232 a
1 2 4 5 9 11 20 29 58 116 232 b
1 2 4 5 9 14 15 29 58 116 232 b
1 2 4 5 9 14 28 29 58 116 232 b
1 2 4 5 9 14 28 30 58 116 232 b
1 2 4 5 9 14 28 56 58 116 232 b
1 2 4 5 9 14 28 56 60 116 232 b
1 2 4 5 9 14 28 56 112 116 232 b
1 2 4 5 9 18 20 29 58 116 232 b
1 2 4 5 9 18 20 38 58 116 232 b
1 2 4 5 9 18 20 40 58 116 232 b
1 2 4 5 9 18 22 36 58 116 232 a
1 2 4 5 9 18 22 40 58 116 232 b
1 2 4 5 9 18 27 29 58 116 232 b
1 2 4 5 9 18 27 31 58 116 232 b
1 2 4 5 9 18 27 54 58 116 232 b
1 2 4 5 9 18 36 40 58 116 232 b
1 2 4 5 9 18 36 40 76 116 232 b
1 2 4 5 9 18 36 40 80 116 232 b
1 2 4 5 9 18 36 54 58 116 232 b
1 2 4 5 10 12 17 29 58 116 232 b
1 2 4 5 10 12 24 29 58 116 232 b
1 2 4 5 10 12 24 34 58 116 232 b
1 2 4 5 10 12 24 48 58 116 232 b
1 2 4 5 10 14 15 29 58 116 232 b
1 2 4 5 10 14 19 29 58 116 232 b
1 2 4 5 10 14 24 29 58 116 232 b
1 2 4 5 10 14 24 34 58 116 232 b
1 2 4 5 10 14 24 48 58 116 232 b
1 2 4 5 10 14 28 29 58 116 232 b
1 2 4 5 10 14 28 30 58 116 232 b
1 2 4 5 10 14 28 56 58 116 232 b
1 2 4 5 10 14 28 56 60 116 232 b
1 2 4 5 10 14 28 56 112 116 232 b
1 2 4 5 10 15 19 29 58 116 232 b
1 2 4 5 10 15 25 29 58 116 232 b
1 2 4 5 10 20 24 29 58 116 232 b
1 2 4 5 10 20 24 34 58 116 232 b
1 2 4 5 10 20 24 48 58 116 232 b
1 2 4 5 10 20 24 48 68 116 232 b
1 2 4 5 10 20 24 48 96 116 232 b
1 2 4 5 10 20 25 29 58 116 232 b
1 2 4 6 7 11 18 29 58 116 232 b
1 2 4 6 7 11 22 29 58 116 232 b
1 2 4 6 7 13 26 32 58 116 232 b
1 2 4 6 7 13 26 52 58 116 232 b
1 2 4 6 7 14 15 29 58 116 232 b
1 2 4 6 7 14 28 29 58 116 232 b
1 2 4 6 7 14 28 30 58 116 232 b
1 2 4 6 7 14 28 56 58 116 232 b
1 2 4 6 7 14 28 56 60 116 232 b
1 2 4 6 7 14 28 56 112 116 232 b
1 2 4 6 8 14 15 29 58 116 232 b
1 2 4 6 8 14 22 36 58 116 232 b
1 2 4 6 8 14 22 44 58 116 232 b
1 2 4 6 8 14 28 29 58 116 232 b
1 2 4 6 8 14 28 30 58 116 232 b
1 2 4 6 8 14 28 56 58 116 232 b
1 2 4 6 8 14 28 56 60 116 232 b
1 2 4 6 8 14 28 56 112 116 232 b
1 2 4 6 8 14 28 56 112 120 232 b
1 2 4 6 8 14 28 56 112 224 232 b
1 2 4 6 10 12 24 34 58 116 232 b
1 2 4 6 10 12 24 48 58 116 232 b
1 2 4 6 10 14 15 29 58 116 232 b
1 2 4 6 10 14 24 34 58 116 232 b
1 2 4 6 10 14 24 48 58 116 232 b
1 2 4 6 10 14 28 29 58 116 232 b
1 2 4 6 10 14 28 30 58 116 232 b
1 2 4 6 10 14 28 56 58 116 232 b
1 2 4 6 10 14 28 56 60 116 232 b
1 2 4 6 10 14 28 56 112 116 232 b
1 2 4 6 10 16 26 32 58 116 232 b
1 2 4 6 10 16 26 42 58 116 232 b
1 2 4 6 10 16 26 52 58 116 232 b
1 2 4 6 10 16 32 42 58 116 232 b
1 2 4 6 10 16 32 42 74 116 232 b
1 2 4 6 10 16 32 42 84 116 232 b
1 2 4 6 10 16 32 48 58 116 232 b
1 2 4 6 10 20 24 34 58 116 232 b
1 2 4 6 10 20 24 48 58 116 232 b
1 2 4 6 10 20 24 48 68 116 232 b
1 2 4 6 10 20 24 48 96 116 232 b
1 2 4 6 10 20 26 32 58 116 232 b
1 2 4 6 10 20 26 52 58 116 232 b
1 2 4 6 12 13 16 29 58 116 232 a
1 2 4 6 12 13 17 29 58 116 232 b
1 2 4 6 12 13 25 29 58 116 232 b
1 2 4 6 12 13 26 32 58 116 232 b
1 2 4 6 12 13 26 52 58 116 232 b
1 2 4 6 12 13 26 52 64 116 232 b
1 2 4 6 12 13 26 52 104 116 232 b
1 2 4 6 12 14 15 29 58 116 232 b
1 2 4 6 12 14 26 32 58 116 232 b
1 2 4 6 12 14 26 52 58 116 232 b
1 2 4 6 12 14 26 52 64 116 232 b
1 2 4 6 12 14 26 52 104 116 232 b
1 2 4 6 12 14 28 29 58 116 232 b
1 2 4 6 12 14 28 30 58 116 232 b
1 2 4 6 12 14 28 56 58 116 232 b
1 2 4 6 12 14 28 56 60 116 232 b
1 2 4 6 12 14 28 56 112 116 232 b
1 2 4 6 12 16 17 29 58 116 232 b
1 2 4 6 12 16 28 29 58 116 232 b
1 2 4 6 12 16 28 30 58 116 232 b
1 2 4 6 12 16 28 44 72 116 232 b
1 2 4 6 12 16 28 44 88 116 232 b
1 2 4 6 12 16 28 56 58 116 232 b
1 2 4 6 12 16 28 56 60 116 232 b
1 2 4 6 12 16 28 56 112 116 232 b
1 2 4 6 12 18 20 38 58 116 232 b
1 2 4 6 12 18 20 40 58 116 232 b
1 2 4 6 12 18 22 36 58 116 232 a
1 2 4 6 12 18 22 40 58 116 232 b
1 2 4 6 12 18 36 40 58 116 232 b
1 2 4 6 12 18 36 40 76 116 232 b
1 2 4 6 12 18 36 40 80 116 232 b
1 2 4 6 12 18 36 54 58 116 232 b
1 2 4 6 12 24 25 29 58 116 232 b
1 2 4 6 12 24 26 32 58 116 232 b
1 2 4 6 12 24 26 52 58 116 232 b
1 2 4 6 12 24 26 52 64 116 232 b
1 2 4 6 12 24 26 52 104 116 232 b
1 2 4 6 12 24 26 52 104 128 232 b
1 2 4 6 12 24 26 52 104 208 232 b
1 2 4 6 12 24 28 29 58 116 232 b
1 2 4 6 12 24 28 30 58 116 232 b
1 2 4 6 12 24 28 34 58 116 232 b
1 2 4 6 12 24 28 52 58 116 232 b
1 2 4 6 12 24 28 52 64 116 232 b
1 2 4 6 12 24 28 52 104 116 232 b
1 2 4 6 12 24 28 52 104 128 232 b
1 2 4 6 12 24 28 52 104 208 232 b
1 2 4 6 12 24 28 56 58 116 232 b
1 2 4 6 12 24 28 56 60 116 232 b
1 2 4 6 12 24 28 56 112 116 232 b
1 2 4 6 12 24 30 34 58 116 232 b
1 2 4 6 12 24 30 54 58 116 232 b
1 2 4 6 12 24 36 40 76 116 232 b
1 2 4 6 12 24 36 40 80 116 232 b
1 2 4 6 12 24 48 52 58 116 232 b
1 2 4 6 12 24 48 52 64 116 232 b
1 2 4 6 12 24 48 52 104 116 232 b
1 2 4 6 12 24 48 52 104 128 232 b
1 2 4 6 12 24 48 52 104 208 232 b
1 2 4 6 12 24 48 54 58 116 232 b
1 2 4 8 9 10 19 29 58 116 232 b
1 2 4 8 9 10 20 29 58 116 232 b
1 2 4 8 9 11 18 29 58 116 232 a
1 2 4 8 9 11 20 29 58 116 232 b
1 2 4 8 9 12 17 29 58 116 232 a
1 2 4 8 9 12 20 29 58 116 232 a
1 2 4 8 9 12 21 29 58 116 232 a
1 2 4 8 9 13 16 29 58 116 232 a
1 2 4 8 9 13 21 29 58 116 232 b
1 2 4 8 9 16 20 29 58 116 232 a
1 2 4 8 9 16 25 29 58 116 232 a
1 2 4 8 9 16 25 33 58 116 232 a
1 2 4 8 9 16 25 50 58 116 232 a
1 2 4 8 9 16 25 50 66 116 232 a
1 2 4 8 9 16 25 50 100 116 232 a
1 2 4 8 9 17 21 29 58 116 232 b
1 2 4 8 9 17 25 29 58 116 232 b
1 2 4 8 9 17 25 33 58 116 232 b
1 2 4 8 9 17 25 50 58 116 232 b
1 2 4 8 9 18 20 29 58 116 232 b
1 2 4 8 9 18 20 38 58 116 232 b
1 2 4 8 9 18 20 40 58 116 232 b
1 2 4 8 9 18 22 36 58 116 232 a
1 2 4 8 9 18 22 40 58 116 232 b
1 2 4 8 9 18 27 29 58 116 232 b
1 2 4 8 9 18 27 31 58 116 232 b
1 2 4 8 9 18 27 54 58 116 232 b
1 2 4 8 9 18 27 54 62 116 232 b
1 2 4 8 9 18 27 54 108 116 232 b
1 2 4 8 9 18 36 40 58 116 232 b
1 2 4 8 9 18 36 40 76 116 232 b
1 2 4 8 9 18 36 40 80 116 232 b
1 2 4 8 9 18 36 44 72 116 232 a
1 2 4 8 9 18 36 44 80 116 232 b
1 2 4 8 9 18 36 54 58 116 232 b
1 2 4 8 9 18 36 54 62 116 232 b
1 2 4 8 9 18 36 54 108 116 232 b
1 2 4 8 9 18 36 72 80 116 232 b
1 2 4 8 9 18 36 72 80 152 232 b
1 2 4 8 9 18 36 72 80 160 232 b
1 2 4 8 9 18 36 72 108 116 232 b
1 2 4 8 10 11 18 29 58 116 232 a
1 2 4 8 10 11 19 29 58 116 232 b
1 2 4 8 10 11 21 29 58 116 232 b
1 2 4 8 10 12 24 34 58 116 232 b
1 2 4 8 10 12 24 48 58 116 232 b
1 2 4 8 10 14 15 29 58 116 232 b
1 2 4 8 10 14 22 36 58 116 232 b
1 2 4 8 10 14 22 44 58 116 232 b
1 2 4 8 10 14 24 34 58 116 232 b
1 2 4 8 10 14 24 48 58 116 232 b
1 2 4 8 10 14 28 29 58 116 232 b
1 2 4 8 10 14 28 30 58 116 232 b
1 2 4 8 10 14 28 56 58 116 232 b
1 2 4 8 10 14 28 56 60 116 232 b
1 2 4 8 10 14 28 56 112 116 232 b
1 2 4 8 10 14 28 56 112 120 232 b
1 2 4 8 10 14 28 56 112 224 232 b
1 2 4 8 10 16 24 34 58 116 232 a
1 2 4 8 10 16 24 48 58 116 232 a
1 2 4 8 10 16 26 32 58 116 232 a
1 2 4 8 10 16 26 42 58 116 232 a
1 2 4 8 10 16 32 42 58 116 232 a
1 2 4 8 10 16 32 42 74 116 232 a
1 2 4 8 10 16 32 42 84 116 232 a
1 2 4 8 10 16 32 48 58 116 232 a
1 2 4 8 10 18 19 29 58 116 232 b
1 2 4 8 10 18 20 38 58 116 232 b
1 2 4 8 10 18 20 40 58 116 232 b
1 2 4 8 10 18 22 36 58 116 232 a
1 2 4 8 10 18 22 40 58 116 232 b
1 2 4 8 10 18 28 29 58 116 232 b
1 2 4 8 10 18 28 30 58 116 232 b
1 2 4 8 10 18 28 56 58 116 232 b
1 2 4 8 10 18 28 56 60 116 232 b
1 2 4 8 10 18 28 56 112 116 232 b
1 2 4 8 10 18 28 56 112 120 232 b
1 2 4 8 10 18 28 56 112 224 232 b
1 2 4 8 10 18 36 40 58 116 232 b
1 2 4 8 10 18 36 40 76 116 232 b
1 2 4 8 10 18 36 40 80 116 232 b
1 2 4 8 10 18 36 44 72 116 232 a
1 2 4 8 10 18 36 44 80 116 232 b
1 2 4 8 10 18 36 54 58 116 232 b
1 2 4 8 10 18 36 54 62 116 232 b
1 2 4 8 10 18 36 54 108 116 232 b
1 2 4 8 10 18 36 72 80 116 232 b
1 2 4 8 10 18 36 72 80 152 232 b
1 2 4 8 10 18 36 72 80 160 232 b
1 2 4 8 10 18 36 72 108 116 232 b
1 2 4 8 10 20 21 29 58 116 232 b
1 2 4 8 10 20 24 34 58 116 232 b
1 2 4 8 10 20 24 48 58 116 232 b
1 2 4 8 10 20 24 48 68 116 232 b
1 2 4 8 10 20 24 48 96 116 232 b
1 2 4 8 10 20 28 29 58 116 232 b
1 2 4 8 10 20 28 30 58 116 232 b
1 2 4 8 10 20 28 38 58 116 232 b
1 2 4 8 10 20 28 48 58 116 232 b
1 2 4 8 10 20 28 48 68 116 232 b
1 2 4 8 10 20 28 48 96 116 232 b
1 2 4 8 10 20 28 56 58 116 232 b
1 2 4 8 10 20 28 56 60 116 232 b
1 2 4 8 10 20 28 56 112 116 232 b
1 2 4 8 10 20 28 56 112 120 232 b
1 2 4 8 10 20 28 56 112 224 232 b
1 2 4 8 10 20 30 38 58 116 232 b
1 2 4 8 10 20 30 50 58 116 232 b
1 2 4 8 10 20 40 48 58 116 232 b
1 2 4 8 10 20 40 48 68 116 232 b
1 2 4 8 10 20 40 48 96 116 232 b
1 2 4 8 10 20 40 48 96 136 232 b
1 2 4 8 10 20 40 48 96 192 232 b
1 2 4 8 10 20 40 50 58 116 232 b
1 2 4 8 12 13 16 29 58 116 232 a
1 2 4 8 12 13 17 29 58 116 232 b
1 2 4 8 12 13 21 29 58 116 232 b
1 2 4 8 12 13 25 29 58 116 232 b
1 2 4 8 12 13 25 33 58 116 232 b
1 2 4 8 12 13 25 50 58 116 232 b
1 2 4 8 12 13 26 52 64 116 232 b
1 2 4 8 12 13 26 52 104 116 232 b
1 2 4 8 12 14 15 29 58 116 232 b
1 2 4 8 12 14 22 36 58 116 232 b
1 2 4 8 12 14 22 44 58 116 232 b
1 2 4 8 12 14 26 52 64 116 232 b
1 2 4 8 12 14 26 52 104 116 232 b
1 2 4 8 12 14 28 29 58 116 232 b
1 2 4 8 12 14 28 30 58 116 232 b
1 2 4 8 12 14 28 56 58 116 232 b
1 2 4 8 12 14 28 56 60 116 232 b
1 2 4 8 12 14 28 56 112 116 232 b
1 2 4 8 12 14 28 56 112 120 232 b
1 2 4 8 12 14 28 56 112 224 232 b
1 2 4 8 12 16 17 29 58 116 232 b
1 2 4 8 12 16 28 29 58 116 232 b
1 2 4 8 12 16 28 30 58 116 232 b
1 2 4 8 12 16 28 44 72 116 232 b
1 2 4 8 12 16 28 44 88 116 232 b
1 2 4 8 12 16 28 56 58 116 232 b
1 2 4 8 12 16 28 56 60 116 232 b
1 2 4 8 12 16 28 56 112 116 232 b
1 2 4 8 12 16 28 56 112 120 232 b
1 2 4 8 12 16 28 56 112 224 232 b
1 2 4 8 12 20 21 29 58 116 232 b
1 2 4 8 12 20 24 48 68 116 232 b
1 2 4 8 12 20 24 48 96 116 232 b
1 2 4 8 12 20 28 29 58 116 232 b
1 2 4 8 12 20 28 30 58 116 232 b
1 2 4 8 12 20 28 48 68 116 232 b
1 2 4 8 12 20 28 48 96 116 232 b
1 2 4 8 12 20 28 56 58 116 232 b
1 2 4 8 12 20 28 56 60 116 232 b
1 2 4 8 12 20 28 56 112 116 232 b
1 2 4 8 12 20 28 56 112 120 232 b
1 2 4 8 12 20 28 56 112 224 232 b
1 2 4 8 12 20 32 52 64 116 232 b
1 2 4 8 12 20 32 52 84 116 232 b
1 2 4 8 12 20 32 52 104 116 232 b
1 2 4 8 12 20 32 64 84 116 232 b
1 2 4 8 12 20 32 64 84 148 232 b
1 2 4 8 12 20 32 64 84 168 232 b
1 2 4 8 12 20 32 64 96 116 232 b
1 2 4 8 12 20 40 48 68 116 232 b
1 2 4 8 12 20 40 48 96 116 232 b
1 2 4 8 12 20 40 48 96 136 232 b
1 2 4 8 12 20 40 48 96 192 232 b
1 2 4 8 12 20 40 52 64 116 232 b
1 2 4 8 12 20 40 52 104 116 232 b
1 2 4 8 12 24 25 29 58 116 232 b
1 2 4 8 12 24 25 33 58 116 232 b
1 2 4 8 12 24 25 50 58 116 232 b
1 2 4 8 12 24 26 32 58 116 232 a
1 2 4 8 12 24 26 34 58 116 232 b
1 2 4 8 12 24 26 50 58 116 232 b
1 2 4 8 12 24 26 52 64 116 232 b
1 2 4 8 12 24 26 52 104 116 232 b
1 2 4 8 12 24 26 52 104 128 232 b
1 2 4 8 12 24 26 52 104 208 232 b
1 2 4 8 12 24 28 29 58 116 232 b
1 2 4 8 12 24 28 30 58 116 232 b
1 2 4 8 12 24 28 52 64 116 232 b
1 2 4 8 12 24 28 52 104 116 232 b
1 2 4 8 12 24 28 52 104 128 232 b
1 2 4 8 12 24 28 52 104 208 232 b
1 2 4 8 12 24 28 56 58 116 232 b
1 2 4 8 12 24 28 56 60 116 232 b
1 2 4 8 12 24 28 56 112 116 232 b
1 2 4 8 12 24 28 56 112 120 232 b
1 2 4 8 12 24 28 56 112 224 232 b
1 2 4 8 12 24 32 34 58 116 232 b
1 2 4 8 12 24 32 56 58 116 232 b
1 2 4 8 12 24 32 56 60 116 232 b
1 2 4 8 12 24 32 56 88 144 232 b
1 2 4 8 12 24 32 56 88 176 232 b
1 2 4 8 12 24 32 56 112 116 232 b
1 2 4 8 12 24 32 56 112 120 232 b
1 2 4 8 12 24 32 56 112 224 232 b
1 2 4 8 12 24 36 40 76 116 232 b
1 2 4 8 12 24 36 40 80 116 232 b
1 2 4 8 12 24 36 44 72 116 232 a
1 2 4 8 12 24 36 44 80 116 232 b
1 2 4 8 12 24 36 72 80 116 232 b
1 2 4 8 12 24 36 72 80 152 232 b
1 2 4 8 12 24 36 72 80 160 232 b
1 2 4 8 12 24 36 72 108 116 232 b
1 2 4 8 12 24 48 50 58 116 232 b
1 2 4 8 12 24 48 52 64 116 232 b
1 2 4 8 12 24 48 52 104 116 232 b
1 2 4 8 12 24 48 52 104 128 232 b
1 2 4 8 12 24 48 52 104 208 232 b
1 2 4 8 12 24 48 56 58 116 232 b
1 2 4 8 12 24 48 56 60 116 232 b
1 2 4 8 12 24 48 56 68 116 232 b
1 2 4 8 12 24 48 56 104 116 232 b
1 2 4 8 12 24 48 56 104 128 232 b
1 2 4 8 12 24 48 56 104 208 232 b
1 2 4 8 12 24 48 56 112 116 232 b
1 2 4 8 12 24 48 56 112 120 232 b
1 2 4 8 12 24 48 56 112 224 232 b
1 2 4 8 12 24 48 60 68 116 232 b
1 2 4 8 12 24 48 60 108 116 232 b
1 2 4 8 12 24 48 72 80 152 232 b
1 2 4 8 12 24 48 72 80 160 232 b
1 2 4 8 12 24 48 96 104 116 232 b
1 2 4 8 12 24 48 96 104 128 232 b
1 2 4 8 12 24 48 96 104 208 232 b
1 2 4 8 12 24 48 96 108 116 232 b
1 2 4 8 16 17 21 29 58 116 232 b
1 2 4 8 16 17 21 37 58 116 232 b
1 2 4 8 16 17 21 42 58 116 232 b
1 2 4 8 16 17 24 34 58 116 232 a
1 2 4 8 16 17 24 41 58 116 232 a
1 2 4 8 16 17 25 29 58 116 232 b
1 2 4 8 16 17 25 33 58 116 232 b
1 2 4 8 16 17 25 41 58 116 232 b
1 2 4 8 16 17 25 42 58 116 232 b
1 2 4 8 16 17 25 50 58 116 232 b
1 2 4 8 16 17 25 50 66 116 232 b
1 2 4 8 16 17 25 50 100 116 232 b
1 2 4 8 16 17 33 41 58 116 232 b
1 2 4 8 16 17 33 50 58 116 232 b
1 2 4 8 16 17 33 50 66 116 232 b
1 2 4 8 16 17 33 50 83 116 232 b
1 2 4 8 16 17 33 50 100 116 232 b
1 2 4 8 16 17 33 66 83 116 232 b
1 2 4 8 16 17 33 66 83 149 232 b
1 2 4 8 16 17 33 66 83 166 232 b
1 2 4 8 16 17 33 66 99 116 232 b
1 2 4 8 16 17 34 42 58 116 232 b
1 2 4 8 16 17 34 50 58 116 232 b
1 2 4 8 16 17 34 50 66 116 232 b
1 2 4 8 16 17 34 50 100 116 232 b
1 2 4 8 16 18 20 38 58 116 232 b
1 2 4 8 16 18 20 40 58 116 232 b
1 2 4 8 16 18 22 36 58 116 232 a
1 2 4 8 16 18 22 40 58 116 232 b
1 2 4 8 16 18 24 34 58 116 232 a
1 2 4 8 16 18 24 40 58 116 232 a
1 2 4 8 16 18 24 42 58 116 232 a
1 2 4 8 16 18 26 32 58 116 232 a
1 2 4 8 16 18 26 42 58 116 232 b
1 2 4 8 16 18 32 40 58 116 232 a
1 2 4 8 16 18 32 50 58 116 232 a
1 2 4 8 16 18 32 50 66 116 232 a
1 2 4 8 16 18 32 50 100 116 232 a
1 2 4 8 16 18 32 50 100 132 232 a
1 2 4 8 16 18 32 50 100 200 232 a
1 2 4 8 16 18 34 42 58 116 232 b
1 2 4 8 16 18 34 50 58 116 232 b
1 2 4 8 16 18 34 50 66 116 232 b
1 2 4 8 16 18 34 50 100 116 232 b
1 2 4 8 16 18 36 40 58 116 232 b
1 2 4 8 16 18 36 40 76 116 232 b
1 2 4 8 16 18 36 40 80 116 232 b
1 2 4 8 16 18 36 44 72 116 232 a
1 2 4 8 16 18 36 44 80 116 232 b
1 2 4 8 16 18 36 54 58 116 232 b
1 2 4 8 16 18 36 54 62 116 232 b
1 2 4 8 16 18 36 54 108 116 232 b
1 2 4 8 16 18 36 54 108 124 232 b
1 2 4 8 16 18 36 54 108 216 232 b
1 2 4 8 16 18 36 72 80 116 232 b
1 2 4 8 16 18 36 72 80 152 232 b
1 2 4 8 16 18 36 72 80 160 232 b
1 2 4 8 16 18 36 72 88 144 232 a
1 2 4 8 16 18 36 72 88 160 232 b
1 2 4 8 16 18 36 72 108 116 232 b
1 2 4 8 16 18 36 72 108 124 232 b
1 2 4 8 16 18 36 72 108 216 232 b
1 2 4 8 16 18 36 72 144 160 232 b
1 2 4 8 16 18 36 72 144 216 232 b
1 2 4 8 16 20 21 29 58 116 232 b
1 2 4 8 16 20 21 37 58 116 232 b
1 2 4 8 16 20 21 42 58 116 232 b
1 2 4 8 16 20 22 36 58 116 232 a
1 2 4 8 16 20 22 38 58 116 232 b
1 2 4 8 16 20 22 42 58 116 232 b
1 2 4 8 16 20 24 48 68 116 232 b
1 2 4 8 16 20 24 48 96 116 232 b
1 2 4 8 16 20 28 29 58 116 232 b
1 2 4 8 16 20 28 30 58 116 232 b
1 2 4 8 16 20 28 44 72 116 232 b
1 2 4 8 16 20 28 44 88 116 232 b
1 2 4 8 16 20 28 48 68 116 232 b
1 2 4 8 16 20 28 48 96 116 232 b
1 2 4 8 16 20 28 56 58 116 232 b
1 2 4 8 16 20 28 56 60 116 232 b
1 2 4 8 16 20 28 56 112 116 232 b
1 2 4 8 16 20 28 56 112 120 232 b
1 2 4 8 16 20 28 56 112 224 232 b
1 2 4 8 16 20 32 48 68 116 232 a
1 2 4 8 16 20 32 48 96 116 232 a
1 2 4 8 16 20 32 52 64 116 232 a
1 2 4 8 16 20 32 52 84 116 232 a
1 2 4 8 16 20 32 64 84 116 232 a
1 2 4 8 16 20 32 64 84 148 232 a
1 2 4 8 16 20 32 64 84 168 232 a
1 2 4 8 16 20 32 64 96 116 232 a
1 2 4 8 16 20 36 38 58 116 232 b
1 2 4 8 16 20 36 40 76 116 232 b
1 2 4 8 16 20 36 40 80 116 232 b
1 2 4 8 16 20 36 44 72 116 232 a
1 2 4 8 16 20 36 44 80 116 232 b
1 2 4 8 16 20 36 56 58 116 232 b
1 2 4 8 16 20 36 56 60 116 232 b
1 2 4 8 16 20 36 56 112 116 232 b
1 2 4 8 16 20 36 56 112 120 232 b
1 2 4 8 16 20 36 56 112 224 232 b
1 2 4 8 16 20 36 72 80 116 232 b
1 2 4 8 16 20 36 72 80 152 232 b
1 2 4 8 16 20 36 72 80 160 232 b
1 2 4 8 16 20 36 72 88 144 232 a
1 2 4 8 16 20 36 72 88 160 232 b
1 2 4 8 16 20 36 72 108 116 232 b
1 2 4 8 16 20 36 72 108 124 232 b
1 2 4 8 16 20 36 72 108 216 232 b
1 2 4 8 16 20 36 72 144 160 232 b
1 2 4 8 16 20 36 72 144 216 232 b
1 2 4 8 16 20 40 42 58 116 232 b
1 2 4 8 16 20 40 48 68 116 232 b
1 2 4 8 16 20 40 48 96 116 232 b
1 2 4 8 16 20 40 48 96 136 232 b
1 2 4 8 16 20 40 48 96 192 232 b
1 2 4 8 16 20 40 56 58 116 232 b
1 2 4 8 16 20 40 56 60 116 232 b
1 2 4 8 16 20 40 56 76 116 232 b
1 2 4 8 16 20 40 56 96 116 232 b
1 2 4 8 16 20 40 56 96 136 232 b
1 2 4 8 16 20 40 56 96 192 232 b
1 2 4 8 16 20 40 56 112 116 232 b
1 2 4 8 16 20 40 56 112 120 232 b
1 2 4 8 16 20 40 56 112 224 232 b
1 2 4 8 16 20 40 60 76 116 232 b
1 2 4 8 16 20 40 60 100 116 232 b
1 2 4 8 16 20 40 80 96 116 232 b
1 2 4 8 16 20 40 80 96 136 232 b
1 2 4 8 16 20 40 80 96 192 232 b
1 2 4 8 16 20 40 80 100 116 232 b
1 2 4 8 16 24 25 29 58 116 232 b
1 2 4 8 16 24 25 33 58 116 232 b
1 2 4 8 16 24 25 50 58 116 232 b
1 2 4 8 16 24 25 50 66 116 232 b
1 2 4 8 16 24 25 50 100 116 232 b
1 2 4 8 16 24 26 32 58 116 232 a
1 2 4 8 16 24 26 34 58 116 232 b
1 2 4 8 16 24 26 42 58 116 232 b
1 2 4 8 16 24 26 50 58 116 232 b
1 2 4 8 16 24 26 50 66 116 232 b
1 2 4 8 16 24 26 50 100 116 232 b
1 2 4 8 16 24 26 52 104 128 232 b
1 2 4 8 16 24 26 52 104 208 232 b
1 2 4 8 16 24 28 29 58 116 232 b
1 2 4 8 16 24 28 30 58 116 232 b
1 2 4 8 16 24 28 44 72 116 232 b
1 2 4 8 16 24 28 44 88 116 232 b
1 2 4 8 16 24 28 52 104 128 232 b
1 2 4 8 16 24 28 52 104 208 232 b
1 2 4 8 16 24 28 56 58 116 232 b
1 2 4 8 16 24 28 56 60 116 232 b
1 2 4 8 16 24 28 56 112 116 232 b
1 2 4 8 16 24 28 56 112 120 232 b
1 2 4 8 16 24 28 56 112 224 232 b
1 2 4 8 16 24 32 34 58 116 232 b
1 2 4 8 16 24 32 56 58 116 232 b
1 2 4 8 16 24 32 56 60 116 232 b
1 2 4 8 16 24 32 56 88 144 232 b
1 2 4 8 16 24 32 56 88 176 232 b
1 2 4 8 16 24 32 56 112 116 232 b
1 2 4 8 16 24 32 56 112 120 232 b
1 2 4 8 16 24 32 56 112 224 232 b
1 2 4 8 16 24 40 42 58 116 232 b
1 2 4 8 16 24 40 48 96 136 232 b
1 2 4 8 16 24 40 48 96 192 232 b
1 2 4 8 16 24 40 56 58 116 232 b
1 2 4 8 16 24 40 56 60 116 232 b
1 2 4 8 16 24 40 56 96 136 232 b
1 2 4 8 16 24 40 56 96 192 232 b
1 2 4 8 16 24 40 56 112 116 232 b
1 2 4 8 16 24 40 56 112 120 232 b
1 2 4 8 16 24 40 56 112 224 232 b
1 2 4 8 16 24 40 64 104 128 232 b
1 2 4 8 16 24 40 64 104 168 232 b
1 2 4 8 16 24 40 64 104 208 232 b
1 2 4 8 16 24 40 64 128 168 232 b
1 2 4 8 16 24 40 64 128 192 232 b
1 2 4 8 16 24 40 80 96 136 232 b
1 2 4 8 16 24 40 80 96 192 232 b
1 2 4 8 16 24 40 80 104 128 232 b
1 2 4 8 16 24 40 80 104 208 232 b
1 2 4 8 16 24 48 50 58 116 232 b
1 2 4 8 16 24 48 50 66 116 232 b
1 2 4 8 16 24 48 50 100 116 232 b
1 2 4 8 16 24 48 52 64 116 232 a
1 2 4 8 16 24 48 52 68 116 232 b
1 2 4 8 16 24 48 52 100 116 232 b
1 2 4 8 16 24 48 52 104 128 232 b
1 2 4 8 16 24 48 52 104 208 232 b
1 2 4 8 16 24 48 56 58 116 232 b
1 2 4 8 16 24 48 56 60 116 232 b
1 2 4 8 16 24 48 56 104 128 232 b
1 2 4 8 16 24 48 56 104 208 232 b
1 2 4 8 16 24 48 56 112 116 232 b
1 2 4 8 16 24 48 56 112 120 232 b
1 2 4 8 16 24 48 56 112 224 232 b
1 2 4 8 16 24 48 64 68 116 232 b
1 2 4 8 16 24 48 64 112 116 232 b
1 2 4 8 16 24 48 64 112 120 232 b
1 2 4 8 16 24 48 64 112 224 232 b
1 2 4 8 16 24 48 72 80 152 232 b
1 2 4 8 16 24 48 72 80 160 232 b
1 2 4 8 16 24 48 72 88 144 232 a
1 2 4 8 16 24 48 72 88 160 232 b
1 2 4 8 16 24 48 72 144 160 232 b
1 2 4 8 16 24 48 72 144 216 232 b
1 2 4 8 16 24 48 96 100 116 232 b
1 2 4 8 16 24 48 96 104 128 232 b
1 2 4 8 16 24 48 96 104 208 232 b
1 2 4 8 16 24 48 96 112 116 232 b
1 2 4 8 16 24 48 96 112 120 232 b
1 2 4 8 16 24 48 96 112 136 232 b
1 2 4 8 16 24 48 96 112 208 232 b
1 2 4 8 16 24 48 96 112 224 232 b
1 2 4 8 16 24 48 96 120 136 232 b
1 2 4 8 16 24 48 96 120 216 232 b
1 2 4 8 16 24 48 96 192 208 232 b
1 2 4 8 16 24 48 96 192 216 232 b
1 2 4 8 16 32 34 42 58 116 232 b
1 2 4 8 16 32 34 42 74 116 232 b
1 2 4 8 16 32 34 42 84 116 232 b
1 2 4 8 16 32 34 48 68 116 232 a
1 2 4 8 16 32 34 48 82 116 232 a
1 2 4 8 16 32 34 50 58 116 232 b
1 2 4 8 16 32 34 50 66 116 232 b
1 2 4 8 16 32 34 50 82 116 232 b
1 2 4 8 16 32 34 50 84 116 232 b
1 2 4 8 16 32 34 50 100 116 232 b
1 2 4 8 16 32 34 50 100 132 232 b
1 2 4 8 16 32 34 50 100 200 232 b
1 2 4 8 16 32 34 66 82 116 232 b
1 2 4 8 16 32 34 66 100 116 232 b
1 2 4 8 16 32 34 66 100 132 232 b
1 2 4 8 16 32 34 66 100 166 232 b
1 2 4 8 16 32 34 66 100 200 232 b
1 2 4 8 16 32 34 66 132 166 232 b
1 2 4 8 16 32 34 66 132 198 232 b
1 2 4 8 16 32 34 68 84 116 232 b
1 2 4 8 16 32 34 68 100 116 232 b
1 2 4 8 16 32 34 68 100 132 232 b
1 2 4 8 16 32 34 68 100 200 232 b
1 2 4 8 16 32 36 40 76 116 232 b
1 2 4 8 16 32 36 40 80 116 232 b
1 2 4 8 16 32 36 44 72 116 232 a
1 2 4 8 16 32 36 44 80 116 232 b
1 2 4 8 16 32 36 48 68 116 232 a
1 2 4 8 16 32 36 48 80 116 232 a
1 2 4 8 16 32 36 48 84 116 232 a
1 2 4 8 16 32 36 52 64 116 232 a
1 2 4 8 16 32 36 52 84 116 232 b
1 2 4 8 16 32 36 64 80 116 232 a
1 2 4 8 16 32 36 64 100 116 232 a
1 2 4 8 16 32 36 64 100 132 232 a
1 2 4 8 16 32 36 64 100 200 232 a
1 2 4 8 16 32 36 68 84 116 232 b
1 2 4 8 16 32 36 68 100 116 232 b
1 2 4 8 16 32 36 68 100 132 232 b
1 2 4 8 16 32 36 68 100 200 232 b
1 2 4 8 16 32 36 72 80 116 232 b
1 2 4 8 16 32 36 72 80 152 232 b
1 2 4 8 16 32 36 72 80 160 232 b
1 2 4 8 16 32 36 72 88 144 232 a
1 2 4 8 16 32 36 72 88 160 232 b
1 2 4 8 16 32 36 72 108 116 232 b
1 2 4 8 16 32 36 72 108 124 232 b
1 2 4 8 16 32 36 72 108 216 232 b
1 2 4 8 16 32 36 72 144 160 232 b
1 2 4 8 16 32 36 72 144 216 232 b
1 2 4 8 16 32 40 42 58 116 232 b
1 2 4 8 16 32 40 42 74 116 232 b
1 2 4 8 16 32 40 42 84 116 232 b
1 2 4 8 16 32 40 44 72 116 232 a
1 2 4 8 16 32 40 44 76 116 232 b
1 2 4 8 16 32 40 44 84 116 232 b
1 2 4 8 16 32 40 48 96 136 232 b
1 2 4 8 16 32 40 48 96 192 232 b
1 2 4 8 16 32 40 56 58 116 232 b
1 2 4 8 16 32 40 56 60 116 232 b
1 2 4 8 16 32 40 56 88 144 232 b
1 2 4 8 16 32 40 56 88 176 232 b
1 2 4 8 16 32 40 56 96 136 232 b
1 2 4 8 16 32 40 56 96 192 232 b
1 2 4 8 16 32 40 56 112 116 232 b
1 2 4 8 16 32 40 56 112 120 232 b
1 2 4 8 16 32 40 56 112 224 232 b
1 2 4 8 16 32 40 64 96 136 232 a
1 2 4 8 16 32 40 64 96 192 232 a
1 2 4 8 16 32 40 64 104 128 232 a
1 2 4 8 16 32 40 64 104 168 232 a
1 2 4 8 16 32 40 64 128 168 232 a
1 2 4 8 16 32 40 64 128 192 232 a
1 2 4 8 16 32 40 72 76 116 232 b
1 2 4 8 16 32 40 72 80 152 232 b
1 2 4 8 16 32 40 72 80 160 232 b
1 2 4 8 16 32 40 72 88 144 232 a
1 2 4 8 16 32 40 72 88 160 232 b
1 2 4 8 16 32 40 72 112 116 232 b
1 2 4 8 16 32 40 72 112 120 232 b
1 2 4 8 16 32 40 72 112 224 232 b
1 2 4 8 16 32 40 72 144 160 232 b
1 2 4 8 16 32 40 72 144 216 232 b
1 2 4 8 16 32 40 80 84 116 232 b
1 2 4 8 16 32 40 80 96 136 232 b
1 2 4 8 16 32 40 80 96 192 232 b
1 2 4 8 16 32 40 80 112 116 232 b
1 2 4 8 16 32 40 80 112 120 232 b
1 2 4 8 16 32 40 80 112 152 232 b
1 2 4 8 16 32 40 80 112 192 232 b
1 2 4 8 16 32 40 80 112 224 232 b
1 2 4 8 16 32 40 80 120 152 232 b
1 2 4 8 16 32 40 80 120 200 232 b
1 2 4 8 16 32 40 80 160 192 232 b
1 2 4 8 16 32 40 80 160 200 232 b
1 2 4 8 16 32 48 50 58 116 232 b
1 2 4 8 16 32 48 50 66 116 232 b
1 2 4 8 16 32 48 50 100 116 232 b
1 2 4 8 16 32 48 50 100 132 232 b
1 2 4 8 16 32 48 50 100 200 232 b
1 2 4 8 16 32 48 52 64 116 232 a
1 2 4 8 16 32 48 52 68 116 232 b
1 2 4 8 16 32 48 52 84 116 232 b
1 2 4 8 16 32 48 52 100 116 232 b
1 2 4 8 16 32 48 52 100 132 232 b
1 2 4 8 16 32 48 52 100 200 232 b
1 2 4 8 16 32 48 56 58 116 232 b
1 2 4 8 16 32 48 56 60 116 232 b
1 2 4 8 16 32 48 56 88 144 232 b
1 2 4 8 16 32 48 56 88 176 232 b
1 2 4 8 16 32 48 56 112 116 232 b
1 2 4 8 16 32 48 56 112 120 232 b
1 2 4 8 16 32 48 56 112 224 232 b
1 2 4 8 16 32 48 64 68 116 232 b
1 2 4 8 16 32 48 64 112 116 232 b
1 2 4 8 16 32 48 64 112 120 232 b
1 2 4 8 16 32 48 64 112 224 232 b
1 2 4 8 16 32 48 80 84 116 232 b
1 2 4 8 16 32 48 80 112 116 232 b
1 2 4 8 16 32 48 80 112 120 232 b
1 2 4 8 16 32 48 80 112 224 232 b
1 2 4 8 16 32 48 96 100 116 232 b
1 2 4 8 16 32 48 96 100 132 232 b
1 2 4 8 16 32 48 96 100 200 232 b
1 2 4 8 16 32 48 96 104 128 232 a
1 2 4 8 16 32 48 96 104 136 232 b
1 2 4 8 16 32 48 96 104 200 232 b
1 2 4 8 16 32 48 96 112 116 232 b
1 2 4 8 16 32 48 96 112 120 232 b
1 2 4 8 16 32 48 96 112 224 232 b
1 2 4 8 16 32 48 96 128 136 232 b
1 2 4 8 16 32 48 96 128 224 232 b
1 2 4 8 16 32 48 96 192 200 232 b
1 2 4 8 16 32 48 96 192 224 232 b
1 2 4 8 16 32 64 68 84 116 232 b
1 2 4 8 16 32 64 68 84 148 232 b
1 2 4 8 16 32 64 68 84 168 232 b
1 2 4 8 16 32 64 68 96 136 232 a
1 2 4 8 16 32 64 68 96 164 232 a
1 2 4 8 16 32 64 68 100 116 232 b
1 2 4 8 16 32 64 68 100 132 232 b
1 2 4 8 16 32 64 68 100 164 232 b
1 2 4 8 16 32 64 68 100 168 232 b
1 2 4 8 16 32 64 68 100 200 232 b
1 2 4 8 16 32 64 68 132 164 232 b
1 2 4 8 16 32 64 68 132 200 232 b
1 2 4 8 16 32 64 68 136 168 232 b
1 2 4 8 16 32 64 68 136 200 232 b
1 2 4 8 16 32 64 72 80 152 232 b
1 2 4 8 16 32 64 72 80 160 232 b
1 2 4 8 16 32 64 72 88 144 232 a
1 2 4 8 16 32 64 72 88 160 232 b
1 2 4 8 16 32 64 72 96 136 232 a
1 2 4 8 16 32 64 72 96 160 232 a
1 2 4 8 16 32 64 72 96 168 232 a
1 2 4 8 16 32 64 72 104 128 232 a
1 2 4 8 16 32 64 72 104 168 232 b
1 2 4 8 16 32 64 72 128 160 232 a
1 2 4 8 16 32 64 72 128 200 232 a
1 2 4 8 16 32 64 72 136 168 232 b
1 2 4 8 16 32 64 72 136 200 232 b
1 2 4 8 16 32 64 72 144 160 232 b
1 2 4 8 16 32 64 72 144 216 232 b
1 2 4 8 16 32 64 80 84 116 232 b
1 2 4 8 16 32 64 80 84 148 232 b
1 2 4 8 16 32 64 80 84 168 232 b
1 2 4 8 16 32 64 80 88 144 232 a
1 2 4 8 16 32 64 80 88 152 232 b
1 2 4 8 16 32 64 80 88 168 232 b
1 2 4 8 16 32 64 80 112 116 232 b
1 2 4 8 16 32 64 80 112 120 232 b
1 2 4 8 16 32 64 80 112 224 232 b
1 2 4 8 16 32 64 80 144 152 232 b
1 2 4 8 16 32 64 80 144 224 232 b
1 2 4 8 16 32 64 80 160 168 232 b
1 2 4 8 16 32 64 80 160 224 232 b
1 2 4 8 16 32 64 96 100 116 232 b
1 2 4 8 16 32 64 96 100 132 232 b
1 2 4 8 16 32 64 96 100 200 232 b
1 2 4 8 16 32 64 96 104 128 232 a
1 2 4 8 16 32 64 96 104 136 232 b
1 2 4 8 16 32 64 96 104 168 232 b
1 2 4 8 16 32 64 96 104 200 232 b
1 2 4 8 16 32 64 96 112 116 232 b
1 2 4 8 16 32 64 96 112 120 232 b
1 2 4 8 16 32 64 96 112 224 232 b
1 2 4 8 16 32 64 96 128 136 232 b
1 2 4 8 16 32 64 96 128 224 232 b
1 2 4 8 16 32 64 96 160 168 232 b
1 2 4 8 16 32 64 96 160 224 232 b
1 2 4 8 16 32 64 96 192 200 232 b
1 2 4 8 16 32 64 96 192 224 232 b
1 2 4 8 16 32 64 128 136 168 232 b
1 2 4 8 16 32 64 128 136 200 232 b
1 2 4 8 16 32 64 128 160 168 232 b
1 2 4 8 16 32 64 128 160 224 232 b
1 2 4 8 16 32 64 128 192 200 232 b
1 2 4 8 16 32 64 128 192 224 232 b
