1 2 3 5 8 13 26 52 104 109 213 b
1 2 3 5 8 13 26 52 104 208 213 b
1 2 3 5 10 13 26 52 104 109 213 b
1 2 3 5 10 13 26 52 104 208 213 b
1 2 3 6 12 13 25 50 100 113 213 b
1 2 3 6 12 13 25 50 100 200 213 b
1 2 4 5 8 13 26 52 104 109 213 a
1 2 4 5 8 13 26 52 104 208 213 a
1 2 4 5 9 13 26 52 104 109 213 b
1 2 4 5 9 13 26 52 104 208 213 b
1 2 4 6 12 13 25 50 100 113 213 b
1 2 4 6 12 13 25 50 100 200 213 b
1 2 4 8 9 17 34 51 102 111 213 b
1 2 4 8 9 17 34 51 102 204 213 b
1 2 4 8 9 17 34 68 77 136 213 a
1 2 4 8 9 17 34 68 77 145 213 b
1 2 4 8 9 17 34 68 102 111 213 b
1 2 4 8 9 17 34 68 102 204 213 b
1 2 4 8 9 17 34 68 136 145 213 b
1 2 4 8 9 17 34 68 136 204 213 b
1 2 4 8 12 13 25 50 100 113 213 b
1 2 4 8 12 13 25 50 100 200 213 b
1 2 4 8 16 17 32 49 98 115 213 a
1 2 4 8 16 17 32 49 98 196 213 a
1 2 4 8 16 17 33 49 82 131 213 b
1 2 4 8 16 17 33 49 82 164 213 b
1 2 4 8 16 17 33 49 98 115 213 b
1 2 4 8 16 17 33 49 98 196 213 b
1 2 4 8 16 32 33 49 82 131 213 b
1 2 4 8 16 32 33 49 82 164 213 b
