1 2 3 5 7 14 28 56 61 117 234 b
1 2 3 5 7 14 28 56 112 117 234 b
1 2 3 5 8 13 26 39 78 117 234 b
1 2 3 5 8 13 26 39 78 156 234 b
1 2 3 5 8 13 26 52 65 117 234 b
1 2 3 5 8 13 26 52 78 156 234 b
1 2 3 5 8 13 26 52 104 117 234 b
1 2 3 5 8 13 26 52 104 130 234 b
1 2 3 5 8 13 26 52 104 208 234 b
1 2 3 5 10 13 26 39 78 117 234 b
1 2 3 5 10 13 26 39 78 156 234 b
1 2 3 5 10 13 26 52 65 117 234 b
1 2 3 5 10 13 26 52 78 156 234 b
1 2 3 5 10 13 26 52 104 117 234 b
1 2 3 5 10 13 26 52 104 130 234 b
1 2 3 5 10 13 26 52 104 208 234 b
1 2 3 6 7 13 26 39 78 117 234 b
1 2 3 6 7 13 26 39 78 156 234 b
1 2 3 6 7 13 26 52 65 117 234 b
1 2 3 6 7 13 26 52 78 156 234 b
1 2 3 6 7 13 26 52 104 117 234 b
1 2 3 6 7 13 26 52 104 130 234 b
1 2 3 6 7 13 26 52 104 208 234 b
1 2 3 6 9 15 24 39 78 117 234 b
1 2 3 6 9 15 24 39 78 156 234 b
1 2 3 6 9 15 30 39 78 117 234 b
1 2 3 6 9 15 30 39 78 156 234 b
1 2 3 6 9 18 21 39 78 117 234 b
1 2 3 6 9 18 21 39 78 156 234 b
1 2 3 6 9 18 27 45 72 117 234 b
1 2 3 6 9 18 27 45 90 117 234 b
1 2 3 6 9 18 27 54 63 117 234 b
1 2 3 6 9 18 27 54 108 117 234 b
1 2 3 6 9 18 27 54 108 126 234 b
1 2 3 6 9 18 27 54 108 216 234 b
1 2 3 6 9 18 36 39 78 117 234 b
1 2 3 6 9 18 36 39 78 156 234 b
1 2 3 6 9 18 36 42 78 156 234 b
1 2 3 6 9 18 36 45 72 117 234 a
1 2 3 6 9 18 36 45 81 117 234 b
1 2 3 6 9 18 36 54 63 117 234 b
1 2 3 6 9 18 36 54 90 144 234 b
1 2 3 6 9 18 36 54 90 180 234 b
1 2 3 6 9 18 36 54 108 117 234 b
1 2 3 6 9 18 36 54 108 126 234 b
1 2 3 6 9 18 36 54 108 216 234 b
1 2 3 6 9 18 36 72 78 156 234 b
1 2 3 6 9 18 36 72 81 117 234 b
1 2 3 6 9 18 36 72 81 153 234 b
1 2 3 6 9 18 36 72 81 162 234 b
1 2 3 6 9 18 36 72 90 144 234 a
1 2 3 6 9 18 36 72 90 162 234 b
1 2 3 6 9 18 36 72 108 117 234 b
1 2 3 6 9 18 36 72 108 126 234 b
1 2 3 6 9 18 36 72 108 216 234 b
1 2 3 6 9 18 36 72 144 162 234 b
1 2 3 6 9 18 36 72 144 216 234 b
1 2 3 6 12 13 26 39 78 117 234 b
1 2 3 6 12 13 26 39 78 156 234 b
1 2 3 6 12 13 26 52 65 117 234 b
1 2 3 6 12 13 26 52 78 156 234 b
1 2 3 6 12 13 26 52 104 117 234 b
1 2 3 6 12 13 26 52 104 130 234 b
1 2 3 6 12 13 26 52 104 208 234 b
1 2 3 6 12 14 26 52 78 156 234 b
1 2 3 6 12 14 26 52 104 130 234 b
1 2 3 6 12 14 26 52 104 208 234 b
1 2 3 6 12 15 24 39 78 117 234 a
1 2 3 6 12 15 24 39 78 156 234 a
1 2 3 6 12 15 27 39 78 117 234 b
1 2 3 6 12 15 27 39 78 156 234 b
1 2 3 6 12 18 21 39 78 117 234 b
1 2 3 6 12 18 21 39 78 156 234 b
1 2 3 6 12 18 30 48 78 156 234 b
1 2 3 6 12 18 30 60 78 156 234 b
1 2 3 6 12 18 36 39 78 117 234 b
1 2 3 6 12 18 36 39 78 156 234 b
1 2 3 6 12 18 36 42 78 156 234 b
1 2 3 6 12 18 36 54 90 144 234 b
1 2 3 6 12 18 36 54 90 180 234 b
1 2 3 6 12 18 36 54 108 126 234 b
1 2 3 6 12 18 36 54 108 216 234 b
1 2 3 6 12 18 36 72 78 156 234 b
1 2 3 6 12 18 36 72 90 144 234 a
1 2 3 6 12 18 36 72 90 162 234 b
1 2 3 6 12 18 36 72 108 126 234 b
1 2 3 6 12 18 36 72 108 216 234 b
1 2 3 6 12 18 36 72 144 162 234 b
1 2 3 6 12 18 36 72 144 216 234 b
1 2 3 6 12 24 26 52 78 156 234 b
1 2 3 6 12 24 26 52 104 130 234 b
1 2 3 6 12 24 26 52 104 208 234 b
1 2 3 6 12 24 27 39 78 117 234 b
1 2 3 6 12 24 27 39 78 156 234 b
1 2 3 6 12 24 27 51 78 156 234 b
1 2 3 6 12 24 27 54 78 156 234 b
1 2 3 6 12 24 30 48 78 156 234 a
1 2 3 6 12 24 30 54 78 156 234 b
1 2 3 6 12 24 36 39 78 117 234 b
1 2 3 6 12 24 36 39 78 156 234 b
1 2 3 6 12 24 36 42 78 156 234 b
1 2 3 6 12 24 36 72 78 156 234 b
1 2 3 6 12 24 48 54 78 156 234 b
1 2 3 6 12 24 48 72 78 156 234 b
1 2 4 5 7 14 28 56 61 117 234 b
1 2 4 5 7 14 28 56 112 117 234 b
1 2 4 5 8 13 26 39 78 117 234 a
1 2 4 5 8 13 26 39 78 156 234 a
1 2 4 5 8 13 26 52 65 117 234 a
1 2 4 5 8 13 26 52 78 156 234 a
1 2 4 5 8 13 26 52 104 117 234 a
1 2 4 5 8 13 26 52 104 130 234 a
1 2 4 5 8 13 26 52 104 208 234 a
1 2 4 5 9 13 26 39 78 117 234 b
1 2 4 5 9 13 26 39 78 156 234 b
1 2 4 5 9 13 26 52 65 117 234 b
1 2 4 5 9 13 26 52 78 156 234 b
1 2 4 5 9 13 26 52 104 117 234 b
1 2 4 5 9 13 26 52 104 130 234 b
1 2 4 5 9 13 26 52 104 208 234 b
1 2 4 5 9 14 28 56 61 117 234 b
1 2 4 5 9 14 28 56 112 117 234 b
1 2 4 5 9 18 27 45 72 117 234 b
1 2 4 5 9 18 27 45 90 117 234 b
1 2 4 5 9 18 27 54 63 117 234 b
1 2 4 5 9 18 27 54 108 117 234 b
1 2 4 5 9 18 27 54 108 126 234 b
1 2 4 5 9 18 27 54 108 216 234 b
1 2 4 5 9 18 36 45 72 117 234 a
1 2 4 5 9 18 36 45 81 117 234 b
1 2 4 5 9 18 36 54 63 117 234 b
1 2 4 5 9 18 36 54 90 144 234 b
1 2 4 5 9 18 36 54 90 180 234 b
1 2 4 5 9 18 36 54 108 117 234 b
1 2 4 5 9 18 36 54 108 126 234 b
1 2 4 5 9 18 36 54 108 216 234 b
1 2 4 5 9 18 36 72 81 117 234 b
1 2 4 5 9 18 36 72 81 153 234 b
1 2 4 5 9 18 36 72 81 162 234 b
1 2 4 5 9 18 36 72 90 144 234 a
1 2 4 5 9 18 36 72 90 162 234 b
1 2 4 5 9 18 36 72 108 117 234 b
1 2 4 5 9 18 36 72 108 126 234 b
1 2 4 5 9 18 36 72 108 216 234 b
1 2 4 5 9 18 36 72 144 162 234 b
1 2 4 5 9 18 36 72 144 216 234 b
1 2 4 5 10 14 28 56 61 117 234 b
1 2 4 5 10 14 28 56 112 117 234 b
1 2 4 5 10 14 28 56 112 122 234 b
1 2 4 5 10 14 28 56 112 224 234 b
1 2 4 6 7 13 26 39 78 117 234 b
1 2 4 6 7 13 26 39 78 156 234 b
1 2 4 6 7 13 26 52 65 117 234 b
1 2 4 6 7 13 26 52 78 156 234 b
1 2 4 6 7 13 26 52 104 117 234 b
1 2 4 6 7 13 26 52 104 130 234 b
1 2 4 6 7 13 26 52 104 208 234 b
1 2 4 6 10 14 28 56 112 122 234 b
1 2 4 6 10 14 28 56 112 224 234 b
1 2 4 6 10 16 26 52 78 156 234 b
1 2 4 6 10 16 26 52 104 130 234 b
1 2 4 6 10 16 26 52 104 208 234 b
1 2 4 6 10 20 26 52 78 156 234 b
1 2 4 6 10 20 26 52 104 130 234 b
1 2 4 6 10 20 26 52 104 208 234 b
1 2 4 6 12 13 26 39 78 117 234 b
1 2 4 6 12 13 26 39 78 156 234 b
1 2 4 6 12 13 26 52 65 117 234 b
1 2 4 6 12 13 26 52 78 156 234 b
1 2 4 6 12 13 26 52 104 117 234 b
1 2 4 6 12 13 26 52 104 130 234 b
1 2 4 6 12 13 26 52 104 208 234 b
1 2 4 6 12 14 26 52 78 156 234 b
1 2 4 6 12 14 26 52 104 130 234 b
1 2 4 6 12 14 26 52 104 208 234 b
1 2 4 6 12 18 30 48 78 156 234 b
1 2 4 6 12 18 30 60 78 156 234 b
1 2 4 6 12 18 36 42 78 156 234 b
1 2 4 6 12 18 36 54 90 144 234 b
1 2 4 6 12 18 36 54 90 180 234 b
1 2 4 6 12 18 36 54 108 126 234 b
1 2 4 6 12 18 36 54 108 216 234 b
1 2 4 6 12 18 36 72 78 156 234 b
1 2 4 6 12 18 36 72 90 144 234 a
1 2 4 6 12 18 36 72 90 162 234 b
1 2 4 6 12 18 36 72 108 126 234 b
1 2 4 6 12 18 36 72 108 216 234 b
1 2 4 6 12 18 36 72 144 162 234 b
1 2 4 6 12 18 36 72 144 216 234 b
1 2 4 6 12 24 26 52 78 156 234 b
1 2 4 6 12 24 26 52 104 130 234 b
1 2 4 6 12 24 26 52 104 208 234 b
1 2 4 6 12 24 30 48 78 156 234 a
1 2 4 6 12 24 30 54 78 156 234 b
1 2 4 6 12 24 36 42 78 156 234 b
1 2 4 6 12 24 36 72 78 156 234 b
1 2 4 6 12 24 48 54 78 156 234 b
1 2 4 6 12 24 48 72 78 156 234 b
1 2 4 8 9 13 26 39 78 117 234 b
1 2 4 8 9 13 26 39 78 156 234 b
1 2 4 8 9 13 26 52 65 117 234 b
1 2 4 8 9 13 26 52 78 156 234 b
1 2 4 8 9 13 26 52 104 117 234 b
1 2 4 8 9 13 26 52 104 130 234 b
1 2 4 8 9 13 26 52 104 208 234 b
1 2 4 8 9 17 25 50 67 117 234 b
1 2 4 8 9 17 25 50 100 117 234 b
1 2 4 8 9 17 26 52 78 156 234 b
1 2 4 8 9 17 26 52 104 130 234 b
1 2 4 8 9 17 26 52 104 208 234 b
1 2 4 8 9 18 26 52 78 156 234 b
1 2 4 8 9 18 26 52 104 130 234 b
1 2 4 8 9 18 26 52 104 208 234 b
1 2 4 8 9 18 27 45 72 117 234 b
1 2 4 8 9 18 27 45 90 117 234 b
1 2 4 8 9 18 27 54 63 117 234 b
1 2 4 8 9 18 27 54 108 117 234 b
1 2 4 8 9 18 27 54 108 126 234 b
1 2 4 8 9 18 27 54 108 216 234 b
1 2 4 8 9 18 36 45 72 117 234 a
1 2 4 8 9 18 36 45 81 117 234 b
1 2 4 8 9 18 36 54 63 117 234 b
1 2 4 8 9 18 36 54 90 144 234 b
1 2 4 8 9 18 36 54 90 180 234 b
1 2 4 8 9 18 36 54 108 117 234 b
1 2 4 8 9 18 36 54 108 126 234 b
1 2 4 8 9 18 36 54 108 216 234 b
1 2 4 8 9 18 36 72 81 117 234 b
1 2 4 8 9 18 36 72 81 153 234 b
1 2 4 8 9 18 36 72 81 162 234 b
1 2 4 8 9 18 36 72 90 144 234 a
1 2 4 8 9 18 36 72 90 162 234 b
1 2 4 8 9 18 36 72 108 117 234 b
1 2 4 8 9 18 36 72 108 126 234 b
1 2 4 8 9 18 36 72 108 216 234 b
1 2 4 8 9 18 36 72 144 162 234 b
1 2 4 8 9 18 36 72 144 216 234 b
1 2 4 8 10 14 28 56 112 122 234 b
1 2 4 8 10 14 28 56 112 224 234 b
1 2 4 8 10 16 26 52 78 156 234 a
1 2 4 8 10 16 26 52 104 130 234 a
1 2 4 8 10 16 26 52 104 208 234 a
1 2 4 8 10 18 26 52 78 156 234 b
1 2 4 8 10 18 26 52 104 130 234 b
1 2 4 8 10 18 26 52 104 208 234 b
1 2 4 8 10 18 28 56 112 122 234 b
1 2 4 8 10 18 28 56 112 224 234 b
1 2 4 8 10 18 36 54 90 144 234 b
1 2 4 8 10 18 36 54 90 180 234 b
1 2 4 8 10 18 36 54 108 126 234 b
1 2 4 8 10 18 36 54 108 216 234 b
1 2 4 8 10 18 36 72 90 144 234 a
1 2 4 8 10 18 36 72 90 162 234 b
1 2 4 8 10 18 36 72 108 126 234 b
1 2 4 8 10 18 36 72 108 216 234 b
1 2 4 8 10 18 36 72 144 162 234 b
1 2 4 8 10 18 36 72 144 216 234 b
1 2 4 8 10 20 28 56 112 122 234 b
1 2 4 8 10 20 28 56 112 224 234 b
1 2 4 8 12 13 26 39 78 117 234 b
1 2 4 8 12 13 26 39 78 156 234 b
1 2 4 8 12 13 26 52 65 117 234 b
1 2 4 8 12 13 26 52 78 156 234 b
1 2 4 8 12 13 26 52 104 117 234 b
1 2 4 8 12 13 26 52 104 130 234 b
1 2 4 8 12 13 26 52 104 208 234 b
1 2 4 8 12 14 26 52 78 156 234 b
1 2 4 8 12 14 26 52 104 130 234 b
1 2 4 8 12 14 26 52 104 208 234 b
1 2 4 8 12 24 26 52 78 156 234 b
1 2 4 8 12 24 26 52 104 130 234 b
1 2 4 8 12 24 26 52 104 208 234 b
1 2 4 8 16 17 25 50 67 117 234 b
1 2 4 8 16 17 25 50 100 117 234 b
1 2 4 8 16 17 33 50 67 117 234 b
1 2 4 8 16 17 33 50 100 117 234 b
1 2 4 8 16 17 34 50 67 117 234 b
1 2 4 8 16 17 34 50 100 117 234 b
1 2 4 8 16 17 34 50 100 134 234 b
1 2 4 8 16 17 34 50 100 200 234 b
1 2 4 8 16 18 26 52 78 156 234 b
1 2 4 8 16 18 26 52 104 130 234 b
1 2 4 8 16 18 26 52 104 208 234 b
1 2 4 8 16 18 34 50 100 134 234 b
1 2 4 8 16 18 34 50 100 200 234 b
1 2 4 8 16 18 36 54 90 144 234 b
1 2 4 8 16 18 36 54 90 180 234 b
1 2 4 8 16 18 36 54 108 126 234 b
1 2 4 8 16 18 36 54 108 216 234 b
1 2 4 8 16 18 36 72 90 144 234 a
1 2 4 8 16 18 36 72 90 162 234 b
1 2 4 8 16 18 36 72 108 126 234 b
1 2 4 8 16 18 36 72 108 216 234 b
1 2 4 8 16 18 36 72 144 162 234 b
1 2 4 8 16 18 36 72 144 216 234 b
1 2 4 8 16 24 26 52 78 156 234 b
1 2 4 8 16 24 26 52 104 130 234 b
1 2 4 8 16 24 26 52 104 208 234 b
1 2 4 8 16 32 34 50 100 134 234 b
1 2 4 8 16 32 34 50 100 200 234 b
1 2 4 8 16 32 34 66 100 134 234 b
1 2 4 8 16 32 34 66 100 200 234 b
1 2 4 8 16 32 34 68 100 134 234 b
1 2 4 8 16 32 34 68 100 200 234 b
