1 2 3 4 7 11 22 44 51 95 190 285 b
1 2 3 4 7 11 22 44 88 95 190 285 b
1 2 3 4 7 14 28 29 57 114 171 285 b
1 2 3 4 7 14 28 29 57 114 228 285 b
1 2 3 4 7 14 28 56 57 114 171 285 b
1 2 3 4 7 14 28 56 57 114 228 285 b
1 2 3 4 8 11 19 38 57 95 190 285 b
1 2 3 4 8 11 19 38 57 114 171 285 b
1 2 3 4 8 11 19 38 57 114 228 285 b
1 2 3 4 8 11 19 38 76 95 190 285 b
1 2 3 4 8 16 19 38 57 95 190 285 b
1 2 3 4 8 16 19 38 57 114 171 285 b
1 2 3 4 8 16 19 38 57 114 228 285 b
1 2 3 4 8 16 19 38 76 95 190 285 b
1 2 3 5 7 12 19 38 57 95 190 285 b
1 2 3 5 7 12 19 38 57 114 171 285 b
1 2 3 5 7 12 19 38 57 114 228 285 b
1 2 3 5 7 12 19 38 76 95 190 285 b
1 2 3 5 7 14 19 38 57 95 190 285 b
1 2 3 5 7 14 19 38 57 114 171 285 b
1 2 3 5 7 14 19 38 57 114 228 285 b
1 2 3 5 7 14 19 38 76 95 190 285 b
1 2 3 5 7 14 21 35 70 140 145 285 b
1 2 3 5 7 14 21 35 70 140 280 285 b
1 2 3 5 7 14 28 29 57 114 171 285 b
1 2 3 5 7 14 28 29 57 114 228 285 b
1 2 3 5 7 14 28 35 70 140 145 285 b
1 2 3 5 7 14 28 35 70 140 280 285 b
1 2 3 5 7 14 28 42 70 140 145 285 b
1 2 3 5 7 14 28 42 70 140 280 285 b
1 2 3 5 7 14 28 56 57 114 171 285 b
1 2 3 5 7 14 28 56 57 114 228 285 b
1 2 3 5 7 14 28 56 61 112 173 285 a
1 2 3 5 7 14 28 56 61 112 224 285 a
1 2 3 5 7 14 28 56 70 140 145 285 b
1 2 3 5 7 14 28 56 70 140 280 285 b
1 2 3 5 7 14 28 56 84 140 145 285 b
1 2 3 5 7 14 28 56 84 140 280 285 b
1 2 3 5 7 14 28 56 112 117 168 285 a
1 2 3 5 7 14 28 56 112 117 173 285 b
1 2 3 5 7 14 28 56 112 117 229 285 b
1 2 3 5 7 14 28 56 112 140 145 285 b
1 2 3 5 7 14 28 56 112 140 280 285 b
1 2 3 5 7 14 28 56 112 168 173 285 b
1 2 3 5 7 14 28 56 112 168 280 285 b
1 2 3 5 7 14 28 56 112 224 229 285 b
1 2 3 5 7 14 28 56 112 224 280 285 b
1 2 3 5 8 11 19 38 57 95 190 285 b
1 2 3 5 8 11 19 38 57 114 171 285 b
1 2 3 5 8 11 19 38 57 114 228 285 b
1 2 3 5 8 11 19 38 76 95 190 285 b
1 2 3 5 8 13 21 34 68 136 149 285 b
1 2 3 5 8 13 21 34 68 136 272 285 b
1 2 3 5 8 13 26 31 57 114 171 285 b
1 2 3 5 8 13 26 31 57 114 228 285 b
1 2 3 5 8 13 26 34 68 136 149 285 b
1 2 3 5 8 13 26 34 68 136 272 285 b
1 2 3 5 8 13 26 52 57 114 171 285 b
1 2 3 5 8 13 26 52 57 114 228 285 b
1 2 3 5 8 16 19 35 70 140 145 285 b
1 2 3 5 8 16 19 35 70 140 280 285 b
1 2 3 5 8 16 19 38 57 95 190 285 b
1 2 3 5 8 16 19 38 57 114 171 285 b
1 2 3 5 8 16 19 38 57 114 228 285 b
1 2 3 5 8 16 19 38 76 95 190 285 b
1 2 3 5 8 16 21 37 58 95 190 285 b
1 2 3 5 8 16 21 37 74 95 190 285 b
1 2 3 5 8 16 32 35 70 140 145 285 b
1 2 3 5 8 16 32 35 70 140 280 285 b
1 2 3 5 10 11 21 42 53 95 190 285 b
1 2 3 5 10 11 21 42 84 95 190 285 b
1 2 3 5 10 13 23 36 59 95 190 285 b
1 2 3 5 10 13 23 36 72 95 190 285 b
1 2 3 5 10 13 23 46 49 95 190 285 b
1 2 3 5 10 13 23 46 92 95 190 285 b
1 2 3 5 10 13 26 31 57 114 171 285 b
1 2 3 5 10 13 26 31 57 114 228 285 b
1 2 3 5 10 13 26 52 57 114 171 285 b
1 2 3 5 10 13 26 52 57 114 228 285 b
1 2 3 5 10 15 20 35 70 140 145 285 b
1 2 3 5 10 15 20 35 70 140 280 285 b
1 2 3 5 10 15 20 40 55 95 190 285 b
1 2 3 5 10 15 20 40 80 95 190 285 b
1 2 3 5 10 15 25 35 60 95 190 285 b
1 2 3 5 10 15 25 35 70 95 190 285 b
1 2 3 5 10 15 25 35 70 140 145 285 b
1 2 3 5 10 15 25 35 70 140 280 285 b
1 2 3 5 10 15 25 40 55 95 190 285 b
1 2 3 5 10 15 25 40 65 130 155 285 b
1 2 3 5 10 15 25 40 65 130 260 285 b
1 2 3 5 10 15 25 40 80 95 190 285 b
1 2 3 5 10 15 25 50 65 130 155 285 b
1 2 3 5 10 15 25 50 65 130 260 285 b
1 2 3 5 10 15 30 33 63 126 159 285 b
1 2 3 5 10 15 30 33 63 126 252 285 b
1 2 3 5 10 15 30 35 60 95 190 285 a
1 2 3 5 10 15 30 35 65 95 190 285 b
1 2 3 5 10 15 30 35 70 140 145 285 b
1 2 3 5 10 15 30 35 70 140 280 285 b
1 2 3 5 10 15 30 40 55 95 190 285 b
1 2 3 5 10 15 30 40 70 140 145 285 b
1 2 3 5 10 15 30 40 70 140 280 285 b
1 2 3 5 10 15 30 40 80 95 190 285 b
1 2 3 5 10 15 30 45 50 95 190 285 b
1 2 3 5 10 15 30 45 60 120 165 285 b
1 2 3 5 10 15 30 45 60 120 240 285 b
1 2 3 5 10 15 30 45 75 105 180 285 b
1 2 3 5 10 15 30 45 75 105 210 285 b
1 2 3 5 10 15 30 45 75 120 165 285 b
1 2 3 5 10 15 30 45 75 120 240 285 b
1 2 3 5 10 15 30 45 90 95 190 285 b
1 2 3 5 10 15 30 45 90 105 180 285 a
1 2 3 5 10 15 30 45 90 105 195 285 b
1 2 3 5 10 15 30 45 90 120 165 285 b
1 2 3 5 10 15 30 45 90 120 240 285 b
1 2 3 5 10 15 30 45 90 135 150 285 b
1 2 3 5 10 15 30 45 90 135 270 285 b
1 2 3 5 10 15 30 45 90 180 195 285 b
1 2 3 5 10 15 30 45 90 180 270 285 b
1 2 3 5 10 15 30 60 65 95 190 285 b
1 2 3 5 10 15 30 60 70 140 145 285 b
1 2 3 5 10 15 30 60 70 140 280 285 b
1 2 3 5 10 15 30 60 75 105 180 285 b
1 2 3 5 10 15 30 60 75 105 210 285 b
1 2 3 5 10 15 30 60 75 135 150 285 b
1 2 3 5 10 15 30 60 75 135 210 285 b
1 2 3 5 10 15 30 60 75 135 270 285 b
1 2 3 5 10 15 30 60 75 150 210 285 b
1 2 3 5 10 15 30 60 75 150 225 285 b
1 2 3 5 10 15 30 60 90 95 190 285 b
1 2 3 5 10 15 30 60 90 105 180 285 a
1 2 3 5 10 15 30 60 90 105 195 285 b
1 2 3 5 10 15 30 60 90 180 195 285 b
1 2 3 5 10 15 30 60 90 180 270 285 b
1 2 3 5 10 15 30 60 120 135 150 285 b
1 2 3 5 10 15 30 60 120 135 165 285 b
1 2 3 5 10 15 30 60 120 135 255 285 b
1 2 3 5 10 15 30 60 120 135 270 285 b
1 2 3 5 10 15 30 60 120 150 165 285 b
1 2 3 5 10 15 30 60 120 150 270 285 b
1 2 3 5 10 15 30 60 120 240 255 285 b
1 2 3 5 10 15 30 60 120 240 270 285 b
1 2 3 5 10 20 21 41 61 122 163 285 b
1 2 3 5 10 20 21 41 61 122 244 285 b
1 2 3 5 10 20 23 46 49 95 190 285 b
1 2 3 5 10 20 23 46 92 95 190 285 b
1 2 3 5 10 20 25 35 60 95 190 285 b
1 2 3 5 10 20 25 35 70 95 190 285 b
1 2 3 5 10 20 25 35 70 140 145 285 b
1 2 3 5 10 20 25 35 70 140 280 285 b
1 2 3 5 10 20 25 40 65 130 155 285 a
1 2 3 5 10 20 25 40 65 130 260 285 a
1 2 3 5 10 20 25 45 50 95 190 285 b
1 2 3 5 10 20 25 45 65 110 175 285 b
1 2 3 5 10 20 25 45 65 110 220 285 b
1 2 3 5 10 20 25 45 65 130 155 285 b
1 2 3 5 10 20 25 45 65 130 260 285 b
1 2 3 5 10 20 25 45 70 95 190 285 b
1 2 3 5 10 20 25 45 70 140 145 285 b
1 2 3 5 10 20 25 45 70 140 280 285 b
1 2 3 5 10 20 25 45 90 95 190 285 b
1 2 3 5 10 20 25 50 70 95 190 285 b
1 2 3 5 10 20 25 50 70 140 145 285 b
1 2 3 5 10 20 25 50 70 140 280 285 b
1 2 3 5 10 20 25 50 75 95 190 285 b
1 2 3 5 10 20 30 33 63 126 159 285 b
1 2 3 5 10 20 30 33 63 126 252 285 b
1 2 3 5 10 20 30 35 60 95 190 285 a
1 2 3 5 10 20 30 35 65 95 190 285 b
1 2 3 5 10 20 30 35 70 140 145 285 b
1 2 3 5 10 20 30 35 70 140 280 285 b
1 2 3 5 10 20 30 40 70 140 145 285 b
1 2 3 5 10 20 30 40 70 140 280 285 b
1 2 3 5 10 20 30 50 70 140 145 285 b
1 2 3 5 10 20 30 50 70 140 280 285 b
1 2 3 5 10 20 30 60 65 95 190 285 b
1 2 3 5 10 20 30 60 70 140 145 285 b
1 2 3 5 10 20 30 60 70 140 280 285 b
1 2 3 5 10 20 30 60 80 140 145 285 b
1 2 3 5 10 20 30 60 80 140 280 285 b
1 2 3 5 10 20 30 60 90 95 190 285 b
1 2 3 5 10 20 30 60 120 140 145 285 b
1 2 3 5 10 20 30 60 120 140 280 285 b
1 2 3 5 10 20 40 41 61 122 163 285 b
1 2 3 5 10 20 40 41 61 122 244 285 b
1 2 3 5 10 20 40 41 81 122 163 285 b
1 2 3 5 10 20 40 41 81 122 244 285 b
1 2 3 5 10 20 40 41 82 122 163 285 b
1 2 3 5 10 20 40 41 82 122 244 285 b
1 2 3 5 10 20 40 45 50 95 190 285 b
1 2 3 5 10 20 40 45 55 95 190 285 b
1 2 3 5 10 20 40 45 60 120 165 285 a
1 2 3 5 10 20 40 45 60 120 240 285 a
1 2 3 5 10 20 40 45 65 110 175 285 b
1 2 3 5 10 20 40 45 65 110 220 285 b
1 2 3 5 10 20 40 45 80 120 165 285 a
1 2 3 5 10 20 40 45 80 120 240 285 a
1 2 3 5 10 20 40 45 80 125 160 285 a
1 2 3 5 10 20 40 45 80 125 205 285 a
1 2 3 5 10 20 40 45 80 160 205 285 a
1 2 3 5 10 20 40 45 80 160 240 285 a
1 2 3 5 10 20 40 45 85 95 190 285 b
1 2 3 5 10 20 40 45 90 95 190 285 b
1 2 3 5 10 20 40 50 55 95 190 285 b
1 2 3 5 10 20 40 50 70 140 145 285 b
1 2 3 5 10 20 40 50 70 140 280 285 b
1 2 3 5 10 20 40 50 90 95 190 285 b
1 2 3 5 10 20 40 50 90 140 145 285 b
1 2 3 5 10 20 40 50 90 140 280 285 b
1 2 3 5 10 20 40 50 100 140 145 285 b
1 2 3 5 10 20 40 50 100 140 280 285 b
1 2 3 5 10 20 40 60 70 140 145 285 b
1 2 3 5 10 20 40 60 70 140 280 285 b
1 2 3 5 10 20 40 60 80 140 145 285 b
1 2 3 5 10 20 40 60 80 140 280 285 b
1 2 3 5 10 20 40 60 100 140 145 285 b
1 2 3 5 10 20 40 60 100 140 280 285 b
1 2 3 5 10 20 40 60 120 125 160 285 a
1 2 3 5 10 20 40 60 120 125 165 285 b
1 2 3 5 10 20 40 60 120 125 245 285 b
1 2 3 5 10 20 40 60 120 140 145 285 b
1 2 3 5 10 20 40 60 120 140 280 285 b
1 2 3 5 10 20 40 60 120 160 165 285 b
1 2 3 5 10 20 40 60 120 160 280 285 b
1 2 3 5 10 20 40 60 120 240 245 285 b
1 2 3 5 10 20 40 60 120 240 280 285 b
1 2 3 5 10 20 40 80 85 95 190 285 b
1 2 3 5 10 20 40 80 85 100 185 285 a
1 2 3 5 10 20 40 80 85 100 200 285 a
1 2 3 5 10 20 40 80 85 120 165 285 a
1 2 3 5 10 20 40 80 85 120 200 285 a
1 2 3 5 10 20 40 80 85 120 205 285 a
1 2 3 5 10 20 40 80 85 125 160 285 a
1 2 3 5 10 20 40 80 85 125 205 285 b
1 2 3 5 10 20 40 80 85 160 200 285 a
1 2 3 5 10 20 40 80 85 160 245 285 a
1 2 3 5 10 20 40 80 85 165 205 285 b
1 2 3 5 10 20 40 80 85 165 245 285 b
1 2 3 5 10 20 40 80 90 95 190 285 b
1 2 3 5 10 20 40 80 100 105 180 285 a
1 2 3 5 10 20 40 80 100 105 185 285 b
1 2 3 5 10 20 40 80 100 105 205 285 b
1 2 3 5 10 20 40 80 100 140 145 285 b
1 2 3 5 10 20 40 80 100 140 280 285 b
1 2 3 5 10 20 40 80 100 180 185 285 b
1 2 3 5 10 20 40 80 100 180 280 285 b
1 2 3 5 10 20 40 80 100 200 205 285 b
1 2 3 5 10 20 40 80 100 200 280 285 b
1 2 3 5 10 20 40 80 120 125 160 285 a
1 2 3 5 10 20 40 80 120 125 165 285 b
1 2 3 5 10 20 40 80 120 125 205 285 b
1 2 3 5 10 20 40 80 120 125 245 285 b
1 2 3 5 10 20 40 80 120 140 145 285 b
1 2 3 5 10 20 40 80 120 140 280 285 b
1 2 3 5 10 20 40 80 120 160 165 285 b
1 2 3 5 10 20 40 80 120 160 280 285 b
1 2 3 5 10 20 40 80 120 200 205 285 b
1 2 3 5 10 20 40 80 120 200 280 285 b
1 2 3 5 10 20 40 80 120 240 245 285 b
1 2 3 5 10 20 40 80 120 240 280 285 b
1 2 3 5 10 20 40 80 160 165 205 285 b
1 2 3 5 10 20 40 80 160 165 245 285 b
1 2 3 5 10 20 40 80 160 200 205 285 b
1 2 3 5 10 20 40 80 160 200 280 285 b
1 2 3 5 10 20 40 80 160 240 245 285 b
1 2 3 5 10 20 40 80 160 240 280 285 b
1 2 3 6 7 12 19 38 57 95 190 285 a
1 2 3 6 7 12 19 38 57 114 171 285 a
1 2 3 6 7 12 19 38 57 114 228 285 a
1 2 3 6 7 12 19 38 76 95 190 285 a
1 2 3 6 7 13 19 38 57 95 190 285 b
1 2 3 6 7 13 19 38 57 114 171 285 b
1 2 3 6 7 13 19 38 57 114 228 285 b
1 2 3 6 7 13 19 38 76 95 190 285 b
1 2 3 6 7 14 28 29 57 114 171 285 b
1 2 3 6 7 14 28 29 57 114 228 285 b
1 2 3 6 7 14 28 56 57 114 171 285 b
1 2 3 6 7 14 28 56 57 114 228 285 b
1 2 3 6 8 11 19 38 57 95 190 285 b
1 2 3 6 8 11 19 38 57 114 171 285 b
1 2 3 6 8 11 19 38 57 114 228 285 b
1 2 3 6 8 11 19 38 76 95 190 285 b
1 2 3 6 8 14 28 29 57 114 171 285 b
1 2 3 6 8 14 28 29 57 114 228 285 b
1 2 3 6 8 14 28 56 57 114 171 285 b
1 2 3 6 8 14 28 56 57 114 228 285 b
1 2 3 6 8 16 19 38 57 95 190 285 b
1 2 3 6 8 16 19 38 57 114 171 285 b
1 2 3 6 8 16 19 38 57 114 228 285 b
1 2 3 6 8 16 19 38 76 95 190 285 b
1 2 3 6 9 10 19 38 57 95 190 285 b
1 2 3 6 9 10 19 38 57 114 171 285 b
1 2 3 6 9 10 19 38 57 114 228 285 b
1 2 3 6 9 10 19 38 76 95 190 285 b
1 2 3 6 9 12 21 33 66 132 153 285 b
1 2 3 6 9 12 21 33 66 132 264 285 b
1 2 3 6 9 12 24 33 57 114 171 285 b
1 2 3 6 9 12 24 33 57 114 228 285 b
1 2 3 6 9 12 24 48 57 114 171 285 b
1 2 3 6 9 12 24 48 57 114 228 285 b
1 2 3 6 9 15 21 36 57 114 171 285 b
1 2 3 6 9 15 21 36 57 114 228 285 b
1 2 3 6 9 15 21 42 57 114 171 285 b
1 2 3 6 9 15 21 42 57 114 228 285 b
1 2 3 6 9 15 24 33 57 114 171 285 b
1 2 3 6 9 15 24 33 57 114 228 285 b
1 2 3 6 9 15 24 48 57 114 171 285 b
1 2 3 6 9 15 24 48 57 114 228 285 b
1 2 3 6 9 15 24 48 63 111 174 285 b
1 2 3 6 9 15 24 48 63 111 222 285 b
1 2 3 6 9 15 30 33 63 126 159 285 b
1 2 3 6 9 15 30 33 63 126 252 285 b
1 2 3 6 9 15 30 39 69 108 177 285 b
1 2 3 6 9 15 30 39 69 108 216 285 b
1 2 3 6 9 15 30 39 69 138 147 285 b
1 2 3 6 9 15 30 39 69 138 276 285 b
1 2 3 6 9 15 30 45 60 120 165 285 b
1 2 3 6 9 15 30 45 60 120 240 285 b
1 2 3 6 9 15 30 45 75 105 180 285 b
1 2 3 6 9 15 30 45 75 105 210 285 b
1 2 3 6 9 15 30 45 75 120 165 285 b
1 2 3 6 9 15 30 45 75 120 240 285 b
1 2 3 6 9 15 30 45 90 105 180 285 a
1 2 3 6 9 15 30 45 90 105 195 285 b
1 2 3 6 9 15 30 45 90 120 165 285 b
1 2 3 6 9 15 30 45 90 120 240 285 b
1 2 3 6 9 15 30 45 90 135 150 285 b
1 2 3 6 9 15 30 45 90 135 270 285 b
1 2 3 6 9 15 30 45 90 180 195 285 b
1 2 3 6 9 15 30 45 90 180 270 285 b
1 2 3 6 9 15 30 60 69 138 147 285 b
1 2 3 6 9 15 30 60 69 138 276 285 b
1 2 3 6 9 15 30 60 75 105 180 285 b
1 2 3 6 9 15 30 60 75 105 210 285 b
1 2 3 6 9 15 30 60 75 135 150 285 b
1 2 3 6 9 15 30 60 75 135 210 285 b
1 2 3 6 9 15 30 60 75 135 270 285 b
1 2 3 6 9 15 30 60 75 150 210 285 b
1 2 3 6 9 15 30 60 75 150 225 285 b
1 2 3 6 9 15 30 60 90 105 180 285 a
1 2 3 6 9 15 30 60 90 105 195 285 b
1 2 3 6 9 15 30 60 90 180 195 285 b
1 2 3 6 9 15 30 60 90 180 270 285 b
1 2 3 6 9 15 30 60 120 135 150 285 b
1 2 3 6 9 15 30 60 120 135 165 285 b
1 2 3 6 9 15 30 60 120 135 255 285 b
1 2 3 6 9 15 30 60 120 135 270 285 b
1 2 3 6 9 15 30 60 120 150 165 285 b
1 2 3 6 9 15 30 60 120 150 270 285 b
1 2 3 6 9 15 30 60 120 240 255 285 b
1 2 3 6 9 15 30 60 120 240 270 285 b
1 2 3 6 9 18 19 38 57 95 190 285 b
1 2 3 6 9 18 19 38 57 114 171 285 b
1 2 3 6 9 18 19 38 57 114 228 285 b
1 2 3 6 9 18 19 38 76 95 190 285 b
1 2 3 6 9 18 21 36 57 114 171 285 a
1 2 3 6 9 18 21 36 57 114 228 285 a
1 2 3 6 9 18 21 39 57 114 171 285 b
1 2 3 6 9 18 21 39 57 114 228 285 b
1 2 3 6 9 18 24 33 57 114 171 285 b
1 2 3 6 9 18 24 33 57 114 228 285 b
1 2 3 6 9 18 24 48 57 114 171 285 b
1 2 3 6 9 18 24 48 57 114 228 285 b
1 2 3 6 9 18 27 30 57 114 171 285 b
1 2 3 6 9 18 27 30 57 114 228 285 b
1 2 3 6 9 18 27 54 57 114 171 285 b
1 2 3 6 9 18 27 54 57 114 228 285 b
1 2 3 6 9 18 36 39 57 114 171 285 b
1 2 3 6 9 18 36 39 57 114 228 285 b
1 2 3 6 9 18 36 54 57 114 171 285 b
1 2 3 6 9 18 36 54 57 114 228 285 b
1 2 3 6 12 13 19 38 57 95 190 285 b
1 2 3 6 12 13 19 38 57 114 171 285 b
1 2 3 6 12 13 19 38 57 114 228 285 b
1 2 3 6 12 13 19 38 76 95 190 285 b
1 2 3 6 12 13 25 37 62 124 161 285 b
1 2 3 6 12 13 25 37 62 124 248 285 b
1 2 3 6 12 14 28 29 57 114 171 285 b
1 2 3 6 12 14 28 29 57 114 228 285 b
1 2 3 6 12 14 28 56 57 114 171 285 b
1 2 3 6 12 14 28 56 57 114 228 285 b
1 2 3 6 12 15 21 33 66 132 153 285 b
1 2 3 6 12 15 21 33 66 132 264 285 b
1 2 3 6 12 15 21 36 57 114 171 285 b
1 2 3 6 12 15 21 36 57 114 228 285 b
1 2 3 6 12 15 21 42 57 114 171 285 b
1 2 3 6 12 15 21 42 57 114 228 285 b
1 2 3 6 12 15 24 48 63 111 174 285 a
1 2 3 6 12 15 24 48 63 111 222 285 a
1 2 3 6 12 15 27 30 57 114 171 285 b
1 2 3 6 12 15 27 30 57 114 228 285 b
1 2 3 6 12 15 27 42 57 114 171 285 b
1 2 3 6 12 15 27 42 57 114 228 285 b
1 2 3 6 12 15 27 54 57 114 171 285 b
1 2 3 6 12 15 27 54 57 114 228 285 b
1 2 3 6 12 15 27 54 69 108 177 285 a
1 2 3 6 12 15 27 54 69 108 216 285 a
1 2 3 6 12 15 27 54 81 135 150 285 b
1 2 3 6 12 15 27 54 81 135 270 285 b
1 2 3 6 12 15 27 54 108 123 162 285 a
1 2 3 6 12 15 27 54 108 123 177 285 b
1 2 3 6 12 15 27 54 108 123 231 285 b
1 2 3 6 12 15 27 54 108 135 150 285 b
1 2 3 6 12 15 27 54 108 135 270 285 b
1 2 3 6 12 15 27 54 108 162 177 285 b
1 2 3 6 12 15 27 54 108 162 270 285 b
1 2 3 6 12 15 27 54 108 216 231 285 b
1 2 3 6 12 15 27 54 108 216 270 285 b
1 2 3 6 12 15 30 33 63 126 159 285 b
1 2 3 6 12 15 30 33 63 126 252 285 b
1 2 3 6 12 15 30 42 57 114 171 285 b
1 2 3 6 12 15 30 42 57 114 228 285 b
1 2 3 6 12 15 30 45 57 114 171 285 b
1 2 3 6 12 15 30 45 57 114 228 285 b
1 2 3 6 12 15 30 45 60 120 165 285 b
1 2 3 6 12 15 30 45 60 120 240 285 b
1 2 3 6 12 15 30 45 75 105 180 285 b
1 2 3 6 12 15 30 45 75 105 210 285 b
1 2 3 6 12 15 30 45 75 120 165 285 b
1 2 3 6 12 15 30 45 75 120 240 285 b
1 2 3 6 12 15 30 45 90 105 180 285 a
1 2 3 6 12 15 30 45 90 105 195 285 b
1 2 3 6 12 15 30 45 90 120 165 285 b
1 2 3 6 12 15 30 45 90 120 240 285 b
1 2 3 6 12 15 30 45 90 135 150 285 b
1 2 3 6 12 15 30 45 90 135 270 285 b
1 2 3 6 12 15 30 45 90 180 195 285 b
1 2 3 6 12 15 30 45 90 180 270 285 b
1 2 3 6 12 15 30 60 75 105 180 285 b
1 2 3 6 12 15 30 60 75 105 210 285 b
1 2 3 6 12 15 30 60 75 135 150 285 b
1 2 3 6 12 15 30 60 75 135 210 285 b
1 2 3 6 12 15 30 60 75 135 270 285 b
1 2 3 6 12 15 30 60 75 150 210 285 b
1 2 3 6 12 15 30 60 75 150 225 285 b
1 2 3 6 12 15 30 60 90 105 180 285 a
1 2 3 6 12 15 30 60 90 105 195 285 b
1 2 3 6 12 15 30 60 90 180 195 285 b
1 2 3 6 12 15 30 60 90 180 270 285 b
1 2 3 6 12 15 30 60 120 135 150 285 b
1 2 3 6 12 15 30 60 120 135 165 285 b
1 2 3 6 12 15 30 60 120 135 255 285 b
1 2 3 6 12 15 30 60 120 135 270 285 b
1 2 3 6 12 15 30 60 120 150 165 285 b
1 2 3 6 12 15 30 60 120 150 270 285 b
1 2 3 6 12 15 30 60 120 240 255 285 b
1 2 3 6 12 15 30 60 120 240 270 285 b
1 2 3 6 12 18 19 38 57 95 190 285 b
1 2 3 6 12 18 19 38 57 114 171 285 b
1 2 3 6 12 18 19 38 57 114 228 285 b
1 2 3 6 12 18 19 38 76 95 190 285 b
1 2 3 6 12 18 21 33 66 132 153 285 b
1 2 3 6 12 18 21 33 66 132 264 285 b
1 2 3 6 12 18 21 36 57 114 171 285 a
1 2 3 6 12 18 21 36 57 114 228 285 a
1 2 3 6 12 18 21 39 57 114 171 285 b
1 2 3 6 12 18 21 39 57 114 228 285 b
1 2 3 6 12 18 30 33 63 126 159 285 b
1 2 3 6 12 18 30 33 63 126 252 285 b
1 2 3 6 12 18 36 39 57 114 171 285 b
1 2 3 6 12 18 36 39 57 114 228 285 b
1 2 3 6 12 18 36 54 57 114 171 285 b
1 2 3 6 12 18 36 54 57 114 228 285 b
1 2 3 6 12 24 25 37 62 124 161 285 b
1 2 3 6 12 24 25 37 62 124 248 285 b
1 2 3 6 12 24 27 30 57 114 171 285 b
1 2 3 6 12 24 27 30 57 114 228 285 b
1 2 3 6 12 24 27 33 57 114 171 285 b
1 2 3 6 12 24 27 33 57 114 228 285 b
1 2 3 6 12 24 27 51 57 114 171 285 b
1 2 3 6 12 24 27 51 57 114 228 285 b
1 2 3 6 12 24 27 51 78 129 156 285 b
1 2 3 6 12 24 27 51 78 129 207 285 b
1 2 3 6 12 24 27 51 78 129 258 285 b
1 2 3 6 12 24 27 51 78 156 207 285 b
1 2 3 6 12 24 27 51 78 156 234 285 b
1 2 3 6 12 24 27 51 102 129 156 285 b
1 2 3 6 12 24 27 51 102 129 258 285 b
1 2 3 6 12 24 27 54 57 114 171 285 b
1 2 3 6 12 24 27 54 57 114 228 285 b
1 2 3 6 12 24 30 33 57 114 171 285 b
1 2 3 6 12 24 30 33 57 114 228 285 b
1 2 3 6 12 24 30 33 63 126 159 285 b
1 2 3 6 12 24 30 33 63 126 252 285 b
1 2 3 6 12 24 30 54 57 114 171 285 b
1 2 3 6 12 24 30 54 57 114 228 285 b
1 2 3 6 12 24 48 51 57 114 171 285 b
1 2 3 6 12 24 48 51 57 114 228 285 b
1 2 3 6 12 24 48 51 63 111 174 285 b
1 2 3 6 12 24 48 51 63 111 222 285 b
1 2 3 6 12 24 48 54 57 114 171 285 b
1 2 3 6 12 24 48 54 57 114 228 285 b
1 2 3 6 12 24 48 60 63 111 174 285 b
1 2 3 6 12 24 48 60 63 111 222 285 b
1 2 4 5 7 11 22 44 51 95 190 285 b
1 2 4 5 7 11 22 44 88 95 190 285 b
1 2 4 5 7 12 19 38 57 95 190 285 b
1 2 4 5 7 12 19 38 57 114 171 285 b
1 2 4 5 7 12 19 38 57 114 228 285 b
1 2 4 5 7 12 19 38 76 95 190 285 b
1 2 4 5 7 14 19 38 57 95 190 285 b
1 2 4 5 7 14 19 38 57 114 171 285 b
1 2 4 5 7 14 19 38 57 114 228 285 b
1 2 4 5 7 14 19 38 76 95 190 285 b
1 2 4 5 7 14 21 35 70 140 145 285 b
1 2 4 5 7 14 21 35 70 140 280 285 b
1 2 4 5 7 14 28 29 57 114 171 285 b
1 2 4 5 7 14 28 29 57 114 228 285 b
1 2 4 5 7 14 28 35 70 140 145 285 b
1 2 4 5 7 14 28 35 70 140 280 285 b
1 2 4 5 7 14 28 42 70 140 145 285 b
1 2 4 5 7 14 28 42 70 140 280 285 b
1 2 4 5 7 14 28 56 57 114 171 285 b
1 2 4 5 7 14 28 56 57 114 228 285 b
1 2 4 5 7 14 28 56 61 112 173 285 a
1 2 4 5 7 14 28 56 61 112 224 285 a
1 2 4 5 7 14 28 56 70 140 145 285 b
1 2 4 5 7 14 28 56 70 140 280 285 b
1 2 4 5 7 14 28 56 84 140 145 285 b
1 2 4 5 7 14 28 56 84 140 280 285 b
1 2 4 5 7 14 28 56 112 117 168 285 a
1 2 4 5 7 14 28 56 112 117 173 285 b
1 2 4 5 7 14 28 56 112 117 229 285 b
1 2 4 5 7 14 28 56 112 140 145 285 b
1 2 4 5 7 14 28 56 112 140 280 285 b
1 2 4 5 7 14 28 56 112 168 173 285 b
1 2 4 5 7 14 28 56 112 168 280 285 b
1 2 4 5 7 14 28 56 112 224 229 285 b
1 2 4 5 7 14 28 56 112 224 280 285 b
1 2 4 5 8 13 17 34 68 136 149 285 a
1 2 4 5 8 13 17 34 68 136 272 285 a
1 2 4 5 8 13 21 34 68 136 149 285 a
1 2 4 5 8 13 21 34 68 136 272 285 a
1 2 4 5 8 13 26 31 57 114 171 285 a
1 2 4 5 8 13 26 31 57 114 228 285 a
1 2 4 5 8 13 26 34 68 136 149 285 a
1 2 4 5 8 13 26 34 68 136 272 285 a
1 2 4 5 8 13 26 52 57 114 171 285 a
1 2 4 5 8 13 26 52 57 114 228 285 a
1 2 4 5 8 16 21 37 58 95 190 285 a
1 2 4 5 8 16 21 37 74 95 190 285 a
1 2 4 5 9 10 19 38 57 95 190 285 b
1 2 4 5 9 10 19 38 57 114 171 285 b
1 2 4 5 9 10 19 38 57 114 228 285 b
1 2 4 5 9 10 19 38 76 95 190 285 b
1 2 4 5 9 13 17 34 68 136 149 285 b
1 2 4 5 9 13 17 34 68 136 272 285 b
1 2 4 5 9 13 22 35 57 114 171 285 b
1 2 4 5 9 13 22 35 57 114 228 285 b
1 2 4 5 9 13 22 35 70 140 145 285 b
1 2 4 5 9 13 22 35 70 140 280 285 b
1 2 4 5 9 13 22 44 57 114 171 285 b
1 2 4 5 9 13 22 44 57 114 228 285 b
1 2 4 5 9 13 26 31 57 114 171 285 b
1 2 4 5 9 13 26 31 57 114 228 285 b
1 2 4 5 9 13 26 35 70 140 145 285 b
1 2 4 5 9 13 26 35 70 140 280 285 b
1 2 4 5 9 13 26 52 57 114 171 285 b
1 2 4 5 9 13 26 52 57 114 228 285 b
1 2 4 5 9 14 19 38 57 95 190 285 b
1 2 4 5 9 14 19 38 57 114 171 285 b
1 2 4 5 9 14 19 38 57 114 228 285 b
1 2 4 5 9 14 19 38 76 95 190 285 b
1 2 4 5 9 14 23 46 69 138 147 285 b
1 2 4 5 9 14 23 46 69 138 276 285 b
1 2 4 5 9 14 23 46 92 101 184 285 a
1 2 4 5 9 14 23 46 92 101 193 285 b
1 2 4 5 9 14 23 46 92 138 147 285 b
1 2 4 5 9 14 23 46 92 138 276 285 b
1 2 4 5 9 14 23 46 92 184 193 285 b
1 2 4 5 9 14 23 46 92 184 276 285 b
1 2 4 5 9 14 28 29 57 114 171 285 b
1 2 4 5 9 14 28 29 57 114 228 285 b
1 2 4 5 9 14 28 42 70 140 145 285 b
1 2 4 5 9 14 28 42 70 140 280 285 b
1 2 4 5 9 14 28 56 57 114 171 285 b
1 2 4 5 9 14 28 56 57 114 228 285 b
1 2 4 5 9 14 28 56 61 112 173 285 a
1 2 4 5 9 14 28 56 61 112 224 285 a
1 2 4 5 9 14 28 56 70 140 145 285 b
1 2 4 5 9 14 28 56 70 140 280 285 b
1 2 4 5 9 14 28 56 84 140 145 285 b
1 2 4 5 9 14 28 56 84 140 280 285 b
1 2 4 5 9 14 28 56 112 117 168 285 a
1 2 4 5 9 14 28 56 112 117 173 285 b
1 2 4 5 9 14 28 56 112 117 229 285 b
1 2 4 5 9 14 28 56 112 140 145 285 b
1 2 4 5 9 14 28 56 112 140 280 285 b
1 2 4 5 9 14 28 56 112 168 173 285 b
1 2 4 5 9 14 28 56 112 168 280 285 b
1 2 4 5 9 14 28 56 112 224 229 285 b
1 2 4 5 9 14 28 56 112 224 280 285 b
1 2 4 5 9 18 19 38 57 95 190 285 b
1 2 4 5 9 18 19 38 57 114 171 285 b
1 2 4 5 9 18 19 38 57 114 228 285 b
1 2 4 5 9 18 19 38 76 95 190 285 b
1 2 4 5 9 18 23 36 59 95 190 285 a
1 2 4 5 9 18 23 36 72 95 190 285 a
1 2 4 5 9 18 23 46 69 138 147 285 b
1 2 4 5 9 18 23 46 69 138 276 285 b
1 2 4 5 9 18 23 46 92 101 184 285 a
1 2 4 5 9 18 23 46 92 101 193 285 b
1 2 4 5 9 18 23 46 92 138 147 285 b
1 2 4 5 9 18 23 46 92 138 276 285 b
1 2 4 5 9 18 23 46 92 184 193 285 b
1 2 4 5 9 18 23 46 92 184 276 285 b
1 2 4 5 9 18 27 45 50 95 190 285 b
1 2 4 5 9 18 27 45 90 95 190 285 b
1 2 4 5 9 18 27 54 59 113 172 285 b
1 2 4 5 9 18 27 54 59 113 226 285 b
1 2 4 5 9 18 36 41 54 95 190 285 a
1 2 4 5 9 18 36 41 59 95 190 285 b
1 2 4 5 9 18 36 41 77 95 190 285 b
1 2 4 5 9 18 36 45 50 95 190 285 b
1 2 4 5 9 18 36 45 90 95 190 285 b
1 2 4 5 9 18 36 54 59 95 190 285 b
1 2 4 5 9 18 36 54 59 113 172 285 b
1 2 4 5 9 18 36 54 59 113 226 285 b
1 2 4 5 9 18 36 54 90 95 190 285 b
1 2 4 5 9 18 36 72 77 95 190 285 b
1 2 4 5 9 18 36 72 90 95 190 285 b
1 2 4 5 10 11 21 42 53 95 190 285 b
1 2 4 5 10 11 21 42 84 95 190 285 b
1 2 4 5 10 14 19 38 57 95 190 285 b
1 2 4 5 10 14 19 38 57 114 171 285 b
1 2 4 5 10 14 19 38 57 114 228 285 b
1 2 4 5 10 14 19 38 76 95 190 285 b
1 2 4 5 10 14 28 29 57 114 171 285 b
1 2 4 5 10 14 28 29 57 114 228 285 b
1 2 4 5 10 14 28 42 70 140 145 285 b
1 2 4 5 10 14 28 42 70 140 280 285 b
1 2 4 5 10 14 28 56 57 114 171 285 b
1 2 4 5 10 14 28 56 57 114 228 285 b
1 2 4 5 10 14 28 56 61 112 173 285 a
1 2 4 5 10 14 28 56 61 112 224 285 a
1 2 4 5 10 14 28 56 70 140 145 285 b
1 2 4 5 10 14 28 56 70 140 280 285 b
1 2 4 5 10 14 28 56 84 140 145 285 b
1 2 4 5 10 14 28 56 84 140 280 285 b
1 2 4 5 10 14 28 56 112 117 168 285 a
1 2 4 5 10 14 28 56 112 117 173 285 b
1 2 4 5 10 14 28 56 112 117 229 285 b
1 2 4 5 10 14 28 56 112 140 145 285 b
1 2 4 5 10 14 28 56 112 140 280 285 b
1 2 4 5 10 14 28 56 112 168 173 285 b
1 2 4 5 10 14 28 56 112 168 280 285 b
1 2 4 5 10 14 28 56 112 224 229 285 b
1 2 4 5 10 14 28 56 112 224 280 285 b
1 2 4 5 10 15 19 38 57 95 190 285 b
1 2 4 5 10 15 19 38 57 114 171 285 b
1 2 4 5 10 15 19 38 57 114 228 285 b
1 2 4 5 10 15 19 38 76 95 190 285 b
1 2 4 5 10 15 20 35 70 140 145 285 b
1 2 4 5 10 15 20 35 70 140 280 285 b
1 2 4 5 10 15 20 40 55 95 190 285 b
1 2 4 5 10 15 20 40 80 95 190 285 b
1 2 4 5 10 15 25 35 60 95 190 285 b
1 2 4 5 10 15 25 35 70 95 190 285 b
1 2 4 5 10 15 25 35 70 140 145 285 b
1 2 4 5 10 15 25 35 70 140 280 285 b
1 2 4 5 10 15 25 40 55 95 190 285 b
1 2 4 5 10 15 25 40 65 130 155 285 b
1 2 4 5 10 15 25 40 65 130 260 285 b
1 2 4 5 10 15 25 40 80 95 190 285 b
1 2 4 5 10 15 25 50 65 130 155 285 b
1 2 4 5 10 15 25 50 65 130 260 285 b
1 2 4 5 10 15 30 35 60 95 190 285 a
1 2 4 5 10 15 30 35 65 95 190 285 b
1 2 4 5 10 15 30 35 70 140 145 285 b
1 2 4 5 10 15 30 35 70 140 280 285 b
1 2 4 5 10 15 30 40 55 95 190 285 b
1 2 4 5 10 15 30 40 70 140 145 285 b
1 2 4 5 10 15 30 40 70 140 280 285 b
1 2 4 5 10 15 30 40 80 95 190 285 b
1 2 4 5 10 15 30 45 50 95 190 285 b
1 2 4 5 10 15 30 45 60 120 165 285 b
1 2 4 5 10 15 30 45 60 120 240 285 b
1 2 4 5 10 15 30 45 75 105 180 285 b
1 2 4 5 10 15 30 45 75 105 210 285 b
1 2 4 5 10 15 30 45 75 120 165 285 b
1 2 4 5 10 15 30 45 75 120 240 285 b
1 2 4 5 10 15 30 45 90 95 190 285 b
1 2 4 5 10 15 30 45 90 105 180 285 a
1 2 4 5 10 15 30 45 90 105 195 285 b
1 2 4 5 10 15 30 45 90 120 165 285 b
1 2 4 5 10 15 30 45 90 120 240 285 b
1 2 4 5 10 15 30 45 90 135 150 285 b
1 2 4 5 10 15 30 45 90 135 270 285 b
1 2 4 5 10 15 30 45 90 180 195 285 b
1 2 4 5 10 15 30 45 90 180 270 285 b
1 2 4 5 10 15 30 60 65 95 190 285 b
1 2 4 5 10 15 30 60 70 140 145 285 b
1 2 4 5 10 15 30 60 70 140 280 285 b
1 2 4 5 10 15 30 60 75 105 180 285 b
1 2 4 5 10 15 30 60 75 105 210 285 b
1 2 4 5 10 15 30 60 75 135 150 285 b
1 2 4 5 10 15 30 60 75 135 210 285 b
1 2 4 5 10 15 30 60 75 135 270 285 b
1 2 4 5 10 15 30 60 75 150 210 285 b
1 2 4 5 10 15 30 60 75 150 225 285 b
1 2 4 5 10 15 30 60 90 95 190 285 b
1 2 4 5 10 15 30 60 90 105 180 285 a
1 2 4 5 10 15 30 60 90 105 195 285 b
1 2 4 5 10 15 30 60 90 180 195 285 b
1 2 4 5 10 15 30 60 90 180 270 285 b
1 2 4 5 10 15 30 60 120 135 150 285 b
1 2 4 5 10 15 30 60 120 135 165 285 b
1 2 4 5 10 15 30 60 120 135 255 285 b
1 2 4 5 10 15 30 60 120 135 270 285 b
1 2 4 5 10 15 30 60 120 150 165 285 b
1 2 4 5 10 15 30 60 120 150 270 285 b
1 2 4 5 10 15 30 60 120 240 255 285 b
1 2 4 5 10 15 30 60 120 240 270 285 b
1 2 4 5 10 20 21 41 61 122 163 285 b
1 2 4 5 10 20 21 41 61 122 244 285 b
1 2 4 5 10 20 25 35 60 95 190 285 b
1 2 4 5 10 20 25 35 70 95 190 285 b
1 2 4 5 10 20 25 35 70 140 145 285 b
1 2 4 5 10 20 25 35 70 140 280 285 b
1 2 4 5 10 20 25 40 65 130 155 285 a
1 2 4 5 10 20 25 40 65 130 260 285 a
1 2 4 5 10 20 25 45 50 95 190 285 b
1 2 4 5 10 20 25 45 65 110 175 285 b
1 2 4 5 10 20 25 45 65 110 220 285 b
1 2 4 5 10 20 25 45 65 130 155 285 b
1 2 4 5 10 20 25 45 65 130 260 285 b
1 2 4 5 10 20 25 45 70 95 190 285 b
1 2 4 5 10 20 25 45 70 140 145 285 b
1 2 4 5 10 20 25 45 70 140 280 285 b
1 2 4 5 10 20 25 45 90 95 190 285 b
1 2 4 5 10 20 25 50 70 95 190 285 b
1 2 4 5 10 20 25 50 70 140 145 285 b
1 2 4 5 10 20 25 50 70 140 280 285 b
1 2 4 5 10 20 25 50 75 95 190 285 b
1 2 4 5 10 20 30 35 60 95 190 285 a
1 2 4 5 10 20 30 35 65 95 190 285 b
1 2 4 5 10 20 30 35 70 140 145 285 b
1 2 4 5 10 20 30 35 70 140 280 285 b
1 2 4 5 10 20 30 40 70 140 145 285 b
1 2 4 5 10 20 30 40 70 140 280 285 b
1 2 4 5 10 20 30 50 70 140 145 285 b
1 2 4 5 10 20 30 50 70 140 280 285 b
1 2 4 5 10 20 30 60 65 95 190 285 b
1 2 4 5 10 20 30 60 70 140 145 285 b
1 2 4 5 10 20 30 60 70 140 280 285 b
1 2 4 5 10 20 30 60 80 140 145 285 b
1 2 4 5 10 20 30 60 80 140 280 285 b
1 2 4 5 10 20 30 60 90 95 190 285 b
1 2 4 5 10 20 30 60 120 140 145 285 b
1 2 4 5 10 20 30 60 120 140 280 285 b
1 2 4 5 10 20 40 41 61 122 163 285 b
1 2 4 5 10 20 40 41 61 122 244 285 b
1 2 4 5 10 20 40 41 81 122 163 285 b
1 2 4 5 10 20 40 41 81 122 244 285 b
1 2 4 5 10 20 40 41 82 122 163 285 b
1 2 4 5 10 20 40 41 82 122 244 285 b
1 2 4 5 10 20 40 45 50 95 190 285 b
1 2 4 5 10 20 40 45 55 95 190 285 b
1 2 4 5 10 20 40 45 60 120 165 285 a
1 2 4 5 10 20 40 45 60 120 240 285 a
1 2 4 5 10 20 40 45 65 110 175 285 b
1 2 4 5 10 20 40 45 65 110 220 285 b
1 2 4 5 10 20 40 45 80 120 165 285 a
1 2 4 5 10 20 40 45 80 120 240 285 a
1 2 4 5 10 20 40 45 80 125 160 285 a
1 2 4 5 10 20 40 45 80 125 205 285 a
1 2 4 5 10 20 40 45 80 160 205 285 a
1 2 4 5 10 20 40 45 80 160 240 285 a
1 2 4 5 10 20 40 45 85 95 190 285 b
1 2 4 5 10 20 40 45 90 95 190 285 b
1 2 4 5 10 20 40 50 55 95 190 285 b
1 2 4 5 10 20 40 50 70 140 145 285 b
1 2 4 5 10 20 40 50 70 140 280 285 b
1 2 4 5 10 20 40 50 90 95 190 285 b
1 2 4 5 10 20 40 50 90 140 145 285 b
1 2 4 5 10 20 40 50 90 140 280 285 b
1 2 4 5 10 20 40 50 100 140 145 285 b
1 2 4 5 10 20 40 50 100 140 280 285 b
1 2 4 5 10 20 40 60 70 140 145 285 b
1 2 4 5 10 20 40 60 70 140 280 285 b
1 2 4 5 10 20 40 60 80 140 145 285 b
1 2 4 5 10 20 40 60 80 140 280 285 b
1 2 4 5 10 20 40 60 100 140 145 285 b
1 2 4 5 10 20 40 60 100 140 280 285 b
1 2 4 5 10 20 40 60 120 125 160 285 a
1 2 4 5 10 20 40 60 120 125 165 285 b
1 2 4 5 10 20 40 60 120 125 245 285 b
1 2 4 5 10 20 40 60 120 140 145 285 b
1 2 4 5 10 20 40 60 120 140 280 285 b
1 2 4 5 10 20 40 60 120 160 165 285 b
1 2 4 5 10 20 40 60 120 160 280 285 b
1 2 4 5 10 20 40 60 120 240 245 285 b
1 2 4 5 10 20 40 60 120 240 280 285 b
1 2 4 5 10 20 40 80 85 95 190 285 b
1 2 4 5 10 20 40 80 85 100 185 285 a
1 2 4 5 10 20 40 80 85 100 200 285 a
1 2 4 5 10 20 40 80 85 120 165 285 a
1 2 4 5 10 20 40 80 85 120 200 285 a
1 2 4 5 10 20 40 80 85 120 205 285 a
1 2 4 5 10 20 40 80 85 125 160 285 a
1 2 4 5 10 20 40 80 85 125 205 285 b
1 2 4 5 10 20 40 80 85 160 200 285 a
1 2 4 5 10 20 40 80 85 160 245 285 a
1 2 4 5 10 20 40 80 85 165 205 285 b
1 2 4 5 10 20 40 80 85 165 245 285 b
1 2 4 5 10 20 40 80 90 95 190 285 b
1 2 4 5 10 20 40 80 100 105 180 285 a
1 2 4 5 10 20 40 80 100 105 185 285 b
1 2 4 5 10 20 40 80 100 105 205 285 b
1 2 4 5 10 20 40 80 100 140 145 285 b
1 2 4 5 10 20 40 80 100 140 280 285 b
1 2 4 5 10 20 40 80 100 180 185 285 b
1 2 4 5 10 20 40 80 100 180 280 285 b
1 2 4 5 10 20 40 80 100 200 205 285 b
1 2 4 5 10 20 40 80 100 200 280 285 b
1 2 4 5 10 20 40 80 120 125 160 285 a
1 2 4 5 10 20 40 80 120 125 165 285 b
1 2 4 5 10 20 40 80 120 125 205 285 b
1 2 4 5 10 20 40 80 120 125 245 285 b
1 2 4 5 10 20 40 80 120 140 145 285 b
1 2 4 5 10 20 40 80 120 140 280 285 b
1 2 4 5 10 20 40 80 120 160 165 285 b
1 2 4 5 10 20 40 80 120 160 280 285 b
1 2 4 5 10 20 40 80 120 200 205 285 b
1 2 4 5 10 20 40 80 120 200 280 285 b
1 2 4 5 10 20 40 80 120 240 245 285 b
1 2 4 5 10 20 40 80 120 240 280 285 b
1 2 4 5 10 20 40 80 160 165 205 285 b
1 2 4 5 10 20 40 80 160 165 245 285 b
1 2 4 5 10 20 40 80 160 200 205 285 b
1 2 4 5 10 20 40 80 160 200 280 285 b
1 2 4 5 10 20 40 80 160 240 245 285 b
1 2 4 5 10 20 40 80 160 240 280 285 b
1 2 4 6 7 11 22 44 51 95 190 285 b
1 2 4 6 7 11 22 44 88 95 190 285 b
1 2 4 6 7 12 19 38 57 95 190 285 a
1 2 4 6 7 12 19 38 57 114 171 285 a
1 2 4 6 7 12 19 38 57 114 228 285 a
1 2 4 6 7 12 19 38 76 95 190 285 a
1 2 4 6 7 13 17 34 68 136 149 285 b
1 2 4 6 7 13 17 34 68 136 272 285 b
1 2 4 6 7 13 19 38 57 95 190 285 b
1 2 4 6 7 13 19 38 57 114 171 285 b
1 2 4 6 7 13 19 38 57 114 228 285 b
1 2 4 6 7 13 19 38 76 95 190 285 b
1 2 4 6 7 14 28 29 57 114 171 285 b
1 2 4 6 7 14 28 29 57 114 228 285 b
1 2 4 6 7 14 28 56 57 114 171 285 b
1 2 4 6 7 14 28 56 57 114 228 285 b
1 2 4 6 8 14 28 29 57 114 171 285 b
1 2 4 6 8 14 28 29 57 114 228 285 b
1 2 4 6 8 14 28 56 57 114 171 285 b
1 2 4 6 8 14 28 56 57 114 228 285 b
1 2 4 6 10 11 21 42 53 95 190 285 b
1 2 4 6 10 11 21 42 84 95 190 285 b
1 2 4 6 10 14 28 29 57 114 171 285 b
1 2 4 6 10 14 28 29 57 114 228 285 b
1 2 4 6 10 14 28 56 57 114 171 285 b
1 2 4 6 10 14 28 56 57 114 228 285 b
1 2 4 6 10 20 21 41 61 122 163 285 b
1 2 4 6 10 20 21 41 61 122 244 285 b
1 2 4 6 10 20 40 41 61 122 163 285 b
1 2 4 6 10 20 40 41 61 122 244 285 b
1 2 4 6 10 20 40 41 81 122 163 285 b
1 2 4 6 10 20 40 41 81 122 244 285 b
1 2 4 6 10 20 40 41 82 122 163 285 b
1 2 4 6 10 20 40 41 82 122 244 285 b
1 2 4 6 12 13 17 34 68 136 149 285 b
1 2 4 6 12 13 17 34 68 136 272 285 b
1 2 4 6 12 13 19 38 57 95 190 285 b
1 2 4 6 12 13 19 38 57 114 171 285 b
1 2 4 6 12 13 19 38 57 114 228 285 b
1 2 4 6 12 13 19 38 76 95 190 285 b
1 2 4 6 12 13 25 37 62 124 161 285 b
1 2 4 6 12 13 25 37 62 124 248 285 b
1 2 4 6 12 14 28 29 57 114 171 285 b
1 2 4 6 12 14 28 29 57 114 228 285 b
1 2 4 6 12 14 28 56 57 114 171 285 b
1 2 4 6 12 14 28 56 57 114 228 285 b
1 2 4 6 12 16 28 29 57 114 171 285 b
1 2 4 6 12 16 28 29 57 114 228 285 b
1 2 4 6 12 16 28 56 57 114 171 285 b
1 2 4 6 12 16 28 56 57 114 228 285 b
1 2 4 6 12 18 19 38 57 95 190 285 b
1 2 4 6 12 18 19 38 57 114 171 285 b
1 2 4 6 12 18 19 38 57 114 228 285 b
1 2 4 6 12 18 19 38 76 95 190 285 b
1 2 4 6 12 24 25 37 62 124 161 285 b
1 2 4 6 12 24 25 37 62 124 248 285 b
1 2 4 6 12 24 28 29 57 114 171 285 b
1 2 4 6 12 24 28 29 57 114 228 285 b
1 2 4 6 12 24 28 56 57 114 171 285 b
1 2 4 6 12 24 28 56 57 114 228 285 b
1 2 4 8 9 10 19 38 57 95 190 285 b
1 2 4 8 9 10 19 38 57 114 171 285 b
1 2 4 8 9 10 19 38 57 114 228 285 b
1 2 4 8 9 10 19 38 76 95 190 285 b
1 2 4 8 9 11 19 38 57 95 190 285 b
1 2 4 8 9 11 19 38 57 114 171 285 b
1 2 4 8 9 11 19 38 57 114 228 285 b
1 2 4 8 9 11 19 38 76 95 190 285 b
1 2 4 8 9 12 21 33 66 132 153 285 a
1 2 4 8 9 12 21 33 66 132 264 285 a
1 2 4 8 9 12 24 33 57 114 171 285 a
1 2 4 8 9 12 24 33 57 114 228 285 a
1 2 4 8 9 12 24 48 57 114 171 285 a
1 2 4 8 9 12 24 48 57 114 228 285 a
1 2 4 8 9 13 17 34 68 136 149 285 b
1 2 4 8 9 13 17 34 68 136 272 285 b
1 2 4 8 9 13 21 34 68 136 149 285 b
1 2 4 8 9 13 21 34 68 136 272 285 b
1 2 4 8 9 13 22 35 57 114 171 285 b
1 2 4 8 9 13 22 35 57 114 228 285 b
1 2 4 8 9 13 22 44 57 114 171 285 b
1 2 4 8 9 13 22 44 57 114 228 285 b
1 2 4 8 9 13 26 34 68 136 149 285 b
1 2 4 8 9 13 26 34 68 136 272 285 b
1 2 4 8 9 16 24 33 57 114 171 285 a
1 2 4 8 9 16 24 33 57 114 228 285 a
1 2 4 8 9 16 24 48 57 114 171 285 a
1 2 4 8 9 16 24 48 57 114 228 285 a
1 2 4 8 9 16 25 32 57 114 171 285 a
1 2 4 8 9 16 25 32 57 114 228 285 a
1 2 4 8 9 16 25 41 57 114 171 285 a
1 2 4 8 9 16 25 41 57 114 228 285 a
1 2 4 8 9 16 32 41 57 114 171 285 a
1 2 4 8 9 16 32 41 57 114 228 285 a
1 2 4 8 9 16 32 48 57 114 171 285 a
1 2 4 8 9 16 32 48 57 114 228 285 a
1 2 4 8 9 17 19 38 57 95 190 285 b
1 2 4 8 9 17 19 38 57 114 171 285 b
1 2 4 8 9 17 19 38 57 114 228 285 b
1 2 4 8 9 17 19 38 76 95 190 285 b
1 2 4 8 9 17 25 42 67 109 176 285 b
1 2 4 8 9 17 25 42 67 109 218 285 b
1 2 4 8 9 17 25 42 67 134 151 285 b
1 2 4 8 9 17 25 42 67 134 268 285 b
1 2 4 8 9 17 25 50 67 134 151 285 b
1 2 4 8 9 17 25 50 67 134 268 285 b
1 2 4 8 9 17 26 43 52 95 190 285 b
1 2 4 8 9 17 26 43 69 95 190 285 b
1 2 4 8 9 17 26 43 69 138 147 285 b
1 2 4 8 9 17 26 43 69 138 276 285 b
1 2 4 8 9 17 26 43 86 95 190 285 b
1 2 4 8 9 17 26 52 69 95 190 285 b
1 2 4 8 9 17 26 52 69 138 147 285 b
1 2 4 8 9 17 26 52 69 138 276 285 b
1 2 4 8 9 17 26 52 78 95 190 285 b
1 2 4 8 9 17 34 35 69 138 147 285 b
1 2 4 8 9 17 34 35 69 138 276 285 b
1 2 4 8 9 17 34 43 52 95 190 285 b
1 2 4 8 9 17 34 43 86 95 190 285 b
1 2 4 8 9 17 34 68 69 138 147 285 b
1 2 4 8 9 17 34 68 69 138 276 285 b
1 2 4 8 9 17 34 68 70 138 147 285 b
1 2 4 8 9 17 34 68 70 138 276 285 b
1 2 4 8 9 17 34 68 136 138 147 285 b
1 2 4 8 9 17 34 68 136 138 276 285 b
1 2 4 8 9 17 34 68 136 140 145 285 a
1 2 4 8 9 17 34 68 136 140 149 285 b
1 2 4 8 9 17 34 68 136 140 276 285 b
1 2 4 8 9 17 34 68 136 145 149 285 b
1 2 4 8 9 17 34 68 136 145 281 285 b
1 2 4 8 9 17 34 68 136 272 276 285 b
1 2 4 8 9 17 34 68 136 272 281 285 b
1 2 4 8 9 18 19 38 57 95 190 285 b
1 2 4 8 9 18 19 38 57 114 171 285 b
1 2 4 8 9 18 19 38 57 114 228 285 b
1 2 4 8 9 18 19 38 76 95 190 285 b
1 2 4 8 10 11 19 38 57 95 190 285 b
1 2 4 8 10 11 19 38 57 114 171 285 b
1 2 4 8 10 11 19 38 57 114 228 285 b
1 2 4 8 10 11 19 38 76 95 190 285 b
1 2 4 8 10 11 21 42 53 95 190 285 b
1 2 4 8 10 11 21 42 84 95 190 285 b
1 2 4 8 10 14 28 29 57 114 171 285 b
1 2 4 8 10 14 28 29 57 114 228 285 b
1 2 4 8 10 14 28 56 57 114 171 285 b
1 2 4 8 10 14 28 56 57 114 228 285 b
1 2 4 8 10 18 19 38 57 95 190 285 b
1 2 4 8 10 18 19 38 57 114 171 285 b
1 2 4 8 10 18 19 38 57 114 228 285 b
1 2 4 8 10 18 19 38 76 95 190 285 b
1 2 4 8 10 18 28 29 57 114 171 285 b
1 2 4 8 10 18 28 29 57 114 228 285 b
1 2 4 8 10 18 28 56 57 114 171 285 b
1 2 4 8 10 18 28 56 57 114 228 285 b
1 2 4 8 10 20 21 41 61 122 163 285 b
1 2 4 8 10 20 21 41 61 122 244 285 b
1 2 4 8 10 20 28 29 57 114 171 285 b
1 2 4 8 10 20 28 29 57 114 228 285 b
1 2 4 8 10 20 28 56 57 114 171 285 b
1 2 4 8 10 20 28 56 57 114 228 285 b
1 2 4 8 10 20 40 41 61 122 163 285 b
1 2 4 8 10 20 40 41 61 122 244 285 b
1 2 4 8 10 20 40 41 81 122 163 285 b
1 2 4 8 10 20 40 41 81 122 244 285 b
1 2 4 8 10 20 40 41 82 122 163 285 b
1 2 4 8 10 20 40 41 82 122 244 285 b
1 2 4 8 12 13 17 34 68 136 149 285 b
1 2 4 8 12 13 17 34 68 136 272 285 b
1 2 4 8 12 13 21 33 66 132 153 285 b
1 2 4 8 12 13 21 33 66 132 264 285 b
1 2 4 8 12 13 21 34 68 136 149 285 b
1 2 4 8 12 13 21 34 68 136 272 285 b
1 2 4 8 12 13 25 37 62 124 161 285 b
1 2 4 8 12 13 25 37 62 124 248 285 b
1 2 4 8 12 13 26 34 68 136 149 285 b
1 2 4 8 12 13 26 34 68 136 272 285 b
1 2 4 8 12 14 28 29 57 114 171 285 b
1 2 4 8 12 14 28 29 57 114 228 285 b
1 2 4 8 12 14 28 56 57 114 171 285 b
1 2 4 8 12 14 28 56 57 114 228 285 b
1 2 4 8 12 16 28 29 57 114 171 285 b
1 2 4 8 12 16 28 29 57 114 228 285 b
1 2 4 8 12 16 28 56 57 114 171 285 b
1 2 4 8 12 16 28 56 57 114 228 285 b
1 2 4 8 12 20 21 33 66 132 153 285 b
1 2 4 8 12 20 21 33 66 132 264 285 b
1 2 4 8 12 20 21 41 61 122 163 285 b
1 2 4 8 12 20 21 41 61 122 244 285 b
1 2 4 8 12 20 28 29 57 114 171 285 b
1 2 4 8 12 20 28 29 57 114 228 285 b
1 2 4 8 12 20 28 56 57 114 171 285 b
1 2 4 8 12 20 28 56 57 114 228 285 b
1 2 4 8 12 20 40 41 61 122 163 285 b
1 2 4 8 12 20 40 41 61 122 244 285 b
1 2 4 8 12 20 40 41 81 122 163 285 b
1 2 4 8 12 20 40 41 81 122 244 285 b
1 2 4 8 12 20 40 41 82 122 163 285 b
1 2 4 8 12 20 40 41 82 122 244 285 b
1 2 4 8 12 24 25 32 57 114 171 285 a
1 2 4 8 12 24 25 32 57 114 228 285 a
1 2 4 8 12 24 25 33 57 114 171 285 b
1 2 4 8 12 24 25 33 57 114 228 285 b
1 2 4 8 12 24 25 37 62 124 161 285 b
1 2 4 8 12 24 25 37 62 124 248 285 b
1 2 4 8 12 24 25 49 57 114 171 285 b
1 2 4 8 12 24 25 49 57 114 228 285 b
1 2 4 8 12 24 28 29 57 114 171 285 b
1 2 4 8 12 24 28 29 57 114 228 285 b
1 2 4 8 12 24 28 56 57 114 171 285 b
1 2 4 8 12 24 28 56 57 114 228 285 b
1 2 4 8 12 24 32 33 57 114 171 285 b
1 2 4 8 12 24 32 33 57 114 228 285 b
1 2 4 8 12 24 32 56 57 114 171 285 b
1 2 4 8 12 24 32 56 57 114 228 285 b
1 2 4 8 12 24 48 49 57 114 171 285 b
1 2 4 8 12 24 48 49 57 114 228 285 b
1 2 4 8 12 24 48 56 57 114 171 285 b
1 2 4 8 12 24 48 56 57 114 228 285 b
1 2 4 8 16 17 19 38 57 95 190 285 b
1 2 4 8 16 17 19 38 57 114 171 285 b
1 2 4 8 16 17 19 38 57 114 228 285 b
1 2 4 8 16 17 19 38 76 95 190 285 b
1 2 4 8 16 17 20 37 57 114 171 285 a
1 2 4 8 16 17 20 37 57 114 228 285 a
1 2 4 8 16 17 20 40 57 114 171 285 a
1 2 4 8 16 17 20 40 57 114 228 285 a
1 2 4 8 16 17 21 33 66 132 153 285 a
1 2 4 8 16 17 21 33 66 132 264 285 a
1 2 4 8 16 17 21 37 58 95 190 285 b
1 2 4 8 16 17 21 37 74 95 190 285 b
1 2 4 8 16 17 24 33 57 114 171 285 a
1 2 4 8 16 17 24 33 57 114 228 285 a
1 2 4 8 16 17 24 40 57 114 171 285 a
1 2 4 8 16 17 24 40 57 114 228 285 a
1 2 4 8 16 17 24 41 57 114 171 285 a
1 2 4 8 16 17 24 41 57 114 228 285 a
1 2 4 8 16 17 25 32 57 114 171 285 a
1 2 4 8 16 17 25 32 57 114 228 285 a
1 2 4 8 16 17 25 41 57 114 171 285 b
1 2 4 8 16 17 25 41 57 114 228 285 b
1 2 4 8 16 17 25 42 67 109 176 285 b
1 2 4 8 16 17 25 42 67 109 218 285 b
1 2 4 8 16 17 25 42 67 134 151 285 b
1 2 4 8 16 17 25 42 67 134 268 285 b
1 2 4 8 16 17 25 50 67 134 151 285 b
1 2 4 8 16 17 25 50 67 134 268 285 b
1 2 4 8 16 17 32 40 57 114 171 285 a
1 2 4 8 16 17 32 40 57 114 228 285 a
1 2 4 8 16 17 32 49 57 114 171 285 a
1 2 4 8 16 17 32 49 57 114 228 285 a
1 2 4 8 16 17 33 34 67 134 151 285 b
1 2 4 8 16 17 33 34 67 134 268 285 b
1 2 4 8 16 17 33 41 57 114 171 285 b
1 2 4 8 16 17 33 41 57 114 228 285 b
1 2 4 8 16 17 33 49 57 114 171 285 b
1 2 4 8 16 17 33 49 57 114 228 285 b
1 2 4 8 16 17 33 50 67 134 151 285 b
1 2 4 8 16 17 33 50 67 134 268 285 b
1 2 4 8 16 17 33 66 67 134 151 285 b
1 2 4 8 16 17 33 66 67 134 268 285 b
1 2 4 8 16 17 33 66 68 134 151 285 b
1 2 4 8 16 17 33 66 68 134 268 285 b
1 2 4 8 16 17 33 66 132 134 151 285 b
1 2 4 8 16 17 33 66 132 134 268 285 b
1 2 4 8 16 17 33 66 132 136 149 285 a
1 2 4 8 16 17 33 66 132 136 153 285 b
1 2 4 8 16 17 33 66 132 136 268 285 b
1 2 4 8 16 17 33 66 132 149 153 285 b
1 2 4 8 16 17 33 66 132 149 281 285 b
1 2 4 8 16 17 33 66 132 264 268 285 b
1 2 4 8 16 17 33 66 132 264 281 285 b
1 2 4 8 16 17 34 50 67 134 151 285 b
1 2 4 8 16 17 34 50 67 134 268 285 b
1 2 4 8 16 17 34 50 84 134 151 285 b
1 2 4 8 16 17 34 50 84 134 268 285 b
1 2 4 8 16 17 34 50 100 134 151 285 b
1 2 4 8 16 17 34 50 100 134 268 285 b
1 2 4 8 16 17 34 51 67 134 151 285 b
1 2 4 8 16 17 34 51 67 134 268 285 b
1 2 4 8 16 18 19 38 57 95 190 285 b
1 2 4 8 16 18 19 38 57 114 171 285 b
1 2 4 8 16 18 19 38 57 114 228 285 b
1 2 4 8 16 18 19 38 76 95 190 285 b
1 2 4 8 16 20 21 36 57 114 171 285 a
1 2 4 8 16 20 21 36 57 114 228 285 a
1 2 4 8 16 20 21 37 57 114 171 285 b
1 2 4 8 16 20 21 37 57 114 228 285 b
1 2 4 8 16 20 21 37 58 95 190 285 b
1 2 4 8 16 20 21 37 74 95 190 285 b
1 2 4 8 16 20 21 41 57 114 171 285 b
1 2 4 8 16 20 21 41 57 114 228 285 b
1 2 4 8 16 20 21 41 61 122 163 285 b
1 2 4 8 16 20 21 41 61 122 244 285 b
1 2 4 8 16 20 28 29 57 114 171 285 b
1 2 4 8 16 20 28 29 57 114 228 285 b
1 2 4 8 16 20 28 56 57 114 171 285 b
1 2 4 8 16 20 28 56 57 114 228 285 b
1 2 4 8 16 20 36 37 57 114 171 285 b
1 2 4 8 16 20 36 37 57 114 228 285 b
1 2 4 8 16 20 36 56 57 114 171 285 b
1 2 4 8 16 20 36 56 57 114 228 285 b
1 2 4 8 16 20 40 41 57 114 171 285 b
1 2 4 8 16 20 40 41 57 114 228 285 b
1 2 4 8 16 20 40 41 61 122 163 285 b
1 2 4 8 16 20 40 41 61 122 244 285 b
1 2 4 8 16 20 40 41 81 122 163 285 b
1 2 4 8 16 20 40 41 81 122 244 285 b
1 2 4 8 16 20 40 41 82 122 163 285 b
1 2 4 8 16 20 40 41 82 122 244 285 b
1 2 4 8 16 20 40 56 57 114 171 285 b
1 2 4 8 16 20 40 56 57 114 228 285 b
1 2 4 8 16 24 25 32 57 114 171 285 a
1 2 4 8 16 24 25 32 57 114 228 285 a
1 2 4 8 16 24 25 33 57 114 171 285 b
1 2 4 8 16 24 25 33 57 114 228 285 b
1 2 4 8 16 24 25 40 65 130 155 285 a
1 2 4 8 16 24 25 40 65 130 260 285 a
1 2 4 8 16 24 25 41 57 114 171 285 b
1 2 4 8 16 24 25 41 57 114 228 285 b
1 2 4 8 16 24 25 41 65 130 155 285 b
1 2 4 8 16 24 25 41 65 130 260 285 b
1 2 4 8 16 24 25 49 57 114 171 285 b
1 2 4 8 16 24 25 49 57 114 228 285 b
1 2 4 8 16 24 25 49 65 130 155 285 b
1 2 4 8 16 24 25 49 65 130 260 285 b
1 2 4 8 16 24 28 29 57 114 171 285 b
1 2 4 8 16 24 28 29 57 114 228 285 b
1 2 4 8 16 24 28 56 57 114 171 285 b
1 2 4 8 16 24 28 56 57 114 228 285 b
1 2 4 8 16 24 32 33 57 114 171 285 b
1 2 4 8 16 24 32 33 57 114 228 285 b
1 2 4 8 16 24 32 56 57 114 171 285 b
1 2 4 8 16 24 32 56 57 114 228 285 b
1 2 4 8 16 24 40 41 57 114 171 285 b
1 2 4 8 16 24 40 41 57 114 228 285 b
1 2 4 8 16 24 40 41 81 122 163 285 b
1 2 4 8 16 24 40 41 81 122 244 285 b
1 2 4 8 16 24 40 41 82 122 163 285 b
1 2 4 8 16 24 40 41 82 122 244 285 b
1 2 4 8 16 24 40 56 57 114 171 285 b
1 2 4 8 16 24 40 56 57 114 228 285 b
1 2 4 8 16 24 48 49 57 114 171 285 b
1 2 4 8 16 24 48 49 57 114 228 285 b
1 2 4 8 16 24 48 56 57 114 171 285 b
1 2 4 8 16 24 48 56 57 114 228 285 b
1 2 4 8 16 32 33 40 73 106 179 285 a
1 2 4 8 16 32 33 40 73 106 212 285 a
1 2 4 8 16 32 33 41 57 114 171 285 b
1 2 4 8 16 32 33 41 57 114 228 285 b
1 2 4 8 16 32 33 41 73 106 179 285 b
1 2 4 8 16 32 33 41 73 106 212 285 b
1 2 4 8 16 32 33 49 57 114 171 285 b
1 2 4 8 16 32 33 49 57 114 228 285 b
1 2 4 8 16 32 33 65 73 106 179 285 b
1 2 4 8 16 32 33 65 73 106 212 285 b
1 2 4 8 16 32 40 41 57 114 171 285 b
1 2 4 8 16 32 40 41 57 114 228 285 b
1 2 4 8 16 32 40 41 81 122 163 285 b
1 2 4 8 16 32 40 41 81 122 244 285 b
1 2 4 8 16 32 40 41 82 122 163 285 b
1 2 4 8 16 32 40 41 82 122 244 285 b
1 2 4 8 16 32 40 56 57 114 171 285 b
1 2 4 8 16 32 40 56 57 114 228 285 b
1 2 4 8 16 32 48 49 57 114 171 285 b
1 2 4 8 16 32 48 49 57 114 228 285 b
1 2 4 8 16 32 48 56 57 114 171 285 b
1 2 4 8 16 32 48 56 57 114 228 285 b
