1 2 3 5 7 12 24 48 55 103 206 b
1 2 3 5 7 12 24 48 96 103 206 b
1 2 3 5 10 15 25 50 53 103 206 b
1 2 3 5 10 15 25 50 100 103 206 b
1 2 3 5 10 20 21 41 62 103 206 b
1 2 3 5 10 20 21 41 82 103 206 b
1 2 3 5 10 20 23 40 63 103 206 a
1 2 3 5 10 20 23 40 80 103 206 a
1 2 3 5 10 20 25 50 53 103 206 b
1 2 3 5 10 20 25 50 100 103 206 b
1 2 3 5 10 20 30 50 53 103 206 b
1 2 3 5 10 20 30 50 100 103 206 b
1 2 3 5 10 20 40 42 82 124 206 b
1 2 3 5 10 20 40 42 82 164 206 b
1 2 3 5 10 20 40 43 60 103 206 a
1 2 3 5 10 20 40 43 63 103 206 b
1 2 3 5 10 20 40 43 83 103 206 b
1 2 3 5 10 20 40 43 83 123 206 b
1 2 3 5 10 20 40 43 83 166 206 b
1 2 3 5 10 20 40 50 53 103 206 b
1 2 3 5 10 20 40 50 100 103 206 b
1 2 3 5 10 20 40 60 63 103 206 b
1 2 3 5 10 20 40 60 100 103 206 b
1 2 3 5 10 20 40 80 83 103 206 b
1 2 3 5 10 20 40 80 83 123 206 b
1 2 3 5 10 20 40 80 83 166 206 b
1 2 3 5 10 20 40 80 100 103 206 b
1 2 3 6 7 12 24 48 55 103 206 a
1 2 3 6 7 12 24 48 96 103 206 a
1 2 3 6 12 13 25 50 53 103 206 b
1 2 3 6 12 13 25 50 100 103 206 b
1 2 3 6 12 13 25 50 100 106 206 b
1 2 3 6 12 13 25 50 100 200 206 b
1 2 3 6 12 14 24 48 96 110 206 a
1 2 3 6 12 14 24 48 96 192 206 a
1 2 3 6 12 24 25 50 53 103 206 b
1 2 3 6 12 24 25 50 100 103 206 b
1 2 3 6 12 24 25 50 100 106 206 b
1 2 3 6 12 24 25 50 100 200 206 b
1 2 3 6 12 24 26 50 53 103 206 b
1 2 3 6 12 24 26 50 100 103 206 b
1 2 3 6 12 24 26 50 100 106 206 b
1 2 3 6 12 24 26 50 100 200 206 b
1 2 3 6 12 24 27 51 52 103 206 b
1 2 3 6 12 24 27 51 102 103 206 b
1 2 3 6 12 24 27 51 102 104 206 b
1 2 3 6 12 24 27 51 102 204 206 b
1 2 3 6 12 24 48 49 54 103 206 a
1 2 3 6 12 24 48 49 55 103 206 b
1 2 3 6 12 24 48 49 97 103 206 b
1 2 3 6 12 24 48 49 97 109 206 b
1 2 3 6 12 24 48 49 97 194 206 b
1 2 3 6 12 24 48 50 53 103 206 b
1 2 3 6 12 24 48 50 100 103 206 b
1 2 3 6 12 24 48 50 100 106 206 b
1 2 3 6 12 24 48 50 100 200 206 b
1 2 3 6 12 24 48 51 52 103 206 b
1 2 3 6 12 24 48 51 102 103 206 b
1 2 3 6 12 24 48 51 102 104 206 b
1 2 3 6 12 24 48 51 102 204 206 b
1 2 3 6 12 24 48 54 55 103 206 b
1 2 3 6 12 24 48 54 102 103 206 b
1 2 3 6 12 24 48 54 102 104 206 b
1 2 3 6 12 24 48 54 102 204 206 b
1 2 3 6 12 24 48 96 97 103 206 b
1 2 3 6 12 24 48 96 97 109 206 b
1 2 3 6 12 24 48 96 97 194 206 b
1 2 3 6 12 24 48 96 98 108 206 a
1 2 3 6 12 24 48 96 98 110 206 b
1 2 3 6 12 24 48 96 98 194 206 b
1 2 3 6 12 24 48 96 102 103 206 b
1 2 3 6 12 24 48 96 102 104 206 b
1 2 3 6 12 24 48 96 102 204 206 b
1 2 3 6 12 24 48 96 108 110 206 b
1 2 3 6 12 24 48 96 108 204 206 b
1 2 3 6 12 24 48 96 192 194 206 b
1 2 3 6 12 24 48 96 192 204 206 b
1 2 4 5 7 12 24 48 55 103 206 b
1 2 4 5 7 12 24 48 96 103 206 b
1 2 4 5 10 14 24 48 96 110 206 b
1 2 4 5 10 14 24 48 96 192 206 b
1 2 4 5 10 20 21 41 62 103 206 b
1 2 4 5 10 20 21 41 82 103 206 b
1 2 4 5 10 20 40 42 82 124 206 b
1 2 4 5 10 20 40 42 82 164 206 b
1 2 4 6 7 12 24 48 55 103 206 a
1 2 4 6 7 12 24 48 96 103 206 a
1 2 4 6 10 14 24 48 96 110 206 b
1 2 4 6 10 14 24 48 96 192 206 b
1 2 4 6 10 20 21 41 62 103 206 b
1 2 4 6 10 20 21 41 82 103 206 b
1 2 4 6 10 20 30 50 100 106 206 b
1 2 4 6 10 20 30 50 100 200 206 b
1 2 4 6 10 20 40 42 82 124 206 b
1 2 4 6 10 20 40 42 82 164 206 b
1 2 4 6 10 20 40 46 80 126 206 a
1 2 4 6 10 20 40 46 80 160 206 a
1 2 4 6 10 20 40 50 100 106 206 b
1 2 4 6 10 20 40 50 100 200 206 b
1 2 4 6 10 20 40 60 100 106 206 b
1 2 4 6 10 20 40 60 100 200 206 b
1 2 4 6 10 20 40 80 86 120 206 a
1 2 4 6 10 20 40 80 86 126 206 b
1 2 4 6 10 20 40 80 86 166 206 b
1 2 4 6 10 20 40 80 100 106 206 b
1 2 4 6 10 20 40 80 100 200 206 b
1 2 4 6 10 20 40 80 120 126 206 b
1 2 4 6 10 20 40 80 120 200 206 b
1 2 4 6 10 20 40 80 160 166 206 b
1 2 4 6 10 20 40 80 160 200 206 b
1 2 4 6 12 13 25 50 100 106 206 b
1 2 4 6 12 13 25 50 100 200 206 b
1 2 4 6 12 14 24 48 96 110 206 a
1 2 4 6 12 14 24 48 96 192 206 a
1 2 4 6 12 24 25 50 100 106 206 b
1 2 4 6 12 24 25 50 100 200 206 b
1 2 4 6 12 24 26 50 100 106 206 b
1 2 4 6 12 24 26 50 100 200 206 b
1 2 4 6 12 24 48 49 54 103 206 a
1 2 4 6 12 24 48 49 55 103 206 b
1 2 4 6 12 24 48 49 97 103 206 b
1 2 4 6 12 24 48 49 97 109 206 b
1 2 4 6 12 24 48 49 97 194 206 b
1 2 4 6 12 24 48 50 100 106 206 b
1 2 4 6 12 24 48 50 100 200 206 b
1 2 4 6 12 24 48 52 100 106 206 b
1 2 4 6 12 24 48 52 100 200 206 b
1 2 4 6 12 24 48 54 55 103 206 b
1 2 4 6 12 24 48 54 102 103 206 b
1 2 4 6 12 24 48 54 102 104 206 b
1 2 4 6 12 24 48 54 102 204 206 b
1 2 4 6 12 24 48 96 97 103 206 b
1 2 4 6 12 24 48 96 97 109 206 b
1 2 4 6 12 24 48 96 97 194 206 b
1 2 4 6 12 24 48 96 98 108 206 a
1 2 4 6 12 24 48 96 98 110 206 b
1 2 4 6 12 24 48 96 98 194 206 b
1 2 4 6 12 24 48 96 100 106 206 b
1 2 4 6 12 24 48 96 100 200 206 b
1 2 4 6 12 24 48 96 102 103 206 b
1 2 4 6 12 24 48 96 102 104 206 b
1 2 4 6 12 24 48 96 102 204 206 b
1 2 4 6 12 24 48 96 108 110 206 b
1 2 4 6 12 24 48 96 108 204 206 b
1 2 4 6 12 24 48 96 192 194 206 b
1 2 4 6 12 24 48 96 192 204 206 b
1 2 4 8 9 17 26 43 60 103 206 b
1 2 4 8 9 17 26 43 86 103 206 b
1 2 4 8 9 17 34 35 68 103 206 a
1 2 4 8 9 17 34 35 69 103 206 b
1 2 4 8 9 17 34 43 60 103 206 b
1 2 4 8 9 17 34 43 86 103 206 b
1 2 4 8 9 17 34 43 86 120 206 b
1 2 4 8 9 17 34 43 86 172 206 b
1 2 4 8 9 17 34 51 52 103 206 b
1 2 4 8 9 17 34 51 102 103 206 b
1 2 4 8 9 17 34 51 102 104 206 b
1 2 4 8 9 17 34 51 102 204 206 b
1 2 4 8 9 17 34 68 69 103 206 b
1 2 4 8 9 17 34 68 69 137 206 b
1 2 4 8 9 17 34 68 69 138 206 b
1 2 4 8 9 17 34 68 70 136 206 a
1 2 4 8 9 17 34 68 70 138 206 b
1 2 4 8 9 17 34 68 102 103 206 b
1 2 4 8 9 17 34 68 102 104 206 b
1 2 4 8 9 17 34 68 102 204 206 b
1 2 4 8 9 17 34 68 136 138 206 b
1 2 4 8 9 17 34 68 136 204 206 b
1 2 4 8 10 14 24 48 96 110 206 b
1 2 4 8 10 14 24 48 96 192 206 b
1 2 4 8 10 20 21 41 62 103 206 b
1 2 4 8 10 20 21 41 82 103 206 b
1 2 4 8 10 20 40 42 82 124 206 b
1 2 4 8 10 20 40 42 82 164 206 b
1 2 4 8 12 14 24 48 96 110 206 a
1 2 4 8 12 14 24 48 96 192 206 a
1 2 4 8 12 20 21 41 62 103 206 b
1 2 4 8 12 20 21 41 82 103 206 b
1 2 4 8 12 20 40 42 82 124 206 b
1 2 4 8 12 20 40 42 82 164 206 b
1 2 4 8 12 24 48 49 97 109 206 b
1 2 4 8 12 24 48 49 97 194 206 b
1 2 4 8 12 24 48 96 97 109 206 b
1 2 4 8 12 24 48 96 97 194 206 b
1 2 4 8 12 24 48 96 98 108 206 a
1 2 4 8 12 24 48 96 98 110 206 b
1 2 4 8 12 24 48 96 98 194 206 b
1 2 4 8 12 24 48 96 108 110 206 b
1 2 4 8 12 24 48 96 108 204 206 b
1 2 4 8 12 24 48 96 192 194 206 b
1 2 4 8 12 24 48 96 192 204 206 b
1 2 4 8 16 17 33 35 68 103 206 b
1 2 4 8 16 17 33 35 70 103 206 b
1 2 4 8 16 17 33 37 66 103 206 a
1 2 4 8 16 17 33 37 70 103 206 b
1 2 4 8 16 17 33 66 70 103 206 b
1 2 4 8 16 17 33 66 70 136 206 b
1 2 4 8 16 17 33 66 70 140 206 b
1 2 4 8 16 17 33 66 74 132 206 a
1 2 4 8 16 17 33 66 74 140 206 b
1 2 4 8 16 17 33 66 99 103 206 b
1 2 4 8 16 17 33 66 99 107 206 b
1 2 4 8 16 17 33 66 99 198 206 b
1 2 4 8 16 17 33 66 132 140 206 b
1 2 4 8 16 17 33 66 132 198 206 b
1 2 4 8 16 17 34 35 68 103 206 a
1 2 4 8 16 17 34 35 69 103 206 b
1 2 4 8 16 17 34 51 52 103 206 b
1 2 4 8 16 17 34 51 102 103 206 b
1 2 4 8 16 17 34 51 102 104 206 b
1 2 4 8 16 17 34 51 102 204 206 b
1 2 4 8 16 17 34 68 69 103 206 b
1 2 4 8 16 17 34 68 69 137 206 b
1 2 4 8 16 17 34 68 69 138 206 b
1 2 4 8 16 17 34 68 70 136 206 a
1 2 4 8 16 17 34 68 70 138 206 b
1 2 4 8 16 17 34 68 102 103 206 b
1 2 4 8 16 17 34 68 102 104 206 b
1 2 4 8 16 17 34 68 102 204 206 b
1 2 4 8 16 17 34 68 136 138 206 b
1 2 4 8 16 17 34 68 136 204 206 b
1 2 4 8 16 18 34 35 68 103 206 a
1 2 4 8 16 18 34 35 69 103 206 b
1 2 4 8 16 18 34 52 86 120 206 b
1 2 4 8 16 18 34 52 86 172 206 b
1 2 4 8 16 18 34 68 69 103 206 b
1 2 4 8 16 18 34 68 69 137 206 b
1 2 4 8 16 18 34 68 69 138 206 b
1 2 4 8 16 18 34 68 70 136 206 a
1 2 4 8 16 18 34 68 70 138 206 b
1 2 4 8 16 18 34 68 86 120 206 b
1 2 4 8 16 18 34 68 86 172 206 b
1 2 4 8 16 18 34 68 102 103 206 b
1 2 4 8 16 18 34 68 102 104 206 b
1 2 4 8 16 18 34 68 102 204 206 b
1 2 4 8 16 18 34 68 136 138 206 b
1 2 4 8 16 18 34 68 136 204 206 b
1 2 4 8 16 20 21 41 62 103 206 b
1 2 4 8 16 20 21 41 82 103 206 b
1 2 4 8 16 20 40 42 82 124 206 b
1 2 4 8 16 20 40 42 82 164 206 b
1 2 4 8 16 24 40 42 82 124 206 b
1 2 4 8 16 24 40 42 82 164 206 b
1 2 4 8 16 32 33 35 68 103 206 b
1 2 4 8 16 32 33 35 70 103 206 b
1 2 4 8 16 32 33 37 66 103 206 a
1 2 4 8 16 32 33 37 70 103 206 b
1 2 4 8 16 32 33 66 70 103 206 b
1 2 4 8 16 32 33 66 70 136 206 b
1 2 4 8 16 32 33 66 70 140 206 b
1 2 4 8 16 32 33 66 74 132 206 a
1 2 4 8 16 32 33 66 74 140 206 b
1 2 4 8 16 32 33 66 99 103 206 b
1 2 4 8 16 32 33 66 99 107 206 b
1 2 4 8 16 32 33 66 99 198 206 b
1 2 4 8 16 32 33 66 132 140 206 b
1 2 4 8 16 32 33 66 132 198 206 b
1 2 4 8 16 32 34 35 68 103 206 a
1 2 4 8 16 32 34 35 69 103 206 b
1 2 4 8 16 32 34 66 70 136 206 b
1 2 4 8 16 32 34 66 70 140 206 b
1 2 4 8 16 32 34 66 74 132 206 a
1 2 4 8 16 32 34 66 74 140 206 b
1 2 4 8 16 32 34 66 132 140 206 b
1 2 4 8 16 32 34 66 132 198 206 b
1 2 4 8 16 32 34 68 69 103 206 b
1 2 4 8 16 32 34 68 69 137 206 b
1 2 4 8 16 32 34 68 69 138 206 b
1 2 4 8 16 32 34 68 70 136 206 a
1 2 4 8 16 32 34 68 70 138 206 b
1 2 4 8 16 32 34 68 102 103 206 b
1 2 4 8 16 32 34 68 102 104 206 b
1 2 4 8 16 32 34 68 102 204 206 b
1 2 4 8 16 32 34 68 136 138 206 b
1 2 4 8 16 32 34 68 136 204 206 b
1 2 4 8 16 32 36 68 69 137 206 b
1 2 4 8 16 32 36 68 69 138 206 b
1 2 4 8 16 32 36 68 70 136 206 a
1 2 4 8 16 32 36 68 70 138 206 b
1 2 4 8 16 32 36 68 136 138 206 b
1 2 4 8 16 32 36 68 136 204 206 b
1 2 4 8 16 32 40 42 82 124 206 b
1 2 4 8 16 32 40 42 82 164 206 b
1 2 4 8 16 32 64 66 70 136 206 b
1 2 4 8 16 32 64 66 70 140 206 b
1 2 4 8 16 32 64 66 74 132 206 a
1 2 4 8 16 32 64 66 74 140 206 b
1 2 4 8 16 32 64 66 132 140 206 b
1 2 4 8 16 32 64 66 132 198 206 b
1 2 4 8 16 32 64 68 69 137 206 b
1 2 4 8 16 32 64 68 69 138 206 b
1 2 4 8 16 32 64 68 70 136 206 a
1 2 4 8 16 32 64 68 70 138 206 b
1 2 4 8 16 32 64 68 136 138 206 b
1 2 4 8 16 32 64 68 136 204 206 b
