1 2 3 5 10 15 30 60 120 123 243 b
1 2 3 5 10 15 30 60 120 240 243 b
1 2 3 5 10 20 30 60 120 123 243 b
1 2 3 5 10 20 30 60 120 240 243 b
1 2 3 5 10 20 40 41 81 162 243 b
1 2 3 5 10 20 40 60 120 123 243 b
1 2 3 5 10 20 40 60 120 240 243 b
1 2 3 5 10 20 40 80 81 162 243 b
1 2 3 5 10 20 40 80 83 160 243 a
1 2 3 5 10 20 40 80 83 163 243 b
1 2 3 5 10 20 40 80 120 123 243 b
1 2 3 5 10 20 40 80 120 240 243 b
1 2 3 5 10 20 40 80 160 163 243 b
1 2 3 5 10 20 40 80 160 240 243 b
1 2 3 6 9 15 30 60 120 123 243 b
1 2 3 6 9 15 30 60 120 240 243 b
1 2 3 6 9 18 27 54 81 162 243 b
1 2 3 6 9 18 27 54 108 135 243 b
1 2 3 6 9 18 27 54 108 216 243 b
1 2 3 6 9 18 36 45 81 162 243 b
1 2 3 6 9 18 36 72 81 162 243 b
1 2 3 6 12 15 27 54 81 162 243 b
1 2 3 6 12 15 27 54 108 135 243 b
1 2 3 6 12 15 27 54 108 216 243 b
1 2 3 6 12 15 30 60 120 123 243 b
1 2 3 6 12 15 30 60 120 240 243 b
1 2 3 6 12 18 30 60 120 123 243 b
1 2 3 6 12 18 30 60 120 240 243 b
1 2 3 6 12 24 27 54 81 162 243 b
1 2 3 6 12 24 27 54 108 135 243 b
1 2 3 6 12 24 27 54 108 216 243 b
1 2 3 6 12 24 30 60 120 123 243 b
1 2 3 6 12 24 30 60 120 240 243 b
1 2 3 6 12 24 36 60 120 123 243 b
1 2 3 6 12 24 36 60 120 240 243 b
1 2 3 6 12 24 48 49 97 146 243 b
1 2 3 6 12 24 48 49 97 194 243 b
1 2 3 6 12 24 48 51 96 147 243 a
1 2 3 6 12 24 48 51 96 192 243 a
1 2 3 6 12 24 48 60 120 123 243 b
1 2 3 6 12 24 48 60 120 240 243 b
1 2 3 6 12 24 48 72 120 123 243 b
1 2 3 6 12 24 48 72 120 240 243 b
1 2 3 6 12 24 48 96 99 144 243 a
1 2 3 6 12 24 48 96 99 147 243 b
1 2 3 6 12 24 48 96 99 195 243 b
1 2 3 6 12 24 48 96 120 123 243 b
1 2 3 6 12 24 48 96 120 240 243 b
1 2 3 6 12 24 48 96 144 147 243 b
1 2 3 6 12 24 48 96 144 240 243 b
1 2 3 6 12 24 48 96 192 195 243 b
1 2 3 6 12 24 48 96 192 240 243 b
1 2 4 5 9 18 27 54 81 162 243 b
1 2 4 5 9 18 27 54 108 135 243 b
1 2 4 5 9 18 27 54 108 216 243 b
1 2 4 5 9 18 36 45 81 162 243 b
1 2 4 5 9 18 36 72 81 162 243 b
1 2 4 5 10 20 40 41 81 162 243 b
1 2 4 5 10 20 40 80 81 162 243 b
1 2 4 6 10 20 40 41 81 162 243 b
1 2 4 6 10 20 40 80 81 162 243 b
1 2 4 6 12 24 48 49 97 146 243 b
1 2 4 6 12 24 48 49 97 194 243 b
1 2 4 8 9 18 27 54 81 162 243 b
1 2 4 8 9 18 27 54 108 135 243 b
1 2 4 8 9 18 27 54 108 216 243 b
1 2 4 8 9 18 36 45 81 162 243 b
1 2 4 8 9 18 36 72 81 162 243 b
1 2 4 8 10 20 40 41 81 162 243 b
1 2 4 8 10 20 40 80 81 162 243 b
1 2 4 8 12 20 40 41 81 162 243 b
1 2 4 8 12 20 40 80 81 162 243 b
1 2 4 8 12 24 48 49 97 146 243 b
1 2 4 8 12 24 48 49 97 194 243 b
1 2 4 8 16 17 32 49 81 162 243 a
1 2 4 8 16 17 32 64 81 162 243 a
1 2 4 8 16 20 40 41 81 162 243 b
1 2 4 8 16 20 40 80 81 162 243 b
1 2 4 8 16 24 40 41 81 162 243 b
1 2 4 8 16 24 40 80 81 162 243 b
1 2 4 8 16 24 48 49 97 146 243 b
1 2 4 8 16 24 48 49 97 194 243 b
1 2 4 8 16 32 33 48 81 162 243 a
1 2 4 8 16 32 33 49 81 162 243 b
1 2 4 8 16 32 33 65 81 162 243 b
1 2 4 8 16 32 40 41 81 162 243 b
1 2 4 8 16 32 40 80 81 162 243 b
1 2 4 8 16 32 48 49 81 162 243 b
1 2 4 8 16 32 48 49 97 146 243 b
1 2 4 8 16 32 48 49 97 194 243 b
1 2 4 8 16 32 48 80 81 162 243 b
1 2 4 8 16 32 64 65 81 162 243 b
1 2 4 8 16 32 64 80 81 162 243 b
