1 2 3 5 8 16 32 37 69 138 276 b
1 2 3 5 8 16 32 64 69 138 276 b
1 2 3 5 10 13 23 46 69 138 276 b
1 2 3 5 10 13 23 46 92 138 276 b
1 2 3 5 10 13 23 46 92 184 276 b
1 2 3 5 10 20 23 46 69 138 276 b
1 2 3 5 10 20 23 46 92 138 276 b
1 2 3 5 10 20 23 46 92 184 276 b
1 2 3 6 9 15 30 39 69 138 276 b
1 2 3 6 9 15 30 60 69 138 276 b
1 2 3 6 12 15 27 42 69 138 276 b
1 2 3 6 12 15 27 54 69 138 276 b
1 2 3 6 12 18 30 60 78 138 276 b
1 2 3 6 12 18 30 60 120 138 276 b
1 2 3 6 12 24 30 54 84 138 276 b
1 2 3 6 12 24 30 54 108 138 276 b
1 2 3 6 12 24 36 60 120 156 276 b
1 2 3 6 12 24 36 60 120 240 276 b
1 2 3 6 12 24 48 60 108 168 276 b
1 2 3 6 12 24 48 60 108 216 276 b
1 2 4 5 8 16 32 37 69 138 276 a
1 2 4 5 8 16 32 64 69 138 276 a
1 2 4 5 9 14 23 46 69 138 276 b
1 2 4 5 9 14 23 46 92 138 276 b
1 2 4 5 9 14 23 46 92 184 276 b
1 2 4 5 9 18 23 46 69 138 276 b
1 2 4 5 9 18 23 46 92 138 276 b
1 2 4 5 9 18 23 46 92 184 276 b
1 2 4 6 10 16 32 64 74 138 276 b
1 2 4 6 10 16 32 64 128 138 276 b
1 2 4 6 10 20 26 46 92 138 276 b
1 2 4 6 10 20 26 46 92 184 276 b
1 2 4 6 10 20 40 46 92 138 276 b
1 2 4 6 10 20 40 46 92 184 276 b
1 2 4 6 12 18 30 60 78 138 276 b
1 2 4 6 12 18 30 60 120 138 276 b
1 2 4 6 12 24 30 54 84 138 276 b
1 2 4 6 12 24 30 54 108 138 276 b
1 2 4 6 12 24 36 60 120 156 276 b
1 2 4 6 12 24 36 60 120 240 276 b
1 2 4 6 12 24 48 60 108 168 276 b
1 2 4 6 12 24 48 60 108 216 276 b
1 2 4 8 9 17 26 43 69 138 276 b
1 2 4 8 9 17 26 52 69 138 276 b
1 2 4 8 9 17 34 35 69 138 276 b
1 2 4 8 9 17 34 68 69 138 276 b
1 2 4 8 9 17 34 68 70 138 276 b
1 2 4 8 9 17 34 68 136 138 276 b
1 2 4 8 9 17 34 68 136 140 276 b
1 2 4 8 9 17 34 68 136 272 276 b
1 2 4 8 10 16 32 64 74 138 276 a
1 2 4 8 10 16 32 64 128 138 276 a
1 2 4 8 10 18 28 46 92 138 276 b
1 2 4 8 10 18 28 46 92 184 276 b
1 2 4 8 10 18 36 46 92 138 276 b
1 2 4 8 10 18 36 46 92 184 276 b
1 2 4 8 12 20 32 64 128 148 276 b
1 2 4 8 12 20 32 64 128 256 276 b
1 2 4 8 12 20 40 52 92 184 276 b
1 2 4 8 12 20 40 80 92 184 276 b
1 2 4 8 12 24 36 60 120 156 276 b
1 2 4 8 12 24 36 60 120 240 276 b
1 2 4 8 12 24 48 60 108 168 276 b
1 2 4 8 12 24 48 60 108 216 276 b
1 2 4 8 16 17 34 35 69 138 276 b
1 2 4 8 16 17 34 68 69 138 276 b
1 2 4 8 16 17 34 68 70 138 276 b
1 2 4 8 16 17 34 68 136 138 276 b
1 2 4 8 16 17 34 68 136 140 276 b
1 2 4 8 16 17 34 68 136 272 276 b
1 2 4 8 16 18 34 35 69 138 276 b
1 2 4 8 16 18 34 52 86 138 276 b
1 2 4 8 16 18 34 52 104 138 276 b
1 2 4 8 16 18 34 68 69 138 276 b
1 2 4 8 16 18 34 68 70 138 276 b
1 2 4 8 16 18 34 68 136 138 276 b
1 2 4 8 16 18 34 68 136 140 276 b
1 2 4 8 16 18 34 68 136 272 276 b
1 2 4 8 16 20 32 64 128 148 276 a
1 2 4 8 16 20 32 64 128 256 276 a
1 2 4 8 16 20 36 56 92 184 276 b
1 2 4 8 16 20 36 72 92 184 276 b
1 2 4 8 16 32 33 36 69 138 276 a
1 2 4 8 16 32 33 37 69 138 276 b
1 2 4 8 16 32 33 65 69 138 276 b
1 2 4 8 16 32 33 65 73 138 276 b
1 2 4 8 16 32 33 65 130 138 276 b
1 2 4 8 16 32 33 65 130 146 276 b
1 2 4 8 16 32 33 65 130 260 276 b
1 2 4 8 16 32 34 35 69 138 276 b
1 2 4 8 16 32 34 68 69 138 276 b
1 2 4 8 16 32 34 68 70 138 276 b
1 2 4 8 16 32 34 68 136 138 276 b
1 2 4 8 16 32 34 68 136 140 276 b
1 2 4 8 16 32 34 68 136 272 276 b
1 2 4 8 16 32 36 37 69 138 276 b
1 2 4 8 16 32 36 68 69 138 276 b
1 2 4 8 16 32 36 68 70 138 276 b
1 2 4 8 16 32 36 68 104 172 276 b
1 2 4 8 16 32 36 68 104 208 276 b
1 2 4 8 16 32 36 68 136 138 276 b
1 2 4 8 16 32 36 68 136 140 276 b
1 2 4 8 16 32 36 68 136 272 276 b
1 2 4 8 16 32 64 65 69 138 276 b
1 2 4 8 16 32 64 65 73 138 276 b
1 2 4 8 16 32 64 65 130 138 276 b
1 2 4 8 16 32 64 65 130 146 276 b
1 2 4 8 16 32 64 65 130 260 276 b
1 2 4 8 16 32 64 66 72 138 276 a
1 2 4 8 16 32 64 66 74 138 276 b
1 2 4 8 16 32 64 66 130 138 276 b
1 2 4 8 16 32 64 66 130 146 276 b
1 2 4 8 16 32 64 66 130 260 276 b
1 2 4 8 16 32 64 68 69 138 276 b
1 2 4 8 16 32 64 68 70 138 276 b
1 2 4 8 16 32 64 68 136 138 276 b
1 2 4 8 16 32 64 68 136 140 276 b
1 2 4 8 16 32 64 68 136 272 276 b
1 2 4 8 16 32 64 72 74 138 276 b
1 2 4 8 16 32 64 72 136 138 276 b
1 2 4 8 16 32 64 72 136 140 276 b
1 2 4 8 16 32 64 72 136 272 276 b
1 2 4 8 16 32 64 128 130 138 276 b
1 2 4 8 16 32 64 128 130 146 276 b
1 2 4 8 16 32 64 128 130 260 276 b
1 2 4 8 16 32 64 128 132 144 276 a
1 2 4 8 16 32 64 128 132 148 276 b
1 2 4 8 16 32 64 128 132 260 276 b
1 2 4 8 16 32 64 128 136 138 276 b
1 2 4 8 16 32 64 128 136 140 276 b
1 2 4 8 16 32 64 128 136 272 276 b
1 2 4 8 16 32 64 128 144 148 276 b
1 2 4 8 16 32 64 128 144 272 276 b
1 2 4 8 16 32 64 128 256 260 276 b
1 2 4 8 16 32 64 128 256 272 276 b
