1 2 3 5 8 13 26 52 104 117 221 b
1 2 3 5 8 13 26 52 104 208 221 b
1 2 3 5 10 13 26 52 104 117 221 b
1 2 3 5 10 13 26 52 104 208 221 b
1 2 3 6 7 13 26 52 104 117 221 b
1 2 3 6 7 13 26 52 104 208 221 b
1 2 3 6 12 13 26 52 104 117 221 b
1 2 3 6 12 13 26 52 104 208 221 b
1 2 3 6 12 24 25 49 98 123 221 b
1 2 3 6 12 24 25 49 98 196 221 b
1 2 4 5 8 13 26 52 104 117 221 a
1 2 4 5 8 13 26 52 104 208 221 a
1 2 4 5 9 13 26 52 104 117 221 b
1 2 4 5 9 13 26 52 104 208 221 b
1 2 4 5 9 18 27 54 108 113 221 b
1 2 4 5 9 18 27 54 108 216 221 b
1 2 4 5 9 18 36 54 108 113 221 b
1 2 4 5 9 18 36 54 108 216 221 b
1 2 4 5 9 18 36 72 77 144 221 a
1 2 4 5 9 18 36 72 77 149 221 b
1 2 4 5 9 18 36 72 108 113 221 b
1 2 4 5 9 18 36 72 108 216 221 b
1 2 4 5 9 18 36 72 144 149 221 b
1 2 4 5 9 18 36 72 144 216 221 b
1 2 4 6 7 13 26 52 104 117 221 b
1 2 4 6 7 13 26 52 104 208 221 b
1 2 4 6 12 13 26 52 104 117 221 b
1 2 4 6 12 13 26 52 104 208 221 b
1 2 4 6 12 24 25 49 98 123 221 b
1 2 4 6 12 24 25 49 98 196 221 b
1 2 4 8 9 13 26 52 104 117 221 b
1 2 4 8 9 13 26 52 104 208 221 b
1 2 4 8 9 17 34 51 85 136 221 b
1 2 4 8 9 17 34 51 85 170 221 b
1 2 4 8 9 17 34 51 102 119 221 b
1 2 4 8 9 17 34 51 102 204 221 b
1 2 4 8 9 17 34 68 85 136 221 a
1 2 4 8 9 17 34 68 85 153 221 b
1 2 4 8 9 17 34 68 102 119 221 b
1 2 4 8 9 17 34 68 102 204 221 b
1 2 4 8 9 17 34 68 136 153 221 b
1 2 4 8 9 17 34 68 136 204 221 b
1 2 4 8 12 13 26 52 104 117 221 b
1 2 4 8 12 13 26 52 104 208 221 b
1 2 4 8 12 24 25 49 98 123 221 b
1 2 4 8 12 24 25 49 98 196 221 b
1 2 4 8 16 17 34 51 85 136 221 b
1 2 4 8 16 17 34 51 85 170 221 b
1 2 4 8 16 17 34 51 102 119 221 b
1 2 4 8 16 17 34 51 102 204 221 b
1 2 4 8 16 17 34 68 85 136 221 a
1 2 4 8 16 17 34 68 85 153 221 b
1 2 4 8 16 17 34 68 102 119 221 b
1 2 4 8 16 17 34 68 102 204 221 b
1 2 4 8 16 17 34 68 136 153 221 b
1 2 4 8 16 17 34 68 136 204 221 b
1 2 4 8 16 24 25 49 98 123 221 b
1 2 4 8 16 24 25 49 98 196 221 b
