1 2 3 6 9 18 36 72 144 147 291 b
1 2 3 6 9 18 36 72 144 288 291 b
1 2 3 6 12 18 36 72 144 147 291 b
1 2 3 6 12 18 36 72 144 288 291 b
1 2 3 6 12 24 36 72 144 147 291 b
1 2 3 6 12 24 36 72 144 288 291 b
1 2 3 6 12 24 48 49 97 194 291 b
1 2 3 6 12 24 48 72 144 147 291 b
1 2 3 6 12 24 48 72 144 288 291 b
1 2 3 6 12 24 48 96 97 194 291 b
1 2 3 6 12 24 48 96 99 192 291 a
1 2 3 6 12 24 48 96 99 195 291 b
1 2 3 6 12 24 48 96 144 147 291 b
1 2 3 6 12 24 48 96 144 288 291 b
1 2 3 6 12 24 48 96 192 195 291 b
1 2 3 6 12 24 48 96 192 288 291 b
1 2 4 6 12 24 48 49 97 194 291 b
1 2 4 6 12 24 48 96 97 194 291 b
1 2 4 8 12 24 48 49 97 194 291 b
1 2 4 8 12 24 48 96 97 194 291 b
1 2 4 8 16 24 48 49 97 194 291 b
1 2 4 8 16 24 48 96 97 194 291 b
1 2 4 8 16 32 33 64 97 194 291 a
1 2 4 8 16 32 33 65 97 194 291 b
1 2 4 8 16 32 48 49 97 194 291 b
1 2 4 8 16 32 48 96 97 194 291 b
1 2 4 8 16 32 64 65 97 194 291 b
1 2 4 8 16 32 64 96 97 194 291 b
