1 2 3 4 7 14 28 56 112 224 b
1 2 3 5 7 14 28 56 112 224 b
1 2 3 6 7 14 28 56 112 224 b
1 2 3 6 8 14 28 56 112 224 b
1 2 3 6 12 14 28 56 112 224 b
1 2 4 5 7 14 28 56 112 224 b
1 2 4 5 9 14 28 56 112 224 b
1 2 4 5 10 14 28 56 112 224 b
1 2 4 6 7 14 28 56 112 224 b
1 2 4 6 8 14 28 56 112 224 b
1 2 4 6 10 14 28 56 112 224 b
1 2 4 6 12 14 28 56 112 224 b
1 2 4 6 12 16 28 56 112 224 b
1 2 4 6 12 24 28 56 112 224 b
1 2 4 8 10 14 28 56 112 224 b
1 2 4 8 10 18 28 56 112 224 b
1 2 4 8 10 20 28 56 112 224 b
1 2 4 8 12 14 28 56 112 224 b
1 2 4 8 12 16 28 56 112 224 b
1 2 4 8 12 20 28 56 112 224 b
1 2 4 8 12 24 28 56 112 224 b
1 2 4 8 12 24 32 56 112 224 b
1 2 4 8 12 24 48 56 112 224 b
1 2 4 8 16 20 28 56 112 224 b
1 2 4 8 16 20 36 56 112 224 b
1 2 4 8 16 20 40 56 112 224 b
1 2 4 8 16 24 28 56 112 224 b
1 2 4 8 16 24 32 56 112 224 b
1 2 4 8 16 24 40 56 112 224 b
1 2 4 8 16 24 48 56 112 224 b
1 2 4 8 16 24 48 64 112 224 b
1 2 4 8 16 24 48 96 112 224 b
1 2 4 8 16 32 40 56 112 224 b
1 2 4 8 16 32 40 72 112 224 b
1 2 4 8 16 32 40 80 112 224 b
1 2 4 8 16 32 48 56 112 224 b
1 2 4 8 16 32 48 64 112 224 b
1 2 4 8 16 32 48 80 112 224 b
1 2 4 8 16 32 48 96 112 224 b
1 2 4 8 16 32 48 96 128 224 b
1 2 4 8 16 32 48 96 192 224 b
1 2 4 8 16 32 64 80 112 224 b
1 2 4 8 16 32 64 80 144 224 b
1 2 4 8 16 32 64 80 160 224 b
1 2 4 8 16 32 64 96 112 224 b
1 2 4 8 16 32 64 96 128 224 b
1 2 4 8 16 32 64 96 160 224 b
1 2 4 8 16 32 64 96 192 224 b
1 2 4 8 16 32 64 128 160 224 b
1 2 4 8 16 32 64 128 192 224 b
