1 2 3 4 7 11 22 33 66 132 139 271 b
1 2 3 4 7 11 22 33 66 132 264 271 b
1 2 3 4 7 11 22 44 66 132 139 271 b
1 2 3 4 7 11 22 44 66 132 264 271 b
1 2 3 4 7 11 22 44 88 95 176 271 a
1 2 3 4 7 11 22 44 88 95 183 271 b
1 2 3 4 7 11 22 44 88 132 139 271 b
1 2 3 4 7 11 22 44 88 132 264 271 b
1 2 3 4 7 11 22 44 88 176 183 271 b
1 2 3 4 7 11 22 44 88 176 264 271 b
1 2 3 4 8 16 32 35 67 102 169 271 b
1 2 3 4 8 16 32 35 67 102 204 271 b
1 2 3 4 8 16 32 35 67 134 137 271 b
1 2 3 4 8 16 32 35 67 134 268 271 b
1 2 3 4 8 16 32 64 67 134 137 271 b
1 2 3 4 8 16 32 64 67 134 268 271 b
1 2 3 5 7 14 19 33 66 132 139 271 b
1 2 3 5 7 14 19 33 66 132 264 271 b
1 2 3 5 7 14 28 33 66 132 139 271 b
1 2 3 5 7 14 28 33 66 132 264 271 b
1 2 3 5 8 16 32 35 67 102 169 271 b
1 2 3 5 8 16 32 35 67 102 204 271 b
1 2 3 5 8 16 32 35 67 134 137 271 b
1 2 3 5 8 16 32 35 67 134 268 271 b
1 2 3 5 8 16 32 37 69 101 170 271 b
1 2 3 5 8 16 32 37 69 101 202 271 b
1 2 3 5 8 16 32 64 67 134 137 271 b
1 2 3 5 8 16 32 64 67 134 268 271 b
1 2 3 5 8 16 32 64 69 101 170 271 b
1 2 3 5 8 16 32 64 69 101 202 271 b
1 2 3 5 8 16 32 64 69 133 138 271 b
1 2 3 5 8 16 32 64 69 133 202 271 b
1 2 3 5 8 16 32 64 69 133 266 271 b
1 2 3 5 8 16 32 64 69 138 202 271 b
1 2 3 5 8 16 32 64 69 138 207 271 b
1 2 3 5 8 16 32 64 128 133 138 271 b
1 2 3 5 8 16 32 64 128 133 266 271 b
1 2 3 5 10 15 16 32 64 128 143 271 b
1 2 3 5 10 15 16 32 64 128 256 271 b
1 2 3 5 10 15 17 32 64 128 143 271 b
1 2 3 5 10 15 17 32 64 128 256 271 b
1 2 3 5 10 15 30 31 60 120 151 271 a
1 2 3 5 10 15 30 31 60 120 240 271 a
1 2 3 5 10 15 30 32 64 128 143 271 b
1 2 3 5 10 15 30 32 64 128 256 271 b
1 2 3 5 10 15 30 45 90 91 180 271 a
1 2 3 5 10 15 30 45 90 91 181 271 b
1 2 3 5 10 15 30 45 90 135 136 271 b
1 2 3 5 10 15 30 45 90 135 270 271 b
1 2 3 5 10 15 30 45 90 180 181 271 b
1 2 3 5 10 15 30 45 90 180 270 271 b
1 2 3 5 10 15 30 60 75 135 136 271 b
1 2 3 5 10 15 30 60 75 135 270 271 b
1 2 3 5 10 15 30 60 90 91 180 271 a
1 2 3 5 10 15 30 60 90 91 181 271 b
1 2 3 5 10 15 30 60 90 180 181 271 b
1 2 3 5 10 15 30 60 90 180 270 271 b
1 2 3 5 10 15 30 60 120 121 150 271 a
1 2 3 5 10 15 30 60 120 121 151 271 b
1 2 3 5 10 15 30 60 120 121 241 271 b
1 2 3 5 10 15 30 60 120 135 136 271 b
1 2 3 5 10 15 30 60 120 135 270 271 b
1 2 3 5 10 15 30 60 120 150 151 271 b
1 2 3 5 10 15 30 60 120 150 270 271 b
1 2 3 5 10 15 30 60 120 240 241 271 b
1 2 3 5 10 15 30 60 120 240 270 271 b
1 2 3 5 10 20 25 45 90 91 180 271 a
1 2 3 5 10 20 25 45 90 91 181 271 b
1 2 3 5 10 20 25 45 90 135 136 271 b
1 2 3 5 10 20 25 45 90 135 270 271 b
1 2 3 5 10 20 25 45 90 180 181 271 b
1 2 3 5 10 20 25 45 90 180 270 271 b
1 2 3 5 10 20 30 31 60 120 151 271 a
1 2 3 5 10 20 30 31 60 120 240 271 a
1 2 3 5 10 20 30 60 90 91 180 271 a
1 2 3 5 10 20 30 60 90 91 181 271 b
1 2 3 5 10 20 30 60 90 180 181 271 b
1 2 3 5 10 20 30 60 90 180 270 271 b
1 2 3 5 10 20 30 60 120 121 150 271 a
1 2 3 5 10 20 30 60 120 121 151 271 b
1 2 3 5 10 20 30 60 120 121 241 271 b
1 2 3 5 10 20 30 60 120 150 151 271 b
1 2 3 5 10 20 30 60 120 150 270 271 b
1 2 3 5 10 20 30 60 120 240 241 271 b
1 2 3 5 10 20 30 60 120 240 270 271 b
1 2 3 5 10 20 40 45 90 91 180 271 a
1 2 3 5 10 20 40 45 90 91 181 271 b
1 2 3 5 10 20 40 45 90 135 136 271 b
1 2 3 5 10 20 40 45 90 135 270 271 b
1 2 3 5 10 20 40 45 90 180 181 271 b
1 2 3 5 10 20 40 45 90 180 270 271 b
1 2 3 5 10 20 40 50 90 91 180 271 a
1 2 3 5 10 20 40 50 90 91 181 271 b
1 2 3 5 10 20 40 50 90 180 181 271 b
1 2 3 5 10 20 40 50 90 180 270 271 b
1 2 3 5 10 20 40 80 90 91 180 271 a
1 2 3 5 10 20 40 80 90 91 181 271 b
1 2 3 5 10 20 40 80 90 180 181 271 b
1 2 3 5 10 20 40 80 90 180 270 271 b
1 2 3 6 7 13 20 33 66 132 139 271 b
1 2 3 6 7 13 20 33 66 132 264 271 b
1 2 3 6 7 13 26 33 66 132 139 271 b
1 2 3 6 7 13 26 33 66 132 264 271 b
1 2 3 6 8 16 32 35 67 102 169 271 b
1 2 3 6 8 16 32 35 67 102 204 271 b
1 2 3 6 8 16 32 35 67 134 137 271 b
1 2 3 6 8 16 32 35 67 134 268 271 b
1 2 3 6 8 16 32 64 67 134 137 271 b
1 2 3 6 8 16 32 64 67 134 268 271 b
1 2 3 6 8 16 32 64 70 134 137 271 b
1 2 3 6 8 16 32 64 70 134 268 271 b
1 2 3 6 8 16 32 64 128 134 137 271 b
1 2 3 6 8 16 32 64 128 134 268 271 b
1 2 3 6 9 15 16 32 64 128 143 271 b
1 2 3 6 9 15 16 32 64 128 256 271 b
1 2 3 6 9 15 17 32 64 128 143 271 b
1 2 3 6 9 15 17 32 64 128 256 271 b
1 2 3 6 9 15 30 31 60 120 151 271 a
1 2 3 6 9 15 30 31 60 120 240 271 a
1 2 3 6 9 15 30 32 64 128 143 271 b
1 2 3 6 9 15 30 32 64 128 256 271 b
1 2 3 6 9 15 30 45 90 91 180 271 a
1 2 3 6 9 15 30 45 90 91 181 271 b
1 2 3 6 9 15 30 45 90 135 136 271 b
1 2 3 6 9 15 30 45 90 135 270 271 b
1 2 3 6 9 15 30 45 90 180 181 271 b
1 2 3 6 9 15 30 45 90 180 270 271 b
1 2 3 6 9 15 30 60 75 135 136 271 b
1 2 3 6 9 15 30 60 75 135 270 271 b
1 2 3 6 9 15 30 60 90 91 180 271 a
1 2 3 6 9 15 30 60 90 91 181 271 b
1 2 3 6 9 15 30 60 90 180 181 271 b
1 2 3 6 9 15 30 60 90 180 270 271 b
1 2 3 6 9 15 30 60 120 121 150 271 a
1 2 3 6 9 15 30 60 120 121 151 271 b
1 2 3 6 9 15 30 60 120 121 241 271 b
1 2 3 6 9 15 30 60 120 135 136 271 b
1 2 3 6 9 15 30 60 120 135 270 271 b
1 2 3 6 9 15 30 60 120 150 151 271 b
1 2 3 6 9 15 30 60 120 150 270 271 b
1 2 3 6 9 15 30 60 120 240 241 271 b
1 2 3 6 9 15 30 60 120 240 270 271 b
1 2 3 6 9 18 27 45 90 91 180 271 a
1 2 3 6 9 18 27 45 90 91 181 271 b
1 2 3 6 9 18 27 45 90 135 136 271 b
1 2 3 6 9 18 27 45 90 135 270 271 b
1 2 3 6 9 18 27 45 90 180 181 271 b
1 2 3 6 9 18 27 45 90 180 270 271 b
1 2 3 6 9 18 27 54 55 108 163 271 a
1 2 3 6 9 18 27 54 55 108 216 271 a
1 2 3 6 9 18 27 54 81 135 136 271 b
1 2 3 6 9 18 27 54 81 135 270 271 b
1 2 3 6 9 18 27 54 108 109 162 271 a
1 2 3 6 9 18 27 54 108 109 163 271 b
1 2 3 6 9 18 27 54 108 109 217 271 b
1 2 3 6 9 18 27 54 108 135 136 271 b
1 2 3 6 9 18 27 54 108 135 270 271 b
1 2 3 6 9 18 27 54 108 162 163 271 b
1 2 3 6 9 18 27 54 108 162 270 271 b
1 2 3 6 9 18 27 54 108 216 217 271 b
1 2 3 6 9 18 27 54 108 216 270 271 b
1 2 3 6 9 18 36 45 90 91 180 271 a
1 2 3 6 9 18 36 45 90 91 181 271 b
1 2 3 6 9 18 36 45 90 135 136 271 b
1 2 3 6 9 18 36 45 90 135 270 271 b
1 2 3 6 9 18 36 45 90 180 181 271 b
1 2 3 6 9 18 36 45 90 180 270 271 b
1 2 3 6 9 18 36 54 55 108 163 271 a
1 2 3 6 9 18 36 54 55 108 216 271 a
1 2 3 6 9 18 36 54 90 91 180 271 a
1 2 3 6 9 18 36 54 90 91 181 271 b
1 2 3 6 9 18 36 54 90 180 181 271 b
1 2 3 6 9 18 36 54 90 180 270 271 b
1 2 3 6 9 18 36 54 108 109 162 271 a
1 2 3 6 9 18 36 54 108 109 163 271 b
1 2 3 6 9 18 36 54 108 109 217 271 b
1 2 3 6 9 18 36 54 108 162 163 271 b
1 2 3 6 9 18 36 54 108 162 270 271 b
1 2 3 6 9 18 36 54 108 216 217 271 b
1 2 3 6 9 18 36 54 108 216 270 271 b
1 2 3 6 9 18 36 72 90 91 180 271 a
1 2 3 6 9 18 36 72 90 91 181 271 b
1 2 3 6 9 18 36 72 90 180 181 271 b
1 2 3 6 9 18 36 72 90 180 270 271 b
1 2 3 6 12 15 16 32 64 128 143 271 b
1 2 3 6 12 15 16 32 64 128 256 271 b
1 2 3 6 12 15 17 32 64 128 143 271 b
1 2 3 6 12 15 17 32 64 128 256 271 b
1 2 3 6 12 15 27 54 55 108 163 271 a
1 2 3 6 12 15 27 54 55 108 216 271 a
1 2 3 6 12 15 27 54 81 135 136 271 b
1 2 3 6 12 15 27 54 81 135 270 271 b
1 2 3 6 12 15 27 54 108 109 162 271 a
1 2 3 6 12 15 27 54 108 109 163 271 b
1 2 3 6 12 15 27 54 108 109 217 271 b
1 2 3 6 12 15 27 54 108 135 136 271 b
1 2 3 6 12 15 27 54 108 135 270 271 b
1 2 3 6 12 15 27 54 108 162 163 271 b
1 2 3 6 12 15 27 54 108 162 270 271 b
1 2 3 6 12 15 27 54 108 216 217 271 b
1 2 3 6 12 15 27 54 108 216 270 271 b
1 2 3 6 12 15 30 31 60 120 151 271 a
1 2 3 6 12 15 30 31 60 120 240 271 a
1 2 3 6 12 15 30 32 64 128 143 271 b
1 2 3 6 12 15 30 32 64 128 256 271 b
1 2 3 6 12 15 30 45 90 91 180 271 a
1 2 3 6 12 15 30 45 90 91 181 271 b
1 2 3 6 12 15 30 45 90 135 136 271 b
1 2 3 6 12 15 30 45 90 135 270 271 b
1 2 3 6 12 15 30 45 90 180 181 271 b
1 2 3 6 12 15 30 45 90 180 270 271 b
1 2 3 6 12 15 30 60 75 135 136 271 b
1 2 3 6 12 15 30 60 75 135 270 271 b
1 2 3 6 12 15 30 60 90 91 180 271 a
1 2 3 6 12 15 30 60 90 91 181 271 b
1 2 3 6 12 15 30 60 90 180 181 271 b
1 2 3 6 12 15 30 60 90 180 270 271 b
1 2 3 6 12 15 30 60 120 121 150 271 a
1 2 3 6 12 15 30 60 120 121 151 271 b
1 2 3 6 12 15 30 60 120 121 241 271 b
1 2 3 6 12 15 30 60 120 135 136 271 b
1 2 3 6 12 15 30 60 120 135 270 271 b
1 2 3 6 12 15 30 60 120 150 151 271 b
1 2 3 6 12 15 30 60 120 150 270 271 b
1 2 3 6 12 15 30 60 120 240 241 271 b
1 2 3 6 12 15 30 60 120 240 270 271 b
1 2 3 6 12 18 30 31 60 120 151 271 a
1 2 3 6 12 18 30 31 60 120 240 271 a
1 2 3 6 12 18 30 60 90 91 180 271 a
1 2 3 6 12 18 30 60 90 91 181 271 b
1 2 3 6 12 18 30 60 90 180 181 271 b
1 2 3 6 12 18 30 60 90 180 270 271 b
1 2 3 6 12 18 30 60 120 121 150 271 a
1 2 3 6 12 18 30 60 120 121 151 271 b
1 2 3 6 12 18 30 60 120 121 241 271 b
1 2 3 6 12 18 30 60 120 150 151 271 b
1 2 3 6 12 18 30 60 120 150 270 271 b
1 2 3 6 12 18 30 60 120 240 241 271 b
1 2 3 6 12 18 30 60 120 240 270 271 b
1 2 3 6 12 18 36 54 55 108 163 271 a
1 2 3 6 12 18 36 54 55 108 216 271 a
1 2 3 6 12 18 36 54 90 91 180 271 a
1 2 3 6 12 18 36 54 90 91 181 271 b
1 2 3 6 12 18 36 54 90 180 181 271 b
1 2 3 6 12 18 36 54 90 180 270 271 b
1 2 3 6 12 18 36 54 108 109 162 271 a
1 2 3 6 12 18 36 54 108 109 163 271 b
1 2 3 6 12 18 36 54 108 109 217 271 b
1 2 3 6 12 18 36 54 108 162 163 271 b
1 2 3 6 12 18 36 54 108 162 270 271 b
1 2 3 6 12 18 36 54 108 216 217 271 b
1 2 3 6 12 18 36 54 108 216 270 271 b
1 2 3 6 12 18 36 72 90 91 180 271 a
1 2 3 6 12 18 36 72 90 91 181 271 b
1 2 3 6 12 18 36 72 90 180 181 271 b
1 2 3 6 12 18 36 72 90 180 270 271 b
1 2 3 6 12 24 25 49 74 123 148 271 b
1 2 3 6 12 24 25 49 74 123 197 271 b
1 2 3 6 12 24 25 49 74 123 246 271 b
1 2 3 6 12 24 25 49 74 148 197 271 b
1 2 3 6 12 24 25 49 74 148 222 271 b
1 2 3 6 12 24 25 49 98 123 148 271 b
1 2 3 6 12 24 25 49 98 123 246 271 b
1 2 3 6 12 24 27 54 55 108 163 271 a
1 2 3 6 12 24 27 54 55 108 216 271 a
1 2 3 6 12 24 27 54 81 135 136 271 b
1 2 3 6 12 24 27 54 81 135 270 271 b
1 2 3 6 12 24 27 54 108 109 162 271 a
1 2 3 6 12 24 27 54 108 109 163 271 b
1 2 3 6 12 24 27 54 108 109 217 271 b
1 2 3 6 12 24 27 54 108 135 136 271 b
1 2 3 6 12 24 27 54 108 135 270 271 b
1 2 3 6 12 24 27 54 108 162 163 271 b
1 2 3 6 12 24 27 54 108 162 270 271 b
1 2 3 6 12 24 27 54 108 216 217 271 b
1 2 3 6 12 24 27 54 108 216 270 271 b
1 2 3 6 12 24 30 31 60 120 151 271 a
1 2 3 6 12 24 30 31 60 120 240 271 a
1 2 3 6 12 24 30 54 55 108 163 271 a
1 2 3 6 12 24 30 54 55 108 216 271 a
1 2 3 6 12 24 30 54 108 109 162 271 a
1 2 3 6 12 24 30 54 108 109 163 271 b
1 2 3 6 12 24 30 54 108 109 217 271 b
1 2 3 6 12 24 30 54 108 162 163 271 b
1 2 3 6 12 24 30 54 108 162 270 271 b
1 2 3 6 12 24 30 54 108 216 217 271 b
1 2 3 6 12 24 30 54 108 216 270 271 b
1 2 3 6 12 24 30 60 90 91 180 271 a
1 2 3 6 12 24 30 60 90 91 181 271 b
1 2 3 6 12 24 30 60 90 180 181 271 b
1 2 3 6 12 24 30 60 90 180 270 271 b
1 2 3 6 12 24 30 60 120 121 150 271 a
1 2 3 6 12 24 30 60 120 121 151 271 b
1 2 3 6 12 24 30 60 120 121 241 271 b
1 2 3 6 12 24 30 60 120 150 151 271 b
1 2 3 6 12 24 30 60 120 150 270 271 b
1 2 3 6 12 24 30 60 120 240 241 271 b
1 2 3 6 12 24 30 60 120 240 270 271 b
1 2 3 6 12 24 48 54 55 108 163 271 a
1 2 3 6 12 24 48 54 55 108 216 271 a
1 2 3 6 12 24 48 54 108 109 162 271 a
1 2 3 6 12 24 48 54 108 109 163 271 b
1 2 3 6 12 24 48 54 108 109 217 271 b
1 2 3 6 12 24 48 54 108 162 163 271 b
1 2 3 6 12 24 48 54 108 162 270 271 b
1 2 3 6 12 24 48 54 108 216 217 271 b
1 2 3 6 12 24 48 54 108 216 270 271 b
1 2 4 5 7 11 22 33 66 132 139 271 b
1 2 4 5 7 11 22 33 66 132 264 271 b
1 2 4 5 7 11 22 44 66 132 139 271 b
1 2 4 5 7 11 22 44 66 132 264 271 b
1 2 4 5 7 11 22 44 88 95 176 271 a
1 2 4 5 7 11 22 44 88 95 183 271 b
1 2 4 5 7 11 22 44 88 132 139 271 b
1 2 4 5 7 11 22 44 88 132 264 271 b
1 2 4 5 7 11 22 44 88 176 183 271 b
1 2 4 5 7 11 22 44 88 176 264 271 b
1 2 4 5 7 14 19 33 66 132 139 271 b
1 2 4 5 7 14 19 33 66 132 264 271 b
1 2 4 5 7 14 28 33 66 132 139 271 b
1 2 4 5 7 14 28 33 66 132 264 271 b
1 2 4 5 8 16 32 37 69 101 170 271 a
1 2 4 5 8 16 32 37 69 101 202 271 a
1 2 4 5 8 16 32 64 69 101 170 271 a
1 2 4 5 8 16 32 64 69 101 202 271 a
1 2 4 5 8 16 32 64 69 133 138 271 a
1 2 4 5 8 16 32 64 69 133 202 271 a
1 2 4 5 8 16 32 64 69 133 266 271 a
1 2 4 5 8 16 32 64 69 138 202 271 a
1 2 4 5 8 16 32 64 69 138 207 271 a
1 2 4 5 8 16 32 64 128 133 138 271 a
1 2 4 5 8 16 32 64 128 133 266 271 a
1 2 4 5 9 18 27 45 90 91 180 271 a
1 2 4 5 9 18 27 45 90 91 181 271 b
1 2 4 5 9 18 27 45 90 135 136 271 b
1 2 4 5 9 18 27 45 90 135 270 271 b
1 2 4 5 9 18 27 45 90 180 181 271 b
1 2 4 5 9 18 27 45 90 180 270 271 b
1 2 4 5 9 18 27 54 55 108 163 271 a
1 2 4 5 9 18 27 54 55 108 216 271 a
1 2 4 5 9 18 27 54 81 135 136 271 b
1 2 4 5 9 18 27 54 81 135 270 271 b
1 2 4 5 9 18 27 54 108 109 162 271 a
1 2 4 5 9 18 27 54 108 109 163 271 b
1 2 4 5 9 18 27 54 108 109 217 271 b
1 2 4 5 9 18 27 54 108 135 136 271 b
1 2 4 5 9 18 27 54 108 135 270 271 b
1 2 4 5 9 18 27 54 108 162 163 271 b
1 2 4 5 9 18 27 54 108 162 270 271 b
1 2 4 5 9 18 27 54 108 216 217 271 b
1 2 4 5 9 18 27 54 108 216 270 271 b
1 2 4 5 9 18 36 45 90 91 180 271 a
1 2 4 5 9 18 36 45 90 91 181 271 b
1 2 4 5 9 18 36 45 90 135 136 271 b
1 2 4 5 9 18 36 45 90 135 270 271 b
1 2 4 5 9 18 36 45 90 180 181 271 b
1 2 4 5 9 18 36 45 90 180 270 271 b
1 2 4 5 9 18 36 54 55 108 163 271 a
1 2 4 5 9 18 36 54 55 108 216 271 a
1 2 4 5 9 18 36 54 90 91 180 271 a
1 2 4 5 9 18 36 54 90 91 181 271 b
1 2 4 5 9 18 36 54 90 180 181 271 b
1 2 4 5 9 18 36 54 90 180 270 271 b
1 2 4 5 9 18 36 54 108 109 162 271 a
1 2 4 5 9 18 36 54 108 109 163 271 b
1 2 4 5 9 18 36 54 108 109 217 271 b
1 2 4 5 9 18 36 54 108 162 163 271 b
1 2 4 5 9 18 36 54 108 162 270 271 b
1 2 4 5 9 18 36 54 108 216 217 271 b
1 2 4 5 9 18 36 54 108 216 270 271 b
1 2 4 5 9 18 36 72 90 91 180 271 a
1 2 4 5 9 18 36 72 90 91 181 271 b
1 2 4 5 9 18 36 72 90 180 181 271 b
1 2 4 5 9 18 36 72 90 180 270 271 b
1 2 4 5 10 15 16 32 64 128 143 271 b
1 2 4 5 10 15 16 32 64 128 256 271 b
1 2 4 5 10 15 17 32 64 128 143 271 b
1 2 4 5 10 15 17 32 64 128 256 271 b
1 2 4 5 10 15 30 31 60 120 151 271 a
1 2 4 5 10 15 30 31 60 120 240 271 a
1 2 4 5 10 15 30 32 64 128 143 271 b
1 2 4 5 10 15 30 32 64 128 256 271 b
1 2 4 5 10 15 30 34 64 128 143 271 b
1 2 4 5 10 15 30 34 64 128 256 271 b
1 2 4 5 10 15 30 45 90 91 180 271 a
1 2 4 5 10 15 30 45 90 91 181 271 b
1 2 4 5 10 15 30 45 90 135 136 271 b
1 2 4 5 10 15 30 45 90 135 270 271 b
1 2 4 5 10 15 30 45 90 180 181 271 b
1 2 4 5 10 15 30 45 90 180 270 271 b
1 2 4 5 10 15 30 60 64 128 143 271 b
1 2 4 5 10 15 30 60 64 128 256 271 b
1 2 4 5 10 15 30 60 75 135 136 271 b
1 2 4 5 10 15 30 60 75 135 270 271 b
1 2 4 5 10 15 30 60 90 91 180 271 a
1 2 4 5 10 15 30 60 90 91 181 271 b
1 2 4 5 10 15 30 60 90 180 181 271 b
1 2 4 5 10 15 30 60 90 180 270 271 b
1 2 4 5 10 15 30 60 120 121 150 271 a
1 2 4 5 10 15 30 60 120 121 151 271 b
1 2 4 5 10 15 30 60 120 121 241 271 b
1 2 4 5 10 15 30 60 120 135 136 271 b
1 2 4 5 10 15 30 60 120 135 270 271 b
1 2 4 5 10 15 30 60 120 150 151 271 b
1 2 4 5 10 15 30 60 120 150 270 271 b
1 2 4 5 10 15 30 60 120 240 241 271 b
1 2 4 5 10 15 30 60 120 240 270 271 b
1 2 4 5 10 20 25 45 90 91 180 271 a
1 2 4 5 10 20 25 45 90 91 181 271 b
1 2 4 5 10 20 25 45 90 135 136 271 b
1 2 4 5 10 20 25 45 90 135 270 271 b
1 2 4 5 10 20 25 45 90 180 181 271 b
1 2 4 5 10 20 25 45 90 180 270 271 b
1 2 4 5 10 20 30 31 60 120 151 271 a
1 2 4 5 10 20 30 31 60 120 240 271 a
1 2 4 5 10 20 30 60 90 91 180 271 a
1 2 4 5 10 20 30 60 90 91 181 271 b
1 2 4 5 10 20 30 60 90 180 181 271 b
1 2 4 5 10 20 30 60 90 180 270 271 b
1 2 4 5 10 20 30 60 120 121 150 271 a
1 2 4 5 10 20 30 60 120 121 151 271 b
1 2 4 5 10 20 30 60 120 121 241 271 b
1 2 4 5 10 20 30 60 120 150 151 271 b
1 2 4 5 10 20 30 60 120 150 270 271 b
1 2 4 5 10 20 30 60 120 240 241 271 b
1 2 4 5 10 20 30 60 120 240 270 271 b
1 2 4 5 10 20 40 45 90 91 180 271 a
1 2 4 5 10 20 40 45 90 91 181 271 b
1 2 4 5 10 20 40 45 90 135 136 271 b
1 2 4 5 10 20 40 45 90 135 270 271 b
1 2 4 5 10 20 40 45 90 180 181 271 b
1 2 4 5 10 20 40 45 90 180 270 271 b
1 2 4 5 10 20 40 50 90 91 180 271 a
1 2 4 5 10 20 40 50 90 91 181 271 b
1 2 4 5 10 20 40 50 90 180 181 271 b
1 2 4 5 10 20 40 50 90 180 270 271 b
1 2 4 5 10 20 40 80 90 91 180 271 a
1 2 4 5 10 20 40 80 90 91 181 271 b
1 2 4 5 10 20 40 80 90 180 181 271 b
1 2 4 5 10 20 40 80 90 180 270 271 b
1 2 4 6 7 11 22 33 66 132 139 271 b
1 2 4 6 7 11 22 33 66 132 264 271 b
1 2 4 6 7 11 22 44 66 132 139 271 b
1 2 4 6 7 11 22 44 66 132 264 271 b
1 2 4 6 7 11 22 44 88 95 176 271 a
1 2 4 6 7 11 22 44 88 95 183 271 b
1 2 4 6 7 11 22 44 88 132 139 271 b
1 2 4 6 7 11 22 44 88 132 264 271 b
1 2 4 6 7 11 22 44 88 176 183 271 b
1 2 4 6 7 11 22 44 88 176 264 271 b
1 2 4 6 7 13 20 33 66 132 139 271 b
1 2 4 6 7 13 20 33 66 132 264 271 b
1 2 4 6 7 13 26 33 66 132 139 271 b
1 2 4 6 7 13 26 33 66 132 264 271 b
1 2 4 6 10 20 30 31 60 120 151 271 a
1 2 4 6 10 20 30 31 60 120 240 271 a
1 2 4 6 10 20 30 60 90 91 180 271 a
1 2 4 6 10 20 30 60 90 91 181 271 b
1 2 4 6 10 20 30 60 90 180 181 271 b
1 2 4 6 10 20 30 60 90 180 270 271 b
1 2 4 6 10 20 30 60 120 121 150 271 a
1 2 4 6 10 20 30 60 120 121 151 271 b
1 2 4 6 10 20 30 60 120 121 241 271 b
1 2 4 6 10 20 30 60 120 150 151 271 b
1 2 4 6 10 20 30 60 120 150 270 271 b
1 2 4 6 10 20 30 60 120 240 241 271 b
1 2 4 6 10 20 30 60 120 240 270 271 b
1 2 4 6 10 20 40 50 90 91 180 271 a
1 2 4 6 10 20 40 50 90 91 181 271 b
1 2 4 6 10 20 40 50 90 180 181 271 b
1 2 4 6 10 20 40 50 90 180 270 271 b
1 2 4 6 10 20 40 80 90 91 180 271 a
1 2 4 6 10 20 40 80 90 91 181 271 b
1 2 4 6 10 20 40 80 90 180 181 271 b
1 2 4 6 10 20 40 80 90 180 270 271 b
1 2 4 6 12 18 30 31 60 120 151 271 a
1 2 4 6 12 18 30 31 60 120 240 271 a
1 2 4 6 12 18 30 60 90 91 180 271 a
1 2 4 6 12 18 30 60 90 91 181 271 b
1 2 4 6 12 18 30 60 90 180 181 271 b
1 2 4 6 12 18 30 60 90 180 270 271 b
1 2 4 6 12 18 30 60 120 121 150 271 a
1 2 4 6 12 18 30 60 120 121 151 271 b
1 2 4 6 12 18 30 60 120 121 241 271 b
1 2 4 6 12 18 30 60 120 150 151 271 b
1 2 4 6 12 18 30 60 120 150 270 271 b
1 2 4 6 12 18 30 60 120 240 241 271 b
1 2 4 6 12 18 30 60 120 240 270 271 b
1 2 4 6 12 18 36 54 55 108 163 271 a
1 2 4 6 12 18 36 54 55 108 216 271 a
1 2 4 6 12 18 36 54 90 91 180 271 a
1 2 4 6 12 18 36 54 90 91 181 271 b
1 2 4 6 12 18 36 54 90 180 181 271 b
1 2 4 6 12 18 36 54 90 180 270 271 b
1 2 4 6 12 18 36 54 108 109 162 271 a
1 2 4 6 12 18 36 54 108 109 163 271 b
1 2 4 6 12 18 36 54 108 109 217 271 b
1 2 4 6 12 18 36 54 108 162 163 271 b
1 2 4 6 12 18 36 54 108 162 270 271 b
1 2 4 6 12 18 36 54 108 216 217 271 b
1 2 4 6 12 18 36 54 108 216 270 271 b
1 2 4 6 12 18 36 72 90 91 180 271 a
1 2 4 6 12 18 36 72 90 91 181 271 b
1 2 4 6 12 18 36 72 90 180 181 271 b
1 2 4 6 12 18 36 72 90 180 270 271 b
1 2 4 6 12 24 25 49 74 123 148 271 b
1 2 4 6 12 24 25 49 74 123 197 271 b
1 2 4 6 12 24 25 49 74 123 246 271 b
1 2 4 6 12 24 25 49 74 148 197 271 b
1 2 4 6 12 24 25 49 74 148 222 271 b
1 2 4 6 12 24 25 49 98 123 148 271 b
1 2 4 6 12 24 25 49 98 123 246 271 b
1 2 4 6 12 24 30 31 60 120 151 271 a
1 2 4 6 12 24 30 31 60 120 240 271 a
1 2 4 6 12 24 30 54 55 108 163 271 a
1 2 4 6 12 24 30 54 55 108 216 271 a
1 2 4 6 12 24 30 54 108 109 162 271 a
1 2 4 6 12 24 30 54 108 109 163 271 b
1 2 4 6 12 24 30 54 108 109 217 271 b
1 2 4 6 12 24 30 54 108 162 163 271 b
1 2 4 6 12 24 30 54 108 162 270 271 b
1 2 4 6 12 24 30 54 108 216 217 271 b
1 2 4 6 12 24 30 54 108 216 270 271 b
1 2 4 6 12 24 30 60 90 91 180 271 a
1 2 4 6 12 24 30 60 90 91 181 271 b
1 2 4 6 12 24 30 60 90 180 181 271 b
1 2 4 6 12 24 30 60 90 180 270 271 b
1 2 4 6 12 24 30 60 120 121 150 271 a
1 2 4 6 12 24 30 60 120 121 151 271 b
1 2 4 6 12 24 30 60 120 121 241 271 b
1 2 4 6 12 24 30 60 120 150 151 271 b
1 2 4 6 12 24 30 60 120 150 270 271 b
1 2 4 6 12 24 30 60 120 240 241 271 b
1 2 4 6 12 24 30 60 120 240 270 271 b
1 2 4 6 12 24 48 54 55 108 163 271 a
1 2 4 6 12 24 48 54 55 108 216 271 a
1 2 4 6 12 24 48 54 108 109 162 271 a
1 2 4 6 12 24 48 54 108 109 163 271 b
1 2 4 6 12 24 48 54 108 109 217 271 b
1 2 4 6 12 24 48 54 108 162 163 271 b
1 2 4 6 12 24 48 54 108 162 270 271 b
1 2 4 6 12 24 48 54 108 216 217 271 b
1 2 4 6 12 24 48 54 108 216 270 271 b
1 2 4 8 9 16 25 41 82 107 164 271 a
1 2 4 8 9 16 25 41 82 107 189 271 a
1 2 4 8 9 16 25 41 82 123 148 271 a
1 2 4 8 9 16 25 41 82 123 246 271 a
1 2 4 8 9 16 25 41 82 164 189 271 a
1 2 4 8 9 16 25 41 82 164 246 271 a
1 2 4 8 9 17 34 51 55 110 161 271 b
1 2 4 8 9 17 34 51 55 110 220 271 b
1 2 4 8 9 17 34 51 59 110 161 271 b
1 2 4 8 9 17 34 51 59 110 220 271 b
1 2 4 8 9 17 34 51 85 93 178 271 b
1 2 4 8 9 17 34 51 85 93 186 271 b
1 2 4 8 9 17 34 51 102 110 161 271 b
1 2 4 8 9 17 34 51 102 110 220 271 b
1 2 4 8 9 17 34 68 85 93 178 271 b
1 2 4 8 9 17 34 68 85 93 186 271 b
1 2 4 8 9 18 27 45 90 91 180 271 a
1 2 4 8 9 18 27 45 90 91 181 271 b
1 2 4 8 9 18 27 45 90 135 136 271 b
1 2 4 8 9 18 27 45 90 135 270 271 b
1 2 4 8 9 18 27 45 90 180 181 271 b
1 2 4 8 9 18 27 45 90 180 270 271 b
1 2 4 8 9 18 27 54 55 108 163 271 a
1 2 4 8 9 18 27 54 55 108 216 271 a
1 2 4 8 9 18 27 54 81 135 136 271 b
1 2 4 8 9 18 27 54 81 135 270 271 b
1 2 4 8 9 18 27 54 108 109 162 271 a
1 2 4 8 9 18 27 54 108 109 163 271 b
1 2 4 8 9 18 27 54 108 109 217 271 b
1 2 4 8 9 18 27 54 108 135 136 271 b
1 2 4 8 9 18 27 54 108 135 270 271 b
1 2 4 8 9 18 27 54 108 162 163 271 b
1 2 4 8 9 18 27 54 108 162 270 271 b
1 2 4 8 9 18 27 54 108 216 217 271 b
1 2 4 8 9 18 27 54 108 216 270 271 b
1 2 4 8 9 18 36 45 90 91 180 271 a
1 2 4 8 9 18 36 45 90 91 181 271 b
1 2 4 8 9 18 36 45 90 135 136 271 b
1 2 4 8 9 18 36 45 90 135 270 271 b
1 2 4 8 9 18 36 45 90 180 181 271 b
1 2 4 8 9 18 36 45 90 180 270 271 b
1 2 4 8 9 18 36 54 55 108 163 271 a
1 2 4 8 9 18 36 54 55 108 216 271 a
1 2 4 8 9 18 36 54 90 91 180 271 a
1 2 4 8 9 18 36 54 90 91 181 271 b
1 2 4 8 9 18 36 54 90 180 181 271 b
1 2 4 8 9 18 36 54 90 180 270 271 b
1 2 4 8 9 18 36 54 108 109 162 271 a
1 2 4 8 9 18 36 54 108 109 163 271 b
1 2 4 8 9 18 36 54 108 109 217 271 b
1 2 4 8 9 18 36 54 108 162 163 271 b
1 2 4 8 9 18 36 54 108 162 270 271 b
1 2 4 8 9 18 36 54 108 216 217 271 b
1 2 4 8 9 18 36 54 108 216 270 271 b
1 2 4 8 9 18 36 72 90 91 180 271 a
1 2 4 8 9 18 36 72 90 91 181 271 b
1 2 4 8 9 18 36 72 90 180 181 271 b
1 2 4 8 9 18 36 72 90 180 270 271 b
1 2 4 8 10 18 36 54 55 108 163 271 a
1 2 4 8 10 18 36 54 55 108 216 271 a
1 2 4 8 10 18 36 54 90 91 180 271 a
1 2 4 8 10 18 36 54 90 91 181 271 b
1 2 4 8 10 18 36 54 90 180 181 271 b
1 2 4 8 10 18 36 54 90 180 270 271 b
1 2 4 8 10 18 36 54 108 109 162 271 a
1 2 4 8 10 18 36 54 108 109 163 271 b
1 2 4 8 10 18 36 54 108 109 217 271 b
1 2 4 8 10 18 36 54 108 162 163 271 b
1 2 4 8 10 18 36 54 108 162 270 271 b
1 2 4 8 10 18 36 54 108 216 217 271 b
1 2 4 8 10 18 36 54 108 216 270 271 b
1 2 4 8 10 18 36 72 90 91 180 271 a
1 2 4 8 10 18 36 72 90 91 181 271 b
1 2 4 8 10 18 36 72 90 180 181 271 b
1 2 4 8 10 18 36 72 90 180 270 271 b
1 2 4 8 10 20 30 31 60 120 151 271 a
1 2 4 8 10 20 30 31 60 120 240 271 a
1 2 4 8 10 20 30 60 90 91 180 271 a
1 2 4 8 10 20 30 60 90 91 181 271 b
1 2 4 8 10 20 30 60 90 180 181 271 b
1 2 4 8 10 20 30 60 90 180 270 271 b
1 2 4 8 10 20 30 60 120 121 150 271 a
1 2 4 8 10 20 30 60 120 121 151 271 b
1 2 4 8 10 20 30 60 120 121 241 271 b
1 2 4 8 10 20 30 60 120 150 151 271 b
1 2 4 8 10 20 30 60 120 150 270 271 b
1 2 4 8 10 20 30 60 120 240 241 271 b
1 2 4 8 10 20 30 60 120 240 270 271 b
1 2 4 8 10 20 40 50 90 91 180 271 a
1 2 4 8 10 20 40 50 90 91 181 271 b
1 2 4 8 10 20 40 50 90 180 181 271 b
1 2 4 8 10 20 40 50 90 180 270 271 b
1 2 4 8 10 20 40 80 90 91 180 271 a
1 2 4 8 10 20 40 80 90 91 181 271 b
1 2 4 8 10 20 40 80 90 180 181 271 b
1 2 4 8 10 20 40 80 90 180 270 271 b
1 2 4 8 12 24 25 49 74 123 148 271 b
1 2 4 8 12 24 25 49 74 123 197 271 b
1 2 4 8 12 24 25 49 74 123 246 271 b
1 2 4 8 12 24 25 49 74 148 197 271 b
1 2 4 8 12 24 25 49 74 148 222 271 b
1 2 4 8 12 24 25 49 98 123 148 271 b
1 2 4 8 12 24 25 49 98 123 246 271 b
1 2 4 8 16 17 25 41 82 107 164 271 a
1 2 4 8 16 17 25 41 82 107 189 271 b
1 2 4 8 16 17 25 41 82 123 148 271 b
1 2 4 8 16 17 25 41 82 123 246 271 b
1 2 4 8 16 17 25 41 82 164 189 271 b
1 2 4 8 16 17 25 41 82 164 246 271 b
1 2 4 8 16 17 33 41 74 115 156 271 b
1 2 4 8 16 17 33 41 74 115 230 271 b
1 2 4 8 16 17 33 41 82 115 156 271 b
1 2 4 8 16 17 33 41 82 115 230 271 b
1 2 4 8 16 17 34 51 55 110 161 271 b
1 2 4 8 16 17 34 51 55 110 220 271 b
1 2 4 8 16 17 34 51 59 110 161 271 b
1 2 4 8 16 17 34 51 59 110 220 271 b
1 2 4 8 16 17 34 51 67 102 169 271 a
1 2 4 8 16 17 34 51 67 102 204 271 a
1 2 4 8 16 17 34 51 85 93 178 271 b
1 2 4 8 16 17 34 51 85 93 186 271 b
1 2 4 8 16 17 34 51 85 101 170 271 a
1 2 4 8 16 17 34 51 85 101 186 271 b
1 2 4 8 16 17 34 51 85 170 186 271 b
1 2 4 8 16 17 34 51 85 170 255 271 b
1 2 4 8 16 17 34 51 102 110 161 271 b
1 2 4 8 16 17 34 51 102 110 220 271 b
1 2 4 8 16 17 34 51 102 118 153 271 a
1 2 4 8 16 17 34 51 102 118 169 271 b
1 2 4 8 16 17 34 51 102 118 220 271 b
1 2 4 8 16 17 34 51 102 153 169 271 b
1 2 4 8 16 17 34 51 102 153 255 271 b
1 2 4 8 16 17 34 51 102 204 220 271 b
1 2 4 8 16 17 34 51 102 204 255 271 b
1 2 4 8 16 17 34 68 85 93 178 271 b
1 2 4 8 16 17 34 68 85 93 186 271 b
1 2 4 8 16 17 34 68 85 101 170 271 a
1 2 4 8 16 17 34 68 85 101 186 271 b
1 2 4 8 16 17 34 68 85 170 186 271 b
1 2 4 8 16 17 34 68 85 170 255 271 b
1 2 4 8 16 18 36 54 55 108 163 271 a
1 2 4 8 16 18 36 54 55 108 216 271 a
1 2 4 8 16 18 36 54 90 91 180 271 a
1 2 4 8 16 18 36 54 90 91 181 271 b
1 2 4 8 16 18 36 54 90 180 181 271 b
1 2 4 8 16 18 36 54 90 180 270 271 b
1 2 4 8 16 18 36 54 108 109 162 271 a
1 2 4 8 16 18 36 54 108 109 163 271 b
1 2 4 8 16 18 36 54 108 109 217 271 b
1 2 4 8 16 18 36 54 108 162 163 271 b
1 2 4 8 16 18 36 54 108 162 270 271 b
1 2 4 8 16 18 36 54 108 216 217 271 b
1 2 4 8 16 18 36 54 108 216 270 271 b
1 2 4 8 16 18 36 72 90 91 180 271 a
1 2 4 8 16 18 36 72 90 91 181 271 b
1 2 4 8 16 18 36 72 90 180 181 271 b
1 2 4 8 16 18 36 72 90 180 270 271 b
1 2 4 8 16 24 25 41 82 107 164 271 a
1 2 4 8 16 24 25 41 82 107 189 271 b
1 2 4 8 16 24 25 41 82 123 148 271 b
1 2 4 8 16 24 25 41 82 123 246 271 b
1 2 4 8 16 24 25 41 82 164 189 271 b
1 2 4 8 16 24 25 41 82 164 246 271 b
1 2 4 8 16 24 25 49 74 123 148 271 b
1 2 4 8 16 24 25 49 74 123 197 271 b
1 2 4 8 16 24 25 49 74 123 246 271 b
1 2 4 8 16 24 25 49 74 148 197 271 b
1 2 4 8 16 24 25 49 74 148 222 271 b
1 2 4 8 16 24 25 49 98 123 148 271 b
1 2 4 8 16 24 25 49 98 123 246 271 b
1 2 4 8 16 32 33 35 67 102 169 271 b
1 2 4 8 16 32 33 35 67 102 204 271 b
1 2 4 8 16 32 33 36 69 101 170 271 a
1 2 4 8 16 32 33 36 69 101 202 271 a
1 2 4 8 16 32 33 37 69 101 170 271 b
1 2 4 8 16 32 33 37 69 101 202 271 b
1 2 4 8 16 32 33 41 74 115 156 271 b
1 2 4 8 16 32 33 41 74 115 230 271 b
1 2 4 8 16 32 33 41 82 115 156 271 b
1 2 4 8 16 32 33 41 82 115 230 271 b
1 2 4 8 16 32 33 65 69 101 170 271 b
1 2 4 8 16 32 33 65 69 101 202 271 b
1 2 4 8 16 32 34 35 67 102 169 271 b
1 2 4 8 16 32 34 35 67 102 204 271 b
1 2 4 8 16 32 34 35 69 101 170 271 b
1 2 4 8 16 32 34 35 69 101 202 271 b
1 2 4 8 16 32 34 68 69 101 170 271 b
1 2 4 8 16 32 34 68 69 101 202 271 b
1 2 4 8 16 32 36 37 69 101 170 271 b
1 2 4 8 16 32 36 37 69 101 202 271 b
1 2 4 8 16 32 36 68 69 101 170 271 b
1 2 4 8 16 32 36 68 69 101 202 271 b
1 2 4 8 16 32 64 65 69 101 170 271 b
1 2 4 8 16 32 64 65 69 101 202 271 b
1 2 4 8 16 32 64 65 69 133 138 271 a
1 2 4 8 16 32 64 65 69 133 202 271 b
1 2 4 8 16 32 64 65 69 138 202 271 b
1 2 4 8 16 32 64 65 69 138 207 271 b
1 2 4 8 16 32 64 68 69 101 170 271 b
1 2 4 8 16 32 64 68 69 101 202 271 b
1 2 4 8 16 32 64 68 69 133 138 271 a
1 2 4 8 16 32 64 68 69 133 202 271 b
1 2 4 8 16 32 64 68 69 138 202 271 b
1 2 4 8 16 32 64 68 69 138 207 271 b
