1 2 3 5 10 15 30 45 90 135 270 b
1 2 3 5 10 15 30 45 90 180 270 b
1 2 3 5 10 15 30 60 75 135 270 b
1 2 3 5 10 15 30 60 90 180 270 b
1 2 3 5 10 15 30 60 120 135 270 b
1 2 3 5 10 15 30 60 120 150 270 b
1 2 3 5 10 15 30 60 120 240 270 b
1 2 3 5 10 20 25 45 90 135 270 b
1 2 3 5 10 20 25 45 90 180 270 b
1 2 3 5 10 20 30 60 90 180 270 b
1 2 3 5 10 20 30 60 120 150 270 b
1 2 3 5 10 20 30 60 120 240 270 b
1 2 3 5 10 20 40 45 90 135 270 b
1 2 3 5 10 20 40 45 90 180 270 b
1 2 3 5 10 20 40 50 90 180 270 b
1 2 3 5 10 20 40 80 90 180 270 b
1 2 3 6 9 15 30 45 90 135 270 b
1 2 3 6 9 15 30 45 90 180 270 b
1 2 3 6 9 15 30 60 75 135 270 b
1 2 3 6 9 15 30 60 90 180 270 b
1 2 3 6 9 15 30 60 120 135 270 b
1 2 3 6 9 15 30 60 120 150 270 b
1 2 3 6 9 15 30 60 120 240 270 b
1 2 3 6 9 18 27 45 90 135 270 b
1 2 3 6 9 18 27 45 90 180 270 b
1 2 3 6 9 18 27 54 81 135 270 b
1 2 3 6 9 18 27 54 108 135 270 b
1 2 3 6 9 18 27 54 108 162 270 b
1 2 3 6 9 18 27 54 108 216 270 b
1 2 3 6 9 18 36 45 90 135 270 b
1 2 3 6 9 18 36 45 90 180 270 b
1 2 3 6 9 18 36 54 90 180 270 b
1 2 3 6 9 18 36 54 108 162 270 b
1 2 3 6 9 18 36 54 108 216 270 b
1 2 3 6 9 18 36 72 90 180 270 b
1 2 3 6 12 15 27 54 81 135 270 b
1 2 3 6 12 15 27 54 108 135 270 b
1 2 3 6 12 15 27 54 108 162 270 b
1 2 3 6 12 15 27 54 108 216 270 b
1 2 3 6 12 15 30 45 90 135 270 b
1 2 3 6 12 15 30 45 90 180 270 b
1 2 3 6 12 15 30 60 75 135 270 b
1 2 3 6 12 15 30 60 90 180 270 b
1 2 3 6 12 15 30 60 120 135 270 b
1 2 3 6 12 15 30 60 120 150 270 b
1 2 3 6 12 15 30 60 120 240 270 b
1 2 3 6 12 18 30 60 90 180 270 b
1 2 3 6 12 18 30 60 120 150 270 b
1 2 3 6 12 18 30 60 120 240 270 b
1 2 3 6 12 18 36 54 90 180 270 b
1 2 3 6 12 18 36 54 108 162 270 b
1 2 3 6 12 18 36 54 108 216 270 b
1 2 3 6 12 18 36 72 90 180 270 b
1 2 3 6 12 24 27 54 81 135 270 b
1 2 3 6 12 24 27 54 108 135 270 b
1 2 3 6 12 24 27 54 108 162 270 b
1 2 3 6 12 24 27 54 108 216 270 b
1 2 3 6 12 24 30 54 108 162 270 b
1 2 3 6 12 24 30 54 108 216 270 b
1 2 3 6 12 24 30 60 90 180 270 b
1 2 3 6 12 24 30 60 120 150 270 b
1 2 3 6 12 24 30 60 120 240 270 b
1 2 3 6 12 24 48 54 108 162 270 b
1 2 3 6 12 24 48 54 108 216 270 b
1 2 4 5 9 18 27 45 90 135 270 b
1 2 4 5 9 18 27 45 90 180 270 b
1 2 4 5 9 18 27 54 81 135 270 b
1 2 4 5 9 18 27 54 108 135 270 b
1 2 4 5 9 18 27 54 108 162 270 b
1 2 4 5 9 18 27 54 108 216 270 b
1 2 4 5 9 18 36 45 90 135 270 b
1 2 4 5 9 18 36 45 90 180 270 b
1 2 4 5 9 18 36 54 90 180 270 b
1 2 4 5 9 18 36 54 108 162 270 b
1 2 4 5 9 18 36 54 108 216 270 b
1 2 4 5 9 18 36 72 90 180 270 b
1 2 4 5 10 15 30 45 90 135 270 b
1 2 4 5 10 15 30 45 90 180 270 b
1 2 4 5 10 15 30 60 75 135 270 b
1 2 4 5 10 15 30 60 90 180 270 b
1 2 4 5 10 15 30 60 120 135 270 b
1 2 4 5 10 15 30 60 120 150 270 b
1 2 4 5 10 15 30 60 120 240 270 b
1 2 4 5 10 20 25 45 90 135 270 b
1 2 4 5 10 20 25 45 90 180 270 b
1 2 4 5 10 20 30 60 90 180 270 b
1 2 4 5 10 20 30 60 120 150 270 b
1 2 4 5 10 20 30 60 120 240 270 b
1 2 4 5 10 20 40 45 90 135 270 b
1 2 4 5 10 20 40 45 90 180 270 b
1 2 4 5 10 20 40 50 90 180 270 b
1 2 4 5 10 20 40 80 90 180 270 b
1 2 4 6 10 20 30 60 90 180 270 b
1 2 4 6 10 20 30 60 120 150 270 b
1 2 4 6 10 20 30 60 120 240 270 b
1 2 4 6 10 20 40 50 90 180 270 b
1 2 4 6 10 20 40 80 90 180 270 b
1 2 4 6 12 18 30 60 90 180 270 b
1 2 4 6 12 18 30 60 120 150 270 b
1 2 4 6 12 18 30 60 120 240 270 b
1 2 4 6 12 18 36 54 90 180 270 b
1 2 4 6 12 18 36 54 108 162 270 b
1 2 4 6 12 18 36 54 108 216 270 b
1 2 4 6 12 18 36 72 90 180 270 b
1 2 4 6 12 24 30 54 108 162 270 b
1 2 4 6 12 24 30 54 108 216 270 b
1 2 4 6 12 24 30 60 90 180 270 b
1 2 4 6 12 24 30 60 120 150 270 b
1 2 4 6 12 24 30 60 120 240 270 b
1 2 4 6 12 24 48 54 108 162 270 b
1 2 4 6 12 24 48 54 108 216 270 b
1 2 4 8 9 18 27 45 90 135 270 b
1 2 4 8 9 18 27 45 90 180 270 b
1 2 4 8 9 18 27 54 81 135 270 b
1 2 4 8 9 18 27 54 108 135 270 b
1 2 4 8 9 18 27 54 108 162 270 b
1 2 4 8 9 18 27 54 108 216 270 b
1 2 4 8 9 18 36 45 90 135 270 b
1 2 4 8 9 18 36 45 90 180 270 b
1 2 4 8 9 18 36 54 90 180 270 b
1 2 4 8 9 18 36 54 108 162 270 b
1 2 4 8 9 18 36 54 108 216 270 b
1 2 4 8 9 18 36 72 90 180 270 b
1 2 4 8 10 18 36 54 90 180 270 b
1 2 4 8 10 18 36 54 108 162 270 b
1 2 4 8 10 18 36 54 108 216 270 b
1 2 4 8 10 18 36 72 90 180 270 b
1 2 4 8 10 20 30 60 90 180 270 b
1 2 4 8 10 20 30 60 120 150 270 b
1 2 4 8 10 20 30 60 120 240 270 b
1 2 4 8 10 20 40 50 90 180 270 b
1 2 4 8 10 20 40 80 90 180 270 b
1 2 4 8 16 18 36 54 90 180 270 b
1 2 4 8 16 18 36 54 108 162 270 b
1 2 4 8 16 18 36 54 108 216 270 b
1 2 4 8 16 18 36 72 90 180 270 b
