1 2 3 5 10 15 25 50 75 125 250 b
1 2 3 5 10 15 25 50 100 125 250 b
1 2 3 5 10 15 25 50 100 150 250 b
1 2 3 5 10 15 25 50 100 200 250 b
1 2 3 5 10 15 30 60 65 125 250 b
1 2 3 5 10 15 30 60 120 125 250 b
1 2 3 5 10 15 30 60 120 130 250 b
1 2 3 5 10 15 30 60 120 240 250 b
1 2 3 5 10 20 25 50 75 125 250 b
1 2 3 5 10 20 25 50 100 125 250 b
1 2 3 5 10 20 25 50 100 150 250 b
1 2 3 5 10 20 25 50 100 200 250 b
1 2 3 5 10 20 30 50 100 150 250 b
1 2 3 5 10 20 30 50 100 200 250 b
1 2 3 5 10 20 30 60 65 125 250 b
1 2 3 5 10 20 30 60 120 125 250 b
1 2 3 5 10 20 30 60 120 130 250 b
1 2 3 5 10 20 30 60 120 240 250 b
1 2 3 5 10 20 40 45 80 125 250 a
1 2 3 5 10 20 40 45 85 125 250 b
1 2 3 5 10 20 40 50 100 150 250 b
1 2 3 5 10 20 40 50 100 200 250 b
1 2 3 5 10 20 40 60 65 125 250 b
1 2 3 5 10 20 40 60 120 125 250 b
1 2 3 5 10 20 40 60 120 130 250 b
1 2 3 5 10 20 40 60 120 240 250 b
1 2 3 5 10 20 40 80 85 125 250 b
1 2 3 5 10 20 40 80 85 165 250 b
1 2 3 5 10 20 40 80 85 170 250 b
1 2 3 5 10 20 40 80 90 160 250 a
1 2 3 5 10 20 40 80 90 170 250 b
1 2 3 5 10 20 40 80 120 125 250 b
1 2 3 5 10 20 40 80 120 130 250 b
1 2 3 5 10 20 40 80 120 240 250 b
1 2 3 5 10 20 40 80 160 170 250 b
1 2 3 5 10 20 40 80 160 240 250 b
1 2 3 6 12 13 25 50 75 125 250 b
1 2 3 6 12 13 25 50 100 125 250 b
1 2 3 6 12 13 25 50 100 150 250 b
1 2 3 6 12 13 25 50 100 200 250 b
1 2 3 6 12 24 25 50 75 125 250 b
1 2 3 6 12 24 25 50 100 125 250 b
1 2 3 6 12 24 25 50 100 150 250 b
1 2 3 6 12 24 25 50 100 200 250 b
1 2 3 6 12 24 26 50 100 150 250 b
1 2 3 6 12 24 26 50 100 200 250 b
1 2 3 6 12 24 48 50 100 150 250 b
1 2 3 6 12 24 48 50 100 200 250 b
1 2 4 5 10 15 25 50 75 125 250 b
1 2 4 5 10 15 25 50 100 125 250 b
1 2 4 5 10 15 25 50 100 150 250 b
1 2 4 5 10 15 25 50 100 200 250 b
1 2 4 5 10 15 30 60 65 125 250 b
1 2 4 5 10 15 30 60 120 125 250 b
1 2 4 5 10 15 30 60 120 130 250 b
1 2 4 5 10 15 30 60 120 240 250 b
1 2 4 5 10 20 25 50 75 125 250 b
1 2 4 5 10 20 25 50 100 125 250 b
1 2 4 5 10 20 25 50 100 150 250 b
1 2 4 5 10 20 25 50 100 200 250 b
1 2 4 5 10 20 30 50 100 150 250 b
1 2 4 5 10 20 30 50 100 200 250 b
1 2 4 5 10 20 30 60 65 125 250 b
1 2 4 5 10 20 30 60 120 125 250 b
1 2 4 5 10 20 30 60 120 130 250 b
1 2 4 5 10 20 30 60 120 240 250 b
1 2 4 5 10 20 40 45 80 125 250 a
1 2 4 5 10 20 40 45 85 125 250 b
1 2 4 5 10 20 40 50 100 150 250 b
1 2 4 5 10 20 40 50 100 200 250 b
1 2 4 5 10 20 40 60 65 125 250 b
1 2 4 5 10 20 40 60 120 125 250 b
1 2 4 5 10 20 40 60 120 130 250 b
1 2 4 5 10 20 40 60 120 240 250 b
1 2 4 5 10 20 40 80 85 125 250 b
1 2 4 5 10 20 40 80 85 165 250 b
1 2 4 5 10 20 40 80 85 170 250 b
1 2 4 5 10 20 40 80 90 160 250 a
1 2 4 5 10 20 40 80 90 170 250 b
1 2 4 5 10 20 40 80 120 125 250 b
1 2 4 5 10 20 40 80 120 130 250 b
1 2 4 5 10 20 40 80 120 240 250 b
1 2 4 5 10 20 40 80 160 170 250 b
1 2 4 5 10 20 40 80 160 240 250 b
1 2 4 6 10 20 30 50 100 150 250 b
1 2 4 6 10 20 30 50 100 200 250 b
1 2 4 6 10 20 30 60 120 130 250 b
1 2 4 6 10 20 30 60 120 240 250 b
1 2 4 6 10 20 40 50 100 150 250 b
1 2 4 6 10 20 40 50 100 200 250 b
1 2 4 6 10 20 40 60 120 130 250 b
1 2 4 6 10 20 40 60 120 240 250 b
1 2 4 6 10 20 40 80 90 160 250 a
1 2 4 6 10 20 40 80 90 170 250 b
1 2 4 6 10 20 40 80 120 130 250 b
1 2 4 6 10 20 40 80 120 240 250 b
1 2 4 6 10 20 40 80 160 170 250 b
1 2 4 6 10 20 40 80 160 240 250 b
1 2 4 6 12 13 25 50 75 125 250 b
1 2 4 6 12 13 25 50 100 125 250 b
1 2 4 6 12 13 25 50 100 150 250 b
1 2 4 6 12 13 25 50 100 200 250 b
1 2 4 6 12 24 25 50 75 125 250 b
1 2 4 6 12 24 25 50 100 125 250 b
1 2 4 6 12 24 25 50 100 150 250 b
1 2 4 6 12 24 25 50 100 200 250 b
1 2 4 6 12 24 26 50 100 150 250 b
1 2 4 6 12 24 26 50 100 200 250 b
1 2 4 6 12 24 48 50 100 150 250 b
1 2 4 6 12 24 48 50 100 200 250 b
1 2 4 8 9 16 25 50 75 125 250 a
1 2 4 8 9 16 25 50 100 125 250 a
1 2 4 8 9 16 25 50 100 150 250 a
1 2 4 8 9 16 25 50 100 200 250 a
1 2 4 8 9 17 25 50 75 125 250 b
1 2 4 8 9 17 25 50 100 125 250 b
1 2 4 8 9 17 25 50 100 150 250 b
1 2 4 8 9 17 25 50 100 200 250 b
1 2 4 8 10 20 30 50 100 150 250 b
1 2 4 8 10 20 30 50 100 200 250 b
1 2 4 8 10 20 30 60 120 130 250 b
1 2 4 8 10 20 30 60 120 240 250 b
1 2 4 8 10 20 40 50 100 150 250 b
1 2 4 8 10 20 40 50 100 200 250 b
1 2 4 8 10 20 40 60 120 130 250 b
1 2 4 8 10 20 40 60 120 240 250 b
1 2 4 8 10 20 40 80 90 160 250 a
1 2 4 8 10 20 40 80 90 170 250 b
1 2 4 8 10 20 40 80 120 130 250 b
1 2 4 8 10 20 40 80 120 240 250 b
1 2 4 8 10 20 40 80 160 170 250 b
1 2 4 8 10 20 40 80 160 240 250 b
1 2 4 8 12 13 25 50 75 125 250 b
1 2 4 8 12 13 25 50 100 125 250 b
1 2 4 8 12 13 25 50 100 150 250 b
1 2 4 8 12 13 25 50 100 200 250 b
1 2 4 8 12 24 25 50 75 125 250 b
1 2 4 8 12 24 25 50 100 125 250 b
1 2 4 8 12 24 25 50 100 150 250 b
1 2 4 8 12 24 25 50 100 200 250 b
1 2 4 8 12 24 26 50 100 150 250 b
1 2 4 8 12 24 26 50 100 200 250 b
1 2 4 8 12 24 48 50 100 150 250 b
1 2 4 8 12 24 48 50 100 200 250 b
1 2 4 8 16 17 25 50 75 125 250 b
1 2 4 8 16 17 25 50 100 125 250 b
1 2 4 8 16 17 25 50 100 150 250 b
1 2 4 8 16 17 25 50 100 200 250 b
1 2 4 8 16 17 33 50 100 150 250 b
1 2 4 8 16 17 33 50 100 200 250 b
1 2 4 8 16 17 34 50 100 150 250 b
1 2 4 8 16 17 34 50 100 200 250 b
1 2 4 8 16 18 32 50 100 150 250 a
1 2 4 8 16 18 32 50 100 200 250 a
1 2 4 8 16 18 34 50 100 150 250 b
1 2 4 8 16 18 34 50 100 200 250 b
1 2 4 8 16 24 25 50 75 125 250 b
1 2 4 8 16 24 25 50 100 125 250 b
1 2 4 8 16 24 25 50 100 150 250 b
1 2 4 8 16 24 25 50 100 200 250 b
1 2 4 8 16 24 26 50 100 150 250 b
1 2 4 8 16 24 26 50 100 200 250 b
1 2 4 8 16 24 48 50 100 150 250 b
1 2 4 8 16 24 48 50 100 200 250 b
1 2 4 8 16 32 34 50 100 150 250 b
1 2 4 8 16 32 34 50 100 200 250 b
1 2 4 8 16 32 48 50 100 150 250 b
1 2 4 8 16 32 48 50 100 200 250 b
