1 2 3 5 6 11 22 44 88 93 181 362 b
1 2 3 5 6 11 22 44 88 176 181 362 b
1 2 3 5 8 11 22 44 88 93 181 362 b
1 2 3 5 8 11 22 44 88 176 181 362 b
1 2 3 5 8 13 21 42 84 97 181 362 b
1 2 3 5 8 13 21 42 84 168 181 362 b
1 2 3 5 10 11 22 44 88 93 181 362 b
1 2 3 5 10 11 22 44 88 176 181 362 b
1 2 3 5 10 11 22 44 88 176 186 362 b
1 2 3 5 10 11 22 44 88 176 352 362 b
1 2 3 5 10 12 22 44 88 93 181 362 b
1 2 3 5 10 12 22 44 88 176 181 362 b
1 2 3 5 10 12 22 44 88 176 186 362 b
1 2 3 5 10 12 22 44 88 176 352 362 b
1 2 3 5 10 15 30 45 90 91 181 362 b
1 2 3 5 10 15 30 45 90 180 181 362 b
1 2 3 5 10 15 30 45 90 180 182 362 b
1 2 3 5 10 15 30 45 90 180 360 362 b
1 2 3 5 10 15 30 60 61 120 181 362 a
1 2 3 5 10 15 30 60 61 121 181 362 b
1 2 3 5 10 15 30 60 90 91 181 362 b
1 2 3 5 10 15 30 60 90 180 181 362 b
1 2 3 5 10 15 30 60 90 180 182 362 b
1 2 3 5 10 15 30 60 90 180 360 362 b
1 2 3 5 10 15 30 60 120 121 181 362 b
1 2 3 5 10 15 30 60 120 121 241 362 b
1 2 3 5 10 15 30 60 120 121 242 362 b
1 2 3 5 10 15 30 60 120 122 240 362 a
1 2 3 5 10 15 30 60 120 122 242 362 b
1 2 3 5 10 15 30 60 120 180 181 362 b
1 2 3 5 10 15 30 60 120 180 182 362 b
1 2 3 5 10 15 30 60 120 180 360 362 b
1 2 3 5 10 15 30 60 120 240 242 362 b
1 2 3 5 10 15 30 60 120 240 360 362 b
1 2 3 5 10 20 21 40 80 101 181 362 a
1 2 3 5 10 20 21 40 80 160 181 362 a
1 2 3 5 10 20 22 44 88 93 181 362 b
1 2 3 5 10 20 22 44 88 176 181 362 b
1 2 3 5 10 20 22 44 88 176 186 362 b
1 2 3 5 10 20 22 44 88 176 352 362 b
1 2 3 5 10 20 25 45 90 91 181 362 b
1 2 3 5 10 20 25 45 90 180 181 362 b
1 2 3 5 10 20 25 45 90 180 182 362 b
1 2 3 5 10 20 25 45 90 180 360 362 b
1 2 3 5 10 20 30 60 61 120 181 362 a
1 2 3 5 10 20 30 60 61 121 181 362 b
1 2 3 5 10 20 30 60 90 91 181 362 b
1 2 3 5 10 20 30 60 90 180 181 362 b
1 2 3 5 10 20 30 60 90 180 182 362 b
1 2 3 5 10 20 30 60 90 180 360 362 b
1 2 3 5 10 20 30 60 120 121 181 362 b
1 2 3 5 10 20 30 60 120 121 241 362 b
1 2 3 5 10 20 30 60 120 121 242 362 b
1 2 3 5 10 20 30 60 120 122 240 362 a
1 2 3 5 10 20 30 60 120 122 242 362 b
1 2 3 5 10 20 30 60 120 180 181 362 b
1 2 3 5 10 20 30 60 120 180 182 362 b
1 2 3 5 10 20 30 60 120 180 360 362 b
1 2 3 5 10 20 30 60 120 240 242 362 b
1 2 3 5 10 20 30 60 120 240 360 362 b
1 2 3 5 10 20 40 42 80 160 202 362 a
1 2 3 5 10 20 40 42 80 160 320 362 a
1 2 3 5 10 20 40 45 90 91 181 362 b
1 2 3 5 10 20 40 45 90 180 181 362 b
1 2 3 5 10 20 40 45 90 180 182 362 b
1 2 3 5 10 20 40 45 90 180 360 362 b
1 2 3 5 10 20 40 50 90 91 181 362 b
1 2 3 5 10 20 40 50 90 180 181 362 b
1 2 3 5 10 20 40 50 90 180 182 362 b
1 2 3 5 10 20 40 50 90 180 360 362 b
1 2 3 5 10 20 40 60 61 120 181 362 a
1 2 3 5 10 20 40 60 61 121 181 362 b
1 2 3 5 10 20 40 60 120 121 181 362 b
1 2 3 5 10 20 40 60 120 121 241 362 b
1 2 3 5 10 20 40 60 120 121 242 362 b
1 2 3 5 10 20 40 60 120 122 240 362 a
1 2 3 5 10 20 40 60 120 122 242 362 b
1 2 3 5 10 20 40 60 120 180 181 362 b
1 2 3 5 10 20 40 60 120 180 182 362 b
1 2 3 5 10 20 40 60 120 180 360 362 b
1 2 3 5 10 20 40 60 120 240 242 362 b
1 2 3 5 10 20 40 60 120 240 360 362 b
1 2 3 5 10 20 40 80 81 100 181 362 a
1 2 3 5 10 20 40 80 81 101 181 362 b
1 2 3 5 10 20 40 80 81 161 181 362 b
1 2 3 5 10 20 40 80 81 161 201 362 b
1 2 3 5 10 20 40 80 81 161 322 362 b
1 2 3 5 10 20 40 80 90 91 181 362 b
1 2 3 5 10 20 40 80 90 180 181 362 b
1 2 3 5 10 20 40 80 90 180 182 362 b
1 2 3 5 10 20 40 80 90 180 360 362 b
1 2 3 5 10 20 40 80 100 101 181 362 b
1 2 3 5 10 20 40 80 100 180 181 362 b
1 2 3 5 10 20 40 80 100 180 182 362 b
1 2 3 5 10 20 40 80 100 180 360 362 b
1 2 3 5 10 20 40 80 120 121 241 362 b
1 2 3 5 10 20 40 80 120 121 242 362 b
1 2 3 5 10 20 40 80 120 122 240 362 a
1 2 3 5 10 20 40 80 120 122 242 362 b
1 2 3 5 10 20 40 80 120 240 242 362 b
1 2 3 5 10 20 40 80 120 240 360 362 b
1 2 3 5 10 20 40 80 160 161 181 362 b
1 2 3 5 10 20 40 80 160 161 201 362 b
1 2 3 5 10 20 40 80 160 161 322 362 b
1 2 3 5 10 20 40 80 160 162 200 362 a
1 2 3 5 10 20 40 80 160 162 202 362 b
1 2 3 5 10 20 40 80 160 162 322 362 b
1 2 3 5 10 20 40 80 160 180 181 362 b
1 2 3 5 10 20 40 80 160 180 182 362 b
1 2 3 5 10 20 40 80 160 180 360 362 b
1 2 3 5 10 20 40 80 160 200 202 362 b
1 2 3 5 10 20 40 80 160 200 360 362 b
1 2 3 5 10 20 40 80 160 320 322 362 b
1 2 3 5 10 20 40 80 160 320 360 362 b
1 2 3 6 9 15 30 45 90 91 181 362 b
1 2 3 6 9 15 30 45 90 180 181 362 b
1 2 3 6 9 15 30 45 90 180 182 362 b
1 2 3 6 9 15 30 45 90 180 360 362 b
1 2 3 6 9 15 30 60 61 120 181 362 a
1 2 3 6 9 15 30 60 61 121 181 362 b
1 2 3 6 9 15 30 60 90 91 181 362 b
1 2 3 6 9 15 30 60 90 180 181 362 b
1 2 3 6 9 15 30 60 90 180 182 362 b
1 2 3 6 9 15 30 60 90 180 360 362 b
1 2 3 6 9 15 30 60 120 121 181 362 b
1 2 3 6 9 15 30 60 120 121 241 362 b
1 2 3 6 9 15 30 60 120 121 242 362 b
1 2 3 6 9 15 30 60 120 122 240 362 a
1 2 3 6 9 15 30 60 120 122 242 362 b
1 2 3 6 9 15 30 60 120 180 181 362 b
1 2 3 6 9 15 30 60 120 180 182 362 b
1 2 3 6 9 15 30 60 120 180 360 362 b
1 2 3 6 9 15 30 60 120 240 242 362 b
1 2 3 6 9 15 30 60 120 240 360 362 b
1 2 3 6 9 18 27 45 90 91 181 362 b
1 2 3 6 9 18 27 45 90 180 181 362 b
1 2 3 6 9 18 27 45 90 180 182 362 b
1 2 3 6 9 18 27 45 90 180 360 362 b
1 2 3 6 9 18 36 37 72 109 181 362 a
1 2 3 6 9 18 36 37 72 144 181 362 a
1 2 3 6 9 18 36 45 90 91 181 362 b
1 2 3 6 9 18 36 45 90 180 181 362 b
1 2 3 6 9 18 36 45 90 180 182 362 b
1 2 3 6 9 18 36 45 90 180 360 362 b
1 2 3 6 9 18 36 54 90 91 181 362 b
1 2 3 6 9 18 36 54 90 180 181 362 b
1 2 3 6 9 18 36 54 90 180 182 362 b
1 2 3 6 9 18 36 54 90 180 360 362 b
1 2 3 6 9 18 36 72 73 108 181 362 a
1 2 3 6 9 18 36 72 73 109 181 362 b
1 2 3 6 9 18 36 72 73 145 181 362 b
1 2 3 6 9 18 36 72 73 145 217 362 b
1 2 3 6 9 18 36 72 73 145 290 362 b
1 2 3 6 9 18 36 72 74 144 218 362 a
1 2 3 6 9 18 36 72 74 144 288 362 a
1 2 3 6 9 18 36 72 90 91 181 362 b
1 2 3 6 9 18 36 72 90 180 181 362 b
1 2 3 6 9 18 36 72 90 180 182 362 b
1 2 3 6 9 18 36 72 90 180 360 362 b
1 2 3 6 9 18 36 72 108 109 181 362 b
1 2 3 6 9 18 36 72 108 180 181 362 b
1 2 3 6 9 18 36 72 108 180 182 362 b
1 2 3 6 9 18 36 72 108 180 360 362 b
1 2 3 6 9 18 36 72 144 145 181 362 b
1 2 3 6 9 18 36 72 144 145 217 362 b
1 2 3 6 9 18 36 72 144 145 290 362 b
1 2 3 6 9 18 36 72 144 146 216 362 a
1 2 3 6 9 18 36 72 144 146 218 362 b
1 2 3 6 9 18 36 72 144 146 290 362 b
1 2 3 6 9 18 36 72 144 180 181 362 b
1 2 3 6 9 18 36 72 144 180 182 362 b
1 2 3 6 9 18 36 72 144 180 360 362 b
1 2 3 6 9 18 36 72 144 216 218 362 b
1 2 3 6 9 18 36 72 144 216 360 362 b
1 2 3 6 9 18 36 72 144 288 290 362 b
1 2 3 6 9 18 36 72 144 288 360 362 b
1 2 3 6 12 15 30 45 90 91 181 362 b
1 2 3 6 12 15 30 45 90 180 181 362 b
1 2 3 6 12 15 30 45 90 180 182 362 b
1 2 3 6 12 15 30 45 90 180 360 362 b
1 2 3 6 12 15 30 60 61 120 181 362 a
1 2 3 6 12 15 30 60 61 121 181 362 b
1 2 3 6 12 15 30 60 90 91 181 362 b
1 2 3 6 12 15 30 60 90 180 181 362 b
1 2 3 6 12 15 30 60 90 180 182 362 b
1 2 3 6 12 15 30 60 90 180 360 362 b
1 2 3 6 12 15 30 60 120 121 181 362 b
1 2 3 6 12 15 30 60 120 121 241 362 b
1 2 3 6 12 15 30 60 120 121 242 362 b
1 2 3 6 12 15 30 60 120 122 240 362 a
1 2 3 6 12 15 30 60 120 122 242 362 b
1 2 3 6 12 15 30 60 120 180 181 362 b
1 2 3 6 12 15 30 60 120 180 182 362 b
1 2 3 6 12 15 30 60 120 180 360 362 b
1 2 3 6 12 15 30 60 120 240 242 362 b
1 2 3 6 12 15 30 60 120 240 360 362 b
1 2 3 6 12 18 30 60 61 120 181 362 a
1 2 3 6 12 18 30 60 61 121 181 362 b
1 2 3 6 12 18 30 60 90 91 181 362 b
1 2 3 6 12 18 30 60 90 180 181 362 b
1 2 3 6 12 18 30 60 90 180 182 362 b
1 2 3 6 12 18 30 60 90 180 360 362 b
1 2 3 6 12 18 30 60 120 121 181 362 b
1 2 3 6 12 18 30 60 120 121 241 362 b
1 2 3 6 12 18 30 60 120 121 242 362 b
1 2 3 6 12 18 30 60 120 122 240 362 a
1 2 3 6 12 18 30 60 120 122 242 362 b
1 2 3 6 12 18 30 60 120 180 181 362 b
1 2 3 6 12 18 30 60 120 180 182 362 b
1 2 3 6 12 18 30 60 120 180 360 362 b
1 2 3 6 12 18 30 60 120 240 242 362 b
1 2 3 6 12 18 30 60 120 240 360 362 b
1 2 3 6 12 18 36 37 72 109 181 362 a
1 2 3 6 12 18 36 37 72 144 181 362 a
1 2 3 6 12 18 36 54 90 91 181 362 b
1 2 3 6 12 18 36 54 90 180 181 362 b
1 2 3 6 12 18 36 54 90 180 182 362 b
1 2 3 6 12 18 36 54 90 180 360 362 b
1 2 3 6 12 18 36 72 73 108 181 362 a
1 2 3 6 12 18 36 72 73 109 181 362 b
1 2 3 6 12 18 36 72 73 145 181 362 b
1 2 3 6 12 18 36 72 73 145 217 362 b
1 2 3 6 12 18 36 72 73 145 290 362 b
1 2 3 6 12 18 36 72 74 144 218 362 a
1 2 3 6 12 18 36 72 74 144 288 362 a
1 2 3 6 12 18 36 72 90 91 181 362 b
1 2 3 6 12 18 36 72 90 180 181 362 b
1 2 3 6 12 18 36 72 90 180 182 362 b
1 2 3 6 12 18 36 72 90 180 360 362 b
1 2 3 6 12 18 36 72 108 109 181 362 b
1 2 3 6 12 18 36 72 108 180 181 362 b
1 2 3 6 12 18 36 72 108 180 182 362 b
1 2 3 6 12 18 36 72 108 180 360 362 b
1 2 3 6 12 18 36 72 144 145 181 362 b
1 2 3 6 12 18 36 72 144 145 217 362 b
1 2 3 6 12 18 36 72 144 145 290 362 b
1 2 3 6 12 18 36 72 144 146 216 362 a
1 2 3 6 12 18 36 72 144 146 218 362 b
1 2 3 6 12 18 36 72 144 146 290 362 b
1 2 3 6 12 18 36 72 144 180 181 362 b
1 2 3 6 12 18 36 72 144 180 182 362 b
1 2 3 6 12 18 36 72 144 180 360 362 b
1 2 3 6 12 18 36 72 144 216 218 362 b
1 2 3 6 12 18 36 72 144 216 360 362 b
1 2 3 6 12 18 36 72 144 288 290 362 b
1 2 3 6 12 18 36 72 144 288 360 362 b
1 2 3 6 12 24 30 60 61 120 181 362 a
1 2 3 6 12 24 30 60 61 121 181 362 b
1 2 3 6 12 24 30 60 90 91 181 362 b
1 2 3 6 12 24 30 60 90 180 181 362 b
1 2 3 6 12 24 30 60 90 180 182 362 b
1 2 3 6 12 24 30 60 90 180 360 362 b
1 2 3 6 12 24 30 60 120 121 181 362 b
1 2 3 6 12 24 30 60 120 121 241 362 b
1 2 3 6 12 24 30 60 120 121 242 362 b
1 2 3 6 12 24 30 60 120 122 240 362 a
1 2 3 6 12 24 30 60 120 122 242 362 b
1 2 3 6 12 24 30 60 120 180 181 362 b
1 2 3 6 12 24 30 60 120 180 182 362 b
1 2 3 6 12 24 30 60 120 180 360 362 b
1 2 3 6 12 24 30 60 120 240 242 362 b
1 2 3 6 12 24 30 60 120 240 360 362 b
1 2 3 6 12 24 36 37 72 109 181 362 a
1 2 3 6 12 24 36 37 72 144 181 362 a
1 2 3 6 12 24 36 60 61 120 181 362 a
1 2 3 6 12 24 36 60 61 121 181 362 b
1 2 3 6 12 24 36 60 120 121 181 362 b
1 2 3 6 12 24 36 60 120 121 241 362 b
1 2 3 6 12 24 36 60 120 121 242 362 b
1 2 3 6 12 24 36 60 120 122 240 362 a
1 2 3 6 12 24 36 60 120 122 242 362 b
1 2 3 6 12 24 36 60 120 180 181 362 b
1 2 3 6 12 24 36 60 120 180 182 362 b
1 2 3 6 12 24 36 60 120 180 360 362 b
1 2 3 6 12 24 36 60 120 240 242 362 b
1 2 3 6 12 24 36 60 120 240 360 362 b
1 2 3 6 12 24 36 72 73 108 181 362 a
1 2 3 6 12 24 36 72 73 109 181 362 b
1 2 3 6 12 24 36 72 73 145 181 362 b
1 2 3 6 12 24 36 72 73 145 217 362 b
1 2 3 6 12 24 36 72 73 145 290 362 b
1 2 3 6 12 24 36 72 74 144 218 362 a
1 2 3 6 12 24 36 72 74 144 288 362 a
1 2 3 6 12 24 36 72 108 109 181 362 b
1 2 3 6 12 24 36 72 108 180 181 362 b
1 2 3 6 12 24 36 72 108 180 182 362 b
1 2 3 6 12 24 36 72 108 180 360 362 b
1 2 3 6 12 24 36 72 144 145 181 362 b
1 2 3 6 12 24 36 72 144 145 217 362 b
1 2 3 6 12 24 36 72 144 145 290 362 b
1 2 3 6 12 24 36 72 144 146 216 362 a
1 2 3 6 12 24 36 72 144 146 218 362 b
1 2 3 6 12 24 36 72 144 146 290 362 b
1 2 3 6 12 24 36 72 144 180 181 362 b
1 2 3 6 12 24 36 72 144 180 182 362 b
1 2 3 6 12 24 36 72 144 180 360 362 b
1 2 3 6 12 24 36 72 144 216 218 362 b
1 2 3 6 12 24 36 72 144 216 360 362 b
1 2 3 6 12 24 36 72 144 288 290 362 b
1 2 3 6 12 24 36 72 144 288 360 362 b
1 2 3 6 12 24 48 60 61 120 181 362 a
1 2 3 6 12 24 48 60 61 121 181 362 b
1 2 3 6 12 24 48 60 120 121 181 362 b
1 2 3 6 12 24 48 60 120 121 241 362 b
1 2 3 6 12 24 48 60 120 121 242 362 b
1 2 3 6 12 24 48 60 120 122 240 362 a
1 2 3 6 12 24 48 60 120 122 242 362 b
1 2 3 6 12 24 48 60 120 180 181 362 b
1 2 3 6 12 24 48 60 120 180 182 362 b
1 2 3 6 12 24 48 60 120 180 360 362 b
1 2 3 6 12 24 48 60 120 240 242 362 b
1 2 3 6 12 24 48 60 120 240 360 362 b
1 2 3 6 12 24 48 72 73 145 217 362 b
1 2 3 6 12 24 48 72 73 145 290 362 b
1 2 3 6 12 24 48 72 74 144 218 362 a
1 2 3 6 12 24 48 72 74 144 288 362 a
1 2 3 6 12 24 48 72 120 121 241 362 b
1 2 3 6 12 24 48 72 120 121 242 362 b
1 2 3 6 12 24 48 72 120 122 240 362 a
1 2 3 6 12 24 48 72 120 122 242 362 b
1 2 3 6 12 24 48 72 120 240 242 362 b
1 2 3 6 12 24 48 72 120 240 360 362 b
1 2 3 6 12 24 48 72 144 145 217 362 b
1 2 3 6 12 24 48 72 144 145 290 362 b
1 2 3 6 12 24 48 72 144 146 216 362 a
1 2 3 6 12 24 48 72 144 146 218 362 b
1 2 3 6 12 24 48 72 144 146 290 362 b
1 2 3 6 12 24 48 72 144 216 218 362 b
1 2 3 6 12 24 48 72 144 216 360 362 b
1 2 3 6 12 24 48 72 144 288 290 362 b
1 2 3 6 12 24 48 72 144 288 360 362 b
1 2 3 6 12 24 48 96 120 121 241 362 b
1 2 3 6 12 24 48 96 120 121 242 362 b
1 2 3 6 12 24 48 96 120 122 240 362 a
1 2 3 6 12 24 48 96 120 122 242 362 b
1 2 3 6 12 24 48 96 120 240 242 362 b
1 2 3 6 12 24 48 96 120 240 360 362 b
1 2 4 5 6 11 22 44 88 93 181 362 b
1 2 4 5 6 11 22 44 88 176 181 362 b
1 2 4 5 7 11 22 44 88 93 181 362 b
1 2 4 5 7 11 22 44 88 176 181 362 b
1 2 4 5 8 13 21 42 84 97 181 362 a
1 2 4 5 8 13 21 42 84 168 181 362 a
1 2 4 5 9 11 22 44 88 93 181 362 b
1 2 4 5 9 11 22 44 88 176 181 362 b
1 2 4 5 9 13 22 44 88 93 181 362 b
1 2 4 5 9 13 22 44 88 176 181 362 b
1 2 4 5 9 18 22 44 88 93 181 362 b
1 2 4 5 9 18 22 44 88 176 181 362 b
1 2 4 5 9 18 27 45 90 91 181 362 b
1 2 4 5 9 18 27 45 90 180 181 362 b
1 2 4 5 9 18 27 45 90 180 182 362 b
1 2 4 5 9 18 27 45 90 180 360 362 b
1 2 4 5 9 18 36 37 72 109 181 362 a
1 2 4 5 9 18 36 37 72 144 181 362 a
1 2 4 5 9 18 36 45 90 91 181 362 b
1 2 4 5 9 18 36 45 90 180 181 362 b
1 2 4 5 9 18 36 45 90 180 182 362 b
1 2 4 5 9 18 36 45 90 180 360 362 b
1 2 4 5 9 18 36 54 90 91 181 362 b
1 2 4 5 9 18 36 54 90 180 181 362 b
1 2 4 5 9 18 36 54 90 180 182 362 b
1 2 4 5 9 18 36 54 90 180 360 362 b
1 2 4 5 9 18 36 72 73 108 181 362 a
1 2 4 5 9 18 36 72 73 109 181 362 b
1 2 4 5 9 18 36 72 73 145 181 362 b
1 2 4 5 9 18 36 72 73 145 217 362 b
1 2 4 5 9 18 36 72 73 145 290 362 b
1 2 4 5 9 18 36 72 74 144 218 362 a
1 2 4 5 9 18 36 72 74 144 288 362 a
1 2 4 5 9 18 36 72 90 91 181 362 b
1 2 4 5 9 18 36 72 90 180 181 362 b
1 2 4 5 9 18 36 72 90 180 182 362 b
1 2 4 5 9 18 36 72 90 180 360 362 b
1 2 4 5 9 18 36 72 108 109 181 362 b
1 2 4 5 9 18 36 72 108 180 181 362 b
1 2 4 5 9 18 36 72 108 180 182 362 b
1 2 4 5 9 18 36 72 108 180 360 362 b
1 2 4 5 9 18 36 72 144 145 181 362 b
1 2 4 5 9 18 36 72 144 145 217 362 b
1 2 4 5 9 18 36 72 144 145 290 362 b
1 2 4 5 9 18 36 72 144 146 216 362 a
1 2 4 5 9 18 36 72 144 146 218 362 b
1 2 4 5 9 18 36 72 144 146 290 362 b
1 2 4 5 9 18 36 72 144 180 181 362 b
1 2 4 5 9 18 36 72 144 180 182 362 b
1 2 4 5 9 18 36 72 144 180 360 362 b
1 2 4 5 9 18 36 72 144 216 218 362 b
1 2 4 5 9 18 36 72 144 216 360 362 b
1 2 4 5 9 18 36 72 144 288 290 362 b
1 2 4 5 9 18 36 72 144 288 360 362 b
1 2 4 5 10 11 22 44 88 93 181 362 b
1 2 4 5 10 11 22 44 88 176 181 362 b
1 2 4 5 10 11 22 44 88 176 186 362 b
1 2 4 5 10 11 22 44 88 176 352 362 b
1 2 4 5 10 12 22 44 88 93 181 362 b
1 2 4 5 10 12 22 44 88 176 181 362 b
1 2 4 5 10 12 22 44 88 176 186 362 b
1 2 4 5 10 12 22 44 88 176 352 362 b
1 2 4 5 10 15 30 45 90 91 181 362 b
1 2 4 5 10 15 30 45 90 180 181 362 b
1 2 4 5 10 15 30 45 90 180 182 362 b
1 2 4 5 10 15 30 45 90 180 360 362 b
1 2 4 5 10 15 30 60 61 120 181 362 a
1 2 4 5 10 15 30 60 61 121 181 362 b
1 2 4 5 10 15 30 60 90 91 181 362 b
1 2 4 5 10 15 30 60 90 180 181 362 b
1 2 4 5 10 15 30 60 90 180 182 362 b
1 2 4 5 10 15 30 60 90 180 360 362 b
1 2 4 5 10 15 30 60 120 121 181 362 b
1 2 4 5 10 15 30 60 120 121 241 362 b
1 2 4 5 10 15 30 60 120 121 242 362 b
1 2 4 5 10 15 30 60 120 122 240 362 a
1 2 4 5 10 15 30 60 120 122 242 362 b
1 2 4 5 10 15 30 60 120 180 181 362 b
1 2 4 5 10 15 30 60 120 180 182 362 b
1 2 4 5 10 15 30 60 120 180 360 362 b
1 2 4 5 10 15 30 60 120 240 242 362 b
1 2 4 5 10 15 30 60 120 240 360 362 b
1 2 4 5 10 20 21 40 80 101 181 362 a
1 2 4 5 10 20 21 40 80 160 181 362 a
1 2 4 5 10 20 22 44 88 93 181 362 b
1 2 4 5 10 20 22 44 88 176 181 362 b
1 2 4 5 10 20 22 44 88 176 186 362 b
1 2 4 5 10 20 22 44 88 176 352 362 b
1 2 4 5 10 20 24 44 88 93 181 362 b
1 2 4 5 10 20 24 44 88 176 181 362 b
1 2 4 5 10 20 24 44 88 176 186 362 b
1 2 4 5 10 20 24 44 88 176 352 362 b
1 2 4 5 10 20 25 45 90 91 181 362 b
1 2 4 5 10 20 25 45 90 180 181 362 b
1 2 4 5 10 20 25 45 90 180 182 362 b
1 2 4 5 10 20 25 45 90 180 360 362 b
1 2 4 5 10 20 30 60 61 120 181 362 a
1 2 4 5 10 20 30 60 61 121 181 362 b
1 2 4 5 10 20 30 60 90 91 181 362 b
1 2 4 5 10 20 30 60 90 180 181 362 b
1 2 4 5 10 20 30 60 90 180 182 362 b
1 2 4 5 10 20 30 60 90 180 360 362 b
1 2 4 5 10 20 30 60 120 121 181 362 b
1 2 4 5 10 20 30 60 120 121 241 362 b
1 2 4 5 10 20 30 60 120 121 242 362 b
1 2 4 5 10 20 30 60 120 122 240 362 a
1 2 4 5 10 20 30 60 120 122 242 362 b
1 2 4 5 10 20 30 60 120 180 181 362 b
1 2 4 5 10 20 30 60 120 180 182 362 b
1 2 4 5 10 20 30 60 120 180 360 362 b
1 2 4 5 10 20 30 60 120 240 242 362 b
1 2 4 5 10 20 30 60 120 240 360 362 b
1 2 4 5 10 20 40 42 80 160 202 362 a
1 2 4 5 10 20 40 42 80 160 320 362 a
1 2 4 5 10 20 40 44 88 93 181 362 b
1 2 4 5 10 20 40 44 88 176 181 362 b
1 2 4 5 10 20 40 44 88 176 186 362 b
1 2 4 5 10 20 40 44 88 176 352 362 b
1 2 4 5 10 20 40 45 90 91 181 362 b
1 2 4 5 10 20 40 45 90 180 181 362 b
1 2 4 5 10 20 40 45 90 180 182 362 b
1 2 4 5 10 20 40 45 90 180 360 362 b
1 2 4 5 10 20 40 50 90 91 181 362 b
1 2 4 5 10 20 40 50 90 180 181 362 b
1 2 4 5 10 20 40 50 90 180 182 362 b
1 2 4 5 10 20 40 50 90 180 360 362 b
1 2 4 5 10 20 40 60 61 120 181 362 a
1 2 4 5 10 20 40 60 61 121 181 362 b
1 2 4 5 10 20 40 60 120 121 181 362 b
1 2 4 5 10 20 40 60 120 121 241 362 b
1 2 4 5 10 20 40 60 120 121 242 362 b
1 2 4 5 10 20 40 60 120 122 240 362 a
1 2 4 5 10 20 40 60 120 122 242 362 b
1 2 4 5 10 20 40 60 120 180 181 362 b
1 2 4 5 10 20 40 60 120 180 182 362 b
1 2 4 5 10 20 40 60 120 180 360 362 b
1 2 4 5 10 20 40 60 120 240 242 362 b
1 2 4 5 10 20 40 60 120 240 360 362 b
1 2 4 5 10 20 40 80 81 100 181 362 a
1 2 4 5 10 20 40 80 81 101 181 362 b
1 2 4 5 10 20 40 80 81 161 181 362 b
1 2 4 5 10 20 40 80 81 161 201 362 b
1 2 4 5 10 20 40 80 81 161 322 362 b
1 2 4 5 10 20 40 80 90 91 181 362 b
1 2 4 5 10 20 40 80 90 180 181 362 b
1 2 4 5 10 20 40 80 90 180 182 362 b
1 2 4 5 10 20 40 80 90 180 360 362 b
1 2 4 5 10 20 40 80 100 101 181 362 b
1 2 4 5 10 20 40 80 100 180 181 362 b
1 2 4 5 10 20 40 80 100 180 182 362 b
1 2 4 5 10 20 40 80 100 180 360 362 b
1 2 4 5 10 20 40 80 120 121 241 362 b
1 2 4 5 10 20 40 80 120 121 242 362 b
1 2 4 5 10 20 40 80 120 122 240 362 a
1 2 4 5 10 20 40 80 120 122 242 362 b
1 2 4 5 10 20 40 80 120 240 242 362 b
1 2 4 5 10 20 40 80 120 240 360 362 b
1 2 4 5 10 20 40 80 160 161 181 362 b
1 2 4 5 10 20 40 80 160 161 201 362 b
1 2 4 5 10 20 40 80 160 161 322 362 b
1 2 4 5 10 20 40 80 160 162 200 362 a
1 2 4 5 10 20 40 80 160 162 202 362 b
1 2 4 5 10 20 40 80 160 162 322 362 b
1 2 4 5 10 20 40 80 160 180 181 362 b
1 2 4 5 10 20 40 80 160 180 182 362 b
1 2 4 5 10 20 40 80 160 180 360 362 b
1 2 4 5 10 20 40 80 160 200 202 362 b
1 2 4 5 10 20 40 80 160 200 360 362 b
1 2 4 5 10 20 40 80 160 320 322 362 b
1 2 4 5 10 20 40 80 160 320 360 362 b
1 2 4 6 10 11 22 44 88 176 186 362 b
1 2 4 6 10 11 22 44 88 176 352 362 b
1 2 4 6 10 12 22 44 88 176 186 362 b
1 2 4 6 10 12 22 44 88 176 352 362 b
1 2 4 6 10 16 22 44 88 176 186 362 b
1 2 4 6 10 16 22 44 88 176 352 362 b
1 2 4 6 10 16 26 42 84 168 194 362 b
1 2 4 6 10 16 26 42 84 168 336 362 b
1 2 4 6 10 20 21 40 80 101 181 362 a
1 2 4 6 10 20 21 40 80 160 181 362 a
1 2 4 6 10 20 22 44 88 176 186 362 b
1 2 4 6 10 20 22 44 88 176 352 362 b
1 2 4 6 10 20 24 44 88 176 186 362 b
1 2 4 6 10 20 24 44 88 176 352 362 b
1 2 4 6 10 20 30 60 61 120 181 362 a
1 2 4 6 10 20 30 60 61 121 181 362 b
1 2 4 6 10 20 30 60 90 91 181 362 b
1 2 4 6 10 20 30 60 90 180 181 362 b
1 2 4 6 10 20 30 60 90 180 182 362 b
1 2 4 6 10 20 30 60 90 180 360 362 b
1 2 4 6 10 20 30 60 120 121 181 362 b
1 2 4 6 10 20 30 60 120 121 241 362 b
1 2 4 6 10 20 30 60 120 121 242 362 b
1 2 4 6 10 20 30 60 120 122 240 362 a
1 2 4 6 10 20 30 60 120 122 242 362 b
1 2 4 6 10 20 30 60 120 180 181 362 b
1 2 4 6 10 20 30 60 120 180 182 362 b
1 2 4 6 10 20 30 60 120 180 360 362 b
1 2 4 6 10 20 30 60 120 240 242 362 b
1 2 4 6 10 20 30 60 120 240 360 362 b
1 2 4 6 10 20 40 42 80 160 202 362 a
1 2 4 6 10 20 40 42 80 160 320 362 a
1 2 4 6 10 20 40 44 88 176 186 362 b
1 2 4 6 10 20 40 44 88 176 352 362 b
1 2 4 6 10 20 40 50 90 91 181 362 b
1 2 4 6 10 20 40 50 90 180 181 362 b
1 2 4 6 10 20 40 50 90 180 182 362 b
1 2 4 6 10 20 40 50 90 180 360 362 b
1 2 4 6 10 20 40 60 61 120 181 362 a
1 2 4 6 10 20 40 60 61 121 181 362 b
1 2 4 6 10 20 40 60 120 121 181 362 b
1 2 4 6 10 20 40 60 120 121 241 362 b
1 2 4 6 10 20 40 60 120 121 242 362 b
1 2 4 6 10 20 40 60 120 122 240 362 a
1 2 4 6 10 20 40 60 120 122 242 362 b
1 2 4 6 10 20 40 60 120 180 181 362 b
1 2 4 6 10 20 40 60 120 180 182 362 b
1 2 4 6 10 20 40 60 120 180 360 362 b
1 2 4 6 10 20 40 60 120 240 242 362 b
1 2 4 6 10 20 40 60 120 240 360 362 b
1 2 4 6 10 20 40 80 81 100 181 362 a
1 2 4 6 10 20 40 80 81 101 181 362 b
1 2 4 6 10 20 40 80 81 161 181 362 b
1 2 4 6 10 20 40 80 81 161 201 362 b
1 2 4 6 10 20 40 80 81 161 322 362 b
1 2 4 6 10 20 40 80 90 91 181 362 b
1 2 4 6 10 20 40 80 90 180 181 362 b
1 2 4 6 10 20 40 80 90 180 182 362 b
1 2 4 6 10 20 40 80 90 180 360 362 b
1 2 4 6 10 20 40 80 100 101 181 362 b
1 2 4 6 10 20 40 80 100 180 181 362 b
1 2 4 6 10 20 40 80 100 180 182 362 b
1 2 4 6 10 20 40 80 100 180 360 362 b
1 2 4 6 10 20 40 80 120 121 241 362 b
1 2 4 6 10 20 40 80 120 121 242 362 b
1 2 4 6 10 20 40 80 120 122 240 362 a
1 2 4 6 10 20 40 80 120 122 242 362 b
1 2 4 6 10 20 40 80 120 240 242 362 b
1 2 4 6 10 20 40 80 120 240 360 362 b
1 2 4 6 10 20 40 80 160 161 181 362 b
1 2 4 6 10 20 40 80 160 161 201 362 b
1 2 4 6 10 20 40 80 160 161 322 362 b
1 2 4 6 10 20 40 80 160 162 200 362 a
1 2 4 6 10 20 40 80 160 162 202 362 b
1 2 4 6 10 20 40 80 160 162 322 362 b
1 2 4 6 10 20 40 80 160 180 181 362 b
1 2 4 6 10 20 40 80 160 180 182 362 b
1 2 4 6 10 20 40 80 160 180 360 362 b
1 2 4 6 10 20 40 80 160 200 202 362 b
1 2 4 6 10 20 40 80 160 200 360 362 b
1 2 4 6 10 20 40 80 160 320 322 362 b
1 2 4 6 10 20 40 80 160 320 360 362 b
1 2 4 6 12 18 30 60 61 120 181 362 a
1 2 4 6 12 18 30 60 61 121 181 362 b
1 2 4 6 12 18 30 60 90 91 181 362 b
1 2 4 6 12 18 30 60 90 180 181 362 b
1 2 4 6 12 18 30 60 90 180 182 362 b
1 2 4 6 12 18 30 60 90 180 360 362 b
1 2 4 6 12 18 30 60 120 121 181 362 b
1 2 4 6 12 18 30 60 120 121 241 362 b
1 2 4 6 12 18 30 60 120 121 242 362 b
1 2 4 6 12 18 30 60 120 122 240 362 a
1 2 4 6 12 18 30 60 120 122 242 362 b
1 2 4 6 12 18 30 60 120 180 181 362 b
1 2 4 6 12 18 30 60 120 180 182 362 b
1 2 4 6 12 18 30 60 120 180 360 362 b
1 2 4 6 12 18 30 60 120 240 242 362 b
1 2 4 6 12 18 30 60 120 240 360 362 b
1 2 4 6 12 18 36 37 72 109 181 362 a
1 2 4 6 12 18 36 37 72 144 181 362 a
1 2 4 6 12 18 36 54 90 91 181 362 b
1 2 4 6 12 18 36 54 90 180 181 362 b
1 2 4 6 12 18 36 54 90 180 182 362 b
1 2 4 6 12 18 36 54 90 180 360 362 b
1 2 4 6 12 18 36 72 73 108 181 362 a
1 2 4 6 12 18 36 72 73 109 181 362 b
1 2 4 6 12 18 36 72 73 145 181 362 b
1 2 4 6 12 18 36 72 73 145 217 362 b
1 2 4 6 12 18 36 72 73 145 290 362 b
1 2 4 6 12 18 36 72 74 144 218 362 a
1 2 4 6 12 18 36 72 74 144 288 362 a
1 2 4 6 12 18 36 72 90 91 181 362 b
1 2 4 6 12 18 36 72 90 180 181 362 b
1 2 4 6 12 18 36 72 90 180 182 362 b
1 2 4 6 12 18 36 72 90 180 360 362 b
1 2 4 6 12 18 36 72 108 109 181 362 b
1 2 4 6 12 18 36 72 108 180 181 362 b
1 2 4 6 12 18 36 72 108 180 182 362 b
1 2 4 6 12 18 36 72 108 180 360 362 b
1 2 4 6 12 18 36 72 144 145 181 362 b
1 2 4 6 12 18 36 72 144 145 217 362 b
1 2 4 6 12 18 36 72 144 145 290 362 b
1 2 4 6 12 18 36 72 144 146 216 362 a
1 2 4 6 12 18 36 72 144 146 218 362 b
1 2 4 6 12 18 36 72 144 146 290 362 b
1 2 4 6 12 18 36 72 144 180 181 362 b
1 2 4 6 12 18 36 72 144 180 182 362 b
1 2 4 6 12 18 36 72 144 180 360 362 b
1 2 4 6 12 18 36 72 144 216 218 362 b
1 2 4 6 12 18 36 72 144 216 360 362 b
1 2 4 6 12 18 36 72 144 288 290 362 b
1 2 4 6 12 18 36 72 144 288 360 362 b
1 2 4 6 12 24 30 60 61 120 181 362 a
1 2 4 6 12 24 30 60 61 121 181 362 b
1 2 4 6 12 24 30 60 90 91 181 362 b
1 2 4 6 12 24 30 60 90 180 181 362 b
1 2 4 6 12 24 30 60 90 180 182 362 b
1 2 4 6 12 24 30 60 90 180 360 362 b
1 2 4 6 12 24 30 60 120 121 181 362 b
1 2 4 6 12 24 30 60 120 121 241 362 b
1 2 4 6 12 24 30 60 120 121 242 362 b
1 2 4 6 12 24 30 60 120 122 240 362 a
1 2 4 6 12 24 30 60 120 122 242 362 b
1 2 4 6 12 24 30 60 120 180 181 362 b
1 2 4 6 12 24 30 60 120 180 182 362 b
1 2 4 6 12 24 30 60 120 180 360 362 b
1 2 4 6 12 24 30 60 120 240 242 362 b
1 2 4 6 12 24 30 60 120 240 360 362 b
1 2 4 6 12 24 36 37 72 109 181 362 a
1 2 4 6 12 24 36 37 72 144 181 362 a
1 2 4 6 12 24 36 60 61 120 181 362 a
1 2 4 6 12 24 36 60 61 121 181 362 b
1 2 4 6 12 24 36 60 120 121 181 362 b
1 2 4 6 12 24 36 60 120 121 241 362 b
1 2 4 6 12 24 36 60 120 121 242 362 b
1 2 4 6 12 24 36 60 120 122 240 362 a
1 2 4 6 12 24 36 60 120 122 242 362 b
1 2 4 6 12 24 36 60 120 180 181 362 b
1 2 4 6 12 24 36 60 120 180 182 362 b
1 2 4 6 12 24 36 60 120 180 360 362 b
1 2 4 6 12 24 36 60 120 240 242 362 b
1 2 4 6 12 24 36 60 120 240 360 362 b
1 2 4 6 12 24 36 72 73 108 181 362 a
1 2 4 6 12 24 36 72 73 109 181 362 b
1 2 4 6 12 24 36 72 73 145 181 362 b
1 2 4 6 12 24 36 72 73 145 217 362 b
1 2 4 6 12 24 36 72 73 145 290 362 b
1 2 4 6 12 24 36 72 74 144 218 362 a
1 2 4 6 12 24 36 72 74 144 288 362 a
1 2 4 6 12 24 36 72 108 109 181 362 b
1 2 4 6 12 24 36 72 108 180 181 362 b
1 2 4 6 12 24 36 72 108 180 182 362 b
1 2 4 6 12 24 36 72 108 180 360 362 b
1 2 4 6 12 24 36 72 144 145 181 362 b
1 2 4 6 12 24 36 72 144 145 217 362 b
1 2 4 6 12 24 36 72 144 145 290 362 b
1 2 4 6 12 24 36 72 144 146 216 362 a
1 2 4 6 12 24 36 72 144 146 218 362 b
1 2 4 6 12 24 36 72 144 146 290 362 b
1 2 4 6 12 24 36 72 144 180 181 362 b
1 2 4 6 12 24 36 72 144 180 182 362 b
1 2 4 6 12 24 36 72 144 180 360 362 b
1 2 4 6 12 24 36 72 144 216 218 362 b
1 2 4 6 12 24 36 72 144 216 360 362 b
1 2 4 6 12 24 36 72 144 288 290 362 b
1 2 4 6 12 24 36 72 144 288 360 362 b
1 2 4 6 12 24 48 60 61 120 181 362 a
1 2 4 6 12 24 48 60 61 121 181 362 b
1 2 4 6 12 24 48 60 120 121 181 362 b
1 2 4 6 12 24 48 60 120 121 241 362 b
1 2 4 6 12 24 48 60 120 121 242 362 b
1 2 4 6 12 24 48 60 120 122 240 362 a
1 2 4 6 12 24 48 60 120 122 242 362 b
1 2 4 6 12 24 48 60 120 180 181 362 b
1 2 4 6 12 24 48 60 120 180 182 362 b
1 2 4 6 12 24 48 60 120 180 360 362 b
1 2 4 6 12 24 48 60 120 240 242 362 b
1 2 4 6 12 24 48 60 120 240 360 362 b
1 2 4 6 12 24 48 72 73 145 217 362 b
1 2 4 6 12 24 48 72 73 145 290 362 b
1 2 4 6 12 24 48 72 74 144 218 362 a
1 2 4 6 12 24 48 72 74 144 288 362 a
1 2 4 6 12 24 48 72 120 121 241 362 b
1 2 4 6 12 24 48 72 120 121 242 362 b
1 2 4 6 12 24 48 72 120 122 240 362 a
1 2 4 6 12 24 48 72 120 122 242 362 b
1 2 4 6 12 24 48 72 120 240 242 362 b
1 2 4 6 12 24 48 72 120 240 360 362 b
1 2 4 6 12 24 48 72 144 145 217 362 b
1 2 4 6 12 24 48 72 144 145 290 362 b
1 2 4 6 12 24 48 72 144 146 216 362 a
1 2 4 6 12 24 48 72 144 146 218 362 b
1 2 4 6 12 24 48 72 144 146 290 362 b
1 2 4 6 12 24 48 72 144 216 218 362 b
1 2 4 6 12 24 48 72 144 216 360 362 b
1 2 4 6 12 24 48 72 144 288 290 362 b
1 2 4 6 12 24 48 72 144 288 360 362 b
1 2 4 6 12 24 48 96 120 121 241 362 b
1 2 4 6 12 24 48 96 120 121 242 362 b
1 2 4 6 12 24 48 96 120 122 240 362 a
1 2 4 6 12 24 48 96 120 122 242 362 b
1 2 4 6 12 24 48 96 120 240 242 362 b
1 2 4 6 12 24 48 96 120 240 360 362 b
1 2 4 8 9 13 21 42 84 97 181 362 b
1 2 4 8 9 13 21 42 84 168 181 362 b
1 2 4 8 9 17 26 43 69 112 181 362 b
1 2 4 8 9 17 26 43 69 138 181 362 b
1 2 4 8 9 17 26 43 86 95 181 362 b
1 2 4 8 9 17 26 43 86 172 181 362 b
1 2 4 8 9 17 34 43 86 95 181 362 b
1 2 4 8 9 17 34 43 86 172 181 362 b
1 2 4 8 9 18 27 45 90 91 181 362 b
1 2 4 8 9 18 27 45 90 180 181 362 b
1 2 4 8 9 18 27 45 90 180 182 362 b
1 2 4 8 9 18 27 45 90 180 360 362 b
1 2 4 8 9 18 36 37 72 109 181 362 a
1 2 4 8 9 18 36 37 72 144 181 362 a
1 2 4 8 9 18 36 45 90 91 181 362 b
1 2 4 8 9 18 36 45 90 180 181 362 b
1 2 4 8 9 18 36 45 90 180 182 362 b
1 2 4 8 9 18 36 45 90 180 360 362 b
1 2 4 8 9 18 36 54 90 91 181 362 b
1 2 4 8 9 18 36 54 90 180 181 362 b
1 2 4 8 9 18 36 54 90 180 182 362 b
1 2 4 8 9 18 36 54 90 180 360 362 b
1 2 4 8 9 18 36 72 73 108 181 362 a
1 2 4 8 9 18 36 72 73 109 181 362 b
1 2 4 8 9 18 36 72 73 145 181 362 b
1 2 4 8 9 18 36 72 73 145 217 362 b
1 2 4 8 9 18 36 72 73 145 290 362 b
1 2 4 8 9 18 36 72 74 144 218 362 a
1 2 4 8 9 18 36 72 74 144 288 362 a
1 2 4 8 9 18 36 72 90 91 181 362 b
1 2 4 8 9 18 36 72 90 180 181 362 b
1 2 4 8 9 18 36 72 90 180 182 362 b
1 2 4 8 9 18 36 72 90 180 360 362 b
1 2 4 8 9 18 36 72 108 109 181 362 b
1 2 4 8 9 18 36 72 108 180 181 362 b
1 2 4 8 9 18 36 72 108 180 182 362 b
1 2 4 8 9 18 36 72 108 180 360 362 b
1 2 4 8 9 18 36 72 144 145 181 362 b
1 2 4 8 9 18 36 72 144 145 217 362 b
1 2 4 8 9 18 36 72 144 145 290 362 b
1 2 4 8 9 18 36 72 144 146 216 362 a
1 2 4 8 9 18 36 72 144 146 218 362 b
1 2 4 8 9 18 36 72 144 146 290 362 b
1 2 4 8 9 18 36 72 144 180 181 362 b
1 2 4 8 9 18 36 72 144 180 182 362 b
1 2 4 8 9 18 36 72 144 180 360 362 b
1 2 4 8 9 18 36 72 144 216 218 362 b
1 2 4 8 9 18 36 72 144 216 360 362 b
1 2 4 8 9 18 36 72 144 288 290 362 b
1 2 4 8 9 18 36 72 144 288 360 362 b
1 2 4 8 10 11 22 44 88 176 186 362 b
1 2 4 8 10 11 22 44 88 176 352 362 b
1 2 4 8 10 12 22 44 88 176 186 362 b
1 2 4 8 10 12 22 44 88 176 352 362 b
1 2 4 8 10 14 22 44 88 176 186 362 b
1 2 4 8 10 14 22 44 88 176 352 362 b
1 2 4 8 10 16 26 42 84 168 194 362 a
1 2 4 8 10 16 26 42 84 168 336 362 a
1 2 4 8 10 18 22 44 88 176 186 362 b
1 2 4 8 10 18 22 44 88 176 352 362 b
1 2 4 8 10 18 26 44 88 176 186 362 b
1 2 4 8 10 18 26 44 88 176 352 362 b
1 2 4 8 10 18 36 37 72 109 181 362 a
1 2 4 8 10 18 36 37 72 144 181 362 a
1 2 4 8 10 18 36 44 88 176 186 362 b
1 2 4 8 10 18 36 44 88 176 352 362 b
1 2 4 8 10 18 36 54 90 91 181 362 b
1 2 4 8 10 18 36 54 90 180 181 362 b
1 2 4 8 10 18 36 54 90 180 182 362 b
1 2 4 8 10 18 36 54 90 180 360 362 b
1 2 4 8 10 18 36 72 73 108 181 362 a
1 2 4 8 10 18 36 72 73 109 181 362 b
1 2 4 8 10 18 36 72 73 145 181 362 b
1 2 4 8 10 18 36 72 73 145 217 362 b
1 2 4 8 10 18 36 72 73 145 290 362 b
1 2 4 8 10 18 36 72 74 144 218 362 a
1 2 4 8 10 18 36 72 74 144 288 362 a
1 2 4 8 10 18 36 72 90 91 181 362 b
1 2 4 8 10 18 36 72 90 180 181 362 b
1 2 4 8 10 18 36 72 90 180 182 362 b
1 2 4 8 10 18 36 72 90 180 360 362 b
1 2 4 8 10 18 36 72 108 109 181 362 b
1 2 4 8 10 18 36 72 108 180 181 362 b
1 2 4 8 10 18 36 72 108 180 182 362 b
1 2 4 8 10 18 36 72 108 180 360 362 b
1 2 4 8 10 18 36 72 144 145 181 362 b
1 2 4 8 10 18 36 72 144 145 217 362 b
1 2 4 8 10 18 36 72 144 145 290 362 b
1 2 4 8 10 18 36 72 144 146 216 362 a
1 2 4 8 10 18 36 72 144 146 218 362 b
1 2 4 8 10 18 36 72 144 146 290 362 b
1 2 4 8 10 18 36 72 144 180 181 362 b
1 2 4 8 10 18 36 72 144 180 182 362 b
1 2 4 8 10 18 36 72 144 180 360 362 b
1 2 4 8 10 18 36 72 144 216 218 362 b
1 2 4 8 10 18 36 72 144 216 360 362 b
1 2 4 8 10 18 36 72 144 288 290 362 b
1 2 4 8 10 18 36 72 144 288 360 362 b
1 2 4 8 10 20 21 40 80 101 181 362 a
1 2 4 8 10 20 21 40 80 160 181 362 a
1 2 4 8 10 20 22 44 88 176 186 362 b
1 2 4 8 10 20 22 44 88 176 352 362 b
1 2 4 8 10 20 24 44 88 176 186 362 b
1 2 4 8 10 20 24 44 88 176 352 362 b
1 2 4 8 10 20 30 60 61 120 181 362 a
1 2 4 8 10 20 30 60 61 121 181 362 b
1 2 4 8 10 20 30 60 90 91 181 362 b
1 2 4 8 10 20 30 60 90 180 181 362 b
1 2 4 8 10 20 30 60 90 180 182 362 b
1 2 4 8 10 20 30 60 90 180 360 362 b
1 2 4 8 10 20 30 60 120 121 181 362 b
1 2 4 8 10 20 30 60 120 121 241 362 b
1 2 4 8 10 20 30 60 120 121 242 362 b
1 2 4 8 10 20 30 60 120 122 240 362 a
1 2 4 8 10 20 30 60 120 122 242 362 b
1 2 4 8 10 20 30 60 120 180 181 362 b
1 2 4 8 10 20 30 60 120 180 182 362 b
1 2 4 8 10 20 30 60 120 180 360 362 b
1 2 4 8 10 20 30 60 120 240 242 362 b
1 2 4 8 10 20 30 60 120 240 360 362 b
1 2 4 8 10 20 40 42 80 160 202 362 a
1 2 4 8 10 20 40 42 80 160 320 362 a
1 2 4 8 10 20 40 44 88 176 186 362 b
1 2 4 8 10 20 40 44 88 176 352 362 b
1 2 4 8 10 20 40 48 88 176 186 362 b
1 2 4 8 10 20 40 48 88 176 352 362 b
1 2 4 8 10 20 40 50 90 91 181 362 b
1 2 4 8 10 20 40 50 90 180 181 362 b
1 2 4 8 10 20 40 50 90 180 182 362 b
1 2 4 8 10 20 40 50 90 180 360 362 b
1 2 4 8 10 20 40 60 61 120 181 362 a
1 2 4 8 10 20 40 60 61 121 181 362 b
1 2 4 8 10 20 40 60 120 121 181 362 b
1 2 4 8 10 20 40 60 120 121 241 362 b
1 2 4 8 10 20 40 60 120 121 242 362 b
1 2 4 8 10 20 40 60 120 122 240 362 a
1 2 4 8 10 20 40 60 120 122 242 362 b
1 2 4 8 10 20 40 60 120 180 181 362 b
1 2 4 8 10 20 40 60 120 180 182 362 b
1 2 4 8 10 20 40 60 120 180 360 362 b
1 2 4 8 10 20 40 60 120 240 242 362 b
1 2 4 8 10 20 40 60 120 240 360 362 b
1 2 4 8 10 20 40 80 81 100 181 362 a
1 2 4 8 10 20 40 80 81 101 181 362 b
1 2 4 8 10 20 40 80 81 161 181 362 b
1 2 4 8 10 20 40 80 81 161 201 362 b
1 2 4 8 10 20 40 80 81 161 322 362 b
1 2 4 8 10 20 40 80 88 176 186 362 b
1 2 4 8 10 20 40 80 88 176 352 362 b
1 2 4 8 10 20 40 80 90 91 181 362 b
1 2 4 8 10 20 40 80 90 180 181 362 b
1 2 4 8 10 20 40 80 90 180 182 362 b
1 2 4 8 10 20 40 80 90 180 360 362 b
1 2 4 8 10 20 40 80 100 101 181 362 b
1 2 4 8 10 20 40 80 100 180 181 362 b
1 2 4 8 10 20 40 80 100 180 182 362 b
1 2 4 8 10 20 40 80 100 180 360 362 b
1 2 4 8 10 20 40 80 120 121 241 362 b
1 2 4 8 10 20 40 80 120 121 242 362 b
1 2 4 8 10 20 40 80 120 122 240 362 a
1 2 4 8 10 20 40 80 120 122 242 362 b
1 2 4 8 10 20 40 80 120 240 242 362 b
1 2 4 8 10 20 40 80 120 240 360 362 b
1 2 4 8 10 20 40 80 160 161 181 362 b
1 2 4 8 10 20 40 80 160 161 201 362 b
1 2 4 8 10 20 40 80 160 161 322 362 b
1 2 4 8 10 20 40 80 160 162 200 362 a
1 2 4 8 10 20 40 80 160 162 202 362 b
1 2 4 8 10 20 40 80 160 162 322 362 b
1 2 4 8 10 20 40 80 160 180 181 362 b
1 2 4 8 10 20 40 80 160 180 182 362 b
1 2 4 8 10 20 40 80 160 180 360 362 b
1 2 4 8 10 20 40 80 160 200 202 362 b
1 2 4 8 10 20 40 80 160 200 360 362 b
1 2 4 8 10 20 40 80 160 320 322 362 b
1 2 4 8 10 20 40 80 160 320 360 362 b
1 2 4 8 12 13 21 42 84 97 181 362 b
1 2 4 8 12 13 21 42 84 168 181 362 b
1 2 4 8 12 20 21 40 80 101 181 362 a
1 2 4 8 12 20 21 40 80 160 181 362 a
1 2 4 8 12 20 40 42 80 160 202 362 a
1 2 4 8 12 20 40 42 80 160 320 362 a
1 2 4 8 12 20 40 60 61 120 181 362 a
1 2 4 8 12 20 40 60 61 121 181 362 b
1 2 4 8 12 20 40 60 120 121 181 362 b
1 2 4 8 12 20 40 60 120 121 241 362 b
1 2 4 8 12 20 40 60 120 121 242 362 b
1 2 4 8 12 20 40 60 120 122 240 362 a
1 2 4 8 12 20 40 60 120 122 242 362 b
1 2 4 8 12 20 40 60 120 180 181 362 b
1 2 4 8 12 20 40 60 120 180 182 362 b
1 2 4 8 12 20 40 60 120 180 360 362 b
1 2 4 8 12 20 40 60 120 240 242 362 b
1 2 4 8 12 20 40 60 120 240 360 362 b
1 2 4 8 12 20 40 80 81 100 181 362 a
1 2 4 8 12 20 40 80 81 101 181 362 b
1 2 4 8 12 20 40 80 81 161 181 362 b
1 2 4 8 12 20 40 80 81 161 201 362 b
1 2 4 8 12 20 40 80 81 161 322 362 b
1 2 4 8 12 20 40 80 100 101 181 362 b
1 2 4 8 12 20 40 80 100 180 181 362 b
1 2 4 8 12 20 40 80 100 180 182 362 b
1 2 4 8 12 20 40 80 100 180 360 362 b
1 2 4 8 12 20 40 80 120 121 241 362 b
1 2 4 8 12 20 40 80 120 121 242 362 b
1 2 4 8 12 20 40 80 120 122 240 362 a
1 2 4 8 12 20 40 80 120 122 242 362 b
1 2 4 8 12 20 40 80 120 240 242 362 b
1 2 4 8 12 20 40 80 120 240 360 362 b
1 2 4 8 12 20 40 80 160 161 181 362 b
1 2 4 8 12 20 40 80 160 161 201 362 b
1 2 4 8 12 20 40 80 160 161 322 362 b
1 2 4 8 12 20 40 80 160 162 200 362 a
1 2 4 8 12 20 40 80 160 162 202 362 b
1 2 4 8 12 20 40 80 160 162 322 362 b
1 2 4 8 12 20 40 80 160 180 181 362 b
1 2 4 8 12 20 40 80 160 180 182 362 b
1 2 4 8 12 20 40 80 160 180 360 362 b
1 2 4 8 12 20 40 80 160 200 202 362 b
1 2 4 8 12 20 40 80 160 200 360 362 b
1 2 4 8 12 20 40 80 160 320 322 362 b
1 2 4 8 12 20 40 80 160 320 360 362 b
1 2 4 8 12 24 36 37 72 109 181 362 a
1 2 4 8 12 24 36 37 72 144 181 362 a
1 2 4 8 12 24 36 60 61 120 181 362 a
1 2 4 8 12 24 36 60 61 121 181 362 b
1 2 4 8 12 24 36 60 120 121 181 362 b
1 2 4 8 12 24 36 60 120 121 241 362 b
1 2 4 8 12 24 36 60 120 121 242 362 b
1 2 4 8 12 24 36 60 120 122 240 362 a
1 2 4 8 12 24 36 60 120 122 242 362 b
1 2 4 8 12 24 36 60 120 180 181 362 b
1 2 4 8 12 24 36 60 120 180 182 362 b
1 2 4 8 12 24 36 60 120 180 360 362 b
1 2 4 8 12 24 36 60 120 240 242 362 b
1 2 4 8 12 24 36 60 120 240 360 362 b
1 2 4 8 12 24 36 72 73 108 181 362 a
1 2 4 8 12 24 36 72 73 109 181 362 b
1 2 4 8 12 24 36 72 73 145 181 362 b
1 2 4 8 12 24 36 72 73 145 217 362 b
1 2 4 8 12 24 36 72 73 145 290 362 b
1 2 4 8 12 24 36 72 74 144 218 362 a
1 2 4 8 12 24 36 72 74 144 288 362 a
1 2 4 8 12 24 36 72 108 109 181 362 b
1 2 4 8 12 24 36 72 108 180 181 362 b
1 2 4 8 12 24 36 72 108 180 182 362 b
1 2 4 8 12 24 36 72 108 180 360 362 b
1 2 4 8 12 24 36 72 144 145 181 362 b
1 2 4 8 12 24 36 72 144 145 217 362 b
1 2 4 8 12 24 36 72 144 145 290 362 b
1 2 4 8 12 24 36 72 144 146 216 362 a
1 2 4 8 12 24 36 72 144 146 218 362 b
1 2 4 8 12 24 36 72 144 146 290 362 b
1 2 4 8 12 24 36 72 144 180 181 362 b
1 2 4 8 12 24 36 72 144 180 182 362 b
1 2 4 8 12 24 36 72 144 180 360 362 b
1 2 4 8 12 24 36 72 144 216 218 362 b
1 2 4 8 12 24 36 72 144 216 360 362 b
1 2 4 8 12 24 36 72 144 288 290 362 b
1 2 4 8 12 24 36 72 144 288 360 362 b
1 2 4 8 12 24 48 60 61 120 181 362 a
1 2 4 8 12 24 48 60 61 121 181 362 b
1 2 4 8 12 24 48 60 120 121 181 362 b
1 2 4 8 12 24 48 60 120 121 241 362 b
1 2 4 8 12 24 48 60 120 121 242 362 b
1 2 4 8 12 24 48 60 120 122 240 362 a
1 2 4 8 12 24 48 60 120 122 242 362 b
1 2 4 8 12 24 48 60 120 180 181 362 b
1 2 4 8 12 24 48 60 120 180 182 362 b
1 2 4 8 12 24 48 60 120 180 360 362 b
1 2 4 8 12 24 48 60 120 240 242 362 b
1 2 4 8 12 24 48 60 120 240 360 362 b
1 2 4 8 12 24 48 72 73 145 217 362 b
1 2 4 8 12 24 48 72 73 145 290 362 b
1 2 4 8 12 24 48 72 74 144 218 362 a
1 2 4 8 12 24 48 72 74 144 288 362 a
1 2 4 8 12 24 48 72 120 121 241 362 b
1 2 4 8 12 24 48 72 120 121 242 362 b
1 2 4 8 12 24 48 72 120 122 240 362 a
1 2 4 8 12 24 48 72 120 122 242 362 b
1 2 4 8 12 24 48 72 120 240 242 362 b
1 2 4 8 12 24 48 72 120 240 360 362 b
1 2 4 8 12 24 48 72 144 145 217 362 b
1 2 4 8 12 24 48 72 144 145 290 362 b
1 2 4 8 12 24 48 72 144 146 216 362 a
1 2 4 8 12 24 48 72 144 146 218 362 b
1 2 4 8 12 24 48 72 144 146 290 362 b
1 2 4 8 12 24 48 72 144 216 218 362 b
1 2 4 8 12 24 48 72 144 216 360 362 b
1 2 4 8 12 24 48 72 144 288 290 362 b
1 2 4 8 12 24 48 72 144 288 360 362 b
1 2 4 8 12 24 48 96 120 121 241 362 b
1 2 4 8 12 24 48 96 120 121 242 362 b
1 2 4 8 12 24 48 96 120 122 240 362 a
1 2 4 8 12 24 48 96 120 122 242 362 b
1 2 4 8 12 24 48 96 120 240 242 362 b
1 2 4 8 12 24 48 96 120 240 360 362 b
1 2 4 8 16 17 24 41 82 99 181 362 a
1 2 4 8 16 17 24 41 82 164 181 362 a
1 2 4 8 16 17 25 41 82 99 181 362 b
1 2 4 8 16 17 25 41 82 164 181 362 b
1 2 4 8 16 17 32 49 66 115 181 362 a
1 2 4 8 16 17 32 49 66 132 181 362 a
1 2 4 8 16 17 33 37 74 107 181 362 b
1 2 4 8 16 17 33 37 74 148 181 362 b
1 2 4 8 16 17 33 41 74 107 181 362 b
1 2 4 8 16 17 33 41 74 148 181 362 b
1 2 4 8 16 17 33 41 82 99 181 362 b
1 2 4 8 16 17 33 41 82 164 181 362 b
1 2 4 8 16 17 33 49 66 115 181 362 b
1 2 4 8 16 17 33 49 66 132 181 362 b
1 2 4 8 16 17 33 49 82 99 181 362 b
1 2 4 8 16 17 33 49 82 164 181 362 b
1 2 4 8 16 17 33 66 74 107 181 362 b
1 2 4 8 16 17 33 66 74 148 181 362 b
1 2 4 8 16 17 33 66 74 148 214 362 b
1 2 4 8 16 17 33 66 74 148 296 362 b
1 2 4 8 16 17 33 66 82 99 181 362 b
1 2 4 8 16 17 33 66 82 115 181 362 b
1 2 4 8 16 17 33 66 82 148 181 362 b
1 2 4 8 16 17 33 66 82 148 214 362 b
1 2 4 8 16 17 33 66 82 148 296 362 b
1 2 4 8 16 17 33 66 82 164 181 362 b
1 2 4 8 16 17 33 66 99 115 181 362 b
1 2 4 8 16 17 33 66 99 165 181 362 b
1 2 4 8 16 17 33 66 132 148 181 362 b
1 2 4 8 16 17 33 66 132 148 214 362 b
1 2 4 8 16 17 33 66 132 148 296 362 b
1 2 4 8 16 17 33 66 132 165 181 362 b
1 2 4 8 16 18 26 42 84 168 194 362 b
1 2 4 8 16 18 26 42 84 168 336 362 b
1 2 4 8 16 18 34 52 86 138 224 362 b
1 2 4 8 16 18 34 52 86 138 276 362 b
1 2 4 8 16 18 34 52 86 172 190 362 b
1 2 4 8 16 18 34 52 86 172 344 362 b
1 2 4 8 16 18 34 68 86 172 190 362 b
1 2 4 8 16 18 34 68 86 172 344 362 b
1 2 4 8 16 18 36 37 72 109 181 362 a
1 2 4 8 16 18 36 37 72 144 181 362 a
1 2 4 8 16 18 36 54 90 91 181 362 b
1 2 4 8 16 18 36 54 90 180 181 362 b
1 2 4 8 16 18 36 54 90 180 182 362 b
1 2 4 8 16 18 36 54 90 180 360 362 b
1 2 4 8 16 18 36 72 73 108 181 362 a
1 2 4 8 16 18 36 72 73 109 181 362 b
1 2 4 8 16 18 36 72 73 145 181 362 b
1 2 4 8 16 18 36 72 73 145 217 362 b
1 2 4 8 16 18 36 72 73 145 290 362 b
1 2 4 8 16 18 36 72 74 144 218 362 a
1 2 4 8 16 18 36 72 74 144 288 362 a
1 2 4 8 16 18 36 72 90 91 181 362 b
1 2 4 8 16 18 36 72 90 180 181 362 b
1 2 4 8 16 18 36 72 90 180 182 362 b
1 2 4 8 16 18 36 72 90 180 360 362 b
1 2 4 8 16 18 36 72 108 109 181 362 b
1 2 4 8 16 18 36 72 108 180 181 362 b
1 2 4 8 16 18 36 72 108 180 182 362 b
1 2 4 8 16 18 36 72 108 180 360 362 b
1 2 4 8 16 18 36 72 144 145 181 362 b
1 2 4 8 16 18 36 72 144 145 217 362 b
1 2 4 8 16 18 36 72 144 145 290 362 b
1 2 4 8 16 18 36 72 144 146 216 362 a
1 2 4 8 16 18 36 72 144 146 218 362 b
1 2 4 8 16 18 36 72 144 146 290 362 b
1 2 4 8 16 18 36 72 144 180 181 362 b
1 2 4 8 16 18 36 72 144 180 182 362 b
1 2 4 8 16 18 36 72 144 180 360 362 b
1 2 4 8 16 18 36 72 144 216 218 362 b
1 2 4 8 16 18 36 72 144 216 360 362 b
1 2 4 8 16 18 36 72 144 288 290 362 b
1 2 4 8 16 18 36 72 144 288 360 362 b
1 2 4 8 16 20 21 40 80 101 181 362 a
1 2 4 8 16 20 21 40 80 160 181 362 a
1 2 4 8 16 20 36 37 72 109 181 362 a
1 2 4 8 16 20 36 37 72 144 181 362 a
1 2 4 8 16 20 36 72 73 108 181 362 a
1 2 4 8 16 20 36 72 73 109 181 362 b
1 2 4 8 16 20 36 72 73 145 181 362 b
1 2 4 8 16 20 36 72 73 145 217 362 b
1 2 4 8 16 20 36 72 73 145 290 362 b
1 2 4 8 16 20 36 72 74 144 218 362 a
1 2 4 8 16 20 36 72 74 144 288 362 a
1 2 4 8 16 20 36 72 108 109 181 362 b
1 2 4 8 16 20 36 72 108 180 181 362 b
1 2 4 8 16 20 36 72 108 180 182 362 b
1 2 4 8 16 20 36 72 108 180 360 362 b
1 2 4 8 16 20 36 72 144 145 181 362 b
1 2 4 8 16 20 36 72 144 145 217 362 b
1 2 4 8 16 20 36 72 144 145 290 362 b
1 2 4 8 16 20 36 72 144 146 216 362 a
1 2 4 8 16 20 36 72 144 146 218 362 b
1 2 4 8 16 20 36 72 144 146 290 362 b
1 2 4 8 16 20 36 72 144 180 181 362 b
1 2 4 8 16 20 36 72 144 180 182 362 b
1 2 4 8 16 20 36 72 144 180 360 362 b
1 2 4 8 16 20 36 72 144 216 218 362 b
1 2 4 8 16 20 36 72 144 216 360 362 b
1 2 4 8 16 20 36 72 144 288 290 362 b
1 2 4 8 16 20 36 72 144 288 360 362 b
1 2 4 8 16 20 40 42 80 160 202 362 a
1 2 4 8 16 20 40 42 80 160 320 362 a
1 2 4 8 16 20 40 60 61 120 181 362 a
1 2 4 8 16 20 40 60 61 121 181 362 b
1 2 4 8 16 20 40 60 120 121 181 362 b
1 2 4 8 16 20 40 60 120 121 241 362 b
1 2 4 8 16 20 40 60 120 121 242 362 b
1 2 4 8 16 20 40 60 120 122 240 362 a
1 2 4 8 16 20 40 60 120 122 242 362 b
1 2 4 8 16 20 40 60 120 180 181 362 b
1 2 4 8 16 20 40 60 120 180 182 362 b
1 2 4 8 16 20 40 60 120 180 360 362 b
1 2 4 8 16 20 40 60 120 240 242 362 b
1 2 4 8 16 20 40 60 120 240 360 362 b
1 2 4 8 16 20 40 80 81 100 181 362 a
1 2 4 8 16 20 40 80 81 101 181 362 b
1 2 4 8 16 20 40 80 81 161 181 362 b
1 2 4 8 16 20 40 80 81 161 201 362 b
1 2 4 8 16 20 40 80 81 161 322 362 b
1 2 4 8 16 20 40 80 100 101 181 362 b
1 2 4 8 16 20 40 80 100 180 181 362 b
1 2 4 8 16 20 40 80 100 180 182 362 b
1 2 4 8 16 20 40 80 100 180 360 362 b
1 2 4 8 16 20 40 80 120 121 241 362 b
1 2 4 8 16 20 40 80 120 121 242 362 b
1 2 4 8 16 20 40 80 120 122 240 362 a
1 2 4 8 16 20 40 80 120 122 242 362 b
1 2 4 8 16 20 40 80 120 240 242 362 b
1 2 4 8 16 20 40 80 120 240 360 362 b
1 2 4 8 16 20 40 80 160 161 181 362 b
1 2 4 8 16 20 40 80 160 161 201 362 b
1 2 4 8 16 20 40 80 160 161 322 362 b
1 2 4 8 16 20 40 80 160 162 200 362 a
1 2 4 8 16 20 40 80 160 162 202 362 b
1 2 4 8 16 20 40 80 160 162 322 362 b
1 2 4 8 16 20 40 80 160 180 181 362 b
1 2 4 8 16 20 40 80 160 180 182 362 b
1 2 4 8 16 20 40 80 160 180 360 362 b
1 2 4 8 16 20 40 80 160 200 202 362 b
1 2 4 8 16 20 40 80 160 200 360 362 b
1 2 4 8 16 20 40 80 160 320 322 362 b
1 2 4 8 16 20 40 80 160 320 360 362 b
1 2 4 8 16 24 26 42 84 168 194 362 b
1 2 4 8 16 24 26 42 84 168 336 362 b
1 2 4 8 16 24 40 42 80 160 202 362 a
1 2 4 8 16 24 40 42 80 160 320 362 a
1 2 4 8 16 24 40 80 81 161 201 362 b
1 2 4 8 16 24 40 80 81 161 322 362 b
1 2 4 8 16 24 40 80 120 121 241 362 b
1 2 4 8 16 24 40 80 120 121 242 362 b
1 2 4 8 16 24 40 80 120 122 240 362 a
1 2 4 8 16 24 40 80 120 122 242 362 b
1 2 4 8 16 24 40 80 120 240 242 362 b
1 2 4 8 16 24 40 80 120 240 360 362 b
1 2 4 8 16 24 40 80 160 161 201 362 b
1 2 4 8 16 24 40 80 160 161 322 362 b
1 2 4 8 16 24 40 80 160 162 200 362 a
1 2 4 8 16 24 40 80 160 162 202 362 b
1 2 4 8 16 24 40 80 160 162 322 362 b
1 2 4 8 16 24 40 80 160 200 202 362 b
1 2 4 8 16 24 40 80 160 200 360 362 b
1 2 4 8 16 24 40 80 160 320 322 362 b
1 2 4 8 16 24 40 80 160 320 360 362 b
1 2 4 8 16 24 48 72 73 145 217 362 b
1 2 4 8 16 24 48 72 73 145 290 362 b
1 2 4 8 16 24 48 72 74 144 218 362 a
1 2 4 8 16 24 48 72 74 144 288 362 a
1 2 4 8 16 24 48 72 120 121 241 362 b
1 2 4 8 16 24 48 72 120 121 242 362 b
1 2 4 8 16 24 48 72 120 122 240 362 a
1 2 4 8 16 24 48 72 120 122 242 362 b
1 2 4 8 16 24 48 72 120 240 242 362 b
1 2 4 8 16 24 48 72 120 240 360 362 b
1 2 4 8 16 24 48 72 144 145 217 362 b
1 2 4 8 16 24 48 72 144 145 290 362 b
1 2 4 8 16 24 48 72 144 146 216 362 a
1 2 4 8 16 24 48 72 144 146 218 362 b
1 2 4 8 16 24 48 72 144 146 290 362 b
1 2 4 8 16 24 48 72 144 216 218 362 b
1 2 4 8 16 24 48 72 144 216 360 362 b
1 2 4 8 16 24 48 72 144 288 290 362 b
1 2 4 8 16 24 48 72 144 288 360 362 b
1 2 4 8 16 24 48 96 120 121 241 362 b
1 2 4 8 16 24 48 96 120 121 242 362 b
1 2 4 8 16 24 48 96 120 122 240 362 a
1 2 4 8 16 24 48 96 120 122 242 362 b
1 2 4 8 16 24 48 96 120 240 242 362 b
1 2 4 8 16 24 48 96 120 240 360 362 b
1 2 4 8 16 32 33 37 74 107 181 362 b
1 2 4 8 16 32 33 37 74 148 181 362 b
1 2 4 8 16 32 33 41 74 107 181 362 b
1 2 4 8 16 32 33 41 74 148 181 362 b
1 2 4 8 16 32 33 49 66 115 181 362 a
1 2 4 8 16 32 33 49 66 132 181 362 a
1 2 4 8 16 32 33 66 74 107 181 362 b
1 2 4 8 16 32 33 66 74 148 181 362 b
1 2 4 8 16 32 33 66 74 148 214 362 b
1 2 4 8 16 32 33 66 74 148 296 362 b
1 2 4 8 16 32 33 66 82 99 181 362 a
1 2 4 8 16 32 33 66 82 115 181 362 b
1 2 4 8 16 32 33 66 82 148 181 362 b
1 2 4 8 16 32 33 66 82 148 214 362 b
1 2 4 8 16 32 33 66 82 148 296 362 b
1 2 4 8 16 32 33 66 98 132 230 362 a
1 2 4 8 16 32 33 66 98 132 264 362 a
1 2 4 8 16 32 33 66 99 115 181 362 b
1 2 4 8 16 32 33 66 99 165 181 362 b
1 2 4 8 16 32 33 66 99 165 197 362 b
1 2 4 8 16 32 33 66 99 165 330 362 b
1 2 4 8 16 32 33 66 132 148 181 362 b
1 2 4 8 16 32 33 66 132 148 214 362 b
1 2 4 8 16 32 33 66 132 148 296 362 b
1 2 4 8 16 32 33 66 132 164 198 362 a
1 2 4 8 16 32 33 66 132 164 230 362 b
1 2 4 8 16 32 33 66 132 164 296 362 b
1 2 4 8 16 32 33 66 132 165 181 362 b
1 2 4 8 16 32 33 66 132 165 197 362 b
1 2 4 8 16 32 33 66 132 165 330 362 b
1 2 4 8 16 32 33 66 132 198 230 362 b
1 2 4 8 16 32 33 66 132 198 330 362 b
1 2 4 8 16 32 33 66 132 264 296 362 b
1 2 4 8 16 32 33 66 132 264 330 362 b
1 2 4 8 16 32 34 48 82 164 198 362 a
1 2 4 8 16 32 34 48 82 164 328 362 a
1 2 4 8 16 32 34 50 82 164 198 362 b
1 2 4 8 16 32 34 50 82 164 328 362 b
1 2 4 8 16 32 34 64 98 132 230 362 a
1 2 4 8 16 32 34 64 98 132 264 362 a
1 2 4 8 16 32 34 66 74 148 214 362 b
1 2 4 8 16 32 34 66 74 148 296 362 b
1 2 4 8 16 32 34 66 82 148 214 362 b
1 2 4 8 16 32 34 66 82 148 296 362 b
1 2 4 8 16 32 34 66 82 164 198 362 b
1 2 4 8 16 32 34 66 82 164 328 362 b
1 2 4 8 16 32 34 66 98 132 230 362 b
1 2 4 8 16 32 34 66 98 132 264 362 b
1 2 4 8 16 32 34 66 98 164 198 362 b
1 2 4 8 16 32 34 66 98 164 328 362 b
1 2 4 8 16 32 34 66 132 148 214 362 b
1 2 4 8 16 32 34 66 132 148 296 362 b
1 2 4 8 16 32 34 66 132 164 198 362 b
1 2 4 8 16 32 34 66 132 164 230 362 b
1 2 4 8 16 32 34 66 132 164 296 362 b
1 2 4 8 16 32 34 66 132 164 328 362 b
1 2 4 8 16 32 34 66 132 198 230 362 b
1 2 4 8 16 32 34 66 132 198 330 362 b
1 2 4 8 16 32 34 66 132 264 296 362 b
1 2 4 8 16 32 34 66 132 264 330 362 b
1 2 4 8 16 32 36 37 72 109 181 362 a
1 2 4 8 16 32 36 37 72 144 181 362 a
1 2 4 8 16 32 36 72 73 108 181 362 a
1 2 4 8 16 32 36 72 73 109 181 362 b
1 2 4 8 16 32 36 72 73 145 181 362 b
1 2 4 8 16 32 36 72 73 145 217 362 b
1 2 4 8 16 32 36 72 73 145 290 362 b
1 2 4 8 16 32 36 72 74 144 218 362 a
1 2 4 8 16 32 36 72 74 144 288 362 a
1 2 4 8 16 32 36 72 108 109 181 362 b
1 2 4 8 16 32 36 72 108 180 181 362 b
1 2 4 8 16 32 36 72 108 180 182 362 b
1 2 4 8 16 32 36 72 108 180 360 362 b
1 2 4 8 16 32 36 72 144 145 181 362 b
1 2 4 8 16 32 36 72 144 145 217 362 b
1 2 4 8 16 32 36 72 144 145 290 362 b
1 2 4 8 16 32 36 72 144 146 216 362 a
1 2 4 8 16 32 36 72 144 146 218 362 b
1 2 4 8 16 32 36 72 144 146 290 362 b
1 2 4 8 16 32 36 72 144 180 181 362 b
1 2 4 8 16 32 36 72 144 180 182 362 b
1 2 4 8 16 32 36 72 144 180 360 362 b
1 2 4 8 16 32 36 72 144 216 218 362 b
1 2 4 8 16 32 36 72 144 216 360 362 b
1 2 4 8 16 32 36 72 144 288 290 362 b
1 2 4 8 16 32 36 72 144 288 360 362 b
1 2 4 8 16 32 40 42 80 160 202 362 a
1 2 4 8 16 32 40 42 80 160 320 362 a
1 2 4 8 16 32 40 72 73 145 217 362 b
1 2 4 8 16 32 40 72 73 145 290 362 b
1 2 4 8 16 32 40 72 74 144 218 362 a
1 2 4 8 16 32 40 72 74 144 288 362 a
1 2 4 8 16 32 40 72 144 145 217 362 b
1 2 4 8 16 32 40 72 144 145 290 362 b
1 2 4 8 16 32 40 72 144 146 216 362 a
1 2 4 8 16 32 40 72 144 146 218 362 b
1 2 4 8 16 32 40 72 144 146 290 362 b
1 2 4 8 16 32 40 72 144 216 218 362 b
1 2 4 8 16 32 40 72 144 216 360 362 b
1 2 4 8 16 32 40 72 144 288 290 362 b
1 2 4 8 16 32 40 72 144 288 360 362 b
1 2 4 8 16 32 40 80 81 161 201 362 b
1 2 4 8 16 32 40 80 81 161 322 362 b
1 2 4 8 16 32 40 80 120 121 241 362 b
1 2 4 8 16 32 40 80 120 121 242 362 b
1 2 4 8 16 32 40 80 120 122 240 362 a
1 2 4 8 16 32 40 80 120 122 242 362 b
1 2 4 8 16 32 40 80 120 240 242 362 b
1 2 4 8 16 32 40 80 120 240 360 362 b
1 2 4 8 16 32 40 80 160 161 201 362 b
1 2 4 8 16 32 40 80 160 161 322 362 b
1 2 4 8 16 32 40 80 160 162 200 362 a
1 2 4 8 16 32 40 80 160 162 202 362 b
1 2 4 8 16 32 40 80 160 162 322 362 b
1 2 4 8 16 32 40 80 160 200 202 362 b
1 2 4 8 16 32 40 80 160 200 360 362 b
1 2 4 8 16 32 40 80 160 320 322 362 b
1 2 4 8 16 32 40 80 160 320 360 362 b
1 2 4 8 16 32 64 66 74 148 214 362 b
1 2 4 8 16 32 64 66 74 148 296 362 b
1 2 4 8 16 32 64 66 82 148 214 362 b
1 2 4 8 16 32 64 66 82 148 296 362 b
1 2 4 8 16 32 64 66 98 132 230 362 a
1 2 4 8 16 32 64 66 98 132 264 362 a
1 2 4 8 16 32 64 66 132 148 214 362 b
1 2 4 8 16 32 64 66 132 148 296 362 b
1 2 4 8 16 32 64 66 132 164 198 362 a
1 2 4 8 16 32 64 66 132 164 230 362 b
1 2 4 8 16 32 64 66 132 164 296 362 b
1 2 4 8 16 32 64 66 132 198 230 362 b
1 2 4 8 16 32 64 66 132 198 330 362 b
1 2 4 8 16 32 64 66 132 264 296 362 b
1 2 4 8 16 32 64 66 132 264 330 362 b
1 2 4 8 16 32 64 72 73 145 217 362 b
1 2 4 8 16 32 64 72 73 145 290 362 b
1 2 4 8 16 32 64 72 74 144 218 362 a
1 2 4 8 16 32 64 72 74 144 288 362 a
1 2 4 8 16 32 64 72 144 145 217 362 b
1 2 4 8 16 32 64 72 144 145 290 362 b
1 2 4 8 16 32 64 72 144 146 216 362 a
1 2 4 8 16 32 64 72 144 146 218 362 b
1 2 4 8 16 32 64 72 144 146 290 362 b
1 2 4 8 16 32 64 72 144 216 218 362 b
1 2 4 8 16 32 64 72 144 216 360 362 b
1 2 4 8 16 32 64 72 144 288 290 362 b
1 2 4 8 16 32 64 72 144 288 360 362 b
