1 2 3 4 8 11 19 38 76 152 155 307 b
1 2 3 4 8 11 19 38 76 152 304 307 b
1 2 3 4 8 16 19 38 76 152 155 307 b
1 2 3 4 8 16 19 38 76 152 304 307 b
1 2 3 5 7 12 19 38 76 152 155 307 b
1 2 3 5 7 12 19 38 76 152 304 307 b
1 2 3 5 7 14 19 38 76 152 155 307 b
1 2 3 5 7 14 19 38 76 152 304 307 b
1 2 3 5 8 11 19 38 76 152 155 307 b
1 2 3 5 8 11 19 38 76 152 304 307 b
1 2 3 5 8 16 19 38 76 152 155 307 b
1 2 3 5 8 16 19 38 76 152 304 307 b
1 2 3 5 10 20 23 43 66 132 175 307 b
1 2 3 5 10 20 23 43 66 132 264 307 b
1 2 3 6 7 12 19 38 76 152 155 307 a
1 2 3 6 7 12 19 38 76 152 304 307 a
1 2 3 6 7 13 19 38 76 152 155 307 b
1 2 3 6 7 13 19 38 76 152 304 307 b
1 2 3 6 8 11 19 38 76 152 155 307 b
1 2 3 6 8 11 19 38 76 152 304 307 b
1 2 3 6 8 16 19 38 76 152 155 307 b
1 2 3 6 8 16 19 38 76 152 304 307 b
1 2 3 6 8 16 22 38 76 152 155 307 b
1 2 3 6 8 16 22 38 76 152 304 307 b
1 2 3 6 8 16 32 38 76 152 155 307 b
1 2 3 6 8 16 32 38 76 152 304 307 b
1 2 3 6 9 10 19 38 76 152 155 307 b
1 2 3 6 9 10 19 38 76 152 304 307 b
1 2 3 6 9 18 19 36 72 144 163 307 a
1 2 3 6 9 18 19 36 72 144 288 307 a
1 2 3 6 9 18 19 38 76 152 155 307 b
1 2 3 6 9 18 19 38 76 152 304 307 b
1 2 3 6 9 18 20 38 76 152 155 307 b
1 2 3 6 9 18 20 38 76 152 304 307 b
1 2 3 6 9 18 36 38 76 152 155 307 b
1 2 3 6 9 18 36 38 76 152 304 307 b
1 2 3 6 9 18 36 72 81 153 154 307 b
1 2 3 6 9 18 36 72 81 153 306 307 b
1 2 3 6 9 18 36 72 144 145 162 307 a
1 2 3 6 9 18 36 72 144 145 163 307 b
1 2 3 6 9 18 36 72 144 145 289 307 b
1 2 3 6 9 18 36 72 144 153 154 307 b
1 2 3 6 9 18 36 72 144 153 306 307 b
1 2 3 6 9 18 36 72 144 162 163 307 b
1 2 3 6 9 18 36 72 144 162 306 307 b
1 2 3 6 9 18 36 72 144 288 289 307 b
1 2 3 6 9 18 36 72 144 288 306 307 b
1 2 3 6 12 13 19 38 76 152 155 307 b
1 2 3 6 12 13 19 38 76 152 304 307 b
1 2 3 6 12 13 25 38 76 152 155 307 b
1 2 3 6 12 13 25 38 76 152 304 307 b
1 2 3 6 12 13 26 38 76 152 155 307 b
1 2 3 6 12 13 26 38 76 152 304 307 b
1 2 3 6 12 14 24 38 76 152 155 307 a
1 2 3 6 12 14 24 38 76 152 304 307 a
1 2 3 6 12 14 26 38 76 152 155 307 b
1 2 3 6 12 14 26 38 76 152 304 307 b
1 2 3 6 12 18 19 36 72 144 163 307 a
1 2 3 6 12 18 19 36 72 144 288 307 a
1 2 3 6 12 18 19 38 76 152 155 307 b
1 2 3 6 12 18 19 38 76 152 304 307 b
1 2 3 6 12 18 20 38 76 152 155 307 b
1 2 3 6 12 18 20 38 76 152 304 307 b
1 2 3 6 12 18 36 38 76 152 155 307 b
1 2 3 6 12 18 36 38 76 152 304 307 b
1 2 3 6 12 18 36 72 144 145 162 307 a
1 2 3 6 12 18 36 72 144 145 163 307 b
1 2 3 6 12 18 36 72 144 145 289 307 b
1 2 3 6 12 18 36 72 144 162 163 307 b
1 2 3 6 12 18 36 72 144 162 306 307 b
1 2 3 6 12 18 36 72 144 288 289 307 b
1 2 3 6 12 18 36 72 144 288 306 307 b
1 2 3 6 12 24 26 38 76 152 155 307 b
1 2 3 6 12 24 26 38 76 152 304 307 b
1 2 3 6 12 24 26 50 76 152 155 307 b
1 2 3 6 12 24 26 50 76 152 304 307 b
1 2 3 6 12 24 26 52 76 152 155 307 b
1 2 3 6 12 24 26 52 76 152 304 307 b
1 2 3 6 12 24 27 51 102 103 204 307 a
1 2 3 6 12 24 27 51 102 103 205 307 b
1 2 3 6 12 24 27 51 102 153 154 307 b
1 2 3 6 12 24 27 51 102 153 306 307 b
1 2 3 6 12 24 27 51 102 204 205 307 b
1 2 3 6 12 24 27 51 102 204 306 307 b
1 2 3 6 12 24 36 38 76 152 155 307 b
1 2 3 6 12 24 36 38 76 152 304 307 b
1 2 3 6 12 24 48 51 102 103 204 307 a
1 2 3 6 12 24 48 51 102 103 205 307 b
1 2 3 6 12 24 48 51 102 153 154 307 b
1 2 3 6 12 24 48 51 102 153 306 307 b
1 2 3 6 12 24 48 51 102 204 205 307 b
1 2 3 6 12 24 48 51 102 204 306 307 b
1 2 3 6 12 24 48 54 102 103 204 307 a
1 2 3 6 12 24 48 54 102 103 205 307 b
1 2 3 6 12 24 48 54 102 204 205 307 b
1 2 3 6 12 24 48 54 102 204 306 307 b
1 2 3 6 12 24 48 96 102 103 204 307 a
1 2 3 6 12 24 48 96 102 103 205 307 b
1 2 3 6 12 24 48 96 102 204 205 307 b
1 2 3 6 12 24 48 96 102 204 306 307 b
1 2 4 5 9 14 28 56 65 121 186 307 b
1 2 4 5 9 14 28 56 65 121 242 307 b
1 2 4 5 9 18 19 36 72 144 163 307 a
1 2 4 5 9 18 19 36 72 144 288 307 a
1 2 4 5 9 18 36 72 77 149 158 307 b
1 2 4 5 9 18 36 72 77 149 298 307 b
1 2 4 5 9 18 36 72 81 153 154 307 b
1 2 4 5 9 18 36 72 81 153 306 307 b
1 2 4 5 9 18 36 72 144 145 162 307 a
1 2 4 5 9 18 36 72 144 145 163 307 b
1 2 4 5 9 18 36 72 144 145 289 307 b
1 2 4 5 9 18 36 72 144 149 158 307 b
1 2 4 5 9 18 36 72 144 149 298 307 b
1 2 4 5 9 18 36 72 144 153 154 307 b
1 2 4 5 9 18 36 72 144 153 306 307 b
1 2 4 5 9 18 36 72 144 162 163 307 b
1 2 4 5 9 18 36 72 144 162 306 307 b
1 2 4 5 9 18 36 72 144 288 289 307 b
1 2 4 5 9 18 36 72 144 288 306 307 b
1 2 4 6 12 18 19 36 72 144 163 307 a
1 2 4 6 12 18 19 36 72 144 288 307 a
1 2 4 6 12 18 36 72 144 145 162 307 a
1 2 4 6 12 18 36 72 144 145 163 307 b
1 2 4 6 12 18 36 72 144 145 289 307 b
1 2 4 6 12 18 36 72 144 162 163 307 b
1 2 4 6 12 18 36 72 144 162 306 307 b
1 2 4 6 12 18 36 72 144 288 289 307 b
1 2 4 6 12 18 36 72 144 288 306 307 b
1 2 4 6 12 24 48 54 102 103 204 307 a
1 2 4 6 12 24 48 54 102 103 205 307 b
1 2 4 6 12 24 48 54 102 204 205 307 b
1 2 4 6 12 24 48 54 102 204 306 307 b
1 2 4 6 12 24 48 96 102 103 204 307 a
1 2 4 6 12 24 48 96 102 103 205 307 b
1 2 4 6 12 24 48 96 102 204 205 307 b
1 2 4 6 12 24 48 96 102 204 306 307 b
1 2 4 8 9 17 19 36 72 144 163 307 b
1 2 4 8 9 17 19 36 72 144 288 307 b
1 2 4 8 9 17 34 35 68 136 171 307 a
1 2 4 8 9 17 34 35 68 136 272 307 a
1 2 4 8 9 17 34 51 102 103 204 307 a
1 2 4 8 9 17 34 51 102 103 205 307 b
1 2 4 8 9 17 34 51 102 153 154 307 b
1 2 4 8 9 17 34 51 102 153 306 307 b
1 2 4 8 9 17 34 51 102 204 205 307 b
1 2 4 8 9 17 34 51 102 204 306 307 b
1 2 4 8 9 17 34 68 77 145 162 307 b
1 2 4 8 9 17 34 68 77 145 290 307 b
1 2 4 8 9 17 34 68 85 153 154 307 b
1 2 4 8 9 17 34 68 85 153 306 307 b
1 2 4 8 9 17 34 68 102 103 204 307 a
1 2 4 8 9 17 34 68 102 103 205 307 b
1 2 4 8 9 17 34 68 102 204 205 307 b
1 2 4 8 9 17 34 68 102 204 306 307 b
1 2 4 8 9 17 34 68 136 137 170 307 a
1 2 4 8 9 17 34 68 136 137 171 307 b
1 2 4 8 9 17 34 68 136 137 273 307 b
1 2 4 8 9 17 34 68 136 145 162 307 b
1 2 4 8 9 17 34 68 136 145 290 307 b
1 2 4 8 9 17 34 68 136 153 154 307 b
1 2 4 8 9 17 34 68 136 153 306 307 b
1 2 4 8 9 17 34 68 136 170 171 307 b
1 2 4 8 9 17 34 68 136 170 306 307 b
1 2 4 8 9 17 34 68 136 272 273 307 b
1 2 4 8 9 17 34 68 136 272 306 307 b
1 2 4 8 9 18 19 36 72 144 163 307 a
1 2 4 8 9 18 19 36 72 144 288 307 a
1 2 4 8 9 18 27 35 70 140 167 307 b
1 2 4 8 9 18 27 35 70 140 280 307 b
1 2 4 8 9 18 36 72 81 153 154 307 b
1 2 4 8 9 18 36 72 81 153 306 307 b
1 2 4 8 9 18 36 72 144 145 162 307 a
1 2 4 8 9 18 36 72 144 145 163 307 b
1 2 4 8 9 18 36 72 144 145 289 307 b
1 2 4 8 9 18 36 72 144 153 154 307 b
1 2 4 8 9 18 36 72 144 153 306 307 b
1 2 4 8 9 18 36 72 144 162 163 307 b
1 2 4 8 9 18 36 72 144 162 306 307 b
1 2 4 8 9 18 36 72 144 288 289 307 b
1 2 4 8 9 18 36 72 144 288 306 307 b
1 2 4 8 10 18 19 36 72 144 163 307 a
1 2 4 8 10 18 19 36 72 144 288 307 a
1 2 4 8 10 18 36 72 144 145 162 307 a
1 2 4 8 10 18 36 72 144 145 163 307 b
1 2 4 8 10 18 36 72 144 145 289 307 b
1 2 4 8 10 18 36 72 144 162 163 307 b
1 2 4 8 10 18 36 72 144 162 306 307 b
1 2 4 8 10 18 36 72 144 288 289 307 b
1 2 4 8 10 18 36 72 144 288 306 307 b
1 2 4 8 12 24 48 49 97 105 202 307 b
1 2 4 8 12 24 48 49 97 105 210 307 b
1 2 4 8 12 24 48 96 97 105 202 307 b
1 2 4 8 12 24 48 96 97 105 210 307 b
1 2 4 8 16 17 19 36 72 144 163 307 b
1 2 4 8 16 17 19 36 72 144 288 307 b
1 2 4 8 16 17 32 49 81 113 194 307 a
1 2 4 8 16 17 32 49 81 113 226 307 a
1 2 4 8 16 17 32 64 81 113 194 307 a
1 2 4 8 16 17 32 64 81 113 226 307 a
1 2 4 8 16 17 32 64 81 145 162 307 a
1 2 4 8 16 17 32 64 81 145 226 307 a
1 2 4 8 16 17 32 64 81 145 290 307 a
1 2 4 8 16 17 32 64 81 162 226 307 a
1 2 4 8 16 17 32 64 81 162 243 307 a
1 2 4 8 16 17 32 64 128 145 162 307 a
1 2 4 8 16 17 32 64 128 145 290 307 a
1 2 4 8 16 17 33 35 68 136 171 307 b
1 2 4 8 16 17 33 35 68 136 272 307 b
1 2 4 8 16 17 34 35 68 136 171 307 a
1 2 4 8 16 17 34 35 68 136 272 307 a
1 2 4 8 16 17 34 51 102 103 204 307 a
1 2 4 8 16 17 34 51 102 103 205 307 b
1 2 4 8 16 17 34 51 102 153 154 307 b
1 2 4 8 16 17 34 51 102 153 306 307 b
1 2 4 8 16 17 34 51 102 204 205 307 b
1 2 4 8 16 17 34 51 102 204 306 307 b
1 2 4 8 16 17 34 68 85 153 154 307 b
1 2 4 8 16 17 34 68 85 153 306 307 b
1 2 4 8 16 17 34 68 102 103 204 307 a
1 2 4 8 16 17 34 68 102 103 205 307 b
1 2 4 8 16 17 34 68 102 204 205 307 b
1 2 4 8 16 17 34 68 102 204 306 307 b
1 2 4 8 16 17 34 68 136 137 170 307 a
1 2 4 8 16 17 34 68 136 137 171 307 b
1 2 4 8 16 17 34 68 136 137 273 307 b
1 2 4 8 16 17 34 68 136 153 154 307 b
1 2 4 8 16 17 34 68 136 153 306 307 b
1 2 4 8 16 17 34 68 136 170 171 307 b
1 2 4 8 16 17 34 68 136 170 306 307 b
1 2 4 8 16 17 34 68 136 272 273 307 b
1 2 4 8 16 17 34 68 136 272 306 307 b
1 2 4 8 16 18 19 36 72 144 163 307 a
1 2 4 8 16 18 19 36 72 144 288 307 a
1 2 4 8 16 18 34 35 68 136 171 307 a
1 2 4 8 16 18 34 35 68 136 272 307 a
1 2 4 8 16 18 34 68 102 103 204 307 a
1 2 4 8 16 18 34 68 102 103 205 307 b
1 2 4 8 16 18 34 68 102 204 205 307 b
1 2 4 8 16 18 34 68 102 204 306 307 b
1 2 4 8 16 18 34 68 136 137 170 307 a
1 2 4 8 16 18 34 68 136 137 171 307 b
1 2 4 8 16 18 34 68 136 137 273 307 b
1 2 4 8 16 18 34 68 136 170 171 307 b
1 2 4 8 16 18 34 68 136 170 306 307 b
1 2 4 8 16 18 34 68 136 272 273 307 b
1 2 4 8 16 18 34 68 136 272 306 307 b
1 2 4 8 16 18 36 72 144 145 162 307 a
1 2 4 8 16 18 36 72 144 145 163 307 b
1 2 4 8 16 18 36 72 144 145 289 307 b
1 2 4 8 16 18 36 72 144 162 163 307 b
1 2 4 8 16 18 36 72 144 162 306 307 b
1 2 4 8 16 18 36 72 144 288 289 307 b
1 2 4 8 16 18 36 72 144 288 306 307 b
1 2 4 8 16 24 48 49 97 105 202 307 b
1 2 4 8 16 24 48 49 97 105 210 307 b
1 2 4 8 16 24 48 49 97 113 194 307 a
1 2 4 8 16 24 48 49 97 113 210 307 b
1 2 4 8 16 24 48 49 97 194 210 307 b
1 2 4 8 16 24 48 49 97 194 291 307 b
1 2 4 8 16 24 48 96 97 105 202 307 b
1 2 4 8 16 24 48 96 97 105 210 307 b
1 2 4 8 16 24 48 96 97 113 194 307 a
1 2 4 8 16 24 48 96 97 113 210 307 b
1 2 4 8 16 24 48 96 97 194 210 307 b
1 2 4 8 16 24 48 96 97 194 291 307 b
1 2 4 8 16 32 33 35 68 136 171 307 b
1 2 4 8 16 32 33 35 68 136 272 307 b
1 2 4 8 16 32 33 48 81 113 194 307 a
1 2 4 8 16 32 33 48 81 113 226 307 a
1 2 4 8 16 32 33 49 81 113 194 307 b
1 2 4 8 16 32 33 49 81 113 226 307 b
1 2 4 8 16 32 33 64 97 105 202 307 a
1 2 4 8 16 32 33 64 97 105 210 307 a
1 2 4 8 16 32 33 64 97 113 194 307 a
1 2 4 8 16 32 33 64 97 113 210 307 a
1 2 4 8 16 32 33 64 97 194 210 307 a
1 2 4 8 16 32 33 64 97 194 291 307 a
1 2 4 8 16 32 33 65 81 113 194 307 b
1 2 4 8 16 32 33 65 81 113 226 307 b
1 2 4 8 16 32 33 65 97 105 202 307 b
1 2 4 8 16 32 33 65 97 105 210 307 b
1 2 4 8 16 32 33 65 97 113 194 307 a
1 2 4 8 16 32 33 65 97 113 210 307 b
1 2 4 8 16 32 33 65 97 194 210 307 b
1 2 4 8 16 32 33 65 97 194 291 307 b
1 2 4 8 16 32 34 35 68 136 171 307 a
1 2 4 8 16 32 34 35 68 136 272 307 a
1 2 4 8 16 32 34 68 102 103 204 307 a
1 2 4 8 16 32 34 68 102 103 205 307 b
1 2 4 8 16 32 34 68 102 204 205 307 b
1 2 4 8 16 32 34 68 102 204 306 307 b
1 2 4 8 16 32 34 68 136 137 170 307 a
1 2 4 8 16 32 34 68 136 137 171 307 b
1 2 4 8 16 32 34 68 136 137 273 307 b
1 2 4 8 16 32 34 68 136 170 171 307 b
1 2 4 8 16 32 34 68 136 170 306 307 b
1 2 4 8 16 32 34 68 136 272 273 307 b
1 2 4 8 16 32 34 68 136 272 306 307 b
1 2 4 8 16 32 40 41 81 113 194 307 b
1 2 4 8 16 32 40 41 81 113 226 307 b
1 2 4 8 16 32 40 80 81 113 194 307 b
1 2 4 8 16 32 40 80 81 113 226 307 b
1 2 4 8 16 32 48 49 80 129 178 307 a
1 2 4 8 16 32 48 49 80 129 258 307 a
1 2 4 8 16 32 48 49 81 113 194 307 b
1 2 4 8 16 32 48 49 81 113 226 307 b
1 2 4 8 16 32 48 49 81 129 178 307 b
1 2 4 8 16 32 48 49 81 129 258 307 b
1 2 4 8 16 32 48 49 97 105 202 307 b
1 2 4 8 16 32 48 49 97 105 210 307 b
1 2 4 8 16 32 48 49 97 113 194 307 a
1 2 4 8 16 32 48 49 97 113 210 307 b
1 2 4 8 16 32 48 49 97 129 178 307 b
1 2 4 8 16 32 48 49 97 129 258 307 b
1 2 4 8 16 32 48 49 97 194 210 307 b
1 2 4 8 16 32 48 49 97 194 291 307 b
1 2 4 8 16 32 48 80 81 113 194 307 b
1 2 4 8 16 32 48 80 81 113 226 307 b
1 2 4 8 16 32 48 96 97 105 202 307 b
1 2 4 8 16 32 48 96 97 105 210 307 b
1 2 4 8 16 32 48 96 97 113 194 307 a
1 2 4 8 16 32 48 96 97 113 210 307 b
1 2 4 8 16 32 48 96 97 194 210 307 b
1 2 4 8 16 32 48 96 97 194 291 307 b
1 2 4 8 16 32 64 65 81 113 194 307 b
1 2 4 8 16 32 64 65 81 113 226 307 b
1 2 4 8 16 32 64 65 81 145 162 307 a
1 2 4 8 16 32 64 65 81 145 226 307 b
1 2 4 8 16 32 64 65 81 162 226 307 b
1 2 4 8 16 32 64 65 81 162 243 307 b
1 2 4 8 16 32 64 65 97 105 202 307 b
1 2 4 8 16 32 64 65 97 105 210 307 b
1 2 4 8 16 32 64 65 97 113 194 307 a
1 2 4 8 16 32 64 65 97 113 210 307 b
1 2 4 8 16 32 64 65 97 194 210 307 b
1 2 4 8 16 32 64 65 97 194 291 307 b
1 2 4 8 16 32 64 80 81 113 194 307 b
1 2 4 8 16 32 64 80 81 113 226 307 b
1 2 4 8 16 32 64 80 81 145 162 307 a
1 2 4 8 16 32 64 80 81 145 226 307 b
1 2 4 8 16 32 64 80 81 162 226 307 b
1 2 4 8 16 32 64 80 81 162 243 307 b
1 2 4 8 16 32 64 96 97 105 202 307 b
1 2 4 8 16 32 64 96 97 105 210 307 b
1 2 4 8 16 32 64 96 97 113 194 307 a
1 2 4 8 16 32 64 96 97 113 210 307 b
1 2 4 8 16 32 64 96 97 194 210 307 b
1 2 4 8 16 32 64 96 97 194 291 307 b
