1 2 3 4 7 11 22 44 45 89 178 356 b
1 2 3 4 7 11 22 44 88 89 178 356 b
1 2 3 4 7 11 22 44 88 90 178 356 b
1 2 3 4 7 11 22 44 88 176 178 356 b
1 2 3 4 7 11 22 44 88 176 180 356 b
1 2 3 4 7 11 22 44 88 176 352 356 b
1 2 3 4 8 11 22 44 45 89 178 356 b
1 2 3 4 8 11 22 44 88 89 178 356 b
1 2 3 4 8 11 22 44 88 90 178 356 b
1 2 3 4 8 11 22 44 88 176 178 356 b
1 2 3 4 8 11 22 44 88 176 180 356 b
1 2 3 4 8 11 22 44 88 176 352 356 b
1 2 3 4 8 16 19 35 54 89 178 356 b
1 2 3 4 8 16 19 35 70 89 178 356 b
1 2 3 5 6 11 22 44 45 89 178 356 b
1 2 3 5 6 11 22 44 88 89 178 356 b
1 2 3 5 6 11 22 44 88 90 178 356 b
1 2 3 5 6 11 22 44 88 176 178 356 b
1 2 3 5 7 14 21 42 47 89 178 356 b
1 2 3 5 7 14 21 42 84 89 178 356 b
1 2 3 5 7 14 28 33 56 89 178 356 a
1 2 3 5 7 14 28 33 61 89 178 356 b
1 2 3 5 7 14 28 42 47 89 178 356 b
1 2 3 5 7 14 28 42 84 89 178 356 b
1 2 3 5 7 14 28 56 61 89 178 356 b
1 2 3 5 7 14 28 56 61 117 178 356 b
1 2 3 5 7 14 28 56 61 122 178 356 b
1 2 3 5 7 14 28 56 84 89 178 356 b
1 2 3 5 8 11 22 44 45 89 178 356 b
1 2 3 5 8 11 22 44 88 89 178 356 b
1 2 3 5 8 11 22 44 88 90 178 356 b
1 2 3 5 8 11 22 44 88 176 178 356 b
1 2 3 5 8 13 21 34 55 89 178 356 b
1 2 3 5 8 13 21 34 68 89 178 356 b
1 2 3 5 8 13 21 42 47 89 178 356 b
1 2 3 5 8 13 21 42 84 89 178 356 b
1 2 3 5 8 16 19 35 54 89 178 356 b
1 2 3 5 8 16 19 35 70 89 178 356 b
1 2 3 5 8 16 21 42 47 89 178 356 b
1 2 3 5 8 16 21 42 84 89 178 356 b
1 2 3 5 10 11 21 42 47 89 178 356 b
1 2 3 5 10 11 21 42 84 89 178 356 b
1 2 3 5 10 11 21 42 84 94 178 356 b
1 2 3 5 10 11 21 42 84 168 178 356 b
1 2 3 5 10 11 22 44 45 89 178 356 b
1 2 3 5 10 11 22 44 88 89 178 356 b
1 2 3 5 10 11 22 44 88 90 178 356 b
1 2 3 5 10 11 22 44 88 176 178 356 b
1 2 3 5 10 12 22 44 45 89 178 356 b
1 2 3 5 10 12 22 44 88 89 178 356 b
1 2 3 5 10 12 22 44 88 90 178 356 b
1 2 3 5 10 12 22 44 88 176 178 356 b
1 2 3 5 10 13 23 33 56 89 178 356 b
1 2 3 5 10 13 23 33 66 89 178 356 b
1 2 3 5 10 20 21 42 47 89 178 356 b
1 2 3 5 10 20 21 42 84 89 178 356 b
1 2 3 5 10 20 21 42 84 94 178 356 b
1 2 3 5 10 20 21 42 84 168 178 356 b
1 2 3 5 10 20 21 42 84 168 188 356 b
1 2 3 5 10 20 21 42 84 168 336 356 b
1 2 3 5 10 20 22 42 47 89 178 356 b
1 2 3 5 10 20 22 42 84 89 178 356 b
1 2 3 5 10 20 22 42 84 94 178 356 b
1 2 3 5 10 20 22 42 84 168 178 356 b
1 2 3 5 10 20 22 42 84 168 188 356 b
1 2 3 5 10 20 22 42 84 168 336 356 b
1 2 3 5 10 20 22 44 45 89 178 356 b
1 2 3 5 10 20 22 44 88 89 178 356 b
1 2 3 5 10 20 22 44 88 90 178 356 b
1 2 3 5 10 20 22 44 88 176 178 356 b
1 2 3 5 10 20 23 33 56 89 178 356 b
1 2 3 5 10 20 23 33 66 89 178 356 b
1 2 3 5 10 20 23 43 46 89 178 356 b
1 2 3 5 10 20 23 43 66 89 178 356 b
1 2 3 5 10 20 23 43 86 89 178 356 b
1 2 3 5 10 20 23 46 66 89 178 356 b
1 2 3 5 10 20 23 46 66 112 178 356 b
1 2 3 5 10 20 23 46 66 132 178 356 b
1 2 3 5 10 20 23 46 69 89 178 356 b
1 2 3 5 10 20 40 42 47 89 178 356 b
1 2 3 5 10 20 40 42 84 89 178 356 b
1 2 3 5 10 20 40 42 84 94 178 356 b
1 2 3 5 10 20 40 42 84 168 178 356 b
1 2 3 5 10 20 40 42 84 168 188 356 b
1 2 3 5 10 20 40 42 84 168 336 356 b
1 2 3 5 10 20 40 43 46 89 178 356 b
1 2 3 5 10 20 40 43 86 89 178 356 b
1 2 3 6 7 13 19 38 51 89 178 356 b
1 2 3 6 7 13 19 38 76 89 178 356 b
1 2 3 6 8 11 22 44 45 89 178 356 b
1 2 3 6 8 11 22 44 88 89 178 356 b
1 2 3 6 8 11 22 44 88 90 178 356 b
1 2 3 6 8 11 22 44 88 176 178 356 b
1 2 3 6 8 14 22 44 45 89 178 356 b
1 2 3 6 8 14 22 44 88 89 178 356 b
1 2 3 6 8 14 22 44 88 90 178 356 b
1 2 3 6 8 14 22 44 88 176 178 356 b
1 2 3 6 8 16 19 35 54 89 178 356 b
1 2 3 6 8 16 19 35 70 89 178 356 b
1 2 3 6 8 16 22 44 45 89 178 356 b
1 2 3 6 8 16 22 44 88 89 178 356 b
1 2 3 6 8 16 22 44 88 90 178 356 b
1 2 3 6 8 16 22 44 88 176 178 356 b
1 2 3 6 8 16 32 38 70 108 178 356 b
1 2 3 6 8 16 32 38 70 140 178 356 b
1 2 3 6 9 10 20 40 49 89 178 356 b
1 2 3 6 9 10 20 40 80 89 178 356 b
1 2 3 6 9 11 20 40 49 89 178 356 b
1 2 3 6 9 11 20 40 80 89 178 356 b
1 2 3 6 9 11 22 44 45 89 178 356 b
1 2 3 6 9 11 22 44 88 89 178 356 b
1 2 3 6 9 11 22 44 88 90 178 356 b
1 2 3 6 9 11 22 44 88 176 178 356 b
1 2 3 6 9 18 20 40 49 89 178 356 b
1 2 3 6 9 18 20 40 80 89 178 356 b
1 2 3 6 9 18 20 40 80 98 178 356 b
1 2 3 6 9 18 20 40 80 160 178 356 b
1 2 3 6 12 13 19 38 51 89 178 356 b
1 2 3 6 12 13 19 38 76 89 178 356 b
1 2 3 6 12 13 25 38 51 89 178 356 b
1 2 3 6 12 13 25 38 76 89 178 356 b
1 2 3 6 12 13 26 38 51 89 178 356 b
1 2 3 6 12 13 26 38 76 89 178 356 b
1 2 3 6 12 13 26 38 76 102 178 356 b
1 2 3 6 12 13 26 38 76 152 178 356 b
1 2 3 6 12 14 26 38 76 102 178 356 b
1 2 3 6 12 14 26 38 76 152 178 356 b
1 2 3 6 12 18 20 40 80 98 178 356 b
1 2 3 6 12 18 20 40 80 160 178 356 b
1 2 3 6 12 24 26 38 76 102 178 356 b
1 2 3 6 12 24 26 38 76 152 178 356 b
1 2 3 6 12 24 26 50 76 102 178 356 b
1 2 3 6 12 24 26 50 76 152 178 356 b
1 2 3 6 12 24 26 52 76 102 178 356 b
1 2 3 6 12 24 26 52 76 152 178 356 b
1 2 3 6 12 24 26 52 76 152 204 356 b
1 2 3 6 12 24 26 52 76 152 304 356 b
1 2 4 5 6 11 22 44 45 89 178 356 b
1 2 4 5 6 11 22 44 88 89 178 356 b
1 2 4 5 6 11 22 44 88 90 178 356 b
1 2 4 5 6 11 22 44 88 176 178 356 b
1 2 4 5 6 11 22 44 88 176 180 356 b
1 2 4 5 6 11 22 44 88 176 352 356 b
1 2 4 5 7 11 22 44 45 89 178 356 b
1 2 4 5 7 11 22 44 88 89 178 356 b
1 2 4 5 7 11 22 44 88 90 178 356 b
1 2 4 5 7 11 22 44 88 176 178 356 b
1 2 4 5 7 11 22 44 88 176 180 356 b
1 2 4 5 7 11 22 44 88 176 352 356 b
1 2 4 5 7 14 21 42 47 89 178 356 b
1 2 4 5 7 14 21 42 84 89 178 356 b
1 2 4 5 7 14 28 33 56 89 178 356 a
1 2 4 5 7 14 28 33 61 89 178 356 b
1 2 4 5 7 14 28 42 47 89 178 356 b
1 2 4 5 7 14 28 42 84 89 178 356 b
1 2 4 5 7 14 28 56 61 89 178 356 b
1 2 4 5 7 14 28 56 61 117 178 356 b
1 2 4 5 7 14 28 56 61 122 178 356 b
1 2 4 5 7 14 28 56 84 89 178 356 b
1 2 4 5 8 13 21 34 55 89 178 356 a
1 2 4 5 8 13 21 34 68 89 178 356 a
1 2 4 5 8 13 21 42 47 89 178 356 a
1 2 4 5 8 13 21 42 84 89 178 356 a
1 2 4 5 8 16 21 42 47 89 178 356 a
1 2 4 5 8 16 21 42 84 89 178 356 a
1 2 4 5 9 10 20 40 49 89 178 356 b
1 2 4 5 9 10 20 40 80 89 178 356 b
1 2 4 5 9 11 20 40 49 89 178 356 b
1 2 4 5 9 11 20 40 80 89 178 356 b
1 2 4 5 9 11 22 44 45 89 178 356 b
1 2 4 5 9 11 22 44 88 89 178 356 b
1 2 4 5 9 11 22 44 88 90 178 356 b
1 2 4 5 9 11 22 44 88 176 178 356 b
1 2 4 5 9 11 22 44 88 176 180 356 b
1 2 4 5 9 11 22 44 88 176 352 356 b
1 2 4 5 9 13 22 44 45 89 178 356 b
1 2 4 5 9 13 22 44 88 89 178 356 b
1 2 4 5 9 13 22 44 88 90 178 356 b
1 2 4 5 9 13 22 44 88 176 178 356 b
1 2 4 5 9 13 22 44 88 176 180 356 b
1 2 4 5 9 13 22 44 88 176 352 356 b
1 2 4 5 9 14 28 33 56 89 178 356 a
1 2 4 5 9 14 28 33 61 89 178 356 b
1 2 4 5 9 14 28 42 47 89 178 356 b
1 2 4 5 9 14 28 42 84 89 178 356 b
1 2 4 5 9 14 28 56 61 89 178 356 b
1 2 4 5 9 14 28 56 61 117 178 356 b
1 2 4 5 9 14 28 56 61 122 178 356 b
1 2 4 5 9 14 28 56 84 89 178 356 b
1 2 4 5 9 18 20 40 49 89 178 356 b
1 2 4 5 9 18 20 40 80 89 178 356 b
1 2 4 5 9 18 20 40 80 98 178 356 b
1 2 4 5 9 18 20 40 80 160 178 356 b
1 2 4 5 9 18 22 40 49 89 178 356 b
1 2 4 5 9 18 22 40 80 89 178 356 b
1 2 4 5 9 18 22 40 80 98 178 356 b
1 2 4 5 9 18 22 40 80 160 178 356 b
1 2 4 5 9 18 22 44 45 89 178 356 b
1 2 4 5 9 18 22 44 88 89 178 356 b
1 2 4 5 9 18 22 44 88 90 178 356 b
1 2 4 5 9 18 22 44 88 176 178 356 b
1 2 4 5 9 18 22 44 88 176 180 356 b
1 2 4 5 9 18 22 44 88 176 352 356 b
1 2 4 5 9 18 27 31 58 89 178 356 b
1 2 4 5 9 18 27 31 62 89 178 356 b
1 2 4 5 9 18 36 40 49 89 178 356 b
1 2 4 5 9 18 36 40 80 89 178 356 b
1 2 4 5 9 18 36 40 80 98 178 356 b
1 2 4 5 9 18 36 40 80 160 178 356 b
1 2 4 5 9 18 36 40 80 160 196 356 b
1 2 4 5 9 18 36 40 80 160 320 356 b
1 2 4 5 10 11 21 42 47 89 178 356 b
1 2 4 5 10 11 21 42 84 89 178 356 b
1 2 4 5 10 11 21 42 84 94 178 356 b
1 2 4 5 10 11 21 42 84 168 178 356 b
1 2 4 5 10 11 22 44 45 89 178 356 b
1 2 4 5 10 11 22 44 88 89 178 356 b
1 2 4 5 10 11 22 44 88 90 178 356 b
1 2 4 5 10 11 22 44 88 176 178 356 b
1 2 4 5 10 11 22 44 88 176 180 356 b
1 2 4 5 10 11 22 44 88 176 352 356 b
1 2 4 5 10 12 22 44 45 89 178 356 b
1 2 4 5 10 12 22 44 88 89 178 356 b
1 2 4 5 10 12 22 44 88 90 178 356 b
1 2 4 5 10 12 22 44 88 176 178 356 b
1 2 4 5 10 12 22 44 88 176 180 356 b
1 2 4 5 10 12 22 44 88 176 352 356 b
1 2 4 5 10 14 28 33 56 89 178 356 a
1 2 4 5 10 14 28 33 61 89 178 356 b
1 2 4 5 10 14 28 42 47 89 178 356 b
1 2 4 5 10 14 28 42 84 89 178 356 b
1 2 4 5 10 14 28 42 84 94 178 356 b
1 2 4 5 10 14 28 42 84 168 178 356 b
1 2 4 5 10 14 28 56 61 89 178 356 b
1 2 4 5 10 14 28 56 61 117 178 356 b
1 2 4 5 10 14 28 56 61 122 178 356 b
1 2 4 5 10 14 28 56 66 112 178 356 a
1 2 4 5 10 14 28 56 66 122 178 356 b
1 2 4 5 10 14 28 56 84 89 178 356 b
1 2 4 5 10 14 28 56 84 94 178 356 b
1 2 4 5 10 14 28 56 84 168 178 356 b
1 2 4 5 10 14 28 56 112 122 178 356 b
1 2 4 5 10 14 28 56 112 122 234 356 b
1 2 4 5 10 14 28 56 112 122 244 356 b
1 2 4 5 10 14 28 56 112 168 178 356 b
1 2 4 5 10 20 21 42 47 89 178 356 b
1 2 4 5 10 20 21 42 84 89 178 356 b
1 2 4 5 10 20 21 42 84 94 178 356 b
1 2 4 5 10 20 21 42 84 168 178 356 b
1 2 4 5 10 20 21 42 84 168 188 356 b
1 2 4 5 10 20 21 42 84 168 336 356 b
1 2 4 5 10 20 22 42 47 89 178 356 b
1 2 4 5 10 20 22 42 84 89 178 356 b
1 2 4 5 10 20 22 42 84 94 178 356 b
1 2 4 5 10 20 22 42 84 168 178 356 b
1 2 4 5 10 20 22 42 84 168 188 356 b
1 2 4 5 10 20 22 42 84 168 336 356 b
1 2 4 5 10 20 22 44 45 89 178 356 b
1 2 4 5 10 20 22 44 88 89 178 356 b
1 2 4 5 10 20 22 44 88 90 178 356 b
1 2 4 5 10 20 22 44 88 176 178 356 b
1 2 4 5 10 20 22 44 88 176 180 356 b
1 2 4 5 10 20 22 44 88 176 352 356 b
1 2 4 5 10 20 24 44 45 89 178 356 b
1 2 4 5 10 20 24 44 88 89 178 356 b
1 2 4 5 10 20 24 44 88 90 178 356 b
1 2 4 5 10 20 24 44 88 176 178 356 b
1 2 4 5 10 20 24 44 88 176 180 356 b
1 2 4 5 10 20 24 44 88 176 352 356 b
1 2 4 5 10 20 40 42 47 89 178 356 b
1 2 4 5 10 20 40 42 84 89 178 356 b
1 2 4 5 10 20 40 42 84 94 178 356 b
1 2 4 5 10 20 40 42 84 168 178 356 b
1 2 4 5 10 20 40 42 84 168 188 356 b
1 2 4 5 10 20 40 42 84 168 336 356 b
1 2 4 5 10 20 40 44 45 89 178 356 b
1 2 4 5 10 20 40 44 49 89 178 356 b
1 2 4 5 10 20 40 44 84 89 178 356 b
1 2 4 5 10 20 40 44 84 94 178 356 b
1 2 4 5 10 20 40 44 84 168 178 356 b
1 2 4 5 10 20 40 44 84 168 188 356 b
1 2 4 5 10 20 40 44 84 168 336 356 b
1 2 4 5 10 20 40 44 88 89 178 356 b
1 2 4 5 10 20 40 44 88 90 178 356 b
1 2 4 5 10 20 40 44 88 176 178 356 b
1 2 4 5 10 20 40 44 88 176 180 356 b
1 2 4 5 10 20 40 44 88 176 352 356 b
1 2 4 5 10 20 40 45 49 89 178 356 b
1 2 4 5 10 20 40 45 85 89 178 356 b
1 2 4 5 10 20 40 80 84 89 178 356 b
1 2 4 5 10 20 40 80 84 94 178 356 b
1 2 4 5 10 20 40 80 84 168 178 356 b
1 2 4 5 10 20 40 80 84 168 188 356 b
1 2 4 5 10 20 40 80 84 168 336 356 b
1 2 4 5 10 20 40 80 85 89 178 356 b
1 2 4 6 7 11 22 44 45 89 178 356 b
1 2 4 6 7 11 22 44 88 89 178 356 b
1 2 4 6 7 11 22 44 88 90 178 356 b
1 2 4 6 7 11 22 44 88 176 178 356 b
1 2 4 6 7 11 22 44 88 176 180 356 b
1 2 4 6 7 11 22 44 88 176 352 356 b
1 2 4 6 7 13 19 38 51 89 178 356 b
1 2 4 6 7 13 19 38 76 89 178 356 b
1 2 4 6 8 14 22 44 45 89 178 356 b
1 2 4 6 8 14 22 44 88 89 178 356 b
1 2 4 6 8 14 22 44 88 90 178 356 b
1 2 4 6 8 14 22 44 88 176 178 356 b
1 2 4 6 8 14 22 44 88 176 180 356 b
1 2 4 6 8 14 22 44 88 176 352 356 b
1 2 4 6 8 16 22 44 45 89 178 356 b
1 2 4 6 8 16 22 44 88 89 178 356 b
1 2 4 6 8 16 22 44 88 90 178 356 b
1 2 4 6 8 16 22 44 88 176 178 356 b
1 2 4 6 8 16 22 44 88 176 180 356 b
1 2 4 6 8 16 22 44 88 176 352 356 b
1 2 4 6 8 16 32 38 70 108 178 356 b
1 2 4 6 8 16 32 38 70 140 178 356 b
1 2 4 6 10 11 21 42 84 94 178 356 b
1 2 4 6 10 11 21 42 84 168 178 356 b
1 2 4 6 10 11 22 44 45 89 178 356 b
1 2 4 6 10 11 22 44 88 89 178 356 b
1 2 4 6 10 11 22 44 88 90 178 356 b
1 2 4 6 10 11 22 44 88 176 178 356 b
1 2 4 6 10 11 22 44 88 176 180 356 b
1 2 4 6 10 11 22 44 88 176 352 356 b
1 2 4 6 10 12 22 44 45 89 178 356 b
1 2 4 6 10 12 22 44 88 89 178 356 b
1 2 4 6 10 12 22 44 88 90 178 356 b
1 2 4 6 10 12 22 44 88 176 178 356 b
1 2 4 6 10 12 22 44 88 176 180 356 b
1 2 4 6 10 12 22 44 88 176 352 356 b
1 2 4 6 10 14 28 42 84 94 178 356 b
1 2 4 6 10 14 28 42 84 168 178 356 b
1 2 4 6 10 14 28 56 66 112 178 356 a
1 2 4 6 10 14 28 56 66 122 178 356 b
1 2 4 6 10 14 28 56 84 94 178 356 b
1 2 4 6 10 14 28 56 84 168 178 356 b
1 2 4 6 10 14 28 56 112 122 178 356 b
1 2 4 6 10 14 28 56 112 122 234 356 b
1 2 4 6 10 14 28 56 112 122 244 356 b
1 2 4 6 10 14 28 56 112 168 178 356 b
1 2 4 6 10 16 22 44 45 89 178 356 b
1 2 4 6 10 16 22 44 88 89 178 356 b
1 2 4 6 10 16 22 44 88 90 178 356 b
1 2 4 6 10 16 22 44 88 176 178 356 b
1 2 4 6 10 16 22 44 88 176 180 356 b
1 2 4 6 10 16 22 44 88 176 352 356 b
1 2 4 6 10 16 26 42 68 110 178 356 b
1 2 4 6 10 16 26 42 68 136 178 356 b
1 2 4 6 10 16 26 42 84 94 178 356 b
1 2 4 6 10 16 26 42 84 168 178 356 b
1 2 4 6 10 16 32 38 70 108 178 356 b
1 2 4 6 10 16 32 38 70 140 178 356 b
1 2 4 6 10 16 32 42 84 94 178 356 b
1 2 4 6 10 16 32 42 84 168 178 356 b
1 2 4 6 10 20 21 42 84 94 178 356 b
1 2 4 6 10 20 21 42 84 168 178 356 b
1 2 4 6 10 20 21 42 84 168 188 356 b
1 2 4 6 10 20 21 42 84 168 336 356 b
1 2 4 6 10 20 22 42 84 94 178 356 b
1 2 4 6 10 20 22 42 84 168 178 356 b
1 2 4 6 10 20 22 42 84 168 188 356 b
1 2 4 6 10 20 22 42 84 168 336 356 b
1 2 4 6 10 20 22 44 45 89 178 356 b
1 2 4 6 10 20 22 44 88 89 178 356 b
1 2 4 6 10 20 22 44 88 90 178 356 b
1 2 4 6 10 20 22 44 88 176 178 356 b
1 2 4 6 10 20 22 44 88 176 180 356 b
1 2 4 6 10 20 22 44 88 176 352 356 b
1 2 4 6 10 20 24 44 45 89 178 356 b
1 2 4 6 10 20 24 44 88 89 178 356 b
1 2 4 6 10 20 24 44 88 90 178 356 b
1 2 4 6 10 20 24 44 88 176 178 356 b
1 2 4 6 10 20 24 44 88 176 180 356 b
1 2 4 6 10 20 24 44 88 176 352 356 b
1 2 4 6 10 20 26 46 66 112 178 356 b
1 2 4 6 10 20 26 46 66 132 178 356 b
1 2 4 6 10 20 40 42 84 94 178 356 b
1 2 4 6 10 20 40 42 84 168 178 356 b
1 2 4 6 10 20 40 42 84 168 188 356 b
1 2 4 6 10 20 40 42 84 168 336 356 b
1 2 4 6 10 20 40 44 45 89 178 356 b
1 2 4 6 10 20 40 44 84 94 178 356 b
1 2 4 6 10 20 40 44 84 168 178 356 b
1 2 4 6 10 20 40 44 84 168 188 356 b
1 2 4 6 10 20 40 44 84 168 336 356 b
1 2 4 6 10 20 40 44 88 89 178 356 b
1 2 4 6 10 20 40 44 88 90 178 356 b
1 2 4 6 10 20 40 44 88 176 178 356 b
1 2 4 6 10 20 40 44 88 176 180 356 b
1 2 4 6 10 20 40 44 88 176 352 356 b
1 2 4 6 10 20 40 46 66 112 178 356 b
1 2 4 6 10 20 40 46 66 132 178 356 b
1 2 4 6 10 20 40 46 86 92 178 356 b
1 2 4 6 10 20 40 46 86 132 178 356 b
1 2 4 6 10 20 40 46 86 172 178 356 b
1 2 4 6 10 20 40 46 92 132 178 356 b
1 2 4 6 10 20 40 46 92 132 224 356 b
1 2 4 6 10 20 40 46 92 132 264 356 b
1 2 4 6 10 20 40 46 92 138 178 356 b
1 2 4 6 10 20 40 80 84 94 178 356 b
1 2 4 6 10 20 40 80 84 168 178 356 b
1 2 4 6 10 20 40 80 84 168 188 356 b
1 2 4 6 10 20 40 80 84 168 336 356 b
1 2 4 6 10 20 40 80 86 92 178 356 b
1 2 4 6 10 20 40 80 86 172 178 356 b
1 2 4 6 12 13 19 38 51 89 178 356 b
1 2 4 6 12 13 19 38 76 89 178 356 b
1 2 4 6 12 13 25 38 51 89 178 356 b
1 2 4 6 12 13 25 38 76 89 178 356 b
1 2 4 6 12 13 26 38 51 89 178 356 b
1 2 4 6 12 13 26 38 76 89 178 356 b
1 2 4 6 12 13 26 38 76 102 178 356 b
1 2 4 6 12 13 26 38 76 152 178 356 b
1 2 4 6 12 14 26 38 76 102 178 356 b
1 2 4 6 12 14 26 38 76 152 178 356 b
1 2 4 6 12 16 22 44 45 89 178 356 b
1 2 4 6 12 16 22 44 88 89 178 356 b
1 2 4 6 12 16 22 44 88 90 178 356 b
1 2 4 6 12 16 22 44 88 176 178 356 b
1 2 4 6 12 16 22 44 88 176 180 356 b
1 2 4 6 12 16 22 44 88 176 352 356 b
1 2 4 6 12 16 28 44 45 89 178 356 b
1 2 4 6 12 16 28 44 88 89 178 356 b
1 2 4 6 12 16 28 44 88 90 178 356 b
1 2 4 6 12 16 28 44 88 176 178 356 b
1 2 4 6 12 16 28 44 88 176 180 356 b
1 2 4 6 12 16 28 44 88 176 352 356 b
1 2 4 6 12 16 32 38 70 108 178 356 b
1 2 4 6 12 16 32 38 70 140 178 356 b
1 2 4 6 12 16 32 44 45 89 178 356 b
1 2 4 6 12 16 32 44 88 89 178 356 b
1 2 4 6 12 16 32 44 88 90 178 356 b
1 2 4 6 12 16 32 44 88 176 178 356 b
1 2 4 6 12 16 32 44 88 176 180 356 b
1 2 4 6 12 16 32 44 88 176 352 356 b
1 2 4 6 12 16 32 64 76 140 216 356 b
1 2 4 6 12 16 32 64 76 140 280 356 b
1 2 4 6 12 18 20 40 80 98 178 356 b
1 2 4 6 12 18 20 40 80 160 178 356 b
1 2 4 6 12 18 22 40 80 98 178 356 b
1 2 4 6 12 18 22 40 80 160 178 356 b
1 2 4 6 12 18 22 44 45 89 178 356 b
1 2 4 6 12 18 22 44 88 89 178 356 b
1 2 4 6 12 18 22 44 88 90 178 356 b
1 2 4 6 12 18 22 44 88 176 178 356 b
1 2 4 6 12 18 22 44 88 176 180 356 b
1 2 4 6 12 18 22 44 88 176 352 356 b
1 2 4 6 12 18 36 40 80 98 178 356 b
1 2 4 6 12 18 36 40 80 160 178 356 b
1 2 4 6 12 18 36 40 80 160 196 356 b
1 2 4 6 12 18 36 40 80 160 320 356 b
1 2 4 6 12 24 26 38 76 102 178 356 b
1 2 4 6 12 24 26 38 76 152 178 356 b
1 2 4 6 12 24 26 50 76 102 178 356 b
1 2 4 6 12 24 26 50 76 152 178 356 b
1 2 4 6 12 24 26 52 76 102 178 356 b
1 2 4 6 12 24 26 52 76 152 178 356 b
1 2 4 6 12 24 26 52 76 152 204 356 b
1 2 4 6 12 24 26 52 76 152 304 356 b
1 2 4 6 12 24 28 52 76 152 204 356 b
1 2 4 6 12 24 28 52 76 152 304 356 b
1 2 4 6 12 24 36 40 80 160 196 356 b
1 2 4 6 12 24 36 40 80 160 320 356 b
1 2 4 6 12 24 48 52 76 152 204 356 b
1 2 4 6 12 24 48 52 76 152 304 356 b
1 2 4 6 12 24 48 52 100 152 204 356 b
1 2 4 6 12 24 48 52 100 152 304 356 b
1 2 4 6 12 24 48 52 104 152 204 356 b
1 2 4 6 12 24 48 52 104 152 304 356 b
1 2 4 8 9 10 20 40 49 89 178 356 b
1 2 4 8 9 10 20 40 80 89 178 356 b
1 2 4 8 9 11 20 40 49 89 178 356 b
1 2 4 8 9 11 20 40 80 89 178 356 b
1 2 4 8 9 11 22 44 45 89 178 356 b
1 2 4 8 9 11 22 44 88 89 178 356 b
1 2 4 8 9 11 22 44 88 90 178 356 b
1 2 4 8 9 11 22 44 88 176 178 356 b
1 2 4 8 9 11 22 44 88 176 180 356 b
1 2 4 8 9 11 22 44 88 176 352 356 b
1 2 4 8 9 12 20 40 49 89 178 356 a
1 2 4 8 9 12 20 40 80 89 178 356 a
1 2 4 8 9 13 21 34 55 89 178 356 b
1 2 4 8 9 13 21 34 68 89 178 356 b
1 2 4 8 9 13 22 44 45 89 178 356 b
1 2 4 8 9 13 22 44 88 89 178 356 b
1 2 4 8 9 13 22 44 88 90 178 356 b
1 2 4 8 9 13 22 44 88 176 178 356 b
1 2 4 8 9 13 22 44 88 176 180 356 b
1 2 4 8 9 13 22 44 88 176 352 356 b
1 2 4 8 9 16 20 40 49 89 178 356 a
1 2 4 8 9 16 20 40 80 89 178 356 a
1 2 4 8 9 16 24 40 49 89 178 356 a
1 2 4 8 9 16 24 40 80 89 178 356 a
1 2 4 8 9 16 25 32 57 89 178 356 a
1 2 4 8 9 16 25 32 64 89 178 356 a
1 2 4 8 9 16 32 40 49 89 178 356 a
1 2 4 8 9 16 32 40 80 89 178 356 a
1 2 4 8 9 16 32 41 48 89 178 356 a
1 2 4 8 9 16 32 41 57 89 178 356 a
1 2 4 8 9 16 32 41 73 89 178 356 a
1 2 4 8 9 16 32 41 73 105 178 356 a
1 2 4 8 9 16 32 41 73 146 178 356 a
1 2 4 8 9 16 32 48 57 89 178 356 a
1 2 4 8 9 16 32 48 80 89 178 356 a
1 2 4 8 9 16 32 64 73 89 178 356 a
1 2 4 8 9 16 32 64 73 105 178 356 a
1 2 4 8 9 16 32 64 73 146 178 356 a
1 2 4 8 9 16 32 64 73 146 210 356 a
1 2 4 8 9 16 32 64 73 146 292 356 a
1 2 4 8 9 16 32 64 80 89 178 356 a
1 2 4 8 9 17 18 36 53 89 178 356 b
1 2 4 8 9 17 18 36 72 89 178 356 b
1 2 4 8 9 17 19 36 53 89 178 356 b
1 2 4 8 9 17 19 36 72 89 178 356 b
1 2 4 8 9 17 21 34 55 89 178 356 a
1 2 4 8 9 17 21 34 68 89 178 356 a
1 2 4 8 9 17 34 36 53 89 178 356 b
1 2 4 8 9 17 34 36 72 89 178 356 b
1 2 4 8 9 17 34 36 72 106 178 356 b
1 2 4 8 9 17 34 36 72 144 178 356 b
1 2 4 8 9 17 34 38 51 89 178 356 a
1 2 4 8 9 17 34 38 55 89 178 356 b
1 2 4 8 9 17 34 38 72 89 178 356 b
1 2 4 8 9 17 34 38 72 106 178 356 b
1 2 4 8 9 17 34 38 72 144 178 356 b
1 2 4 8 9 17 34 42 68 110 178 356 a
1 2 4 8 9 17 34 42 68 136 178 356 a
1 2 4 8 9 17 34 51 55 89 178 356 b
1 2 4 8 9 17 34 51 85 89 178 356 b
1 2 4 8 9 17 34 51 85 93 178 356 b
1 2 4 8 9 17 34 51 85 170 178 356 b
1 2 4 8 9 17 34 68 72 89 178 356 b
1 2 4 8 9 17 34 68 72 106 178 356 b
1 2 4 8 9 17 34 68 72 144 178 356 b
1 2 4 8 9 17 34 68 72 144 212 356 b
1 2 4 8 9 17 34 68 72 144 288 356 b
1 2 4 8 9 17 34 68 76 102 178 356 a
1 2 4 8 9 17 34 68 76 110 178 356 b
1 2 4 8 9 17 34 68 76 144 178 356 b
1 2 4 8 9 17 34 68 76 144 212 356 b
1 2 4 8 9 17 34 68 76 144 288 356 b
1 2 4 8 9 17 34 68 85 89 178 356 b
1 2 4 8 9 17 34 68 85 93 178 356 b
1 2 4 8 9 17 34 68 85 170 178 356 b
1 2 4 8 9 17 34 68 102 110 178 356 b
1 2 4 8 9 17 34 68 102 170 178 356 b
1 2 4 8 9 17 34 68 136 144 178 356 b
1 2 4 8 9 17 34 68 136 144 212 356 b
1 2 4 8 9 17 34 68 136 144 288 356 b
1 2 4 8 9 17 34 68 136 170 178 356 b
1 2 4 8 9 18 20 40 49 89 178 356 b
1 2 4 8 9 18 20 40 80 89 178 356 b
1 2 4 8 9 18 20 40 80 98 178 356 b
1 2 4 8 9 18 20 40 80 160 178 356 b
1 2 4 8 9 18 22 40 49 89 178 356 b
1 2 4 8 9 18 22 40 80 89 178 356 b
1 2 4 8 9 18 22 40 80 98 178 356 b
1 2 4 8 9 18 22 40 80 160 178 356 b
1 2 4 8 9 18 22 44 45 89 178 356 b
1 2 4 8 9 18 22 44 88 89 178 356 b
1 2 4 8 9 18 22 44 88 90 178 356 b
1 2 4 8 9 18 22 44 88 176 178 356 b
1 2 4 8 9 18 22 44 88 176 180 356 b
1 2 4 8 9 18 22 44 88 176 352 356 b
1 2 4 8 9 18 26 44 45 89 178 356 b
1 2 4 8 9 18 26 44 88 89 178 356 b
1 2 4 8 9 18 26 44 88 90 178 356 b
1 2 4 8 9 18 26 44 88 176 178 356 b
1 2 4 8 9 18 26 44 88 176 180 356 b
1 2 4 8 9 18 26 44 88 176 352 356 b
1 2 4 8 9 18 27 31 58 89 178 356 b
1 2 4 8 9 18 27 31 62 89 178 356 b
1 2 4 8 9 18 27 35 54 89 178 356 a
1 2 4 8 9 18 27 35 62 89 178 356 b
1 2 4 8 9 18 27 54 62 89 178 356 b
1 2 4 8 9 18 27 54 62 116 178 356 b
1 2 4 8 9 18 27 54 62 124 178 356 b
1 2 4 8 9 18 27 54 81 89 178 356 b
1 2 4 8 9 18 36 40 49 89 178 356 b
1 2 4 8 9 18 36 40 80 89 178 356 b
1 2 4 8 9 18 36 40 80 98 178 356 b
1 2 4 8 9 18 36 40 80 160 178 356 b
1 2 4 8 9 18 36 40 80 160 196 356 b
1 2 4 8 9 18 36 40 80 160 320 356 b
1 2 4 8 9 18 36 44 45 89 178 356 b
1 2 4 8 9 18 36 44 53 89 178 356 b
1 2 4 8 9 18 36 44 80 89 178 356 b
1 2 4 8 9 18 36 44 80 98 178 356 b
1 2 4 8 9 18 36 44 80 160 178 356 b
1 2 4 8 9 18 36 44 80 160 196 356 b
1 2 4 8 9 18 36 44 80 160 320 356 b
1 2 4 8 9 18 36 44 88 89 178 356 b
1 2 4 8 9 18 36 44 88 90 178 356 b
1 2 4 8 9 18 36 44 88 176 178 356 b
1 2 4 8 9 18 36 44 88 176 180 356 b
1 2 4 8 9 18 36 44 88 176 352 356 b
1 2 4 8 9 18 36 45 53 89 178 356 b
1 2 4 8 9 18 36 45 81 89 178 356 b
1 2 4 8 9 18 36 54 62 116 178 356 b
1 2 4 8 9 18 36 54 62 124 178 356 b
1 2 4 8 9 18 36 72 80 89 178 356 b
1 2 4 8 9 18 36 72 80 98 178 356 b
1 2 4 8 9 18 36 72 80 160 178 356 b
1 2 4 8 9 18 36 72 80 160 196 356 b
1 2 4 8 9 18 36 72 80 160 320 356 b
1 2 4 8 9 18 36 72 81 89 178 356 b
1 2 4 8 10 11 21 42 84 94 178 356 b
1 2 4 8 10 11 21 42 84 168 178 356 b
1 2 4 8 10 11 22 44 45 89 178 356 b
1 2 4 8 10 11 22 44 88 89 178 356 b
1 2 4 8 10 11 22 44 88 90 178 356 b
1 2 4 8 10 11 22 44 88 176 178 356 b
1 2 4 8 10 11 22 44 88 176 180 356 b
1 2 4 8 10 11 22 44 88 176 352 356 b
1 2 4 8 10 12 22 44 45 89 178 356 b
1 2 4 8 10 12 22 44 88 89 178 356 b
1 2 4 8 10 12 22 44 88 90 178 356 b
1 2 4 8 10 12 22 44 88 176 178 356 b
1 2 4 8 10 12 22 44 88 176 180 356 b
1 2 4 8 10 12 22 44 88 176 352 356 b
1 2 4 8 10 14 22 44 45 89 178 356 b
1 2 4 8 10 14 22 44 88 89 178 356 b
1 2 4 8 10 14 22 44 88 90 178 356 b
1 2 4 8 10 14 22 44 88 176 178 356 b
1 2 4 8 10 14 22 44 88 176 180 356 b
1 2 4 8 10 14 22 44 88 176 352 356 b
1 2 4 8 10 14 28 42 84 94 178 356 b
1 2 4 8 10 14 28 42 84 168 178 356 b
1 2 4 8 10 14 28 56 66 112 178 356 a
1 2 4 8 10 14 28 56 66 122 178 356 b
1 2 4 8 10 14 28 56 84 94 178 356 b
1 2 4 8 10 14 28 56 84 168 178 356 b
1 2 4 8 10 14 28 56 112 122 178 356 b
1 2 4 8 10 14 28 56 112 122 234 356 b
1 2 4 8 10 14 28 56 112 122 244 356 b
1 2 4 8 10 14 28 56 112 168 178 356 b
1 2 4 8 10 16 26 42 68 110 178 356 a
1 2 4 8 10 16 26 42 68 136 178 356 a
1 2 4 8 10 16 26 42 84 94 178 356 a
1 2 4 8 10 16 26 42 84 168 178 356 a
1 2 4 8 10 16 32 42 84 94 178 356 a
1 2 4 8 10 16 32 42 84 168 178 356 a
1 2 4 8 10 18 20 40 80 98 178 356 b
1 2 4 8 10 18 20 40 80 160 178 356 b
1 2 4 8 10 18 22 40 80 98 178 356 b
1 2 4 8 10 18 22 40 80 160 178 356 b
1 2 4 8 10 18 22 44 45 89 178 356 b
1 2 4 8 10 18 22 44 88 89 178 356 b
1 2 4 8 10 18 22 44 88 90 178 356 b
1 2 4 8 10 18 22 44 88 176 178 356 b
1 2 4 8 10 18 22 44 88 176 180 356 b
1 2 4 8 10 18 22 44 88 176 352 356 b
1 2 4 8 10 18 26 44 45 89 178 356 b
1 2 4 8 10 18 26 44 88 89 178 356 b
1 2 4 8 10 18 26 44 88 90 178 356 b
1 2 4 8 10 18 26 44 88 176 178 356 b
1 2 4 8 10 18 26 44 88 176 180 356 b
1 2 4 8 10 18 26 44 88 176 352 356 b
1 2 4 8 10 18 28 56 66 112 178 356 a
1 2 4 8 10 18 28 56 66 122 178 356 b
1 2 4 8 10 18 28 56 84 94 178 356 b
1 2 4 8 10 18 28 56 84 168 178 356 b
1 2 4 8 10 18 28 56 112 122 178 356 b
1 2 4 8 10 18 28 56 112 122 234 356 b
1 2 4 8 10 18 28 56 112 122 244 356 b
1 2 4 8 10 18 28 56 112 168 178 356 b
1 2 4 8 10 18 36 40 80 98 178 356 b
1 2 4 8 10 18 36 40 80 160 178 356 b
1 2 4 8 10 18 36 40 80 160 196 356 b
1 2 4 8 10 18 36 40 80 160 320 356 b
1 2 4 8 10 18 36 44 45 89 178 356 b
1 2 4 8 10 18 36 44 80 98 178 356 b
1 2 4 8 10 18 36 44 80 160 178 356 b
1 2 4 8 10 18 36 44 80 160 196 356 b
1 2 4 8 10 18 36 44 80 160 320 356 b
1 2 4 8 10 18 36 44 88 89 178 356 b
1 2 4 8 10 18 36 44 88 90 178 356 b
1 2 4 8 10 18 36 44 88 176 178 356 b
1 2 4 8 10 18 36 44 88 176 180 356 b
1 2 4 8 10 18 36 44 88 176 352 356 b
1 2 4 8 10 18 36 54 62 116 178 356 b
1 2 4 8 10 18 36 54 62 124 178 356 b
1 2 4 8 10 18 36 72 80 98 178 356 b
1 2 4 8 10 18 36 72 80 160 178 356 b
1 2 4 8 10 18 36 72 80 160 196 356 b
1 2 4 8 10 18 36 72 80 160 320 356 b
1 2 4 8 10 20 21 42 84 94 178 356 b
1 2 4 8 10 20 21 42 84 168 178 356 b
1 2 4 8 10 20 21 42 84 168 188 356 b
1 2 4 8 10 20 21 42 84 168 336 356 b
1 2 4 8 10 20 22 42 84 94 178 356 b
1 2 4 8 10 20 22 42 84 168 178 356 b
1 2 4 8 10 20 22 42 84 168 188 356 b
1 2 4 8 10 20 22 42 84 168 336 356 b
1 2 4 8 10 20 22 44 45 89 178 356 b
1 2 4 8 10 20 22 44 88 89 178 356 b
1 2 4 8 10 20 22 44 88 90 178 356 b
1 2 4 8 10 20 22 44 88 176 178 356 b
1 2 4 8 10 20 22 44 88 176 180 356 b
1 2 4 8 10 20 22 44 88 176 352 356 b
1 2 4 8 10 20 24 44 45 89 178 356 b
1 2 4 8 10 20 24 44 88 89 178 356 b
1 2 4 8 10 20 24 44 88 90 178 356 b
1 2 4 8 10 20 24 44 88 176 178 356 b
1 2 4 8 10 20 24 44 88 176 180 356 b
1 2 4 8 10 20 24 44 88 176 352 356 b
1 2 4 8 10 20 28 56 66 112 178 356 a
1 2 4 8 10 20 28 56 66 122 178 356 b
1 2 4 8 10 20 28 56 84 94 178 356 b
1 2 4 8 10 20 28 56 84 168 178 356 b
1 2 4 8 10 20 28 56 84 168 188 356 b
1 2 4 8 10 20 28 56 84 168 336 356 b
1 2 4 8 10 20 28 56 112 122 178 356 b
1 2 4 8 10 20 28 56 112 122 234 356 b
1 2 4 8 10 20 28 56 112 122 244 356 b
1 2 4 8 10 20 28 56 112 132 224 356 a
1 2 4 8 10 20 28 56 112 132 244 356 b
1 2 4 8 10 20 28 56 112 168 178 356 b
1 2 4 8 10 20 28 56 112 168 188 356 b
1 2 4 8 10 20 28 56 112 168 336 356 b
1 2 4 8 10 20 28 56 112 224 244 356 b
1 2 4 8 10 20 28 56 112 224 336 356 b
1 2 4 8 10 20 40 41 48 89 178 356 a
1 2 4 8 10 20 40 41 49 89 178 356 b
1 2 4 8 10 20 40 41 81 89 178 356 b
1 2 4 8 10 20 40 42 84 94 178 356 b
1 2 4 8 10 20 40 42 84 168 178 356 b
1 2 4 8 10 20 40 42 84 168 188 356 b
1 2 4 8 10 20 40 42 84 168 336 356 b
1 2 4 8 10 20 40 44 45 89 178 356 b
1 2 4 8 10 20 40 44 84 94 178 356 b
1 2 4 8 10 20 40 44 84 168 178 356 b
1 2 4 8 10 20 40 44 84 168 188 356 b
1 2 4 8 10 20 40 44 84 168 336 356 b
1 2 4 8 10 20 40 44 88 89 178 356 b
1 2 4 8 10 20 40 44 88 90 178 356 b
1 2 4 8 10 20 40 44 88 176 178 356 b
1 2 4 8 10 20 40 44 88 176 180 356 b
1 2 4 8 10 20 40 44 88 176 352 356 b
1 2 4 8 10 20 40 48 49 89 178 356 b
1 2 4 8 10 20 40 48 88 89 178 356 b
1 2 4 8 10 20 40 48 88 90 178 356 b
1 2 4 8 10 20 40 48 88 176 178 356 b
1 2 4 8 10 20 40 48 88 176 180 356 b
1 2 4 8 10 20 40 48 88 176 352 356 b
1 2 4 8 10 20 40 80 81 89 178 356 b
1 2 4 8 10 20 40 80 84 94 178 356 b
1 2 4 8 10 20 40 80 84 168 178 356 b
1 2 4 8 10 20 40 80 84 168 188 356 b
1 2 4 8 10 20 40 80 84 168 336 356 b
1 2 4 8 10 20 40 80 88 89 178 356 b
1 2 4 8 10 20 40 80 88 90 178 356 b
1 2 4 8 10 20 40 80 88 98 178 356 b
1 2 4 8 10 20 40 80 88 168 178 356 b
1 2 4 8 10 20 40 80 88 168 188 356 b
1 2 4 8 10 20 40 80 88 168 336 356 b
1 2 4 8 10 20 40 80 88 176 178 356 b
1 2 4 8 10 20 40 80 88 176 180 356 b
1 2 4 8 10 20 40 80 88 176 352 356 b
1 2 4 8 10 20 40 80 90 98 178 356 b
1 2 4 8 10 20 40 80 90 170 178 356 b
1 2 4 8 10 20 40 80 160 168 178 356 b
1 2 4 8 10 20 40 80 160 168 188 356 b
1 2 4 8 10 20 40 80 160 168 336 356 b
1 2 4 8 10 20 40 80 160 170 178 356 b
1 2 4 8 12 13 21 34 55 89 178 356 b
1 2 4 8 12 13 21 34 68 89 178 356 b
1 2 4 8 12 13 25 38 51 89 178 356 b
1 2 4 8 12 13 25 38 76 89 178 356 b
1 2 4 8 12 13 26 38 51 89 178 356 b
1 2 4 8 12 13 26 38 76 89 178 356 b
1 2 4 8 12 13 26 38 76 102 178 356 b
1 2 4 8 12 13 26 38 76 152 178 356 b
1 2 4 8 12 14 22 44 45 89 178 356 b
1 2 4 8 12 14 22 44 88 89 178 356 b
1 2 4 8 12 14 22 44 88 90 178 356 b
1 2 4 8 12 14 22 44 88 176 178 356 b
1 2 4 8 12 14 22 44 88 176 180 356 b
1 2 4 8 12 14 22 44 88 176 352 356 b
1 2 4 8 12 14 26 38 76 102 178 356 b
1 2 4 8 12 14 26 38 76 152 178 356 b
1 2 4 8 12 16 28 44 45 89 178 356 b
1 2 4 8 12 16 28 44 88 89 178 356 b
1 2 4 8 12 16 28 44 88 90 178 356 b
1 2 4 8 12 16 28 44 88 176 178 356 b
1 2 4 8 12 16 28 44 88 176 180 356 b
1 2 4 8 12 16 28 44 88 176 352 356 b
1 2 4 8 12 16 32 44 45 89 178 356 b
1 2 4 8 12 16 32 44 88 89 178 356 b
1 2 4 8 12 16 32 44 88 90 178 356 b
1 2 4 8 12 16 32 44 88 176 178 356 b
1 2 4 8 12 16 32 44 88 176 180 356 b
1 2 4 8 12 16 32 44 88 176 352 356 b
1 2 4 8 12 16 32 64 76 140 216 356 b
1 2 4 8 12 16 32 64 76 140 280 356 b
1 2 4 8 12 20 21 42 84 168 188 356 b
1 2 4 8 12 20 21 42 84 168 336 356 b
1 2 4 8 12 20 22 42 84 168 188 356 b
1 2 4 8 12 20 22 42 84 168 336 356 b
1 2 4 8 12 20 22 44 45 89 178 356 b
1 2 4 8 12 20 22 44 88 89 178 356 b
1 2 4 8 12 20 22 44 88 90 178 356 b
1 2 4 8 12 20 22 44 88 176 178 356 b
1 2 4 8 12 20 22 44 88 176 180 356 b
1 2 4 8 12 20 22 44 88 176 352 356 b
1 2 4 8 12 20 24 44 45 89 178 356 b
1 2 4 8 12 20 24 44 88 89 178 356 b
1 2 4 8 12 20 24 44 88 90 178 356 b
1 2 4 8 12 20 24 44 88 176 178 356 b
1 2 4 8 12 20 24 44 88 176 180 356 b
1 2 4 8 12 20 24 44 88 176 352 356 b
1 2 4 8 12 20 28 56 84 168 188 356 b
1 2 4 8 12 20 28 56 84 168 336 356 b
1 2 4 8 12 20 28 56 112 132 224 356 a
1 2 4 8 12 20 28 56 112 132 244 356 b
1 2 4 8 12 20 28 56 112 168 188 356 b
1 2 4 8 12 20 28 56 112 168 336 356 b
1 2 4 8 12 20 28 56 112 224 244 356 b
1 2 4 8 12 20 28 56 112 224 336 356 b
1 2 4 8 12 20 32 44 45 89 178 356 b
1 2 4 8 12 20 32 44 88 89 178 356 b
1 2 4 8 12 20 32 44 88 90 178 356 b
1 2 4 8 12 20 32 44 88 176 178 356 b
1 2 4 8 12 20 32 44 88 176 180 356 b
1 2 4 8 12 20 32 44 88 176 352 356 b
1 2 4 8 12 20 32 52 84 136 220 356 b
1 2 4 8 12 20 32 52 84 136 272 356 b
1 2 4 8 12 20 32 52 84 168 188 356 b
1 2 4 8 12 20 32 52 84 168 336 356 b
1 2 4 8 12 20 32 64 76 140 216 356 b
1 2 4 8 12 20 32 64 76 140 280 356 b
1 2 4 8 12 20 32 64 84 168 188 356 b
1 2 4 8 12 20 32 64 84 168 336 356 b
1 2 4 8 12 20 40 41 48 89 178 356 a
1 2 4 8 12 20 40 41 49 89 178 356 b
1 2 4 8 12 20 40 41 81 89 178 356 b
1 2 4 8 12 20 40 42 84 168 188 356 b
1 2 4 8 12 20 40 42 84 168 336 356 b
1 2 4 8 12 20 40 44 45 89 178 356 b
1 2 4 8 12 20 40 44 84 168 188 356 b
1 2 4 8 12 20 40 44 84 168 336 356 b
1 2 4 8 12 20 40 44 88 89 178 356 b
1 2 4 8 12 20 40 44 88 90 178 356 b
1 2 4 8 12 20 40 44 88 176 178 356 b
1 2 4 8 12 20 40 44 88 176 180 356 b
1 2 4 8 12 20 40 44 88 176 352 356 b
1 2 4 8 12 20 40 48 49 89 178 356 b
1 2 4 8 12 20 40 48 88 89 178 356 b
1 2 4 8 12 20 40 48 88 90 178 356 b
1 2 4 8 12 20 40 48 88 176 178 356 b
1 2 4 8 12 20 40 48 88 176 180 356 b
1 2 4 8 12 20 40 48 88 176 352 356 b
1 2 4 8 12 20 40 52 92 132 224 356 b
1 2 4 8 12 20 40 52 92 132 264 356 b
1 2 4 8 12 20 40 80 81 89 178 356 b
1 2 4 8 12 20 40 80 84 168 188 356 b
1 2 4 8 12 20 40 80 84 168 336 356 b
1 2 4 8 12 20 40 80 88 89 178 356 b
1 2 4 8 12 20 40 80 88 90 178 356 b
1 2 4 8 12 20 40 80 88 168 188 356 b
1 2 4 8 12 20 40 80 88 168 336 356 b
1 2 4 8 12 20 40 80 88 176 178 356 b
1 2 4 8 12 20 40 80 88 176 180 356 b
1 2 4 8 12 20 40 80 88 176 352 356 b
1 2 4 8 12 20 40 80 92 132 224 356 b
1 2 4 8 12 20 40 80 92 132 264 356 b
1 2 4 8 12 20 40 80 92 172 184 356 b
1 2 4 8 12 20 40 80 92 172 264 356 b
1 2 4 8 12 20 40 80 92 172 344 356 b
1 2 4 8 12 20 40 80 92 184 264 356 b
1 2 4 8 12 20 40 80 92 184 276 356 b
1 2 4 8 12 20 40 80 160 168 188 356 b
1 2 4 8 12 20 40 80 160 168 336 356 b
1 2 4 8 12 20 40 80 160 172 184 356 b
1 2 4 8 12 20 40 80 160 172 344 356 b
1 2 4 8 12 24 25 32 57 89 178 356 a
1 2 4 8 12 24 25 32 64 89 178 356 a
1 2 4 8 12 24 26 38 76 102 178 356 b
1 2 4 8 12 24 26 38 76 152 178 356 b
1 2 4 8 12 24 26 50 76 102 178 356 b
1 2 4 8 12 24 26 50 76 152 178 356 b
1 2 4 8 12 24 26 52 76 102 178 356 b
1 2 4 8 12 24 26 52 76 152 178 356 b
1 2 4 8 12 24 26 52 76 152 204 356 b
1 2 4 8 12 24 26 52 76 152 304 356 b
1 2 4 8 12 24 28 52 76 152 204 356 b
1 2 4 8 12 24 28 52 76 152 304 356 b
1 2 4 8 12 24 32 33 56 89 178 356 a
1 2 4 8 12 24 32 33 57 89 178 356 b
1 2 4 8 12 24 32 33 65 89 178 356 b
1 2 4 8 12 24 32 44 45 89 178 356 b
1 2 4 8 12 24 32 44 88 89 178 356 b
1 2 4 8 12 24 32 44 88 90 178 356 b
1 2 4 8 12 24 32 44 88 176 178 356 b
1 2 4 8 12 24 32 44 88 176 180 356 b
1 2 4 8 12 24 32 44 88 176 352 356 b
1 2 4 8 12 24 32 56 57 89 178 356 b
1 2 4 8 12 24 32 56 88 89 178 356 b
1 2 4 8 12 24 32 56 88 90 178 356 b
1 2 4 8 12 24 32 56 88 176 178 356 b
1 2 4 8 12 24 32 56 88 176 180 356 b
1 2 4 8 12 24 32 56 88 176 352 356 b
1 2 4 8 12 24 32 64 65 89 178 356 b
1 2 4 8 12 24 32 64 76 140 216 356 b
1 2 4 8 12 24 32 64 76 140 280 356 b
1 2 4 8 12 24 32 64 88 89 178 356 b
1 2 4 8 12 24 32 64 88 90 178 356 b
1 2 4 8 12 24 32 64 88 176 178 356 b
1 2 4 8 12 24 32 64 88 176 180 356 b
1 2 4 8 12 24 32 64 88 176 352 356 b
1 2 4 8 12 24 36 40 80 160 196 356 b
1 2 4 8 12 24 36 40 80 160 320 356 b
1 2 4 8 12 24 36 44 45 89 178 356 b
1 2 4 8 12 24 36 44 80 160 196 356 b
1 2 4 8 12 24 36 44 80 160 320 356 b
1 2 4 8 12 24 36 44 88 89 178 356 b
1 2 4 8 12 24 36 44 88 90 178 356 b
1 2 4 8 12 24 36 44 88 176 178 356 b
1 2 4 8 12 24 36 44 88 176 180 356 b
1 2 4 8 12 24 36 44 88 176 352 356 b
1 2 4 8 12 24 36 72 80 160 196 356 b
1 2 4 8 12 24 36 72 80 160 320 356 b
1 2 4 8 12 24 48 52 76 152 204 356 b
1 2 4 8 12 24 48 52 76 152 304 356 b
1 2 4 8 12 24 48 52 100 152 204 356 b
1 2 4 8 12 24 48 52 100 152 304 356 b
1 2 4 8 12 24 48 52 104 152 204 356 b
1 2 4 8 12 24 48 52 104 152 304 356 b
1 2 4 8 16 17 18 36 53 89 178 356 b
1 2 4 8 16 17 18 36 72 89 178 356 b
1 2 4 8 16 17 19 35 54 89 178 356 b
1 2 4 8 16 17 19 35 70 89 178 356 b
1 2 4 8 16 17 19 36 53 89 178 356 b
1 2 4 8 16 17 19 36 72 89 178 356 b
1 2 4 8 16 17 20 36 53 89 178 356 a
1 2 4 8 16 17 20 36 72 89 178 356 a
1 2 4 8 16 17 21 34 55 89 178 356 a
1 2 4 8 16 17 21 34 68 89 178 356 a
1 2 4 8 16 17 24 41 48 89 178 356 a
1 2 4 8 16 17 24 41 65 89 178 356 a
1 2 4 8 16 17 24 48 65 89 178 356 a
1 2 4 8 16 17 24 48 65 113 178 356 a
1 2 4 8 16 17 24 48 65 130 178 356 a
1 2 4 8 16 17 24 48 72 89 178 356 a
1 2 4 8 16 17 25 32 57 89 178 356 a
1 2 4 8 16 17 25 32 64 89 178 356 a
1 2 4 8 16 17 32 36 53 89 178 356 a
1 2 4 8 16 17 32 36 72 89 178 356 a
1 2 4 8 16 17 32 40 49 89 178 356 a
1 2 4 8 16 17 32 40 57 89 178 356 a
1 2 4 8 16 17 32 40 72 89 178 356 a
1 2 4 8 16 17 32 48 65 113 178 356 a
1 2 4 8 16 17 32 48 65 130 178 356 a
1 2 4 8 16 17 32 49 57 89 178 356 a
1 2 4 8 16 17 32 49 81 89 178 356 a
1 2 4 8 16 17 32 49 81 97 178 356 a
1 2 4 8 16 17 32 49 81 162 178 356 a
1 2 4 8 16 17 32 49 81 162 194 356 a
1 2 4 8 16 17 32 49 81 162 324 356 a
1 2 4 8 16 17 32 64 72 89 178 356 a
1 2 4 8 16 17 32 64 81 89 178 356 a
1 2 4 8 16 17 32 64 81 97 178 356 a
1 2 4 8 16 17 32 64 81 162 178 356 a
1 2 4 8 16 17 32 64 81 162 194 356 a
1 2 4 8 16 17 32 64 81 162 324 356 a
1 2 4 8 16 17 34 36 53 89 178 356 b
1 2 4 8 16 17 34 36 72 89 178 356 b
1 2 4 8 16 17 34 36 72 106 178 356 b
1 2 4 8 16 17 34 36 72 144 178 356 b
1 2 4 8 16 17 34 38 51 89 178 356 a
1 2 4 8 16 17 34 38 55 89 178 356 b
1 2 4 8 16 17 34 38 72 89 178 356 b
1 2 4 8 16 17 34 38 72 106 178 356 b
1 2 4 8 16 17 34 38 72 144 178 356 b
1 2 4 8 16 17 34 42 68 110 178 356 a
1 2 4 8 16 17 34 42 68 136 178 356 a
1 2 4 8 16 17 34 51 55 89 178 356 b
1 2 4 8 16 17 34 51 85 89 178 356 b
1 2 4 8 16 17 34 51 85 93 178 356 b
1 2 4 8 16 17 34 51 85 170 178 356 b
1 2 4 8 16 17 34 51 85 170 186 356 b
1 2 4 8 16 17 34 51 85 170 340 356 b
1 2 4 8 16 17 34 68 72 89 178 356 b
1 2 4 8 16 17 34 68 72 106 178 356 b
1 2 4 8 16 17 34 68 72 144 178 356 b
1 2 4 8 16 17 34 68 72 144 212 356 b
1 2 4 8 16 17 34 68 72 144 288 356 b
1 2 4 8 16 17 34 68 76 102 178 356 a
1 2 4 8 16 17 34 68 76 110 178 356 b
1 2 4 8 16 17 34 68 76 144 178 356 b
1 2 4 8 16 17 34 68 76 144 212 356 b
1 2 4 8 16 17 34 68 76 144 288 356 b
1 2 4 8 16 17 34 68 84 136 220 356 a
1 2 4 8 16 17 34 68 84 136 272 356 a
1 2 4 8 16 17 34 68 85 89 178 356 b
1 2 4 8 16 17 34 68 85 93 178 356 b
1 2 4 8 16 17 34 68 85 170 178 356 b
1 2 4 8 16 17 34 68 85 170 186 356 b
1 2 4 8 16 17 34 68 85 170 340 356 b
1 2 4 8 16 17 34 68 102 110 178 356 b
1 2 4 8 16 17 34 68 102 170 178 356 b
1 2 4 8 16 17 34 68 102 170 186 356 b
1 2 4 8 16 17 34 68 102 170 340 356 b
1 2 4 8 16 17 34 68 136 144 178 356 b
1 2 4 8 16 17 34 68 136 144 212 356 b
1 2 4 8 16 17 34 68 136 144 288 356 b
1 2 4 8 16 17 34 68 136 152 204 356 a
1 2 4 8 16 17 34 68 136 152 220 356 b
1 2 4 8 16 17 34 68 136 152 288 356 b
1 2 4 8 16 17 34 68 136 170 178 356 b
1 2 4 8 16 17 34 68 136 170 186 356 b
1 2 4 8 16 17 34 68 136 170 340 356 b
1 2 4 8 16 17 34 68 136 204 220 356 b
1 2 4 8 16 17 34 68 136 204 340 356 b
1 2 4 8 16 17 34 68 136 272 288 356 b
1 2 4 8 16 17 34 68 136 272 340 356 b
1 2 4 8 16 18 19 35 54 89 178 356 b
1 2 4 8 16 18 19 35 70 89 178 356 b
1 2 4 8 16 18 20 40 80 98 178 356 b
1 2 4 8 16 18 20 40 80 160 178 356 b
1 2 4 8 16 18 22 40 80 98 178 356 b
1 2 4 8 16 18 22 40 80 160 178 356 b
1 2 4 8 16 18 22 44 45 89 178 356 b
1 2 4 8 16 18 22 44 88 89 178 356 b
1 2 4 8 16 18 22 44 88 90 178 356 b
1 2 4 8 16 18 22 44 88 176 178 356 b
1 2 4 8 16 18 22 44 88 176 180 356 b
1 2 4 8 16 18 22 44 88 176 352 356 b
1 2 4 8 16 18 24 40 80 98 178 356 a
1 2 4 8 16 18 24 40 80 160 178 356 a
1 2 4 8 16 18 26 42 68 110 178 356 b
1 2 4 8 16 18 26 42 68 136 178 356 b
1 2 4 8 16 18 26 44 45 89 178 356 b
1 2 4 8 16 18 26 44 88 89 178 356 b
1 2 4 8 16 18 26 44 88 90 178 356 b
1 2 4 8 16 18 26 44 88 176 178 356 b
1 2 4 8 16 18 26 44 88 176 180 356 b
1 2 4 8 16 18 26 44 88 176 352 356 b
1 2 4 8 16 18 32 40 80 98 178 356 a
1 2 4 8 16 18 32 40 80 160 178 356 a
1 2 4 8 16 18 32 48 80 98 178 356 a
1 2 4 8 16 18 32 48 80 160 178 356 a
1 2 4 8 16 18 32 50 64 114 178 356 a
1 2 4 8 16 18 32 50 64 128 178 356 a
1 2 4 8 16 18 32 64 80 98 178 356 a
1 2 4 8 16 18 32 64 80 160 178 356 a
1 2 4 8 16 18 32 64 82 96 178 356 a
1 2 4 8 16 18 32 64 82 114 178 356 a
1 2 4 8 16 18 32 64 82 146 178 356 a
1 2 4 8 16 18 32 64 82 146 210 356 a
1 2 4 8 16 18 32 64 82 146 292 356 a
1 2 4 8 16 18 32 64 96 114 178 356 a
1 2 4 8 16 18 32 64 96 160 178 356 a
1 2 4 8 16 18 32 64 128 146 178 356 a
1 2 4 8 16 18 32 64 128 146 210 356 a
1 2 4 8 16 18 32 64 128 146 292 356 a
1 2 4 8 16 18 32 64 128 160 178 356 a
1 2 4 8 16 18 34 36 72 106 178 356 b
1 2 4 8 16 18 34 36 72 144 178 356 b
1 2 4 8 16 18 34 38 72 106 178 356 b
1 2 4 8 16 18 34 38 72 144 178 356 b
1 2 4 8 16 18 34 42 68 110 178 356 a
1 2 4 8 16 18 34 42 68 136 178 356 a
1 2 4 8 16 18 34 68 72 106 178 356 b
1 2 4 8 16 18 34 68 72 144 178 356 b
1 2 4 8 16 18 34 68 72 144 212 356 b
1 2 4 8 16 18 34 68 72 144 288 356 b
1 2 4 8 16 18 34 68 76 102 178 356 a
1 2 4 8 16 18 34 68 76 110 178 356 b
1 2 4 8 16 18 34 68 76 144 178 356 b
1 2 4 8 16 18 34 68 76 144 212 356 b
1 2 4 8 16 18 34 68 76 144 288 356 b
1 2 4 8 16 18 34 68 84 136 220 356 a
1 2 4 8 16 18 34 68 84 136 272 356 a
1 2 4 8 16 18 34 68 102 110 178 356 b
1 2 4 8 16 18 34 68 102 170 178 356 b
1 2 4 8 16 18 34 68 102 170 186 356 b
1 2 4 8 16 18 34 68 102 170 340 356 b
1 2 4 8 16 18 34 68 136 144 178 356 b
1 2 4 8 16 18 34 68 136 144 212 356 b
1 2 4 8 16 18 34 68 136 144 288 356 b
1 2 4 8 16 18 34 68 136 152 204 356 a
1 2 4 8 16 18 34 68 136 152 220 356 b
1 2 4 8 16 18 34 68 136 152 288 356 b
1 2 4 8 16 18 34 68 136 170 178 356 b
1 2 4 8 16 18 34 68 136 170 186 356 b
1 2 4 8 16 18 34 68 136 170 340 356 b
1 2 4 8 16 18 34 68 136 204 220 356 b
1 2 4 8 16 18 34 68 136 204 340 356 b
1 2 4 8 16 18 34 68 136 272 288 356 b
1 2 4 8 16 18 34 68 136 272 340 356 b
1 2 4 8 16 18 36 37 52 89 178 356 a
1 2 4 8 16 18 36 37 53 89 178 356 b
1 2 4 8 16 18 36 37 73 89 178 356 b
1 2 4 8 16 18 36 40 80 98 178 356 b
1 2 4 8 16 18 36 40 80 160 178 356 b
1 2 4 8 16 18 36 40 80 160 196 356 b
1 2 4 8 16 18 36 40 80 160 320 356 b
1 2 4 8 16 18 36 44 45 89 178 356 b
1 2 4 8 16 18 36 44 80 98 178 356 b
1 2 4 8 16 18 36 44 80 160 178 356 b
1 2 4 8 16 18 36 44 80 160 196 356 b
1 2 4 8 16 18 36 44 80 160 320 356 b
1 2 4 8 16 18 36 44 88 89 178 356 b
1 2 4 8 16 18 36 44 88 90 178 356 b
1 2 4 8 16 18 36 44 88 176 178 356 b
1 2 4 8 16 18 36 44 88 176 180 356 b
1 2 4 8 16 18 36 44 88 176 352 356 b
1 2 4 8 16 18 36 52 53 89 178 356 b
1 2 4 8 16 18 36 52 88 89 178 356 b
1 2 4 8 16 18 36 52 88 90 178 356 b
1 2 4 8 16 18 36 52 88 176 178 356 b
1 2 4 8 16 18 36 52 88 176 180 356 b
1 2 4 8 16 18 36 52 88 176 352 356 b
1 2 4 8 16 18 36 54 62 116 178 356 b
1 2 4 8 16 18 36 54 62 124 178 356 b
1 2 4 8 16 18 36 54 70 108 178 356 a
1 2 4 8 16 18 36 54 70 124 178 356 b
1 2 4 8 16 18 36 54 108 124 178 356 b
1 2 4 8 16 18 36 54 108 124 232 356 b
1 2 4 8 16 18 36 54 108 124 248 356 b
1 2 4 8 16 18 36 54 108 162 178 356 b
1 2 4 8 16 18 36 72 73 89 178 356 b
1 2 4 8 16 18 36 72 80 98 178 356 b
1 2 4 8 16 18 36 72 80 160 178 356 b
1 2 4 8 16 18 36 72 80 160 196 356 b
1 2 4 8 16 18 36 72 80 160 320 356 b
1 2 4 8 16 18 36 72 88 89 178 356 b
1 2 4 8 16 18 36 72 88 90 178 356 b
1 2 4 8 16 18 36 72 88 106 178 356 b
1 2 4 8 16 18 36 72 88 160 178 356 b
1 2 4 8 16 18 36 72 88 160 196 356 b
1 2 4 8 16 18 36 72 88 160 320 356 b
1 2 4 8 16 18 36 72 88 176 178 356 b
1 2 4 8 16 18 36 72 88 176 180 356 b
1 2 4 8 16 18 36 72 88 176 352 356 b
1 2 4 8 16 18 36 72 90 106 178 356 b
1 2 4 8 16 18 36 72 90 162 178 356 b
1 2 4 8 16 18 36 72 108 124 232 356 b
1 2 4 8 16 18 36 72 108 124 248 356 b
1 2 4 8 16 18 36 72 144 160 178 356 b
1 2 4 8 16 18 36 72 144 160 196 356 b
1 2 4 8 16 18 36 72 144 160 320 356 b
1 2 4 8 16 18 36 72 144 162 178 356 b
1 2 4 8 16 20 21 42 84 168 188 356 b
1 2 4 8 16 20 21 42 84 168 336 356 b
1 2 4 8 16 20 22 42 84 168 188 356 b
1 2 4 8 16 20 22 42 84 168 336 356 b
1 2 4 8 16 20 22 44 45 89 178 356 b
1 2 4 8 16 20 22 44 88 89 178 356 b
1 2 4 8 16 20 22 44 88 90 178 356 b
1 2 4 8 16 20 22 44 88 176 178 356 b
1 2 4 8 16 20 22 44 88 176 180 356 b
1 2 4 8 16 20 22 44 88 176 352 356 b
1 2 4 8 16 20 24 44 45 89 178 356 b
1 2 4 8 16 20 24 44 88 89 178 356 b
1 2 4 8 16 20 24 44 88 90 178 356 b
1 2 4 8 16 20 24 44 88 176 178 356 b
1 2 4 8 16 20 24 44 88 176 180 356 b
1 2 4 8 16 20 24 44 88 176 352 356 b
1 2 4 8 16 20 28 44 45 89 178 356 b
1 2 4 8 16 20 28 44 88 89 178 356 b
1 2 4 8 16 20 28 44 88 90 178 356 b
1 2 4 8 16 20 28 44 88 176 178 356 b
1 2 4 8 16 20 28 44 88 176 180 356 b
1 2 4 8 16 20 28 44 88 176 352 356 b
1 2 4 8 16 20 28 56 84 168 188 356 b
1 2 4 8 16 20 28 56 84 168 336 356 b
1 2 4 8 16 20 28 56 112 132 224 356 a
1 2 4 8 16 20 28 56 112 132 244 356 b
1 2 4 8 16 20 28 56 112 168 188 356 b
1 2 4 8 16 20 28 56 112 168 336 356 b
1 2 4 8 16 20 28 56 112 224 244 356 b
1 2 4 8 16 20 28 56 112 224 336 356 b
1 2 4 8 16 20 32 52 84 136 220 356 a
1 2 4 8 16 20 32 52 84 136 272 356 a
1 2 4 8 16 20 32 52 84 168 188 356 a
1 2 4 8 16 20 32 52 84 168 336 356 a
1 2 4 8 16 20 32 64 84 168 188 356 a
1 2 4 8 16 20 32 64 84 168 336 356 a
1 2 4 8 16 20 36 37 52 89 178 356 a
1 2 4 8 16 20 36 37 53 89 178 356 b
1 2 4 8 16 20 36 37 73 89 178 356 b
1 2 4 8 16 20 36 40 80 160 196 356 b
1 2 4 8 16 20 36 40 80 160 320 356 b
1 2 4 8 16 20 36 44 45 89 178 356 b
1 2 4 8 16 20 36 44 80 160 196 356 b
1 2 4 8 16 20 36 44 80 160 320 356 b
1 2 4 8 16 20 36 44 88 89 178 356 b
1 2 4 8 16 20 36 44 88 90 178 356 b
1 2 4 8 16 20 36 44 88 176 178 356 b
1 2 4 8 16 20 36 44 88 176 180 356 b
1 2 4 8 16 20 36 44 88 176 352 356 b
1 2 4 8 16 20 36 52 53 89 178 356 b
1 2 4 8 16 20 36 52 88 89 178 356 b
1 2 4 8 16 20 36 52 88 90 178 356 b
1 2 4 8 16 20 36 52 88 176 178 356 b
1 2 4 8 16 20 36 52 88 176 180 356 b
1 2 4 8 16 20 36 52 88 176 352 356 b
1 2 4 8 16 20 36 56 112 132 224 356 a
1 2 4 8 16 20 36 56 112 132 244 356 b
1 2 4 8 16 20 36 56 112 168 188 356 b
1 2 4 8 16 20 36 56 112 168 336 356 b
1 2 4 8 16 20 36 56 112 224 244 356 b
1 2 4 8 16 20 36 56 112 224 336 356 b
1 2 4 8 16 20 36 72 73 89 178 356 b
1 2 4 8 16 20 36 72 80 160 196 356 b
1 2 4 8 16 20 36 72 80 160 320 356 b
1 2 4 8 16 20 36 72 88 89 178 356 b
1 2 4 8 16 20 36 72 88 90 178 356 b
1 2 4 8 16 20 36 72 88 160 196 356 b
1 2 4 8 16 20 36 72 88 160 320 356 b
1 2 4 8 16 20 36 72 88 176 178 356 b
1 2 4 8 16 20 36 72 88 176 180 356 b
1 2 4 8 16 20 36 72 88 176 352 356 b
1 2 4 8 16 20 36 72 108 124 232 356 b
1 2 4 8 16 20 36 72 108 124 248 356 b
1 2 4 8 16 20 36 72 144 160 196 356 b
1 2 4 8 16 20 36 72 144 160 320 356 b
1 2 4 8 16 20 40 41 48 89 178 356 a
1 2 4 8 16 20 40 41 49 89 178 356 b
1 2 4 8 16 20 40 41 81 89 178 356 b
1 2 4 8 16 20 40 41 81 97 178 356 b
1 2 4 8 16 20 40 41 81 162 178 356 b
1 2 4 8 16 20 40 42 84 168 188 356 b
1 2 4 8 16 20 40 42 84 168 336 356 b
1 2 4 8 16 20 40 44 45 89 178 356 b
1 2 4 8 16 20 40 44 84 168 188 356 b
1 2 4 8 16 20 40 44 84 168 336 356 b
1 2 4 8 16 20 40 44 88 89 178 356 b
1 2 4 8 16 20 40 44 88 90 178 356 b
1 2 4 8 16 20 40 44 88 176 178 356 b
1 2 4 8 16 20 40 44 88 176 180 356 b
1 2 4 8 16 20 40 44 88 176 352 356 b
1 2 4 8 16 20 40 48 49 89 178 356 b
1 2 4 8 16 20 40 48 88 89 178 356 b
1 2 4 8 16 20 40 48 88 90 178 356 b
1 2 4 8 16 20 40 48 88 176 178 356 b
1 2 4 8 16 20 40 48 88 176 180 356 b
1 2 4 8 16 20 40 48 88 176 352 356 b
1 2 4 8 16 20 40 56 112 132 224 356 a
1 2 4 8 16 20 40 56 112 132 244 356 b
1 2 4 8 16 20 40 56 112 168 188 356 b
1 2 4 8 16 20 40 56 112 168 336 356 b
1 2 4 8 16 20 40 56 112 224 244 356 b
1 2 4 8 16 20 40 56 112 224 336 356 b
1 2 4 8 16 20 40 80 81 89 178 356 b
1 2 4 8 16 20 40 80 81 97 178 356 b
1 2 4 8 16 20 40 80 81 162 178 356 b
1 2 4 8 16 20 40 80 82 96 178 356 a
1 2 4 8 16 20 40 80 82 98 178 356 b
1 2 4 8 16 20 40 80 82 162 178 356 b
1 2 4 8 16 20 40 80 84 168 188 356 b
1 2 4 8 16 20 40 80 84 168 336 356 b
1 2 4 8 16 20 40 80 88 89 178 356 b
1 2 4 8 16 20 40 80 88 90 178 356 b
1 2 4 8 16 20 40 80 88 168 188 356 b
1 2 4 8 16 20 40 80 88 168 336 356 b
1 2 4 8 16 20 40 80 88 176 178 356 b
1 2 4 8 16 20 40 80 88 176 180 356 b
1 2 4 8 16 20 40 80 88 176 352 356 b
1 2 4 8 16 20 40 80 96 98 178 356 b
1 2 4 8 16 20 40 80 96 176 178 356 b
1 2 4 8 16 20 40 80 96 176 180 356 b
1 2 4 8 16 20 40 80 96 176 352 356 b
1 2 4 8 16 20 40 80 160 162 178 356 b
1 2 4 8 16 20 40 80 160 168 188 356 b
1 2 4 8 16 20 40 80 160 168 336 356 b
1 2 4 8 16 20 40 80 160 176 178 356 b
1 2 4 8 16 20 40 80 160 176 180 356 b
1 2 4 8 16 20 40 80 160 176 196 356 b
1 2 4 8 16 20 40 80 160 176 336 356 b
1 2 4 8 16 20 40 80 160 176 352 356 b
1 2 4 8 16 20 40 80 160 180 196 356 b
1 2 4 8 16 20 40 80 160 180 340 356 b
1 2 4 8 16 20 40 80 160 320 336 356 b
1 2 4 8 16 20 40 80 160 320 340 356 b
1 2 4 8 16 24 25 32 57 89 178 356 a
1 2 4 8 16 24 25 32 64 89 178 356 a
1 2 4 8 16 24 25 40 49 89 178 356 a
1 2 4 8 16 24 25 40 64 89 178 356 a
1 2 4 8 16 24 25 40 65 89 178 356 a
1 2 4 8 16 24 25 41 48 89 178 356 a
1 2 4 8 16 24 25 41 65 89 178 356 b
1 2 4 8 16 24 25 48 64 89 178 356 a
1 2 4 8 16 24 25 48 73 89 178 356 a
1 2 4 8 16 24 25 49 65 89 178 356 b
1 2 4 8 16 24 25 49 73 89 178 356 b
1 2 4 8 16 24 26 42 68 110 178 356 b
1 2 4 8 16 24 26 42 68 136 178 356 b
1 2 4 8 16 24 26 50 76 102 178 356 b
1 2 4 8 16 24 26 50 76 152 178 356 b
1 2 4 8 16 24 26 52 76 102 178 356 b
1 2 4 8 16 24 26 52 76 152 178 356 b
1 2 4 8 16 24 26 52 76 152 204 356 b
1 2 4 8 16 24 26 52 76 152 304 356 b
1 2 4 8 16 24 28 44 45 89 178 356 b
1 2 4 8 16 24 28 44 88 89 178 356 b
1 2 4 8 16 24 28 44 88 90 178 356 b
1 2 4 8 16 24 28 44 88 176 178 356 b
1 2 4 8 16 24 28 44 88 176 180 356 b
1 2 4 8 16 24 28 44 88 176 352 356 b
1 2 4 8 16 24 28 52 76 152 204 356 b
1 2 4 8 16 24 28 52 76 152 304 356 b
1 2 4 8 16 24 32 33 56 89 178 356 a
1 2 4 8 16 24 32 33 57 89 178 356 b
1 2 4 8 16 24 32 33 65 89 178 356 b
1 2 4 8 16 24 32 56 57 89 178 356 b
1 2 4 8 16 24 32 56 88 89 178 356 b
1 2 4 8 16 24 32 56 88 90 178 356 b
1 2 4 8 16 24 32 56 88 176 178 356 b
1 2 4 8 16 24 32 56 88 176 180 356 b
1 2 4 8 16 24 32 56 88 176 352 356 b
1 2 4 8 16 24 32 64 65 89 178 356 b
1 2 4 8 16 24 32 64 88 89 178 356 b
1 2 4 8 16 24 32 64 88 90 178 356 b
1 2 4 8 16 24 32 64 88 176 178 356 b
1 2 4 8 16 24 32 64 88 176 180 356 b
1 2 4 8 16 24 32 64 88 176 352 356 b
1 2 4 8 16 24 40 41 48 89 178 356 a
1 2 4 8 16 24 40 41 49 89 178 356 b
1 2 4 8 16 24 40 41 65 89 178 356 b
1 2 4 8 16 24 40 41 81 89 178 356 b
1 2 4 8 16 24 40 41 81 97 178 356 b
1 2 4 8 16 24 40 41 81 162 178 356 b
1 2 4 8 16 24 40 44 45 89 178 356 b
1 2 4 8 16 24 40 44 88 89 178 356 b
1 2 4 8 16 24 40 44 88 90 178 356 b
1 2 4 8 16 24 40 44 88 176 178 356 b
1 2 4 8 16 24 40 44 88 176 180 356 b
1 2 4 8 16 24 40 44 88 176 352 356 b
1 2 4 8 16 24 40 48 49 89 178 356 b
1 2 4 8 16 24 40 48 88 89 178 356 b
1 2 4 8 16 24 40 48 88 90 178 356 b
1 2 4 8 16 24 40 48 88 176 178 356 b
1 2 4 8 16 24 40 48 88 176 180 356 b
1 2 4 8 16 24 40 48 88 176 352 356 b
1 2 4 8 16 24 40 64 65 89 178 356 b
1 2 4 8 16 24 40 64 88 89 178 356 b
1 2 4 8 16 24 40 64 88 90 178 356 b
1 2 4 8 16 24 40 64 88 176 178 356 b
1 2 4 8 16 24 40 64 88 176 180 356 b
1 2 4 8 16 24 40 64 88 176 352 356 b
1 2 4 8 16 24 40 80 81 89 178 356 b
1 2 4 8 16 24 40 80 81 97 178 356 b
1 2 4 8 16 24 40 80 81 162 178 356 b
1 2 4 8 16 24 40 80 82 96 178 356 a
1 2 4 8 16 24 40 80 82 98 178 356 b
1 2 4 8 16 24 40 80 82 162 178 356 b
1 2 4 8 16 24 40 80 88 89 178 356 b
1 2 4 8 16 24 40 80 88 90 178 356 b
1 2 4 8 16 24 40 80 88 176 178 356 b
1 2 4 8 16 24 40 80 88 176 180 356 b
1 2 4 8 16 24 40 80 88 176 352 356 b
1 2 4 8 16 24 40 80 96 98 178 356 b
1 2 4 8 16 24 40 80 96 176 178 356 b
1 2 4 8 16 24 40 80 96 176 180 356 b
1 2 4 8 16 24 40 80 96 176 352 356 b
1 2 4 8 16 24 40 80 160 162 178 356 b
1 2 4 8 16 24 40 80 160 176 178 356 b
1 2 4 8 16 24 40 80 160 176 180 356 b
1 2 4 8 16 24 40 80 160 176 352 356 b
1 2 4 8 16 24 48 49 65 89 178 356 b
1 2 4 8 16 24 48 49 65 113 178 356 b
1 2 4 8 16 24 48 49 65 130 178 356 b
1 2 4 8 16 24 48 49 73 89 178 356 b
1 2 4 8 16 24 48 50 64 114 178 356 a
1 2 4 8 16 24 48 50 64 128 178 356 a
1 2 4 8 16 24 48 52 76 152 204 356 b
1 2 4 8 16 24 48 52 76 152 304 356 b
1 2 4 8 16 24 48 52 100 152 204 356 b
1 2 4 8 16 24 48 52 100 152 304 356 b
1 2 4 8 16 24 48 52 104 152 204 356 b
1 2 4 8 16 24 48 52 104 152 304 356 b
1 2 4 8 16 24 48 64 65 89 178 356 b
1 2 4 8 16 24 48 64 65 113 178 356 b
1 2 4 8 16 24 48 64 65 130 178 356 b
1 2 4 8 16 24 48 64 66 112 178 356 a
1 2 4 8 16 24 48 64 66 114 178 356 b
1 2 4 8 16 24 48 64 66 130 178 356 b
1 2 4 8 16 24 48 64 88 89 178 356 b
1 2 4 8 16 24 48 64 88 90 178 356 b
1 2 4 8 16 24 48 64 88 176 178 356 b
1 2 4 8 16 24 48 64 88 176 180 356 b
1 2 4 8 16 24 48 64 88 176 352 356 b
1 2 4 8 16 24 48 64 112 114 178 356 b
1 2 4 8 16 24 48 64 112 176 178 356 b
1 2 4 8 16 24 48 64 112 176 180 356 b
1 2 4 8 16 24 48 64 112 176 352 356 b
1 2 4 8 16 24 48 64 128 130 178 356 b
1 2 4 8 16 24 48 64 128 176 178 356 b
1 2 4 8 16 24 48 64 128 176 180 356 b
1 2 4 8 16 24 48 64 128 176 352 356 b
1 2 4 8 16 24 48 72 73 89 178 356 b
1 2 4 8 16 24 48 72 88 89 178 356 b
1 2 4 8 16 24 48 72 88 90 178 356 b
1 2 4 8 16 24 48 72 88 176 178 356 b
1 2 4 8 16 24 48 72 88 176 180 356 b
1 2 4 8 16 24 48 72 88 176 352 356 b
1 2 4 8 16 32 33 40 49 89 178 356 a
1 2 4 8 16 32 33 40 56 89 178 356 a
1 2 4 8 16 32 33 40 73 89 178 356 a
1 2 4 8 16 32 33 40 73 105 178 356 a
1 2 4 8 16 32 33 40 73 146 178 356 a
1 2 4 8 16 32 33 41 48 89 178 356 a
1 2 4 8 16 32 33 41 57 89 178 356 b
1 2 4 8 16 32 33 41 73 89 178 356 b
1 2 4 8 16 32 33 41 73 105 178 356 b
1 2 4 8 16 32 33 41 73 146 178 356 b
1 2 4 8 16 32 33 48 56 89 178 356 a
1 2 4 8 16 32 33 48 65 113 178 356 a
1 2 4 8 16 32 33 48 65 130 178 356 a
1 2 4 8 16 32 33 48 81 89 178 356 a
1 2 4 8 16 32 33 48 81 97 178 356 a
1 2 4 8 16 32 33 48 81 162 178 356 a
1 2 4 8 16 32 33 48 81 162 194 356 a
1 2 4 8 16 32 33 48 81 162 324 356 a
1 2 4 8 16 32 33 49 57 89 178 356 b
1 2 4 8 16 32 33 49 81 89 178 356 b
1 2 4 8 16 32 33 49 81 97 178 356 b
1 2 4 8 16 32 33 49 81 162 178 356 b
1 2 4 8 16 32 33 49 81 162 194 356 b
1 2 4 8 16 32 33 49 81 162 324 356 b
1 2 4 8 16 32 33 65 73 89 178 356 b
1 2 4 8 16 32 33 65 73 105 178 356 b
1 2 4 8 16 32 33 65 73 146 178 356 b
1 2 4 8 16 32 33 65 81 89 178 356 b
1 2 4 8 16 32 33 65 81 97 178 356 b
1 2 4 8 16 32 33 65 81 113 178 356 b
1 2 4 8 16 32 33 65 81 146 178 356 b
1 2 4 8 16 32 33 65 81 162 178 356 b
1 2 4 8 16 32 33 65 81 162 194 356 b
1 2 4 8 16 32 33 65 81 162 324 356 b
1 2 4 8 16 32 33 65 97 113 178 356 b
1 2 4 8 16 32 33 65 97 162 178 356 b
1 2 4 8 16 32 33 65 97 162 194 356 b
1 2 4 8 16 32 33 65 97 162 259 356 b
1 2 4 8 16 32 33 65 97 162 324 356 b
1 2 4 8 16 32 33 65 97 194 259 356 b
1 2 4 8 16 32 33 65 97 194 291 356 b
1 2 4 8 16 32 33 65 130 146 178 356 b
1 2 4 8 16 32 33 65 130 162 178 356 b
1 2 4 8 16 32 33 65 130 162 194 356 b
1 2 4 8 16 32 33 65 130 162 324 356 b
1 2 4 8 16 32 34 36 72 106 178 356 b
1 2 4 8 16 32 34 36 72 144 178 356 b
1 2 4 8 16 32 34 38 70 108 178 356 b
1 2 4 8 16 32 34 38 70 140 178 356 b
1 2 4 8 16 32 34 38 72 106 178 356 b
1 2 4 8 16 32 34 38 72 144 178 356 b
1 2 4 8 16 32 34 40 72 106 178 356 a
1 2 4 8 16 32 34 40 72 144 178 356 a
1 2 4 8 16 32 34 42 68 110 178 356 a
1 2 4 8 16 32 34 42 68 136 178 356 a
1 2 4 8 16 32 34 48 82 96 178 356 a
1 2 4 8 16 32 34 48 82 130 178 356 a
1 2 4 8 16 32 34 48 96 130 178 356 a
1 2 4 8 16 32 34 48 96 130 226 356 a
1 2 4 8 16 32 34 48 96 130 260 356 a
1 2 4 8 16 32 34 48 96 144 178 356 a
1 2 4 8 16 32 34 50 64 114 178 356 a
1 2 4 8 16 32 34 50 64 128 178 356 a
1 2 4 8 16 32 34 64 72 106 178 356 a
1 2 4 8 16 32 34 64 72 144 178 356 a
1 2 4 8 16 32 34 64 80 98 178 356 a
1 2 4 8 16 32 34 64 80 114 178 356 a
1 2 4 8 16 32 34 64 80 144 178 356 a
1 2 4 8 16 32 34 64 96 130 226 356 a
1 2 4 8 16 32 34 64 96 130 260 356 a
1 2 4 8 16 32 34 64 98 114 178 356 a
1 2 4 8 16 32 34 64 98 162 178 356 a
1 2 4 8 16 32 34 64 98 162 194 356 a
1 2 4 8 16 32 34 64 98 162 324 356 a
1 2 4 8 16 32 34 64 128 144 178 356 a
1 2 4 8 16 32 34 64 128 162 178 356 a
1 2 4 8 16 32 34 64 128 162 194 356 a
1 2 4 8 16 32 34 64 128 162 324 356 a
1 2 4 8 16 32 34 68 72 106 178 356 b
1 2 4 8 16 32 34 68 72 144 178 356 b
1 2 4 8 16 32 34 68 72 144 212 356 b
1 2 4 8 16 32 34 68 72 144 288 356 b
1 2 4 8 16 32 34 68 76 102 178 356 a
1 2 4 8 16 32 34 68 76 110 178 356 b
1 2 4 8 16 32 34 68 76 144 178 356 b
1 2 4 8 16 32 34 68 76 144 212 356 b
1 2 4 8 16 32 34 68 76 144 288 356 b
1 2 4 8 16 32 34 68 84 136 220 356 a
1 2 4 8 16 32 34 68 84 136 272 356 a
1 2 4 8 16 32 34 68 102 110 178 356 b
1 2 4 8 16 32 34 68 102 170 178 356 b
1 2 4 8 16 32 34 68 102 170 186 356 b
1 2 4 8 16 32 34 68 102 170 340 356 b
1 2 4 8 16 32 34 68 136 144 178 356 b
1 2 4 8 16 32 34 68 136 144 212 356 b
1 2 4 8 16 32 34 68 136 144 288 356 b
1 2 4 8 16 32 34 68 136 152 204 356 a
1 2 4 8 16 32 34 68 136 152 220 356 b
1 2 4 8 16 32 34 68 136 152 288 356 b
1 2 4 8 16 32 34 68 136 170 178 356 b
1 2 4 8 16 32 34 68 136 170 186 356 b
1 2 4 8 16 32 34 68 136 170 340 356 b
1 2 4 8 16 32 34 68 136 204 220 356 b
1 2 4 8 16 32 34 68 136 204 340 356 b
1 2 4 8 16 32 34 68 136 272 288 356 b
1 2 4 8 16 32 34 68 136 272 340 356 b
1 2 4 8 16 32 36 37 52 89 178 356 a
1 2 4 8 16 32 36 37 53 89 178 356 b
1 2 4 8 16 32 36 37 73 89 178 356 b
1 2 4 8 16 32 36 37 73 105 178 356 b
1 2 4 8 16 32 36 37 73 146 178 356 b
1 2 4 8 16 32 36 38 70 108 178 356 b
1 2 4 8 16 32 36 38 70 140 178 356 b
1 2 4 8 16 32 36 40 80 160 196 356 b
1 2 4 8 16 32 36 40 80 160 320 356 b
1 2 4 8 16 32 36 44 45 89 178 356 b
1 2 4 8 16 32 36 44 80 160 196 356 b
1 2 4 8 16 32 36 44 80 160 320 356 b
1 2 4 8 16 32 36 44 88 89 178 356 b
1 2 4 8 16 32 36 44 88 90 178 356 b
1 2 4 8 16 32 36 44 88 176 178 356 b
1 2 4 8 16 32 36 44 88 176 180 356 b
1 2 4 8 16 32 36 44 88 176 352 356 b
1 2 4 8 16 32 36 48 80 160 196 356 a
1 2 4 8 16 32 36 48 80 160 320 356 a
1 2 4 8 16 32 36 52 53 89 178 356 b
1 2 4 8 16 32 36 52 84 136 220 356 b
1 2 4 8 16 32 36 52 84 136 272 356 b
1 2 4 8 16 32 36 52 88 89 178 356 b
1 2 4 8 16 32 36 52 88 90 178 356 b
1 2 4 8 16 32 36 52 88 176 178 356 b
1 2 4 8 16 32 36 52 88 176 180 356 b
1 2 4 8 16 32 36 52 88 176 352 356 b
1 2 4 8 16 32 36 64 80 160 196 356 a
1 2 4 8 16 32 36 64 80 160 320 356 a
1 2 4 8 16 32 36 64 96 160 196 356 a
1 2 4 8 16 32 36 64 96 160 320 356 a
1 2 4 8 16 32 36 64 100 128 228 356 a
1 2 4 8 16 32 36 64 100 128 256 356 a
1 2 4 8 16 32 36 64 128 160 196 356 a
1 2 4 8 16 32 36 64 128 160 320 356 a
1 2 4 8 16 32 36 64 128 164 192 356 a
1 2 4 8 16 32 36 64 128 164 228 356 a
1 2 4 8 16 32 36 64 128 164 292 356 a
1 2 4 8 16 32 36 64 128 192 228 356 a
1 2 4 8 16 32 36 64 128 192 320 356 a
1 2 4 8 16 32 36 64 128 256 292 356 a
1 2 4 8 16 32 36 64 128 256 320 356 a
1 2 4 8 16 32 36 68 72 144 212 356 b
1 2 4 8 16 32 36 68 72 144 288 356 b
1 2 4 8 16 32 36 68 76 144 212 356 b
1 2 4 8 16 32 36 68 76 144 288 356 b
1 2 4 8 16 32 36 68 84 136 220 356 a
1 2 4 8 16 32 36 68 84 136 272 356 a
1 2 4 8 16 32 36 68 136 144 212 356 b
1 2 4 8 16 32 36 68 136 144 288 356 b
1 2 4 8 16 32 36 68 136 152 204 356 a
1 2 4 8 16 32 36 68 136 152 220 356 b
1 2 4 8 16 32 36 68 136 152 288 356 b
1 2 4 8 16 32 36 68 136 204 220 356 b
1 2 4 8 16 32 36 68 136 204 340 356 b
1 2 4 8 16 32 36 68 136 272 288 356 b
1 2 4 8 16 32 36 68 136 272 340 356 b
1 2 4 8 16 32 36 72 73 89 178 356 b
1 2 4 8 16 32 36 72 73 105 178 356 b
1 2 4 8 16 32 36 72 73 146 178 356 b
1 2 4 8 16 32 36 72 74 104 178 356 a
1 2 4 8 16 32 36 72 74 106 178 356 b
1 2 4 8 16 32 36 72 74 146 178 356 b
1 2 4 8 16 32 36 72 80 160 196 356 b
1 2 4 8 16 32 36 72 80 160 320 356 b
1 2 4 8 16 32 36 72 88 89 178 356 b
1 2 4 8 16 32 36 72 88 90 178 356 b
1 2 4 8 16 32 36 72 88 160 196 356 b
1 2 4 8 16 32 36 72 88 160 320 356 b
1 2 4 8 16 32 36 72 88 176 178 356 b
1 2 4 8 16 32 36 72 88 176 180 356 b
1 2 4 8 16 32 36 72 88 176 352 356 b
1 2 4 8 16 32 36 72 104 106 178 356 b
1 2 4 8 16 32 36 72 104 176 178 356 b
1 2 4 8 16 32 36 72 104 176 180 356 b
1 2 4 8 16 32 36 72 104 176 352 356 b
1 2 4 8 16 32 36 72 108 124 232 356 b
1 2 4 8 16 32 36 72 108 124 248 356 b
1 2 4 8 16 32 36 72 108 140 216 356 a
1 2 4 8 16 32 36 72 108 140 248 356 b
1 2 4 8 16 32 36 72 108 216 248 356 b
1 2 4 8 16 32 36 72 108 216 324 356 b
1 2 4 8 16 32 36 72 144 146 178 356 b
1 2 4 8 16 32 36 72 144 160 196 356 b
1 2 4 8 16 32 36 72 144 160 320 356 b
1 2 4 8 16 32 36 72 144 176 178 356 b
1 2 4 8 16 32 36 72 144 176 180 356 b
1 2 4 8 16 32 36 72 144 176 212 356 b
1 2 4 8 16 32 36 72 144 176 320 356 b
1 2 4 8 16 32 36 72 144 176 352 356 b
1 2 4 8 16 32 36 72 144 180 212 356 b
1 2 4 8 16 32 36 72 144 180 324 356 b
1 2 4 8 16 32 36 72 144 288 320 356 b
1 2 4 8 16 32 36 72 144 288 324 356 b
1 2 4 8 16 32 40 41 48 89 178 356 a
1 2 4 8 16 32 40 41 49 89 178 356 b
1 2 4 8 16 32 40 41 57 89 178 356 b
1 2 4 8 16 32 40 41 73 89 178 356 b
1 2 4 8 16 32 40 41 73 105 178 356 b
1 2 4 8 16 32 40 41 73 146 178 356 b
1 2 4 8 16 32 40 41 81 89 178 356 b
1 2 4 8 16 32 40 41 81 97 178 356 b
1 2 4 8 16 32 40 41 81 162 178 356 b
1 2 4 8 16 32 40 41 81 162 194 356 b
1 2 4 8 16 32 40 41 81 162 324 356 b
1 2 4 8 16 32 40 44 45 89 178 356 b
1 2 4 8 16 32 40 44 88 89 178 356 b
1 2 4 8 16 32 40 44 88 90 178 356 b
1 2 4 8 16 32 40 44 88 176 178 356 b
1 2 4 8 16 32 40 44 88 176 180 356 b
1 2 4 8 16 32 40 44 88 176 352 356 b
1 2 4 8 16 32 40 48 49 89 178 356 b
1 2 4 8 16 32 40 48 88 89 178 356 b
1 2 4 8 16 32 40 48 88 90 178 356 b
1 2 4 8 16 32 40 48 88 176 178 356 b
1 2 4 8 16 32 40 48 88 176 180 356 b
1 2 4 8 16 32 40 48 88 176 352 356 b
1 2 4 8 16 32 40 56 57 89 178 356 b
1 2 4 8 16 32 40 56 88 89 178 356 b
1 2 4 8 16 32 40 56 88 90 178 356 b
1 2 4 8 16 32 40 56 88 176 178 356 b
1 2 4 8 16 32 40 56 88 176 180 356 b
1 2 4 8 16 32 40 56 88 176 352 356 b
1 2 4 8 16 32 40 72 73 89 178 356 b
1 2 4 8 16 32 40 72 73 105 178 356 b
1 2 4 8 16 32 40 72 73 146 178 356 b
1 2 4 8 16 32 40 72 74 104 178 356 a
1 2 4 8 16 32 40 72 74 106 178 356 b
1 2 4 8 16 32 40 72 74 146 178 356 b
1 2 4 8 16 32 40 72 88 89 178 356 b
1 2 4 8 16 32 40 72 88 90 178 356 b
1 2 4 8 16 32 40 72 88 176 178 356 b
1 2 4 8 16 32 40 72 88 176 180 356 b
1 2 4 8 16 32 40 72 88 176 352 356 b
1 2 4 8 16 32 40 72 104 106 178 356 b
1 2 4 8 16 32 40 72 104 176 178 356 b
1 2 4 8 16 32 40 72 104 176 180 356 b
1 2 4 8 16 32 40 72 104 176 352 356 b
1 2 4 8 16 32 40 72 144 146 178 356 b
1 2 4 8 16 32 40 72 144 176 178 356 b
1 2 4 8 16 32 40 72 144 176 180 356 b
1 2 4 8 16 32 40 72 144 176 352 356 b
1 2 4 8 16 32 40 80 81 89 178 356 b
1 2 4 8 16 32 40 80 81 97 178 356 b
1 2 4 8 16 32 40 80 81 162 178 356 b
1 2 4 8 16 32 40 80 81 162 194 356 b
1 2 4 8 16 32 40 80 81 162 324 356 b
1 2 4 8 16 32 40 80 82 96 178 356 a
1 2 4 8 16 32 40 80 82 98 178 356 b
1 2 4 8 16 32 40 80 82 162 178 356 b
1 2 4 8 16 32 40 80 82 162 194 356 b
1 2 4 8 16 32 40 80 82 162 324 356 b
1 2 4 8 16 32 40 80 88 89 178 356 b
1 2 4 8 16 32 40 80 88 90 178 356 b
1 2 4 8 16 32 40 80 88 176 178 356 b
1 2 4 8 16 32 40 80 88 176 180 356 b
1 2 4 8 16 32 40 80 88 176 352 356 b
1 2 4 8 16 32 40 80 96 98 178 356 b
1 2 4 8 16 32 40 80 96 176 178 356 b
1 2 4 8 16 32 40 80 96 176 180 356 b
1 2 4 8 16 32 40 80 96 176 352 356 b
1 2 4 8 16 32 40 80 160 162 178 356 b
1 2 4 8 16 32 40 80 160 162 194 356 b
1 2 4 8 16 32 40 80 160 162 324 356 b
1 2 4 8 16 32 40 80 160 164 192 356 a
1 2 4 8 16 32 40 80 160 164 196 356 b
1 2 4 8 16 32 40 80 160 164 324 356 b
1 2 4 8 16 32 40 80 160 176 178 356 b
1 2 4 8 16 32 40 80 160 176 180 356 b
1 2 4 8 16 32 40 80 160 176 352 356 b
1 2 4 8 16 32 40 80 160 192 196 356 b
1 2 4 8 16 32 40 80 160 192 352 356 b
1 2 4 8 16 32 40 80 160 320 324 356 b
1 2 4 8 16 32 40 80 160 320 352 356 b
1 2 4 8 16 32 48 49 57 89 178 356 b
1 2 4 8 16 32 48 49 65 113 178 356 b
1 2 4 8 16 32 48 49 65 130 178 356 b
1 2 4 8 16 32 48 49 80 98 178 356 a
1 2 4 8 16 32 48 49 80 129 178 356 a
1 2 4 8 16 32 48 49 81 89 178 356 b
1 2 4 8 16 32 48 49 81 97 178 356 b
1 2 4 8 16 32 48 49 81 129 178 356 b
1 2 4 8 16 32 48 49 81 130 178 356 b
1 2 4 8 16 32 48 49 81 162 178 356 b
1 2 4 8 16 32 48 49 81 162 194 356 b
1 2 4 8 16 32 48 49 81 162 324 356 b
1 2 4 8 16 32 48 49 97 129 178 356 b
1 2 4 8 16 32 48 49 97 146 178 356 b
1 2 4 8 16 32 48 49 98 130 178 356 b
1 2 4 8 16 32 48 49 98 146 178 356 b
1 2 4 8 16 32 48 50 64 114 178 356 a
1 2 4 8 16 32 48 50 64 128 178 356 a
1 2 4 8 16 32 48 50 80 98 178 356 a
1 2 4 8 16 32 48 50 80 128 178 356 a
1 2 4 8 16 32 48 50 80 130 178 356 a
1 2 4 8 16 32 48 50 82 96 178 356 a
1 2 4 8 16 32 48 50 82 130 178 356 b
1 2 4 8 16 32 48 50 96 128 178 356 a
1 2 4 8 16 32 48 50 96 146 178 356 a
1 2 4 8 16 32 48 50 98 130 178 356 b
1 2 4 8 16 32 48 50 98 146 178 356 b
1 2 4 8 16 32 48 52 84 136 220 356 b
1 2 4 8 16 32 48 52 84 136 272 356 b
1 2 4 8 16 32 48 52 100 152 204 356 b
1 2 4 8 16 32 48 52 100 152 304 356 b
1 2 4 8 16 32 48 52 104 152 204 356 b
1 2 4 8 16 32 48 52 104 152 304 356 b
1 2 4 8 16 32 48 56 57 89 178 356 b
1 2 4 8 16 32 48 56 88 89 178 356 b
1 2 4 8 16 32 48 56 88 90 178 356 b
1 2 4 8 16 32 48 56 88 176 178 356 b
1 2 4 8 16 32 48 56 88 176 180 356 b
1 2 4 8 16 32 48 56 88 176 352 356 b
1 2 4 8 16 32 48 64 65 113 178 356 b
1 2 4 8 16 32 48 64 65 130 178 356 b
1 2 4 8 16 32 48 64 66 112 178 356 a
1 2 4 8 16 32 48 64 66 114 178 356 b
1 2 4 8 16 32 48 64 66 130 178 356 b
1 2 4 8 16 32 48 64 112 114 178 356 b
1 2 4 8 16 32 48 64 112 176 178 356 b
1 2 4 8 16 32 48 64 112 176 180 356 b
1 2 4 8 16 32 48 64 112 176 352 356 b
1 2 4 8 16 32 48 64 128 130 178 356 b
1 2 4 8 16 32 48 64 128 176 178 356 b
1 2 4 8 16 32 48 64 128 176 180 356 b
1 2 4 8 16 32 48 64 128 176 352 356 b
1 2 4 8 16 32 48 80 81 89 178 356 b
1 2 4 8 16 32 48 80 81 97 178 356 b
1 2 4 8 16 32 48 80 81 162 178 356 b
1 2 4 8 16 32 48 80 81 162 194 356 b
1 2 4 8 16 32 48 80 81 162 324 356 b
1 2 4 8 16 32 48 80 82 96 178 356 a
1 2 4 8 16 32 48 80 82 98 178 356 b
1 2 4 8 16 32 48 80 82 130 178 356 b
1 2 4 8 16 32 48 80 82 162 178 356 b
1 2 4 8 16 32 48 80 82 162 194 356 b
1 2 4 8 16 32 48 80 82 162 324 356 b
1 2 4 8 16 32 48 80 88 89 178 356 b
1 2 4 8 16 32 48 80 88 90 178 356 b
1 2 4 8 16 32 48 80 88 176 178 356 b
1 2 4 8 16 32 48 80 88 176 180 356 b
1 2 4 8 16 32 48 80 88 176 352 356 b
1 2 4 8 16 32 48 80 96 98 178 356 b
1 2 4 8 16 32 48 80 96 176 178 356 b
1 2 4 8 16 32 48 80 96 176 180 356 b
1 2 4 8 16 32 48 80 96 176 352 356 b
1 2 4 8 16 32 48 80 128 130 178 356 b
1 2 4 8 16 32 48 80 128 176 178 356 b
1 2 4 8 16 32 48 80 128 176 180 356 b
1 2 4 8 16 32 48 80 128 176 352 356 b
1 2 4 8 16 32 48 80 160 162 178 356 b
1 2 4 8 16 32 48 80 160 162 194 356 b
1 2 4 8 16 32 48 80 160 162 324 356 b
1 2 4 8 16 32 48 80 160 164 192 356 a
1 2 4 8 16 32 48 80 160 164 196 356 b
1 2 4 8 16 32 48 80 160 164 324 356 b
1 2 4 8 16 32 48 80 160 176 178 356 b
1 2 4 8 16 32 48 80 160 176 180 356 b
1 2 4 8 16 32 48 80 160 176 352 356 b
1 2 4 8 16 32 48 80 160 192 196 356 b
1 2 4 8 16 32 48 80 160 192 352 356 b
1 2 4 8 16 32 48 80 160 320 324 356 b
1 2 4 8 16 32 48 80 160 320 352 356 b
1 2 4 8 16 32 48 96 98 130 178 356 b
1 2 4 8 16 32 48 96 98 130 226 356 b
1 2 4 8 16 32 48 96 98 130 260 356 b
1 2 4 8 16 32 48 96 98 146 178 356 b
1 2 4 8 16 32 48 96 100 128 228 356 a
1 2 4 8 16 32 48 96 100 128 256 356 a
1 2 4 8 16 32 48 96 128 130 178 356 b
1 2 4 8 16 32 48 96 128 130 226 356 b
1 2 4 8 16 32 48 96 128 130 260 356 b
1 2 4 8 16 32 48 96 128 132 224 356 a
1 2 4 8 16 32 48 96 128 132 228 356 b
1 2 4 8 16 32 48 96 128 132 260 356 b
1 2 4 8 16 32 48 96 128 176 178 356 b
1 2 4 8 16 32 48 96 128 176 180 356 b
1 2 4 8 16 32 48 96 128 176 352 356 b
1 2 4 8 16 32 48 96 128 224 228 356 b
1 2 4 8 16 32 48 96 128 224 352 356 b
1 2 4 8 16 32 48 96 128 256 260 356 b
1 2 4 8 16 32 48 96 128 256 352 356 b
1 2 4 8 16 32 48 96 144 146 178 356 b
1 2 4 8 16 32 48 96 144 176 178 356 b
1 2 4 8 16 32 48 96 144 176 180 356 b
1 2 4 8 16 32 48 96 144 176 352 356 b
1 2 4 8 16 32 64 65 73 89 178 356 b
1 2 4 8 16 32 64 65 73 105 178 356 b
1 2 4 8 16 32 64 65 73 146 178 356 b
1 2 4 8 16 32 64 65 73 146 210 356 b
1 2 4 8 16 32 64 65 73 146 292 356 b
1 2 4 8 16 32 64 65 81 89 178 356 b
1 2 4 8 16 32 64 65 81 97 178 356 b
1 2 4 8 16 32 64 65 81 113 178 356 b
1 2 4 8 16 32 64 65 81 146 178 356 b
1 2 4 8 16 32 64 65 81 146 210 356 b
1 2 4 8 16 32 64 65 81 146 292 356 b
1 2 4 8 16 32 64 65 81 162 178 356 b
1 2 4 8 16 32 64 65 81 162 194 356 b
1 2 4 8 16 32 64 65 81 162 324 356 b
1 2 4 8 16 32 64 65 96 130 226 356 a
1 2 4 8 16 32 64 65 96 130 260 356 a
1 2 4 8 16 32 64 65 97 113 178 356 b
1 2 4 8 16 32 64 65 97 162 178 356 b
1 2 4 8 16 32 64 65 97 162 194 356 b
1 2 4 8 16 32 64 65 97 162 259 356 b
1 2 4 8 16 32 64 65 97 162 324 356 b
1 2 4 8 16 32 64 65 97 194 259 356 b
1 2 4 8 16 32 64 65 97 194 291 356 b
1 2 4 8 16 32 64 65 130 146 178 356 b
1 2 4 8 16 32 64 65 130 146 210 356 b
1 2 4 8 16 32 64 65 130 146 292 356 b
1 2 4 8 16 32 64 65 130 162 178 356 b
1 2 4 8 16 32 64 65 130 162 194 356 b
1 2 4 8 16 32 64 65 130 162 226 356 b
1 2 4 8 16 32 64 65 130 162 292 356 b
1 2 4 8 16 32 64 65 130 162 324 356 b
1 2 4 8 16 32 64 65 130 194 226 356 b
1 2 4 8 16 32 64 65 130 194 324 356 b
1 2 4 8 16 32 64 65 130 260 292 356 b
1 2 4 8 16 32 64 65 130 260 324 356 b
1 2 4 8 16 32 64 66 80 98 178 356 a
1 2 4 8 16 32 64 66 80 112 178 356 a
1 2 4 8 16 32 64 66 80 146 178 356 a
1 2 4 8 16 32 64 66 80 146 210 356 a
1 2 4 8 16 32 64 66 80 146 292 356 a
1 2 4 8 16 32 64 66 82 96 178 356 a
1 2 4 8 16 32 64 66 82 114 178 356 b
1 2 4 8 16 32 64 66 82 146 178 356 b
1 2 4 8 16 32 64 66 82 146 210 356 b
1 2 4 8 16 32 64 66 82 146 292 356 b
1 2 4 8 16 32 64 66 96 112 178 356 a
1 2 4 8 16 32 64 66 96 130 226 356 a
1 2 4 8 16 32 64 66 96 130 260 356 a
1 2 4 8 16 32 64 66 96 162 178 356 a
1 2 4 8 16 32 64 66 96 162 194 356 a
1 2 4 8 16 32 64 66 96 162 324 356 a
1 2 4 8 16 32 64 66 98 114 178 356 b
1 2 4 8 16 32 64 66 98 162 178 356 b
1 2 4 8 16 32 64 66 98 162 194 356 b
1 2 4 8 16 32 64 66 98 162 324 356 b
1 2 4 8 16 32 64 66 130 146 178 356 b
1 2 4 8 16 32 64 66 130 146 210 356 b
1 2 4 8 16 32 64 66 130 146 292 356 b
1 2 4 8 16 32 64 66 130 162 178 356 b
1 2 4 8 16 32 64 66 130 162 194 356 b
1 2 4 8 16 32 64 66 130 162 226 356 b
1 2 4 8 16 32 64 66 130 162 292 356 b
1 2 4 8 16 32 64 66 130 162 324 356 b
1 2 4 8 16 32 64 66 130 194 226 356 b
1 2 4 8 16 32 64 66 130 194 324 356 b
1 2 4 8 16 32 64 66 130 260 292 356 b
1 2 4 8 16 32 64 66 130 260 324 356 b
1 2 4 8 16 32 64 68 72 144 212 356 b
1 2 4 8 16 32 64 68 72 144 288 356 b
1 2 4 8 16 32 64 68 76 140 216 356 b
1 2 4 8 16 32 64 68 76 140 280 356 b
1 2 4 8 16 32 64 68 76 144 212 356 b
1 2 4 8 16 32 64 68 76 144 288 356 b
1 2 4 8 16 32 64 68 80 144 212 356 a
1 2 4 8 16 32 64 68 80 144 288 356 a
1 2 4 8 16 32 64 68 84 136 220 356 a
1 2 4 8 16 32 64 68 84 136 272 356 a
1 2 4 8 16 32 64 68 96 164 192 356 a
1 2 4 8 16 32 64 68 96 164 260 356 a
1 2 4 8 16 32 64 68 96 192 260 356 a
1 2 4 8 16 32 64 68 96 192 288 356 a
1 2 4 8 16 32 64 68 100 128 228 356 a
1 2 4 8 16 32 64 68 100 128 256 356 a
1 2 4 8 16 32 64 68 128 144 212 356 a
1 2 4 8 16 32 64 68 128 144 288 356 a
1 2 4 8 16 32 64 68 128 160 196 356 a
1 2 4 8 16 32 64 68 128 160 228 356 a
1 2 4 8 16 32 64 68 128 160 288 356 a
1 2 4 8 16 32 64 68 128 196 228 356 a
1 2 4 8 16 32 64 68 128 196 324 356 a
1 2 4 8 16 32 64 68 128 256 288 356 a
1 2 4 8 16 32 64 68 128 256 324 356 a
1 2 4 8 16 32 64 68 136 144 212 356 b
1 2 4 8 16 32 64 68 136 144 288 356 b
1 2 4 8 16 32 64 68 136 152 204 356 a
1 2 4 8 16 32 64 68 136 152 220 356 b
1 2 4 8 16 32 64 68 136 152 288 356 b
1 2 4 8 16 32 64 68 136 204 220 356 b
1 2 4 8 16 32 64 68 136 204 340 356 b
1 2 4 8 16 32 64 68 136 272 288 356 b
1 2 4 8 16 32 64 68 136 272 340 356 b
1 2 4 8 16 32 64 72 73 89 178 356 b
1 2 4 8 16 32 64 72 73 105 178 356 b
1 2 4 8 16 32 64 72 73 146 178 356 b
1 2 4 8 16 32 64 72 73 146 210 356 b
1 2 4 8 16 32 64 72 73 146 292 356 b
1 2 4 8 16 32 64 72 74 104 178 356 a
1 2 4 8 16 32 64 72 74 106 178 356 b
1 2 4 8 16 32 64 72 74 146 178 356 b
1 2 4 8 16 32 64 72 74 146 210 356 b
1 2 4 8 16 32 64 72 74 146 292 356 b
1 2 4 8 16 32 64 72 76 140 216 356 b
1 2 4 8 16 32 64 72 76 140 280 356 b
1 2 4 8 16 32 64 72 88 89 178 356 b
1 2 4 8 16 32 64 72 88 90 178 356 b
1 2 4 8 16 32 64 72 88 176 178 356 b
1 2 4 8 16 32 64 72 88 176 180 356 b
1 2 4 8 16 32 64 72 88 176 352 356 b
1 2 4 8 16 32 64 72 104 106 178 356 b
1 2 4 8 16 32 64 72 104 176 178 356 b
1 2 4 8 16 32 64 72 104 176 180 356 b
1 2 4 8 16 32 64 72 104 176 352 356 b
1 2 4 8 16 32 64 72 144 146 178 356 b
1 2 4 8 16 32 64 72 144 146 210 356 b
1 2 4 8 16 32 64 72 144 146 292 356 b
1 2 4 8 16 32 64 72 144 148 208 356 a
1 2 4 8 16 32 64 72 144 148 212 356 b
1 2 4 8 16 32 64 72 144 148 292 356 b
1 2 4 8 16 32 64 72 144 176 178 356 b
1 2 4 8 16 32 64 72 144 176 180 356 b
1 2 4 8 16 32 64 72 144 176 352 356 b
1 2 4 8 16 32 64 72 144 208 212 356 b
1 2 4 8 16 32 64 72 144 208 352 356 b
1 2 4 8 16 32 64 72 144 288 292 356 b
1 2 4 8 16 32 64 72 144 288 352 356 b
1 2 4 8 16 32 64 80 81 89 178 356 b
1 2 4 8 16 32 64 80 81 97 178 356 b
1 2 4 8 16 32 64 80 81 162 178 356 b
1 2 4 8 16 32 64 80 81 162 194 356 b
1 2 4 8 16 32 64 80 81 162 324 356 b
1 2 4 8 16 32 64 80 82 96 178 356 a
1 2 4 8 16 32 64 80 82 98 178 356 b
1 2 4 8 16 32 64 80 82 114 178 356 b
1 2 4 8 16 32 64 80 82 146 178 356 b
1 2 4 8 16 32 64 80 82 146 210 356 b
1 2 4 8 16 32 64 80 82 146 292 356 b
1 2 4 8 16 32 64 80 82 162 178 356 b
1 2 4 8 16 32 64 80 82 162 194 356 b
1 2 4 8 16 32 64 80 82 162 324 356 b
1 2 4 8 16 32 64 80 88 89 178 356 b
1 2 4 8 16 32 64 80 88 90 178 356 b
1 2 4 8 16 32 64 80 88 176 178 356 b
1 2 4 8 16 32 64 80 88 176 180 356 b
1 2 4 8 16 32 64 80 88 176 352 356 b
1 2 4 8 16 32 64 80 96 98 178 356 b
1 2 4 8 16 32 64 80 96 176 178 356 b
1 2 4 8 16 32 64 80 96 176 180 356 b
1 2 4 8 16 32 64 80 96 176 352 356 b
1 2 4 8 16 32 64 80 112 114 178 356 b
1 2 4 8 16 32 64 80 112 176 178 356 b
1 2 4 8 16 32 64 80 112 176 180 356 b
1 2 4 8 16 32 64 80 112 176 352 356 b
1 2 4 8 16 32 64 80 144 146 178 356 b
1 2 4 8 16 32 64 80 144 146 210 356 b
1 2 4 8 16 32 64 80 144 146 292 356 b
1 2 4 8 16 32 64 80 144 148 208 356 a
1 2 4 8 16 32 64 80 144 148 212 356 b
1 2 4 8 16 32 64 80 144 148 292 356 b
1 2 4 8 16 32 64 80 144 176 178 356 b
1 2 4 8 16 32 64 80 144 176 180 356 b
1 2 4 8 16 32 64 80 144 176 352 356 b
1 2 4 8 16 32 64 80 144 208 212 356 b
1 2 4 8 16 32 64 80 144 208 352 356 b
1 2 4 8 16 32 64 80 144 288 292 356 b
1 2 4 8 16 32 64 80 144 288 352 356 b
1 2 4 8 16 32 64 80 160 162 178 356 b
1 2 4 8 16 32 64 80 160 162 194 356 b
1 2 4 8 16 32 64 80 160 162 324 356 b
1 2 4 8 16 32 64 80 160 164 192 356 a
1 2 4 8 16 32 64 80 160 164 196 356 b
1 2 4 8 16 32 64 80 160 164 324 356 b
1 2 4 8 16 32 64 80 160 176 178 356 b
1 2 4 8 16 32 64 80 160 176 180 356 b
1 2 4 8 16 32 64 80 160 176 352 356 b
1 2 4 8 16 32 64 80 160 192 196 356 b
1 2 4 8 16 32 64 80 160 192 352 356 b
1 2 4 8 16 32 64 80 160 320 324 356 b
1 2 4 8 16 32 64 80 160 320 352 356 b
1 2 4 8 16 32 64 96 98 114 178 356 b
1 2 4 8 16 32 64 96 98 130 226 356 b
1 2 4 8 16 32 64 96 98 130 260 356 b
1 2 4 8 16 32 64 96 98 160 196 356 a
1 2 4 8 16 32 64 96 98 160 258 356 a
1 2 4 8 16 32 64 96 98 162 178 356 b
1 2 4 8 16 32 64 96 98 162 194 356 b
1 2 4 8 16 32 64 96 98 162 258 356 b
1 2 4 8 16 32 64 96 98 162 260 356 b
1 2 4 8 16 32 64 96 98 162 324 356 b
1 2 4 8 16 32 64 96 98 194 258 356 b
1 2 4 8 16 32 64 96 98 194 292 356 b
1 2 4 8 16 32 64 96 98 196 260 356 b
1 2 4 8 16 32 64 96 98 196 292 356 b
1 2 4 8 16 32 64 96 100 128 228 356 a
1 2 4 8 16 32 64 96 100 128 256 356 a
1 2 4 8 16 32 64 96 100 160 196 356 a
1 2 4 8 16 32 64 96 100 160 256 356 a
1 2 4 8 16 32 64 96 100 160 260 356 a
1 2 4 8 16 32 64 96 100 164 192 356 a
1 2 4 8 16 32 64 96 100 164 260 356 b
1 2 4 8 16 32 64 96 100 192 256 356 a
1 2 4 8 16 32 64 96 100 192 292 356 a
1 2 4 8 16 32 64 96 100 196 260 356 b
1 2 4 8 16 32 64 96 100 196 292 356 b
1 2 4 8 16 32 64 96 112 114 178 356 b
1 2 4 8 16 32 64 96 112 176 178 356 b
1 2 4 8 16 32 64 96 112 176 180 356 b
1 2 4 8 16 32 64 96 112 176 352 356 b
1 2 4 8 16 32 64 96 128 130 226 356 b
1 2 4 8 16 32 64 96 128 130 260 356 b
1 2 4 8 16 32 64 96 128 132 224 356 a
1 2 4 8 16 32 64 96 128 132 228 356 b
1 2 4 8 16 32 64 96 128 132 260 356 b
1 2 4 8 16 32 64 96 128 224 228 356 b
1 2 4 8 16 32 64 96 128 224 352 356 b
1 2 4 8 16 32 64 96 128 256 260 356 b
1 2 4 8 16 32 64 96 128 256 352 356 b
1 2 4 8 16 32 64 96 160 162 178 356 b
1 2 4 8 16 32 64 96 160 162 194 356 b
1 2 4 8 16 32 64 96 160 162 324 356 b
1 2 4 8 16 32 64 96 160 164 192 356 a
1 2 4 8 16 32 64 96 160 164 196 356 b
1 2 4 8 16 32 64 96 160 164 260 356 b
1 2 4 8 16 32 64 96 160 164 324 356 b
1 2 4 8 16 32 64 96 160 176 178 356 b
1 2 4 8 16 32 64 96 160 176 180 356 b
1 2 4 8 16 32 64 96 160 176 352 356 b
1 2 4 8 16 32 64 96 160 192 196 356 b
1 2 4 8 16 32 64 96 160 192 352 356 b
1 2 4 8 16 32 64 96 160 256 260 356 b
1 2 4 8 16 32 64 96 160 256 352 356 b
1 2 4 8 16 32 64 96 160 320 324 356 b
1 2 4 8 16 32 64 96 160 320 352 356 b
1 2 4 8 16 32 64 96 192 196 260 356 b
1 2 4 8 16 32 64 96 192 196 292 356 b
1 2 4 8 16 32 64 96 192 256 260 356 b
1 2 4 8 16 32 64 96 192 256 352 356 b
1 2 4 8 16 32 64 96 192 288 292 356 b
1 2 4 8 16 32 64 96 192 288 352 356 b
1 2 4 8 16 32 64 128 130 146 178 356 b
1 2 4 8 16 32 64 128 130 146 210 356 b
1 2 4 8 16 32 64 128 130 146 292 356 b
1 2 4 8 16 32 64 128 130 162 178 356 b
1 2 4 8 16 32 64 128 130 162 194 356 b
1 2 4 8 16 32 64 128 130 162 226 356 b
1 2 4 8 16 32 64 128 130 162 292 356 b
1 2 4 8 16 32 64 128 130 162 324 356 b
1 2 4 8 16 32 64 128 130 194 226 356 b
1 2 4 8 16 32 64 128 130 194 324 356 b
1 2 4 8 16 32 64 128 130 260 292 356 b
1 2 4 8 16 32 64 128 130 260 324 356 b
1 2 4 8 16 32 64 128 132 160 196 356 a
1 2 4 8 16 32 64 128 132 160 224 356 a
1 2 4 8 16 32 64 128 132 160 292 356 a
1 2 4 8 16 32 64 128 132 164 192 356 a
1 2 4 8 16 32 64 128 132 164 228 356 b
1 2 4 8 16 32 64 128 132 164 292 356 b
1 2 4 8 16 32 64 128 132 192 224 356 a
1 2 4 8 16 32 64 128 132 192 324 356 a
1 2 4 8 16 32 64 128 132 196 228 356 b
1 2 4 8 16 32 64 128 132 196 324 356 b
1 2 4 8 16 32 64 128 132 260 292 356 b
1 2 4 8 16 32 64 128 132 260 324 356 b
1 2 4 8 16 32 64 128 144 146 178 356 b
1 2 4 8 16 32 64 128 144 146 210 356 b
1 2 4 8 16 32 64 128 144 146 292 356 b
1 2 4 8 16 32 64 128 144 148 208 356 a
1 2 4 8 16 32 64 128 144 148 212 356 b
1 2 4 8 16 32 64 128 144 148 292 356 b
1 2 4 8 16 32 64 128 144 176 178 356 b
1 2 4 8 16 32 64 128 144 176 180 356 b
1 2 4 8 16 32 64 128 144 176 352 356 b
1 2 4 8 16 32 64 128 144 208 212 356 b
1 2 4 8 16 32 64 128 144 208 352 356 b
1 2 4 8 16 32 64 128 144 288 292 356 b
1 2 4 8 16 32 64 128 144 288 352 356 b
1 2 4 8 16 32 64 128 160 162 178 356 b
1 2 4 8 16 32 64 128 160 162 194 356 b
1 2 4 8 16 32 64 128 160 162 324 356 b
1 2 4 8 16 32 64 128 160 164 192 356 a
1 2 4 8 16 32 64 128 160 164 196 356 b
1 2 4 8 16 32 64 128 160 164 228 356 b
1 2 4 8 16 32 64 128 160 164 292 356 b
1 2 4 8 16 32 64 128 160 164 324 356 b
1 2 4 8 16 32 64 128 160 176 178 356 b
1 2 4 8 16 32 64 128 160 176 180 356 b
1 2 4 8 16 32 64 128 160 176 352 356 b
1 2 4 8 16 32 64 128 160 192 196 356 b
1 2 4 8 16 32 64 128 160 192 352 356 b
1 2 4 8 16 32 64 128 160 224 228 356 b
1 2 4 8 16 32 64 128 160 224 352 356 b
1 2 4 8 16 32 64 128 160 288 292 356 b
1 2 4 8 16 32 64 128 160 288 352 356 b
1 2 4 8 16 32 64 128 160 320 324 356 b
1 2 4 8 16 32 64 128 160 320 352 356 b
1 2 4 8 16 32 64 128 192 196 228 356 b
1 2 4 8 16 32 64 128 192 196 324 356 b
1 2 4 8 16 32 64 128 192 224 228 356 b
1 2 4 8 16 32 64 128 192 224 352 356 b
1 2 4 8 16 32 64 128 192 320 324 356 b
1 2 4 8 16 32 64 128 192 320 352 356 b
1 2 4 8 16 32 64 128 256 260 292 356 b
1 2 4 8 16 32 64 128 256 260 324 356 b
1 2 4 8 16 32 64 128 256 288 292 356 b
1 2 4 8 16 32 64 128 256 288 352 356 b
1 2 4 8 16 32 64 128 256 320 324 356 b
1 2 4 8 16 32 64 128 256 320 352 356 b
