1 2 3 4 8 16 32 35 67 134 201 335 b
1 2 3 4 8 16 32 35 67 134 268 335 b
1 2 3 4 8 16 32 64 67 134 201 335 b
1 2 3 4 8 16 32 64 67 134 268 335 b
1 2 3 5 8 16 32 35 67 134 201 335 b
1 2 3 5 8 16 32 35 67 134 268 335 b
1 2 3 5 8 16 32 64 67 134 201 335 b
1 2 3 5 8 16 32 64 67 134 268 335 b
1 2 3 5 8 16 32 64 69 133 202 335 b
1 2 3 5 8 16 32 64 69 133 266 335 b
1 2 3 5 10 15 20 40 80 160 175 335 b
1 2 3 5 10 15 20 40 80 160 320 335 b
1 2 3 5 10 15 25 40 80 160 175 335 b
1 2 3 5 10 15 25 40 80 160 320 335 b
1 2 3 5 10 15 30 40 80 160 175 335 b
1 2 3 5 10 15 30 40 80 160 320 335 b
1 2 3 5 10 20 40 43 83 126 209 335 b
1 2 3 5 10 20 40 43 83 126 252 335 b
1 2 3 5 10 20 40 43 83 166 169 335 b
1 2 3 5 10 20 40 43 83 166 332 335 b
1 2 3 5 10 20 40 45 85 125 210 335 b
1 2 3 5 10 20 40 45 85 125 250 335 b
1 2 3 5 10 20 40 80 83 166 169 335 b
1 2 3 5 10 20 40 80 83 166 332 335 b
1 2 3 5 10 20 40 80 85 125 210 335 b
1 2 3 5 10 20 40 80 85 125 250 335 b
1 2 3 5 10 20 40 80 85 165 170 335 b
1 2 3 5 10 20 40 80 85 165 250 335 b
1 2 3 5 10 20 40 80 85 165 330 335 b
1 2 3 5 10 20 40 80 85 170 250 335 b
1 2 3 5 10 20 40 80 85 170 255 335 b
1 2 3 5 10 20 40 80 160 165 170 335 b
1 2 3 5 10 20 40 80 160 165 175 335 b
1 2 3 5 10 20 40 80 160 165 325 335 b
1 2 3 5 10 20 40 80 160 165 330 335 b
1 2 3 5 10 20 40 80 160 170 175 335 b
1 2 3 5 10 20 40 80 160 170 330 335 b
1 2 3 5 10 20 40 80 160 320 325 335 b
1 2 3 5 10 20 40 80 160 320 330 335 b
1 2 3 6 8 16 32 35 67 134 201 335 b
1 2 3 6 8 16 32 35 67 134 268 335 b
1 2 3 6 8 16 32 64 67 134 201 335 b
1 2 3 6 8 16 32 64 67 134 268 335 b
1 2 4 5 8 16 32 64 69 133 202 335 a
1 2 4 5 8 16 32 64 69 133 266 335 a
1 2 4 5 10 15 20 40 80 160 175 335 b
1 2 4 5 10 15 20 40 80 160 320 335 b
1 2 4 5 10 15 25 40 80 160 175 335 b
1 2 4 5 10 15 25 40 80 160 320 335 b
1 2 4 5 10 15 30 40 80 160 175 335 b
1 2 4 5 10 15 30 40 80 160 320 335 b
1 2 4 5 10 20 40 45 85 125 210 335 b
1 2 4 5 10 20 40 45 85 125 250 335 b
1 2 4 5 10 20 40 80 85 125 210 335 b
1 2 4 5 10 20 40 80 85 125 250 335 b
1 2 4 5 10 20 40 80 85 165 170 335 b
1 2 4 5 10 20 40 80 85 165 250 335 b
1 2 4 5 10 20 40 80 85 165 330 335 b
1 2 4 5 10 20 40 80 85 170 250 335 b
1 2 4 5 10 20 40 80 85 170 255 335 b
1 2 4 5 10 20 40 80 160 165 170 335 b
1 2 4 5 10 20 40 80 160 165 175 335 b
1 2 4 5 10 20 40 80 160 165 325 335 b
1 2 4 5 10 20 40 80 160 165 330 335 b
1 2 4 5 10 20 40 80 160 170 175 335 b
1 2 4 5 10 20 40 80 160 170 330 335 b
1 2 4 5 10 20 40 80 160 320 325 335 b
1 2 4 5 10 20 40 80 160 320 330 335 b
1 2 4 8 9 17 25 42 67 134 201 335 b
1 2 4 8 9 17 25 42 67 134 268 335 b
1 2 4 8 9 17 25 50 67 134 201 335 b
1 2 4 8 9 17 25 50 67 134 268 335 b
1 2 4 8 16 17 25 42 67 134 201 335 b
1 2 4 8 16 17 25 42 67 134 268 335 b
1 2 4 8 16 17 25 50 67 134 201 335 b
1 2 4 8 16 17 25 50 67 134 268 335 b
1 2 4 8 16 17 33 34 67 134 201 335 b
1 2 4 8 16 17 33 34 67 134 268 335 b
1 2 4 8 16 17 33 50 67 134 201 335 b
1 2 4 8 16 17 33 50 67 134 268 335 b
1 2 4 8 16 17 33 66 67 134 201 335 b
1 2 4 8 16 17 33 66 67 134 268 335 b
1 2 4 8 16 17 34 50 67 134 201 335 b
1 2 4 8 16 17 34 50 67 134 268 335 b
1 2 4 8 16 17 34 51 67 134 201 335 b
1 2 4 8 16 17 34 51 67 134 268 335 b
1 2 4 8 16 32 33 34 67 134 201 335 b
1 2 4 8 16 32 33 34 67 134 268 335 b
1 2 4 8 16 32 33 35 67 134 201 335 b
1 2 4 8 16 32 33 35 67 134 268 335 b
1 2 4 8 16 32 33 65 67 134 201 335 b
1 2 4 8 16 32 33 65 67 134 268 335 b
1 2 4 8 16 32 33 66 67 134 201 335 b
1 2 4 8 16 32 33 66 67 134 268 335 b
1 2 4 8 16 32 34 35 67 134 201 335 b
1 2 4 8 16 32 34 35 67 134 268 335 b
1 2 4 8 16 32 34 66 67 134 201 335 b
1 2 4 8 16 32 34 66 67 134 268 335 b
1 2 4 8 16 32 64 65 67 134 201 335 b
1 2 4 8 16 32 64 65 67 134 268 335 b
1 2 4 8 16 32 64 65 69 133 202 335 b
1 2 4 8 16 32 64 65 69 133 266 335 b
1 2 4 8 16 32 64 66 67 134 201 335 b
1 2 4 8 16 32 64 66 67 134 268 335 b
1 2 4 8 16 32 64 68 69 133 202 335 b
1 2 4 8 16 32 64 68 69 133 266 335 b
