1 2 3 4 7 14 21 42 84 168 169 337 b
1 2 3 4 7 14 21 42 84 168 336 337 b
1 2 3 4 7 14 28 42 84 168 169 337 b
1 2 3 4 7 14 28 42 84 168 336 337 b
1 2 3 4 7 14 28 56 84 168 169 337 b
1 2 3 4 7 14 28 56 84 168 336 337 b
1 2 3 4 7 14 28 56 112 113 224 337 a
1 2 3 4 7 14 28 56 112 113 225 337 b
1 2 3 4 7 14 28 56 112 168 169 337 b
1 2 3 4 7 14 28 56 112 168 336 337 b
1 2 3 4 7 14 28 56 112 224 225 337 b
1 2 3 4 7 14 28 56 112 224 336 337 b
1 2 3 5 7 14 21 42 84 168 169 337 b
1 2 3 5 7 14 21 42 84 168 336 337 b
1 2 3 5 7 14 28 42 84 168 169 337 b
1 2 3 5 7 14 28 42 84 168 336 337 b
1 2 3 5 7 14 28 56 84 168 169 337 b
1 2 3 5 7 14 28 56 84 168 336 337 b
1 2 3 5 7 14 28 56 112 113 224 337 a
1 2 3 5 7 14 28 56 112 113 225 337 b
1 2 3 5 7 14 28 56 112 168 169 337 b
1 2 3 5 7 14 28 56 112 168 336 337 b
1 2 3 5 7 14 28 56 112 224 225 337 b
1 2 3 5 7 14 28 56 112 224 336 337 b
1 2 3 5 8 13 21 42 84 168 169 337 b
1 2 3 5 8 13 21 42 84 168 336 337 b
1 2 3 5 8 16 21 42 84 168 169 337 b
1 2 3 5 8 16 21 42 84 168 336 337 b
1 2 3 5 10 11 21 42 84 168 169 337 b
1 2 3 5 10 11 21 42 84 168 336 337 b
1 2 3 5 10 20 21 42 84 168 169 337 b
1 2 3 5 10 20 21 42 84 168 336 337 b
1 2 3 5 10 20 22 42 84 168 169 337 b
1 2 3 5 10 20 22 42 84 168 336 337 b
1 2 3 5 10 20 40 42 84 168 169 337 b
1 2 3 5 10 20 40 42 84 168 336 337 b
1 2 3 5 10 20 40 43 83 166 171 337 b
1 2 3 5 10 20 40 43 83 166 332 337 b
1 2 3 5 10 20 40 80 83 166 171 337 b
1 2 3 5 10 20 40 80 83 166 332 337 b
1 2 3 6 7 14 21 42 84 168 169 337 b
1 2 3 6 7 14 21 42 84 168 336 337 b
1 2 3 6 7 14 28 42 84 168 169 337 b
1 2 3 6 7 14 28 42 84 168 336 337 b
1 2 3 6 7 14 28 56 84 168 169 337 b
1 2 3 6 7 14 28 56 84 168 336 337 b
1 2 3 6 7 14 28 56 112 113 224 337 a
1 2 3 6 7 14 28 56 112 113 225 337 b
1 2 3 6 7 14 28 56 112 168 169 337 b
1 2 3 6 7 14 28 56 112 168 336 337 b
1 2 3 6 7 14 28 56 112 224 225 337 b
1 2 3 6 7 14 28 56 112 224 336 337 b
1 2 3 6 8 14 28 42 84 168 169 337 b
1 2 3 6 8 14 28 42 84 168 336 337 b
1 2 3 6 8 14 28 56 84 168 169 337 b
1 2 3 6 8 14 28 56 84 168 336 337 b
1 2 3 6 8 14 28 56 112 113 224 337 a
1 2 3 6 8 14 28 56 112 113 225 337 b
1 2 3 6 8 14 28 56 112 168 169 337 b
1 2 3 6 8 14 28 56 112 168 336 337 b
1 2 3 6 8 14 28 56 112 224 225 337 b
1 2 3 6 8 14 28 56 112 224 336 337 b
1 2 3 6 9 12 21 42 84 168 169 337 b
1 2 3 6 9 12 21 42 84 168 336 337 b
1 2 3 6 9 15 21 42 84 168 169 337 b
1 2 3 6 9 15 21 42 84 168 336 337 b
1 2 3 6 9 18 21 42 84 168 169 337 b
1 2 3 6 9 18 21 42 84 168 336 337 b
1 2 3 6 9 18 24 42 84 168 169 337 b
1 2 3 6 9 18 24 42 84 168 336 337 b
1 2 3 6 9 18 36 42 84 168 169 337 b
1 2 3 6 9 18 36 42 84 168 336 337 b
1 2 3 6 12 14 28 42 84 168 169 337 b
1 2 3 6 12 14 28 42 84 168 336 337 b
1 2 3 6 12 14 28 56 84 168 169 337 b
1 2 3 6 12 14 28 56 84 168 336 337 b
1 2 3 6 12 14 28 56 112 113 224 337 a
1 2 3 6 12 14 28 56 112 113 225 337 b
1 2 3 6 12 14 28 56 112 168 169 337 b
1 2 3 6 12 14 28 56 112 168 336 337 b
1 2 3 6 12 14 28 56 112 224 225 337 b
1 2 3 6 12 14 28 56 112 224 336 337 b
1 2 3 6 12 15 21 42 84 168 169 337 b
1 2 3 6 12 15 21 42 84 168 336 337 b
1 2 3 6 12 15 27 42 84 168 169 337 b
1 2 3 6 12 15 27 42 84 168 336 337 b
1 2 3 6 12 15 30 42 84 168 169 337 b
1 2 3 6 12 15 30 42 84 168 336 337 b
1 2 3 6 12 18 21 42 84 168 169 337 b
1 2 3 6 12 18 21 42 84 168 336 337 b
1 2 3 6 12 18 24 42 84 168 169 337 b
1 2 3 6 12 18 24 42 84 168 336 337 b
1 2 3 6 12 18 30 42 84 168 169 337 b
1 2 3 6 12 18 30 42 84 168 336 337 b
1 2 3 6 12 18 36 42 84 168 169 337 b
1 2 3 6 12 18 36 42 84 168 336 337 b
1 2 3 6 12 18 36 48 84 168 169 337 b
1 2 3 6 12 18 36 48 84 168 336 337 b
1 2 3 6 12 18 36 72 84 168 169 337 b
1 2 3 6 12 18 36 72 84 168 336 337 b
1 2 3 6 12 24 30 42 84 168 169 337 b
1 2 3 6 12 24 30 42 84 168 336 337 b
1 2 3 6 12 24 30 54 84 168 169 337 b
1 2 3 6 12 24 30 54 84 168 336 337 b
1 2 3 6 12 24 30 60 84 168 169 337 b
1 2 3 6 12 24 30 60 84 168 336 337 b
1 2 3 6 12 24 36 42 84 168 169 337 b
1 2 3 6 12 24 36 42 84 168 336 337 b
1 2 3 6 12 24 36 48 84 168 169 337 b
1 2 3 6 12 24 36 48 84 168 336 337 b
1 2 3 6 12 24 36 60 84 168 169 337 b
1 2 3 6 12 24 36 60 84 168 336 337 b
1 2 3 6 12 24 36 72 84 168 169 337 b
1 2 3 6 12 24 36 72 84 168 336 337 b
1 2 3 6 12 24 36 72 96 168 169 337 b
1 2 3 6 12 24 36 72 96 168 336 337 b
1 2 3 6 12 24 36 72 144 168 169 337 b
1 2 3 6 12 24 36 72 144 168 336 337 b
1 2 3 6 12 24 48 49 72 144 193 337 a
1 2 3 6 12 24 48 49 72 144 288 337 a
1 2 3 6 12 24 48 49 96 144 193 337 a
1 2 3 6 12 24 48 49 96 144 288 337 a
1 2 3 6 12 24 48 49 96 145 192 337 a
1 2 3 6 12 24 48 49 96 145 241 337 a
1 2 3 6 12 24 48 49 96 192 241 337 a
1 2 3 6 12 24 48 49 96 192 288 337 a
1 2 3 6 12 24 48 60 84 168 169 337 b
1 2 3 6 12 24 48 60 84 168 336 337 b
1 2 3 6 12 24 48 60 108 168 169 337 b
1 2 3 6 12 24 48 60 108 168 336 337 b
1 2 3 6 12 24 48 60 120 168 169 337 b
1 2 3 6 12 24 48 60 120 168 336 337 b
1 2 3 6 12 24 48 72 84 168 169 337 b
1 2 3 6 12 24 48 72 84 168 336 337 b
1 2 3 6 12 24 48 72 96 168 169 337 b
1 2 3 6 12 24 48 72 96 168 336 337 b
1 2 3 6 12 24 48 72 120 168 169 337 b
1 2 3 6 12 24 48 72 120 168 336 337 b
1 2 3 6 12 24 48 72 144 145 192 337 a
1 2 3 6 12 24 48 72 144 145 193 337 b
1 2 3 6 12 24 48 72 144 145 289 337 b
1 2 3 6 12 24 48 72 144 168 169 337 b
1 2 3 6 12 24 48 72 144 168 336 337 b
1 2 3 6 12 24 48 72 144 192 193 337 b
1 2 3 6 12 24 48 72 144 192 336 337 b
1 2 3 6 12 24 48 72 144 288 289 337 b
1 2 3 6 12 24 48 72 144 288 336 337 b
1 2 3 6 12 24 48 96 97 120 217 337 a
1 2 3 6 12 24 48 96 97 120 240 337 a
1 2 3 6 12 24 48 96 97 144 193 337 a
1 2 3 6 12 24 48 96 97 144 240 337 a
1 2 3 6 12 24 48 96 97 144 241 337 a
1 2 3 6 12 24 48 96 97 145 192 337 a
1 2 3 6 12 24 48 96 97 145 241 337 b
1 2 3 6 12 24 48 96 97 192 240 337 a
1 2 3 6 12 24 48 96 97 192 289 337 a
1 2 3 6 12 24 48 96 97 193 241 337 b
1 2 3 6 12 24 48 96 97 193 289 337 b
1 2 3 6 12 24 48 96 120 121 216 337 a
1 2 3 6 12 24 48 96 120 121 217 337 b
1 2 3 6 12 24 48 96 120 121 241 337 b
1 2 3 6 12 24 48 96 120 168 169 337 b
1 2 3 6 12 24 48 96 120 168 336 337 b
1 2 3 6 12 24 48 96 120 216 217 337 b
1 2 3 6 12 24 48 96 120 216 336 337 b
1 2 3 6 12 24 48 96 120 240 241 337 b
1 2 3 6 12 24 48 96 120 240 336 337 b
1 2 3 6 12 24 48 96 144 145 192 337 a
1 2 3 6 12 24 48 96 144 145 193 337 b
1 2 3 6 12 24 48 96 144 145 241 337 b
1 2 3 6 12 24 48 96 144 145 289 337 b
1 2 3 6 12 24 48 96 144 168 169 337 b
1 2 3 6 12 24 48 96 144 168 336 337 b
1 2 3 6 12 24 48 96 144 192 193 337 b
1 2 3 6 12 24 48 96 144 192 336 337 b
1 2 3 6 12 24 48 96 144 240 241 337 b
1 2 3 6 12 24 48 96 144 240 336 337 b
1 2 3 6 12 24 48 96 144 288 289 337 b
1 2 3 6 12 24 48 96 144 288 336 337 b
1 2 3 6 12 24 48 96 192 193 241 337 b
1 2 3 6 12 24 48 96 192 193 289 337 b
1 2 3 6 12 24 48 96 192 240 241 337 b
1 2 3 6 12 24 48 96 192 240 336 337 b
1 2 3 6 12 24 48 96 192 288 289 337 b
1 2 3 6 12 24 48 96 192 288 336 337 b
1 2 4 5 7 14 21 42 84 168 169 337 b
1 2 4 5 7 14 21 42 84 168 336 337 b
1 2 4 5 7 14 28 42 84 168 169 337 b
1 2 4 5 7 14 28 42 84 168 336 337 b
1 2 4 5 7 14 28 56 84 168 169 337 b
1 2 4 5 7 14 28 56 84 168 336 337 b
1 2 4 5 7 14 28 56 112 113 224 337 a
1 2 4 5 7 14 28 56 112 113 225 337 b
1 2 4 5 7 14 28 56 112 168 169 337 b
1 2 4 5 7 14 28 56 112 168 336 337 b
1 2 4 5 7 14 28 56 112 224 225 337 b
1 2 4 5 7 14 28 56 112 224 336 337 b
1 2 4 5 8 13 21 42 84 168 169 337 a
1 2 4 5 8 13 21 42 84 168 336 337 a
1 2 4 5 8 16 21 42 84 168 169 337 a
1 2 4 5 8 16 21 42 84 168 336 337 a
1 2 4 5 9 14 28 42 84 168 169 337 b
1 2 4 5 9 14 28 42 84 168 336 337 b
1 2 4 5 9 14 28 56 84 168 169 337 b
1 2 4 5 9 14 28 56 84 168 336 337 b
1 2 4 5 9 14 28 56 112 113 224 337 a
1 2 4 5 9 14 28 56 112 113 225 337 b
1 2 4 5 9 14 28 56 112 168 169 337 b
1 2 4 5 9 14 28 56 112 168 336 337 b
1 2 4 5 9 14 28 56 112 224 225 337 b
1 2 4 5 9 14 28 56 112 224 336 337 b
1 2 4 5 9 18 23 41 82 164 173 337 b
1 2 4 5 9 18 23 41 82 164 328 337 b
1 2 4 5 9 18 36 41 82 164 173 337 b
1 2 4 5 9 18 36 41 82 164 328 337 b
1 2 4 5 10 11 21 42 84 168 169 337 b
1 2 4 5 10 11 21 42 84 168 336 337 b
1 2 4 5 10 14 28 42 84 168 169 337 b
1 2 4 5 10 14 28 42 84 168 336 337 b
1 2 4 5 10 14 28 56 84 168 169 337 b
1 2 4 5 10 14 28 56 84 168 336 337 b
1 2 4 5 10 14 28 56 112 113 224 337 a
1 2 4 5 10 14 28 56 112 113 225 337 b
1 2 4 5 10 14 28 56 112 168 169 337 b
1 2 4 5 10 14 28 56 112 168 336 337 b
1 2 4 5 10 14 28 56 112 224 225 337 b
1 2 4 5 10 14 28 56 112 224 336 337 b
1 2 4 5 10 20 21 42 84 168 169 337 b
1 2 4 5 10 20 21 42 84 168 336 337 b
1 2 4 5 10 20 22 42 84 168 169 337 b
1 2 4 5 10 20 22 42 84 168 336 337 b
1 2 4 5 10 20 40 42 84 168 169 337 b
1 2 4 5 10 20 40 42 84 168 336 337 b
1 2 4 5 10 20 40 44 84 168 169 337 b
1 2 4 5 10 20 40 44 84 168 336 337 b
1 2 4 5 10 20 40 80 84 168 169 337 b
1 2 4 5 10 20 40 80 84 168 336 337 b
1 2 4 6 7 14 21 42 84 168 169 337 b
1 2 4 6 7 14 21 42 84 168 336 337 b
1 2 4 6 7 14 28 42 84 168 169 337 b
1 2 4 6 7 14 28 42 84 168 336 337 b
1 2 4 6 7 14 28 56 84 168 169 337 b
1 2 4 6 7 14 28 56 84 168 336 337 b
1 2 4 6 7 14 28 56 112 113 224 337 a
1 2 4 6 7 14 28 56 112 113 225 337 b
1 2 4 6 7 14 28 56 112 168 169 337 b
1 2 4 6 7 14 28 56 112 168 336 337 b
1 2 4 6 7 14 28 56 112 224 225 337 b
1 2 4 6 7 14 28 56 112 224 336 337 b
1 2 4 6 8 14 28 42 84 168 169 337 b
1 2 4 6 8 14 28 42 84 168 336 337 b
1 2 4 6 8 14 28 56 84 168 169 337 b
1 2 4 6 8 14 28 56 84 168 336 337 b
1 2 4 6 8 14 28 56 112 113 224 337 a
1 2 4 6 8 14 28 56 112 113 225 337 b
1 2 4 6 8 14 28 56 112 168 169 337 b
1 2 4 6 8 14 28 56 112 168 336 337 b
1 2 4 6 8 14 28 56 112 224 225 337 b
1 2 4 6 8 14 28 56 112 224 336 337 b
1 2 4 6 10 11 21 42 84 168 169 337 b
1 2 4 6 10 11 21 42 84 168 336 337 b
1 2 4 6 10 14 28 42 84 168 169 337 b
1 2 4 6 10 14 28 42 84 168 336 337 b
1 2 4 6 10 14 28 56 84 168 169 337 b
1 2 4 6 10 14 28 56 84 168 336 337 b
1 2 4 6 10 14 28 56 112 113 224 337 a
1 2 4 6 10 14 28 56 112 113 225 337 b
1 2 4 6 10 14 28 56 112 168 169 337 b
1 2 4 6 10 14 28 56 112 168 336 337 b
1 2 4 6 10 14 28 56 112 224 225 337 b
1 2 4 6 10 14 28 56 112 224 336 337 b
1 2 4 6 10 16 26 42 84 168 169 337 b
1 2 4 6 10 16 26 42 84 168 336 337 b
1 2 4 6 10 16 32 42 84 168 169 337 b
1 2 4 6 10 16 32 42 84 168 336 337 b
1 2 4 6 10 20 21 42 84 168 169 337 b
1 2 4 6 10 20 21 42 84 168 336 337 b
1 2 4 6 10 20 22 42 84 168 169 337 b
1 2 4 6 10 20 22 42 84 168 336 337 b
1 2 4 6 10 20 40 42 84 168 169 337 b
1 2 4 6 10 20 40 42 84 168 336 337 b
1 2 4 6 10 20 40 44 84 168 169 337 b
1 2 4 6 10 20 40 44 84 168 336 337 b
1 2 4 6 10 20 40 80 84 168 169 337 b
1 2 4 6 10 20 40 80 84 168 336 337 b
1 2 4 6 12 14 28 42 84 168 169 337 b
1 2 4 6 12 14 28 42 84 168 336 337 b
1 2 4 6 12 14 28 56 84 168 169 337 b
1 2 4 6 12 14 28 56 84 168 336 337 b
1 2 4 6 12 14 28 56 112 113 224 337 a
1 2 4 6 12 14 28 56 112 113 225 337 b
1 2 4 6 12 14 28 56 112 168 169 337 b
1 2 4 6 12 14 28 56 112 168 336 337 b
1 2 4 6 12 14 28 56 112 224 225 337 b
1 2 4 6 12 14 28 56 112 224 336 337 b
1 2 4 6 12 16 28 56 84 168 169 337 b
1 2 4 6 12 16 28 56 84 168 336 337 b
1 2 4 6 12 16 28 56 112 113 224 337 a
1 2 4 6 12 16 28 56 112 113 225 337 b
1 2 4 6 12 16 28 56 112 168 169 337 b
1 2 4 6 12 16 28 56 112 168 336 337 b
1 2 4 6 12 16 28 56 112 224 225 337 b
1 2 4 6 12 16 28 56 112 224 336 337 b
1 2 4 6 12 18 24 42 84 168 169 337 b
1 2 4 6 12 18 24 42 84 168 336 337 b
1 2 4 6 12 18 30 42 84 168 169 337 b
1 2 4 6 12 18 30 42 84 168 336 337 b
1 2 4 6 12 18 36 42 84 168 169 337 b
1 2 4 6 12 18 36 42 84 168 336 337 b
1 2 4 6 12 18 36 48 84 168 169 337 b
1 2 4 6 12 18 36 48 84 168 336 337 b
1 2 4 6 12 18 36 72 84 168 169 337 b
1 2 4 6 12 18 36 72 84 168 336 337 b
1 2 4 6 12 24 28 56 84 168 169 337 b
1 2 4 6 12 24 28 56 84 168 336 337 b
1 2 4 6 12 24 28 56 112 113 224 337 a
1 2 4 6 12 24 28 56 112 113 225 337 b
1 2 4 6 12 24 28 56 112 168 169 337 b
1 2 4 6 12 24 28 56 112 168 336 337 b
1 2 4 6 12 24 28 56 112 224 225 337 b
1 2 4 6 12 24 28 56 112 224 336 337 b
1 2 4 6 12 24 30 42 84 168 169 337 b
1 2 4 6 12 24 30 42 84 168 336 337 b
1 2 4 6 12 24 30 54 84 168 169 337 b
1 2 4 6 12 24 30 54 84 168 336 337 b
1 2 4 6 12 24 30 60 84 168 169 337 b
1 2 4 6 12 24 30 60 84 168 336 337 b
1 2 4 6 12 24 36 42 84 168 169 337 b
1 2 4 6 12 24 36 42 84 168 336 337 b
1 2 4 6 12 24 36 48 84 168 169 337 b
1 2 4 6 12 24 36 48 84 168 336 337 b
1 2 4 6 12 24 36 60 84 168 169 337 b
1 2 4 6 12 24 36 60 84 168 336 337 b
1 2 4 6 12 24 36 72 84 168 169 337 b
1 2 4 6 12 24 36 72 84 168 336 337 b
1 2 4 6 12 24 36 72 96 168 169 337 b
1 2 4 6 12 24 36 72 96 168 336 337 b
1 2 4 6 12 24 36 72 144 168 169 337 b
1 2 4 6 12 24 36 72 144 168 336 337 b
1 2 4 6 12 24 48 49 72 144 193 337 a
1 2 4 6 12 24 48 49 72 144 288 337 a
1 2 4 6 12 24 48 49 96 144 193 337 a
1 2 4 6 12 24 48 49 96 144 288 337 a
1 2 4 6 12 24 48 49 96 145 192 337 a
1 2 4 6 12 24 48 49 96 145 241 337 a
1 2 4 6 12 24 48 49 96 192 241 337 a
1 2 4 6 12 24 48 49 96 192 288 337 a
1 2 4 6 12 24 48 60 84 168 169 337 b
1 2 4 6 12 24 48 60 84 168 336 337 b
1 2 4 6 12 24 48 60 108 168 169 337 b
1 2 4 6 12 24 48 60 108 168 336 337 b
1 2 4 6 12 24 48 60 120 168 169 337 b
1 2 4 6 12 24 48 60 120 168 336 337 b
1 2 4 6 12 24 48 72 84 168 169 337 b
1 2 4 6 12 24 48 72 84 168 336 337 b
1 2 4 6 12 24 48 72 96 168 169 337 b
1 2 4 6 12 24 48 72 96 168 336 337 b
1 2 4 6 12 24 48 72 120 168 169 337 b
1 2 4 6 12 24 48 72 120 168 336 337 b
1 2 4 6 12 24 48 72 144 145 192 337 a
1 2 4 6 12 24 48 72 144 145 193 337 b
1 2 4 6 12 24 48 72 144 145 289 337 b
1 2 4 6 12 24 48 72 144 168 169 337 b
1 2 4 6 12 24 48 72 144 168 336 337 b
1 2 4 6 12 24 48 72 144 192 193 337 b
1 2 4 6 12 24 48 72 144 192 336 337 b
1 2 4 6 12 24 48 72 144 288 289 337 b
1 2 4 6 12 24 48 72 144 288 336 337 b
1 2 4 6 12 24 48 96 97 120 217 337 a
1 2 4 6 12 24 48 96 97 120 240 337 a
1 2 4 6 12 24 48 96 97 144 193 337 a
1 2 4 6 12 24 48 96 97 144 240 337 a
1 2 4 6 12 24 48 96 97 144 241 337 a
1 2 4 6 12 24 48 96 97 145 192 337 a
1 2 4 6 12 24 48 96 97 145 241 337 b
1 2 4 6 12 24 48 96 97 192 240 337 a
1 2 4 6 12 24 48 96 97 192 289 337 a
1 2 4 6 12 24 48 96 97 193 241 337 b
1 2 4 6 12 24 48 96 97 193 289 337 b
1 2 4 6 12 24 48 96 120 121 216 337 a
1 2 4 6 12 24 48 96 120 121 217 337 b
1 2 4 6 12 24 48 96 120 121 241 337 b
1 2 4 6 12 24 48 96 120 168 169 337 b
1 2 4 6 12 24 48 96 120 168 336 337 b
1 2 4 6 12 24 48 96 120 216 217 337 b
1 2 4 6 12 24 48 96 120 216 336 337 b
1 2 4 6 12 24 48 96 120 240 241 337 b
1 2 4 6 12 24 48 96 120 240 336 337 b
1 2 4 6 12 24 48 96 144 145 192 337 a
1 2 4 6 12 24 48 96 144 145 193 337 b
1 2 4 6 12 24 48 96 144 145 241 337 b
1 2 4 6 12 24 48 96 144 145 289 337 b
1 2 4 6 12 24 48 96 144 168 169 337 b
1 2 4 6 12 24 48 96 144 168 336 337 b
1 2 4 6 12 24 48 96 144 192 193 337 b
1 2 4 6 12 24 48 96 144 192 336 337 b
1 2 4 6 12 24 48 96 144 240 241 337 b
1 2 4 6 12 24 48 96 144 240 336 337 b
1 2 4 6 12 24 48 96 144 288 289 337 b
1 2 4 6 12 24 48 96 144 288 336 337 b
1 2 4 6 12 24 48 96 192 193 241 337 b
1 2 4 6 12 24 48 96 192 193 289 337 b
1 2 4 6 12 24 48 96 192 240 241 337 b
1 2 4 6 12 24 48 96 192 240 336 337 b
1 2 4 6 12 24 48 96 192 288 289 337 b
1 2 4 6 12 24 48 96 192 288 336 337 b
1 2 4 8 9 12 21 42 84 168 169 337 a
1 2 4 8 9 12 21 42 84 168 336 337 a
1 2 4 8 9 13 21 42 84 168 169 337 b
1 2 4 8 9 13 21 42 84 168 336 337 b
1 2 4 8 9 16 25 41 82 164 173 337 a
1 2 4 8 9 16 25 41 82 164 328 337 a
1 2 4 8 9 16 32 41 82 164 173 337 a
1 2 4 8 9 16 32 41 82 164 328 337 a
1 2 4 8 9 17 21 42 84 168 169 337 b
1 2 4 8 9 17 21 42 84 168 336 337 b
1 2 4 8 9 17 25 42 84 168 169 337 b
1 2 4 8 9 17 25 42 84 168 336 337 b
1 2 4 8 9 17 34 42 84 168 169 337 b
1 2 4 8 9 17 34 42 84 168 336 337 b
1 2 4 8 10 11 21 42 84 168 169 337 b
1 2 4 8 10 11 21 42 84 168 336 337 b
1 2 4 8 10 14 28 42 84 168 169 337 b
1 2 4 8 10 14 28 42 84 168 336 337 b
1 2 4 8 10 14 28 56 84 168 169 337 b
1 2 4 8 10 14 28 56 84 168 336 337 b
1 2 4 8 10 14 28 56 112 113 224 337 a
1 2 4 8 10 14 28 56 112 113 225 337 b
1 2 4 8 10 14 28 56 112 168 169 337 b
1 2 4 8 10 14 28 56 112 168 336 337 b
1 2 4 8 10 14 28 56 112 224 225 337 b
1 2 4 8 10 14 28 56 112 224 336 337 b
1 2 4 8 10 16 26 42 84 168 169 337 a
1 2 4 8 10 16 26 42 84 168 336 337 a
1 2 4 8 10 16 32 42 84 168 169 337 a
1 2 4 8 10 16 32 42 84 168 336 337 a
1 2 4 8 10 18 28 56 84 168 169 337 b
1 2 4 8 10 18 28 56 84 168 336 337 b
1 2 4 8 10 18 28 56 112 113 224 337 a
1 2 4 8 10 18 28 56 112 113 225 337 b
1 2 4 8 10 18 28 56 112 168 169 337 b
1 2 4 8 10 18 28 56 112 168 336 337 b
1 2 4 8 10 18 28 56 112 224 225 337 b
1 2 4 8 10 18 28 56 112 224 336 337 b
1 2 4 8 10 20 21 42 84 168 169 337 b
1 2 4 8 10 20 21 42 84 168 336 337 b
1 2 4 8 10 20 22 42 84 168 169 337 b
1 2 4 8 10 20 22 42 84 168 336 337 b
1 2 4 8 10 20 28 56 84 168 169 337 b
1 2 4 8 10 20 28 56 84 168 336 337 b
1 2 4 8 10 20 28 56 112 113 224 337 a
1 2 4 8 10 20 28 56 112 113 225 337 b
1 2 4 8 10 20 28 56 112 168 169 337 b
1 2 4 8 10 20 28 56 112 168 336 337 b
1 2 4 8 10 20 28 56 112 224 225 337 b
1 2 4 8 10 20 28 56 112 224 336 337 b
1 2 4 8 10 20 40 42 84 168 169 337 b
1 2 4 8 10 20 40 42 84 168 336 337 b
1 2 4 8 10 20 40 44 84 168 169 337 b
1 2 4 8 10 20 40 44 84 168 336 337 b
1 2 4 8 10 20 40 80 84 168 169 337 b
1 2 4 8 10 20 40 80 84 168 336 337 b
1 2 4 8 10 20 40 80 88 168 169 337 b
1 2 4 8 10 20 40 80 88 168 336 337 b
1 2 4 8 10 20 40 80 160 168 169 337 b
1 2 4 8 10 20 40 80 160 168 336 337 b
1 2 4 8 12 13 21 42 84 168 169 337 b
1 2 4 8 12 13 21 42 84 168 336 337 b
1 2 4 8 12 14 28 42 84 168 169 337 b
1 2 4 8 12 14 28 42 84 168 336 337 b
1 2 4 8 12 14 28 56 84 168 169 337 b
1 2 4 8 12 14 28 56 84 168 336 337 b
1 2 4 8 12 14 28 56 112 113 224 337 a
1 2 4 8 12 14 28 56 112 113 225 337 b
1 2 4 8 12 14 28 56 112 168 169 337 b
1 2 4 8 12 14 28 56 112 168 336 337 b
1 2 4 8 12 14 28 56 112 224 225 337 b
1 2 4 8 12 14 28 56 112 224 336 337 b
1 2 4 8 12 16 28 56 84 168 169 337 b
1 2 4 8 12 16 28 56 84 168 336 337 b
1 2 4 8 12 16 28 56 112 113 224 337 a
1 2 4 8 12 16 28 56 112 113 225 337 b
1 2 4 8 12 16 28 56 112 168 169 337 b
1 2 4 8 12 16 28 56 112 168 336 337 b
1 2 4 8 12 16 28 56 112 224 225 337 b
1 2 4 8 12 16 28 56 112 224 336 337 b
1 2 4 8 12 20 21 42 84 168 169 337 b
1 2 4 8 12 20 21 42 84 168 336 337 b
1 2 4 8 12 20 22 42 84 168 169 337 b
1 2 4 8 12 20 22 42 84 168 336 337 b
1 2 4 8 12 20 28 56 84 168 169 337 b
1 2 4 8 12 20 28 56 84 168 336 337 b
1 2 4 8 12 20 28 56 112 113 224 337 a
1 2 4 8 12 20 28 56 112 113 225 337 b
1 2 4 8 12 20 28 56 112 168 169 337 b
1 2 4 8 12 20 28 56 112 168 336 337 b
1 2 4 8 12 20 28 56 112 224 225 337 b
1 2 4 8 12 20 28 56 112 224 336 337 b
1 2 4 8 12 20 32 52 84 168 169 337 b
1 2 4 8 12 20 32 52 84 168 336 337 b
1 2 4 8 12 20 32 64 84 168 169 337 b
1 2 4 8 12 20 32 64 84 168 336 337 b
1 2 4 8 12 20 40 42 84 168 169 337 b
1 2 4 8 12 20 40 42 84 168 336 337 b
1 2 4 8 12 20 40 44 84 168 169 337 b
1 2 4 8 12 20 40 44 84 168 336 337 b
1 2 4 8 12 20 40 80 84 168 169 337 b
1 2 4 8 12 20 40 80 84 168 336 337 b
1 2 4 8 12 20 40 80 88 168 169 337 b
1 2 4 8 12 20 40 80 88 168 336 337 b
1 2 4 8 12 20 40 80 160 168 169 337 b
1 2 4 8 12 20 40 80 160 168 336 337 b
1 2 4 8 12 24 28 56 84 168 169 337 b
1 2 4 8 12 24 28 56 84 168 336 337 b
1 2 4 8 12 24 28 56 112 113 224 337 a
1 2 4 8 12 24 28 56 112 113 225 337 b
1 2 4 8 12 24 28 56 112 168 169 337 b
1 2 4 8 12 24 28 56 112 168 336 337 b
1 2 4 8 12 24 28 56 112 224 225 337 b
1 2 4 8 12 24 28 56 112 224 336 337 b
1 2 4 8 12 24 32 56 112 113 224 337 a
1 2 4 8 12 24 32 56 112 113 225 337 b
1 2 4 8 12 24 32 56 112 168 169 337 b
1 2 4 8 12 24 32 56 112 168 336 337 b
1 2 4 8 12 24 32 56 112 224 225 337 b
1 2 4 8 12 24 32 56 112 224 336 337 b
1 2 4 8 12 24 36 48 84 168 169 337 b
1 2 4 8 12 24 36 48 84 168 336 337 b
1 2 4 8 12 24 36 60 84 168 169 337 b
1 2 4 8 12 24 36 60 84 168 336 337 b
1 2 4 8 12 24 36 72 84 168 169 337 b
1 2 4 8 12 24 36 72 84 168 336 337 b
1 2 4 8 12 24 36 72 96 168 169 337 b
1 2 4 8 12 24 36 72 96 168 336 337 b
1 2 4 8 12 24 36 72 144 168 169 337 b
1 2 4 8 12 24 36 72 144 168 336 337 b
1 2 4 8 12 24 48 49 72 144 193 337 a
1 2 4 8 12 24 48 49 72 144 288 337 a
1 2 4 8 12 24 48 49 96 144 193 337 a
1 2 4 8 12 24 48 49 96 144 288 337 a
1 2 4 8 12 24 48 49 96 145 192 337 a
1 2 4 8 12 24 48 49 96 145 241 337 a
1 2 4 8 12 24 48 49 96 192 241 337 a
1 2 4 8 12 24 48 49 96 192 288 337 a
1 2 4 8 12 24 48 56 112 113 224 337 a
1 2 4 8 12 24 48 56 112 113 225 337 b
1 2 4 8 12 24 48 56 112 168 169 337 b
1 2 4 8 12 24 48 56 112 168 336 337 b
1 2 4 8 12 24 48 56 112 224 225 337 b
1 2 4 8 12 24 48 56 112 224 336 337 b
1 2 4 8 12 24 48 60 84 168 169 337 b
1 2 4 8 12 24 48 60 84 168 336 337 b
1 2 4 8 12 24 48 60 108 168 169 337 b
1 2 4 8 12 24 48 60 108 168 336 337 b
1 2 4 8 12 24 48 60 120 168 169 337 b
1 2 4 8 12 24 48 60 120 168 336 337 b
1 2 4 8 12 24 48 72 84 168 169 337 b
1 2 4 8 12 24 48 72 84 168 336 337 b
1 2 4 8 12 24 48 72 96 168 169 337 b
1 2 4 8 12 24 48 72 96 168 336 337 b
1 2 4 8 12 24 48 72 120 168 169 337 b
1 2 4 8 12 24 48 72 120 168 336 337 b
1 2 4 8 12 24 48 72 144 145 192 337 a
1 2 4 8 12 24 48 72 144 145 193 337 b
1 2 4 8 12 24 48 72 144 145 289 337 b
1 2 4 8 12 24 48 72 144 168 169 337 b
1 2 4 8 12 24 48 72 144 168 336 337 b
1 2 4 8 12 24 48 72 144 192 193 337 b
1 2 4 8 12 24 48 72 144 192 336 337 b
1 2 4 8 12 24 48 72 144 288 289 337 b
1 2 4 8 12 24 48 72 144 288 336 337 b
1 2 4 8 12 24 48 96 97 120 217 337 a
1 2 4 8 12 24 48 96 97 120 240 337 a
1 2 4 8 12 24 48 96 97 144 193 337 a
1 2 4 8 12 24 48 96 97 144 240 337 a
1 2 4 8 12 24 48 96 97 144 241 337 a
1 2 4 8 12 24 48 96 97 145 192 337 a
1 2 4 8 12 24 48 96 97 145 241 337 b
1 2 4 8 12 24 48 96 97 192 240 337 a
1 2 4 8 12 24 48 96 97 192 289 337 a
1 2 4 8 12 24 48 96 97 193 241 337 b
1 2 4 8 12 24 48 96 97 193 289 337 b
1 2 4 8 12 24 48 96 120 121 216 337 a
1 2 4 8 12 24 48 96 120 121 217 337 b
1 2 4 8 12 24 48 96 120 121 241 337 b
1 2 4 8 12 24 48 96 120 168 169 337 b
1 2 4 8 12 24 48 96 120 168 336 337 b
1 2 4 8 12 24 48 96 120 216 217 337 b
1 2 4 8 12 24 48 96 120 216 336 337 b
1 2 4 8 12 24 48 96 120 240 241 337 b
1 2 4 8 12 24 48 96 120 240 336 337 b
1 2 4 8 12 24 48 96 144 145 192 337 a
1 2 4 8 12 24 48 96 144 145 193 337 b
1 2 4 8 12 24 48 96 144 145 241 337 b
1 2 4 8 12 24 48 96 144 145 289 337 b
1 2 4 8 12 24 48 96 144 168 169 337 b
1 2 4 8 12 24 48 96 144 168 336 337 b
1 2 4 8 12 24 48 96 144 192 193 337 b
1 2 4 8 12 24 48 96 144 192 336 337 b
1 2 4 8 12 24 48 96 144 240 241 337 b
1 2 4 8 12 24 48 96 144 240 336 337 b
1 2 4 8 12 24 48 96 144 288 289 337 b
1 2 4 8 12 24 48 96 144 288 336 337 b
1 2 4 8 12 24 48 96 192 193 241 337 b
1 2 4 8 12 24 48 96 192 193 289 337 b
1 2 4 8 12 24 48 96 192 240 241 337 b
1 2 4 8 12 24 48 96 192 240 336 337 b
1 2 4 8 12 24 48 96 192 288 289 337 b
1 2 4 8 12 24 48 96 192 288 336 337 b
1 2 4 8 16 17 20 40 80 160 177 337 a
1 2 4 8 16 17 20 40 80 160 320 337 a
1 2 4 8 16 17 21 42 84 168 169 337 b
1 2 4 8 16 17 21 42 84 168 336 337 b
1 2 4 8 16 17 24 40 80 160 177 337 a
1 2 4 8 16 17 24 40 80 160 320 337 a
1 2 4 8 16 17 25 42 84 168 169 337 b
1 2 4 8 16 17 25 42 84 168 336 337 b
1 2 4 8 16 17 32 40 80 160 177 337 a
1 2 4 8 16 17 32 40 80 160 320 337 a
1 2 4 8 16 17 32 48 80 160 177 337 a
1 2 4 8 16 17 32 48 80 160 320 337 a
1 2 4 8 16 17 32 64 80 160 177 337 a
1 2 4 8 16 17 32 64 80 160 320 337 a
1 2 4 8 16 17 32 64 81 128 209 337 a
1 2 4 8 16 17 32 64 81 128 256 337 a
1 2 4 8 16 17 32 64 96 160 177 337 a
1 2 4 8 16 17 32 64 96 160 320 337 a
1 2 4 8 16 17 32 64 128 145 192 337 a
1 2 4 8 16 17 32 64 128 145 209 337 a
1 2 4 8 16 17 32 64 128 145 273 337 a
1 2 4 8 16 17 32 64 128 160 177 337 a
1 2 4 8 16 17 32 64 128 160 320 337 a
1 2 4 8 16 17 32 64 128 192 209 337 a
1 2 4 8 16 17 32 64 128 192 320 337 a
1 2 4 8 16 17 32 64 128 256 273 337 a
1 2 4 8 16 17 32 64 128 256 320 337 a
1 2 4 8 16 17 33 41 74 148 189 337 b
1 2 4 8 16 17 33 41 74 148 296 337 b
1 2 4 8 16 17 34 42 84 168 169 337 b
1 2 4 8 16 17 34 42 84 168 336 337 b
1 2 4 8 16 17 34 50 84 168 169 337 b
1 2 4 8 16 17 34 50 84 168 336 337 b
1 2 4 8 16 17 34 68 84 168 169 337 b
1 2 4 8 16 17 34 68 84 168 336 337 b
1 2 4 8 16 18 24 42 84 168 169 337 a
1 2 4 8 16 18 24 42 84 168 336 337 a
1 2 4 8 16 18 26 42 84 168 169 337 b
1 2 4 8 16 18 26 42 84 168 336 337 b
1 2 4 8 16 18 34 42 84 168 169 337 b
1 2 4 8 16 18 34 42 84 168 336 337 b
1 2 4 8 16 18 34 50 84 168 169 337 b
1 2 4 8 16 18 34 50 84 168 336 337 b
1 2 4 8 16 18 34 68 84 168 169 337 b
1 2 4 8 16 18 34 68 84 168 336 337 b
1 2 4 8 16 20 21 42 84 168 169 337 b
1 2 4 8 16 20 21 42 84 168 336 337 b
1 2 4 8 16 20 22 42 84 168 169 337 b
1 2 4 8 16 20 22 42 84 168 336 337 b
1 2 4 8 16 20 28 56 84 168 169 337 b
1 2 4 8 16 20 28 56 84 168 336 337 b
1 2 4 8 16 20 28 56 112 113 224 337 a
1 2 4 8 16 20 28 56 112 113 225 337 b
1 2 4 8 16 20 28 56 112 168 169 337 b
1 2 4 8 16 20 28 56 112 168 336 337 b
1 2 4 8 16 20 28 56 112 224 225 337 b
1 2 4 8 16 20 28 56 112 224 336 337 b
1 2 4 8 16 20 32 52 84 168 169 337 a
1 2 4 8 16 20 32 52 84 168 336 337 a
1 2 4 8 16 20 32 64 84 168 169 337 a
1 2 4 8 16 20 32 64 84 168 336 337 a
1 2 4 8 16 20 36 56 112 113 224 337 a
1 2 4 8 16 20 36 56 112 113 225 337 b
1 2 4 8 16 20 36 56 112 168 169 337 b
1 2 4 8 16 20 36 56 112 168 336 337 b
1 2 4 8 16 20 36 56 112 224 225 337 b
1 2 4 8 16 20 36 56 112 224 336 337 b
1 2 4 8 16 20 40 42 84 168 169 337 b
1 2 4 8 16 20 40 42 84 168 336 337 b
1 2 4 8 16 20 40 44 84 168 169 337 b
1 2 4 8 16 20 40 44 84 168 336 337 b
1 2 4 8 16 20 40 56 112 113 224 337 a
1 2 4 8 16 20 40 56 112 113 225 337 b
1 2 4 8 16 20 40 56 112 168 169 337 b
1 2 4 8 16 20 40 56 112 168 336 337 b
1 2 4 8 16 20 40 56 112 224 225 337 b
1 2 4 8 16 20 40 56 112 224 336 337 b
1 2 4 8 16 20 40 80 84 168 169 337 b
1 2 4 8 16 20 40 80 84 168 336 337 b
1 2 4 8 16 20 40 80 88 168 169 337 b
1 2 4 8 16 20 40 80 88 168 336 337 b
1 2 4 8 16 20 40 80 160 161 176 337 a
1 2 4 8 16 20 40 80 160 161 177 337 b
1 2 4 8 16 20 40 80 160 161 321 337 b
1 2 4 8 16 20 40 80 160 168 169 337 b
1 2 4 8 16 20 40 80 160 168 336 337 b
1 2 4 8 16 20 40 80 160 176 177 337 b
1 2 4 8 16 20 40 80 160 176 336 337 b
1 2 4 8 16 20 40 80 160 320 321 337 b
1 2 4 8 16 20 40 80 160 320 336 337 b
1 2 4 8 16 24 26 42 84 168 169 337 b
1 2 4 8 16 24 26 42 84 168 336 337 b
1 2 4 8 16 24 28 56 84 168 169 337 b
1 2 4 8 16 24 28 56 84 168 336 337 b
1 2 4 8 16 24 28 56 112 113 224 337 a
1 2 4 8 16 24 28 56 112 113 225 337 b
1 2 4 8 16 24 28 56 112 168 169 337 b
1 2 4 8 16 24 28 56 112 168 336 337 b
1 2 4 8 16 24 28 56 112 224 225 337 b
1 2 4 8 16 24 28 56 112 224 336 337 b
1 2 4 8 16 24 32 56 112 113 224 337 a
1 2 4 8 16 24 32 56 112 113 225 337 b
1 2 4 8 16 24 32 56 112 168 169 337 b
1 2 4 8 16 24 32 56 112 168 336 337 b
1 2 4 8 16 24 32 56 112 224 225 337 b
1 2 4 8 16 24 32 56 112 224 336 337 b
1 2 4 8 16 24 40 42 84 168 169 337 b
1 2 4 8 16 24 40 42 84 168 336 337 b
1 2 4 8 16 24 40 44 84 168 169 337 b
1 2 4 8 16 24 40 44 84 168 336 337 b
1 2 4 8 16 24 40 56 112 113 224 337 a
1 2 4 8 16 24 40 56 112 113 225 337 b
1 2 4 8 16 24 40 56 112 168 169 337 b
1 2 4 8 16 24 40 56 112 168 336 337 b
1 2 4 8 16 24 40 56 112 224 225 337 b
1 2 4 8 16 24 40 56 112 224 336 337 b
1 2 4 8 16 24 40 64 104 168 169 337 b
1 2 4 8 16 24 40 64 104 168 336 337 b
1 2 4 8 16 24 40 64 128 168 169 337 b
1 2 4 8 16 24 40 64 128 168 336 337 b
1 2 4 8 16 24 40 80 84 168 169 337 b
1 2 4 8 16 24 40 80 84 168 336 337 b
1 2 4 8 16 24 40 80 88 168 169 337 b
1 2 4 8 16 24 40 80 88 168 336 337 b
1 2 4 8 16 24 40 80 160 161 176 337 a
1 2 4 8 16 24 40 80 160 161 177 337 b
1 2 4 8 16 24 40 80 160 161 321 337 b
1 2 4 8 16 24 40 80 160 168 169 337 b
1 2 4 8 16 24 40 80 160 168 336 337 b
1 2 4 8 16 24 40 80 160 176 177 337 b
1 2 4 8 16 24 40 80 160 176 336 337 b
1 2 4 8 16 24 40 80 160 320 321 337 b
1 2 4 8 16 24 40 80 160 320 336 337 b
1 2 4 8 16 24 48 49 72 144 193 337 a
1 2 4 8 16 24 48 49 72 144 288 337 a
1 2 4 8 16 24 48 49 96 144 193 337 a
1 2 4 8 16 24 48 49 96 144 288 337 a
1 2 4 8 16 24 48 49 96 145 192 337 a
1 2 4 8 16 24 48 49 96 145 241 337 a
1 2 4 8 16 24 48 49 96 192 241 337 a
1 2 4 8 16 24 48 49 96 192 288 337 a
1 2 4 8 16 24 48 56 112 113 224 337 a
1 2 4 8 16 24 48 56 112 113 225 337 b
1 2 4 8 16 24 48 56 112 168 169 337 b
1 2 4 8 16 24 48 56 112 168 336 337 b
1 2 4 8 16 24 48 56 112 224 225 337 b
1 2 4 8 16 24 48 56 112 224 336 337 b
1 2 4 8 16 24 48 64 112 113 224 337 a
1 2 4 8 16 24 48 64 112 113 225 337 b
1 2 4 8 16 24 48 64 112 224 225 337 b
1 2 4 8 16 24 48 64 112 224 336 337 b
1 2 4 8 16 24 48 72 96 168 169 337 b
1 2 4 8 16 24 48 72 96 168 336 337 b
1 2 4 8 16 24 48 72 120 168 169 337 b
1 2 4 8 16 24 48 72 120 168 336 337 b
1 2 4 8 16 24 48 72 144 145 192 337 a
1 2 4 8 16 24 48 72 144 145 193 337 b
1 2 4 8 16 24 48 72 144 145 289 337 b
1 2 4 8 16 24 48 72 144 168 169 337 b
1 2 4 8 16 24 48 72 144 168 336 337 b
1 2 4 8 16 24 48 72 144 192 193 337 b
1 2 4 8 16 24 48 72 144 192 336 337 b
1 2 4 8 16 24 48 72 144 288 289 337 b
1 2 4 8 16 24 48 72 144 288 336 337 b
1 2 4 8 16 24 48 96 97 120 217 337 a
1 2 4 8 16 24 48 96 97 120 240 337 a
1 2 4 8 16 24 48 96 97 144 193 337 a
1 2 4 8 16 24 48 96 97 144 240 337 a
1 2 4 8 16 24 48 96 97 144 241 337 a
1 2 4 8 16 24 48 96 97 145 192 337 a
1 2 4 8 16 24 48 96 97 145 241 337 b
1 2 4 8 16 24 48 96 97 192 240 337 a
1 2 4 8 16 24 48 96 97 192 289 337 a
1 2 4 8 16 24 48 96 97 193 241 337 b
1 2 4 8 16 24 48 96 97 193 289 337 b
1 2 4 8 16 24 48 96 112 113 224 337 a
1 2 4 8 16 24 48 96 112 113 225 337 b
1 2 4 8 16 24 48 96 112 224 225 337 b
1 2 4 8 16 24 48 96 112 224 336 337 b
1 2 4 8 16 24 48 96 120 121 216 337 a
1 2 4 8 16 24 48 96 120 121 217 337 b
1 2 4 8 16 24 48 96 120 121 241 337 b
1 2 4 8 16 24 48 96 120 168 169 337 b
1 2 4 8 16 24 48 96 120 168 336 337 b
1 2 4 8 16 24 48 96 120 216 217 337 b
1 2 4 8 16 24 48 96 120 216 336 337 b
1 2 4 8 16 24 48 96 120 240 241 337 b
1 2 4 8 16 24 48 96 120 240 336 337 b
1 2 4 8 16 24 48 96 144 145 192 337 a
1 2 4 8 16 24 48 96 144 145 193 337 b
1 2 4 8 16 24 48 96 144 145 241 337 b
1 2 4 8 16 24 48 96 144 145 289 337 b
1 2 4 8 16 24 48 96 144 168 169 337 b
1 2 4 8 16 24 48 96 144 168 336 337 b
1 2 4 8 16 24 48 96 144 192 193 337 b
1 2 4 8 16 24 48 96 144 192 336 337 b
1 2 4 8 16 24 48 96 144 240 241 337 b
1 2 4 8 16 24 48 96 144 240 336 337 b
1 2 4 8 16 24 48 96 144 288 289 337 b
1 2 4 8 16 24 48 96 144 288 336 337 b
1 2 4 8 16 24 48 96 192 193 241 337 b
1 2 4 8 16 24 48 96 192 193 289 337 b
1 2 4 8 16 24 48 96 192 240 241 337 b
1 2 4 8 16 24 48 96 192 240 336 337 b
1 2 4 8 16 24 48 96 192 288 289 337 b
1 2 4 8 16 24 48 96 192 288 336 337 b
1 2 4 8 16 32 33 41 74 148 189 337 b
1 2 4 8 16 32 33 41 74 148 296 337 b
1 2 4 8 16 32 33 65 69 134 203 337 b
1 2 4 8 16 32 33 65 69 134 268 337 b
1 2 4 8 16 32 34 42 84 168 169 337 b
1 2 4 8 16 32 34 42 84 168 336 337 b
1 2 4 8 16 32 34 50 84 168 169 337 b
1 2 4 8 16 32 34 50 84 168 336 337 b
1 2 4 8 16 32 34 68 84 168 169 337 b
1 2 4 8 16 32 34 68 84 168 336 337 b
1 2 4 8 16 32 34 68 100 168 169 337 b
1 2 4 8 16 32 34 68 100 168 336 337 b
1 2 4 8 16 32 34 68 136 168 169 337 b
1 2 4 8 16 32 34 68 136 168 336 337 b
1 2 4 8 16 32 36 48 84 168 169 337 a
1 2 4 8 16 32 36 48 84 168 336 337 a
1 2 4 8 16 32 36 52 84 168 169 337 b
1 2 4 8 16 32 36 52 84 168 336 337 b
1 2 4 8 16 32 36 68 84 168 169 337 b
1 2 4 8 16 32 36 68 84 168 336 337 b
1 2 4 8 16 32 36 68 100 168 169 337 b
1 2 4 8 16 32 36 68 100 168 336 337 b
1 2 4 8 16 32 36 68 136 168 169 337 b
1 2 4 8 16 32 36 68 136 168 336 337 b
1 2 4 8 16 32 40 42 84 168 169 337 b
1 2 4 8 16 32 40 42 84 168 336 337 b
1 2 4 8 16 32 40 44 84 168 169 337 b
1 2 4 8 16 32 40 44 84 168 336 337 b
1 2 4 8 16 32 40 56 112 113 224 337 a
1 2 4 8 16 32 40 56 112 113 225 337 b
1 2 4 8 16 32 40 56 112 168 169 337 b
1 2 4 8 16 32 40 56 112 168 336 337 b
1 2 4 8 16 32 40 56 112 224 225 337 b
1 2 4 8 16 32 40 56 112 224 336 337 b
1 2 4 8 16 32 40 64 104 168 169 337 a
1 2 4 8 16 32 40 64 104 168 336 337 a
1 2 4 8 16 32 40 64 128 168 169 337 a
1 2 4 8 16 32 40 64 128 168 336 337 a
1 2 4 8 16 32 40 72 112 113 224 337 a
1 2 4 8 16 32 40 72 112 113 225 337 b
1 2 4 8 16 32 40 72 112 224 225 337 b
1 2 4 8 16 32 40 72 112 224 336 337 b
1 2 4 8 16 32 40 80 84 168 169 337 b
1 2 4 8 16 32 40 80 84 168 336 337 b
1 2 4 8 16 32 40 80 88 168 169 337 b
1 2 4 8 16 32 40 80 88 168 336 337 b
1 2 4 8 16 32 40 80 112 113 224 337 a
1 2 4 8 16 32 40 80 112 113 225 337 b
1 2 4 8 16 32 40 80 112 224 225 337 b
1 2 4 8 16 32 40 80 112 224 336 337 b
1 2 4 8 16 32 40 80 160 161 176 337 a
1 2 4 8 16 32 40 80 160 161 177 337 b
1 2 4 8 16 32 40 80 160 161 321 337 b
1 2 4 8 16 32 40 80 160 168 169 337 b
1 2 4 8 16 32 40 80 160 168 336 337 b
1 2 4 8 16 32 40 80 160 176 177 337 b
1 2 4 8 16 32 40 80 160 176 336 337 b
1 2 4 8 16 32 40 80 160 320 321 337 b
1 2 4 8 16 32 40 80 160 320 336 337 b
1 2 4 8 16 32 48 49 96 144 193 337 a
1 2 4 8 16 32 48 49 96 144 288 337 a
1 2 4 8 16 32 48 49 96 145 192 337 a
1 2 4 8 16 32 48 49 96 145 241 337 a
1 2 4 8 16 32 48 49 96 192 241 337 a
1 2 4 8 16 32 48 49 96 192 288 337 a
1 2 4 8 16 32 48 52 84 168 169 337 b
1 2 4 8 16 32 48 52 84 168 336 337 b
1 2 4 8 16 32 48 56 112 113 224 337 a
1 2 4 8 16 32 48 56 112 113 225 337 b
1 2 4 8 16 32 48 56 112 168 169 337 b
1 2 4 8 16 32 48 56 112 168 336 337 b
1 2 4 8 16 32 48 56 112 224 225 337 b
1 2 4 8 16 32 48 56 112 224 336 337 b
1 2 4 8 16 32 48 64 112 113 224 337 a
1 2 4 8 16 32 48 64 112 113 225 337 b
1 2 4 8 16 32 48 64 112 224 225 337 b
1 2 4 8 16 32 48 64 112 224 336 337 b
1 2 4 8 16 32 48 80 81 128 209 337 a
1 2 4 8 16 32 48 80 81 128 256 337 a
1 2 4 8 16 32 48 80 84 168 169 337 b
1 2 4 8 16 32 48 80 84 168 336 337 b
1 2 4 8 16 32 48 80 88 168 169 337 b
1 2 4 8 16 32 48 80 88 168 336 337 b
1 2 4 8 16 32 48 80 112 113 224 337 a
1 2 4 8 16 32 48 80 112 113 225 337 b
1 2 4 8 16 32 48 80 112 224 225 337 b
1 2 4 8 16 32 48 80 112 224 336 337 b
1 2 4 8 16 32 48 80 128 129 208 337 a
1 2 4 8 16 32 48 80 128 129 209 337 b
1 2 4 8 16 32 48 80 128 129 257 337 b
1 2 4 8 16 32 48 80 128 208 209 337 b
1 2 4 8 16 32 48 80 128 208 336 337 b
1 2 4 8 16 32 48 80 128 256 257 337 b
1 2 4 8 16 32 48 80 128 256 336 337 b
1 2 4 8 16 32 48 80 160 161 176 337 a
1 2 4 8 16 32 48 80 160 161 177 337 b
1 2 4 8 16 32 48 80 160 161 321 337 b
1 2 4 8 16 32 48 80 160 168 169 337 b
1 2 4 8 16 32 48 80 160 168 336 337 b
1 2 4 8 16 32 48 80 160 176 177 337 b
1 2 4 8 16 32 48 80 160 176 336 337 b
1 2 4 8 16 32 48 80 160 320 321 337 b
1 2 4 8 16 32 48 80 160 320 336 337 b
1 2 4 8 16 32 48 96 97 144 193 337 a
1 2 4 8 16 32 48 96 97 144 240 337 a
1 2 4 8 16 32 48 96 97 144 241 337 a
1 2 4 8 16 32 48 96 97 145 192 337 a
1 2 4 8 16 32 48 96 97 145 241 337 b
1 2 4 8 16 32 48 96 97 192 240 337 a
1 2 4 8 16 32 48 96 97 192 289 337 a
1 2 4 8 16 32 48 96 97 193 241 337 b
1 2 4 8 16 32 48 96 97 193 289 337 b
1 2 4 8 16 32 48 96 112 113 224 337 a
1 2 4 8 16 32 48 96 112 113 225 337 b
1 2 4 8 16 32 48 96 112 224 225 337 b
1 2 4 8 16 32 48 96 112 224 336 337 b
1 2 4 8 16 32 48 96 144 145 192 337 a
1 2 4 8 16 32 48 96 144 145 193 337 b
1 2 4 8 16 32 48 96 144 145 241 337 b
1 2 4 8 16 32 48 96 144 145 289 337 b
1 2 4 8 16 32 48 96 144 192 193 337 b
1 2 4 8 16 32 48 96 144 192 336 337 b
1 2 4 8 16 32 48 96 144 240 241 337 b
1 2 4 8 16 32 48 96 144 240 336 337 b
1 2 4 8 16 32 48 96 144 288 289 337 b
1 2 4 8 16 32 48 96 144 288 336 337 b
1 2 4 8 16 32 48 96 192 193 241 337 b
1 2 4 8 16 32 48 96 192 193 289 337 b
1 2 4 8 16 32 48 96 192 240 241 337 b
1 2 4 8 16 32 48 96 192 240 336 337 b
1 2 4 8 16 32 48 96 192 288 289 337 b
1 2 4 8 16 32 48 96 192 288 336 337 b
1 2 4 8 16 32 64 65 68 136 201 337 a
1 2 4 8 16 32 64 65 68 136 272 337 a
1 2 4 8 16 32 64 65 69 134 203 337 b
1 2 4 8 16 32 64 65 69 134 268 337 b
1 2 4 8 16 32 64 65 72 136 201 337 a
1 2 4 8 16 32 64 65 72 136 272 337 a
1 2 4 8 16 32 64 65 81 128 209 337 a
1 2 4 8 16 32 64 65 81 128 256 337 a
1 2 4 8 16 32 64 65 128 136 201 337 a
1 2 4 8 16 32 64 65 128 136 272 337 a
1 2 4 8 16 32 64 65 128 144 193 337 a
1 2 4 8 16 32 64 65 128 144 209 337 a
1 2 4 8 16 32 64 65 128 144 272 337 a
1 2 4 8 16 32 64 65 128 193 209 337 a
1 2 4 8 16 32 64 65 128 193 321 337 a
1 2 4 8 16 32 64 65 128 256 272 337 a
1 2 4 8 16 32 64 65 128 256 321 337 a
1 2 4 8 16 32 64 68 84 168 169 337 b
1 2 4 8 16 32 64 68 84 168 336 337 b
1 2 4 8 16 32 64 68 100 168 169 337 b
1 2 4 8 16 32 64 68 100 168 336 337 b
1 2 4 8 16 32 64 68 136 137 200 337 a
1 2 4 8 16 32 64 68 136 137 201 337 b
1 2 4 8 16 32 64 68 136 137 273 337 b
1 2 4 8 16 32 64 68 136 168 169 337 b
1 2 4 8 16 32 64 68 136 168 336 337 b
1 2 4 8 16 32 64 68 136 200 201 337 b
1 2 4 8 16 32 64 68 136 200 336 337 b
1 2 4 8 16 32 64 68 136 272 273 337 b
1 2 4 8 16 32 64 68 136 272 336 337 b
1 2 4 8 16 32 64 72 96 168 169 337 a
1 2 4 8 16 32 64 72 96 168 336 337 a
1 2 4 8 16 32 64 72 104 168 169 337 b
1 2 4 8 16 32 64 72 104 168 336 337 b
1 2 4 8 16 32 64 72 136 137 200 337 a
1 2 4 8 16 32 64 72 136 137 201 337 b
1 2 4 8 16 32 64 72 136 137 273 337 b
1 2 4 8 16 32 64 72 136 168 169 337 b
1 2 4 8 16 32 64 72 136 168 336 337 b
1 2 4 8 16 32 64 72 136 200 201 337 b
1 2 4 8 16 32 64 72 136 200 336 337 b
1 2 4 8 16 32 64 72 136 272 273 337 b
1 2 4 8 16 32 64 72 136 272 336 337 b
1 2 4 8 16 32 64 80 81 128 209 337 a
1 2 4 8 16 32 64 80 81 128 256 337 a
1 2 4 8 16 32 64 80 84 168 169 337 b
1 2 4 8 16 32 64 80 84 168 336 337 b
1 2 4 8 16 32 64 80 88 168 169 337 b
1 2 4 8 16 32 64 80 88 168 336 337 b
1 2 4 8 16 32 64 80 112 113 224 337 a
1 2 4 8 16 32 64 80 112 113 225 337 b
1 2 4 8 16 32 64 80 112 224 225 337 b
1 2 4 8 16 32 64 80 112 224 336 337 b
1 2 4 8 16 32 64 80 128 129 208 337 a
1 2 4 8 16 32 64 80 128 129 209 337 a
1 2 4 8 16 32 64 80 128 129 257 337 a
1 2 4 8 16 32 64 80 128 208 209 337 a
1 2 4 8 16 32 64 80 128 208 336 337 a
1 2 4 8 16 32 64 80 128 256 257 337 a
1 2 4 8 16 32 64 80 128 256 336 337 a
1 2 4 8 16 32 64 80 160 161 176 337 a
1 2 4 8 16 32 64 80 160 161 177 337 b
1 2 4 8 16 32 64 80 160 161 321 337 b
1 2 4 8 16 32 64 80 160 168 169 337 b
1 2 4 8 16 32 64 80 160 168 336 337 b
1 2 4 8 16 32 64 80 160 176 177 337 b
1 2 4 8 16 32 64 80 160 176 336 337 b
1 2 4 8 16 32 64 80 160 320 321 337 b
1 2 4 8 16 32 64 80 160 320 336 337 b
1 2 4 8 16 32 64 96 104 168 169 337 b
1 2 4 8 16 32 64 96 104 168 336 337 b
1 2 4 8 16 32 64 96 112 113 224 337 a
1 2 4 8 16 32 64 96 112 113 225 337 b
1 2 4 8 16 32 64 96 112 224 225 337 b
1 2 4 8 16 32 64 96 112 224 336 337 b
1 2 4 8 16 32 64 96 160 161 176 337 a
1 2 4 8 16 32 64 96 160 161 177 337 b
1 2 4 8 16 32 64 96 160 161 321 337 b
1 2 4 8 16 32 64 96 160 168 169 337 b
1 2 4 8 16 32 64 96 160 168 336 337 b
1 2 4 8 16 32 64 96 160 176 177 337 b
1 2 4 8 16 32 64 96 160 176 336 337 b
1 2 4 8 16 32 64 96 160 320 321 337 b
1 2 4 8 16 32 64 96 160 320 336 337 b
1 2 4 8 16 32 64 128 129 144 193 337 a
1 2 4 8 16 32 64 128 129 144 208 337 a
1 2 4 8 16 32 64 128 129 144 273 337 a
1 2 4 8 16 32 64 128 129 145 192 337 a
1 2 4 8 16 32 64 128 129 145 209 337 b
1 2 4 8 16 32 64 128 129 145 273 337 b
1 2 4 8 16 32 64 128 129 192 208 337 a
1 2 4 8 16 32 64 128 129 192 321 337 a
1 2 4 8 16 32 64 128 129 193 209 337 b
1 2 4 8 16 32 64 128 129 193 321 337 b
1 2 4 8 16 32 64 128 129 257 273 337 b
1 2 4 8 16 32 64 128 129 257 321 337 b
1 2 4 8 16 32 64 128 136 137 200 337 a
1 2 4 8 16 32 64 128 136 137 201 337 b
1 2 4 8 16 32 64 128 136 137 273 337 b
1 2 4 8 16 32 64 128 136 168 169 337 b
1 2 4 8 16 32 64 128 136 168 336 337 b
1 2 4 8 16 32 64 128 136 200 201 337 b
1 2 4 8 16 32 64 128 136 200 336 337 b
1 2 4 8 16 32 64 128 136 272 273 337 b
1 2 4 8 16 32 64 128 136 272 336 337 b
1 2 4 8 16 32 64 128 144 145 192 337 a
1 2 4 8 16 32 64 128 144 145 209 337 b
1 2 4 8 16 32 64 128 144 145 273 337 b
1 2 4 8 16 32 64 128 144 192 193 337 a
1 2 4 8 16 32 64 128 144 192 336 337 a
1 2 4 8 16 32 64 128 144 208 209 337 b
1 2 4 8 16 32 64 128 144 208 336 337 b
1 2 4 8 16 32 64 128 144 272 273 337 b
1 2 4 8 16 32 64 128 144 272 336 337 b
1 2 4 8 16 32 64 128 160 161 176 337 a
1 2 4 8 16 32 64 128 160 161 177 337 b
1 2 4 8 16 32 64 128 160 161 321 337 b
1 2 4 8 16 32 64 128 160 168 169 337 b
1 2 4 8 16 32 64 128 160 168 336 337 b
1 2 4 8 16 32 64 128 160 176 177 337 b
1 2 4 8 16 32 64 128 160 176 336 337 b
1 2 4 8 16 32 64 128 160 320 321 337 b
1 2 4 8 16 32 64 128 160 320 336 337 b
1 2 4 8 16 32 64 128 192 193 209 337 b
1 2 4 8 16 32 64 128 192 193 321 337 b
1 2 4 8 16 32 64 128 192 208 209 337 b
1 2 4 8 16 32 64 128 192 208 336 337 b
1 2 4 8 16 32 64 128 192 320 321 337 b
1 2 4 8 16 32 64 128 192 320 336 337 b
1 2 4 8 16 32 64 128 256 257 273 337 b
1 2 4 8 16 32 64 128 256 257 321 337 b
1 2 4 8 16 32 64 128 256 272 273 337 b
1 2 4 8 16 32 64 128 256 272 336 337 b
1 2 4 8 16 32 64 128 256 320 321 337 b
1 2 4 8 16 32 64 128 256 320 336 337 b
