1 2 3 4 7 14 28 56 112 224 227 451 b
1 2 3 4 7 14 28 56 112 224 448 451 b
1 2 3 5 7 14 28 56 112 224 227 451 b
1 2 3 5 7 14 28 56 112 224 448 451 b
1 2 3 6 7 14 28 56 112 224 227 451 b
1 2 3 6 7 14 28 56 112 224 448 451 b
1 2 3 6 8 14 28 56 112 224 227 451 b
1 2 3 6 8 14 28 56 112 224 448 451 b
1 2 3 6 12 14 28 56 112 224 227 451 b
1 2 3 6 12 14 28 56 112 224 448 451 b
1 2 4 8 16 32 64 65 128 193 258 451 a
1 2 4 8 16 32 64 65 128 193 386 451 a
1 2 4 8 16 32 64 65 129 161 290 451 b
1 2 4 8 16 32 64 65 129 161 322 451 b
1 2 4 8 16 32 64 65 129 193 258 451 b
1 2 4 8 16 32 64 65 129 193 322 451 b
1 2 4 8 16 32 64 65 129 193 386 451 b
1 2 4 8 16 32 64 65 129 258 322 451 b
1 2 4 8 16 32 64 65 129 258 387 451 b
1 2 4 8 16 32 64 128 129 161 290 451 b
1 2 4 8 16 32 64 128 129 161 322 451 b
1 2 4 8 16 32 64 128 129 193 258 451 a
1 2 4 8 16 32 64 128 129 193 322 451 b
1 2 4 8 16 32 64 128 129 258 322 451 b
1 2 4 8 16 32 64 128 129 258 387 451 b
