1 2 3 4 7 14 28 56 112 113 225 450 b
1 2 3 4 7 14 28 56 112 224 225 450 b
1 2 3 4 7 14 28 56 112 224 226 450 b
1 2 3 4 7 14 28 56 112 224 448 450 b
1 2 3 5 7 14 28 56 112 113 225 450 b
1 2 3 5 7 14 28 56 112 224 225 450 b
1 2 3 5 7 14 28 56 112 224 226 450 b
1 2 3 5 7 14 28 56 112 224 448 450 b
1 2 3 5 10 15 25 50 75 150 225 450 b
1 2 3 5 10 15 25 50 75 150 300 450 b
1 2 3 5 10 15 25 50 100 125 225 450 b
1 2 3 5 10 15 25 50 100 150 300 450 b
1 2 3 5 10 15 25 50 100 200 225 450 b
1 2 3 5 10 15 25 50 100 200 250 450 b
1 2 3 5 10 15 25 50 100 200 400 450 b
1 2 3 5 10 15 30 45 75 150 225 450 b
1 2 3 5 10 15 30 45 75 150 300 450 b
1 2 3 5 10 15 30 45 90 135 225 450 b
1 2 3 5 10 15 30 45 90 180 225 450 b
1 2 3 5 10 15 30 45 90 180 270 450 b
1 2 3 5 10 15 30 45 90 180 360 450 b
1 2 3 5 10 15 30 60 75 150 225 450 b
1 2 3 5 10 15 30 60 75 150 300 450 b
1 2 3 5 10 15 30 60 90 150 300 450 b
1 2 3 5 10 15 30 60 90 180 270 450 b
1 2 3 5 10 15 30 60 90 180 360 450 b
1 2 3 5 10 15 30 60 120 150 300 450 b
1 2 3 5 10 20 25 45 90 135 225 450 b
1 2 3 5 10 20 25 45 90 180 225 450 b
1 2 3 5 10 20 25 45 90 180 270 450 b
1 2 3 5 10 20 25 45 90 180 360 450 b
1 2 3 5 10 20 25 50 75 150 225 450 b
1 2 3 5 10 20 25 50 75 150 300 450 b
1 2 3 5 10 20 25 50 100 125 225 450 b
1 2 3 5 10 20 25 50 100 150 300 450 b
1 2 3 5 10 20 25 50 100 200 225 450 b
1 2 3 5 10 20 25 50 100 200 250 450 b
1 2 3 5 10 20 25 50 100 200 400 450 b
1 2 3 5 10 20 30 50 100 150 300 450 b
1 2 3 5 10 20 30 50 100 200 250 450 b
1 2 3 5 10 20 30 50 100 200 400 450 b
1 2 3 5 10 20 30 60 90 150 300 450 b
1 2 3 5 10 20 30 60 90 180 270 450 b
1 2 3 5 10 20 30 60 90 180 360 450 b
1 2 3 5 10 20 30 60 120 150 300 450 b
1 2 3 5 10 20 40 45 90 135 225 450 b
1 2 3 5 10 20 40 45 90 180 225 450 b
1 2 3 5 10 20 40 45 90 180 270 450 b
1 2 3 5 10 20 40 45 90 180 360 450 b
1 2 3 5 10 20 40 50 90 180 270 450 b
1 2 3 5 10 20 40 50 90 180 360 450 b
1 2 3 5 10 20 40 50 100 150 300 450 b
1 2 3 5 10 20 40 50 100 200 250 450 b
1 2 3 5 10 20 40 50 100 200 400 450 b
1 2 3 5 10 20 40 80 90 180 270 450 b
1 2 3 5 10 20 40 80 90 180 360 450 b
1 2 3 6 7 14 28 56 112 113 225 450 b
1 2 3 6 7 14 28 56 112 224 225 450 b
1 2 3 6 7 14 28 56 112 224 226 450 b
1 2 3 6 7 14 28 56 112 224 448 450 b
1 2 3 6 8 14 28 56 112 113 225 450 b
1 2 3 6 8 14 28 56 112 224 225 450 b
1 2 3 6 8 14 28 56 112 224 226 450 b
1 2 3 6 8 14 28 56 112 224 448 450 b
1 2 3 6 9 15 30 45 75 150 225 450 b
1 2 3 6 9 15 30 45 75 150 300 450 b
1 2 3 6 9 15 30 45 90 135 225 450 b
1 2 3 6 9 15 30 45 90 180 225 450 b
1 2 3 6 9 15 30 45 90 180 270 450 b
1 2 3 6 9 15 30 45 90 180 360 450 b
1 2 3 6 9 15 30 60 75 150 225 450 b
1 2 3 6 9 15 30 60 75 150 300 450 b
1 2 3 6 9 15 30 60 90 150 300 450 b
1 2 3 6 9 15 30 60 90 180 270 450 b
1 2 3 6 9 15 30 60 90 180 360 450 b
1 2 3 6 9 15 30 60 120 150 300 450 b
1 2 3 6 9 18 27 45 90 135 225 450 b
1 2 3 6 9 18 27 45 90 180 225 450 b
1 2 3 6 9 18 27 45 90 180 270 450 b
1 2 3 6 9 18 27 45 90 180 360 450 b
1 2 3 6 9 18 27 54 108 117 225 450 b
1 2 3 6 9 18 27 54 108 216 225 450 b
1 2 3 6 9 18 27 54 108 216 234 450 b
1 2 3 6 9 18 27 54 108 216 432 450 b
1 2 3 6 9 18 36 39 75 150 225 450 b
1 2 3 6 9 18 36 39 75 150 300 450 b
1 2 3 6 9 18 36 45 90 135 225 450 b
1 2 3 6 9 18 36 45 90 180 225 450 b
1 2 3 6 9 18 36 45 90 180 270 450 b
1 2 3 6 9 18 36 45 90 180 360 450 b
1 2 3 6 9 18 36 54 90 180 270 450 b
1 2 3 6 9 18 36 54 90 180 360 450 b
1 2 3 6 9 18 36 54 108 117 225 450 b
1 2 3 6 9 18 36 54 108 216 225 450 b
1 2 3 6 9 18 36 54 108 216 234 450 b
1 2 3 6 9 18 36 54 108 216 432 450 b
1 2 3 6 9 18 36 72 75 150 225 450 b
1 2 3 6 9 18 36 72 75 150 300 450 b
1 2 3 6 9 18 36 72 78 150 300 450 b
1 2 3 6 9 18 36 72 81 144 225 450 a
1 2 3 6 9 18 36 72 81 153 225 450 b
1 2 3 6 9 18 36 72 90 180 270 450 b
1 2 3 6 9 18 36 72 90 180 360 450 b
1 2 3 6 9 18 36 72 108 117 225 450 b
1 2 3 6 9 18 36 72 108 216 225 450 b
1 2 3 6 9 18 36 72 108 216 234 450 b
1 2 3 6 9 18 36 72 108 216 432 450 b
1 2 3 6 9 18 36 72 144 150 300 450 b
1 2 3 6 9 18 36 72 144 153 225 450 b
1 2 3 6 9 18 36 72 144 153 297 450 b
1 2 3 6 9 18 36 72 144 153 306 450 b
1 2 3 6 9 18 36 72 144 162 288 450 a
1 2 3 6 9 18 36 72 144 162 306 450 b
1 2 3 6 9 18 36 72 144 216 225 450 b
1 2 3 6 9 18 36 72 144 216 234 450 b
1 2 3 6 9 18 36 72 144 216 432 450 b
1 2 3 6 9 18 36 72 144 288 306 450 b
1 2 3 6 9 18 36 72 144 288 432 450 b
1 2 3 6 12 13 25 50 75 150 225 450 b
1 2 3 6 12 13 25 50 75 150 300 450 b
1 2 3 6 12 13 25 50 100 125 225 450 b
1 2 3 6 12 13 25 50 100 150 300 450 b
1 2 3 6 12 13 25 50 100 200 225 450 b
1 2 3 6 12 13 25 50 100 200 250 450 b
1 2 3 6 12 13 25 50 100 200 400 450 b
1 2 3 6 12 14 28 56 112 113 225 450 b
1 2 3 6 12 14 28 56 112 224 225 450 b
1 2 3 6 12 14 28 56 112 224 226 450 b
1 2 3 6 12 14 28 56 112 224 448 450 b
1 2 3 6 12 15 30 45 75 150 225 450 b
1 2 3 6 12 15 30 45 75 150 300 450 b
1 2 3 6 12 15 30 45 90 135 225 450 b
1 2 3 6 12 15 30 45 90 180 225 450 b
1 2 3 6 12 15 30 45 90 180 270 450 b
1 2 3 6 12 15 30 45 90 180 360 450 b
1 2 3 6 12 15 30 60 75 150 225 450 b
1 2 3 6 12 15 30 60 75 150 300 450 b
1 2 3 6 12 15 30 60 90 150 300 450 b
1 2 3 6 12 15 30 60 90 180 270 450 b
1 2 3 6 12 15 30 60 90 180 360 450 b
1 2 3 6 12 15 30 60 120 150 300 450 b
1 2 3 6 12 18 30 60 90 150 300 450 b
1 2 3 6 12 18 30 60 90 180 270 450 b
1 2 3 6 12 18 30 60 90 180 360 450 b
1 2 3 6 12 18 30 60 120 150 300 450 b
1 2 3 6 12 18 36 39 75 150 225 450 b
1 2 3 6 12 18 36 39 75 150 300 450 b
1 2 3 6 12 18 36 54 90 180 270 450 b
1 2 3 6 12 18 36 54 90 180 360 450 b
1 2 3 6 12 18 36 54 108 216 234 450 b
1 2 3 6 12 18 36 54 108 216 432 450 b
1 2 3 6 12 18 36 72 75 150 225 450 b
1 2 3 6 12 18 36 72 75 150 300 450 b
1 2 3 6 12 18 36 72 78 150 300 450 b
1 2 3 6 12 18 36 72 90 180 270 450 b
1 2 3 6 12 18 36 72 90 180 360 450 b
1 2 3 6 12 18 36 72 108 216 234 450 b
1 2 3 6 12 18 36 72 108 216 432 450 b
1 2 3 6 12 18 36 72 144 150 300 450 b
1 2 3 6 12 18 36 72 144 162 288 450 a
1 2 3 6 12 18 36 72 144 162 306 450 b
1 2 3 6 12 18 36 72 144 216 234 450 b
1 2 3 6 12 18 36 72 144 216 432 450 b
1 2 3 6 12 18 36 72 144 288 306 450 b
1 2 3 6 12 18 36 72 144 288 432 450 b
1 2 3 6 12 24 25 50 75 150 225 450 b
1 2 3 6 12 24 25 50 75 150 300 450 b
1 2 3 6 12 24 25 50 100 125 225 450 b
1 2 3 6 12 24 25 50 100 150 300 450 b
1 2 3 6 12 24 25 50 100 200 225 450 b
1 2 3 6 12 24 25 50 100 200 250 450 b
1 2 3 6 12 24 25 50 100 200 400 450 b
1 2 3 6 12 24 26 50 100 150 300 450 b
1 2 3 6 12 24 26 50 100 200 250 450 b
1 2 3 6 12 24 26 50 100 200 400 450 b
1 2 3 6 12 24 27 48 75 150 225 450 a
1 2 3 6 12 24 27 48 75 150 300 450 a
1 2 3 6 12 24 27 51 75 150 225 450 b
1 2 3 6 12 24 27 51 75 150 300 450 b
1 2 3 6 12 24 30 60 90 150 300 450 b
1 2 3 6 12 24 30 60 90 180 270 450 b
1 2 3 6 12 24 30 60 90 180 360 450 b
1 2 3 6 12 24 30 60 120 150 300 450 b
1 2 3 6 12 24 36 39 75 150 225 450 b
1 2 3 6 12 24 36 39 75 150 300 450 b
1 2 3 6 12 24 36 72 75 150 225 450 b
1 2 3 6 12 24 36 72 75 150 300 450 b
1 2 3 6 12 24 36 72 78 150 300 450 b
1 2 3 6 12 24 36 72 144 150 300 450 b
1 2 3 6 12 24 48 50 100 150 300 450 b
1 2 3 6 12 24 48 50 100 200 250 450 b
1 2 3 6 12 24 48 50 100 200 400 450 b
1 2 3 6 12 24 48 51 75 150 225 450 b
1 2 3 6 12 24 48 51 75 150 300 450 b
1 2 3 6 12 24 48 51 99 150 300 450 b
1 2 3 6 12 24 48 51 102 150 300 450 b
1 2 3 6 12 24 48 54 96 150 300 450 a
1 2 3 6 12 24 48 54 102 150 300 450 b
1 2 3 6 12 24 48 72 75 150 225 450 b
1 2 3 6 12 24 48 72 75 150 300 450 b
1 2 3 6 12 24 48 72 78 150 300 450 b
1 2 3 6 12 24 48 72 144 150 300 450 b
1 2 3 6 12 24 48 96 102 150 300 450 b
1 2 3 6 12 24 48 96 144 150 300 450 b
1 2 4 5 7 14 28 56 112 113 225 450 b
1 2 4 5 7 14 28 56 112 224 225 450 b
1 2 4 5 7 14 28 56 112 224 226 450 b
1 2 4 5 7 14 28 56 112 224 448 450 b
1 2 4 5 9 14 28 56 112 113 225 450 b
1 2 4 5 9 14 28 56 112 224 225 450 b
1 2 4 5 9 14 28 56 112 224 226 450 b
1 2 4 5 9 14 28 56 112 224 448 450 b
1 2 4 5 9 18 27 45 90 135 225 450 b
1 2 4 5 9 18 27 45 90 180 225 450 b
1 2 4 5 9 18 27 45 90 180 270 450 b
1 2 4 5 9 18 27 45 90 180 360 450 b
1 2 4 5 9 18 27 54 108 117 225 450 b
1 2 4 5 9 18 27 54 108 216 225 450 b
1 2 4 5 9 18 27 54 108 216 234 450 b
1 2 4 5 9 18 27 54 108 216 432 450 b
1 2 4 5 9 18 36 45 90 135 225 450 b
1 2 4 5 9 18 36 45 90 180 225 450 b
1 2 4 5 9 18 36 45 90 180 270 450 b
1 2 4 5 9 18 36 45 90 180 360 450 b
1 2 4 5 9 18 36 54 90 180 270 450 b
1 2 4 5 9 18 36 54 90 180 360 450 b
1 2 4 5 9 18 36 54 108 117 225 450 b
1 2 4 5 9 18 36 54 108 216 225 450 b
1 2 4 5 9 18 36 54 108 216 234 450 b
1 2 4 5 9 18 36 54 108 216 432 450 b
1 2 4 5 9 18 36 72 81 144 225 450 a
1 2 4 5 9 18 36 72 81 153 225 450 b
1 2 4 5 9 18 36 72 90 180 270 450 b
1 2 4 5 9 18 36 72 90 180 360 450 b
1 2 4 5 9 18 36 72 108 117 225 450 b
1 2 4 5 9 18 36 72 108 216 225 450 b
1 2 4 5 9 18 36 72 108 216 234 450 b
1 2 4 5 9 18 36 72 108 216 432 450 b
1 2 4 5 9 18 36 72 144 153 225 450 b
1 2 4 5 9 18 36 72 144 153 297 450 b
1 2 4 5 9 18 36 72 144 153 306 450 b
1 2 4 5 9 18 36 72 144 162 288 450 a
1 2 4 5 9 18 36 72 144 162 306 450 b
1 2 4 5 9 18 36 72 144 216 225 450 b
1 2 4 5 9 18 36 72 144 216 234 450 b
1 2 4 5 9 18 36 72 144 216 432 450 b
1 2 4 5 9 18 36 72 144 288 306 450 b
1 2 4 5 9 18 36 72 144 288 432 450 b
1 2 4 5 10 14 28 56 112 113 225 450 b
1 2 4 5 10 14 28 56 112 224 225 450 b
1 2 4 5 10 14 28 56 112 224 226 450 b
1 2 4 5 10 14 28 56 112 224 448 450 b
1 2 4 5 10 15 25 50 75 150 225 450 b
1 2 4 5 10 15 25 50 75 150 300 450 b
1 2 4 5 10 15 25 50 100 125 225 450 b
1 2 4 5 10 15 25 50 100 150 300 450 b
1 2 4 5 10 15 25 50 100 200 225 450 b
1 2 4 5 10 15 25 50 100 200 250 450 b
1 2 4 5 10 15 25 50 100 200 400 450 b
1 2 4 5 10 15 30 45 75 150 225 450 b
1 2 4 5 10 15 30 45 75 150 300 450 b
1 2 4 5 10 15 30 45 90 135 225 450 b
1 2 4 5 10 15 30 45 90 180 225 450 b
1 2 4 5 10 15 30 45 90 180 270 450 b
1 2 4 5 10 15 30 45 90 180 360 450 b
1 2 4 5 10 15 30 60 75 150 225 450 b
1 2 4 5 10 15 30 60 75 150 300 450 b
1 2 4 5 10 15 30 60 90 150 300 450 b
1 2 4 5 10 15 30 60 90 180 270 450 b
1 2 4 5 10 15 30 60 90 180 360 450 b
1 2 4 5 10 15 30 60 120 150 300 450 b
1 2 4 5 10 20 25 45 90 135 225 450 b
1 2 4 5 10 20 25 45 90 180 225 450 b
1 2 4 5 10 20 25 45 90 180 270 450 b
1 2 4 5 10 20 25 45 90 180 360 450 b
1 2 4 5 10 20 25 50 75 150 225 450 b
1 2 4 5 10 20 25 50 75 150 300 450 b
1 2 4 5 10 20 25 50 100 125 225 450 b
1 2 4 5 10 20 25 50 100 150 300 450 b
1 2 4 5 10 20 25 50 100 200 225 450 b
1 2 4 5 10 20 25 50 100 200 250 450 b
1 2 4 5 10 20 25 50 100 200 400 450 b
1 2 4 5 10 20 30 50 100 150 300 450 b
1 2 4 5 10 20 30 50 100 200 250 450 b
1 2 4 5 10 20 30 50 100 200 400 450 b
1 2 4 5 10 20 30 60 90 150 300 450 b
1 2 4 5 10 20 30 60 90 180 270 450 b
1 2 4 5 10 20 30 60 90 180 360 450 b
1 2 4 5 10 20 30 60 120 150 300 450 b
1 2 4 5 10 20 40 45 90 135 225 450 b
1 2 4 5 10 20 40 45 90 180 225 450 b
1 2 4 5 10 20 40 45 90 180 270 450 b
1 2 4 5 10 20 40 45 90 180 360 450 b
1 2 4 5 10 20 40 50 90 180 270 450 b
1 2 4 5 10 20 40 50 90 180 360 450 b
1 2 4 5 10 20 40 50 100 150 300 450 b
1 2 4 5 10 20 40 50 100 200 250 450 b
1 2 4 5 10 20 40 50 100 200 400 450 b
1 2 4 5 10 20 40 80 90 180 270 450 b
1 2 4 5 10 20 40 80 90 180 360 450 b
1 2 4 6 7 14 28 56 112 113 225 450 b
1 2 4 6 7 14 28 56 112 224 225 450 b
1 2 4 6 7 14 28 56 112 224 226 450 b
1 2 4 6 7 14 28 56 112 224 448 450 b
1 2 4 6 8 14 28 56 112 113 225 450 b
1 2 4 6 8 14 28 56 112 224 225 450 b
1 2 4 6 8 14 28 56 112 224 226 450 b
1 2 4 6 8 14 28 56 112 224 448 450 b
1 2 4 6 10 14 28 56 112 113 225 450 b
1 2 4 6 10 14 28 56 112 224 225 450 b
1 2 4 6 10 14 28 56 112 224 226 450 b
1 2 4 6 10 14 28 56 112 224 448 450 b
1 2 4 6 10 20 30 50 100 150 300 450 b
1 2 4 6 10 20 30 50 100 200 250 450 b
1 2 4 6 10 20 30 50 100 200 400 450 b
1 2 4 6 10 20 30 60 90 150 300 450 b
1 2 4 6 10 20 30 60 90 180 270 450 b
1 2 4 6 10 20 30 60 90 180 360 450 b
1 2 4 6 10 20 30 60 120 150 300 450 b
1 2 4 6 10 20 40 50 90 180 270 450 b
1 2 4 6 10 20 40 50 90 180 360 450 b
1 2 4 6 10 20 40 50 100 150 300 450 b
1 2 4 6 10 20 40 50 100 200 250 450 b
1 2 4 6 10 20 40 50 100 200 400 450 b
1 2 4 6 10 20 40 80 90 180 270 450 b
1 2 4 6 10 20 40 80 90 180 360 450 b
1 2 4 6 12 13 25 50 75 150 225 450 b
1 2 4 6 12 13 25 50 75 150 300 450 b
1 2 4 6 12 13 25 50 100 125 225 450 b
1 2 4 6 12 13 25 50 100 150 300 450 b
1 2 4 6 12 13 25 50 100 200 225 450 b
1 2 4 6 12 13 25 50 100 200 250 450 b
1 2 4 6 12 13 25 50 100 200 400 450 b
1 2 4 6 12 14 28 56 112 113 225 450 b
1 2 4 6 12 14 28 56 112 224 225 450 b
1 2 4 6 12 14 28 56 112 224 226 450 b
1 2 4 6 12 14 28 56 112 224 448 450 b
1 2 4 6 12 16 28 56 112 113 225 450 b
1 2 4 6 12 16 28 56 112 224 225 450 b
1 2 4 6 12 16 28 56 112 224 226 450 b
1 2 4 6 12 16 28 56 112 224 448 450 b
1 2 4 6 12 18 30 60 90 150 300 450 b
1 2 4 6 12 18 30 60 90 180 270 450 b
1 2 4 6 12 18 30 60 90 180 360 450 b
1 2 4 6 12 18 30 60 120 150 300 450 b
1 2 4 6 12 18 36 54 90 180 270 450 b
1 2 4 6 12 18 36 54 90 180 360 450 b
1 2 4 6 12 18 36 54 108 216 234 450 b
1 2 4 6 12 18 36 54 108 216 432 450 b
1 2 4 6 12 18 36 72 78 150 300 450 b
1 2 4 6 12 18 36 72 90 180 270 450 b
1 2 4 6 12 18 36 72 90 180 360 450 b
1 2 4 6 12 18 36 72 108 216 234 450 b
1 2 4 6 12 18 36 72 108 216 432 450 b
1 2 4 6 12 18 36 72 144 150 300 450 b
1 2 4 6 12 18 36 72 144 162 288 450 a
1 2 4 6 12 18 36 72 144 162 306 450 b
1 2 4 6 12 18 36 72 144 216 234 450 b
1 2 4 6 12 18 36 72 144 216 432 450 b
1 2 4 6 12 18 36 72 144 288 306 450 b
1 2 4 6 12 18 36 72 144 288 432 450 b
1 2 4 6 12 24 25 50 75 150 225 450 b
1 2 4 6 12 24 25 50 75 150 300 450 b
1 2 4 6 12 24 25 50 100 125 225 450 b
1 2 4 6 12 24 25 50 100 150 300 450 b
1 2 4 6 12 24 25 50 100 200 225 450 b
1 2 4 6 12 24 25 50 100 200 250 450 b
1 2 4 6 12 24 25 50 100 200 400 450 b
1 2 4 6 12 24 26 50 100 150 300 450 b
1 2 4 6 12 24 26 50 100 200 250 450 b
1 2 4 6 12 24 26 50 100 200 400 450 b
1 2 4 6 12 24 28 56 112 113 225 450 b
1 2 4 6 12 24 28 56 112 224 225 450 b
1 2 4 6 12 24 28 56 112 224 226 450 b
1 2 4 6 12 24 28 56 112 224 448 450 b
1 2 4 6 12 24 30 60 90 150 300 450 b
1 2 4 6 12 24 30 60 90 180 270 450 b
1 2 4 6 12 24 30 60 90 180 360 450 b
1 2 4 6 12 24 30 60 120 150 300 450 b
1 2 4 6 12 24 36 72 78 150 300 450 b
1 2 4 6 12 24 36 72 144 150 300 450 b
1 2 4 6 12 24 48 50 100 150 300 450 b
1 2 4 6 12 24 48 50 100 200 250 450 b
1 2 4 6 12 24 48 50 100 200 400 450 b
1 2 4 6 12 24 48 54 96 150 300 450 a
1 2 4 6 12 24 48 54 102 150 300 450 b
1 2 4 6 12 24 48 72 78 150 300 450 b
1 2 4 6 12 24 48 72 144 150 300 450 b
1 2 4 6 12 24 48 96 102 150 300 450 b
1 2 4 6 12 24 48 96 144 150 300 450 b
1 2 4 8 9 16 25 50 75 150 225 450 a
1 2 4 8 9 16 25 50 75 150 300 450 a
1 2 4 8 9 16 25 50 100 125 225 450 a
1 2 4 8 9 16 25 50 100 150 300 450 a
1 2 4 8 9 16 25 50 100 200 225 450 a
1 2 4 8 9 16 25 50 100 200 250 450 a
1 2 4 8 9 16 25 50 100 200 400 450 a
1 2 4 8 9 17 25 50 75 150 225 450 b
1 2 4 8 9 17 25 50 75 150 300 450 b
1 2 4 8 9 17 25 50 100 125 225 450 b
1 2 4 8 9 17 25 50 100 150 300 450 b
1 2 4 8 9 17 25 50 100 200 225 450 b
1 2 4 8 9 17 25 50 100 200 250 450 b
1 2 4 8 9 17 25 50 100 200 400 450 b
1 2 4 8 9 17 26 52 104 121 225 450 b
1 2 4 8 9 17 26 52 104 208 225 450 b
1 2 4 8 9 18 27 45 90 135 225 450 b
1 2 4 8 9 18 27 45 90 180 225 450 b
1 2 4 8 9 18 27 45 90 180 270 450 b
1 2 4 8 9 18 27 45 90 180 360 450 b
1 2 4 8 9 18 27 54 108 117 225 450 b
1 2 4 8 9 18 27 54 108 216 225 450 b
1 2 4 8 9 18 27 54 108 216 234 450 b
1 2 4 8 9 18 27 54 108 216 432 450 b
1 2 4 8 9 18 36 45 90 135 225 450 b
1 2 4 8 9 18 36 45 90 180 225 450 b
1 2 4 8 9 18 36 45 90 180 270 450 b
1 2 4 8 9 18 36 45 90 180 360 450 b
1 2 4 8 9 18 36 54 90 180 270 450 b
1 2 4 8 9 18 36 54 90 180 360 450 b
1 2 4 8 9 18 36 54 108 117 225 450 b
1 2 4 8 9 18 36 54 108 216 225 450 b
1 2 4 8 9 18 36 54 108 216 234 450 b
1 2 4 8 9 18 36 54 108 216 432 450 b
1 2 4 8 9 18 36 72 81 144 225 450 a
1 2 4 8 9 18 36 72 81 153 225 450 b
1 2 4 8 9 18 36 72 90 180 270 450 b
1 2 4 8 9 18 36 72 90 180 360 450 b
1 2 4 8 9 18 36 72 108 117 225 450 b
1 2 4 8 9 18 36 72 108 216 225 450 b
1 2 4 8 9 18 36 72 108 216 234 450 b
1 2 4 8 9 18 36 72 108 216 432 450 b
1 2 4 8 9 18 36 72 144 153 225 450 b
1 2 4 8 9 18 36 72 144 153 297 450 b
1 2 4 8 9 18 36 72 144 153 306 450 b
1 2 4 8 9 18 36 72 144 162 288 450 a
1 2 4 8 9 18 36 72 144 162 306 450 b
1 2 4 8 9 18 36 72 144 216 225 450 b
1 2 4 8 9 18 36 72 144 216 234 450 b
1 2 4 8 9 18 36 72 144 216 432 450 b
1 2 4 8 9 18 36 72 144 288 306 450 b
1 2 4 8 9 18 36 72 144 288 432 450 b
1 2 4 8 10 14 28 56 112 113 225 450 b
1 2 4 8 10 14 28 56 112 224 225 450 b
1 2 4 8 10 14 28 56 112 224 226 450 b
1 2 4 8 10 14 28 56 112 224 448 450 b
1 2 4 8 10 18 28 56 112 113 225 450 b
1 2 4 8 10 18 28 56 112 224 225 450 b
1 2 4 8 10 18 28 56 112 224 226 450 b
1 2 4 8 10 18 28 56 112 224 448 450 b
1 2 4 8 10 18 36 54 90 180 270 450 b
1 2 4 8 10 18 36 54 90 180 360 450 b
1 2 4 8 10 18 36 54 108 216 234 450 b
1 2 4 8 10 18 36 54 108 216 432 450 b
1 2 4 8 10 18 36 72 90 180 270 450 b
1 2 4 8 10 18 36 72 90 180 360 450 b
1 2 4 8 10 18 36 72 108 216 234 450 b
1 2 4 8 10 18 36 72 108 216 432 450 b
1 2 4 8 10 18 36 72 144 162 288 450 a
1 2 4 8 10 18 36 72 144 162 306 450 b
1 2 4 8 10 18 36 72 144 216 234 450 b
1 2 4 8 10 18 36 72 144 216 432 450 b
1 2 4 8 10 18 36 72 144 288 306 450 b
1 2 4 8 10 18 36 72 144 288 432 450 b
1 2 4 8 10 20 28 56 112 113 225 450 b
1 2 4 8 10 20 28 56 112 224 225 450 b
1 2 4 8 10 20 28 56 112 224 226 450 b
1 2 4 8 10 20 28 56 112 224 448 450 b
1 2 4 8 10 20 30 50 100 150 300 450 b
1 2 4 8 10 20 30 50 100 200 250 450 b
1 2 4 8 10 20 30 50 100 200 400 450 b
1 2 4 8 10 20 30 60 90 150 300 450 b
1 2 4 8 10 20 30 60 90 180 270 450 b
1 2 4 8 10 20 30 60 90 180 360 450 b
1 2 4 8 10 20 30 60 120 150 300 450 b
1 2 4 8 10 20 40 50 90 180 270 450 b
1 2 4 8 10 20 40 50 90 180 360 450 b
1 2 4 8 10 20 40 50 100 150 300 450 b
1 2 4 8 10 20 40 50 100 200 250 450 b
1 2 4 8 10 20 40 50 100 200 400 450 b
1 2 4 8 10 20 40 80 90 180 270 450 b
1 2 4 8 10 20 40 80 90 180 360 450 b
1 2 4 8 12 13 25 50 75 150 225 450 b
1 2 4 8 12 13 25 50 75 150 300 450 b
1 2 4 8 12 13 25 50 100 125 225 450 b
1 2 4 8 12 13 25 50 100 150 300 450 b
1 2 4 8 12 13 25 50 100 200 225 450 b
1 2 4 8 12 13 25 50 100 200 250 450 b
1 2 4 8 12 13 25 50 100 200 400 450 b
1 2 4 8 12 14 28 56 112 113 225 450 b
1 2 4 8 12 14 28 56 112 224 225 450 b
1 2 4 8 12 14 28 56 112 224 226 450 b
1 2 4 8 12 14 28 56 112 224 448 450 b
1 2 4 8 12 16 28 56 112 113 225 450 b
1 2 4 8 12 16 28 56 112 224 225 450 b
1 2 4 8 12 16 28 56 112 224 226 450 b
1 2 4 8 12 16 28 56 112 224 448 450 b
1 2 4 8 12 20 28 56 112 113 225 450 b
1 2 4 8 12 20 28 56 112 224 225 450 b
1 2 4 8 12 20 28 56 112 224 226 450 b
1 2 4 8 12 20 28 56 112 224 448 450 b
1 2 4 8 12 24 25 50 75 150 225 450 b
1 2 4 8 12 24 25 50 75 150 300 450 b
1 2 4 8 12 24 25 50 100 125 225 450 b
1 2 4 8 12 24 25 50 100 150 300 450 b
1 2 4 8 12 24 25 50 100 200 225 450 b
1 2 4 8 12 24 25 50 100 200 250 450 b
1 2 4 8 12 24 25 50 100 200 400 450 b
1 2 4 8 12 24 26 50 100 150 300 450 b
1 2 4 8 12 24 26 50 100 200 250 450 b
1 2 4 8 12 24 26 50 100 200 400 450 b
1 2 4 8 12 24 28 56 112 113 225 450 b
1 2 4 8 12 24 28 56 112 224 225 450 b
1 2 4 8 12 24 28 56 112 224 226 450 b
1 2 4 8 12 24 28 56 112 224 448 450 b
1 2 4 8 12 24 32 56 112 113 225 450 b
1 2 4 8 12 24 32 56 112 224 225 450 b
1 2 4 8 12 24 32 56 112 224 226 450 b
1 2 4 8 12 24 32 56 112 224 448 450 b
1 2 4 8 12 24 48 50 100 150 300 450 b
1 2 4 8 12 24 48 50 100 200 250 450 b
1 2 4 8 12 24 48 50 100 200 400 450 b
1 2 4 8 12 24 48 56 112 113 225 450 b
1 2 4 8 12 24 48 56 112 224 225 450 b
1 2 4 8 12 24 48 56 112 224 226 450 b
1 2 4 8 12 24 48 56 112 224 448 450 b
1 2 4 8 16 17 25 50 75 150 225 450 b
1 2 4 8 16 17 25 50 75 150 300 450 b
1 2 4 8 16 17 25 50 100 125 225 450 b
1 2 4 8 16 17 25 50 100 150 300 450 b
1 2 4 8 16 17 25 50 100 200 225 450 b
1 2 4 8 16 17 25 50 100 200 250 450 b
1 2 4 8 16 17 25 50 100 200 400 450 b
1 2 4 8 16 17 33 50 100 150 300 450 b
1 2 4 8 16 17 33 50 100 200 250 450 b
1 2 4 8 16 17 33 50 100 200 400 450 b
1 2 4 8 16 17 34 50 100 150 300 450 b
1 2 4 8 16 17 34 50 100 200 250 450 b
1 2 4 8 16 17 34 50 100 200 400 450 b
1 2 4 8 16 18 32 50 100 150 300 450 a
1 2 4 8 16 18 32 50 100 200 250 450 a
1 2 4 8 16 18 32 50 100 200 400 450 a
1 2 4 8 16 18 34 50 100 150 300 450 b
1 2 4 8 16 18 34 50 100 200 250 450 b
1 2 4 8 16 18 34 50 100 200 400 450 b
1 2 4 8 16 18 34 52 104 208 242 450 b
1 2 4 8 16 18 34 52 104 208 416 450 b
1 2 4 8 16 18 36 54 90 180 270 450 b
1 2 4 8 16 18 36 54 90 180 360 450 b
1 2 4 8 16 18 36 54 108 216 234 450 b
1 2 4 8 16 18 36 54 108 216 432 450 b
1 2 4 8 16 18 36 72 90 180 270 450 b
1 2 4 8 16 18 36 72 90 180 360 450 b
1 2 4 8 16 18 36 72 108 216 234 450 b
1 2 4 8 16 18 36 72 108 216 432 450 b
1 2 4 8 16 18 36 72 144 162 288 450 a
1 2 4 8 16 18 36 72 144 162 306 450 b
1 2 4 8 16 18 36 72 144 216 234 450 b
1 2 4 8 16 18 36 72 144 216 432 450 b
1 2 4 8 16 18 36 72 144 288 306 450 b
1 2 4 8 16 18 36 72 144 288 432 450 b
1 2 4 8 16 20 28 56 112 113 225 450 b
1 2 4 8 16 20 28 56 112 224 225 450 b
1 2 4 8 16 20 28 56 112 224 226 450 b
1 2 4 8 16 20 28 56 112 224 448 450 b
1 2 4 8 16 20 36 56 112 113 225 450 b
1 2 4 8 16 20 36 56 112 224 225 450 b
1 2 4 8 16 20 36 56 112 224 226 450 b
1 2 4 8 16 20 36 56 112 224 448 450 b
1 2 4 8 16 20 40 56 112 113 225 450 b
1 2 4 8 16 20 40 56 112 224 225 450 b
1 2 4 8 16 20 40 56 112 224 226 450 b
1 2 4 8 16 20 40 56 112 224 448 450 b
1 2 4 8 16 24 25 50 75 150 225 450 b
1 2 4 8 16 24 25 50 75 150 300 450 b
1 2 4 8 16 24 25 50 100 125 225 450 b
1 2 4 8 16 24 25 50 100 150 300 450 b
1 2 4 8 16 24 25 50 100 200 225 450 b
1 2 4 8 16 24 25 50 100 200 250 450 b
1 2 4 8 16 24 25 50 100 200 400 450 b
1 2 4 8 16 24 26 50 100 150 300 450 b
1 2 4 8 16 24 26 50 100 200 250 450 b
1 2 4 8 16 24 26 50 100 200 400 450 b
1 2 4 8 16 24 28 56 112 113 225 450 b
1 2 4 8 16 24 28 56 112 224 225 450 b
1 2 4 8 16 24 28 56 112 224 226 450 b
1 2 4 8 16 24 28 56 112 224 448 450 b
1 2 4 8 16 24 32 56 112 113 225 450 b
1 2 4 8 16 24 32 56 112 224 225 450 b
1 2 4 8 16 24 32 56 112 224 226 450 b
1 2 4 8 16 24 32 56 112 224 448 450 b
1 2 4 8 16 24 40 56 112 113 225 450 b
1 2 4 8 16 24 40 56 112 224 225 450 b
1 2 4 8 16 24 40 56 112 224 226 450 b
1 2 4 8 16 24 40 56 112 224 448 450 b
1 2 4 8 16 24 48 50 100 150 300 450 b
1 2 4 8 16 24 48 50 100 200 250 450 b
1 2 4 8 16 24 48 50 100 200 400 450 b
1 2 4 8 16 24 48 56 112 113 225 450 b
1 2 4 8 16 24 48 56 112 224 225 450 b
1 2 4 8 16 24 48 56 112 224 226 450 b
1 2 4 8 16 24 48 56 112 224 448 450 b
1 2 4 8 16 24 48 64 112 113 225 450 b
1 2 4 8 16 24 48 64 112 224 225 450 b
1 2 4 8 16 24 48 64 112 224 226 450 b
1 2 4 8 16 24 48 64 112 224 448 450 b
1 2 4 8 16 24 48 96 112 113 225 450 b
1 2 4 8 16 24 48 96 112 224 225 450 b
1 2 4 8 16 24 48 96 112 224 226 450 b
1 2 4 8 16 24 48 96 112 224 448 450 b
1 2 4 8 16 32 33 48 96 129 225 450 a
1 2 4 8 16 32 33 48 96 192 225 450 a
1 2 4 8 16 32 33 64 96 129 225 450 a
1 2 4 8 16 32 33 64 96 192 225 450 a
1 2 4 8 16 32 33 64 97 128 225 450 a
1 2 4 8 16 32 33 64 97 161 225 450 a
1 2 4 8 16 32 33 64 128 161 225 450 a
1 2 4 8 16 32 33 64 128 161 289 450 a
1 2 4 8 16 32 33 64 128 161 322 450 a
1 2 4 8 16 32 33 64 128 192 225 450 a
1 2 4 8 16 32 34 50 100 150 300 450 b
1 2 4 8 16 32 34 50 100 200 250 450 b
1 2 4 8 16 32 34 50 100 200 400 450 b
1 2 4 8 16 32 40 56 112 113 225 450 b
1 2 4 8 16 32 40 56 112 224 225 450 b
1 2 4 8 16 32 40 56 112 224 226 450 b
1 2 4 8 16 32 40 56 112 224 448 450 b
1 2 4 8 16 32 40 72 112 113 225 450 b
1 2 4 8 16 32 40 72 112 224 225 450 b
1 2 4 8 16 32 40 72 112 224 226 450 b
1 2 4 8 16 32 40 72 112 224 448 450 b
1 2 4 8 16 32 40 80 112 113 225 450 b
1 2 4 8 16 32 40 80 112 224 225 450 b
1 2 4 8 16 32 40 80 112 224 226 450 b
1 2 4 8 16 32 40 80 112 224 448 450 b
1 2 4 8 16 32 48 50 100 150 300 450 b
1 2 4 8 16 32 48 50 100 200 250 450 b
1 2 4 8 16 32 48 50 100 200 400 450 b
1 2 4 8 16 32 48 56 112 113 225 450 b
1 2 4 8 16 32 48 56 112 224 225 450 b
1 2 4 8 16 32 48 56 112 224 226 450 b
1 2 4 8 16 32 48 56 112 224 448 450 b
1 2 4 8 16 32 48 64 112 113 225 450 b
1 2 4 8 16 32 48 64 112 224 225 450 b
1 2 4 8 16 32 48 64 112 224 226 450 b
1 2 4 8 16 32 48 64 112 224 448 450 b
1 2 4 8 16 32 48 80 112 113 225 450 b
1 2 4 8 16 32 48 80 112 224 225 450 b
1 2 4 8 16 32 48 80 112 224 226 450 b
1 2 4 8 16 32 48 80 112 224 448 450 b
1 2 4 8 16 32 48 96 97 128 225 450 a
1 2 4 8 16 32 48 96 97 129 225 450 b
1 2 4 8 16 32 48 96 97 193 225 450 b
1 2 4 8 16 32 48 96 112 113 225 450 b
1 2 4 8 16 32 48 96 112 224 225 450 b
1 2 4 8 16 32 48 96 112 224 226 450 b
1 2 4 8 16 32 48 96 112 224 448 450 b
1 2 4 8 16 32 48 96 128 129 225 450 b
1 2 4 8 16 32 48 96 128 224 225 450 b
1 2 4 8 16 32 48 96 128 224 226 450 b
1 2 4 8 16 32 48 96 128 224 448 450 b
1 2 4 8 16 32 48 96 192 193 225 450 b
1 2 4 8 16 32 48 96 192 224 225 450 b
1 2 4 8 16 32 48 96 192 224 226 450 b
1 2 4 8 16 32 48 96 192 224 448 450 b
1 2 4 8 16 32 64 65 80 145 225 450 a
1 2 4 8 16 32 64 65 80 160 225 450 a
1 2 4 8 16 32 64 65 96 129 225 450 a
1 2 4 8 16 32 64 65 96 160 225 450 a
1 2 4 8 16 32 64 65 96 161 225 450 a
1 2 4 8 16 32 64 65 97 128 225 450 a
1 2 4 8 16 32 64 65 97 161 225 450 b
1 2 4 8 16 32 64 65 128 160 225 450 a
1 2 4 8 16 32 64 65 128 193 225 450 a
1 2 4 8 16 32 64 65 128 193 257 450 a
1 2 4 8 16 32 64 65 128 193 386 450 a
1 2 4 8 16 32 64 65 129 161 225 450 b
1 2 4 8 16 32 64 65 129 193 225 450 b
1 2 4 8 16 32 64 65 129 193 257 450 b
1 2 4 8 16 32 64 65 129 193 386 450 b
1 2 4 8 16 32 64 66 96 192 258 450 a
1 2 4 8 16 32 64 66 96 192 384 450 a
1 2 4 8 16 32 64 66 128 192 258 450 a
1 2 4 8 16 32 64 66 128 192 384 450 a
1 2 4 8 16 32 64 66 128 194 256 450 a
1 2 4 8 16 32 64 66 128 194 322 450 a
1 2 4 8 16 32 64 66 128 256 322 450 a
1 2 4 8 16 32 64 66 128 256 384 450 a
1 2 4 8 16 32 64 80 81 144 225 450 a
1 2 4 8 16 32 64 80 81 145 225 450 b
1 2 4 8 16 32 64 80 81 161 225 450 b
1 2 4 8 16 32 64 80 112 113 225 450 b
1 2 4 8 16 32 64 80 112 224 225 450 b
1 2 4 8 16 32 64 80 112 224 226 450 b
1 2 4 8 16 32 64 80 112 224 448 450 b
1 2 4 8 16 32 64 80 144 145 225 450 b
1 2 4 8 16 32 64 80 144 224 225 450 b
1 2 4 8 16 32 64 80 144 224 226 450 b
1 2 4 8 16 32 64 80 144 224 448 450 b
1 2 4 8 16 32 64 80 160 161 225 450 b
1 2 4 8 16 32 64 80 160 224 225 450 b
1 2 4 8 16 32 64 80 160 224 226 450 b
1 2 4 8 16 32 64 80 160 224 448 450 b
1 2 4 8 16 32 64 96 97 128 225 450 a
1 2 4 8 16 32 64 96 97 129 225 450 b
1 2 4 8 16 32 64 96 97 161 225 450 b
1 2 4 8 16 32 64 96 97 193 225 450 b
1 2 4 8 16 32 64 96 97 193 257 450 b
1 2 4 8 16 32 64 96 97 193 386 450 b
1 2 4 8 16 32 64 96 112 113 225 450 b
1 2 4 8 16 32 64 96 112 224 225 450 b
1 2 4 8 16 32 64 96 112 224 226 450 b
1 2 4 8 16 32 64 96 112 224 448 450 b
1 2 4 8 16 32 64 96 128 129 225 450 b
1 2 4 8 16 32 64 96 128 224 225 450 b
1 2 4 8 16 32 64 96 128 224 226 450 b
1 2 4 8 16 32 64 96 128 224 448 450 b
1 2 4 8 16 32 64 96 160 161 225 450 b
1 2 4 8 16 32 64 96 160 224 225 450 b
1 2 4 8 16 32 64 96 160 224 226 450 b
1 2 4 8 16 32 64 96 160 224 448 450 b
1 2 4 8 16 32 64 96 192 193 225 450 b
1 2 4 8 16 32 64 96 192 193 257 450 b
1 2 4 8 16 32 64 96 192 193 386 450 b
1 2 4 8 16 32 64 96 192 194 256 450 a
1 2 4 8 16 32 64 96 192 194 258 450 b
1 2 4 8 16 32 64 96 192 194 386 450 b
1 2 4 8 16 32 64 96 192 224 225 450 b
1 2 4 8 16 32 64 96 192 224 226 450 b
1 2 4 8 16 32 64 96 192 224 448 450 b
1 2 4 8 16 32 64 96 192 256 258 450 b
1 2 4 8 16 32 64 96 192 256 448 450 b
1 2 4 8 16 32 64 96 192 384 386 450 b
1 2 4 8 16 32 64 96 192 384 448 450 b
1 2 4 8 16 32 64 128 129 161 225 450 b
1 2 4 8 16 32 64 128 129 161 289 450 b
1 2 4 8 16 32 64 128 129 161 322 450 b
1 2 4 8 16 32 64 128 129 192 258 450 a
1 2 4 8 16 32 64 128 129 192 321 450 a
1 2 4 8 16 32 64 128 129 193 225 450 b
1 2 4 8 16 32 64 128 129 193 257 450 b
1 2 4 8 16 32 64 128 129 193 321 450 b
1 2 4 8 16 32 64 128 129 193 322 450 b
1 2 4 8 16 32 64 128 129 193 386 450 b
1 2 4 8 16 32 64 128 129 257 321 450 b
1 2 4 8 16 32 64 128 129 257 386 450 b
1 2 4 8 16 32 64 128 129 258 322 450 b
1 2 4 8 16 32 64 128 129 258 386 450 b
1 2 4 8 16 32 64 128 130 160 290 450 a
1 2 4 8 16 32 64 128 130 160 320 450 a
1 2 4 8 16 32 64 128 130 192 258 450 a
1 2 4 8 16 32 64 128 130 192 320 450 a
1 2 4 8 16 32 64 128 130 192 322 450 a
1 2 4 8 16 32 64 128 130 194 256 450 a
1 2 4 8 16 32 64 128 130 194 322 450 b
1 2 4 8 16 32 64 128 130 256 320 450 a
1 2 4 8 16 32 64 128 130 256 386 450 a
1 2 4 8 16 32 64 128 130 258 322 450 b
1 2 4 8 16 32 64 128 130 258 386 450 b
1 2 4 8 16 32 64 128 160 161 225 450 b
1 2 4 8 16 32 64 128 160 161 289 450 b
1 2 4 8 16 32 64 128 160 161 322 450 b
1 2 4 8 16 32 64 128 160 162 288 450 a
1 2 4 8 16 32 64 128 160 162 290 450 b
1 2 4 8 16 32 64 128 160 162 322 450 b
1 2 4 8 16 32 64 128 160 224 225 450 b
1 2 4 8 16 32 64 128 160 224 226 450 b
1 2 4 8 16 32 64 128 160 224 448 450 b
1 2 4 8 16 32 64 128 160 288 290 450 b
1 2 4 8 16 32 64 128 160 288 448 450 b
1 2 4 8 16 32 64 128 160 320 322 450 b
1 2 4 8 16 32 64 128 160 320 448 450 b
1 2 4 8 16 32 64 128 192 193 225 450 b
1 2 4 8 16 32 64 128 192 193 257 450 b
1 2 4 8 16 32 64 128 192 193 386 450 b
1 2 4 8 16 32 64 128 192 194 256 450 a
1 2 4 8 16 32 64 128 192 194 258 450 b
1 2 4 8 16 32 64 128 192 194 322 450 b
1 2 4 8 16 32 64 128 192 194 386 450 b
1 2 4 8 16 32 64 128 192 224 225 450 b
1 2 4 8 16 32 64 128 192 224 226 450 b
1 2 4 8 16 32 64 128 192 224 448 450 b
1 2 4 8 16 32 64 128 192 256 258 450 b
1 2 4 8 16 32 64 128 192 256 448 450 b
1 2 4 8 16 32 64 128 192 320 322 450 b
1 2 4 8 16 32 64 128 192 320 448 450 b
1 2 4 8 16 32 64 128 192 384 386 450 b
1 2 4 8 16 32 64 128 192 384 448 450 b
1 2 4 8 16 32 64 128 256 258 322 450 b
1 2 4 8 16 32 64 128 256 258 386 450 b
1 2 4 8 16 32 64 128 256 320 322 450 b
1 2 4 8 16 32 64 128 256 320 448 450 b
1 2 4 8 16 32 64 128 256 384 386 450 b
1 2 4 8 16 32 64 128 256 384 448 450 b
