1 2 3 5 10 15 30 60 120 125 245 490 b
1 2 3 5 10 15 30 60 120 240 245 490 b
1 2 3 5 10 15 30 60 120 240 250 490 b
1 2 3 5 10 15 30 60 120 240 480 490 b
1 2 3 5 10 20 30 60 120 125 245 490 b
1 2 3 5 10 20 30 60 120 240 245 490 b
1 2 3 5 10 20 30 60 120 240 250 490 b
1 2 3 5 10 20 30 60 120 240 480 490 b
1 2 3 5 10 20 40 60 120 125 245 490 b
1 2 3 5 10 20 40 60 120 240 245 490 b
1 2 3 5 10 20 40 60 120 240 250 490 b
1 2 3 5 10 20 40 60 120 240 480 490 b
1 2 3 5 10 20 40 80 85 160 245 490 a
1 2 3 5 10 20 40 80 85 165 245 490 b
1 2 3 5 10 20 40 80 120 125 245 490 b
1 2 3 5 10 20 40 80 120 240 245 490 b
1 2 3 5 10 20 40 80 120 240 250 490 b
1 2 3 5 10 20 40 80 120 240 480 490 b
1 2 3 5 10 20 40 80 160 165 245 490 b
1 2 3 5 10 20 40 80 160 165 325 490 b
1 2 3 5 10 20 40 80 160 165 330 490 b
1 2 3 5 10 20 40 80 160 170 320 490 a
1 2 3 5 10 20 40 80 160 170 330 490 b
1 2 3 5 10 20 40 80 160 240 245 490 b
1 2 3 5 10 20 40 80 160 240 250 490 b
1 2 3 5 10 20 40 80 160 240 480 490 b
1 2 3 5 10 20 40 80 160 320 330 490 b
1 2 3 5 10 20 40 80 160 320 480 490 b
1 2 3 6 12 24 25 49 98 147 245 490 b
1 2 3 6 12 24 25 49 98 196 245 490 b
1 2 3 6 12 24 25 49 98 196 294 490 b
1 2 3 6 12 24 25 49 98 196 392 490 b
1 2 3 6 12 24 48 49 98 147 245 490 b
1 2 3 6 12 24 48 49 98 196 245 490 b
1 2 3 6 12 24 48 49 98 196 294 490 b
1 2 3 6 12 24 48 49 98 196 392 490 b
1 2 3 6 12 24 48 50 98 196 294 490 b
1 2 3 6 12 24 48 50 98 196 392 490 b
1 2 3 6 12 24 48 96 98 196 294 490 b
1 2 3 6 12 24 48 96 98 196 392 490 b
1 2 4 5 10 15 30 60 120 125 245 490 b
1 2 4 5 10 15 30 60 120 240 245 490 b
1 2 4 5 10 15 30 60 120 240 250 490 b
1 2 4 5 10 15 30 60 120 240 480 490 b
1 2 4 5 10 20 30 60 120 125 245 490 b
1 2 4 5 10 20 30 60 120 240 245 490 b
1 2 4 5 10 20 30 60 120 240 250 490 b
1 2 4 5 10 20 30 60 120 240 480 490 b
1 2 4 5 10 20 40 60 120 125 245 490 b
1 2 4 5 10 20 40 60 120 240 245 490 b
1 2 4 5 10 20 40 60 120 240 250 490 b
1 2 4 5 10 20 40 60 120 240 480 490 b
1 2 4 5 10 20 40 80 85 160 245 490 a
1 2 4 5 10 20 40 80 85 165 245 490 b
1 2 4 5 10 20 40 80 120 125 245 490 b
1 2 4 5 10 20 40 80 120 240 245 490 b
1 2 4 5 10 20 40 80 120 240 250 490 b
1 2 4 5 10 20 40 80 120 240 480 490 b
1 2 4 5 10 20 40 80 160 165 245 490 b
1 2 4 5 10 20 40 80 160 165 325 490 b
1 2 4 5 10 20 40 80 160 165 330 490 b
1 2 4 5 10 20 40 80 160 170 320 490 a
1 2 4 5 10 20 40 80 160 170 330 490 b
1 2 4 5 10 20 40 80 160 240 245 490 b
1 2 4 5 10 20 40 80 160 240 250 490 b
1 2 4 5 10 20 40 80 160 240 480 490 b
1 2 4 5 10 20 40 80 160 320 330 490 b
1 2 4 5 10 20 40 80 160 320 480 490 b
1 2 4 6 10 20 30 60 120 240 250 490 b
1 2 4 6 10 20 30 60 120 240 480 490 b
1 2 4 6 10 20 40 60 120 240 250 490 b
1 2 4 6 10 20 40 60 120 240 480 490 b
1 2 4 6 10 20 40 80 120 240 250 490 b
1 2 4 6 10 20 40 80 120 240 480 490 b
1 2 4 6 10 20 40 80 160 170 320 490 a
1 2 4 6 10 20 40 80 160 170 330 490 b
1 2 4 6 10 20 40 80 160 240 250 490 b
1 2 4 6 10 20 40 80 160 240 480 490 b
1 2 4 6 10 20 40 80 160 320 330 490 b
1 2 4 6 10 20 40 80 160 320 480 490 b
1 2 4 6 12 24 25 49 98 147 245 490 b
1 2 4 6 12 24 25 49 98 196 245 490 b
1 2 4 6 12 24 25 49 98 196 294 490 b
1 2 4 6 12 24 25 49 98 196 392 490 b
1 2 4 6 12 24 48 49 98 147 245 490 b
1 2 4 6 12 24 48 49 98 196 245 490 b
1 2 4 6 12 24 48 49 98 196 294 490 b
1 2 4 6 12 24 48 49 98 196 392 490 b
1 2 4 6 12 24 48 50 98 196 294 490 b
1 2 4 6 12 24 48 50 98 196 392 490 b
1 2 4 6 12 24 48 96 98 196 294 490 b
1 2 4 6 12 24 48 96 98 196 392 490 b
1 2 4 8 10 20 30 60 120 240 250 490 b
1 2 4 8 10 20 30 60 120 240 480 490 b
1 2 4 8 10 20 40 60 120 240 250 490 b
1 2 4 8 10 20 40 60 120 240 480 490 b
1 2 4 8 10 20 40 80 120 240 250 490 b
1 2 4 8 10 20 40 80 120 240 480 490 b
1 2 4 8 10 20 40 80 160 170 320 490 a
1 2 4 8 10 20 40 80 160 170 330 490 b
1 2 4 8 10 20 40 80 160 240 250 490 b
1 2 4 8 10 20 40 80 160 240 480 490 b
1 2 4 8 10 20 40 80 160 320 330 490 b
1 2 4 8 10 20 40 80 160 320 480 490 b
1 2 4 8 12 24 25 49 98 147 245 490 b
1 2 4 8 12 24 25 49 98 196 245 490 b
1 2 4 8 12 24 25 49 98 196 294 490 b
1 2 4 8 12 24 25 49 98 196 392 490 b
1 2 4 8 12 24 48 49 98 147 245 490 b
1 2 4 8 12 24 48 49 98 196 245 490 b
1 2 4 8 12 24 48 49 98 196 294 490 b
1 2 4 8 12 24 48 49 98 196 392 490 b
1 2 4 8 12 24 48 50 98 196 294 490 b
1 2 4 8 12 24 48 50 98 196 392 490 b
1 2 4 8 12 24 48 96 98 196 294 490 b
1 2 4 8 12 24 48 96 98 196 392 490 b
1 2 4 8 16 17 32 49 98 147 245 490 a
1 2 4 8 16 17 32 49 98 196 245 490 a
1 2 4 8 16 17 32 49 98 196 294 490 a
1 2 4 8 16 17 32 49 98 196 392 490 a
1 2 4 8 16 17 33 49 98 147 245 490 b
1 2 4 8 16 17 33 49 98 196 245 490 b
1 2 4 8 16 17 33 49 98 196 294 490 b
1 2 4 8 16 17 33 49 98 196 392 490 b
1 2 4 8 16 24 25 49 98 147 245 490 b
1 2 4 8 16 24 25 49 98 196 245 490 b
1 2 4 8 16 24 25 49 98 196 294 490 b
1 2 4 8 16 24 25 49 98 196 392 490 b
1 2 4 8 16 24 48 49 98 147 245 490 b
1 2 4 8 16 24 48 49 98 196 245 490 b
1 2 4 8 16 24 48 49 98 196 294 490 b
1 2 4 8 16 24 48 49 98 196 392 490 b
1 2 4 8 16 24 48 50 98 196 294 490 b
1 2 4 8 16 24 48 50 98 196 392 490 b
1 2 4 8 16 24 48 96 98 196 294 490 b
1 2 4 8 16 24 48 96 98 196 392 490 b
1 2 4 8 16 32 33 49 98 147 245 490 b
1 2 4 8 16 32 33 49 98 196 245 490 b
1 2 4 8 16 32 33 49 98 196 294 490 b
1 2 4 8 16 32 33 49 98 196 392 490 b
1 2 4 8 16 32 33 65 98 196 294 490 b
1 2 4 8 16 32 33 65 98 196 392 490 b
1 2 4 8 16 32 33 66 98 196 294 490 b
1 2 4 8 16 32 33 66 98 196 392 490 b
1 2 4 8 16 32 34 64 98 196 294 490 a
1 2 4 8 16 32 34 64 98 196 392 490 a
1 2 4 8 16 32 34 66 98 196 294 490 b
1 2 4 8 16 32 34 66 98 196 392 490 b
1 2 4 8 16 32 48 49 98 147 245 490 b
1 2 4 8 16 32 48 49 98 196 245 490 b
1 2 4 8 16 32 48 49 98 196 294 490 b
1 2 4 8 16 32 48 49 98 196 392 490 b
1 2 4 8 16 32 48 50 98 196 294 490 b
1 2 4 8 16 32 48 50 98 196 392 490 b
1 2 4 8 16 32 48 96 98 196 294 490 b
1 2 4 8 16 32 48 96 98 196 392 490 b
1 2 4 8 16 32 64 66 98 196 294 490 b
1 2 4 8 16 32 64 66 98 196 392 490 b
1 2 4 8 16 32 64 96 98 196 294 490 b
1 2 4 8 16 32 64 96 98 196 392 490 b
