1 2 3 6 12 24 48 49 97 194 243 437 b
1 2 3 6 12 24 48 49 97 194 388 437 b
1 2 4 5 9 18 27 54 108 216 221 437 b
1 2 4 5 9 18 27 54 108 216 432 437 b
1 2 4 5 9 18 36 54 108 216 221 437 b
1 2 4 5 9 18 36 54 108 216 432 437 b
1 2 4 5 9 18 36 72 108 216 221 437 b
1 2 4 5 9 18 36 72 108 216 432 437 b
1 2 4 5 9 18 36 72 144 149 288 437 a
1 2 4 5 9 18 36 72 144 149 293 437 b
1 2 4 5 9 18 36 72 144 216 221 437 b
1 2 4 5 9 18 36 72 144 216 432 437 b
1 2 4 5 9 18 36 72 144 288 293 437 b
1 2 4 5 9 18 36 72 144 288 432 437 b
1 2 4 6 12 24 48 49 97 194 243 437 b
1 2 4 6 12 24 48 49 97 194 388 437 b
1 2 4 8 12 24 48 49 97 194 243 437 b
1 2 4 8 12 24 48 49 97 194 388 437 b
1 2 4 8 16 24 48 49 97 194 243 437 b
1 2 4 8 16 24 48 49 97 194 388 437 b
1 2 4 8 16 32 48 49 97 194 243 437 b
1 2 4 8 16 32 48 49 97 194 388 437 b
