1 2 3 4 7 11 22 44 88 95 183 278 461 b
1 2 3 4 7 11 22 44 88 95 183 366 461 b
1 2 3 4 7 14 28 56 59 115 230 231 461 b
1 2 3 4 7 14 28 56 59 115 230 460 461 b
1 2 3 4 7 14 28 56 112 115 227 234 461 b
1 2 3 4 7 14 28 56 112 115 227 454 461 b
1 2 3 4 7 14 28 56 112 115 230 231 461 b
1 2 3 4 7 14 28 56 112 115 230 460 461 b
1 2 3 4 7 14 28 56 112 224 227 234 461 b
1 2 3 4 7 14 28 56 112 224 227 454 461 b
1 2 3 5 7 12 19 38 57 114 228 233 461 b
1 2 3 5 7 12 19 38 57 114 228 456 461 b
1 2 3 5 7 12 19 38 76 114 228 233 461 b
1 2 3 5 7 12 19 38 76 114 228 456 461 b
1 2 3 5 7 12 19 38 76 152 157 304 461 a
1 2 3 5 7 12 19 38 76 152 157 309 461 b
1 2 3 5 7 12 19 38 76 152 228 233 461 b
1 2 3 5 7 12 19 38 76 152 228 456 461 b
1 2 3 5 7 12 19 38 76 152 304 309 461 b
1 2 3 5 7 12 19 38 76 152 304 456 461 b
1 2 3 5 7 14 19 38 57 114 228 233 461 b
1 2 3 5 7 14 19 38 57 114 228 456 461 b
1 2 3 5 7 14 19 38 76 114 228 233 461 b
1 2 3 5 7 14 19 38 76 114 228 456 461 b
1 2 3 5 7 14 19 38 76 152 157 304 461 a
1 2 3 5 7 14 19 38 76 152 157 309 461 b
1 2 3 5 7 14 19 38 76 152 228 233 461 b
1 2 3 5 7 14 19 38 76 152 228 456 461 b
1 2 3 5 7 14 19 38 76 152 304 309 461 b
1 2 3 5 7 14 19 38 76 152 304 456 461 b
1 2 3 5 7 14 28 29 57 114 228 233 461 b
1 2 3 5 7 14 28 29 57 114 228 456 461 b
1 2 3 5 7 14 28 56 57 114 228 233 461 b
1 2 3 5 7 14 28 56 57 114 228 456 461 b
1 2 3 5 7 14 28 56 58 114 228 233 461 b
1 2 3 5 7 14 28 56 58 114 228 456 461 b
1 2 3 5 7 14 28 56 59 115 230 231 461 b
1 2 3 5 7 14 28 56 59 115 230 460 461 b
1 2 3 5 7 14 28 56 112 114 228 233 461 b
1 2 3 5 7 14 28 56 112 114 228 456 461 b
1 2 3 5 7 14 28 56 112 115 227 234 461 b
1 2 3 5 7 14 28 56 112 115 227 454 461 b
1 2 3 5 7 14 28 56 112 115 230 231 461 b
1 2 3 5 7 14 28 56 112 115 230 460 461 b
1 2 3 5 7 14 28 56 112 117 229 232 461 b
1 2 3 5 7 14 28 56 112 117 229 458 461 b
1 2 3 5 7 14 28 56 112 224 227 234 461 b
1 2 3 5 7 14 28 56 112 224 227 454 461 b
1 2 3 5 7 14 28 56 112 224 229 232 461 b
1 2 3 5 7 14 28 56 112 224 229 458 461 b
1 2 3 5 8 11 19 38 57 114 228 233 461 b
1 2 3 5 8 11 19 38 57 114 228 456 461 b
1 2 3 5 8 11 19 38 76 114 228 233 461 b
1 2 3 5 8 11 19 38 76 114 228 456 461 b
1 2 3 5 8 11 19 38 76 152 157 304 461 a
1 2 3 5 8 11 19 38 76 152 157 309 461 b
1 2 3 5 8 11 19 38 76 152 228 233 461 b
1 2 3 5 8 11 19 38 76 152 228 456 461 b
1 2 3 5 8 11 19 38 76 152 304 309 461 b
1 2 3 5 8 11 19 38 76 152 304 456 461 b
1 2 3 5 8 13 14 28 56 112 224 237 461 b
1 2 3 5 8 13 14 28 56 112 224 448 461 b
1 2 3 5 8 13 15 28 56 112 224 237 461 b
1 2 3 5 8 13 15 28 56 112 224 448 461 b
1 2 3 5 8 13 21 34 55 110 220 241 461 b
1 2 3 5 8 13 21 34 55 110 220 440 461 b
1 2 3 5 8 13 21 42 55 110 220 241 461 b
1 2 3 5 8 13 21 42 55 110 220 440 461 b
1 2 3 5 8 13 26 28 56 112 224 237 461 b
1 2 3 5 8 13 26 28 56 112 224 448 461 b
1 2 3 5 8 13 26 31 57 114 228 233 461 b
1 2 3 5 8 13 26 31 57 114 228 456 461 b
1 2 3 5 8 13 26 52 57 114 228 233 461 b
1 2 3 5 8 13 26 52 57 114 228 456 461 b
1 2 3 5 8 13 26 52 60 112 224 237 461 b
1 2 3 5 8 13 26 52 60 112 224 448 461 b
1 2 3 5 8 13 26 52 104 112 224 237 461 b
1 2 3 5 8 13 26 52 104 112 224 448 461 b
1 2 3 5 8 16 19 38 57 114 228 233 461 b
1 2 3 5 8 16 19 38 57 114 228 456 461 b
1 2 3 5 8 16 19 38 76 114 228 233 461 b
1 2 3 5 8 16 19 38 76 114 228 456 461 b
1 2 3 5 8 16 19 38 76 152 157 304 461 a
1 2 3 5 8 16 19 38 76 152 157 309 461 b
1 2 3 5 8 16 19 38 76 152 228 233 461 b
1 2 3 5 8 16 19 38 76 152 228 456 461 b
1 2 3 5 8 16 19 38 76 152 304 309 461 b
1 2 3 5 8 16 19 38 76 152 304 456 461 b
1 2 3 5 8 16 21 37 53 106 212 249 461 b
1 2 3 5 8 16 21 37 53 106 212 424 461 b
1 2 3 5 8 16 32 37 53 106 212 249 461 b
1 2 3 5 8 16 32 37 53 106 212 424 461 b
1 2 3 5 8 16 32 37 69 106 212 249 461 b
1 2 3 5 8 16 32 37 69 106 212 424 461 b
1 2 3 5 8 16 32 37 74 106 212 249 461 b
1 2 3 5 8 16 32 37 74 106 212 424 461 b
1 2 3 5 10 13 14 28 56 112 224 237 461 b
1 2 3 5 10 13 14 28 56 112 224 448 461 b
1 2 3 5 10 13 15 28 56 112 224 237 461 b
1 2 3 5 10 13 15 28 56 112 224 448 461 b
1 2 3 5 10 13 18 28 56 112 224 237 461 b
1 2 3 5 10 13 18 28 56 112 224 448 461 b
1 2 3 5 10 13 23 28 56 112 224 237 461 b
1 2 3 5 10 13 23 28 56 112 224 448 461 b
1 2 3 5 10 13 23 33 56 112 224 237 461 b
1 2 3 5 10 13 23 33 56 112 224 448 461 b
1 2 3 5 10 13 23 46 56 112 224 237 461 b
1 2 3 5 10 13 23 46 56 112 224 448 461 b
1 2 3 5 10 13 23 46 69 115 230 231 461 b
1 2 3 5 10 13 23 46 69 115 230 460 461 b
1 2 3 5 10 13 23 46 92 93 184 277 461 a
1 2 3 5 10 13 23 46 92 93 184 368 461 a
1 2 3 5 10 13 23 46 92 115 230 231 461 b
1 2 3 5 10 13 23 46 92 115 230 460 461 b
1 2 3 5 10 13 23 46 92 138 230 231 461 b
1 2 3 5 10 13 23 46 92 138 230 460 461 b
1 2 3 5 10 13 23 46 92 184 185 276 461 a
1 2 3 5 10 13 23 46 92 184 185 277 461 b
1 2 3 5 10 13 23 46 92 184 185 369 461 b
1 2 3 5 10 13 23 46 92 184 230 231 461 b
1 2 3 5 10 13 23 46 92 184 230 460 461 b
1 2 3 5 10 13 23 46 92 184 276 277 461 b
1 2 3 5 10 13 23 46 92 184 276 460 461 b
1 2 3 5 10 13 23 46 92 184 368 369 461 b
1 2 3 5 10 13 23 46 92 184 368 460 461 b
1 2 3 5 10 13 26 28 56 112 224 237 461 b
1 2 3 5 10 13 26 28 56 112 224 448 461 b
1 2 3 5 10 13 26 31 57 114 228 233 461 b
1 2 3 5 10 13 26 31 57 114 228 456 461 b
1 2 3 5 10 13 26 52 57 114 228 233 461 b
1 2 3 5 10 13 26 52 57 114 228 456 461 b
1 2 3 5 10 13 26 52 62 114 228 233 461 b
1 2 3 5 10 13 26 52 62 114 228 456 461 b
1 2 3 5 10 13 26 52 104 114 228 233 461 b
1 2 3 5 10 13 26 52 104 114 228 456 461 b
1 2 3 5 10 15 25 50 65 115 230 231 461 b
1 2 3 5 10 15 25 50 65 115 230 460 461 b
1 2 3 5 10 15 25 50 100 115 230 231 461 b
1 2 3 5 10 15 25 50 100 115 230 460 461 b
1 2 3 5 10 20 23 46 69 115 230 231 461 b
1 2 3 5 10 20 23 46 69 115 230 460 461 b
1 2 3 5 10 20 23 46 92 93 184 277 461 a
1 2 3 5 10 20 23 46 92 93 184 368 461 a
1 2 3 5 10 20 23 46 92 115 230 231 461 b
1 2 3 5 10 20 23 46 92 115 230 460 461 b
1 2 3 5 10 20 23 46 92 138 230 231 461 b
1 2 3 5 10 20 23 46 92 138 230 460 461 b
1 2 3 5 10 20 23 46 92 184 185 276 461 a
1 2 3 5 10 20 23 46 92 184 185 277 461 b
1 2 3 5 10 20 23 46 92 184 185 369 461 b
1 2 3 5 10 20 23 46 92 184 230 231 461 b
1 2 3 5 10 20 23 46 92 184 230 460 461 b
1 2 3 5 10 20 23 46 92 184 276 277 461 b
1 2 3 5 10 20 23 46 92 184 276 460 461 b
1 2 3 5 10 20 23 46 92 184 368 369 461 b
1 2 3 5 10 20 23 46 92 184 368 460 461 b
1 2 3 5 10 20 25 45 70 115 230 231 461 b
1 2 3 5 10 20 25 45 70 115 230 460 461 b
1 2 3 5 10 20 25 45 90 115 230 231 461 b
1 2 3 5 10 20 25 45 90 115 230 460 461 b
1 2 3 5 10 20 30 50 100 130 230 231 461 b
1 2 3 5 10 20 30 50 100 130 230 460 461 b
1 2 3 5 10 20 30 50 100 200 230 231 461 b
1 2 3 5 10 20 30 50 100 200 230 460 461 b
1 2 3 5 10 20 40 43 83 126 209 252 461 b
1 2 3 5 10 20 40 43 83 126 209 335 461 b
1 2 3 5 10 20 40 43 83 126 209 418 461 b
1 2 3 5 10 20 40 43 83 126 252 335 461 b
1 2 3 5 10 20 40 43 83 126 252 378 461 b
1 2 3 5 10 20 40 43 83 166 209 252 461 b
1 2 3 5 10 20 40 43 83 166 209 418 461 b
1 2 3 5 10 20 40 50 90 140 230 231 461 b
1 2 3 5 10 20 40 50 90 140 230 460 461 b
1 2 3 5 10 20 40 50 90 180 230 231 461 b
1 2 3 5 10 20 40 50 90 180 230 460 461 b
1 2 3 5 10 20 40 60 61 100 200 261 461 a
1 2 3 5 10 20 40 60 61 100 200 400 461 a
1 2 3 5 10 20 40 60 100 200 201 260 461 a
1 2 3 5 10 20 40 60 100 200 201 261 461 b
1 2 3 5 10 20 40 60 100 200 201 401 461 b
1 2 3 5 10 20 40 60 100 200 260 261 461 b
1 2 3 5 10 20 40 60 100 200 260 460 461 b
1 2 3 5 10 20 40 60 100 200 400 401 461 b
1 2 3 5 10 20 40 60 100 200 400 460 461 b
1 2 3 5 10 20 40 80 100 101 180 281 461 a
1 2 3 5 10 20 40 80 100 101 180 360 461 a
1 2 3 5 10 20 40 80 100 180 181 280 461 a
1 2 3 5 10 20 40 80 100 180 181 281 461 b
1 2 3 5 10 20 40 80 100 180 181 361 461 b
1 2 3 5 10 20 40 80 100 180 280 281 461 b
1 2 3 5 10 20 40 80 100 180 280 460 461 b
1 2 3 5 10 20 40 80 100 180 360 361 461 b
1 2 3 5 10 20 40 80 100 180 360 460 461 b
1 2 3 6 7 13 14 28 56 112 224 237 461 b
1 2 3 6 7 13 14 28 56 112 224 448 461 b
1 2 3 6 7 13 15 28 56 112 224 237 461 b
1 2 3 6 7 13 15 28 56 112 224 448 461 b
1 2 3 6 7 13 26 28 56 112 224 237 461 b
1 2 3 6 7 13 26 28 56 112 224 448 461 b
1 2 3 6 7 14 28 56 59 115 230 231 461 b
1 2 3 6 7 14 28 56 59 115 230 460 461 b
1 2 3 6 7 14 28 56 112 115 227 234 461 b
1 2 3 6 7 14 28 56 112 115 227 454 461 b
1 2 3 6 7 14 28 56 112 115 230 231 461 b
1 2 3 6 7 14 28 56 112 115 230 460 461 b
1 2 3 6 7 14 28 56 112 118 230 231 461 b
1 2 3 6 7 14 28 56 112 118 230 460 461 b
1 2 3 6 7 14 28 56 112 224 227 234 461 b
1 2 3 6 7 14 28 56 112 224 227 454 461 b
1 2 3 6 7 14 28 56 112 224 230 231 461 b
1 2 3 6 7 14 28 56 112 224 230 237 461 b
1 2 3 6 7 14 28 56 112 224 230 454 461 b
1 2 3 6 7 14 28 56 112 224 230 460 461 b
1 2 3 6 7 14 28 56 112 224 231 237 461 b
1 2 3 6 7 14 28 56 112 224 231 455 461 b
1 2 3 6 7 14 28 56 112 224 448 454 461 b
1 2 3 6 7 14 28 56 112 224 448 455 461 b
1 2 3 6 8 14 28 56 59 115 230 231 461 b
1 2 3 6 8 14 28 56 59 115 230 460 461 b
1 2 3 6 8 14 28 56 112 115 230 231 461 b
1 2 3 6 8 14 28 56 112 115 230 460 461 b
1 2 3 6 8 14 28 56 112 118 230 231 461 b
1 2 3 6 8 14 28 56 112 118 230 460 461 b
1 2 3 6 8 14 28 56 112 224 230 231 461 b
1 2 3 6 8 14 28 56 112 224 230 460 461 b
1 2 3 6 9 18 27 29 54 108 216 245 461 a
1 2 3 6 9 18 27 29 54 108 216 432 461 a
1 2 3 6 9 18 27 54 108 109 217 244 461 b
1 2 3 6 9 18 27 54 108 109 217 434 461 b
1 2 3 6 9 18 27 54 108 216 217 244 461 b
1 2 3 6 9 18 27 54 108 216 217 434 461 b
1 2 3 6 9 18 27 54 108 216 218 243 461 a
1 2 3 6 9 18 27 54 108 216 218 245 461 b
1 2 3 6 9 18 27 54 108 216 218 434 461 b
1 2 3 6 9 18 27 54 108 216 243 245 461 b
1 2 3 6 9 18 27 54 108 216 243 459 461 b
1 2 3 6 9 18 27 54 108 216 432 434 461 b
1 2 3 6 9 18 27 54 108 216 432 459 461 b
1 2 3 6 9 18 36 72 81 153 154 307 461 b
1 2 3 6 9 18 36 72 81 153 154 308 461 b
1 2 3 6 9 18 36 72 81 153 155 306 461 a
1 2 3 6 9 18 36 72 81 153 155 308 461 b
1 2 3 6 9 18 36 72 81 153 306 308 461 b
1 2 3 6 9 18 36 72 81 153 306 459 461 b
1 2 3 6 9 18 36 72 144 153 154 307 461 b
1 2 3 6 9 18 36 72 144 153 154 308 461 b
1 2 3 6 9 18 36 72 144 153 155 306 461 a
1 2 3 6 9 18 36 72 144 153 155 308 461 b
1 2 3 6 9 18 36 72 144 153 306 308 461 b
1 2 3 6 9 18 36 72 144 153 306 459 461 b
1 2 3 6 12 13 14 28 56 112 224 237 461 b
1 2 3 6 12 13 14 28 56 112 224 448 461 b
1 2 3 6 12 13 15 28 56 112 224 237 461 b
1 2 3 6 12 13 15 28 56 112 224 448 461 b
1 2 3 6 12 13 16 28 56 112 224 237 461 b
1 2 3 6 12 13 16 28 56 112 224 448 461 b
1 2 3 6 12 13 25 28 56 112 224 237 461 b
1 2 3 6 12 13 25 28 56 112 224 448 461 b
1 2 3 6 12 13 25 31 56 112 224 237 461 b
1 2 3 6 12 13 25 31 56 112 224 448 461 b
1 2 3 6 12 13 25 50 56 112 224 237 461 b
1 2 3 6 12 13 25 50 56 112 224 448 461 b
1 2 3 6 12 13 25 50 62 112 224 237 461 b
1 2 3 6 12 13 25 50 62 112 224 448 461 b
1 2 3 6 12 13 25 50 100 112 224 237 461 b
1 2 3 6 12 13 25 50 100 112 224 448 461 b
1 2 3 6 12 13 26 28 56 112 224 237 461 b
1 2 3 6 12 13 26 28 56 112 224 448 461 b
1 2 3 6 12 14 28 56 59 115 230 231 461 b
1 2 3 6 12 14 28 56 59 115 230 460 461 b
1 2 3 6 12 14 28 56 112 115 230 231 461 b
1 2 3 6 12 14 28 56 112 115 230 460 461 b
1 2 3 6 12 14 28 56 112 118 230 231 461 b
1 2 3 6 12 14 28 56 112 118 230 460 461 b
1 2 3 6 12 14 28 56 112 224 225 236 461 a
1 2 3 6 12 14 28 56 112 224 225 237 461 b
1 2 3 6 12 14 28 56 112 224 225 449 461 b
1 2 3 6 12 14 28 56 112 224 230 231 461 b
1 2 3 6 12 14 28 56 112 224 230 460 461 b
1 2 3 6 12 14 28 56 112 224 236 237 461 b
1 2 3 6 12 14 28 56 112 224 236 460 461 b
1 2 3 6 12 14 28 56 112 224 448 449 461 b
1 2 3 6 12 14 28 56 112 224 448 460 461 b
1 2 3 6 12 15 27 29 54 108 216 245 461 a
1 2 3 6 12 15 27 29 54 108 216 432 461 a
1 2 3 6 12 15 27 54 108 109 217 244 461 b
1 2 3 6 12 15 27 54 108 109 217 434 461 b
1 2 3 6 12 15 27 54 108 216 217 244 461 b
1 2 3 6 12 15 27 54 108 216 217 434 461 b
1 2 3 6 12 15 27 54 108 216 218 243 461 a
1 2 3 6 12 15 27 54 108 216 218 245 461 b
1 2 3 6 12 15 27 54 108 216 218 434 461 b
1 2 3 6 12 15 27 54 108 216 243 245 461 b
1 2 3 6 12 15 27 54 108 216 243 459 461 b
1 2 3 6 12 15 27 54 108 216 432 434 461 b
1 2 3 6 12 15 27 54 108 216 432 459 461 b
1 2 3 6 12 24 25 48 73 97 194 267 461 a
1 2 3 6 12 24 25 48 73 97 194 388 461 a
1 2 3 6 12 24 25 48 73 121 194 267 461 a
1 2 3 6 12 24 25 48 73 121 194 388 461 a
1 2 3 6 12 24 25 48 73 146 194 267 461 a
1 2 3 6 12 24 25 48 73 146 194 388 461 a
1 2 3 6 12 24 25 49 73 97 194 267 461 b
1 2 3 6 12 24 25 49 73 97 194 388 461 b
1 2 3 6 12 24 27 29 54 108 216 245 461 a
1 2 3 6 12 24 27 29 54 108 216 432 461 a
1 2 3 6 12 24 27 51 53 102 204 257 461 a
1 2 3 6 12 24 27 51 53 102 204 408 461 a
1 2 3 6 12 24 27 51 102 103 205 256 461 b
1 2 3 6 12 24 27 51 102 103 205 410 461 b
1 2 3 6 12 24 27 51 102 153 154 307 461 b
1 2 3 6 12 24 27 51 102 153 154 308 461 b
1 2 3 6 12 24 27 51 102 153 155 306 461 a
1 2 3 6 12 24 27 51 102 153 155 308 461 b
1 2 3 6 12 24 27 51 102 153 306 308 461 b
1 2 3 6 12 24 27 51 102 153 306 459 461 b
1 2 3 6 12 24 27 51 102 204 205 256 461 b
1 2 3 6 12 24 27 51 102 204 205 410 461 b
1 2 3 6 12 24 27 51 102 204 206 255 461 a
1 2 3 6 12 24 27 51 102 204 206 257 461 b
1 2 3 6 12 24 27 51 102 204 206 410 461 b
1 2 3 6 12 24 27 51 102 204 255 257 461 b
1 2 3 6 12 24 27 51 102 204 255 459 461 b
1 2 3 6 12 24 27 51 102 204 408 410 461 b
1 2 3 6 12 24 27 51 102 204 408 459 461 b
1 2 3 6 12 24 27 54 108 109 217 244 461 b
1 2 3 6 12 24 27 54 108 109 217 434 461 b
1 2 3 6 12 24 27 54 108 216 217 244 461 b
1 2 3 6 12 24 27 54 108 216 217 434 461 b
1 2 3 6 12 24 27 54 108 216 218 243 461 a
1 2 3 6 12 24 27 54 108 216 218 245 461 b
1 2 3 6 12 24 27 54 108 216 218 434 461 b
1 2 3 6 12 24 27 54 108 216 243 245 461 b
1 2 3 6 12 24 27 54 108 216 243 459 461 b
1 2 3 6 12 24 27 54 108 216 432 434 461 b
1 2 3 6 12 24 27 54 108 216 432 459 461 b
1 2 3 6 12 24 36 37 73 97 194 267 461 b
1 2 3 6 12 24 36 37 73 97 194 388 461 b
1 2 3 6 12 24 36 72 73 97 194 267 461 b
1 2 3 6 12 24 36 72 73 97 194 388 461 b
1 2 3 6 12 24 48 49 54 103 206 255 461 a
1 2 3 6 12 24 48 49 54 103 206 412 461 a
1 2 3 6 12 24 48 49 55 103 206 255 461 b
1 2 3 6 12 24 48 49 55 103 206 412 461 b
1 2 3 6 12 24 48 49 72 121 170 291 461 a
1 2 3 6 12 24 48 49 72 121 170 340 461 a
1 2 3 6 12 24 48 49 73 97 194 267 461 b
1 2 3 6 12 24 48 49 73 97 194 388 461 b
1 2 3 6 12 24 48 49 73 121 170 291 461 b
1 2 3 6 12 24 48 49 73 121 170 340 461 b
1 2 3 6 12 24 48 49 73 121 194 267 461 b
1 2 3 6 12 24 48 49 73 121 194 388 461 b
1 2 3 6 12 24 48 49 73 146 194 267 461 b
1 2 3 6 12 24 48 49 73 146 194 388 461 b
1 2 3 6 12 24 48 49 97 103 206 255 461 b
1 2 3 6 12 24 48 49 97 103 206 412 461 b
1 2 3 6 12 24 48 49 97 109 206 255 461 b
1 2 3 6 12 24 48 49 97 109 206 412 461 b
1 2 3 6 12 24 48 49 97 121 170 291 461 b
1 2 3 6 12 24 48 49 97 121 170 340 461 b
1 2 3 6 12 24 48 49 97 194 206 255 461 b
1 2 3 6 12 24 48 49 97 194 206 412 461 b
1 2 3 6 12 24 48 49 97 194 218 243 461 a
1 2 3 6 12 24 48 49 97 194 218 267 461 b
1 2 3 6 12 24 48 49 97 194 218 412 461 b
1 2 3 6 12 24 48 49 97 194 243 267 461 b
1 2 3 6 12 24 48 49 97 194 243 437 461 b
1 2 3 6 12 24 48 49 97 194 388 412 461 b
1 2 3 6 12 24 48 49 97 194 388 437 461 b
1 2 3 6 12 24 48 51 53 102 204 257 461 a
1 2 3 6 12 24 48 51 53 102 204 408 461 a
1 2 3 6 12 24 48 51 102 103 205 256 461 b
1 2 3 6 12 24 48 51 102 103 205 410 461 b
1 2 3 6 12 24 48 51 102 153 154 307 461 b
1 2 3 6 12 24 48 51 102 153 154 308 461 b
1 2 3 6 12 24 48 51 102 153 155 306 461 a
1 2 3 6 12 24 48 51 102 153 155 308 461 b
1 2 3 6 12 24 48 51 102 153 306 308 461 b
1 2 3 6 12 24 48 51 102 153 306 459 461 b
1 2 3 6 12 24 48 51 102 204 205 256 461 b
1 2 3 6 12 24 48 51 102 204 205 410 461 b
1 2 3 6 12 24 48 51 102 204 206 255 461 a
1 2 3 6 12 24 48 51 102 204 206 257 461 b
1 2 3 6 12 24 48 51 102 204 206 410 461 b
1 2 3 6 12 24 48 51 102 204 255 257 461 b
1 2 3 6 12 24 48 51 102 204 255 459 461 b
1 2 3 6 12 24 48 51 102 204 408 410 461 b
1 2 3 6 12 24 48 51 102 204 408 459 461 b
1 2 3 6 12 24 48 72 73 97 194 267 461 b
1 2 3 6 12 24 48 72 73 97 194 388 461 b
1 2 3 6 12 24 48 72 73 121 194 267 461 b
1 2 3 6 12 24 48 72 73 121 194 388 461 b
1 2 3 6 12 24 48 72 73 146 194 267 461 b
1 2 3 6 12 24 48 72 73 146 194 388 461 b
1 2 4 5 7 11 22 44 88 95 183 278 461 b
1 2 4 5 7 11 22 44 88 95 183 366 461 b
1 2 4 5 7 12 19 38 57 114 228 233 461 b
1 2 4 5 7 12 19 38 57 114 228 456 461 b
1 2 4 5 7 12 19 38 76 114 228 233 461 b
1 2 4 5 7 12 19 38 76 114 228 456 461 b
1 2 4 5 7 12 19 38 76 152 157 304 461 a
1 2 4 5 7 12 19 38 76 152 157 309 461 b
1 2 4 5 7 12 19 38 76 152 228 233 461 b
1 2 4 5 7 12 19 38 76 152 228 456 461 b
1 2 4 5 7 12 19 38 76 152 304 309 461 b
1 2 4 5 7 12 19 38 76 152 304 456 461 b
1 2 4 5 7 14 19 38 57 114 228 233 461 b
1 2 4 5 7 14 19 38 57 114 228 456 461 b
1 2 4 5 7 14 19 38 76 114 228 233 461 b
1 2 4 5 7 14 19 38 76 114 228 456 461 b
1 2 4 5 7 14 19 38 76 152 157 304 461 a
1 2 4 5 7 14 19 38 76 152 157 309 461 b
1 2 4 5 7 14 19 38 76 152 228 233 461 b
1 2 4 5 7 14 19 38 76 152 228 456 461 b
1 2 4 5 7 14 19 38 76 152 304 309 461 b
1 2 4 5 7 14 19 38 76 152 304 456 461 b
1 2 4 5 7 14 28 29 57 114 228 233 461 b
1 2 4 5 7 14 28 29 57 114 228 456 461 b
1 2 4 5 7 14 28 56 57 114 228 233 461 b
1 2 4 5 7 14 28 56 57 114 228 456 461 b
1 2 4 5 7 14 28 56 58 114 228 233 461 b
1 2 4 5 7 14 28 56 58 114 228 456 461 b
1 2 4 5 7 14 28 56 112 114 228 233 461 b
1 2 4 5 7 14 28 56 112 114 228 456 461 b
1 2 4 5 7 14 28 56 112 116 228 233 461 b
1 2 4 5 7 14 28 56 112 116 228 456 461 b
1 2 4 5 7 14 28 56 112 224 228 233 461 b
1 2 4 5 7 14 28 56 112 224 228 456 461 b
1 2 4 5 8 13 14 28 56 112 224 237 461 a
1 2 4 5 8 13 14 28 56 112 224 448 461 a
1 2 4 5 8 13 15 28 56 112 224 237 461 a
1 2 4 5 8 13 15 28 56 112 224 448 461 a
1 2 4 5 8 13 21 34 55 110 220 241 461 a
1 2 4 5 8 13 21 34 55 110 220 440 461 a
1 2 4 5 8 13 21 42 55 110 220 241 461 a
1 2 4 5 8 13 21 42 55 110 220 440 461 a
1 2 4 5 8 13 26 28 56 112 224 237 461 a
1 2 4 5 8 13 26 28 56 112 224 448 461 a
1 2 4 5 8 13 26 30 56 112 224 237 461 a
1 2 4 5 8 13 26 30 56 112 224 448 461 a
1 2 4 5 8 13 26 31 57 114 228 233 461 a
1 2 4 5 8 13 26 31 57 114 228 456 461 a
1 2 4 5 8 13 26 52 56 112 224 237 461 a
1 2 4 5 8 13 26 52 56 112 224 448 461 a
1 2 4 5 8 13 26 52 57 114 228 233 461 a
1 2 4 5 8 13 26 52 57 114 228 456 461 a
1 2 4 5 8 13 26 52 60 112 224 237 461 a
1 2 4 5 8 13 26 52 60 112 224 448 461 a
1 2 4 5 8 13 26 52 104 112 224 237 461 a
1 2 4 5 8 13 26 52 104 112 224 448 461 a
1 2 4 5 8 16 21 37 53 106 212 249 461 a
1 2 4 5 8 16 21 37 53 106 212 424 461 a
1 2 4 5 8 16 32 37 53 106 212 249 461 a
1 2 4 5 8 16 32 37 53 106 212 424 461 a
1 2 4 5 8 16 32 37 69 106 212 249 461 a
1 2 4 5 8 16 32 37 69 106 212 424 461 a
1 2 4 5 8 16 32 37 74 106 212 249 461 a
1 2 4 5 8 16 32 37 74 106 212 424 461 a
1 2 4 5 9 10 19 38 57 114 228 233 461 b
1 2 4 5 9 10 19 38 57 114 228 456 461 b
1 2 4 5 9 10 19 38 76 114 228 233 461 b
1 2 4 5 9 10 19 38 76 114 228 456 461 b
1 2 4 5 9 10 19 38 76 152 157 304 461 a
1 2 4 5 9 10 19 38 76 152 157 309 461 b
1 2 4 5 9 10 19 38 76 152 228 233 461 b
1 2 4 5 9 10 19 38 76 152 228 456 461 b
1 2 4 5 9 10 19 38 76 152 304 309 461 b
1 2 4 5 9 10 19 38 76 152 304 456 461 b
1 2 4 5 9 13 14 28 56 112 224 237 461 b
1 2 4 5 9 13 14 28 56 112 224 448 461 b
1 2 4 5 9 13 15 28 56 112 224 237 461 b
1 2 4 5 9 13 15 28 56 112 224 448 461 b
1 2 4 5 9 13 22 35 57 114 228 233 461 b
1 2 4 5 9 13 22 35 57 114 228 456 461 b
1 2 4 5 9 13 22 44 57 101 202 259 461 b
1 2 4 5 9 13 22 44 57 101 202 404 461 b
1 2 4 5 9 13 22 44 57 114 228 233 461 b
1 2 4 5 9 13 22 44 57 114 228 456 461 b
1 2 4 5 9 13 26 28 56 112 224 237 461 b
1 2 4 5 9 13 26 28 56 112 224 448 461 b
1 2 4 5 9 13 26 30 56 112 224 237 461 b
1 2 4 5 9 13 26 30 56 112 224 448 461 b
1 2 4 5 9 13 26 31 57 114 228 233 461 b
1 2 4 5 9 13 26 31 57 114 228 456 461 b
1 2 4 5 9 13 26 52 56 112 224 237 461 b
1 2 4 5 9 13 26 52 56 112 224 448 461 b
1 2 4 5 9 13 26 52 57 114 228 233 461 b
1 2 4 5 9 13 26 52 57 114 228 456 461 b
1 2 4 5 9 13 26 52 61 113 174 287 461 b
1 2 4 5 9 13 26 52 61 113 174 348 461 b
1 2 4 5 9 13 26 52 61 113 226 235 461 b
1 2 4 5 9 13 26 52 61 113 226 452 461 b
1 2 4 5 9 13 26 52 104 113 226 235 461 b
1 2 4 5 9 13 26 52 104 113 226 452 461 b
1 2 4 5 9 14 19 38 57 114 228 233 461 b
1 2 4 5 9 14 19 38 57 114 228 456 461 b
1 2 4 5 9 14 19 38 76 114 228 233 461 b
1 2 4 5 9 14 19 38 76 114 228 456 461 b
1 2 4 5 9 14 19 38 76 152 157 304 461 a
1 2 4 5 9 14 19 38 76 152 157 309 461 b
1 2 4 5 9 14 19 38 76 152 228 233 461 b
1 2 4 5 9 14 19 38 76 152 228 456 461 b
1 2 4 5 9 14 19 38 76 152 304 309 461 b
1 2 4 5 9 14 19 38 76 152 304 456 461 b
1 2 4 5 9 14 23 46 69 115 230 231 461 b
1 2 4 5 9 14 23 46 69 115 230 460 461 b
1 2 4 5 9 14 23 46 92 93 184 277 461 a
1 2 4 5 9 14 23 46 92 93 184 368 461 a
1 2 4 5 9 14 23 46 92 115 230 231 461 b
1 2 4 5 9 14 23 46 92 115 230 460 461 b
1 2 4 5 9 14 23 46 92 138 230 231 461 b
1 2 4 5 9 14 23 46 92 138 230 460 461 b
1 2 4 5 9 14 23 46 92 184 185 276 461 a
1 2 4 5 9 14 23 46 92 184 185 277 461 b
1 2 4 5 9 14 23 46 92 184 185 369 461 b
1 2 4 5 9 14 23 46 92 184 230 231 461 b
1 2 4 5 9 14 23 46 92 184 230 460 461 b
1 2 4 5 9 14 23 46 92 184 276 277 461 b
1 2 4 5 9 14 23 46 92 184 276 460 461 b
1 2 4 5 9 14 23 46 92 184 368 369 461 b
1 2 4 5 9 14 23 46 92 184 368 460 461 b
1 2 4 5 9 14 28 29 57 114 228 233 461 b
1 2 4 5 9 14 28 29 57 114 228 456 461 b
1 2 4 5 9 14 28 56 57 113 226 235 461 b
1 2 4 5 9 14 28 56 57 113 226 452 461 b
1 2 4 5 9 14 28 56 57 114 228 233 461 b
1 2 4 5 9 14 28 56 57 114 228 456 461 b
1 2 4 5 9 14 28 56 58 114 228 233 461 b
1 2 4 5 9 14 28 56 58 114 228 456 461 b
1 2 4 5 9 14 28 56 112 113 226 235 461 b
1 2 4 5 9 14 28 56 112 113 226 452 461 b
1 2 4 5 9 14 28 56 112 114 226 235 461 b
1 2 4 5 9 14 28 56 112 114 226 452 461 b
1 2 4 5 9 14 28 56 112 114 228 233 461 b
1 2 4 5 9 14 28 56 112 114 228 456 461 b
1 2 4 5 9 14 28 56 112 116 228 233 461 b
1 2 4 5 9 14 28 56 112 116 228 456 461 b
1 2 4 5 9 14 28 56 112 224 226 235 461 b
1 2 4 5 9 14 28 56 112 224 226 452 461 b
1 2 4 5 9 14 28 56 112 224 228 233 461 b
1 2 4 5 9 14 28 56 112 224 228 237 461 b
1 2 4 5 9 14 28 56 112 224 228 452 461 b
1 2 4 5 9 14 28 56 112 224 228 456 461 b
1 2 4 5 9 14 28 56 112 224 233 237 461 b
1 2 4 5 9 14 28 56 112 224 233 457 461 b
1 2 4 5 9 14 28 56 112 224 448 452 461 b
1 2 4 5 9 14 28 56 112 224 448 457 461 b
1 2 4 5 9 18 19 38 57 114 228 233 461 b
1 2 4 5 9 18 19 38 57 114 228 456 461 b
1 2 4 5 9 18 19 38 76 114 228 233 461 b
1 2 4 5 9 18 19 38 76 114 228 456 461 b
1 2 4 5 9 18 19 38 76 152 157 304 461 a
1 2 4 5 9 18 19 38 76 152 157 309 461 b
1 2 4 5 9 18 19 38 76 152 228 233 461 b
1 2 4 5 9 18 19 38 76 152 228 456 461 b
1 2 4 5 9 18 19 38 76 152 304 309 461 b
1 2 4 5 9 18 19 38 76 152 304 456 461 b
1 2 4 5 9 18 20 38 76 114 228 233 461 b
1 2 4 5 9 18 20 38 76 114 228 456 461 b
1 2 4 5 9 18 20 38 76 152 157 304 461 a
1 2 4 5 9 18 20 38 76 152 157 309 461 b
1 2 4 5 9 18 20 38 76 152 228 233 461 b
1 2 4 5 9 18 20 38 76 152 228 456 461 b
1 2 4 5 9 18 20 38 76 152 304 309 461 b
1 2 4 5 9 18 20 38 76 152 304 456 461 b
1 2 4 5 9 18 23 41 64 105 210 251 461 b
1 2 4 5 9 18 23 41 64 105 210 420 461 b
1 2 4 5 9 18 23 41 82 105 210 251 461 b
1 2 4 5 9 18 23 41 82 105 210 420 461 b
1 2 4 5 9 18 23 46 69 115 230 231 461 b
1 2 4 5 9 18 23 46 69 115 230 460 461 b
1 2 4 5 9 18 23 46 92 93 184 277 461 a
1 2 4 5 9 18 23 46 92 93 184 368 461 a
1 2 4 5 9 18 23 46 92 115 230 231 461 b
1 2 4 5 9 18 23 46 92 115 230 460 461 b
1 2 4 5 9 18 23 46 92 138 230 231 461 b
1 2 4 5 9 18 23 46 92 138 230 460 461 b
1 2 4 5 9 18 23 46 92 184 185 276 461 a
1 2 4 5 9 18 23 46 92 184 185 277 461 b
1 2 4 5 9 18 23 46 92 184 185 369 461 b
1 2 4 5 9 18 23 46 92 184 230 231 461 b
1 2 4 5 9 18 23 46 92 184 230 460 461 b
1 2 4 5 9 18 23 46 92 184 276 277 461 b
1 2 4 5 9 18 23 46 92 184 276 460 461 b
1 2 4 5 9 18 23 46 92 184 368 369 461 b
1 2 4 5 9 18 23 46 92 184 368 460 461 b
1 2 4 5 9 18 27 29 54 108 216 245 461 a
1 2 4 5 9 18 27 29 54 108 216 432 461 a
1 2 4 5 9 18 27 54 59 113 226 235 461 b
1 2 4 5 9 18 27 54 59 113 226 452 461 b
1 2 4 5 9 18 27 54 108 109 217 244 461 b
1 2 4 5 9 18 27 54 108 109 217 434 461 b
1 2 4 5 9 18 27 54 108 113 226 235 461 b
1 2 4 5 9 18 27 54 108 113 226 452 461 b
1 2 4 5 9 18 27 54 108 216 217 244 461 b
1 2 4 5 9 18 27 54 108 216 217 434 461 b
1 2 4 5 9 18 27 54 108 216 218 243 461 a
1 2 4 5 9 18 27 54 108 216 218 245 461 b
1 2 4 5 9 18 27 54 108 216 218 434 461 b
1 2 4 5 9 18 27 54 108 216 243 245 461 b
1 2 4 5 9 18 27 54 108 216 243 459 461 b
1 2 4 5 9 18 27 54 108 216 432 434 461 b
1 2 4 5 9 18 27 54 108 216 432 459 461 b
1 2 4 5 9 18 36 38 76 114 228 233 461 b
1 2 4 5 9 18 36 38 76 114 228 456 461 b
1 2 4 5 9 18 36 38 76 152 157 304 461 a
1 2 4 5 9 18 36 38 76 152 157 309 461 b
1 2 4 5 9 18 36 38 76 152 228 233 461 b
1 2 4 5 9 18 36 38 76 152 228 456 461 b
1 2 4 5 9 18 36 38 76 152 304 309 461 b
1 2 4 5 9 18 36 38 76 152 304 456 461 b
1 2 4 5 9 18 36 40 76 152 157 304 461 a
1 2 4 5 9 18 36 40 76 152 157 309 461 b
1 2 4 5 9 18 36 40 76 152 228 233 461 b
1 2 4 5 9 18 36 40 76 152 228 456 461 b
1 2 4 5 9 18 36 40 76 152 304 309 461 b
1 2 4 5 9 18 36 40 76 152 304 456 461 b
1 2 4 5 9 18 36 41 72 113 226 235 461 a
1 2 4 5 9 18 36 41 72 113 226 452 461 a
1 2 4 5 9 18 36 41 77 113 226 235 461 b
1 2 4 5 9 18 36 41 77 113 226 452 461 b
1 2 4 5 9 18 36 54 59 113 226 235 461 b
1 2 4 5 9 18 36 54 59 113 226 452 461 b
1 2 4 5 9 18 36 54 108 113 226 235 461 b
1 2 4 5 9 18 36 54 108 113 226 452 461 b
1 2 4 5 9 18 36 72 76 152 157 304 461 a
1 2 4 5 9 18 36 72 76 152 157 309 461 b
1 2 4 5 9 18 36 72 76 152 228 233 461 b
1 2 4 5 9 18 36 72 76 152 228 456 461 b
1 2 4 5 9 18 36 72 76 152 304 309 461 b
1 2 4 5 9 18 36 72 76 152 304 456 461 b
1 2 4 5 9 18 36 72 77 113 226 235 461 b
1 2 4 5 9 18 36 72 77 113 226 452 461 b
1 2 4 5 9 18 36 72 77 149 226 235 461 b
1 2 4 5 9 18 36 72 77 149 226 452 461 b
1 2 4 5 9 18 36 72 77 154 226 235 461 b
1 2 4 5 9 18 36 72 77 154 226 452 461 b
1 2 4 5 9 18 36 72 81 153 154 307 461 b
1 2 4 5 9 18 36 72 81 153 154 308 461 b
1 2 4 5 9 18 36 72 81 153 155 306 461 a
1 2 4 5 9 18 36 72 81 153 155 308 461 b
1 2 4 5 9 18 36 72 81 153 306 308 461 b
1 2 4 5 9 18 36 72 81 153 306 459 461 b
1 2 4 5 9 18 36 72 108 113 226 235 461 b
1 2 4 5 9 18 36 72 108 113 226 452 461 b
1 2 4 5 9 18 36 72 144 153 154 307 461 b
1 2 4 5 9 18 36 72 144 153 154 308 461 b
1 2 4 5 9 18 36 72 144 153 155 306 461 a
1 2 4 5 9 18 36 72 144 153 155 308 461 b
1 2 4 5 9 18 36 72 144 153 306 308 461 b
1 2 4 5 9 18 36 72 144 153 306 459 461 b
1 2 4 5 10 14 19 38 57 114 228 233 461 b
1 2 4 5 10 14 19 38 57 114 228 456 461 b
1 2 4 5 10 14 19 38 76 114 228 233 461 b
1 2 4 5 10 14 19 38 76 114 228 456 461 b
1 2 4 5 10 14 19 38 76 152 157 304 461 a
1 2 4 5 10 14 19 38 76 152 157 309 461 b
1 2 4 5 10 14 19 38 76 152 228 233 461 b
1 2 4 5 10 14 19 38 76 152 228 456 461 b
1 2 4 5 10 14 19 38 76 152 304 309 461 b
1 2 4 5 10 14 19 38 76 152 304 456 461 b
1 2 4 5 10 14 24 38 76 114 228 233 461 b
1 2 4 5 10 14 24 38 76 114 228 456 461 b
1 2 4 5 10 14 24 38 76 152 157 304 461 a
1 2 4 5 10 14 24 38 76 152 157 309 461 b
1 2 4 5 10 14 24 38 76 152 228 233 461 b
1 2 4 5 10 14 24 38 76 152 228 456 461 b
1 2 4 5 10 14 24 38 76 152 304 309 461 b
1 2 4 5 10 14 24 38 76 152 304 456 461 b
1 2 4 5 10 14 28 29 57 114 228 233 461 b
1 2 4 5 10 14 28 29 57 114 228 456 461 b
1 2 4 5 10 14 28 38 76 114 228 233 461 b
1 2 4 5 10 14 28 38 76 114 228 456 461 b
1 2 4 5 10 14 28 38 76 152 157 304 461 a
1 2 4 5 10 14 28 38 76 152 157 309 461 b
1 2 4 5 10 14 28 38 76 152 228 233 461 b
1 2 4 5 10 14 28 38 76 152 228 456 461 b
1 2 4 5 10 14 28 38 76 152 304 309 461 b
1 2 4 5 10 14 28 38 76 152 304 456 461 b
1 2 4 5 10 14 28 56 57 114 228 233 461 b
1 2 4 5 10 14 28 56 57 114 228 456 461 b
1 2 4 5 10 14 28 56 58 114 228 233 461 b
1 2 4 5 10 14 28 56 58 114 228 456 461 b
1 2 4 5 10 14 28 56 112 114 228 233 461 b
1 2 4 5 10 14 28 56 112 114 228 456 461 b
1 2 4 5 10 14 28 56 112 116 228 233 461 b
1 2 4 5 10 14 28 56 112 116 228 456 461 b
1 2 4 5 10 14 28 56 112 224 228 233 461 b
1 2 4 5 10 14 28 56 112 224 228 456 461 b
1 2 4 5 10 15 19 38 57 114 228 233 461 b
1 2 4 5 10 15 19 38 57 114 228 456 461 b
1 2 4 5 10 15 19 38 76 114 228 233 461 b
1 2 4 5 10 15 19 38 76 114 228 456 461 b
1 2 4 5 10 15 19 38 76 152 157 304 461 a
1 2 4 5 10 15 19 38 76 152 157 309 461 b
1 2 4 5 10 15 19 38 76 152 228 233 461 b
1 2 4 5 10 15 19 38 76 152 228 456 461 b
1 2 4 5 10 15 19 38 76 152 304 309 461 b
1 2 4 5 10 15 19 38 76 152 304 456 461 b
1 2 4 5 10 15 25 29 54 108 216 245 461 b
1 2 4 5 10 15 25 29 54 108 216 432 461 b
1 2 4 5 10 15 25 50 65 115 230 231 461 b
1 2 4 5 10 15 25 50 65 115 230 460 461 b
1 2 4 5 10 15 25 50 100 115 230 231 461 b
1 2 4 5 10 15 25 50 100 115 230 460 461 b
1 2 4 5 10 20 25 29 54 108 216 245 461 b
1 2 4 5 10 20 25 29 54 108 216 432 461 b
1 2 4 5 10 20 25 45 70 115 230 231 461 b
1 2 4 5 10 20 25 45 70 115 230 460 461 b
1 2 4 5 10 20 25 45 90 115 230 231 461 b
1 2 4 5 10 20 25 45 90 115 230 460 461 b
1 2 4 5 10 20 30 50 100 130 230 231 461 b
1 2 4 5 10 20 30 50 100 130 230 460 461 b
1 2 4 5 10 20 30 50 100 200 230 231 461 b
1 2 4 5 10 20 30 50 100 200 230 460 461 b
1 2 4 5 10 20 40 50 90 140 230 231 461 b
1 2 4 5 10 20 40 50 90 140 230 460 461 b
1 2 4 5 10 20 40 50 90 180 230 231 461 b
1 2 4 5 10 20 40 50 90 180 230 460 461 b
1 2 4 5 10 20 40 60 61 100 200 261 461 a
1 2 4 5 10 20 40 60 61 100 200 400 461 a
1 2 4 5 10 20 40 60 100 200 201 260 461 a
1 2 4 5 10 20 40 60 100 200 201 261 461 b
1 2 4 5 10 20 40 60 100 200 201 401 461 b
1 2 4 5 10 20 40 60 100 200 260 261 461 b
1 2 4 5 10 20 40 60 100 200 260 460 461 b
1 2 4 5 10 20 40 60 100 200 400 401 461 b
1 2 4 5 10 20 40 60 100 200 400 460 461 b
1 2 4 5 10 20 40 80 100 101 180 281 461 a
1 2 4 5 10 20 40 80 100 101 180 360 461 a
1 2 4 5 10 20 40 80 100 180 181 280 461 a
1 2 4 5 10 20 40 80 100 180 181 281 461 b
1 2 4 5 10 20 40 80 100 180 181 361 461 b
1 2 4 5 10 20 40 80 100 180 280 281 461 b
1 2 4 5 10 20 40 80 100 180 280 460 461 b
1 2 4 5 10 20 40 80 100 180 360 361 461 b
1 2 4 5 10 20 40 80 100 180 360 460 461 b
1 2 4 6 7 11 22 44 88 95 183 278 461 b
1 2 4 6 7 11 22 44 88 95 183 366 461 b
1 2 4 6 7 13 14 28 56 112 224 237 461 b
1 2 4 6 7 13 14 28 56 112 224 448 461 b
1 2 4 6 7 13 15 28 56 112 224 237 461 b
1 2 4 6 7 13 15 28 56 112 224 448 461 b
1 2 4 6 7 13 26 28 56 112 224 237 461 b
1 2 4 6 7 13 26 28 56 112 224 448 461 b
1 2 4 6 7 13 26 30 56 112 224 237 461 b
1 2 4 6 7 13 26 30 56 112 224 448 461 b
1 2 4 6 7 13 26 52 56 112 224 237 461 b
1 2 4 6 7 13 26 52 56 112 224 448 461 b
1 2 4 6 7 14 28 56 112 118 230 231 461 b
1 2 4 6 7 14 28 56 112 118 230 460 461 b
1 2 4 6 7 14 28 56 112 224 230 231 461 b
1 2 4 6 7 14 28 56 112 224 230 237 461 b
1 2 4 6 7 14 28 56 112 224 230 454 461 b
1 2 4 6 7 14 28 56 112 224 230 460 461 b
1 2 4 6 7 14 28 56 112 224 231 237 461 b
1 2 4 6 7 14 28 56 112 224 231 455 461 b
1 2 4 6 7 14 28 56 112 224 448 454 461 b
1 2 4 6 7 14 28 56 112 224 448 455 461 b
1 2 4 6 8 14 28 56 112 118 230 231 461 b
1 2 4 6 8 14 28 56 112 118 230 460 461 b
1 2 4 6 8 14 28 56 112 224 230 231 461 b
1 2 4 6 8 14 28 56 112 224 230 460 461 b
1 2 4 6 10 14 28 56 112 118 230 231 461 b
1 2 4 6 10 14 28 56 112 118 230 460 461 b
1 2 4 6 10 14 28 56 112 224 230 231 461 b
1 2 4 6 10 14 28 56 112 224 230 460 461 b
1 2 4 6 10 20 26 46 92 93 184 277 461 a
1 2 4 6 10 20 26 46 92 93 184 368 461 a
1 2 4 6 10 20 26 46 92 138 230 231 461 b
1 2 4 6 10 20 26 46 92 138 230 460 461 b
1 2 4 6 10 20 26 46 92 184 185 276 461 a
1 2 4 6 10 20 26 46 92 184 185 277 461 b
1 2 4 6 10 20 26 46 92 184 185 369 461 b
1 2 4 6 10 20 26 46 92 184 230 231 461 b
1 2 4 6 10 20 26 46 92 184 230 460 461 b
1 2 4 6 10 20 26 46 92 184 276 277 461 b
1 2 4 6 10 20 26 46 92 184 276 460 461 b
1 2 4 6 10 20 26 46 92 184 368 369 461 b
1 2 4 6 10 20 26 46 92 184 368 460 461 b
1 2 4 6 10 20 30 50 100 130 230 231 461 b
1 2 4 6 10 20 30 50 100 130 230 460 461 b
1 2 4 6 10 20 30 50 100 200 230 231 461 b
1 2 4 6 10 20 30 50 100 200 230 460 461 b
1 2 4 6 10 20 40 46 92 93 184 277 461 a
1 2 4 6 10 20 40 46 92 93 184 368 461 a
1 2 4 6 10 20 40 46 92 138 230 231 461 b
1 2 4 6 10 20 40 46 92 138 230 460 461 b
1 2 4 6 10 20 40 46 92 184 185 276 461 a
1 2 4 6 10 20 40 46 92 184 185 277 461 b
1 2 4 6 10 20 40 46 92 184 185 369 461 b
1 2 4 6 10 20 40 46 92 184 230 231 461 b
1 2 4 6 10 20 40 46 92 184 230 460 461 b
1 2 4 6 10 20 40 46 92 184 276 277 461 b
1 2 4 6 10 20 40 46 92 184 276 460 461 b
1 2 4 6 10 20 40 46 92 184 368 369 461 b
1 2 4 6 10 20 40 46 92 184 368 460 461 b
1 2 4 6 10 20 40 50 90 140 230 231 461 b
1 2 4 6 10 20 40 50 90 140 230 460 461 b
1 2 4 6 10 20 40 50 90 180 230 231 461 b
1 2 4 6 10 20 40 50 90 180 230 460 461 b
1 2 4 6 10 20 40 60 61 100 200 261 461 a
1 2 4 6 10 20 40 60 61 100 200 400 461 a
1 2 4 6 10 20 40 60 100 200 201 260 461 a
1 2 4 6 10 20 40 60 100 200 201 261 461 b
1 2 4 6 10 20 40 60 100 200 201 401 461 b
1 2 4 6 10 20 40 60 100 200 260 261 461 b
1 2 4 6 10 20 40 60 100 200 260 460 461 b
1 2 4 6 10 20 40 60 100 200 400 401 461 b
1 2 4 6 10 20 40 60 100 200 400 460 461 b
1 2 4 6 10 20 40 80 100 101 180 281 461 a
1 2 4 6 10 20 40 80 100 101 180 360 461 a
1 2 4 6 10 20 40 80 100 180 181 280 461 a
1 2 4 6 10 20 40 80 100 180 181 281 461 b
1 2 4 6 10 20 40 80 100 180 181 361 461 b
1 2 4 6 10 20 40 80 100 180 280 281 461 b
1 2 4 6 10 20 40 80 100 180 280 460 461 b
1 2 4 6 10 20 40 80 100 180 360 361 461 b
1 2 4 6 10 20 40 80 100 180 360 460 461 b
1 2 4 6 12 13 14 28 56 112 224 237 461 b
1 2 4 6 12 13 14 28 56 112 224 448 461 b
1 2 4 6 12 13 15 28 56 112 224 237 461 b
1 2 4 6 12 13 15 28 56 112 224 448 461 b
1 2 4 6 12 13 16 28 56 112 224 237 461 a
1 2 4 6 12 13 16 28 56 112 224 448 461 a
1 2 4 6 12 13 24 28 56 112 224 237 461 a
1 2 4 6 12 13 24 28 56 112 224 448 461 a
1 2 4 6 12 13 25 29 54 108 216 245 461 b
1 2 4 6 12 13 25 29 54 108 216 432 461 b
1 2 4 6 12 13 25 31 56 112 224 237 461 b
1 2 4 6 12 13 25 31 56 112 224 448 461 b
1 2 4 6 12 13 25 50 56 112 224 237 461 b
1 2 4 6 12 13 25 50 56 112 224 448 461 b
1 2 4 6 12 13 25 50 62 112 224 237 461 b
1 2 4 6 12 13 25 50 62 112 224 448 461 b
1 2 4 6 12 13 25 50 100 112 224 237 461 b
1 2 4 6 12 13 25 50 100 112 224 448 461 b
1 2 4 6 12 13 26 28 56 112 224 237 461 b
1 2 4 6 12 13 26 28 56 112 224 448 461 b
1 2 4 6 12 13 26 30 56 112 224 237 461 b
1 2 4 6 12 13 26 30 56 112 224 448 461 b
1 2 4 6 12 13 26 52 56 112 224 237 461 b
1 2 4 6 12 13 26 52 56 112 224 448 461 b
1 2 4 6 12 14 28 56 112 118 230 231 461 b
1 2 4 6 12 14 28 56 112 118 230 460 461 b
1 2 4 6 12 14 28 56 112 224 225 236 461 a
1 2 4 6 12 14 28 56 112 224 225 237 461 b
1 2 4 6 12 14 28 56 112 224 225 449 461 b
1 2 4 6 12 14 28 56 112 224 230 231 461 b
1 2 4 6 12 14 28 56 112 224 230 460 461 b
1 2 4 6 12 14 28 56 112 224 236 237 461 b
1 2 4 6 12 14 28 56 112 224 236 460 461 b
1 2 4 6 12 14 28 56 112 224 448 449 461 b
1 2 4 6 12 14 28 56 112 224 448 460 461 b
1 2 4 6 12 16 28 56 112 118 230 231 461 b
1 2 4 6 12 16 28 56 112 118 230 460 461 b
1 2 4 6 12 16 28 56 112 224 225 236 461 a
1 2 4 6 12 16 28 56 112 224 225 237 461 b
1 2 4 6 12 16 28 56 112 224 225 449 461 b
1 2 4 6 12 16 28 56 112 224 230 231 461 b
1 2 4 6 12 16 28 56 112 224 230 460 461 b
1 2 4 6 12 16 28 56 112 224 236 237 461 b
1 2 4 6 12 16 28 56 112 224 236 460 461 b
1 2 4 6 12 16 28 56 112 224 448 449 461 b
1 2 4 6 12 16 28 56 112 224 448 460 461 b
1 2 4 6 12 24 25 29 54 108 216 245 461 b
1 2 4 6 12 24 25 29 54 108 216 432 461 b
1 2 4 6 12 24 25 48 73 97 194 267 461 a
1 2 4 6 12 24 25 48 73 97 194 388 461 a
1 2 4 6 12 24 25 48 73 121 194 267 461 a
1 2 4 6 12 24 25 48 73 121 194 388 461 a
1 2 4 6 12 24 25 48 73 146 194 267 461 a
1 2 4 6 12 24 25 48 73 146 194 388 461 a
1 2 4 6 12 24 25 49 53 102 204 257 461 b
1 2 4 6 12 24 25 49 53 102 204 408 461 b
1 2 4 6 12 24 25 49 73 97 194 267 461 b
1 2 4 6 12 24 25 49 73 97 194 388 461 b
1 2 4 6 12 24 28 56 112 118 230 231 461 b
1 2 4 6 12 24 28 56 112 118 230 460 461 b
1 2 4 6 12 24 28 56 112 224 225 236 461 a
1 2 4 6 12 24 28 56 112 224 225 237 461 b
1 2 4 6 12 24 28 56 112 224 225 449 461 b
1 2 4 6 12 24 28 56 112 224 230 231 461 b
1 2 4 6 12 24 28 56 112 224 230 460 461 b
1 2 4 6 12 24 28 56 112 224 236 237 461 b
1 2 4 6 12 24 28 56 112 224 236 460 461 b
1 2 4 6 12 24 28 56 112 224 448 449 461 b
1 2 4 6 12 24 28 56 112 224 448 460 461 b
1 2 4 6 12 24 36 37 73 97 194 267 461 b
1 2 4 6 12 24 36 37 73 97 194 388 461 b
1 2 4 6 12 24 36 72 73 97 194 267 461 b
1 2 4 6 12 24 36 72 73 97 194 388 461 b
1 2 4 6 12 24 48 49 53 102 204 257 461 b
1 2 4 6 12 24 48 49 53 102 204 408 461 b
1 2 4 6 12 24 48 49 54 103 206 255 461 a
1 2 4 6 12 24 48 49 54 103 206 412 461 a
1 2 4 6 12 24 48 49 55 103 206 255 461 b
1 2 4 6 12 24 48 49 55 103 206 412 461 b
1 2 4 6 12 24 48 49 72 121 170 291 461 a
1 2 4 6 12 24 48 49 72 121 170 340 461 a
1 2 4 6 12 24 48 49 73 97 194 267 461 b
1 2 4 6 12 24 48 49 73 97 194 388 461 b
1 2 4 6 12 24 48 49 73 121 170 291 461 b
1 2 4 6 12 24 48 49 73 121 170 340 461 b
1 2 4 6 12 24 48 49 73 121 194 267 461 b
1 2 4 6 12 24 48 49 73 121 194 388 461 b
1 2 4 6 12 24 48 49 73 146 194 267 461 b
1 2 4 6 12 24 48 49 73 146 194 388 461 b
1 2 4 6 12 24 48 49 97 103 206 255 461 b
1 2 4 6 12 24 48 49 97 103 206 412 461 b
1 2 4 6 12 24 48 49 97 109 206 255 461 b
1 2 4 6 12 24 48 49 97 109 206 412 461 b
1 2 4 6 12 24 48 49 97 121 170 291 461 b
1 2 4 6 12 24 48 49 97 121 170 340 461 b
1 2 4 6 12 24 48 49 97 194 206 255 461 b
1 2 4 6 12 24 48 49 97 194 206 412 461 b
1 2 4 6 12 24 48 49 97 194 218 243 461 a
1 2 4 6 12 24 48 49 97 194 218 267 461 b
1 2 4 6 12 24 48 49 97 194 218 412 461 b
1 2 4 6 12 24 48 49 97 194 243 267 461 b
1 2 4 6 12 24 48 49 97 194 243 437 461 b
1 2 4 6 12 24 48 49 97 194 388 412 461 b
1 2 4 6 12 24 48 49 97 194 388 437 461 b
1 2 4 6 12 24 48 72 73 97 194 267 461 b
1 2 4 6 12 24 48 72 73 97 194 388 461 b
1 2 4 6 12 24 48 72 73 121 194 267 461 b
1 2 4 6 12 24 48 72 73 121 194 388 461 b
1 2 4 6 12 24 48 72 73 146 194 267 461 b
1 2 4 6 12 24 48 72 73 146 194 388 461 b
1 2 4 8 9 13 14 28 56 112 224 237 461 b
1 2 4 8 9 13 14 28 56 112 224 448 461 b
1 2 4 8 9 13 15 28 56 112 224 237 461 b
1 2 4 8 9 13 15 28 56 112 224 448 461 b
1 2 4 8 9 13 21 34 55 110 220 241 461 b
1 2 4 8 9 13 21 34 55 110 220 440 461 b
1 2 4 8 9 13 21 42 55 110 220 241 461 b
1 2 4 8 9 13 21 42 55 110 220 440 461 b
1 2 4 8 9 13 22 44 57 101 202 259 461 b
1 2 4 8 9 13 22 44 57 101 202 404 461 b
1 2 4 8 9 13 26 28 56 112 224 237 461 b
1 2 4 8 9 13 26 28 56 112 224 448 461 b
1 2 4 8 9 13 26 30 56 112 224 237 461 b
1 2 4 8 9 13 26 30 56 112 224 448 461 b
1 2 4 8 9 13 26 52 56 112 224 237 461 b
1 2 4 8 9 13 26 52 56 112 224 448 461 b
1 2 4 8 9 13 26 52 60 112 224 237 461 b
1 2 4 8 9 13 26 52 60 112 224 448 461 b
1 2 4 8 9 13 26 52 61 113 174 287 461 b
1 2 4 8 9 13 26 52 61 113 174 348 461 b
1 2 4 8 9 13 26 52 61 113 226 235 461 b
1 2 4 8 9 13 26 52 61 113 226 452 461 b
1 2 4 8 9 13 26 52 104 112 224 237 461 b
1 2 4 8 9 13 26 52 104 112 224 448 461 b
1 2 4 8 9 13 26 52 104 113 226 235 461 b
1 2 4 8 9 13 26 52 104 113 226 452 461 b
1 2 4 8 9 16 25 29 54 108 216 245 461 a
1 2 4 8 9 16 25 29 54 108 216 432 461 a
1 2 4 8 9 16 25 50 59 109 218 243 461 a
1 2 4 8 9 16 25 50 59 109 218 436 461 a
1 2 4 8 9 16 25 50 100 109 218 243 461 a
1 2 4 8 9 16 25 50 100 109 218 436 461 a
1 2 4 8 9 16 32 41 64 105 210 251 461 a
1 2 4 8 9 16 32 41 64 105 210 420 461 a
1 2 4 8 9 16 32 41 73 105 178 283 461 a
1 2 4 8 9 16 32 41 73 105 178 356 461 a
1 2 4 8 9 16 32 41 73 105 210 251 461 a
1 2 4 8 9 16 32 41 73 105 210 420 461 a
1 2 4 8 9 16 32 64 73 105 178 283 461 a
1 2 4 8 9 16 32 64 73 105 178 356 461 a
1 2 4 8 9 17 21 34 55 110 220 241 461 a
1 2 4 8 9 17 21 34 55 110 220 440 461 a
1 2 4 8 9 17 21 38 55 110 220 241 461 b
1 2 4 8 9 17 21 38 55 110 220 440 461 b
1 2 4 8 9 17 25 29 54 108 216 245 461 b
1 2 4 8 9 17 25 29 54 108 216 432 461 b
1 2 4 8 9 17 25 42 67 109 176 285 461 b
1 2 4 8 9 17 25 42 67 109 176 352 461 b
1 2 4 8 9 17 25 42 67 109 218 243 461 b
1 2 4 8 9 17 25 42 67 109 218 436 461 b
1 2 4 8 9 17 25 42 84 109 218 243 461 b
1 2 4 8 9 17 25 42 84 109 218 436 461 b
1 2 4 8 9 17 25 50 59 109 218 243 461 b
1 2 4 8 9 17 25 50 59 109 218 436 461 b
1 2 4 8 9 17 25 50 100 109 218 243 461 b
1 2 4 8 9 17 25 50 100 109 218 436 461 b
1 2 4 8 9 17 26 52 61 113 174 287 461 b
1 2 4 8 9 17 26 52 61 113 174 348 461 b
1 2 4 8 9 17 26 52 61 113 226 235 461 b
1 2 4 8 9 17 26 52 61 113 226 452 461 b
1 2 4 8 9 17 26 52 104 113 226 235 461 b
1 2 4 8 9 17 26 52 104 113 226 452 461 b
1 2 4 8 9 17 34 43 68 111 222 239 461 a
1 2 4 8 9 17 34 43 68 111 222 444 461 a
1 2 4 8 9 17 34 43 77 111 222 239 461 b
1 2 4 8 9 17 34 43 77 111 222 444 461 b
1 2 4 8 9 17 34 51 53 102 204 257 461 a
1 2 4 8 9 17 34 51 53 102 204 408 461 a
1 2 4 8 9 17 34 51 60 111 222 239 461 b
1 2 4 8 9 17 34 51 60 111 222 444 461 b
1 2 4 8 9 17 34 51 85 94 188 273 461 b
1 2 4 8 9 17 34 51 85 94 188 376 461 b
1 2 4 8 9 17 34 51 102 103 205 256 461 b
1 2 4 8 9 17 34 51 102 103 205 410 461 b
1 2 4 8 9 17 34 51 102 111 222 239 461 b
1 2 4 8 9 17 34 51 102 111 222 444 461 b
1 2 4 8 9 17 34 51 102 153 154 307 461 b
1 2 4 8 9 17 34 51 102 153 154 308 461 b
1 2 4 8 9 17 34 51 102 153 155 306 461 a
1 2 4 8 9 17 34 51 102 153 155 308 461 b
1 2 4 8 9 17 34 51 102 153 306 308 461 b
1 2 4 8 9 17 34 51 102 153 306 459 461 b
1 2 4 8 9 17 34 51 102 204 205 256 461 b
1 2 4 8 9 17 34 51 102 204 205 410 461 b
1 2 4 8 9 17 34 51 102 204 206 255 461 a
1 2 4 8 9 17 34 51 102 204 206 257 461 b
1 2 4 8 9 17 34 51 102 204 206 410 461 b
1 2 4 8 9 17 34 51 102 204 255 257 461 b
1 2 4 8 9 17 34 51 102 204 255 459 461 b
1 2 4 8 9 17 34 51 102 204 408 410 461 b
1 2 4 8 9 17 34 51 102 204 408 459 461 b
1 2 4 8 9 17 34 68 77 111 222 239 461 b
1 2 4 8 9 17 34 68 77 111 222 444 461 b
1 2 4 8 9 17 34 68 77 145 222 239 461 b
1 2 4 8 9 17 34 68 77 145 222 444 461 b
1 2 4 8 9 17 34 68 77 154 222 239 461 b
1 2 4 8 9 17 34 68 77 154 222 444 461 b
1 2 4 8 9 17 34 68 85 94 188 273 461 b
1 2 4 8 9 17 34 68 85 94 188 376 461 b
1 2 4 8 9 17 34 68 85 153 154 307 461 b
1 2 4 8 9 17 34 68 85 153 154 308 461 b
1 2 4 8 9 17 34 68 85 153 155 306 461 a
1 2 4 8 9 17 34 68 85 153 155 308 461 b
1 2 4 8 9 17 34 68 85 153 306 308 461 b
1 2 4 8 9 17 34 68 85 153 306 459 461 b
1 2 4 8 9 17 34 68 102 111 222 239 461 b
1 2 4 8 9 17 34 68 102 111 222 444 461 b
1 2 4 8 9 17 34 68 136 153 154 307 461 b
1 2 4 8 9 17 34 68 136 153 154 308 461 b
1 2 4 8 9 17 34 68 136 153 155 306 461 a
1 2 4 8 9 17 34 68 136 153 155 308 461 b
1 2 4 8 9 17 34 68 136 153 306 308 461 b
1 2 4 8 9 17 34 68 136 153 306 459 461 b
1 2 4 8 9 18 26 52 61 113 174 287 461 b
1 2 4 8 9 18 26 52 61 113 174 348 461 b
1 2 4 8 9 18 26 52 61 113 226 235 461 b
1 2 4 8 9 18 26 52 61 113 226 452 461 b
1 2 4 8 9 18 26 52 104 113 226 235 461 b
1 2 4 8 9 18 26 52 104 113 226 452 461 b
1 2 4 8 9 18 26 52 104 122 226 235 461 b
1 2 4 8 9 18 26 52 104 122 226 452 461 b
1 2 4 8 9 18 26 52 104 208 226 235 461 b
1 2 4 8 9 18 26 52 104 208 226 452 461 b
1 2 4 8 9 18 27 29 54 108 216 245 461 a
1 2 4 8 9 18 27 29 54 108 216 432 461 a
1 2 4 8 9 18 27 54 108 109 217 244 461 b
1 2 4 8 9 18 27 54 108 109 217 434 461 b
1 2 4 8 9 18 27 54 108 216 217 244 461 b
1 2 4 8 9 18 27 54 108 216 217 434 461 b
1 2 4 8 9 18 27 54 108 216 218 243 461 a
1 2 4 8 9 18 27 54 108 216 218 245 461 b
1 2 4 8 9 18 27 54 108 216 218 434 461 b
1 2 4 8 9 18 27 54 108 216 243 245 461 b
1 2 4 8 9 18 27 54 108 216 243 459 461 b
1 2 4 8 9 18 27 54 108 216 432 434 461 b
1 2 4 8 9 18 27 54 108 216 432 459 461 b
1 2 4 8 9 18 36 72 81 153 154 307 461 b
1 2 4 8 9 18 36 72 81 153 154 308 461 b
1 2 4 8 9 18 36 72 81 153 155 306 461 a
1 2 4 8 9 18 36 72 81 153 155 308 461 b
1 2 4 8 9 18 36 72 81 153 306 308 461 b
1 2 4 8 9 18 36 72 81 153 306 459 461 b
1 2 4 8 9 18 36 72 144 153 154 307 461 b
1 2 4 8 9 18 36 72 144 153 154 308 461 b
1 2 4 8 9 18 36 72 144 153 155 306 461 a
1 2 4 8 9 18 36 72 144 153 155 308 461 b
1 2 4 8 9 18 36 72 144 153 306 308 461 b
1 2 4 8 9 18 36 72 144 153 306 459 461 b
1 2 4 8 10 18 28 46 92 93 184 277 461 a
1 2 4 8 10 18 28 46 92 93 184 368 461 a
1 2 4 8 10 18 28 46 92 138 230 231 461 b
1 2 4 8 10 18 28 46 92 138 230 460 461 b
1 2 4 8 10 18 28 46 92 184 185 276 461 a
1 2 4 8 10 18 28 46 92 184 185 277 461 b
1 2 4 8 10 18 28 46 92 184 185 369 461 b
1 2 4 8 10 18 28 46 92 184 230 231 461 b
1 2 4 8 10 18 28 46 92 184 230 460 461 b
1 2 4 8 10 18 28 46 92 184 276 277 461 b
1 2 4 8 10 18 28 46 92 184 276 460 461 b
1 2 4 8 10 18 28 46 92 184 368 369 461 b
1 2 4 8 10 18 28 46 92 184 368 460 461 b
1 2 4 8 10 18 36 46 92 93 184 277 461 a
1 2 4 8 10 18 36 46 92 93 184 368 461 a
1 2 4 8 10 18 36 46 92 138 230 231 461 b
1 2 4 8 10 18 36 46 92 138 230 460 461 b
1 2 4 8 10 18 36 46 92 184 185 276 461 a
1 2 4 8 10 18 36 46 92 184 185 277 461 b
1 2 4 8 10 18 36 46 92 184 185 369 461 b
1 2 4 8 10 18 36 46 92 184 230 231 461 b
1 2 4 8 10 18 36 46 92 184 230 460 461 b
1 2 4 8 10 18 36 46 92 184 276 277 461 b
1 2 4 8 10 18 36 46 92 184 276 460 461 b
1 2 4 8 10 18 36 46 92 184 368 369 461 b
1 2 4 8 10 18 36 46 92 184 368 460 461 b
1 2 4 8 10 20 30 50 100 130 230 231 461 b
1 2 4 8 10 20 30 50 100 130 230 460 461 b
1 2 4 8 10 20 30 50 100 200 230 231 461 b
1 2 4 8 10 20 30 50 100 200 230 460 461 b
1 2 4 8 10 20 40 50 90 140 230 231 461 b
1 2 4 8 10 20 40 50 90 140 230 460 461 b
1 2 4 8 10 20 40 50 90 180 230 231 461 b
1 2 4 8 10 20 40 50 90 180 230 460 461 b
1 2 4 8 10 20 40 60 61 100 200 261 461 a
1 2 4 8 10 20 40 60 61 100 200 400 461 a
1 2 4 8 10 20 40 60 100 200 201 260 461 a
1 2 4 8 10 20 40 60 100 200 201 261 461 b
1 2 4 8 10 20 40 60 100 200 201 401 461 b
1 2 4 8 10 20 40 60 100 200 260 261 461 b
1 2 4 8 10 20 40 60 100 200 260 460 461 b
1 2 4 8 10 20 40 60 100 200 400 401 461 b
1 2 4 8 10 20 40 60 100 200 400 460 461 b
1 2 4 8 10 20 40 80 100 101 180 281 461 a
1 2 4 8 10 20 40 80 100 101 180 360 461 a
1 2 4 8 10 20 40 80 100 180 181 280 461 a
1 2 4 8 10 20 40 80 100 180 181 281 461 b
1 2 4 8 10 20 40 80 100 180 181 361 461 b
1 2 4 8 10 20 40 80 100 180 280 281 461 b
1 2 4 8 10 20 40 80 100 180 280 460 461 b
1 2 4 8 10 20 40 80 100 180 360 361 461 b
1 2 4 8 10 20 40 80 100 180 360 460 461 b
1 2 4 8 12 13 14 28 56 112 224 237 461 b
1 2 4 8 12 13 14 28 56 112 224 448 461 b
1 2 4 8 12 13 15 28 56 112 224 237 461 b
1 2 4 8 12 13 15 28 56 112 224 448 461 b
1 2 4 8 12 13 16 28 56 112 224 237 461 a
1 2 4 8 12 13 16 28 56 112 224 448 461 a
1 2 4 8 12 13 20 28 56 112 224 237 461 a
1 2 4 8 12 13 20 28 56 112 224 448 461 a
1 2 4 8 12 13 21 34 55 110 220 241 461 b
1 2 4 8 12 13 21 34 55 110 220 440 461 b
1 2 4 8 12 13 21 42 55 110 220 241 461 b
1 2 4 8 12 13 21 42 55 110 220 440 461 b
1 2 4 8 12 13 24 28 56 112 224 237 461 a
1 2 4 8 12 13 24 28 56 112 224 448 461 a
1 2 4 8 12 13 24 32 56 112 224 237 461 a
1 2 4 8 12 13 24 32 56 112 224 448 461 a
1 2 4 8 12 13 24 48 56 112 224 237 461 a
1 2 4 8 12 13 24 48 56 112 224 448 461 a
1 2 4 8 12 13 25 29 54 108 216 245 461 b
1 2 4 8 12 13 25 29 54 108 216 432 461 b
1 2 4 8 12 13 25 50 62 112 224 237 461 b
1 2 4 8 12 13 25 50 62 112 224 448 461 b
1 2 4 8 12 13 25 50 100 112 224 237 461 b
1 2 4 8 12 13 25 50 100 112 224 448 461 b
1 2 4 8 12 13 26 28 56 112 224 237 461 b
1 2 4 8 12 13 26 28 56 112 224 448 461 b
1 2 4 8 12 13 26 30 56 112 224 237 461 b
1 2 4 8 12 13 26 30 56 112 224 448 461 b
1 2 4 8 12 13 26 52 56 112 224 237 461 b
1 2 4 8 12 13 26 52 56 112 224 448 461 b
1 2 4 8 12 13 26 52 60 112 224 237 461 b
1 2 4 8 12 13 26 52 60 112 224 448 461 b
1 2 4 8 12 13 26 52 104 112 224 237 461 b
1 2 4 8 12 13 26 52 104 112 224 448 461 b
1 2 4 8 12 14 28 56 112 224 225 236 461 a
1 2 4 8 12 14 28 56 112 224 225 237 461 b
1 2 4 8 12 14 28 56 112 224 225 449 461 b
1 2 4 8 12 14 28 56 112 224 236 237 461 b
1 2 4 8 12 14 28 56 112 224 236 460 461 b
1 2 4 8 12 14 28 56 112 224 448 449 461 b
1 2 4 8 12 14 28 56 112 224 448 460 461 b
1 2 4 8 12 16 28 56 112 224 225 236 461 a
1 2 4 8 12 16 28 56 112 224 225 237 461 b
1 2 4 8 12 16 28 56 112 224 225 449 461 b
1 2 4 8 12 16 28 56 112 224 236 237 461 b
1 2 4 8 12 16 28 56 112 224 236 460 461 b
1 2 4 8 12 16 28 56 112 224 448 449 461 b
1 2 4 8 12 16 28 56 112 224 448 460 461 b
1 2 4 8 12 20 28 56 112 224 225 236 461 a
1 2 4 8 12 20 28 56 112 224 225 237 461 b
1 2 4 8 12 20 28 56 112 224 225 449 461 b
1 2 4 8 12 20 28 56 112 224 236 237 461 b
1 2 4 8 12 20 28 56 112 224 236 460 461 b
1 2 4 8 12 20 28 56 112 224 448 449 461 b
1 2 4 8 12 20 28 56 112 224 448 460 461 b
1 2 4 8 12 20 40 52 92 93 184 277 461 a
1 2 4 8 12 20 40 52 92 93 184 368 461 a
1 2 4 8 12 20 40 52 92 184 185 276 461 a
1 2 4 8 12 20 40 52 92 184 185 277 461 b
1 2 4 8 12 20 40 52 92 184 185 369 461 b
1 2 4 8 12 20 40 52 92 184 276 277 461 b
1 2 4 8 12 20 40 52 92 184 276 460 461 b
1 2 4 8 12 20 40 52 92 184 368 369 461 b
1 2 4 8 12 20 40 52 92 184 368 460 461 b
1 2 4 8 12 20 40 60 61 100 200 261 461 a
1 2 4 8 12 20 40 60 61 100 200 400 461 a
1 2 4 8 12 20 40 60 100 200 201 260 461 a
1 2 4 8 12 20 40 60 100 200 201 261 461 b
1 2 4 8 12 20 40 60 100 200 201 401 461 b
1 2 4 8 12 20 40 60 100 200 260 261 461 b
1 2 4 8 12 20 40 60 100 200 260 460 461 b
1 2 4 8 12 20 40 60 100 200 400 401 461 b
1 2 4 8 12 20 40 60 100 200 400 460 461 b
1 2 4 8 12 20 40 80 92 93 184 277 461 a
1 2 4 8 12 20 40 80 92 93 184 368 461 a
1 2 4 8 12 20 40 80 92 184 185 276 461 a
1 2 4 8 12 20 40 80 92 184 185 277 461 b
1 2 4 8 12 20 40 80 92 184 185 369 461 b
1 2 4 8 12 20 40 80 92 184 276 277 461 b
1 2 4 8 12 20 40 80 92 184 276 460 461 b
1 2 4 8 12 20 40 80 92 184 368 369 461 b
1 2 4 8 12 20 40 80 92 184 368 460 461 b
1 2 4 8 12 20 40 80 100 101 180 281 461 a
1 2 4 8 12 20 40 80 100 101 180 360 461 a
1 2 4 8 12 20 40 80 100 180 181 280 461 a
1 2 4 8 12 20 40 80 100 180 181 281 461 b
1 2 4 8 12 20 40 80 100 180 181 361 461 b
1 2 4 8 12 20 40 80 100 180 280 281 461 b
1 2 4 8 12 20 40 80 100 180 280 460 461 b
1 2 4 8 12 20 40 80 100 180 360 361 461 b
1 2 4 8 12 20 40 80 100 180 360 460 461 b
1 2 4 8 12 24 25 29 54 108 216 245 461 b
1 2 4 8 12 24 25 29 54 108 216 432 461 b
1 2 4 8 12 24 25 48 73 97 194 267 461 a
1 2 4 8 12 24 25 48 73 97 194 388 461 a
1 2 4 8 12 24 25 48 73 121 194 267 461 a
1 2 4 8 12 24 25 48 73 121 194 388 461 a
1 2 4 8 12 24 25 48 73 146 194 267 461 a
1 2 4 8 12 24 25 48 73 146 194 388 461 a
1 2 4 8 12 24 25 49 53 102 204 257 461 b
1 2 4 8 12 24 25 49 53 102 204 408 461 b
1 2 4 8 12 24 25 49 73 97 194 267 461 b
1 2 4 8 12 24 25 49 73 97 194 388 461 b
1 2 4 8 12 24 28 56 112 224 225 236 461 a
1 2 4 8 12 24 28 56 112 224 225 237 461 b
1 2 4 8 12 24 28 56 112 224 225 449 461 b
1 2 4 8 12 24 28 56 112 224 236 237 461 b
1 2 4 8 12 24 28 56 112 224 236 460 461 b
1 2 4 8 12 24 28 56 112 224 448 449 461 b
1 2 4 8 12 24 28 56 112 224 448 460 461 b
1 2 4 8 12 24 32 56 112 224 225 236 461 a
1 2 4 8 12 24 32 56 112 224 225 237 461 b
1 2 4 8 12 24 32 56 112 224 225 449 461 b
1 2 4 8 12 24 32 56 112 224 236 237 461 b
1 2 4 8 12 24 32 56 112 224 236 460 461 b
1 2 4 8 12 24 32 56 112 224 448 449 461 b
1 2 4 8 12 24 32 56 112 224 448 460 461 b
1 2 4 8 12 24 36 37 73 97 194 267 461 b
1 2 4 8 12 24 36 37 73 97 194 388 461 b
1 2 4 8 12 24 36 72 73 97 194 267 461 b
1 2 4 8 12 24 36 72 73 97 194 388 461 b
1 2 4 8 12 24 48 49 53 102 204 257 461 b
1 2 4 8 12 24 48 49 53 102 204 408 461 b
1 2 4 8 12 24 48 49 72 121 170 291 461 a
1 2 4 8 12 24 48 49 72 121 170 340 461 a
1 2 4 8 12 24 48 49 73 97 194 267 461 b
1 2 4 8 12 24 48 49 73 97 194 388 461 b
1 2 4 8 12 24 48 49 73 121 170 291 461 b
1 2 4 8 12 24 48 49 73 121 170 340 461 b
1 2 4 8 12 24 48 49 73 121 194 267 461 b
1 2 4 8 12 24 48 49 73 121 194 388 461 b
1 2 4 8 12 24 48 49 73 146 194 267 461 b
1 2 4 8 12 24 48 49 73 146 194 388 461 b
1 2 4 8 12 24 48 49 97 109 206 255 461 b
1 2 4 8 12 24 48 49 97 109 206 412 461 b
1 2 4 8 12 24 48 49 97 121 170 291 461 b
1 2 4 8 12 24 48 49 97 121 170 340 461 b
1 2 4 8 12 24 48 49 97 194 206 255 461 b
1 2 4 8 12 24 48 49 97 194 206 412 461 b
1 2 4 8 12 24 48 49 97 194 218 243 461 a
1 2 4 8 12 24 48 49 97 194 218 267 461 b
1 2 4 8 12 24 48 49 97 194 218 412 461 b
1 2 4 8 12 24 48 49 97 194 243 267 461 b
1 2 4 8 12 24 48 49 97 194 243 437 461 b
1 2 4 8 12 24 48 49 97 194 388 412 461 b
1 2 4 8 12 24 48 49 97 194 388 437 461 b
1 2 4 8 12 24 48 56 112 224 225 236 461 a
1 2 4 8 12 24 48 56 112 224 225 237 461 b
1 2 4 8 12 24 48 56 112 224 225 449 461 b
1 2 4 8 12 24 48 56 112 224 236 237 461 b
1 2 4 8 12 24 48 56 112 224 236 460 461 b
1 2 4 8 12 24 48 56 112 224 448 449 461 b
1 2 4 8 12 24 48 56 112 224 448 460 461 b
1 2 4 8 12 24 48 72 73 97 194 267 461 b
1 2 4 8 12 24 48 72 73 97 194 388 461 b
1 2 4 8 12 24 48 72 73 121 194 267 461 b
1 2 4 8 12 24 48 72 73 121 194 388 461 b
1 2 4 8 12 24 48 72 73 146 194 267 461 b
1 2 4 8 12 24 48 72 73 146 194 388 461 b
1 2 4 8 16 17 20 37 53 106 212 249 461 a
1 2 4 8 16 17 20 37 53 106 212 424 461 a
1 2 4 8 16 17 20 37 74 111 222 239 461 a
1 2 4 8 16 17 20 37 74 111 222 444 461 a
1 2 4 8 16 17 20 37 74 148 165 296 461 a
1 2 4 8 16 17 20 37 74 148 165 313 461 a
1 2 4 8 16 17 20 37 74 148 222 239 461 a
1 2 4 8 16 17 20 37 74 148 222 444 461 a
1 2 4 8 16 17 20 37 74 148 296 313 461 a
1 2 4 8 16 17 20 37 74 148 296 444 461 a
1 2 4 8 16 17 21 34 55 110 220 241 461 a
1 2 4 8 16 17 21 34 55 110 220 440 461 a
1 2 4 8 16 17 21 37 53 106 212 249 461 b
1 2 4 8 16 17 21 37 53 106 212 424 461 b
1 2 4 8 16 17 21 37 74 111 222 239 461 b
1 2 4 8 16 17 21 37 74 111 222 444 461 b
1 2 4 8 16 17 21 37 74 148 165 296 461 a
1 2 4 8 16 17 21 37 74 148 165 313 461 b
1 2 4 8 16 17 21 37 74 148 222 239 461 b
1 2 4 8 16 17 21 37 74 148 222 444 461 b
1 2 4 8 16 17 21 37 74 148 296 313 461 b
1 2 4 8 16 17 21 37 74 148 296 444 461 b
1 2 4 8 16 17 21 38 55 110 220 241 461 b
1 2 4 8 16 17 21 38 55 110 220 440 461 b
1 2 4 8 16 17 24 41 82 99 181 280 461 a
1 2 4 8 16 17 24 41 82 99 181 362 461 a
1 2 4 8 16 17 25 29 54 108 216 245 461 b
1 2 4 8 16 17 25 29 54 108 216 432 461 b
1 2 4 8 16 17 25 41 82 99 181 280 461 b
1 2 4 8 16 17 25 41 82 99 181 362 461 b
1 2 4 8 16 17 25 42 67 109 176 285 461 b
1 2 4 8 16 17 25 42 67 109 176 352 461 b
1 2 4 8 16 17 25 42 67 109 218 243 461 b
1 2 4 8 16 17 25 42 67 109 218 436 461 b
1 2 4 8 16 17 25 42 84 109 218 243 461 b
1 2 4 8 16 17 25 42 84 109 218 436 461 b
1 2 4 8 16 17 32 49 53 102 204 257 461 a
1 2 4 8 16 17 32 49 53 102 204 408 461 a
1 2 4 8 16 17 32 49 66 115 230 231 461 a
1 2 4 8 16 17 32 49 66 115 230 460 461 a
1 2 4 8 16 17 32 49 98 115 230 231 461 a
1 2 4 8 16 17 32 49 98 115 230 460 461 a
1 2 4 8 16 17 33 37 53 106 212 249 461 b
1 2 4 8 16 17 33 37 53 106 212 424 461 b
1 2 4 8 16 17 33 37 70 107 177 284 461 b
1 2 4 8 16 17 33 37 70 107 177 354 461 b
1 2 4 8 16 17 33 37 70 107 214 247 461 b
1 2 4 8 16 17 33 37 70 107 214 428 461 b
1 2 4 8 16 17 33 37 74 107 214 247 461 b
1 2 4 8 16 17 33 37 74 107 214 428 461 b
1 2 4 8 16 17 33 37 74 111 222 239 461 b
1 2 4 8 16 17 33 37 74 111 222 444 461 b
1 2 4 8 16 17 33 37 74 148 165 296 461 a
1 2 4 8 16 17 33 37 74 148 165 313 461 b
1 2 4 8 16 17 33 37 74 148 222 239 461 b
1 2 4 8 16 17 33 37 74 148 222 444 461 b
1 2 4 8 16 17 33 37 74 148 296 313 461 b
1 2 4 8 16 17 33 37 74 148 296 444 461 b
1 2 4 8 16 17 33 41 66 107 214 247 461 a
1 2 4 8 16 17 33 41 66 107 214 428 461 a
1 2 4 8 16 17 33 41 74 107 214 247 461 b
1 2 4 8 16 17 33 41 74 107 214 428 461 b
1 2 4 8 16 17 33 41 74 115 230 231 461 b
1 2 4 8 16 17 33 41 74 115 230 460 461 b
1 2 4 8 16 17 33 41 74 148 165 296 461 a
1 2 4 8 16 17 33 41 74 148 165 313 461 b
1 2 4 8 16 17 33 41 74 148 222 239 461 b
1 2 4 8 16 17 33 41 74 148 222 444 461 b
1 2 4 8 16 17 33 41 74 148 296 313 461 b
1 2 4 8 16 17 33 41 74 148 296 444 461 b
1 2 4 8 16 17 33 41 82 99 181 280 461 b
1 2 4 8 16 17 33 41 82 99 181 362 461 b
1 2 4 8 16 17 33 41 82 115 230 231 461 b
1 2 4 8 16 17 33 41 82 115 230 460 461 b
1 2 4 8 16 17 33 49 53 102 204 257 461 b
1 2 4 8 16 17 33 49 53 102 204 408 461 b
1 2 4 8 16 17 33 49 66 115 230 231 461 b
1 2 4 8 16 17 33 49 66 115 230 460 461 b
1 2 4 8 16 17 33 49 82 99 181 280 461 b
1 2 4 8 16 17 33 49 82 99 181 362 461 b
1 2 4 8 16 17 33 49 82 115 230 231 461 b
1 2 4 8 16 17 33 49 82 115 230 460 461 b
1 2 4 8 16 17 33 49 98 115 230 231 461 b
1 2 4 8 16 17 33 49 98 115 230 460 461 b
1 2 4 8 16 17 33 66 74 107 214 247 461 b
1 2 4 8 16 17 33 66 74 107 214 428 461 b
1 2 4 8 16 17 33 66 74 140 214 247 461 b
1 2 4 8 16 17 33 66 74 140 214 428 461 b
1 2 4 8 16 17 33 66 74 148 165 296 461 a
1 2 4 8 16 17 33 66 74 148 165 313 461 b
1 2 4 8 16 17 33 66 74 148 214 247 461 b
1 2 4 8 16 17 33 66 74 148 214 428 461 b
1 2 4 8 16 17 33 66 74 148 222 239 461 b
1 2 4 8 16 17 33 66 74 148 222 444 461 b
1 2 4 8 16 17 33 66 74 148 296 313 461 b
1 2 4 8 16 17 33 66 74 148 296 444 461 b
1 2 4 8 16 17 33 66 82 99 181 280 461 b
1 2 4 8 16 17 33 66 82 99 181 362 461 b
1 2 4 8 16 17 33 66 82 115 230 231 461 b
1 2 4 8 16 17 33 66 82 115 230 460 461 b
1 2 4 8 16 17 33 66 82 132 214 247 461 a
1 2 4 8 16 17 33 66 82 132 214 428 461 a
1 2 4 8 16 17 33 66 82 148 165 296 461 a
1 2 4 8 16 17 33 66 82 148 165 313 461 b
1 2 4 8 16 17 33 66 82 148 214 247 461 b
1 2 4 8 16 17 33 66 82 148 214 428 461 b
1 2 4 8 16 17 33 66 82 148 230 231 461 b
1 2 4 8 16 17 33 66 82 148 230 460 461 b
1 2 4 8 16 17 33 66 82 148 296 313 461 b
1 2 4 8 16 17 33 66 82 148 296 444 461 b
1 2 4 8 16 17 33 66 82 164 230 231 461 b
1 2 4 8 16 17 33 66 82 164 230 460 461 b
1 2 4 8 16 17 33 66 99 107 214 247 461 b
1 2 4 8 16 17 33 66 99 107 214 428 461 b
1 2 4 8 16 17 33 66 99 115 181 280 461 b
1 2 4 8 16 17 33 66 99 115 181 362 461 b
1 2 4 8 16 17 33 66 99 115 214 247 461 b
1 2 4 8 16 17 33 66 99 115 214 428 461 b
1 2 4 8 16 17 33 66 99 115 230 231 461 b
1 2 4 8 16 17 33 66 99 115 230 460 461 b
1 2 4 8 16 17 33 66 99 165 181 280 461 b
1 2 4 8 16 17 33 66 99 165 181 362 461 b
1 2 4 8 16 17 33 66 99 198 214 247 461 b
1 2 4 8 16 17 33 66 99 198 214 428 461 b
1 2 4 8 16 17 33 66 132 148 165 296 461 a
1 2 4 8 16 17 33 66 132 148 165 313 461 b
1 2 4 8 16 17 33 66 132 148 181 280 461 a
1 2 4 8 16 17 33 66 132 148 181 313 461 b
1 2 4 8 16 17 33 66 132 148 181 329 461 b
1 2 4 8 16 17 33 66 132 148 214 247 461 b
1 2 4 8 16 17 33 66 132 148 214 428 461 b
1 2 4 8 16 17 33 66 132 148 280 313 461 b
1 2 4 8 16 17 33 66 132 148 280 428 461 b
1 2 4 8 16 17 33 66 132 148 296 313 461 b
1 2 4 8 16 17 33 66 132 148 296 329 461 b
1 2 4 8 16 17 33 66 132 148 296 428 461 b
1 2 4 8 16 17 33 66 132 148 296 444 461 b
1 2 4 8 16 17 33 66 132 198 214 247 461 b
1 2 4 8 16 17 33 66 132 198 214 428 461 b
1 2 4 8 16 17 34 51 53 102 204 257 461 a
1 2 4 8 16 17 34 51 53 102 204 408 461 a
1 2 4 8 16 17 34 51 102 103 205 256 461 b
1 2 4 8 16 17 34 51 102 103 205 410 461 b
1 2 4 8 16 17 34 51 102 153 154 307 461 b
1 2 4 8 16 17 34 51 102 153 154 308 461 b
1 2 4 8 16 17 34 51 102 153 155 306 461 a
1 2 4 8 16 17 34 51 102 153 155 308 461 b
1 2 4 8 16 17 34 51 102 153 306 308 461 b
1 2 4 8 16 17 34 51 102 153 306 459 461 b
1 2 4 8 16 17 34 51 102 204 205 256 461 b
1 2 4 8 16 17 34 51 102 204 205 410 461 b
1 2 4 8 16 17 34 51 102 204 206 255 461 a
1 2 4 8 16 17 34 51 102 204 206 257 461 b
1 2 4 8 16 17 34 51 102 204 206 410 461 b
1 2 4 8 16 17 34 51 102 204 255 257 461 b
1 2 4 8 16 17 34 51 102 204 255 459 461 b
1 2 4 8 16 17 34 51 102 204 408 410 461 b
1 2 4 8 16 17 34 51 102 204 408 459 461 b
1 2 4 8 16 17 34 68 85 153 154 307 461 b
1 2 4 8 16 17 34 68 85 153 154 308 461 b
1 2 4 8 16 17 34 68 85 153 155 306 461 a
1 2 4 8 16 17 34 68 85 153 155 308 461 b
1 2 4 8 16 17 34 68 85 153 306 308 461 b
1 2 4 8 16 17 34 68 85 153 306 459 461 b
1 2 4 8 16 17 34 68 136 153 154 307 461 b
1 2 4 8 16 17 34 68 136 153 154 308 461 b
1 2 4 8 16 17 34 68 136 153 155 306 461 a
1 2 4 8 16 17 34 68 136 153 155 308 461 b
1 2 4 8 16 17 34 68 136 153 306 308 461 b
1 2 4 8 16 17 34 68 136 153 306 459 461 b
1 2 4 8 16 18 19 37 53 106 212 249 461 b
1 2 4 8 16 18 19 37 53 106 212 424 461 b
1 2 4 8 16 18 36 37 53 106 212 249 461 b
1 2 4 8 16 18 36 37 53 106 212 424 461 b
1 2 4 8 16 20 21 37 53 106 212 249 461 b
1 2 4 8 16 20 21 37 53 106 212 424 461 b
1 2 4 8 16 20 36 37 53 106 212 249 461 b
1 2 4 8 16 20 36 37 53 106 212 424 461 b
1 2 4 8 16 20 36 56 92 93 184 277 461 a
1 2 4 8 16 20 36 56 92 93 184 368 461 a
1 2 4 8 16 20 36 56 92 184 185 276 461 a
1 2 4 8 16 20 36 56 92 184 185 277 461 b
1 2 4 8 16 20 36 56 92 184 185 369 461 b
1 2 4 8 16 20 36 56 92 184 276 277 461 b
1 2 4 8 16 20 36 56 92 184 276 460 461 b
1 2 4 8 16 20 36 56 92 184 368 369 461 b
1 2 4 8 16 20 36 56 92 184 368 460 461 b
1 2 4 8 16 20 36 72 92 93 184 277 461 a
1 2 4 8 16 20 36 72 92 93 184 368 461 a
1 2 4 8 16 20 36 72 92 184 185 276 461 a
1 2 4 8 16 20 36 72 92 184 185 277 461 b
1 2 4 8 16 20 36 72 92 184 185 369 461 b
1 2 4 8 16 20 36 72 92 184 276 277 461 b
1 2 4 8 16 20 36 72 92 184 276 460 461 b
1 2 4 8 16 20 36 72 92 184 368 369 461 b
1 2 4 8 16 20 36 72 92 184 368 460 461 b
1 2 4 8 16 20 40 60 61 100 200 261 461 a
1 2 4 8 16 20 40 60 61 100 200 400 461 a
1 2 4 8 16 20 40 60 100 200 201 260 461 a
1 2 4 8 16 20 40 60 100 200 201 261 461 b
1 2 4 8 16 20 40 60 100 200 201 401 461 b
1 2 4 8 16 20 40 60 100 200 260 261 461 b
1 2 4 8 16 20 40 60 100 200 260 460 461 b
1 2 4 8 16 20 40 60 100 200 400 401 461 b
1 2 4 8 16 20 40 60 100 200 400 460 461 b
1 2 4 8 16 20 40 80 100 101 180 281 461 a
1 2 4 8 16 20 40 80 100 101 180 360 461 a
1 2 4 8 16 20 40 80 100 180 181 280 461 a
1 2 4 8 16 20 40 80 100 180 181 281 461 b
1 2 4 8 16 20 40 80 100 180 181 361 461 b
1 2 4 8 16 20 40 80 100 180 280 281 461 b
1 2 4 8 16 20 40 80 100 180 280 460 461 b
1 2 4 8 16 20 40 80 100 180 360 361 461 b
1 2 4 8 16 20 40 80 100 180 360 460 461 b
1 2 4 8 16 24 25 29 54 108 216 245 461 b
1 2 4 8 16 24 25 29 54 108 216 432 461 b
1 2 4 8 16 24 25 48 73 97 194 267 461 a
1 2 4 8 16 24 25 48 73 97 194 388 461 a
1 2 4 8 16 24 25 48 73 121 194 267 461 a
1 2 4 8 16 24 25 48 73 121 194 388 461 a
1 2 4 8 16 24 25 48 73 146 194 267 461 a
1 2 4 8 16 24 25 48 73 146 194 388 461 a
1 2 4 8 16 24 25 49 53 102 204 257 461 b
1 2 4 8 16 24 25 49 53 102 204 408 461 b
1 2 4 8 16 24 25 49 73 97 194 267 461 b
1 2 4 8 16 24 25 49 73 97 194 388 461 b
1 2 4 8 16 24 40 41 64 105 210 251 461 a
1 2 4 8 16 24 40 41 64 105 210 420 461 a
1 2 4 8 16 24 40 41 65 105 210 251 461 b
1 2 4 8 16 24 40 41 65 105 210 420 461 b
1 2 4 8 16 24 40 41 81 105 210 251 461 b
1 2 4 8 16 24 40 41 81 105 210 420 461 b
1 2 4 8 16 24 48 49 53 102 204 257 461 b
1 2 4 8 16 24 48 49 53 102 204 408 461 b
1 2 4 8 16 24 48 49 72 121 170 291 461 a
1 2 4 8 16 24 48 49 72 121 170 340 461 a
1 2 4 8 16 24 48 49 73 97 194 267 461 b
1 2 4 8 16 24 48 49 73 97 194 388 461 b
1 2 4 8 16 24 48 49 73 121 170 291 461 b
1 2 4 8 16 24 48 49 73 121 170 340 461 b
1 2 4 8 16 24 48 49 73 121 194 267 461 b
1 2 4 8 16 24 48 49 73 121 194 388 461 b
1 2 4 8 16 24 48 49 73 146 194 267 461 b
1 2 4 8 16 24 48 49 73 146 194 388 461 b
1 2 4 8 16 24 48 49 97 121 170 291 461 b
1 2 4 8 16 24 48 49 97 121 170 340 461 b
1 2 4 8 16 24 48 49 97 194 218 243 461 a
1 2 4 8 16 24 48 49 97 194 218 267 461 b
1 2 4 8 16 24 48 49 97 194 218 412 461 b
1 2 4 8 16 24 48 49 97 194 243 267 461 b
1 2 4 8 16 24 48 49 97 194 243 437 461 b
1 2 4 8 16 24 48 49 97 194 388 412 461 b
1 2 4 8 16 24 48 49 97 194 388 437 461 b
1 2 4 8 16 24 48 72 73 97 194 267 461 b
1 2 4 8 16 24 48 72 73 97 194 388 461 b
1 2 4 8 16 24 48 72 73 121 194 267 461 b
1 2 4 8 16 24 48 72 73 121 194 388 461 b
1 2 4 8 16 24 48 72 73 146 194 267 461 b
1 2 4 8 16 24 48 72 73 146 194 388 461 b
1 2 4 8 16 32 33 34 65 99 198 263 461 a
1 2 4 8 16 32 33 34 65 99 198 396 461 a
1 2 4 8 16 32 33 37 53 106 212 249 461 b
1 2 4 8 16 32 33 37 53 106 212 424 461 b
1 2 4 8 16 32 33 37 69 106 212 249 461 b
1 2 4 8 16 32 33 37 69 106 212 424 461 b
1 2 4 8 16 32 33 37 70 107 177 284 461 b
1 2 4 8 16 32 33 37 70 107 177 354 461 b
1 2 4 8 16 32 33 37 70 107 214 247 461 b
1 2 4 8 16 32 33 37 70 107 214 428 461 b
1 2 4 8 16 32 33 37 74 106 212 249 461 b
1 2 4 8 16 32 33 37 74 106 212 424 461 b
1 2 4 8 16 32 33 37 74 107 214 247 461 b
1 2 4 8 16 32 33 37 74 107 214 428 461 b
1 2 4 8 16 32 33 40 73 105 178 283 461 a
1 2 4 8 16 32 33 40 73 105 178 356 461 a
1 2 4 8 16 32 33 41 64 105 210 251 461 a
1 2 4 8 16 32 33 41 64 105 210 420 461 a
1 2 4 8 16 32 33 41 66 107 214 247 461 a
1 2 4 8 16 32 33 41 66 107 214 428 461 a
1 2 4 8 16 32 33 41 73 105 178 283 461 b
1 2 4 8 16 32 33 41 73 105 178 356 461 b
1 2 4 8 16 32 33 41 73 105 210 251 461 b
1 2 4 8 16 32 33 41 73 105 210 420 461 b
1 2 4 8 16 32 33 41 74 107 214 247 461 b
1 2 4 8 16 32 33 41 74 107 214 428 461 b
1 2 4 8 16 32 33 41 74 115 230 231 461 b
1 2 4 8 16 32 33 41 74 115 230 460 461 b
1 2 4 8 16 32 33 41 82 115 230 231 461 b
1 2 4 8 16 32 33 41 82 115 230 460 461 b
1 2 4 8 16 32 33 49 53 102 204 257 461 b
1 2 4 8 16 32 33 49 53 102 204 408 461 b
1 2 4 8 16 32 33 49 66 115 230 231 461 a
1 2 4 8 16 32 33 49 66 115 230 460 461 a
1 2 4 8 16 32 33 49 82 115 230 231 461 b
1 2 4 8 16 32 33 49 82 115 230 460 461 b
1 2 4 8 16 32 33 65 66 99 198 263 461 b
1 2 4 8 16 32 33 65 66 99 198 396 461 b
1 2 4 8 16 32 33 65 66 132 197 264 461 a
1 2 4 8 16 32 33 65 66 132 197 329 461 b
1 2 4 8 16 32 33 65 66 132 198 263 461 b
1 2 4 8 16 32 33 65 66 132 198 396 461 b
1 2 4 8 16 32 33 65 66 132 264 329 461 b
1 2 4 8 16 32 33 65 66 132 264 396 461 b
1 2 4 8 16 32 33 65 67 99 198 263 461 b
1 2 4 8 16 32 33 65 67 99 198 396 461 b
1 2 4 8 16 32 33 65 67 130 197 264 461 a
1 2 4 8 16 32 33 65 67 130 197 394 461 a
1 2 4 8 16 32 33 65 67 132 197 264 461 b
1 2 4 8 16 32 33 65 67 132 197 329 461 b
1 2 4 8 16 32 33 65 67 132 197 394 461 b
1 2 4 8 16 32 33 65 67 132 264 329 461 b
1 2 4 8 16 32 33 65 67 132 264 396 461 b
1 2 4 8 16 32 33 65 69 98 196 265 461 a
1 2 4 8 16 32 33 65 69 98 196 392 461 a
1 2 4 8 16 32 33 65 73 97 194 267 461 a
1 2 4 8 16 32 33 65 73 97 194 388 461 a
1 2 4 8 16 32 33 65 73 105 178 283 461 b
1 2 4 8 16 32 33 65 73 105 178 356 461 b
1 2 4 8 16 32 33 65 97 99 198 263 461 b
1 2 4 8 16 32 33 65 97 99 198 396 461 b
1 2 4 8 16 32 33 65 97 101 198 263 461 b
1 2 4 8 16 32 33 65 97 101 198 396 461 b
1 2 4 8 16 32 33 65 97 194 198 263 461 b
1 2 4 8 16 32 33 65 97 194 198 396 461 b
1 2 4 8 16 32 33 65 97 194 202 259 461 a
1 2 4 8 16 32 33 65 97 194 202 267 461 b
1 2 4 8 16 32 33 65 97 194 202 396 461 b
1 2 4 8 16 32 33 65 97 194 259 267 461 b
1 2 4 8 16 32 33 65 97 194 259 453 461 b
1 2 4 8 16 32 33 65 97 194 388 396 461 b
1 2 4 8 16 32 33 65 97 194 388 453 461 b
1 2 4 8 16 32 33 65 98 99 198 263 461 b
1 2 4 8 16 32 33 65 98 99 198 396 461 b
1 2 4 8 16 32 33 65 98 100 198 263 461 b
1 2 4 8 16 32 33 65 98 100 198 396 461 b
1 2 4 8 16 32 33 65 98 196 198 263 461 b
1 2 4 8 16 32 33 65 98 196 198 396 461 b
1 2 4 8 16 32 33 65 98 196 200 261 461 a
1 2 4 8 16 32 33 65 98 196 200 265 461 b
1 2 4 8 16 32 33 65 98 196 200 396 461 b
1 2 4 8 16 32 33 65 98 196 261 265 461 b
1 2 4 8 16 32 33 65 98 196 261 457 461 b
1 2 4 8 16 32 33 65 98 196 392 396 461 b
1 2 4 8 16 32 33 65 98 196 392 457 461 b
1 2 4 8 16 32 33 65 130 132 197 264 461 a
1 2 4 8 16 32 33 65 130 132 197 329 461 b
1 2 4 8 16 32 33 65 130 132 264 329 461 b
1 2 4 8 16 32 33 65 130 132 264 396 461 b
1 2 4 8 16 32 33 66 74 107 214 247 461 b
1 2 4 8 16 32 33 66 74 107 214 428 461 b
1 2 4 8 16 32 33 66 74 140 214 247 461 b
1 2 4 8 16 32 33 66 74 140 214 428 461 b
1 2 4 8 16 32 33 66 74 148 214 247 461 b
1 2 4 8 16 32 33 66 74 148 214 428 461 b
1 2 4 8 16 32 33 66 82 99 181 280 461 a
1 2 4 8 16 32 33 66 82 99 181 362 461 a
1 2 4 8 16 32 33 66 82 115 230 231 461 b
1 2 4 8 16 32 33 66 82 115 230 460 461 b
1 2 4 8 16 32 33 66 82 132 214 247 461 a
1 2 4 8 16 32 33 66 82 132 214 428 461 a
1 2 4 8 16 32 33 66 82 148 214 247 461 b
1 2 4 8 16 32 33 66 82 148 214 428 461 b
1 2 4 8 16 32 33 66 82 148 230 231 461 b
1 2 4 8 16 32 33 66 82 148 230 460 461 b
1 2 4 8 16 32 33 66 82 164 230 231 461 b
1 2 4 8 16 32 33 66 82 164 230 460 461 b
1 2 4 8 16 32 33 66 98 132 230 231 461 a
1 2 4 8 16 32 33 66 98 132 230 460 461 a
1 2 4 8 16 32 33 66 98 164 230 231 461 b
1 2 4 8 16 32 33 66 98 164 230 460 461 b
1 2 4 8 16 32 33 66 99 107 214 247 461 b
1 2 4 8 16 32 33 66 99 107 214 428 461 b
1 2 4 8 16 32 33 66 99 115 181 280 461 b
1 2 4 8 16 32 33 66 99 115 181 362 461 b
1 2 4 8 16 32 33 66 99 115 214 247 461 b
1 2 4 8 16 32 33 66 99 115 214 428 461 b
1 2 4 8 16 32 33 66 99 115 230 231 461 b
1 2 4 8 16 32 33 66 99 115 230 460 461 b
1 2 4 8 16 32 33 66 99 131 165 296 461 a
1 2 4 8 16 32 33 66 99 131 165 330 461 a
1 2 4 8 16 32 33 66 99 131 230 231 461 b
1 2 4 8 16 32 33 66 99 131 230 460 461 b
1 2 4 8 16 32 33 66 99 165 181 280 461 b
1 2 4 8 16 32 33 66 99 165 181 362 461 b
1 2 4 8 16 32 33 66 99 165 197 264 461 a
1 2 4 8 16 32 33 66 99 165 197 296 461 b
1 2 4 8 16 32 33 66 99 165 197 362 461 b
1 2 4 8 16 32 33 66 99 165 264 296 461 b
1 2 4 8 16 32 33 66 99 165 264 429 461 b
1 2 4 8 16 32 33 66 99 165 330 362 461 b
1 2 4 8 16 32 33 66 99 165 330 429 461 b
1 2 4 8 16 32 33 66 99 198 214 247 461 b
1 2 4 8 16 32 33 66 99 198 214 428 461 b
1 2 4 8 16 32 33 66 99 198 230 231 461 b
1 2 4 8 16 32 33 66 99 198 230 263 461 b
1 2 4 8 16 32 33 66 99 198 230 428 461 b
1 2 4 8 16 32 33 66 99 198 230 460 461 b
1 2 4 8 16 32 33 66 99 198 231 263 461 b
1 2 4 8 16 32 33 66 99 198 231 429 461 b
1 2 4 8 16 32 33 66 99 198 396 428 461 b
1 2 4 8 16 32 33 66 99 198 396 429 461 b
1 2 4 8 16 32 33 66 132 133 164 297 461 a
1 2 4 8 16 32 33 66 132 133 164 328 461 a
1 2 4 8 16 32 33 66 132 148 165 296 461 a
1 2 4 8 16 32 33 66 132 148 165 313 461 a
1 2 4 8 16 32 33 66 132 148 181 280 461 a
1 2 4 8 16 32 33 66 132 148 181 313 461 b
1 2 4 8 16 32 33 66 132 148 181 329 461 b
1 2 4 8 16 32 33 66 132 148 214 247 461 b
1 2 4 8 16 32 33 66 132 148 214 428 461 b
1 2 4 8 16 32 33 66 132 148 280 313 461 b
1 2 4 8 16 32 33 66 132 148 280 428 461 b
1 2 4 8 16 32 33 66 132 148 296 329 461 b
1 2 4 8 16 32 33 66 132 148 296 428 461 b
1 2 4 8 16 32 33 66 132 164 165 296 461 a
1 2 4 8 16 32 33 66 132 164 165 297 461 b
1 2 4 8 16 32 33 66 132 164 165 329 461 b
1 2 4 8 16 32 33 66 132 164 197 264 461 a
1 2 4 8 16 32 33 66 132 164 197 329 461 b
1 2 4 8 16 32 33 66 132 164 230 231 461 b
1 2 4 8 16 32 33 66 132 164 230 460 461 b
1 2 4 8 16 32 33 66 132 164 264 297 461 a
1 2 4 8 16 32 33 66 132 164 264 428 461 a
1 2 4 8 16 32 33 66 132 164 296 297 461 b
1 2 4 8 16 32 33 66 132 164 296 329 461 b
1 2 4 8 16 32 33 66 132 164 296 428 461 b
1 2 4 8 16 32 33 66 132 164 296 460 461 b
1 2 4 8 16 32 33 66 132 164 328 329 461 b
1 2 4 8 16 32 33 66 132 164 328 460 461 b
1 2 4 8 16 32 33 66 132 165 197 264 461 a
1 2 4 8 16 32 33 66 132 165 197 329 461 b
1 2 4 8 16 32 33 66 132 165 264 296 461 a
1 2 4 8 16 32 33 66 132 165 264 429 461 a
1 2 4 8 16 32 33 66 132 165 297 329 461 b
1 2 4 8 16 32 33 66 132 165 297 429 461 b
1 2 4 8 16 32 33 66 132 198 214 247 461 b
1 2 4 8 16 32 33 66 132 198 214 428 461 b
1 2 4 8 16 32 33 66 132 198 230 231 461 b
1 2 4 8 16 32 33 66 132 198 230 263 461 b
1 2 4 8 16 32 33 66 132 198 230 428 461 b
1 2 4 8 16 32 33 66 132 198 230 460 461 b
1 2 4 8 16 32 33 66 132 198 231 263 461 b
1 2 4 8 16 32 33 66 132 198 231 429 461 b
1 2 4 8 16 32 33 66 132 198 396 428 461 b
1 2 4 8 16 32 33 66 132 198 396 429 461 b
1 2 4 8 16 32 33 66 132 264 296 329 461 b
1 2 4 8 16 32 33 66 132 264 296 428 461 b
1 2 4 8 16 32 33 66 132 264 297 329 461 b
1 2 4 8 16 32 33 66 132 264 297 429 461 b
1 2 4 8 16 32 33 66 132 264 396 428 461 b
1 2 4 8 16 32 33 66 132 264 396 429 461 b
1 2 4 8 16 32 34 64 65 99 198 263 461 a
1 2 4 8 16 32 34 64 65 99 198 396 461 a
1 2 4 8 16 32 34 64 98 132 230 231 461 a
1 2 4 8 16 32 34 64 98 132 230 460 461 a
1 2 4 8 16 32 34 64 98 196 230 231 461 a
1 2 4 8 16 32 34 64 98 196 230 460 461 a
1 2 4 8 16 32 34 66 82 148 230 231 461 b
1 2 4 8 16 32 34 66 82 148 230 460 461 b
1 2 4 8 16 32 34 66 82 164 230 231 461 b
1 2 4 8 16 32 34 66 82 164 230 460 461 b
1 2 4 8 16 32 34 66 98 132 230 231 461 b
1 2 4 8 16 32 34 66 98 132 230 460 461 b
1 2 4 8 16 32 34 66 98 164 230 231 461 b
1 2 4 8 16 32 34 66 98 164 230 460 461 b
1 2 4 8 16 32 34 66 98 196 230 231 461 b
1 2 4 8 16 32 34 66 98 196 230 460 461 b
1 2 4 8 16 32 34 66 132 133 164 297 461 a
1 2 4 8 16 32 34 66 132 133 164 328 461 a
1 2 4 8 16 32 34 66 132 164 165 296 461 a
1 2 4 8 16 32 34 66 132 164 165 297 461 b
1 2 4 8 16 32 34 66 132 164 165 329 461 b
1 2 4 8 16 32 34 66 132 164 230 231 461 b
1 2 4 8 16 32 34 66 132 164 230 460 461 b
1 2 4 8 16 32 34 66 132 164 296 297 461 b
1 2 4 8 16 32 34 66 132 164 296 460 461 b
1 2 4 8 16 32 34 66 132 164 328 329 461 b
1 2 4 8 16 32 34 66 132 164 328 460 461 b
1 2 4 8 16 32 34 66 132 198 230 231 461 b
1 2 4 8 16 32 34 66 132 198 230 460 461 b
1 2 4 8 16 32 36 37 53 106 212 249 461 b
1 2 4 8 16 32 36 37 53 106 212 424 461 b
1 2 4 8 16 32 36 37 69 106 212 249 461 b
1 2 4 8 16 32 36 37 69 106 212 424 461 b
1 2 4 8 16 32 36 37 73 105 178 283 461 b
1 2 4 8 16 32 36 37 73 105 178 356 461 b
1 2 4 8 16 32 36 37 74 106 212 249 461 b
1 2 4 8 16 32 36 37 74 106 212 424 461 b
1 2 4 8 16 32 36 72 73 105 178 283 461 b
1 2 4 8 16 32 36 72 73 105 178 356 461 b
1 2 4 8 16 32 40 41 64 105 210 251 461 a
1 2 4 8 16 32 40 41 64 105 210 420 461 a
1 2 4 8 16 32 40 41 73 105 178 283 461 b
1 2 4 8 16 32 40 41 73 105 178 356 461 b
1 2 4 8 16 32 40 41 73 105 210 251 461 b
1 2 4 8 16 32 40 41 73 105 210 420 461 b
1 2 4 8 16 32 40 72 73 105 178 283 461 b
1 2 4 8 16 32 40 72 73 105 178 356 461 b
1 2 4 8 16 32 48 49 53 102 204 257 461 b
1 2 4 8 16 32 48 49 53 102 204 408 461 b
1 2 4 8 16 32 64 65 66 132 197 264 461 a
1 2 4 8 16 32 64 65 66 132 197 329 461 b
1 2 4 8 16 32 64 65 66 132 198 263 461 b
1 2 4 8 16 32 64 65 66 132 198 396 461 b
1 2 4 8 16 32 64 65 66 132 264 329 461 b
1 2 4 8 16 32 64 65 66 132 264 396 461 b
1 2 4 8 16 32 64 65 67 99 198 263 461 b
1 2 4 8 16 32 64 65 67 99 198 396 461 b
1 2 4 8 16 32 64 65 67 130 197 264 461 a
1 2 4 8 16 32 64 65 67 130 197 394 461 a
1 2 4 8 16 32 64 65 67 131 198 263 461 b
1 2 4 8 16 32 64 65 67 131 198 396 461 b
1 2 4 8 16 32 64 65 67 132 197 264 461 b
1 2 4 8 16 32 64 65 67 132 197 329 461 b
1 2 4 8 16 32 64 65 67 132 197 394 461 b
1 2 4 8 16 32 64 65 67 132 264 329 461 b
1 2 4 8 16 32 64 65 67 132 264 396 461 b
1 2 4 8 16 32 64 65 67 134 198 263 461 b
1 2 4 8 16 32 64 65 67 134 198 396 461 b
1 2 4 8 16 32 64 65 68 130 198 263 461 a
1 2 4 8 16 32 64 65 68 130 198 396 461 a
1 2 4 8 16 32 64 65 68 132 197 264 461 a
1 2 4 8 16 32 64 65 68 132 197 329 461 a
1 2 4 8 16 32 64 65 68 132 264 329 461 a
1 2 4 8 16 32 64 65 68 132 264 396 461 a
1 2 4 8 16 32 64 65 68 133 198 263 461 a
1 2 4 8 16 32 64 65 68 133 198 396 461 a
1 2 4 8 16 32 64 65 69 129 198 263 461 a
1 2 4 8 16 32 64 65 69 129 198 396 461 a
1 2 4 8 16 32 64 65 69 133 198 263 461 b
1 2 4 8 16 32 64 65 69 133 198 396 461 b
1 2 4 8 16 32 64 65 69 134 198 263 461 b
1 2 4 8 16 32 64 65 69 134 198 396 461 b
1 2 4 8 16 32 64 65 73 97 194 267 461 a
1 2 4 8 16 32 64 65 73 97 194 388 461 a
1 2 4 8 16 32 64 65 73 105 178 283 461 b
1 2 4 8 16 32 64 65 73 105 178 356 461 b
1 2 4 8 16 32 64 65 73 129 194 267 461 a
1 2 4 8 16 32 64 65 73 129 194 388 461 a
1 2 4 8 16 32 64 65 73 130 194 267 461 a
1 2 4 8 16 32 64 65 73 130 194 388 461 a
1 2 4 8 16 32 64 65 97 99 198 263 461 b
1 2 4 8 16 32 64 65 97 99 198 396 461 b
1 2 4 8 16 32 64 65 97 101 198 263 461 b
1 2 4 8 16 32 64 65 97 101 198 396 461 b
1 2 4 8 16 32 64 65 97 194 198 263 461 b
1 2 4 8 16 32 64 65 97 194 198 396 461 b
1 2 4 8 16 32 64 65 97 194 202 259 461 a
1 2 4 8 16 32 64 65 97 194 202 267 461 b
1 2 4 8 16 32 64 65 97 194 202 396 461 b
1 2 4 8 16 32 64 65 97 194 259 267 461 b
1 2 4 8 16 32 64 65 97 194 259 453 461 b
1 2 4 8 16 32 64 65 97 194 388 396 461 b
1 2 4 8 16 32 64 65 97 194 388 453 461 b
1 2 4 8 16 32 64 65 128 132 197 264 461 a
1 2 4 8 16 32 64 65 128 132 197 329 461 a
1 2 4 8 16 32 64 65 128 132 264 329 461 a
1 2 4 8 16 32 64 65 128 132 264 396 461 a
1 2 4 8 16 32 64 65 129 133 198 263 461 b
1 2 4 8 16 32 64 65 129 133 198 396 461 b
1 2 4 8 16 32 64 65 129 194 198 263 461 b
1 2 4 8 16 32 64 65 129 194 198 396 461 b
1 2 4 8 16 32 64 65 129 194 202 259 461 a
1 2 4 8 16 32 64 65 129 194 202 267 461 b
1 2 4 8 16 32 64 65 129 194 202 396 461 b
1 2 4 8 16 32 64 65 129 194 259 267 461 b
1 2 4 8 16 32 64 65 129 194 259 453 461 b
1 2 4 8 16 32 64 65 129 194 388 396 461 b
1 2 4 8 16 32 64 65 129 194 388 453 461 b
1 2 4 8 16 32 64 65 130 132 197 264 461 a
1 2 4 8 16 32 64 65 130 132 197 329 461 b
1 2 4 8 16 32 64 65 130 132 264 329 461 b
1 2 4 8 16 32 64 65 130 132 264 396 461 b
1 2 4 8 16 32 64 65 130 134 198 263 461 b
1 2 4 8 16 32 64 65 130 134 198 396 461 b
1 2 4 8 16 32 64 65 130 194 198 263 461 b
1 2 4 8 16 32 64 65 130 194 198 396 461 b
1 2 4 8 16 32 64 65 130 194 202 259 461 a
1 2 4 8 16 32 64 65 130 194 202 267 461 b
1 2 4 8 16 32 64 65 130 194 202 396 461 b
1 2 4 8 16 32 64 65 130 194 259 267 461 b
1 2 4 8 16 32 64 65 130 194 259 453 461 b
1 2 4 8 16 32 64 65 130 194 388 396 461 b
1 2 4 8 16 32 64 65 130 194 388 453 461 b
1 2 4 8 16 32 64 66 67 130 197 264 461 a
1 2 4 8 16 32 64 66 67 130 197 394 461 a
1 2 4 8 16 32 64 66 67 131 197 264 461 b
1 2 4 8 16 32 64 66 67 131 197 394 461 b
1 2 4 8 16 32 64 66 67 133 197 264 461 b
1 2 4 8 16 32 64 66 67 133 197 394 461 b
1 2 4 8 16 32 64 66 82 148 230 231 461 b
1 2 4 8 16 32 64 66 82 148 230 460 461 b
1 2 4 8 16 32 64 66 82 164 230 231 461 b
1 2 4 8 16 32 64 66 82 164 230 460 461 b
1 2 4 8 16 32 64 66 98 132 230 231 461 a
1 2 4 8 16 32 64 66 98 132 230 460 461 a
1 2 4 8 16 32 64 66 98 164 230 231 461 b
1 2 4 8 16 32 64 66 98 164 230 460 461 b
1 2 4 8 16 32 64 66 132 133 164 297 461 a
1 2 4 8 16 32 64 66 132 133 164 328 461 a
1 2 4 8 16 32 64 66 132 133 196 265 461 a
1 2 4 8 16 32 64 66 132 133 196 328 461 a
1 2 4 8 16 32 64 66 132 133 196 329 461 a
1 2 4 8 16 32 64 66 132 133 197 264 461 a
1 2 4 8 16 32 64 66 132 133 197 329 461 b
1 2 4 8 16 32 64 66 132 133 264 328 461 a
1 2 4 8 16 32 64 66 132 133 264 397 461 a
1 2 4 8 16 32 64 66 132 133 265 329 461 b
1 2 4 8 16 32 64 66 132 133 265 397 461 b
1 2 4 8 16 32 64 66 132 164 165 296 461 a
1 2 4 8 16 32 64 66 132 164 165 297 461 b
1 2 4 8 16 32 64 66 132 164 165 329 461 b
1 2 4 8 16 32 64 66 132 164 230 231 461 b
1 2 4 8 16 32 64 66 132 164 230 460 461 b
1 2 4 8 16 32 64 66 132 164 296 297 461 b
1 2 4 8 16 32 64 66 132 164 296 460 461 b
1 2 4 8 16 32 64 66 132 164 328 329 461 b
1 2 4 8 16 32 64 66 132 164 328 460 461 b
1 2 4 8 16 32 64 66 132 196 197 264 461 a
1 2 4 8 16 32 64 66 132 196 197 329 461 b
1 2 4 8 16 32 64 66 132 196 264 265 461 a
1 2 4 8 16 32 64 66 132 196 264 460 461 a
1 2 4 8 16 32 64 66 132 196 328 329 461 b
1 2 4 8 16 32 64 66 132 196 328 460 461 b
1 2 4 8 16 32 64 66 132 198 199 262 461 a
1 2 4 8 16 32 64 66 132 198 199 263 461 b
1 2 4 8 16 32 64 66 132 198 199 397 461 b
1 2 4 8 16 32 64 66 132 198 230 231 461 b
1 2 4 8 16 32 64 66 132 198 230 460 461 b
1 2 4 8 16 32 64 66 132 198 262 263 461 b
1 2 4 8 16 32 64 66 132 198 262 460 461 b
1 2 4 8 16 32 64 66 132 198 396 397 461 b
1 2 4 8 16 32 64 66 132 198 396 460 461 b
1 2 4 8 16 32 64 66 132 264 265 329 461 b
1 2 4 8 16 32 64 66 132 264 265 397 461 b
1 2 4 8 16 32 64 66 132 264 328 329 461 b
1 2 4 8 16 32 64 66 132 264 328 460 461 b
1 2 4 8 16 32 64 66 132 264 396 397 461 b
1 2 4 8 16 32 64 66 132 264 396 460 461 b
1 2 4 8 16 32 64 68 69 128 196 265 461 a
1 2 4 8 16 32 64 68 69 128 196 392 461 a
1 2 4 8 16 32 64 68 69 132 196 265 461 a
1 2 4 8 16 32 64 68 69 132 196 392 461 a
1 2 4 8 16 32 64 68 128 196 197 264 461 a
1 2 4 8 16 32 64 68 128 196 197 265 461 a
1 2 4 8 16 32 64 68 128 196 197 393 461 a
1 2 4 8 16 32 64 68 128 196 264 265 461 a
1 2 4 8 16 32 64 68 128 196 264 460 461 a
1 2 4 8 16 32 64 68 128 196 392 393 461 a
1 2 4 8 16 32 64 68 128 196 392 460 461 a
1 2 4 8 16 32 64 68 132 133 164 297 461 a
1 2 4 8 16 32 64 68 132 133 164 328 461 a
1 2 4 8 16 32 64 68 132 133 196 265 461 a
1 2 4 8 16 32 64 68 132 133 196 328 461 a
1 2 4 8 16 32 64 68 132 133 196 329 461 a
1 2 4 8 16 32 64 68 132 133 197 264 461 a
1 2 4 8 16 32 64 68 132 133 197 329 461 b
1 2 4 8 16 32 64 68 132 133 264 328 461 a
1 2 4 8 16 32 64 68 132 133 264 397 461 a
1 2 4 8 16 32 64 68 132 133 265 329 461 b
1 2 4 8 16 32 64 68 132 133 265 397 461 b
1 2 4 8 16 32 64 68 132 164 165 296 461 a
1 2 4 8 16 32 64 68 132 164 165 297 461 b
1 2 4 8 16 32 64 68 132 164 165 329 461 b
1 2 4 8 16 32 64 68 132 164 296 297 461 b
1 2 4 8 16 32 64 68 132 164 296 460 461 b
1 2 4 8 16 32 64 68 132 164 328 329 461 b
1 2 4 8 16 32 64 68 132 164 328 460 461 b
1 2 4 8 16 32 64 68 132 196 197 264 461 a
1 2 4 8 16 32 64 68 132 196 197 265 461 b
1 2 4 8 16 32 64 68 132 196 197 329 461 b
1 2 4 8 16 32 64 68 132 196 197 393 461 b
1 2 4 8 16 32 64 68 132 196 264 265 461 b
1 2 4 8 16 32 64 68 132 196 264 460 461 b
1 2 4 8 16 32 64 68 132 196 328 329 461 b
1 2 4 8 16 32 64 68 132 196 328 460 461 b
1 2 4 8 16 32 64 68 132 196 392 393 461 b
1 2 4 8 16 32 64 68 132 196 392 460 461 b
1 2 4 8 16 32 64 68 132 264 265 329 461 b
1 2 4 8 16 32 64 68 132 264 265 397 461 b
1 2 4 8 16 32 64 68 132 264 328 329 461 b
1 2 4 8 16 32 64 68 132 264 328 460 461 b
1 2 4 8 16 32 64 68 132 264 396 397 461 b
1 2 4 8 16 32 64 68 132 264 396 460 461 b
1 2 4 8 16 32 64 72 73 105 178 283 461 b
1 2 4 8 16 32 64 72 73 105 178 356 461 b
1 2 4 8 16 32 64 128 132 133 164 297 461 a
1 2 4 8 16 32 64 128 132 133 164 328 461 a
1 2 4 8 16 32 64 128 132 133 196 265 461 a
1 2 4 8 16 32 64 128 132 133 196 328 461 a
1 2 4 8 16 32 64 128 132 133 196 329 461 a
1 2 4 8 16 32 64 128 132 133 197 264 461 a
1 2 4 8 16 32 64 128 132 133 197 329 461 b
1 2 4 8 16 32 64 128 132 133 264 328 461 a
1 2 4 8 16 32 64 128 132 133 264 397 461 a
1 2 4 8 16 32 64 128 132 133 265 329 461 b
1 2 4 8 16 32 64 128 132 133 265 397 461 b
1 2 4 8 16 32 64 128 132 164 165 296 461 a
1 2 4 8 16 32 64 128 132 164 165 297 461 b
1 2 4 8 16 32 64 128 132 164 165 329 461 b
1 2 4 8 16 32 64 128 132 164 296 297 461 b
1 2 4 8 16 32 64 128 132 164 296 460 461 b
1 2 4 8 16 32 64 128 132 164 328 329 461 b
1 2 4 8 16 32 64 128 132 164 328 460 461 b
1 2 4 8 16 32 64 128 132 196 197 264 461 a
1 2 4 8 16 32 64 128 132 196 197 329 461 b
1 2 4 8 16 32 64 128 132 196 264 265 461 a
1 2 4 8 16 32 64 128 132 196 264 460 461 a
1 2 4 8 16 32 64 128 132 196 328 329 461 b
1 2 4 8 16 32 64 128 132 196 328 460 461 b
1 2 4 8 16 32 64 128 132 264 265 329 461 b
1 2 4 8 16 32 64 128 132 264 265 397 461 b
1 2 4 8 16 32 64 128 132 264 328 329 461 b
1 2 4 8 16 32 64 128 132 264 328 460 461 b
1 2 4 8 16 32 64 128 132 264 396 397 461 b
1 2 4 8 16 32 64 128 132 264 396 460 461 b
