1 2 3 4 7 11 18 29 58 116 232 239 471 b
1 2 3 4 7 11 18 29 58 116 232 464 471 b
1 2 3 4 7 11 22 29 58 116 232 239 471 b
1 2 3 4 7 11 22 29 58 116 232 464 471 b
1 2 3 4 7 14 15 29 58 116 232 239 471 b
1 2 3 4 7 14 15 29 58 116 232 464 471 b
1 2 3 4 7 14 28 29 58 116 232 239 471 b
1 2 3 4 7 14 28 29 58 116 232 464 471 b
1 2 3 4 7 14 28 30 58 116 232 239 471 b
1 2 3 4 7 14 28 30 58 116 232 464 471 b
1 2 3 4 7 14 28 56 58 116 232 239 471 b
1 2 3 4 7 14 28 56 58 116 232 464 471 b
1 2 3 4 7 14 28 56 60 116 232 239 471 b
1 2 3 4 7 14 28 56 60 116 232 464 471 b
1 2 3 4 7 14 28 56 112 116 232 239 471 b
1 2 3 4 7 14 28 56 112 116 232 464 471 b
1 2 3 5 7 12 17 29 58 116 232 239 471 b
1 2 3 5 7 12 17 29 58 116 232 464 471 b
1 2 3 5 7 12 19 38 76 81 157 314 471 b
1 2 3 5 7 12 19 38 76 152 157 314 471 b
1 2 3 5 7 12 24 29 58 116 232 239 471 b
1 2 3 5 7 12 24 29 58 116 232 464 471 b
1 2 3 5 7 12 24 31 55 110 220 251 471 b
1 2 3 5 7 12 24 31 55 110 220 440 471 b
1 2 3 5 7 14 15 29 58 116 232 239 471 b
1 2 3 5 7 14 15 29 58 116 232 464 471 b
1 2 3 5 7 14 19 38 76 81 157 314 471 b
1 2 3 5 7 14 19 38 76 152 157 314 471 b
1 2 3 5 7 14 28 29 58 116 232 239 471 b
1 2 3 5 7 14 28 29 58 116 232 464 471 b
1 2 3 5 7 14 28 30 58 116 232 239 471 b
1 2 3 5 7 14 28 30 58 116 232 464 471 b
1 2 3 5 7 14 28 56 58 116 232 239 471 b
1 2 3 5 7 14 28 56 58 116 232 464 471 b
1 2 3 5 7 14 28 56 61 117 234 237 471 b
1 2 3 5 7 14 28 56 61 117 234 468 471 b
1 2 3 5 7 14 28 56 112 117 234 237 471 b
1 2 3 5 7 14 28 56 112 117 234 468 471 b
1 2 3 5 8 11 19 38 76 81 157 314 471 b
1 2 3 5 8 11 19 38 76 152 157 314 471 b
1 2 3 5 8 13 18 36 72 85 157 314 471 b
1 2 3 5 8 13 18 36 72 144 157 314 471 b
1 2 3 5 8 13 21 34 68 89 157 314 471 b
1 2 3 5 8 13 21 34 68 136 157 314 471 b
1 2 3 5 8 13 26 39 78 79 157 314 471 b
1 2 3 5 8 13 26 39 78 117 234 237 471 b
1 2 3 5 8 13 26 39 78 117 234 468 471 b
1 2 3 5 8 13 26 39 78 156 157 314 471 b
1 2 3 5 8 13 26 39 78 156 159 312 471 a
1 2 3 5 8 13 26 39 78 156 159 315 471 b
1 2 3 5 8 13 26 39 78 156 234 237 471 b
1 2 3 5 8 13 26 39 78 156 234 468 471 b
1 2 3 5 8 13 26 39 78 156 312 315 471 b
1 2 3 5 8 13 26 39 78 156 312 468 471 b
1 2 3 5 8 13 26 52 53 104 157 314 471 a
1 2 3 5 8 13 26 52 53 105 157 314 471 b
1 2 3 5 8 13 26 52 55 104 208 263 471 a
1 2 3 5 8 13 26 52 55 104 208 416 471 a
1 2 3 5 8 13 26 52 65 117 234 237 471 b
1 2 3 5 8 13 26 52 65 117 234 468 471 b
1 2 3 5 8 13 26 52 78 79 157 314 471 b
1 2 3 5 8 13 26 52 78 156 157 314 471 b
1 2 3 5 8 13 26 52 78 156 159 312 471 a
1 2 3 5 8 13 26 52 78 156 159 315 471 b
1 2 3 5 8 13 26 52 78 156 234 237 471 b
1 2 3 5 8 13 26 52 78 156 234 468 471 b
1 2 3 5 8 13 26 52 78 156 312 315 471 b
1 2 3 5 8 13 26 52 78 156 312 468 471 b
1 2 3 5 8 13 26 52 104 105 157 314 471 b
1 2 3 5 8 13 26 52 104 117 234 237 471 b
1 2 3 5 8 13 26 52 104 117 234 468 471 b
1 2 3 5 8 13 26 52 104 130 234 237 471 b
1 2 3 5 8 13 26 52 104 130 234 468 471 b
1 2 3 5 8 13 26 52 104 156 157 314 471 b
1 2 3 5 8 13 26 52 104 156 159 312 471 a
1 2 3 5 8 13 26 52 104 156 159 315 471 b
1 2 3 5 8 13 26 52 104 156 312 315 471 b
1 2 3 5 8 13 26 52 104 156 312 468 471 b
1 2 3 5 8 13 26 52 104 208 211 260 471 a
1 2 3 5 8 13 26 52 104 208 211 263 471 b
1 2 3 5 8 13 26 52 104 208 211 419 471 b
1 2 3 5 8 13 26 52 104 208 234 237 471 b
1 2 3 5 8 13 26 52 104 208 234 468 471 b
1 2 3 5 8 13 26 52 104 208 260 263 471 b
1 2 3 5 8 13 26 52 104 208 260 468 471 b
1 2 3 5 8 13 26 52 104 208 416 419 471 b
1 2 3 5 8 13 26 52 104 208 416 468 471 b
1 2 3 5 8 16 19 38 76 81 157 314 471 b
1 2 3 5 8 16 19 38 76 152 157 314 471 b
1 2 3 5 10 13 18 36 72 85 157 314 471 b
1 2 3 5 10 13 18 36 72 144 157 314 471 b
1 2 3 5 10 13 23 28 56 112 224 247 471 b
1 2 3 5 10 13 23 28 56 112 224 448 471 b
1 2 3 5 10 13 23 33 56 112 224 247 471 b
1 2 3 5 10 13 23 33 56 112 224 448 471 b
1 2 3 5 10 13 23 36 72 85 157 314 471 b
1 2 3 5 10 13 23 36 72 144 157 314 471 b
1 2 3 5 10 13 23 46 56 112 224 247 471 b
1 2 3 5 10 13 23 46 56 112 224 448 471 b
1 2 3 5 10 13 26 36 72 85 157 314 471 b
1 2 3 5 10 13 26 36 72 144 157 314 471 b
1 2 3 5 10 13 26 39 78 79 157 314 471 b
1 2 3 5 10 13 26 39 78 117 234 237 471 b
1 2 3 5 10 13 26 39 78 117 234 468 471 b
1 2 3 5 10 13 26 39 78 156 157 314 471 b
1 2 3 5 10 13 26 39 78 156 159 312 471 a
1 2 3 5 10 13 26 39 78 156 159 315 471 b
1 2 3 5 10 13 26 39 78 156 234 237 471 b
1 2 3 5 10 13 26 39 78 156 234 468 471 b
1 2 3 5 10 13 26 39 78 156 312 315 471 b
1 2 3 5 10 13 26 39 78 156 312 468 471 b
1 2 3 5 10 13 26 52 53 104 157 314 471 a
1 2 3 5 10 13 26 52 53 105 157 314 471 b
1 2 3 5 10 13 26 52 55 104 208 263 471 a
1 2 3 5 10 13 26 52 55 104 208 416 471 a
1 2 3 5 10 13 26 52 65 117 234 237 471 b
1 2 3 5 10 13 26 52 65 117 234 468 471 b
1 2 3 5 10 13 26 52 78 79 157 314 471 b
1 2 3 5 10 13 26 52 78 156 157 314 471 b
1 2 3 5 10 13 26 52 78 156 159 312 471 a
1 2 3 5 10 13 26 52 78 156 159 315 471 b
1 2 3 5 10 13 26 52 78 156 234 237 471 b
1 2 3 5 10 13 26 52 78 156 234 468 471 b
1 2 3 5 10 13 26 52 78 156 312 315 471 b
1 2 3 5 10 13 26 52 78 156 312 468 471 b
1 2 3 5 10 13 26 52 104 105 157 314 471 b
1 2 3 5 10 13 26 52 104 117 234 237 471 b
1 2 3 5 10 13 26 52 104 117 234 468 471 b
1 2 3 5 10 13 26 52 104 130 234 237 471 b
1 2 3 5 10 13 26 52 104 130 234 468 471 b
1 2 3 5 10 13 26 52 104 156 157 314 471 b
1 2 3 5 10 13 26 52 104 156 159 312 471 a
1 2 3 5 10 13 26 52 104 156 159 315 471 b
1 2 3 5 10 13 26 52 104 156 312 315 471 b
1 2 3 5 10 13 26 52 104 156 312 468 471 b
1 2 3 5 10 13 26 52 104 208 211 260 471 a
1 2 3 5 10 13 26 52 104 208 211 263 471 b
1 2 3 5 10 13 26 52 104 208 211 419 471 b
1 2 3 5 10 13 26 52 104 208 234 237 471 b
1 2 3 5 10 13 26 52 104 208 234 468 471 b
1 2 3 5 10 13 26 52 104 208 260 263 471 b
1 2 3 5 10 13 26 52 104 208 260 468 471 b
1 2 3 5 10 13 26 52 104 208 416 419 471 b
1 2 3 5 10 13 26 52 104 208 416 468 471 b
1 2 3 5 10 20 23 28 56 112 224 247 471 b
1 2 3 5 10 20 23 28 56 112 224 448 471 b
1 2 3 5 10 20 23 33 56 112 224 247 471 b
1 2 3 5 10 20 23 33 56 112 224 448 471 b
1 2 3 5 10 20 23 46 56 112 224 247 471 b
1 2 3 5 10 20 23 46 56 112 224 448 471 b
1 2 3 5 10 20 23 46 66 112 224 247 471 b
1 2 3 5 10 20 23 46 66 112 224 448 471 b
1 2 3 5 10 20 23 46 92 112 224 247 471 b
1 2 3 5 10 20 23 46 92 112 224 448 471 b
1 2 3 6 7 12 24 31 55 110 220 251 471 a
1 2 3 6 7 12 24 31 55 110 220 440 471 a
1 2 3 6 7 13 16 29 58 116 232 239 471 b
1 2 3 6 7 13 16 29 58 116 232 464 471 b
1 2 3 6 7 13 26 29 58 116 232 239 471 b
1 2 3 6 7 13 26 29 58 116 232 464 471 b
1 2 3 6 7 13 26 32 58 116 232 239 471 b
1 2 3 6 7 13 26 32 58 116 232 464 471 b
1 2 3 6 7 13 26 39 78 79 157 314 471 b
1 2 3 6 7 13 26 39 78 117 234 237 471 b
1 2 3 6 7 13 26 39 78 117 234 468 471 b
1 2 3 6 7 13 26 39 78 156 157 314 471 b
1 2 3 6 7 13 26 39 78 156 159 312 471 a
1 2 3 6 7 13 26 39 78 156 159 315 471 b
1 2 3 6 7 13 26 39 78 156 234 237 471 b
1 2 3 6 7 13 26 39 78 156 234 468 471 b
1 2 3 6 7 13 26 39 78 156 312 315 471 b
1 2 3 6 7 13 26 39 78 156 312 468 471 b
1 2 3 6 7 13 26 52 53 104 157 314 471 a
1 2 3 6 7 13 26 52 53 105 157 314 471 b
1 2 3 6 7 13 26 52 55 104 208 263 471 a
1 2 3 6 7 13 26 52 55 104 208 416 471 a
1 2 3 6 7 13 26 52 58 116 232 239 471 b
1 2 3 6 7 13 26 52 58 116 232 464 471 b
1 2 3 6 7 13 26 52 65 117 234 237 471 b
1 2 3 6 7 13 26 52 65 117 234 468 471 b
1 2 3 6 7 13 26 52 78 79 157 314 471 b
1 2 3 6 7 13 26 52 78 156 157 314 471 b
1 2 3 6 7 13 26 52 78 156 159 312 471 a
1 2 3 6 7 13 26 52 78 156 159 315 471 b
1 2 3 6 7 13 26 52 78 156 234 237 471 b
1 2 3 6 7 13 26 52 78 156 234 468 471 b
1 2 3 6 7 13 26 52 78 156 312 315 471 b
1 2 3 6 7 13 26 52 78 156 312 468 471 b
1 2 3 6 7 13 26 52 104 105 157 314 471 b
1 2 3 6 7 13 26 52 104 117 234 237 471 b
1 2 3 6 7 13 26 52 104 117 234 468 471 b
1 2 3 6 7 13 26 52 104 130 234 237 471 b
1 2 3 6 7 13 26 52 104 130 234 468 471 b
1 2 3 6 7 13 26 52 104 156 157 314 471 b
1 2 3 6 7 13 26 52 104 156 159 312 471 a
1 2 3 6 7 13 26 52 104 156 159 315 471 b
1 2 3 6 7 13 26 52 104 156 312 315 471 b
1 2 3 6 7 13 26 52 104 156 312 468 471 b
1 2 3 6 7 13 26 52 104 208 211 260 471 a
1 2 3 6 7 13 26 52 104 208 211 263 471 b
1 2 3 6 7 13 26 52 104 208 211 419 471 b
1 2 3 6 7 13 26 52 104 208 234 237 471 b
1 2 3 6 7 13 26 52 104 208 234 468 471 b
1 2 3 6 7 13 26 52 104 208 260 263 471 b
1 2 3 6 7 13 26 52 104 208 260 468 471 b
1 2 3 6 7 13 26 52 104 208 416 419 471 b
1 2 3 6 7 13 26 52 104 208 416 468 471 b
1 2 3 6 7 14 15 29 58 116 232 239 471 b
1 2 3 6 7 14 15 29 58 116 232 464 471 b
1 2 3 6 7 14 28 29 58 116 232 239 471 b
1 2 3 6 7 14 28 29 58 116 232 464 471 b
1 2 3 6 7 14 28 30 58 116 232 239 471 b
1 2 3 6 7 14 28 30 58 116 232 464 471 b
1 2 3 6 7 14 28 56 58 116 232 239 471 b
1 2 3 6 7 14 28 56 58 116 232 464 471 b
1 2 3 6 9 15 21 36 57 114 228 243 471 b
1 2 3 6 9 15 21 36 57 114 228 456 471 b
1 2 3 6 9 15 21 42 57 114 228 243 471 b
1 2 3 6 9 15 21 42 57 114 228 456 471 b
1 2 3 6 9 15 24 33 57 114 228 243 471 b
1 2 3 6 9 15 24 33 57 114 228 456 471 b
1 2 3 6 9 15 24 39 54 108 216 255 471 b
1 2 3 6 9 15 24 39 54 108 216 432 471 b
1 2 3 6 9 15 24 39 63 102 204 267 471 b
1 2 3 6 9 15 24 39 63 102 204 408 471 b
1 2 3 6 9 15 24 39 78 79 157 314 471 b
1 2 3 6 9 15 24 39 78 117 234 237 471 b
1 2 3 6 9 15 24 39 78 117 234 468 471 b
1 2 3 6 9 15 24 39 78 156 157 314 471 b
1 2 3 6 9 15 24 39 78 156 159 312 471 a
1 2 3 6 9 15 24 39 78 156 159 315 471 b
1 2 3 6 9 15 24 39 78 156 234 237 471 b
1 2 3 6 9 15 24 39 78 156 234 468 471 b
1 2 3 6 9 15 24 39 78 156 312 315 471 b
1 2 3 6 9 15 24 39 78 156 312 468 471 b
1 2 3 6 9 15 24 48 57 114 228 243 471 b
1 2 3 6 9 15 24 48 57 114 228 456 471 b
1 2 3 6 9 15 30 39 54 108 216 255 471 b
1 2 3 6 9 15 30 39 54 108 216 432 471 b
1 2 3 6 9 15 30 39 69 108 216 255 471 b
1 2 3 6 9 15 30 39 69 108 216 432 471 b
1 2 3 6 9 15 30 39 78 79 157 314 471 b
1 2 3 6 9 15 30 39 78 108 216 255 471 b
1 2 3 6 9 15 30 39 78 108 216 432 471 b
1 2 3 6 9 15 30 39 78 117 234 237 471 b
1 2 3 6 9 15 30 39 78 117 234 468 471 b
1 2 3 6 9 15 30 39 78 156 157 314 471 b
1 2 3 6 9 15 30 39 78 156 159 312 471 a
1 2 3 6 9 15 30 39 78 156 159 315 471 b
1 2 3 6 9 15 30 39 78 156 234 237 471 b
1 2 3 6 9 15 30 39 78 156 234 468 471 b
1 2 3 6 9 15 30 39 78 156 312 315 471 b
1 2 3 6 9 15 30 39 78 156 312 468 471 b
1 2 3 6 9 18 19 37 74 83 157 314 471 b
1 2 3 6 9 18 19 37 74 148 157 314 471 b
1 2 3 6 9 18 21 39 78 79 157 314 471 b
1 2 3 6 9 18 21 39 78 117 234 237 471 b
1 2 3 6 9 18 21 39 78 117 234 468 471 b
1 2 3 6 9 18 21 39 78 156 157 314 471 b
1 2 3 6 9 18 21 39 78 156 159 312 471 a
1 2 3 6 9 18 21 39 78 156 159 315 471 b
1 2 3 6 9 18 21 39 78 156 234 237 471 b
1 2 3 6 9 18 21 39 78 156 234 468 471 b
1 2 3 6 9 18 21 39 78 156 312 315 471 b
1 2 3 6 9 18 21 39 78 156 312 468 471 b
1 2 3 6 9 18 27 45 72 117 234 237 471 b
1 2 3 6 9 18 27 45 72 117 234 468 471 b
1 2 3 6 9 18 27 45 90 117 234 237 471 b
1 2 3 6 9 18 27 45 90 117 234 468 471 b
1 2 3 6 9 18 27 54 57 111 222 249 471 b
1 2 3 6 9 18 27 54 57 111 222 444 471 b
1 2 3 6 9 18 27 54 63 117 234 237 471 b
1 2 3 6 9 18 27 54 63 117 234 468 471 b
1 2 3 6 9 18 27 54 108 111 222 249 471 b
1 2 3 6 9 18 27 54 108 111 222 444 471 b
1 2 3 6 9 18 27 54 108 114 222 249 471 b
1 2 3 6 9 18 27 54 108 114 222 444 471 b
1 2 3 6 9 18 27 54 108 117 234 237 471 b
1 2 3 6 9 18 27 54 108 117 234 468 471 b
1 2 3 6 9 18 27 54 108 126 234 237 471 b
1 2 3 6 9 18 27 54 108 126 234 468 471 b
1 2 3 6 9 18 27 54 108 216 222 249 471 b
1 2 3 6 9 18 27 54 108 216 222 444 471 b
1 2 3 6 9 18 27 54 108 216 234 237 471 b
1 2 3 6 9 18 27 54 108 216 234 468 471 b
1 2 3 6 9 18 36 37 72 109 181 290 471 a
1 2 3 6 9 18 36 37 72 109 181 362 471 a
1 2 3 6 9 18 36 37 74 83 157 314 471 b
1 2 3 6 9 18 36 37 74 148 157 314 471 b
1 2 3 6 9 18 36 38 74 83 157 314 471 b
1 2 3 6 9 18 36 38 74 148 157 314 471 b
1 2 3 6 9 18 36 39 54 108 216 255 471 a
1 2 3 6 9 18 36 39 54 108 216 432 471 a
1 2 3 6 9 18 36 39 72 108 216 255 471 a
1 2 3 6 9 18 36 39 72 108 216 432 471 a
1 2 3 6 9 18 36 39 72 144 183 288 471 a
1 2 3 6 9 18 36 39 72 144 183 327 471 a
1 2 3 6 9 18 36 39 72 144 216 255 471 a
1 2 3 6 9 18 36 39 72 144 216 432 471 a
1 2 3 6 9 18 36 39 72 144 288 327 471 a
1 2 3 6 9 18 36 39 72 144 288 432 471 a
1 2 3 6 9 18 36 39 78 79 157 314 471 b
1 2 3 6 9 18 36 39 78 117 234 237 471 b
1 2 3 6 9 18 36 39 78 117 234 468 471 b
1 2 3 6 9 18 36 39 78 156 157 314 471 b
1 2 3 6 9 18 36 39 78 156 159 312 471 a
1 2 3 6 9 18 36 39 78 156 159 315 471 b
1 2 3 6 9 18 36 39 78 156 234 237 471 b
1 2 3 6 9 18 36 39 78 156 234 468 471 b
1 2 3 6 9 18 36 39 78 156 312 315 471 b
1 2 3 6 9 18 36 39 78 156 312 468 471 b
1 2 3 6 9 18 36 42 78 79 157 314 471 b
1 2 3 6 9 18 36 42 78 156 157 314 471 b
1 2 3 6 9 18 36 42 78 156 159 312 471 a
1 2 3 6 9 18 36 42 78 156 159 315 471 b
1 2 3 6 9 18 36 42 78 156 234 237 471 b
1 2 3 6 9 18 36 42 78 156 234 468 471 b
1 2 3 6 9 18 36 42 78 156 312 315 471 b
1 2 3 6 9 18 36 42 78 156 312 468 471 b
1 2 3 6 9 18 36 45 72 117 234 237 471 a
1 2 3 6 9 18 36 45 72 117 234 468 471 a
1 2 3 6 9 18 36 45 81 117 234 237 471 b
1 2 3 6 9 18 36 45 81 117 234 468 471 b
1 2 3 6 9 18 36 54 63 117 234 237 471 b
1 2 3 6 9 18 36 54 63 117 234 468 471 b
1 2 3 6 9 18 36 54 90 144 234 237 471 b
1 2 3 6 9 18 36 54 90 144 234 468 471 b
1 2 3 6 9 18 36 54 90 180 234 237 471 b
1 2 3 6 9 18 36 54 90 180 234 468 471 b
1 2 3 6 9 18 36 54 108 117 234 237 471 b
1 2 3 6 9 18 36 54 108 117 234 468 471 b
1 2 3 6 9 18 36 54 108 126 234 237 471 b
1 2 3 6 9 18 36 54 108 126 234 468 471 b
1 2 3 6 9 18 36 54 108 216 219 252 471 a
1 2 3 6 9 18 36 54 108 216 219 255 471 b
1 2 3 6 9 18 36 54 108 216 219 435 471 b
1 2 3 6 9 18 36 54 108 216 234 237 471 b
1 2 3 6 9 18 36 54 108 216 234 468 471 b
1 2 3 6 9 18 36 54 108 216 252 255 471 b
1 2 3 6 9 18 36 54 108 216 252 468 471 b
1 2 3 6 9 18 36 54 108 216 432 435 471 b
1 2 3 6 9 18 36 54 108 216 432 468 471 b
1 2 3 6 9 18 36 72 73 109 181 290 471 b
1 2 3 6 9 18 36 72 73 109 181 362 471 b
1 2 3 6 9 18 36 72 73 145 163 308 471 b
1 2 3 6 9 18 36 72 73 145 163 326 471 b
1 2 3 6 9 18 36 72 73 145 181 290 471 a
1 2 3 6 9 18 36 72 73 145 181 326 471 b
1 2 3 6 9 18 36 72 73 145 290 326 471 b
1 2 3 6 9 18 36 72 73 145 290 435 471 b
1 2 3 6 9 18 36 72 74 83 157 314 471 b
1 2 3 6 9 18 36 72 74 148 157 314 471 b
1 2 3 6 9 18 36 72 78 79 157 314 471 b
1 2 3 6 9 18 36 72 78 156 157 314 471 b
1 2 3 6 9 18 36 72 78 156 159 312 471 a
1 2 3 6 9 18 36 72 78 156 159 315 471 b
1 2 3 6 9 18 36 72 78 156 234 237 471 b
1 2 3 6 9 18 36 72 78 156 234 468 471 b
1 2 3 6 9 18 36 72 78 156 312 315 471 b
1 2 3 6 9 18 36 72 78 156 312 468 471 b
1 2 3 6 9 18 36 72 81 117 234 237 471 b
1 2 3 6 9 18 36 72 81 117 234 468 471 b
1 2 3 6 9 18 36 72 81 153 159 312 471 b
1 2 3 6 9 18 36 72 81 153 159 318 471 b
1 2 3 6 9 18 36 72 81 153 234 237 471 b
1 2 3 6 9 18 36 72 81 153 234 468 471 b
1 2 3 6 9 18 36 72 81 162 234 237 471 b
1 2 3 6 9 18 36 72 81 162 234 468 471 b
1 2 3 6 9 18 36 72 90 144 234 237 471 a
1 2 3 6 9 18 36 72 90 144 234 468 471 a
1 2 3 6 9 18 36 72 90 162 234 237 471 b
1 2 3 6 9 18 36 72 90 162 234 468 471 b
1 2 3 6 9 18 36 72 108 109 181 290 471 b
1 2 3 6 9 18 36 72 108 109 181 362 471 b
1 2 3 6 9 18 36 72 108 111 180 291 471 a
1 2 3 6 9 18 36 72 108 111 180 360 471 a
1 2 3 6 9 18 36 72 108 117 234 237 471 b
1 2 3 6 9 18 36 72 108 117 234 468 471 b
1 2 3 6 9 18 36 72 108 126 234 237 471 b
1 2 3 6 9 18 36 72 108 126 234 468 471 b
1 2 3 6 9 18 36 72 108 180 183 288 471 a
1 2 3 6 9 18 36 72 108 180 183 291 471 b
1 2 3 6 9 18 36 72 108 180 183 363 471 b
1 2 3 6 9 18 36 72 108 180 288 291 471 b
1 2 3 6 9 18 36 72 108 180 288 468 471 b
1 2 3 6 9 18 36 72 108 180 360 363 471 b
1 2 3 6 9 18 36 72 108 180 360 468 471 b
1 2 3 6 9 18 36 72 108 216 219 252 471 a
1 2 3 6 9 18 36 72 108 216 219 255 471 b
1 2 3 6 9 18 36 72 108 216 219 435 471 b
1 2 3 6 9 18 36 72 108 216 234 237 471 b
1 2 3 6 9 18 36 72 108 216 234 468 471 b
1 2 3 6 9 18 36 72 108 216 252 255 471 b
1 2 3 6 9 18 36 72 108 216 252 468 471 b
1 2 3 6 9 18 36 72 108 216 432 435 471 b
1 2 3 6 9 18 36 72 108 216 432 468 471 b
1 2 3 6 9 18 36 72 144 145 163 308 471 b
1 2 3 6 9 18 36 72 144 145 163 326 471 b
1 2 3 6 9 18 36 72 144 145 181 290 471 a
1 2 3 6 9 18 36 72 144 145 181 326 471 b
1 2 3 6 9 18 36 72 144 145 290 326 471 b
1 2 3 6 9 18 36 72 144 145 290 435 471 b
1 2 3 6 9 18 36 72 144 147 162 309 471 a
1 2 3 6 9 18 36 72 144 147 162 324 471 a
1 2 3 6 9 18 36 72 144 147 180 291 471 a
1 2 3 6 9 18 36 72 144 147 180 324 471 a
1 2 3 6 9 18 36 72 144 147 180 327 471 a
1 2 3 6 9 18 36 72 144 147 183 288 471 a
1 2 3 6 9 18 36 72 144 147 183 327 471 b
1 2 3 6 9 18 36 72 144 147 288 324 471 a
1 2 3 6 9 18 36 72 144 147 288 435 471 a
1 2 3 6 9 18 36 72 144 147 291 327 471 b
1 2 3 6 9 18 36 72 144 147 291 435 471 b
1 2 3 6 9 18 36 72 144 153 159 312 471 b
1 2 3 6 9 18 36 72 144 153 159 318 471 b
1 2 3 6 9 18 36 72 144 162 165 306 471 a
1 2 3 6 9 18 36 72 144 162 165 309 471 b
1 2 3 6 9 18 36 72 144 162 165 327 471 b
1 2 3 6 9 18 36 72 144 162 234 237 471 b
1 2 3 6 9 18 36 72 144 162 234 468 471 b
1 2 3 6 9 18 36 72 144 162 306 309 471 b
1 2 3 6 9 18 36 72 144 162 306 468 471 b
1 2 3 6 9 18 36 72 144 162 324 327 471 b
1 2 3 6 9 18 36 72 144 162 324 468 471 b
1 2 3 6 9 18 36 72 144 180 183 288 471 a
1 2 3 6 9 18 36 72 144 180 183 327 471 b
1 2 3 6 9 18 36 72 144 180 288 291 471 a
1 2 3 6 9 18 36 72 144 180 288 468 471 a
1 2 3 6 9 18 36 72 144 180 324 327 471 b
1 2 3 6 9 18 36 72 144 180 324 468 471 b
1 2 3 6 9 18 36 72 144 216 219 252 471 a
1 2 3 6 9 18 36 72 144 216 219 255 471 b
1 2 3 6 9 18 36 72 144 216 219 435 471 b
1 2 3 6 9 18 36 72 144 216 234 237 471 b
1 2 3 6 9 18 36 72 144 216 234 468 471 b
1 2 3 6 9 18 36 72 144 216 252 255 471 b
1 2 3 6 9 18 36 72 144 216 252 468 471 b
1 2 3 6 9 18 36 72 144 216 432 435 471 b
1 2 3 6 9 18 36 72 144 216 432 468 471 b
1 2 3 6 9 18 36 72 144 288 291 327 471 b
1 2 3 6 9 18 36 72 144 288 291 435 471 b
1 2 3 6 9 18 36 72 144 288 324 327 471 b
1 2 3 6 9 18 36 72 144 288 324 468 471 b
1 2 3 6 9 18 36 72 144 288 432 435 471 b
1 2 3 6 9 18 36 72 144 288 432 468 471 b
1 2 3 6 12 13 18 36 72 85 157 314 471 a
1 2 3 6 12 13 18 36 72 144 157 314 471 a
1 2 3 6 12 13 24 36 72 85 157 314 471 a
1 2 3 6 12 13 24 36 72 144 157 314 471 a
1 2 3 6 12 13 24 48 61 96 157 314 471 a
1 2 3 6 12 13 24 48 61 109 157 314 471 a
1 2 3 6 12 13 24 48 72 85 157 314 471 a
1 2 3 6 12 13 24 48 72 144 157 314 471 a
1 2 3 6 12 13 24 48 96 109 157 314 471 a
1 2 3 6 12 13 24 48 96 144 157 314 471 a
1 2 3 6 12 13 26 39 78 79 157 314 471 b
1 2 3 6 12 13 26 39 78 117 234 237 471 b
1 2 3 6 12 13 26 39 78 117 234 468 471 b
1 2 3 6 12 13 26 39 78 156 157 314 471 b
1 2 3 6 12 13 26 39 78 156 159 312 471 a
1 2 3 6 12 13 26 39 78 156 159 315 471 b
1 2 3 6 12 13 26 39 78 156 234 237 471 b
1 2 3 6 12 13 26 39 78 156 234 468 471 b
1 2 3 6 12 13 26 39 78 156 312 315 471 b
1 2 3 6 12 13 26 39 78 156 312 468 471 b
1 2 3 6 12 13 26 52 53 104 157 314 471 a
1 2 3 6 12 13 26 52 53 105 157 314 471 b
1 2 3 6 12 13 26 52 55 104 208 263 471 a
1 2 3 6 12 13 26 52 55 104 208 416 471 a
1 2 3 6 12 13 26 52 65 117 234 237 471 b
1 2 3 6 12 13 26 52 65 117 234 468 471 b
1 2 3 6 12 13 26 52 78 79 157 314 471 b
1 2 3 6 12 13 26 52 78 156 157 314 471 b
1 2 3 6 12 13 26 52 78 156 159 312 471 a
1 2 3 6 12 13 26 52 78 156 159 315 471 b
1 2 3 6 12 13 26 52 78 156 234 237 471 b
1 2 3 6 12 13 26 52 78 156 234 468 471 b
1 2 3 6 12 13 26 52 78 156 312 315 471 b
1 2 3 6 12 13 26 52 78 156 312 468 471 b
1 2 3 6 12 13 26 52 104 105 157 314 471 b
1 2 3 6 12 13 26 52 104 117 234 237 471 b
1 2 3 6 12 13 26 52 104 117 234 468 471 b
1 2 3 6 12 13 26 52 104 130 234 237 471 b
1 2 3 6 12 13 26 52 104 130 234 468 471 b
1 2 3 6 12 13 26 52 104 156 157 314 471 b
1 2 3 6 12 13 26 52 104 156 159 312 471 a
1 2 3 6 12 13 26 52 104 156 159 315 471 b
1 2 3 6 12 13 26 52 104 156 312 315 471 b
1 2 3 6 12 13 26 52 104 156 312 468 471 b
1 2 3 6 12 13 26 52 104 208 211 260 471 a
1 2 3 6 12 13 26 52 104 208 211 263 471 b
1 2 3 6 12 13 26 52 104 208 211 419 471 b
1 2 3 6 12 13 26 52 104 208 234 237 471 b
1 2 3 6 12 13 26 52 104 208 234 468 471 b
1 2 3 6 12 13 26 52 104 208 260 263 471 b
1 2 3 6 12 13 26 52 104 208 260 468 471 b
1 2 3 6 12 13 26 52 104 208 416 419 471 b
1 2 3 6 12 13 26 52 104 208 416 468 471 b
1 2 3 6 12 14 26 52 53 104 157 314 471 a
1 2 3 6 12 14 26 52 53 105 157 314 471 b
1 2 3 6 12 14 26 52 55 104 208 263 471 a
1 2 3 6 12 14 26 52 55 104 208 416 471 a
1 2 3 6 12 14 26 52 78 79 157 314 471 b
1 2 3 6 12 14 26 52 78 156 157 314 471 b
1 2 3 6 12 14 26 52 78 156 159 312 471 a
1 2 3 6 12 14 26 52 78 156 159 315 471 b
1 2 3 6 12 14 26 52 78 156 234 237 471 b
1 2 3 6 12 14 26 52 78 156 234 468 471 b
1 2 3 6 12 14 26 52 78 156 312 315 471 b
1 2 3 6 12 14 26 52 78 156 312 468 471 b
1 2 3 6 12 14 26 52 104 105 157 314 471 b
1 2 3 6 12 14 26 52 104 130 234 237 471 b
1 2 3 6 12 14 26 52 104 130 234 468 471 b
1 2 3 6 12 14 26 52 104 156 157 314 471 b
1 2 3 6 12 14 26 52 104 156 159 312 471 a
1 2 3 6 12 14 26 52 104 156 159 315 471 b
1 2 3 6 12 14 26 52 104 156 312 315 471 b
1 2 3 6 12 14 26 52 104 156 312 468 471 b
1 2 3 6 12 14 26 52 104 208 211 260 471 a
1 2 3 6 12 14 26 52 104 208 211 263 471 b
1 2 3 6 12 14 26 52 104 208 211 419 471 b
1 2 3 6 12 14 26 52 104 208 234 237 471 b
1 2 3 6 12 14 26 52 104 208 234 468 471 b
1 2 3 6 12 14 26 52 104 208 260 263 471 b
1 2 3 6 12 14 26 52 104 208 260 468 471 b
1 2 3 6 12 14 26 52 104 208 416 419 471 b
1 2 3 6 12 14 26 52 104 208 416 468 471 b
1 2 3 6 12 15 21 36 57 114 228 243 471 b
1 2 3 6 12 15 21 36 57 114 228 456 471 b
1 2 3 6 12 15 21 42 57 114 228 243 471 b
1 2 3 6 12 15 21 42 57 114 228 456 471 b
1 2 3 6 12 15 24 39 54 108 216 255 471 a
1 2 3 6 12 15 24 39 54 108 216 432 471 a
1 2 3 6 12 15 24 39 63 102 204 267 471 a
1 2 3 6 12 15 24 39 63 102 204 408 471 a
1 2 3 6 12 15 24 39 78 79 157 314 471 a
1 2 3 6 12 15 24 39 78 117 234 237 471 a
1 2 3 6 12 15 24 39 78 117 234 468 471 a
1 2 3 6 12 15 24 39 78 156 157 314 471 a
1 2 3 6 12 15 24 39 78 156 159 312 471 a
1 2 3 6 12 15 24 39 78 156 159 315 471 a
1 2 3 6 12 15 24 39 78 156 234 237 471 a
1 2 3 6 12 15 24 39 78 156 234 468 471 a
1 2 3 6 12 15 24 39 78 156 312 315 471 a
1 2 3 6 12 15 24 39 78 156 312 468 471 a
1 2 3 6 12 15 27 30 57 114 228 243 471 b
1 2 3 6 12 15 27 30 57 114 228 456 471 b
1 2 3 6 12 15 27 39 54 108 216 255 471 b
1 2 3 6 12 15 27 39 54 108 216 432 471 b
1 2 3 6 12 15 27 39 78 79 157 314 471 b
1 2 3 6 12 15 27 39 78 105 183 288 471 b
1 2 3 6 12 15 27 39 78 105 183 366 471 b
1 2 3 6 12 15 27 39 78 117 234 237 471 b
1 2 3 6 12 15 27 39 78 117 234 468 471 b
1 2 3 6 12 15 27 39 78 156 157 314 471 b
1 2 3 6 12 15 27 39 78 156 159 312 471 a
1 2 3 6 12 15 27 39 78 156 159 315 471 b
1 2 3 6 12 15 27 39 78 156 234 237 471 b
1 2 3 6 12 15 27 39 78 156 234 468 471 b
1 2 3 6 12 15 27 39 78 156 312 315 471 b
1 2 3 6 12 15 27 39 78 156 312 468 471 b
1 2 3 6 12 15 27 42 57 114 228 243 471 b
1 2 3 6 12 15 27 42 57 114 228 456 471 b
1 2 3 6 12 15 27 42 69 111 180 291 471 b
1 2 3 6 12 15 27 42 69 111 180 360 471 b
1 2 3 6 12 15 27 42 69 111 222 249 471 b
1 2 3 6 12 15 27 42 69 111 222 444 471 b
1 2 3 6 12 15 27 42 84 111 222 249 471 b
1 2 3 6 12 15 27 42 84 111 222 444 471 b
1 2 3 6 12 15 27 54 57 111 222 249 471 b
1 2 3 6 12 15 27 54 57 111 222 444 471 b
1 2 3 6 12 15 27 54 57 114 228 243 471 b
1 2 3 6 12 15 27 54 57 114 228 456 471 b
1 2 3 6 12 15 27 54 60 114 228 243 471 b
1 2 3 6 12 15 27 54 60 114 228 456 471 b
1 2 3 6 12 15 27 54 108 111 222 249 471 b
1 2 3 6 12 15 27 54 108 111 222 444 471 b
1 2 3 6 12 15 27 54 108 114 222 249 471 b
1 2 3 6 12 15 27 54 108 114 222 444 471 b
1 2 3 6 12 15 27 54 108 114 228 243 471 b
1 2 3 6 12 15 27 54 108 114 228 456 471 b
1 2 3 6 12 15 27 54 108 120 228 243 471 b
1 2 3 6 12 15 27 54 108 120 228 456 471 b
1 2 3 6 12 15 27 54 108 216 222 249 471 b
1 2 3 6 12 15 27 54 108 216 222 444 471 b
1 2 3 6 12 15 27 54 108 216 228 243 471 b
1 2 3 6 12 15 27 54 108 216 228 255 471 b
1 2 3 6 12 15 27 54 108 216 228 444 471 b
1 2 3 6 12 15 27 54 108 216 228 456 471 b
1 2 3 6 12 15 27 54 108 216 243 255 471 b
1 2 3 6 12 15 27 54 108 216 243 459 471 b
1 2 3 6 12 15 27 54 108 216 432 444 471 b
1 2 3 6 12 15 27 54 108 216 432 459 471 b
1 2 3 6 12 15 30 42 57 114 228 243 471 b
1 2 3 6 12 15 30 42 57 114 228 456 471 b
1 2 3 6 12 15 30 42 72 114 228 243 471 b
1 2 3 6 12 15 30 42 72 114 228 456 471 b
1 2 3 6 12 15 30 42 84 114 228 243 471 b
1 2 3 6 12 15 30 42 84 114 228 456 471 b
1 2 3 6 12 15 30 45 57 114 228 243 471 b
1 2 3 6 12 15 30 45 57 114 228 456 471 b
1 2 3 6 12 18 21 39 78 79 157 314 471 b
1 2 3 6 12 18 21 39 78 117 234 237 471 b
1 2 3 6 12 18 21 39 78 117 234 468 471 b
1 2 3 6 12 18 21 39 78 156 157 314 471 b
1 2 3 6 12 18 21 39 78 156 159 312 471 a
1 2 3 6 12 18 21 39 78 156 159 315 471 b
1 2 3 6 12 18 21 39 78 156 234 237 471 b
1 2 3 6 12 18 21 39 78 156 234 468 471 b
1 2 3 6 12 18 21 39 78 156 312 315 471 b
1 2 3 6 12 18 21 39 78 156 312 468 471 b
1 2 3 6 12 18 30 48 78 79 157 314 471 b
1 2 3 6 12 18 30 48 78 156 157 314 471 b
1 2 3 6 12 18 30 48 78 156 159 312 471 a
1 2 3 6 12 18 30 48 78 156 159 315 471 b
1 2 3 6 12 18 30 48 78 156 234 237 471 b
1 2 3 6 12 18 30 48 78 156 234 468 471 b
1 2 3 6 12 18 30 48 78 156 312 315 471 b
1 2 3 6 12 18 30 48 78 156 312 468 471 b
1 2 3 6 12 18 30 60 78 79 157 314 471 b
1 2 3 6 12 18 30 60 78 156 157 314 471 b
1 2 3 6 12 18 30 60 78 156 159 312 471 a
1 2 3 6 12 18 30 60 78 156 159 315 471 b
1 2 3 6 12 18 30 60 78 156 234 237 471 b
1 2 3 6 12 18 30 60 78 156 234 468 471 b
1 2 3 6 12 18 30 60 78 156 312 315 471 b
1 2 3 6 12 18 30 60 78 156 312 468 471 b
1 2 3 6 12 18 36 37 72 109 181 290 471 a
1 2 3 6 12 18 36 37 72 109 181 362 471 a
1 2 3 6 12 18 36 39 54 108 216 255 471 a
1 2 3 6 12 18 36 39 54 108 216 432 471 a
1 2 3 6 12 18 36 39 72 108 216 255 471 a
1 2 3 6 12 18 36 39 72 108 216 432 471 a
1 2 3 6 12 18 36 39 72 144 183 288 471 a
1 2 3 6 12 18 36 39 72 144 183 327 471 a
1 2 3 6 12 18 36 39 72 144 216 255 471 a
1 2 3 6 12 18 36 39 72 144 216 432 471 a
1 2 3 6 12 18 36 39 72 144 288 327 471 a
1 2 3 6 12 18 36 39 72 144 288 432 471 a
1 2 3 6 12 18 36 39 78 79 157 314 471 b
1 2 3 6 12 18 36 39 78 117 234 237 471 b
1 2 3 6 12 18 36 39 78 117 234 468 471 b
1 2 3 6 12 18 36 39 78 156 157 314 471 b
1 2 3 6 12 18 36 39 78 156 159 312 471 a
1 2 3 6 12 18 36 39 78 156 159 315 471 b
1 2 3 6 12 18 36 39 78 156 234 237 471 b
1 2 3 6 12 18 36 39 78 156 234 468 471 b
1 2 3 6 12 18 36 39 78 156 312 315 471 b
1 2 3 6 12 18 36 39 78 156 312 468 471 b
1 2 3 6 12 18 36 42 78 79 157 314 471 b
1 2 3 6 12 18 36 42 78 156 157 314 471 b
1 2 3 6 12 18 36 42 78 156 159 312 471 a
1 2 3 6 12 18 36 42 78 156 159 315 471 b
1 2 3 6 12 18 36 42 78 156 234 237 471 b
1 2 3 6 12 18 36 42 78 156 234 468 471 b
1 2 3 6 12 18 36 42 78 156 312 315 471 b
1 2 3 6 12 18 36 42 78 156 312 468 471 b
1 2 3 6 12 18 36 54 90 144 234 237 471 b
1 2 3 6 12 18 36 54 90 144 234 468 471 b
1 2 3 6 12 18 36 54 90 180 234 237 471 b
1 2 3 6 12 18 36 54 90 180 234 468 471 b
1 2 3 6 12 18 36 54 108 126 234 237 471 b
1 2 3 6 12 18 36 54 108 126 234 468 471 b
1 2 3 6 12 18 36 54 108 216 219 252 471 a
1 2 3 6 12 18 36 54 108 216 219 255 471 b
1 2 3 6 12 18 36 54 108 216 219 435 471 b
1 2 3 6 12 18 36 54 108 216 234 237 471 b
1 2 3 6 12 18 36 54 108 216 234 468 471 b
1 2 3 6 12 18 36 54 108 216 252 255 471 b
1 2 3 6 12 18 36 54 108 216 252 468 471 b
1 2 3 6 12 18 36 54 108 216 432 435 471 b
1 2 3 6 12 18 36 54 108 216 432 468 471 b
1 2 3 6 12 18 36 72 73 84 157 314 471 a
1 2 3 6 12 18 36 72 73 85 157 314 471 b
1 2 3 6 12 18 36 72 73 109 181 290 471 b
1 2 3 6 12 18 36 72 73 109 181 362 471 b
1 2 3 6 12 18 36 72 73 145 157 314 471 b
1 2 3 6 12 18 36 72 73 145 163 308 471 b
1 2 3 6 12 18 36 72 73 145 163 326 471 b
1 2 3 6 12 18 36 72 73 145 181 290 471 a
1 2 3 6 12 18 36 72 73 145 181 326 471 b
1 2 3 6 12 18 36 72 73 145 290 326 471 b
1 2 3 6 12 18 36 72 73 145 290 435 471 b
1 2 3 6 12 18 36 72 78 79 157 314 471 b
1 2 3 6 12 18 36 72 78 156 157 314 471 b
1 2 3 6 12 18 36 72 78 156 159 312 471 a
1 2 3 6 12 18 36 72 78 156 159 315 471 b
1 2 3 6 12 18 36 72 78 156 234 237 471 b
1 2 3 6 12 18 36 72 78 156 234 468 471 b
1 2 3 6 12 18 36 72 78 156 312 315 471 b
1 2 3 6 12 18 36 72 78 156 312 468 471 b
1 2 3 6 12 18 36 72 84 85 157 314 471 b
1 2 3 6 12 18 36 72 84 156 157 314 471 b
1 2 3 6 12 18 36 72 84 156 159 312 471 a
1 2 3 6 12 18 36 72 84 156 159 315 471 b
1 2 3 6 12 18 36 72 84 156 312 315 471 b
1 2 3 6 12 18 36 72 84 156 312 468 471 b
1 2 3 6 12 18 36 72 90 144 234 237 471 a
1 2 3 6 12 18 36 72 90 144 234 468 471 a
1 2 3 6 12 18 36 72 90 162 234 237 471 b
1 2 3 6 12 18 36 72 90 162 234 468 471 b
1 2 3 6 12 18 36 72 108 109 181 290 471 b
1 2 3 6 12 18 36 72 108 109 181 362 471 b
1 2 3 6 12 18 36 72 108 111 180 291 471 a
1 2 3 6 12 18 36 72 108 111 180 360 471 a
1 2 3 6 12 18 36 72 108 126 234 237 471 b
1 2 3 6 12 18 36 72 108 126 234 468 471 b
1 2 3 6 12 18 36 72 108 180 183 288 471 a
1 2 3 6 12 18 36 72 108 180 183 291 471 b
1 2 3 6 12 18 36 72 108 180 183 363 471 b
1 2 3 6 12 18 36 72 108 180 288 291 471 b
1 2 3 6 12 18 36 72 108 180 288 468 471 b
1 2 3 6 12 18 36 72 108 180 360 363 471 b
1 2 3 6 12 18 36 72 108 180 360 468 471 b
1 2 3 6 12 18 36 72 108 216 219 252 471 a
1 2 3 6 12 18 36 72 108 216 219 255 471 b
1 2 3 6 12 18 36 72 108 216 219 435 471 b
1 2 3 6 12 18 36 72 108 216 234 237 471 b
1 2 3 6 12 18 36 72 108 216 234 468 471 b
1 2 3 6 12 18 36 72 108 216 252 255 471 b
1 2 3 6 12 18 36 72 108 216 252 468 471 b
1 2 3 6 12 18 36 72 108 216 432 435 471 b
1 2 3 6 12 18 36 72 108 216 432 468 471 b
1 2 3 6 12 18 36 72 144 145 157 314 471 b
1 2 3 6 12 18 36 72 144 145 163 308 471 b
1 2 3 6 12 18 36 72 144 145 163 326 471 b
1 2 3 6 12 18 36 72 144 145 181 290 471 a
1 2 3 6 12 18 36 72 144 145 181 326 471 b
1 2 3 6 12 18 36 72 144 145 290 326 471 b
1 2 3 6 12 18 36 72 144 145 290 435 471 b
1 2 3 6 12 18 36 72 144 147 162 309 471 a
1 2 3 6 12 18 36 72 144 147 162 324 471 a
1 2 3 6 12 18 36 72 144 147 180 291 471 a
1 2 3 6 12 18 36 72 144 147 180 324 471 a
1 2 3 6 12 18 36 72 144 147 180 327 471 a
1 2 3 6 12 18 36 72 144 147 183 288 471 a
1 2 3 6 12 18 36 72 144 147 183 327 471 b
1 2 3 6 12 18 36 72 144 147 288 324 471 a
1 2 3 6 12 18 36 72 144 147 288 435 471 a
1 2 3 6 12 18 36 72 144 147 291 327 471 b
1 2 3 6 12 18 36 72 144 147 291 435 471 b
1 2 3 6 12 18 36 72 144 156 157 314 471 b
1 2 3 6 12 18 36 72 144 156 159 312 471 a
1 2 3 6 12 18 36 72 144 156 159 315 471 b
1 2 3 6 12 18 36 72 144 156 312 315 471 b
1 2 3 6 12 18 36 72 144 156 312 468 471 b
1 2 3 6 12 18 36 72 144 162 165 306 471 a
1 2 3 6 12 18 36 72 144 162 165 309 471 b
1 2 3 6 12 18 36 72 144 162 165 327 471 b
1 2 3 6 12 18 36 72 144 162 234 237 471 b
1 2 3 6 12 18 36 72 144 162 234 468 471 b
1 2 3 6 12 18 36 72 144 162 306 309 471 b
1 2 3 6 12 18 36 72 144 162 306 468 471 b
1 2 3 6 12 18 36 72 144 162 324 327 471 b
1 2 3 6 12 18 36 72 144 162 324 468 471 b
1 2 3 6 12 18 36 72 144 180 183 288 471 a
1 2 3 6 12 18 36 72 144 180 183 327 471 b
1 2 3 6 12 18 36 72 144 180 288 291 471 a
1 2 3 6 12 18 36 72 144 180 288 468 471 a
1 2 3 6 12 18 36 72 144 180 324 327 471 b
1 2 3 6 12 18 36 72 144 180 324 468 471 b
1 2 3 6 12 18 36 72 144 216 219 252 471 a
1 2 3 6 12 18 36 72 144 216 219 255 471 b
1 2 3 6 12 18 36 72 144 216 219 435 471 b
1 2 3 6 12 18 36 72 144 216 234 237 471 b
1 2 3 6 12 18 36 72 144 216 234 468 471 b
1 2 3 6 12 18 36 72 144 216 252 255 471 b
1 2 3 6 12 18 36 72 144 216 252 468 471 b
1 2 3 6 12 18 36 72 144 216 432 435 471 b
1 2 3 6 12 18 36 72 144 216 432 468 471 b
1 2 3 6 12 18 36 72 144 288 291 327 471 b
1 2 3 6 12 18 36 72 144 288 291 435 471 b
1 2 3 6 12 18 36 72 144 288 324 327 471 b
1 2 3 6 12 18 36 72 144 288 324 468 471 b
1 2 3 6 12 18 36 72 144 288 432 435 471 b
1 2 3 6 12 18 36 72 144 288 432 468 471 b
1 2 3 6 12 24 25 31 55 110 220 251 471 b
1 2 3 6 12 24 25 31 55 110 220 440 471 b
1 2 3 6 12 24 25 49 55 104 208 263 471 b
1 2 3 6 12 24 25 49 55 104 208 416 471 b
1 2 3 6 12 24 25 50 75 99 198 273 471 b
1 2 3 6 12 24 25 50 75 99 198 396 471 b
1 2 3 6 12 24 26 52 53 104 157 314 471 a
1 2 3 6 12 24 26 52 53 105 157 314 471 b
1 2 3 6 12 24 26 52 55 104 208 263 471 a
1 2 3 6 12 24 26 52 55 104 208 416 471 a
1 2 3 6 12 24 26 52 78 79 157 314 471 b
1 2 3 6 12 24 26 52 78 156 157 314 471 b
1 2 3 6 12 24 26 52 78 156 159 312 471 a
1 2 3 6 12 24 26 52 78 156 159 315 471 b
1 2 3 6 12 24 26 52 78 156 234 237 471 b
1 2 3 6 12 24 26 52 78 156 234 468 471 b
1 2 3 6 12 24 26 52 78 156 312 315 471 b
1 2 3 6 12 24 26 52 78 156 312 468 471 b
1 2 3 6 12 24 26 52 104 105 157 314 471 b
1 2 3 6 12 24 26 52 104 130 234 237 471 b
1 2 3 6 12 24 26 52 104 130 234 468 471 b
1 2 3 6 12 24 26 52 104 156 157 314 471 b
1 2 3 6 12 24 26 52 104 156 159 312 471 a
1 2 3 6 12 24 26 52 104 156 159 315 471 b
1 2 3 6 12 24 26 52 104 156 312 315 471 b
1 2 3 6 12 24 26 52 104 156 312 468 471 b
1 2 3 6 12 24 26 52 104 208 211 260 471 a
1 2 3 6 12 24 26 52 104 208 211 263 471 b
1 2 3 6 12 24 26 52 104 208 211 419 471 b
1 2 3 6 12 24 26 52 104 208 234 237 471 b
1 2 3 6 12 24 26 52 104 208 234 468 471 b
1 2 3 6 12 24 26 52 104 208 260 263 471 b
1 2 3 6 12 24 26 52 104 208 260 468 471 b
1 2 3 6 12 24 26 52 104 208 416 419 471 b
1 2 3 6 12 24 26 52 104 208 416 468 471 b
1 2 3 6 12 24 27 39 54 108 216 255 471 a
1 2 3 6 12 24 27 39 54 108 216 432 471 a
1 2 3 6 12 24 27 39 63 102 204 267 471 b
1 2 3 6 12 24 27 39 63 102 204 408 471 b
1 2 3 6 12 24 27 39 78 79 157 314 471 b
1 2 3 6 12 24 27 39 78 105 183 288 471 b
1 2 3 6 12 24 27 39 78 105 183 366 471 b
1 2 3 6 12 24 27 39 78 117 234 237 471 b
1 2 3 6 12 24 27 39 78 117 234 468 471 b
1 2 3 6 12 24 27 39 78 156 157 314 471 b
1 2 3 6 12 24 27 39 78 156 159 312 471 a
1 2 3 6 12 24 27 39 78 156 159 315 471 b
1 2 3 6 12 24 27 39 78 156 234 237 471 b
1 2 3 6 12 24 27 39 78 156 234 468 471 b
1 2 3 6 12 24 27 39 78 156 312 315 471 b
1 2 3 6 12 24 27 39 78 156 312 468 471 b
1 2 3 6 12 24 27 48 75 99 198 273 471 a
1 2 3 6 12 24 27 48 75 99 198 396 471 a
1 2 3 6 12 24 27 48 75 123 198 273 471 a
1 2 3 6 12 24 27 48 75 123 198 396 471 a
1 2 3 6 12 24 27 48 75 150 198 273 471 a
1 2 3 6 12 24 27 48 75 150 198 396 471 a
1 2 3 6 12 24 27 51 53 104 157 314 471 b
1 2 3 6 12 24 27 51 53 106 157 314 471 b
1 2 3 6 12 24 27 51 54 105 210 261 471 b
1 2 3 6 12 24 27 51 54 105 210 420 471 b
1 2 3 6 12 24 27 51 63 102 204 267 471 a
1 2 3 6 12 24 27 51 63 102 204 408 471 a
1 2 3 6 12 24 27 51 75 99 198 273 471 b
1 2 3 6 12 24 27 51 75 99 198 396 471 b
1 2 3 6 12 24 27 51 78 79 157 314 471 b
1 2 3 6 12 24 27 51 78 105 183 288 471 b
1 2 3 6 12 24 27 51 78 105 183 366 471 b
1 2 3 6 12 24 27 51 78 105 210 261 471 b
1 2 3 6 12 24 27 51 78 105 210 420 471 b
1 2 3 6 12 24 27 51 78 156 157 314 471 b
1 2 3 6 12 24 27 51 78 156 159 312 471 a
1 2 3 6 12 24 27 51 78 156 159 315 471 b
1 2 3 6 12 24 27 51 78 156 234 237 471 b
1 2 3 6 12 24 27 51 78 156 234 468 471 b
1 2 3 6 12 24 27 51 78 156 312 315 471 b
1 2 3 6 12 24 27 51 78 156 312 468 471 b
1 2 3 6 12 24 27 51 102 105 210 261 471 b
1 2 3 6 12 24 27 51 102 105 210 420 471 b
1 2 3 6 12 24 27 51 102 108 210 261 471 b
1 2 3 6 12 24 27 51 102 108 210 420 471 b
1 2 3 6 12 24 27 51 102 153 159 312 471 b
1 2 3 6 12 24 27 51 102 153 159 318 471 b
1 2 3 6 12 24 27 51 102 153 165 306 471 a
1 2 3 6 12 24 27 51 102 153 165 318 471 b
1 2 3 6 12 24 27 51 102 153 306 318 471 b
1 2 3 6 12 24 27 51 102 153 306 459 471 b
1 2 3 6 12 24 27 51 102 204 210 261 471 b
1 2 3 6 12 24 27 51 102 204 210 420 471 b
1 2 3 6 12 24 27 51 102 204 216 255 471 a
1 2 3 6 12 24 27 51 102 204 216 267 471 b
1 2 3 6 12 24 27 51 102 204 216 420 471 b
1 2 3 6 12 24 27 51 102 204 255 267 471 b
1 2 3 6 12 24 27 51 102 204 255 459 471 b
1 2 3 6 12 24 27 51 102 204 408 420 471 b
1 2 3 6 12 24 27 51 102 204 408 459 471 b
1 2 3 6 12 24 27 54 57 111 222 249 471 b
1 2 3 6 12 24 27 54 57 111 222 444 471 b
1 2 3 6 12 24 27 54 78 79 157 314 471 b
1 2 3 6 12 24 27 54 78 105 183 288 471 b
1 2 3 6 12 24 27 54 78 105 183 366 471 b
1 2 3 6 12 24 27 54 78 156 157 314 471 b
1 2 3 6 12 24 27 54 78 156 159 312 471 a
1 2 3 6 12 24 27 54 78 156 159 315 471 b
1 2 3 6 12 24 27 54 78 156 234 237 471 b
1 2 3 6 12 24 27 54 78 156 234 468 471 b
1 2 3 6 12 24 27 54 78 156 312 315 471 b
1 2 3 6 12 24 27 54 78 156 312 468 471 b
1 2 3 6 12 24 27 54 108 111 222 249 471 b
1 2 3 6 12 24 27 54 108 111 222 444 471 b
1 2 3 6 12 24 27 54 108 114 222 249 471 b
1 2 3 6 12 24 27 54 108 114 222 444 471 b
1 2 3 6 12 24 27 54 108 216 222 249 471 b
1 2 3 6 12 24 27 54 108 216 222 444 471 b
1 2 3 6 12 24 27 54 108 216 228 243 471 a
1 2 3 6 12 24 27 54 108 216 228 255 471 b
1 2 3 6 12 24 27 54 108 216 228 444 471 b
1 2 3 6 12 24 27 54 108 216 243 255 471 b
1 2 3 6 12 24 27 54 108 216 243 459 471 b
1 2 3 6 12 24 27 54 108 216 432 444 471 b
1 2 3 6 12 24 27 54 108 216 432 459 471 b
1 2 3 6 12 24 30 31 55 110 220 251 471 b
1 2 3 6 12 24 30 31 55 110 220 440 471 b
1 2 3 6 12 24 30 48 78 79 157 314 471 a
1 2 3 6 12 24 30 48 78 156 157 314 471 a
1 2 3 6 12 24 30 48 78 156 159 312 471 a
1 2 3 6 12 24 30 48 78 156 159 315 471 a
1 2 3 6 12 24 30 48 78 156 234 237 471 a
1 2 3 6 12 24 30 48 78 156 234 468 471 a
1 2 3 6 12 24 30 48 78 156 312 315 471 a
1 2 3 6 12 24 30 48 78 156 312 468 471 a
1 2 3 6 12 24 30 54 78 79 157 314 471 b
1 2 3 6 12 24 30 54 78 156 157 314 471 b
1 2 3 6 12 24 30 54 78 156 159 312 471 a
1 2 3 6 12 24 30 54 78 156 159 315 471 b
1 2 3 6 12 24 30 54 78 156 234 237 471 b
1 2 3 6 12 24 30 54 78 156 234 468 471 b
1 2 3 6 12 24 30 54 78 156 312 315 471 b
1 2 3 6 12 24 30 54 78 156 312 468 471 b
1 2 3 6 12 24 36 37 60 97 157 314 471 a
1 2 3 6 12 24 36 37 60 120 157 314 471 a
1 2 3 6 12 24 36 37 72 109 181 290 471 a
1 2 3 6 12 24 36 37 72 109 181 362 471 a
1 2 3 6 12 24 36 39 63 102 204 267 471 b
1 2 3 6 12 24 36 39 63 102 204 408 471 b
1 2 3 6 12 24 36 39 72 108 216 255 471 a
1 2 3 6 12 24 36 39 72 108 216 432 471 a
1 2 3 6 12 24 36 39 72 144 183 288 471 a
1 2 3 6 12 24 36 39 72 144 183 327 471 a
1 2 3 6 12 24 36 39 72 144 216 255 471 a
1 2 3 6 12 24 36 39 72 144 216 432 471 a
1 2 3 6 12 24 36 39 72 144 288 327 471 a
1 2 3 6 12 24 36 39 72 144 288 432 471 a
1 2 3 6 12 24 36 39 75 99 198 273 471 b
1 2 3 6 12 24 36 39 75 99 198 396 471 b
1 2 3 6 12 24 36 39 78 79 157 314 471 b
1 2 3 6 12 24 36 39 78 117 234 237 471 b
1 2 3 6 12 24 36 39 78 117 234 468 471 b
1 2 3 6 12 24 36 39 78 156 157 314 471 b
1 2 3 6 12 24 36 39 78 156 159 312 471 a
1 2 3 6 12 24 36 39 78 156 159 315 471 b
1 2 3 6 12 24 36 39 78 156 234 237 471 b
1 2 3 6 12 24 36 39 78 156 234 468 471 b
1 2 3 6 12 24 36 39 78 156 312 315 471 b
1 2 3 6 12 24 36 39 78 156 312 468 471 b
1 2 3 6 12 24 36 42 78 79 157 314 471 b
1 2 3 6 12 24 36 42 78 156 157 314 471 b
1 2 3 6 12 24 36 42 78 156 159 312 471 a
1 2 3 6 12 24 36 42 78 156 159 315 471 b
1 2 3 6 12 24 36 42 78 156 234 237 471 b
1 2 3 6 12 24 36 42 78 156 234 468 471 b
1 2 3 6 12 24 36 42 78 156 312 315 471 b
1 2 3 6 12 24 36 42 78 156 312 468 471 b
1 2 3 6 12 24 36 60 61 96 157 314 471 a
1 2 3 6 12 24 36 60 61 97 157 314 471 b
1 2 3 6 12 24 36 60 61 121 157 314 471 b
1 2 3 6 12 24 36 60 96 97 157 314 471 b
1 2 3 6 12 24 36 60 96 156 157 314 471 b
1 2 3 6 12 24 36 60 96 156 159 312 471 a
1 2 3 6 12 24 36 60 96 156 159 315 471 b
1 2 3 6 12 24 36 60 96 156 312 315 471 b
1 2 3 6 12 24 36 60 96 156 312 468 471 b
1 2 3 6 12 24 36 60 120 121 157 314 471 b
1 2 3 6 12 24 36 60 120 156 157 314 471 b
1 2 3 6 12 24 36 60 120 156 159 312 471 a
1 2 3 6 12 24 36 60 120 156 159 315 471 b
1 2 3 6 12 24 36 60 120 156 312 315 471 b
1 2 3 6 12 24 36 60 120 156 312 468 471 b
1 2 3 6 12 24 36 72 73 84 157 314 471 a
1 2 3 6 12 24 36 72 73 85 157 314 471 b
1 2 3 6 12 24 36 72 73 109 181 290 471 b
1 2 3 6 12 24 36 72 73 109 181 362 471 b
1 2 3 6 12 24 36 72 73 145 157 314 471 b
1 2 3 6 12 24 36 72 73 145 181 290 471 a
1 2 3 6 12 24 36 72 73 145 181 326 471 b
1 2 3 6 12 24 36 72 73 145 290 326 471 b
1 2 3 6 12 24 36 72 73 145 290 435 471 b
1 2 3 6 12 24 36 72 75 99 198 273 471 b
1 2 3 6 12 24 36 72 75 99 198 396 471 b
1 2 3 6 12 24 36 72 78 79 157 314 471 b
1 2 3 6 12 24 36 72 78 156 157 314 471 b
1 2 3 6 12 24 36 72 78 156 159 312 471 a
1 2 3 6 12 24 36 72 78 156 159 315 471 b
1 2 3 6 12 24 36 72 78 156 234 237 471 b
1 2 3 6 12 24 36 72 78 156 234 468 471 b
1 2 3 6 12 24 36 72 78 156 312 315 471 b
1 2 3 6 12 24 36 72 78 156 312 468 471 b
1 2 3 6 12 24 36 72 84 85 157 314 471 b
1 2 3 6 12 24 36 72 84 156 157 314 471 b
1 2 3 6 12 24 36 72 84 156 159 312 471 a
1 2 3 6 12 24 36 72 84 156 159 315 471 b
1 2 3 6 12 24 36 72 84 156 312 315 471 b
1 2 3 6 12 24 36 72 84 156 312 468 471 b
1 2 3 6 12 24 36 72 108 109 181 290 471 b
1 2 3 6 12 24 36 72 108 109 181 362 471 b
1 2 3 6 12 24 36 72 108 111 180 291 471 a
1 2 3 6 12 24 36 72 108 111 180 360 471 a
1 2 3 6 12 24 36 72 108 180 183 288 471 a
1 2 3 6 12 24 36 72 108 180 183 291 471 b
1 2 3 6 12 24 36 72 108 180 183 363 471 b
1 2 3 6 12 24 36 72 108 180 288 291 471 b
1 2 3 6 12 24 36 72 108 180 288 468 471 b
1 2 3 6 12 24 36 72 108 180 360 363 471 b
1 2 3 6 12 24 36 72 108 180 360 468 471 b
1 2 3 6 12 24 36 72 108 216 219 252 471 a
1 2 3 6 12 24 36 72 108 216 219 255 471 b
1 2 3 6 12 24 36 72 108 216 219 435 471 b
1 2 3 6 12 24 36 72 108 216 252 255 471 b
1 2 3 6 12 24 36 72 108 216 252 468 471 b
1 2 3 6 12 24 36 72 108 216 432 435 471 b
1 2 3 6 12 24 36 72 108 216 432 468 471 b
1 2 3 6 12 24 36 72 144 145 157 314 471 b
1 2 3 6 12 24 36 72 144 145 181 290 471 a
1 2 3 6 12 24 36 72 144 145 181 326 471 b
1 2 3 6 12 24 36 72 144 145 290 326 471 b
1 2 3 6 12 24 36 72 144 145 290 435 471 b
1 2 3 6 12 24 36 72 144 147 180 291 471 a
1 2 3 6 12 24 36 72 144 147 180 324 471 a
1 2 3 6 12 24 36 72 144 147 180 327 471 a
1 2 3 6 12 24 36 72 144 147 183 288 471 a
1 2 3 6 12 24 36 72 144 147 183 327 471 b
1 2 3 6 12 24 36 72 144 147 288 324 471 a
1 2 3 6 12 24 36 72 144 147 288 435 471 a
1 2 3 6 12 24 36 72 144 147 291 327 471 b
1 2 3 6 12 24 36 72 144 147 291 435 471 b
1 2 3 6 12 24 36 72 144 156 157 314 471 b
1 2 3 6 12 24 36 72 144 156 159 312 471 a
1 2 3 6 12 24 36 72 144 156 159 315 471 b
1 2 3 6 12 24 36 72 144 156 312 315 471 b
1 2 3 6 12 24 36 72 144 156 312 468 471 b
1 2 3 6 12 24 36 72 144 180 183 288 471 a
1 2 3 6 12 24 36 72 144 180 183 327 471 b
1 2 3 6 12 24 36 72 144 180 288 291 471 a
1 2 3 6 12 24 36 72 144 180 288 468 471 a
1 2 3 6 12 24 36 72 144 180 324 327 471 b
1 2 3 6 12 24 36 72 144 180 324 468 471 b
1 2 3 6 12 24 36 72 144 216 219 252 471 a
1 2 3 6 12 24 36 72 144 216 219 255 471 b
1 2 3 6 12 24 36 72 144 216 219 435 471 b
1 2 3 6 12 24 36 72 144 216 252 255 471 b
1 2 3 6 12 24 36 72 144 216 252 468 471 b
1 2 3 6 12 24 36 72 144 216 432 435 471 b
1 2 3 6 12 24 36 72 144 216 432 468 471 b
1 2 3 6 12 24 36 72 144 288 291 327 471 b
1 2 3 6 12 24 36 72 144 288 291 435 471 b
1 2 3 6 12 24 36 72 144 288 324 327 471 b
1 2 3 6 12 24 36 72 144 288 324 468 471 b
1 2 3 6 12 24 36 72 144 288 432 435 471 b
1 2 3 6 12 24 36 72 144 288 432 468 471 b
1 2 3 6 12 24 48 49 54 103 157 314 471 a
1 2 3 6 12 24 48 49 54 108 157 314 471 a
1 2 3 6 12 24 48 49 55 104 208 263 471 b
1 2 3 6 12 24 48 49 55 104 208 416 471 b
1 2 3 6 12 24 48 49 60 97 157 314 471 a
1 2 3 6 12 24 48 49 60 108 157 314 471 a
1 2 3 6 12 24 48 49 60 109 157 314 471 a
1 2 3 6 12 24 48 49 61 96 157 314 471 a
1 2 3 6 12 24 48 49 61 109 157 314 471 b
1 2 3 6 12 24 48 49 96 108 157 314 471 a
1 2 3 6 12 24 48 49 96 145 157 314 471 a
1 2 3 6 12 24 48 49 97 109 157 314 471 b
1 2 3 6 12 24 48 49 97 145 157 314 471 b
1 2 3 6 12 24 48 51 53 104 157 314 471 b
1 2 3 6 12 24 48 51 53 106 157 314 471 b
1 2 3 6 12 24 48 51 54 105 210 261 471 b
1 2 3 6 12 24 48 51 54 105 210 420 471 b
1 2 3 6 12 24 48 51 57 105 210 261 471 b
1 2 3 6 12 24 48 51 57 105 210 420 471 b
1 2 3 6 12 24 48 51 63 102 204 267 471 a
1 2 3 6 12 24 48 51 63 102 204 408 471 a
1 2 3 6 12 24 48 51 72 123 174 297 471 a
1 2 3 6 12 24 48 51 72 123 174 348 471 a
1 2 3 6 12 24 48 51 75 99 198 273 471 b
1 2 3 6 12 24 48 51 75 99 198 396 471 b
1 2 3 6 12 24 48 51 75 123 174 297 471 b
1 2 3 6 12 24 48 51 75 123 174 348 471 b
1 2 3 6 12 24 48 51 75 123 198 273 471 b
1 2 3 6 12 24 48 51 75 123 198 396 471 b
1 2 3 6 12 24 48 51 75 150 198 273 471 b
1 2 3 6 12 24 48 51 75 150 198 396 471 b
1 2 3 6 12 24 48 51 99 105 210 261 471 b
1 2 3 6 12 24 48 51 99 105 210 420 471 b
1 2 3 6 12 24 48 51 99 111 210 261 471 b
1 2 3 6 12 24 48 51 99 111 210 420 471 b
1 2 3 6 12 24 48 51 99 123 174 297 471 b
1 2 3 6 12 24 48 51 99 123 174 348 471 b
1 2 3 6 12 24 48 51 99 198 210 261 471 b
1 2 3 6 12 24 48 51 99 198 210 420 471 b
1 2 3 6 12 24 48 51 99 198 222 249 471 a
1 2 3 6 12 24 48 51 99 198 222 273 471 b
1 2 3 6 12 24 48 51 99 198 222 420 471 b
1 2 3 6 12 24 48 51 99 198 249 273 471 b
1 2 3 6 12 24 48 51 99 198 249 447 471 b
1 2 3 6 12 24 48 51 99 198 396 420 471 b
1 2 3 6 12 24 48 51 99 198 396 447 471 b
1 2 3 6 12 24 48 51 102 105 210 261 471 b
1 2 3 6 12 24 48 51 102 105 210 420 471 b
1 2 3 6 12 24 48 51 102 108 210 261 471 b
1 2 3 6 12 24 48 51 102 108 210 420 471 b
1 2 3 6 12 24 48 51 102 153 159 312 471 b
1 2 3 6 12 24 48 51 102 153 159 318 471 b
1 2 3 6 12 24 48 51 102 153 165 306 471 a
1 2 3 6 12 24 48 51 102 153 165 318 471 b
1 2 3 6 12 24 48 51 102 153 306 318 471 b
1 2 3 6 12 24 48 51 102 153 306 459 471 b
1 2 3 6 12 24 48 51 102 204 210 261 471 b
1 2 3 6 12 24 48 51 102 204 210 420 471 b
1 2 3 6 12 24 48 51 102 204 216 255 471 a
1 2 3 6 12 24 48 51 102 204 216 267 471 b
1 2 3 6 12 24 48 51 102 204 216 420 471 b
1 2 3 6 12 24 48 51 102 204 255 267 471 b
1 2 3 6 12 24 48 51 102 204 255 459 471 b
1 2 3 6 12 24 48 51 102 204 408 420 471 b
1 2 3 6 12 24 48 51 102 204 408 459 471 b
1 2 3 6 12 24 48 54 55 102 157 314 471 a
1 2 3 6 12 24 48 54 55 103 157 314 471 b
1 2 3 6 12 24 48 54 55 109 157 314 471 b
1 2 3 6 12 24 48 54 78 79 157 314 471 b
1 2 3 6 12 24 48 54 78 156 157 314 471 b
1 2 3 6 12 24 48 54 78 156 159 312 471 a
1 2 3 6 12 24 48 54 78 156 159 315 471 b
1 2 3 6 12 24 48 54 78 156 234 237 471 b
1 2 3 6 12 24 48 54 78 156 234 468 471 b
1 2 3 6 12 24 48 54 78 156 312 315 471 b
1 2 3 6 12 24 48 54 78 156 312 468 471 b
1 2 3 6 12 24 48 54 102 103 157 314 471 b
1 2 3 6 12 24 48 54 102 156 157 314 471 b
1 2 3 6 12 24 48 54 102 156 159 312 471 a
1 2 3 6 12 24 48 54 102 156 159 315 471 b
1 2 3 6 12 24 48 54 102 156 312 315 471 b
1 2 3 6 12 24 48 54 102 156 312 468 471 b
1 2 3 6 12 24 48 54 108 109 157 314 471 b
1 2 3 6 12 24 48 54 108 156 157 314 471 b
1 2 3 6 12 24 48 54 108 156 159 312 471 a
1 2 3 6 12 24 48 54 108 156 159 315 471 b
1 2 3 6 12 24 48 54 108 156 312 315 471 b
1 2 3 6 12 24 48 54 108 156 312 468 471 b
1 2 3 6 12 24 48 60 61 96 157 314 471 a
1 2 3 6 12 24 48 60 61 109 157 314 471 b
1 2 3 6 12 24 48 60 96 97 157 314 471 a
1 2 3 6 12 24 48 60 96 156 157 314 471 a
1 2 3 6 12 24 48 60 96 156 159 312 471 a
1 2 3 6 12 24 48 60 96 156 159 315 471 a
1 2 3 6 12 24 48 60 96 156 312 315 471 a
1 2 3 6 12 24 48 60 96 156 312 468 471 a
1 2 3 6 12 24 48 60 108 109 157 314 471 b
1 2 3 6 12 24 48 60 108 156 157 314 471 b
1 2 3 6 12 24 48 60 108 156 159 312 471 a
1 2 3 6 12 24 48 60 108 156 159 315 471 b
1 2 3 6 12 24 48 60 108 156 312 315 471 b
1 2 3 6 12 24 48 60 108 156 312 468 471 b
1 2 3 6 12 24 48 72 73 84 157 314 471 a
1 2 3 6 12 24 48 72 73 85 157 314 471 b
1 2 3 6 12 24 48 72 73 145 157 314 471 b
1 2 3 6 12 24 48 72 75 99 198 273 471 b
1 2 3 6 12 24 48 72 75 99 198 396 471 b
1 2 3 6 12 24 48 72 75 123 198 273 471 b
1 2 3 6 12 24 48 72 75 123 198 396 471 b
1 2 3 6 12 24 48 72 75 150 198 273 471 b
1 2 3 6 12 24 48 72 75 150 198 396 471 b
1 2 3 6 12 24 48 72 78 79 157 314 471 b
1 2 3 6 12 24 48 72 78 156 157 314 471 b
1 2 3 6 12 24 48 72 78 156 159 312 471 a
1 2 3 6 12 24 48 72 78 156 159 315 471 b
1 2 3 6 12 24 48 72 78 156 234 237 471 b
1 2 3 6 12 24 48 72 78 156 234 468 471 b
1 2 3 6 12 24 48 72 78 156 312 315 471 b
1 2 3 6 12 24 48 72 78 156 312 468 471 b
1 2 3 6 12 24 48 72 84 85 157 314 471 b
1 2 3 6 12 24 48 72 84 156 157 314 471 b
1 2 3 6 12 24 48 72 84 156 159 312 471 a
1 2 3 6 12 24 48 72 84 156 159 315 471 b
1 2 3 6 12 24 48 72 84 156 312 315 471 b
1 2 3 6 12 24 48 72 84 156 312 468 471 b
1 2 3 6 12 24 48 72 144 145 157 314 471 b
1 2 3 6 12 24 48 72 144 156 157 314 471 b
1 2 3 6 12 24 48 72 144 156 159 312 471 a
1 2 3 6 12 24 48 72 144 156 159 315 471 b
1 2 3 6 12 24 48 72 144 156 312 315 471 b
1 2 3 6 12 24 48 72 144 156 312 468 471 b
1 2 3 6 12 24 48 96 97 109 157 314 471 b
1 2 3 6 12 24 48 96 97 145 157 314 471 b
1 2 3 6 12 24 48 96 108 109 157 314 471 b
1 2 3 6 12 24 48 96 108 156 157 314 471 b
1 2 3 6 12 24 48 96 108 156 159 312 471 a
1 2 3 6 12 24 48 96 108 156 159 315 471 b
1 2 3 6 12 24 48 96 108 156 312 315 471 b
1 2 3 6 12 24 48 96 108 156 312 468 471 b
1 2 3 6 12 24 48 96 144 145 157 314 471 b
1 2 3 6 12 24 48 96 144 156 157 314 471 b
1 2 3 6 12 24 48 96 144 156 159 312 471 a
1 2 3 6 12 24 48 96 144 156 159 315 471 b
1 2 3 6 12 24 48 96 144 156 312 315 471 b
1 2 3 6 12 24 48 96 144 156 312 468 471 b
1 2 4 5 7 11 18 29 58 116 232 239 471 b
1 2 4 5 7 11 18 29 58 116 232 464 471 b
1 2 4 5 7 11 22 29 58 116 232 239 471 b
1 2 4 5 7 11 22 29 58 116 232 464 471 b
1 2 4 5 7 12 17 29 58 116 232 239 471 b
1 2 4 5 7 12 17 29 58 116 232 464 471 b
1 2 4 5 7 12 19 38 76 81 157 314 471 b
1 2 4 5 7 12 19 38 76 152 157 314 471 b
1 2 4 5 7 12 24 29 58 116 232 239 471 b
1 2 4 5 7 12 24 29 58 116 232 464 471 b
1 2 4 5 7 12 24 31 55 110 220 251 471 b
1 2 4 5 7 12 24 31 55 110 220 440 471 b
1 2 4 5 7 14 15 29 58 116 232 239 471 b
1 2 4 5 7 14 15 29 58 116 232 464 471 b
1 2 4 5 7 14 19 38 76 81 157 314 471 b
1 2 4 5 7 14 19 38 76 152 157 314 471 b
1 2 4 5 7 14 28 29 58 116 232 239 471 b
1 2 4 5 7 14 28 29 58 116 232 464 471 b
1 2 4 5 7 14 28 30 58 116 232 239 471 b
1 2 4 5 7 14 28 30 58 116 232 464 471 b
1 2 4 5 7 14 28 56 58 116 232 239 471 b
1 2 4 5 7 14 28 56 58 116 232 464 471 b
1 2 4 5 7 14 28 56 60 116 232 239 471 b
1 2 4 5 7 14 28 56 60 116 232 464 471 b
1 2 4 5 7 14 28 56 112 116 232 239 471 b
1 2 4 5 7 14 28 56 112 116 232 464 471 b
1 2 4 5 8 13 18 36 72 85 157 314 471 a
1 2 4 5 8 13 18 36 72 144 157 314 471 a
1 2 4 5 8 13 21 34 68 89 157 314 471 a
1 2 4 5 8 13 21 34 68 136 157 314 471 a
1 2 4 5 8 13 26 39 78 79 157 314 471 a
1 2 4 5 8 13 26 39 78 156 157 314 471 a
1 2 4 5 8 13 26 52 53 104 157 314 471 a
1 2 4 5 8 13 26 52 53 105 157 314 471 a
1 2 4 5 8 13 26 52 78 79 157 314 471 a
1 2 4 5 8 13 26 52 78 156 157 314 471 a
1 2 4 5 8 13 26 52 104 105 157 314 471 a
1 2 4 5 8 13 26 52 104 156 157 314 471 a
1 2 4 5 9 10 19 38 76 81 157 314 471 b
1 2 4 5 9 10 19 38 76 152 157 314 471 b
1 2 4 5 9 13 18 36 72 85 157 314 471 b
1 2 4 5 9 13 18 36 72 144 157 314 471 b
1 2 4 5 9 13 26 35 61 96 157 314 471 b
1 2 4 5 9 13 26 35 61 122 157 314 471 b
1 2 4 5 9 13 26 39 78 79 157 314 471 b
1 2 4 5 9 13 26 39 78 156 157 314 471 b
1 2 4 5 9 13 26 52 53 104 157 314 471 a
1 2 4 5 9 13 26 52 53 105 157 314 471 b
1 2 4 5 9 13 26 52 78 79 157 314 471 b
1 2 4 5 9 13 26 52 78 156 157 314 471 b
1 2 4 5 9 13 26 52 104 105 157 314 471 b
1 2 4 5 9 13 26 52 104 156 157 314 471 b
1 2 4 5 9 14 19 38 76 81 157 314 471 b
1 2 4 5 9 14 19 38 76 152 157 314 471 b
1 2 4 5 9 14 23 28 56 112 224 247 471 b
1 2 4 5 9 14 23 28 56 112 224 448 471 b
1 2 4 5 9 14 23 37 60 97 157 314 471 b
1 2 4 5 9 14 23 37 60 120 157 314 471 b
1 2 4 5 9 14 23 37 74 83 157 314 471 b
1 2 4 5 9 14 23 37 74 148 157 314 471 b
1 2 4 5 9 14 28 37 74 83 157 314 471 b
1 2 4 5 9 14 28 37 74 148 157 314 471 b
1 2 4 5 9 14 28 56 112 121 233 238 471 b
1 2 4 5 9 14 28 56 112 121 233 466 471 b
1 2 4 5 9 14 28 56 112 224 233 238 471 b
1 2 4 5 9 14 28 56 112 224 233 247 471 b
1 2 4 5 9 14 28 56 112 224 233 457 471 b
1 2 4 5 9 14 28 56 112 224 233 466 471 b
1 2 4 5 9 14 28 56 112 224 238 247 471 b
1 2 4 5 9 14 28 56 112 224 238 462 471 b
1 2 4 5 9 14 28 56 112 224 448 457 471 b
1 2 4 5 9 14 28 56 112 224 448 462 471 b
1 2 4 5 9 18 19 37 74 83 157 314 471 b
1 2 4 5 9 18 19 37 74 148 157 314 471 b
1 2 4 5 9 18 19 38 76 81 157 314 471 b
1 2 4 5 9 18 19 38 76 152 157 314 471 b
1 2 4 5 9 18 20 38 76 81 157 314 471 b
1 2 4 5 9 18 20 38 76 152 157 314 471 b
1 2 4 5 9 18 23 28 56 112 224 247 471 b
1 2 4 5 9 18 23 28 56 112 224 448 471 b
1 2 4 5 9 18 36 37 72 109 181 290 471 a
1 2 4 5 9 18 36 37 72 109 181 362 471 a
1 2 4 5 9 18 36 37 74 83 157 314 471 b
1 2 4 5 9 18 36 37 74 148 157 314 471 b
1 2 4 5 9 18 36 38 74 83 157 314 471 b
1 2 4 5 9 18 36 38 74 148 157 314 471 b
1 2 4 5 9 18 36 38 76 81 157 314 471 b
1 2 4 5 9 18 36 38 76 152 157 314 471 b
1 2 4 5 9 18 36 40 76 81 157 314 471 b
1 2 4 5 9 18 36 40 76 152 157 314 471 b
1 2 4 5 9 18 36 41 77 154 163 308 471 a
1 2 4 5 9 18 36 41 77 154 163 317 471 b
1 2 4 5 9 18 36 41 77 154 231 240 471 b
1 2 4 5 9 18 36 41 77 154 231 462 471 b
1 2 4 5 9 18 36 41 77 154 308 317 471 b
1 2 4 5 9 18 36 41 77 154 308 462 471 b
1 2 4 5 9 18 36 72 73 109 181 290 471 b
1 2 4 5 9 18 36 72 73 109 181 362 471 b
1 2 4 5 9 18 36 72 73 145 163 308 471 b
1 2 4 5 9 18 36 72 73 145 163 326 471 b
1 2 4 5 9 18 36 72 73 145 181 290 471 a
1 2 4 5 9 18 36 72 73 145 181 326 471 b
1 2 4 5 9 18 36 72 73 145 290 326 471 b
1 2 4 5 9 18 36 72 73 145 290 435 471 b
1 2 4 5 9 18 36 72 74 83 157 314 471 b
1 2 4 5 9 18 36 72 74 148 157 314 471 b
1 2 4 5 9 18 36 72 76 81 157 314 471 b
1 2 4 5 9 18 36 72 76 85 157 314 471 b
1 2 4 5 9 18 36 72 76 148 157 314 471 b
1 2 4 5 9 18 36 72 76 152 157 314 471 b
1 2 4 5 9 18 36 72 77 154 163 308 471 a
1 2 4 5 9 18 36 72 77 154 163 317 471 b
1 2 4 5 9 18 36 72 77 154 231 240 471 b
1 2 4 5 9 18 36 72 77 154 231 462 471 b
1 2 4 5 9 18 36 72 77 154 308 317 471 b
1 2 4 5 9 18 36 72 77 154 308 462 471 b
1 2 4 5 9 18 36 72 81 85 157 314 471 b
1 2 4 5 9 18 36 72 81 153 157 314 471 b
1 2 4 5 9 18 36 72 108 109 181 290 471 b
1 2 4 5 9 18 36 72 108 109 181 362 471 b
1 2 4 5 9 18 36 72 144 145 163 308 471 b
1 2 4 5 9 18 36 72 144 145 163 326 471 b
1 2 4 5 9 18 36 72 144 145 181 290 471 a
1 2 4 5 9 18 36 72 144 145 181 326 471 b
1 2 4 5 9 18 36 72 144 145 290 326 471 b
1 2 4 5 9 18 36 72 144 145 290 435 471 b
1 2 4 5 9 18 36 72 144 148 157 314 471 b
1 2 4 5 9 18 36 72 144 153 157 314 471 b
1 2 4 5 10 14 19 38 76 81 157 314 471 b
1 2 4 5 10 14 19 38 76 152 157 314 471 b
1 2 4 5 10 14 24 38 76 81 157 314 471 b
1 2 4 5 10 14 24 38 76 152 157 314 471 b
1 2 4 5 10 14 28 38 76 81 157 314 471 b
1 2 4 5 10 14 28 38 76 152 157 314 471 b
1 2 4 5 10 15 19 38 57 114 228 243 471 b
1 2 4 5 10 15 19 38 57 114 228 456 471 b
1 2 4 5 10 15 19 38 76 81 157 314 471 b
1 2 4 5 10 15 19 38 76 114 228 243 471 b
1 2 4 5 10 15 19 38 76 114 228 456 471 b
1 2 4 5 10 15 19 38 76 152 157 314 471 b
1 2 4 5 10 15 19 38 76 152 167 304 471 a
1 2 4 5 10 15 19 38 76 152 167 319 471 b
1 2 4 5 10 15 19 38 76 152 228 243 471 b
1 2 4 5 10 15 19 38 76 152 228 456 471 b
1 2 4 5 10 15 19 38 76 152 304 319 471 b
1 2 4 5 10 15 19 38 76 152 304 456 471 b
1 2 4 6 7 11 18 29 58 116 232 239 471 b
1 2 4 6 7 11 18 29 58 116 232 464 471 b
1 2 4 6 7 11 22 29 58 116 232 239 471 b
1 2 4 6 7 11 22 29 58 116 232 464 471 b
1 2 4 6 7 12 24 31 55 110 220 251 471 a
1 2 4 6 7 12 24 31 55 110 220 440 471 a
1 2 4 6 7 13 26 32 58 116 232 239 471 b
1 2 4 6 7 13 26 32 58 116 232 464 471 b
1 2 4 6 7 13 26 39 78 79 157 314 471 b
1 2 4 6 7 13 26 39 78 156 157 314 471 b
1 2 4 6 7 13 26 52 53 104 157 314 471 a
1 2 4 6 7 13 26 52 53 105 157 314 471 b
1 2 4 6 7 13 26 52 58 116 232 239 471 b
1 2 4 6 7 13 26 52 58 116 232 464 471 b
1 2 4 6 7 13 26 52 78 79 157 314 471 b
1 2 4 6 7 13 26 52 78 156 157 314 471 b
1 2 4 6 7 13 26 52 104 105 157 314 471 b
1 2 4 6 7 13 26 52 104 156 157 314 471 b
1 2 4 6 7 14 15 29 58 116 232 239 471 b
1 2 4 6 7 14 15 29 58 116 232 464 471 b
1 2 4 6 7 14 28 29 58 116 232 239 471 b
1 2 4 6 7 14 28 29 58 116 232 464 471 b
1 2 4 6 7 14 28 30 58 116 232 239 471 b
1 2 4 6 7 14 28 30 58 116 232 464 471 b
1 2 4 6 7 14 28 56 58 116 232 239 471 b
1 2 4 6 7 14 28 56 58 116 232 464 471 b
1 2 4 6 7 14 28 56 60 116 232 239 471 b
1 2 4 6 7 14 28 56 60 116 232 464 471 b
1 2 4 6 7 14 28 56 112 116 232 239 471 b
1 2 4 6 7 14 28 56 112 116 232 464 471 b
1 2 4 6 10 16 26 52 53 104 157 314 471 a
1 2 4 6 10 16 26 52 53 105 157 314 471 b
1 2 4 6 10 16 26 52 78 79 157 314 471 b
1 2 4 6 10 16 26 52 78 156 157 314 471 b
1 2 4 6 10 16 26 52 104 105 157 314 471 b
1 2 4 6 10 16 26 52 104 156 157 314 471 b
1 2 4 6 10 20 26 52 53 104 157 314 471 a
1 2 4 6 10 20 26 52 53 105 157 314 471 b
1 2 4 6 10 20 26 52 78 79 157 314 471 b
1 2 4 6 10 20 26 52 78 156 157 314 471 b
1 2 4 6 10 20 26 52 104 105 157 314 471 b
1 2 4 6 10 20 26 52 104 156 157 314 471 b
1 2 4 6 12 13 18 36 72 85 157 314 471 a
1 2 4 6 12 13 18 36 72 144 157 314 471 a
1 2 4 6 12 13 24 36 72 85 157 314 471 a
1 2 4 6 12 13 24 36 72 144 157 314 471 a
1 2 4 6 12 13 24 48 61 96 157 314 471 a
1 2 4 6 12 13 24 48 61 109 157 314 471 a
1 2 4 6 12 13 24 48 72 85 157 314 471 a
1 2 4 6 12 13 24 48 72 144 157 314 471 a
1 2 4 6 12 13 24 48 96 109 157 314 471 a
1 2 4 6 12 13 24 48 96 144 157 314 471 a
1 2 4 6 12 13 26 39 78 79 157 314 471 b
1 2 4 6 12 13 26 39 78 156 157 314 471 b
1 2 4 6 12 13 26 52 53 104 157 314 471 a
1 2 4 6 12 13 26 52 53 105 157 314 471 b
1 2 4 6 12 13 26 52 78 79 157 314 471 b
1 2 4 6 12 13 26 52 78 156 157 314 471 b
1 2 4 6 12 13 26 52 104 105 157 314 471 b
1 2 4 6 12 13 26 52 104 156 157 314 471 b
1 2 4 6 12 14 26 52 53 104 157 314 471 a
1 2 4 6 12 14 26 52 53 105 157 314 471 b
1 2 4 6 12 14 26 52 78 79 157 314 471 b
1 2 4 6 12 14 26 52 78 156 157 314 471 b
1 2 4 6 12 14 26 52 104 105 157 314 471 b
1 2 4 6 12 14 26 52 104 156 157 314 471 b
1 2 4 6 12 18 30 48 78 79 157 314 471 b
1 2 4 6 12 18 30 48 78 156 157 314 471 b
1 2 4 6 12 18 30 60 78 79 157 314 471 b
1 2 4 6 12 18 30 60 78 156 157 314 471 b
1 2 4 6 12 18 36 37 72 109 181 290 471 a
1 2 4 6 12 18 36 37 72 109 181 362 471 a
1 2 4 6 12 18 36 42 78 79 157 314 471 b
1 2 4 6 12 18 36 42 78 156 157 314 471 b
1 2 4 6 12 18 36 72 73 84 157 314 471 a
1 2 4 6 12 18 36 72 73 85 157 314 471 b
1 2 4 6 12 18 36 72 73 109 181 290 471 b
1 2 4 6 12 18 36 72 73 109 181 362 471 b
1 2 4 6 12 18 36 72 73 145 157 314 471 b
1 2 4 6 12 18 36 72 73 145 163 308 471 b
1 2 4 6 12 18 36 72 73 145 163 326 471 b
1 2 4 6 12 18 36 72 73 145 181 290 471 a
1 2 4 6 12 18 36 72 73 145 181 326 471 b
1 2 4 6 12 18 36 72 73 145 290 326 471 b
1 2 4 6 12 18 36 72 73 145 290 435 471 b
1 2 4 6 12 18 36 72 78 79 157 314 471 b
1 2 4 6 12 18 36 72 78 156 157 314 471 b
1 2 4 6 12 18 36 72 84 85 157 314 471 b
1 2 4 6 12 18 36 72 84 156 157 314 471 b
1 2 4 6 12 18 36 72 108 109 181 290 471 b
1 2 4 6 12 18 36 72 108 109 181 362 471 b
1 2 4 6 12 18 36 72 144 145 157 314 471 b
1 2 4 6 12 18 36 72 144 145 163 308 471 b
1 2 4 6 12 18 36 72 144 145 163 326 471 b
1 2 4 6 12 18 36 72 144 145 181 290 471 a
1 2 4 6 12 18 36 72 144 145 181 326 471 b
1 2 4 6 12 18 36 72 144 145 290 326 471 b
1 2 4 6 12 18 36 72 144 145 290 435 471 b
1 2 4 6 12 18 36 72 144 156 157 314 471 b
1 2 4 6 12 24 25 31 55 110 220 251 471 b
1 2 4 6 12 24 25 31 55 110 220 440 471 b
1 2 4 6 12 24 25 49 55 104 208 263 471 b
1 2 4 6 12 24 25 49 55 104 208 416 471 b
1 2 4 6 12 24 25 50 75 99 198 273 471 b
1 2 4 6 12 24 25 50 75 99 198 396 471 b
1 2 4 6 12 24 26 52 53 104 157 314 471 a
1 2 4 6 12 24 26 52 53 105 157 314 471 b
1 2 4 6 12 24 26 52 78 79 157 314 471 b
1 2 4 6 12 24 26 52 78 156 157 314 471 b
1 2 4 6 12 24 26 52 104 105 157 314 471 b
1 2 4 6 12 24 26 52 104 156 157 314 471 b
1 2 4 6 12 24 28 52 53 104 157 314 471 a
1 2 4 6 12 24 28 52 53 105 157 314 471 b
1 2 4 6 12 24 28 52 104 105 157 314 471 b
1 2 4 6 12 24 28 52 104 156 157 314 471 b
1 2 4 6 12 24 30 31 55 110 220 251 471 b
1 2 4 6 12 24 30 31 55 110 220 440 471 b
1 2 4 6 12 24 30 48 78 79 157 314 471 a
1 2 4 6 12 24 30 48 78 156 157 314 471 a
1 2 4 6 12 24 30 54 78 79 157 314 471 b
1 2 4 6 12 24 30 54 78 156 157 314 471 b
1 2 4 6 12 24 36 37 60 97 157 314 471 a
1 2 4 6 12 24 36 37 60 120 157 314 471 a
1 2 4 6 12 24 36 37 72 109 181 290 471 a
1 2 4 6 12 24 36 37 72 109 181 362 471 a
1 2 4 6 12 24 36 42 78 79 157 314 471 b
1 2 4 6 12 24 36 42 78 156 157 314 471 b
1 2 4 6 12 24 36 60 61 96 157 314 471 a
1 2 4 6 12 24 36 60 61 97 157 314 471 b
1 2 4 6 12 24 36 60 61 121 157 314 471 b
1 2 4 6 12 24 36 60 96 97 157 314 471 b
1 2 4 6 12 24 36 60 96 156 157 314 471 b
1 2 4 6 12 24 36 60 120 121 157 314 471 b
1 2 4 6 12 24 36 60 120 156 157 314 471 b
1 2 4 6 12 24 36 72 73 84 157 314 471 a
1 2 4 6 12 24 36 72 73 85 157 314 471 b
1 2 4 6 12 24 36 72 73 109 181 290 471 b
1 2 4 6 12 24 36 72 73 109 181 362 471 b
1 2 4 6 12 24 36 72 73 145 157 314 471 b
1 2 4 6 12 24 36 72 73 145 181 290 471 a
1 2 4 6 12 24 36 72 73 145 181 326 471 b
1 2 4 6 12 24 36 72 73 145 290 326 471 b
1 2 4 6 12 24 36 72 73 145 290 435 471 b
1 2 4 6 12 24 36 72 78 79 157 314 471 b
1 2 4 6 12 24 36 72 78 156 157 314 471 b
1 2 4 6 12 24 36 72 84 85 157 314 471 b
1 2 4 6 12 24 36 72 84 156 157 314 471 b
1 2 4 6 12 24 36 72 108 109 181 290 471 b
1 2 4 6 12 24 36 72 108 109 181 362 471 b
1 2 4 6 12 24 36 72 144 145 157 314 471 b
1 2 4 6 12 24 36 72 144 145 181 290 471 a
1 2 4 6 12 24 36 72 144 145 181 326 471 b
1 2 4 6 12 24 36 72 144 145 290 326 471 b
1 2 4 6 12 24 36 72 144 145 290 435 471 b
1 2 4 6 12 24 36 72 144 156 157 314 471 b
1 2 4 6 12 24 48 49 54 103 157 314 471 a
1 2 4 6 12 24 48 49 54 108 157 314 471 a
1 2 4 6 12 24 48 49 55 104 208 263 471 b
1 2 4 6 12 24 48 49 55 104 208 416 471 b
1 2 4 6 12 24 48 49 60 97 157 314 471 a
1 2 4 6 12 24 48 49 60 108 157 314 471 a
1 2 4 6 12 24 48 49 60 109 157 314 471 a
1 2 4 6 12 24 48 49 61 96 157 314 471 a
1 2 4 6 12 24 48 49 61 109 157 314 471 b
1 2 4 6 12 24 48 49 96 108 157 314 471 a
1 2 4 6 12 24 48 49 96 145 157 314 471 a
1 2 4 6 12 24 48 49 97 109 157 314 471 b
1 2 4 6 12 24 48 49 97 145 157 314 471 b
1 2 4 6 12 24 48 52 53 104 157 314 471 a
1 2 4 6 12 24 48 52 53 105 157 314 471 b
1 2 4 6 12 24 48 52 104 105 157 314 471 b
1 2 4 6 12 24 48 52 104 156 157 314 471 b
1 2 4 6 12 24 48 54 55 102 157 314 471 a
1 2 4 6 12 24 48 54 55 103 157 314 471 b
1 2 4 6 12 24 48 54 55 109 157 314 471 b
1 2 4 6 12 24 48 54 78 79 157 314 471 b
1 2 4 6 12 24 48 54 78 156 157 314 471 b
1 2 4 6 12 24 48 54 102 103 157 314 471 b
1 2 4 6 12 24 48 54 102 156 157 314 471 b
1 2 4 6 12 24 48 54 108 109 157 314 471 b
1 2 4 6 12 24 48 54 108 156 157 314 471 b
1 2 4 6 12 24 48 60 61 96 157 314 471 a
1 2 4 6 12 24 48 60 61 109 157 314 471 b
1 2 4 6 12 24 48 60 96 97 157 314 471 a
1 2 4 6 12 24 48 60 96 156 157 314 471 a
1 2 4 6 12 24 48 60 108 109 157 314 471 b
1 2 4 6 12 24 48 60 108 156 157 314 471 b
1 2 4 6 12 24 48 72 73 84 157 314 471 a
1 2 4 6 12 24 48 72 73 85 157 314 471 b
1 2 4 6 12 24 48 72 73 145 157 314 471 b
1 2 4 6 12 24 48 72 78 79 157 314 471 b
1 2 4 6 12 24 48 72 78 156 157 314 471 b
1 2 4 6 12 24 48 72 84 85 157 314 471 b
1 2 4 6 12 24 48 72 84 156 157 314 471 b
1 2 4 6 12 24 48 72 144 145 157 314 471 b
1 2 4 6 12 24 48 72 144 156 157 314 471 b
1 2 4 6 12 24 48 96 97 109 157 314 471 b
1 2 4 6 12 24 48 96 97 145 157 314 471 b
1 2 4 6 12 24 48 96 108 109 157 314 471 b
1 2 4 6 12 24 48 96 108 156 157 314 471 b
1 2 4 6 12 24 48 96 144 145 157 314 471 b
1 2 4 6 12 24 48 96 144 156 157 314 471 b
1 2 4 8 9 13 18 36 72 85 157 314 471 a
1 2 4 8 9 13 18 36 72 144 157 314 471 a
1 2 4 8 9 13 21 34 68 89 157 314 471 b
1 2 4 8 9 13 21 34 68 136 157 314 471 b
1 2 4 8 9 13 26 35 61 96 157 314 471 b
1 2 4 8 9 13 26 35 61 122 157 314 471 b
1 2 4 8 9 13 26 39 78 79 157 314 471 b
1 2 4 8 9 13 26 39 78 156 157 314 471 b
1 2 4 8 9 13 26 52 53 104 157 314 471 a
1 2 4 8 9 13 26 52 53 105 157 314 471 b
1 2 4 8 9 13 26 52 78 79 157 314 471 b
1 2 4 8 9 13 26 52 78 156 157 314 471 b
1 2 4 8 9 13 26 52 104 105 157 314 471 b
1 2 4 8 9 13 26 52 104 156 157 314 471 b
1 2 4 8 9 16 25 33 66 91 157 314 471 a
1 2 4 8 9 16 25 33 66 132 157 314 471 a
1 2 4 8 9 16 25 41 66 91 157 314 471 a
1 2 4 8 9 16 25 41 66 132 157 314 471 a
1 2 4 8 9 16 25 50 66 91 157 314 471 a
1 2 4 8 9 16 25 50 66 132 157 314 471 a
1 2 4 8 9 17 18 35 70 87 157 314 471 b
1 2 4 8 9 17 18 35 70 140 157 314 471 b
1 2 4 8 9 17 21 34 68 89 157 314 471 a
1 2 4 8 9 17 21 34 68 136 157 314 471 a
1 2 4 8 9 17 21 42 84 101 185 286 471 b
1 2 4 8 9 17 21 42 84 101 185 370 471 b
1 2 4 8 9 17 25 33 66 91 157 314 471 b
1 2 4 8 9 17 25 33 66 132 157 314 471 b
1 2 4 8 9 17 25 42 84 101 185 286 471 b
1 2 4 8 9 17 25 42 84 101 185 370 471 b
1 2 4 8 9 17 26 35 61 96 157 314 471 b
1 2 4 8 9 17 26 35 61 122 157 314 471 b
1 2 4 8 9 17 26 35 70 87 157 314 471 b
1 2 4 8 9 17 26 35 70 140 157 314 471 b
1 2 4 8 9 17 26 52 53 104 157 314 471 a
1 2 4 8 9 17 26 52 53 105 157 314 471 b
1 2 4 8 9 17 26 52 78 79 157 314 471 b
1 2 4 8 9 17 26 52 78 156 157 314 471 b
1 2 4 8 9 17 26 52 104 105 157 314 471 b
1 2 4 8 9 17 26 52 104 156 157 314 471 b
1 2 4 8 9 17 34 35 70 87 157 314 471 b
1 2 4 8 9 17 34 35 70 140 157 314 471 b
1 2 4 8 9 17 34 36 70 87 157 314 471 b
1 2 4 8 9 17 34 36 70 140 157 314 471 b
1 2 4 8 9 17 34 42 84 101 185 286 471 b
1 2 4 8 9 17 34 42 84 101 185 370 471 b
1 2 4 8 9 17 34 43 77 120 197 274 471 b
1 2 4 8 9 17 34 43 77 120 197 394 471 b
1 2 4 8 9 17 34 43 77 154 163 308 471 a
1 2 4 8 9 17 34 43 77 154 163 317 471 b
1 2 4 8 9 17 34 43 77 154 197 274 471 b
1 2 4 8 9 17 34 43 77 154 197 394 471 b
1 2 4 8 9 17 34 43 77 154 231 240 471 b
1 2 4 8 9 17 34 43 77 154 231 462 471 b
1 2 4 8 9 17 34 43 77 154 308 317 471 b
1 2 4 8 9 17 34 43 77 154 308 462 471 b
1 2 4 8 9 17 34 51 53 104 157 314 471 b
1 2 4 8 9 17 34 51 53 106 157 314 471 b
1 2 4 8 9 17 34 51 55 102 157 314 471 a
1 2 4 8 9 17 34 51 55 106 157 314 471 b
1 2 4 8 9 17 34 51 102 106 157 314 471 b
1 2 4 8 9 17 34 51 102 153 157 314 471 b
1 2 4 8 9 17 34 68 70 87 157 314 471 b
1 2 4 8 9 17 34 68 70 140 157 314 471 b
1 2 4 8 9 17 34 68 72 85 157 314 471 a
1 2 4 8 9 17 34 68 72 89 157 314 471 b
1 2 4 8 9 17 34 68 72 140 157 314 471 b
1 2 4 8 9 17 34 68 77 154 163 308 471 a
1 2 4 8 9 17 34 68 77 154 163 317 471 b
1 2 4 8 9 17 34 68 77 154 231 240 471 b
1 2 4 8 9 17 34 68 77 154 231 462 471 b
1 2 4 8 9 17 34 68 77 154 308 317 471 b
1 2 4 8 9 17 34 68 77 154 308 462 471 b
1 2 4 8 9 17 34 68 85 89 157 314 471 b
1 2 4 8 9 17 34 68 85 153 157 314 471 b
1 2 4 8 9 17 34 68 136 140 157 314 471 b
1 2 4 8 9 17 34 68 136 153 157 314 471 b
1 2 4 8 9 18 19 37 74 83 157 314 471 b
1 2 4 8 9 18 19 37 74 148 157 314 471 b
1 2 4 8 9 18 26 35 61 96 157 314 471 b
1 2 4 8 9 18 26 35 61 122 157 314 471 b
1 2 4 8 9 18 26 52 53 104 157 314 471 a
1 2 4 8 9 18 26 52 53 105 157 314 471 b
1 2 4 8 9 18 26 52 78 79 157 314 471 b
1 2 4 8 9 18 26 52 78 156 157 314 471 b
1 2 4 8 9 18 26 52 104 105 157 314 471 b
1 2 4 8 9 18 26 52 104 156 157 314 471 b
1 2 4 8 9 18 36 37 72 109 181 290 471 a
1 2 4 8 9 18 36 37 72 109 181 362 471 a
1 2 4 8 9 18 36 37 74 83 157 314 471 b
1 2 4 8 9 18 36 37 74 148 157 314 471 b
1 2 4 8 9 18 36 38 74 83 157 314 471 b
1 2 4 8 9 18 36 38 74 148 157 314 471 b
1 2 4 8 9 18 36 72 73 109 181 290 471 b
1 2 4 8 9 18 36 72 73 109 181 362 471 b
1 2 4 8 9 18 36 72 73 145 163 308 471 b
1 2 4 8 9 18 36 72 73 145 163 326 471 b
1 2 4 8 9 18 36 72 73 145 181 290 471 a
1 2 4 8 9 18 36 72 73 145 181 326 471 b
1 2 4 8 9 18 36 72 73 145 290 326 471 b
1 2 4 8 9 18 36 72 73 145 290 435 471 b
1 2 4 8 9 18 36 72 74 83 157 314 471 b
1 2 4 8 9 18 36 72 74 148 157 314 471 b
1 2 4 8 9 18 36 72 76 81 157 314 471 a
1 2 4 8 9 18 36 72 76 85 157 314 471 b
1 2 4 8 9 18 36 72 76 148 157 314 471 b
1 2 4 8 9 18 36 72 81 85 157 314 471 b
1 2 4 8 9 18 36 72 81 153 157 314 471 b
1 2 4 8 9 18 36 72 108 109 181 290 471 b
1 2 4 8 9 18 36 72 108 109 181 362 471 b
1 2 4 8 9 18 36 72 144 145 163 308 471 b
1 2 4 8 9 18 36 72 144 145 163 326 471 b
1 2 4 8 9 18 36 72 144 145 181 290 471 a
1 2 4 8 9 18 36 72 144 145 181 326 471 b
1 2 4 8 9 18 36 72 144 145 290 326 471 b
1 2 4 8 9 18 36 72 144 145 290 435 471 b
1 2 4 8 9 18 36 72 144 148 157 314 471 b
1 2 4 8 9 18 36 72 144 153 157 314 471 b
1 2 4 8 10 16 26 52 53 104 157 314 471 a
1 2 4 8 10 16 26 52 53 105 157 314 471 a
1 2 4 8 10 16 26 52 78 79 157 314 471 a
1 2 4 8 10 16 26 52 78 156 157 314 471 a
1 2 4 8 10 16 26 52 104 105 157 314 471 a
1 2 4 8 10 16 26 52 104 156 157 314 471 a
1 2 4 8 10 18 26 52 53 104 157 314 471 a
1 2 4 8 10 18 26 52 53 105 157 314 471 b
1 2 4 8 10 18 26 52 78 79 157 314 471 b
1 2 4 8 10 18 26 52 78 156 157 314 471 b
1 2 4 8 10 18 26 52 104 105 157 314 471 b
1 2 4 8 10 18 26 52 104 156 157 314 471 b
1 2 4 8 10 18 36 37 72 109 181 290 471 a
1 2 4 8 10 18 36 37 72 109 181 362 471 a
1 2 4 8 10 18 36 72 73 109 181 290 471 b
1 2 4 8 10 18 36 72 73 109 181 362 471 b
1 2 4 8 10 18 36 72 73 145 163 308 471 b
1 2 4 8 10 18 36 72 73 145 163 326 471 b
1 2 4 8 10 18 36 72 73 145 181 290 471 a
1 2 4 8 10 18 36 72 73 145 181 326 471 b
1 2 4 8 10 18 36 72 73 145 290 326 471 b
1 2 4 8 10 18 36 72 73 145 290 435 471 b
1 2 4 8 10 18 36 72 108 109 181 290 471 b
1 2 4 8 10 18 36 72 108 109 181 362 471 b
1 2 4 8 10 18 36 72 144 145 163 308 471 b
1 2 4 8 10 18 36 72 144 145 163 326 471 b
1 2 4 8 10 18 36 72 144 145 181 290 471 a
1 2 4 8 10 18 36 72 144 145 181 326 471 b
1 2 4 8 10 18 36 72 144 145 290 326 471 b
1 2 4 8 10 18 36 72 144 145 290 435 471 b
1 2 4 8 12 13 21 34 68 89 157 314 471 b
1 2 4 8 12 13 21 34 68 136 157 314 471 b
1 2 4 8 12 13 24 36 72 85 157 314 471 a
1 2 4 8 12 13 24 36 72 144 157 314 471 a
1 2 4 8 12 13 24 48 61 96 157 314 471 a
1 2 4 8 12 13 24 48 61 109 157 314 471 a
1 2 4 8 12 13 24 48 72 85 157 314 471 a
1 2 4 8 12 13 24 48 72 144 157 314 471 a
1 2 4 8 12 13 24 48 96 109 157 314 471 a
1 2 4 8 12 13 24 48 96 144 157 314 471 a
1 2 4 8 12 13 25 33 66 91 157 314 471 b
1 2 4 8 12 13 25 33 66 132 157 314 471 b
1 2 4 8 12 13 26 39 78 79 157 314 471 b
1 2 4 8 12 13 26 39 78 156 157 314 471 b
1 2 4 8 12 13 26 52 53 104 157 314 471 a
1 2 4 8 12 13 26 52 53 105 157 314 471 b
1 2 4 8 12 13 26 52 78 79 157 314 471 b
1 2 4 8 12 13 26 52 78 156 157 314 471 b
1 2 4 8 12 13 26 52 104 105 157 314 471 b
1 2 4 8 12 13 26 52 104 156 157 314 471 b
1 2 4 8 12 14 26 52 53 104 157 314 471 a
1 2 4 8 12 14 26 52 53 105 157 314 471 b
1 2 4 8 12 14 26 52 78 79 157 314 471 b
1 2 4 8 12 14 26 52 78 156 157 314 471 b
1 2 4 8 12 14 26 52 104 105 157 314 471 b
1 2 4 8 12 14 26 52 104 156 157 314 471 b
1 2 4 8 12 20 32 52 53 104 157 314 471 a
1 2 4 8 12 20 32 52 53 105 157 314 471 b
1 2 4 8 12 20 32 52 104 105 157 314 471 b
1 2 4 8 12 20 32 52 104 156 157 314 471 b
1 2 4 8 12 20 40 52 53 104 157 314 471 a
1 2 4 8 12 20 40 52 53 105 157 314 471 b
1 2 4 8 12 20 40 52 104 105 157 314 471 b
1 2 4 8 12 20 40 52 104 156 157 314 471 b
1 2 4 8 12 24 25 33 66 91 157 314 471 b
1 2 4 8 12 24 25 33 66 132 157 314 471 b
1 2 4 8 12 24 25 50 75 99 198 273 471 b
1 2 4 8 12 24 25 50 75 99 198 396 471 b
1 2 4 8 12 24 26 52 53 104 157 314 471 a
1 2 4 8 12 24 26 52 53 105 157 314 471 b
1 2 4 8 12 24 26 52 78 79 157 314 471 b
1 2 4 8 12 24 26 52 78 156 157 314 471 b
1 2 4 8 12 24 26 52 104 105 157 314 471 b
1 2 4 8 12 24 26 52 104 156 157 314 471 b
1 2 4 8 12 24 28 52 53 104 157 314 471 a
1 2 4 8 12 24 28 52 53 105 157 314 471 b
1 2 4 8 12 24 28 52 104 105 157 314 471 b
1 2 4 8 12 24 28 52 104 156 157 314 471 b
1 2 4 8 12 24 36 37 60 97 157 314 471 a
1 2 4 8 12 24 36 37 60 120 157 314 471 a
1 2 4 8 12 24 36 37 72 109 181 290 471 a
1 2 4 8 12 24 36 37 72 109 181 362 471 a
1 2 4 8 12 24 36 60 61 96 157 314 471 a
1 2 4 8 12 24 36 60 61 97 157 314 471 b
1 2 4 8 12 24 36 60 61 121 157 314 471 b
1 2 4 8 12 24 36 60 96 97 157 314 471 b
1 2 4 8 12 24 36 60 96 156 157 314 471 b
1 2 4 8 12 24 36 60 120 121 157 314 471 b
1 2 4 8 12 24 36 60 120 156 157 314 471 b
1 2 4 8 12 24 36 72 73 84 157 314 471 a
1 2 4 8 12 24 36 72 73 85 157 314 471 b
1 2 4 8 12 24 36 72 73 109 181 290 471 b
1 2 4 8 12 24 36 72 73 109 181 362 471 b
1 2 4 8 12 24 36 72 73 145 157 314 471 b
1 2 4 8 12 24 36 72 73 145 181 290 471 a
1 2 4 8 12 24 36 72 73 145 181 326 471 b
1 2 4 8 12 24 36 72 73 145 290 326 471 b
1 2 4 8 12 24 36 72 73 145 290 435 471 b
1 2 4 8 12 24 36 72 84 85 157 314 471 b
1 2 4 8 12 24 36 72 84 156 157 314 471 b
1 2 4 8 12 24 36 72 108 109 181 290 471 b
1 2 4 8 12 24 36 72 108 109 181 362 471 b
1 2 4 8 12 24 36 72 144 145 157 314 471 b
1 2 4 8 12 24 36 72 144 145 181 290 471 a
1 2 4 8 12 24 36 72 144 145 181 326 471 b
1 2 4 8 12 24 36 72 144 145 290 326 471 b
1 2 4 8 12 24 36 72 144 145 290 435 471 b
1 2 4 8 12 24 36 72 144 156 157 314 471 b
1 2 4 8 12 24 48 49 60 97 157 314 471 a
1 2 4 8 12 24 48 49 60 108 157 314 471 a
1 2 4 8 12 24 48 49 60 109 157 314 471 a
1 2 4 8 12 24 48 49 61 96 157 314 471 a
1 2 4 8 12 24 48 49 61 109 157 314 471 b
1 2 4 8 12 24 48 49 96 108 157 314 471 a
1 2 4 8 12 24 48 49 96 145 157 314 471 a
1 2 4 8 12 24 48 49 97 109 157 314 471 b
1 2 4 8 12 24 48 49 97 145 157 314 471 b
1 2 4 8 12 24 48 52 53 104 157 314 471 a
1 2 4 8 12 24 48 52 53 105 157 314 471 b
1 2 4 8 12 24 48 52 104 105 157 314 471 b
1 2 4 8 12 24 48 52 104 156 157 314 471 b
1 2 4 8 12 24 48 60 61 96 157 314 471 a
1 2 4 8 12 24 48 60 61 109 157 314 471 b
1 2 4 8 12 24 48 60 96 97 157 314 471 a
1 2 4 8 12 24 48 60 96 156 157 314 471 a
1 2 4 8 12 24 48 60 108 109 157 314 471 b
1 2 4 8 12 24 48 60 108 156 157 314 471 b
1 2 4 8 12 24 48 72 73 84 157 314 471 a
1 2 4 8 12 24 48 72 73 85 157 314 471 b
1 2 4 8 12 24 48 72 73 145 157 314 471 b
1 2 4 8 12 24 48 72 84 85 157 314 471 b
1 2 4 8 12 24 48 72 84 156 157 314 471 b
1 2 4 8 12 24 48 72 144 145 157 314 471 b
1 2 4 8 12 24 48 72 144 156 157 314 471 b
1 2 4 8 12 24 48 96 97 109 157 314 471 b
1 2 4 8 12 24 48 96 97 145 157 314 471 b
1 2 4 8 12 24 48 96 108 109 157 314 471 b
1 2 4 8 12 24 48 96 108 156 157 314 471 b
1 2 4 8 12 24 48 96 144 145 157 314 471 b
1 2 4 8 12 24 48 96 144 156 157 314 471 b
1 2 4 8 16 17 18 35 70 87 157 314 471 b
1 2 4 8 16 17 18 35 70 140 157 314 471 b
1 2 4 8 16 17 19 35 70 87 157 314 471 b
1 2 4 8 16 17 19 35 70 140 157 314 471 b
1 2 4 8 16 17 21 34 68 89 157 314 471 a
1 2 4 8 16 17 21 34 68 136 157 314 471 a
1 2 4 8 16 17 21 42 84 101 185 286 471 b
1 2 4 8 16 17 21 42 84 101 185 370 471 b
1 2 4 8 16 17 24 41 58 99 157 314 471 a
1 2 4 8 16 17 24 41 58 116 157 314 471 a
1 2 4 8 16 17 25 33 66 91 157 314 471 b
1 2 4 8 16 17 25 33 66 132 157 314 471 b
1 2 4 8 16 17 25 41 58 99 157 314 471 b
1 2 4 8 16 17 25 41 58 116 157 314 471 b
1 2 4 8 16 17 25 41 66 91 157 314 471 b
1 2 4 8 16 17 25 41 66 132 157 314 471 b
1 2 4 8 16 17 25 42 84 101 185 286 471 b
1 2 4 8 16 17 25 42 84 101 185 370 471 b
1 2 4 8 16 17 25 50 66 91 157 314 471 b
1 2 4 8 16 17 25 50 66 132 157 314 471 b
1 2 4 8 16 17 32 49 81 130 211 260 471 a
1 2 4 8 16 17 32 49 81 130 211 341 471 a
1 2 4 8 16 17 32 49 81 130 211 422 471 a
1 2 4 8 16 17 32 49 81 130 260 341 471 a
1 2 4 8 16 17 32 49 81 130 260 390 471 a
1 2 4 8 16 17 32 49 81 162 211 260 471 a
1 2 4 8 16 17 32 49 81 162 211 422 471 a
1 2 4 8 16 17 33 34 67 101 202 269 471 b
1 2 4 8 16 17 33 34 67 101 202 404 471 b
1 2 4 8 16 17 33 35 70 87 157 314 471 b
1 2 4 8 16 17 33 35 70 140 157 314 471 b
1 2 4 8 16 17 33 37 70 87 157 314 471 b
1 2 4 8 16 17 33 37 70 140 157 314 471 b
1 2 4 8 16 17 33 41 58 99 157 314 471 b
1 2 4 8 16 17 33 41 58 116 157 314 471 b
1 2 4 8 16 17 33 66 70 87 157 314 471 b
1 2 4 8 16 17 33 66 70 140 157 314 471 b
1 2 4 8 16 17 33 66 74 83 157 314 471 a
1 2 4 8 16 17 33 66 74 91 157 314 471 b
1 2 4 8 16 17 33 66 74 140 157 314 471 b
1 2 4 8 16 17 33 66 83 91 157 314 471 b
1 2 4 8 16 17 33 66 83 149 157 314 471 b
1 2 4 8 16 17 33 66 132 140 157 314 471 b
1 2 4 8 16 17 33 66 132 149 157 314 471 b
1 2 4 8 16 17 34 35 70 87 157 314 471 b
1 2 4 8 16 17 34 35 70 140 157 314 471 b
1 2 4 8 16 17 34 36 70 87 157 314 471 b
1 2 4 8 16 17 34 36 70 140 157 314 471 b
1 2 4 8 16 17 34 42 84 101 185 286 471 b
1 2 4 8 16 17 34 42 84 101 185 370 471 b
1 2 4 8 16 17 34 50 67 101 202 269 471 b
1 2 4 8 16 17 34 50 67 101 202 404 471 b
1 2 4 8 16 17 34 50 84 101 185 286 471 b
1 2 4 8 16 17 34 50 84 101 185 370 471 b
1 2 4 8 16 17 34 51 53 104 157 314 471 b
1 2 4 8 16 17 34 51 53 106 157 314 471 b
1 2 4 8 16 17 34 51 55 102 157 314 471 a
1 2 4 8 16 17 34 51 55 106 157 314 471 b
1 2 4 8 16 17 34 51 67 101 202 269 471 b
1 2 4 8 16 17 34 51 67 101 202 404 471 b
1 2 4 8 16 17 34 51 102 106 157 314 471 b
1 2 4 8 16 17 34 51 102 153 157 314 471 b
1 2 4 8 16 17 34 68 70 87 157 314 471 b
1 2 4 8 16 17 34 68 70 140 157 314 471 b
1 2 4 8 16 17 34 68 72 85 157 314 471 a
1 2 4 8 16 17 34 68 72 89 157 314 471 b
1 2 4 8 16 17 34 68 72 140 157 314 471 b
1 2 4 8 16 17 34 68 84 101 185 286 471 b
1 2 4 8 16 17 34 68 84 101 185 370 471 b
1 2 4 8 16 17 34 68 85 89 157 314 471 b
1 2 4 8 16 17 34 68 85 153 157 314 471 b
1 2 4 8 16 17 34 68 136 140 157 314 471 b
1 2 4 8 16 17 34 68 136 153 157 314 471 b
1 2 4 8 16 18 26 52 53 104 157 314 471 a
1 2 4 8 16 18 26 52 53 105 157 314 471 b
1 2 4 8 16 18 26 52 78 79 157 314 471 b
1 2 4 8 16 18 26 52 78 156 157 314 471 b
1 2 4 8 16 18 26 52 104 105 157 314 471 b
1 2 4 8 16 18 26 52 104 156 157 314 471 b
1 2 4 8 16 18 34 52 53 104 157 314 471 a
1 2 4 8 16 18 34 52 53 105 157 314 471 b
1 2 4 8 16 18 34 52 104 105 157 314 471 b
1 2 4 8 16 18 34 52 104 156 157 314 471 b
1 2 4 8 16 18 36 37 72 109 181 290 471 a
1 2 4 8 16 18 36 37 72 109 181 362 471 a
1 2 4 8 16 18 36 52 53 104 157 314 471 a
1 2 4 8 16 18 36 52 53 105 157 314 471 b
1 2 4 8 16 18 36 52 104 105 157 314 471 b
1 2 4 8 16 18 36 52 104 156 157 314 471 b
1 2 4 8 16 18 36 72 73 109 181 290 471 b
1 2 4 8 16 18 36 72 73 109 181 362 471 b
1 2 4 8 16 18 36 72 73 145 163 308 471 b
1 2 4 8 16 18 36 72 73 145 163 326 471 b
1 2 4 8 16 18 36 72 73 145 181 290 471 a
1 2 4 8 16 18 36 72 73 145 181 326 471 b
1 2 4 8 16 18 36 72 73 145 290 326 471 b
1 2 4 8 16 18 36 72 73 145 290 435 471 b
1 2 4 8 16 18 36 72 108 109 181 290 471 b
1 2 4 8 16 18 36 72 108 109 181 362 471 b
1 2 4 8 16 18 36 72 144 145 163 308 471 b
1 2 4 8 16 18 36 72 144 145 163 326 471 b
1 2 4 8 16 18 36 72 144 145 181 290 471 a
1 2 4 8 16 18 36 72 144 145 181 326 471 b
1 2 4 8 16 18 36 72 144 145 290 326 471 b
1 2 4 8 16 18 36 72 144 145 290 435 471 b
1 2 4 8 16 20 32 52 53 104 157 314 471 a
1 2 4 8 16 20 32 52 53 105 157 314 471 a
1 2 4 8 16 20 32 52 104 105 157 314 471 a
1 2 4 8 16 20 32 52 104 156 157 314 471 a
1 2 4 8 16 20 36 37 72 109 181 290 471 a
1 2 4 8 16 20 36 37 72 109 181 362 471 a
1 2 4 8 16 20 36 52 53 104 157 314 471 a
1 2 4 8 16 20 36 52 53 105 157 314 471 b
1 2 4 8 16 20 36 52 104 105 157 314 471 b
1 2 4 8 16 20 36 52 104 156 157 314 471 b
1 2 4 8 16 20 36 72 73 109 181 290 471 b
1 2 4 8 16 20 36 72 73 109 181 362 471 b
1 2 4 8 16 20 36 72 73 145 181 290 471 a
1 2 4 8 16 20 36 72 73 145 181 326 471 b
1 2 4 8 16 20 36 72 73 145 290 326 471 b
1 2 4 8 16 20 36 72 73 145 290 435 471 b
1 2 4 8 16 20 36 72 108 109 181 290 471 b
1 2 4 8 16 20 36 72 108 109 181 362 471 b
1 2 4 8 16 20 36 72 144 145 181 290 471 a
1 2 4 8 16 20 36 72 144 145 181 326 471 b
1 2 4 8 16 20 36 72 144 145 290 326 471 b
1 2 4 8 16 20 36 72 144 145 290 435 471 b
1 2 4 8 16 24 25 33 66 91 157 314 471 b
1 2 4 8 16 24 25 33 66 132 157 314 471 b
1 2 4 8 16 24 25 41 66 91 157 314 471 b
1 2 4 8 16 24 25 41 66 132 157 314 471 b
1 2 4 8 16 24 25 50 66 91 157 314 471 b
1 2 4 8 16 24 25 50 66 132 157 314 471 b
1 2 4 8 16 24 25 50 75 99 198 273 471 b
1 2 4 8 16 24 25 50 75 99 198 396 471 b
1 2 4 8 16 24 26 52 53 104 157 314 471 a
1 2 4 8 16 24 26 52 53 105 157 314 471 b
1 2 4 8 16 24 26 52 78 79 157 314 471 b
1 2 4 8 16 24 26 52 78 156 157 314 471 b
1 2 4 8 16 24 26 52 104 105 157 314 471 b
1 2 4 8 16 24 26 52 104 156 157 314 471 b
1 2 4 8 16 24 28 52 53 104 157 314 471 a
1 2 4 8 16 24 28 52 53 105 157 314 471 b
1 2 4 8 16 24 28 52 104 105 157 314 471 b
1 2 4 8 16 24 28 52 104 156 157 314 471 b
1 2 4 8 16 24 48 52 53 104 157 314 471 a
1 2 4 8 16 24 48 52 53 105 157 314 471 b
1 2 4 8 16 24 48 52 104 105 157 314 471 b
1 2 4 8 16 24 48 52 104 156 157 314 471 b
1 2 4 8 16 32 33 34 67 101 202 269 471 b
1 2 4 8 16 32 33 34 67 101 202 404 471 b
1 2 4 8 16 32 33 40 73 146 179 292 471 a
1 2 4 8 16 32 33 40 73 146 179 325 471 a
1 2 4 8 16 32 33 40 73 146 219 252 471 a
1 2 4 8 16 32 33 40 73 146 219 438 471 a
1 2 4 8 16 32 33 40 73 146 292 325 471 a
1 2 4 8 16 32 33 40 73 146 292 438 471 a
1 2 4 8 16 32 33 41 73 146 179 292 471 a
1 2 4 8 16 32 33 41 73 146 179 325 471 b
1 2 4 8 16 32 33 41 73 146 219 252 471 b
1 2 4 8 16 32 33 41 73 146 219 438 471 b
1 2 4 8 16 32 33 41 73 146 292 325 471 b
1 2 4 8 16 32 33 41 73 146 292 438 471 b
1 2 4 8 16 32 33 48 81 114 195 276 471 a
1 2 4 8 16 32 33 48 81 114 195 390 471 a
1 2 4 8 16 32 33 48 81 162 195 276 471 a
1 2 4 8 16 32 33 48 81 162 195 390 471 a
1 2 4 8 16 32 33 49 81 114 195 276 471 b
1 2 4 8 16 32 33 49 81 114 195 390 471 b
1 2 4 8 16 32 33 49 81 130 211 260 471 b
1 2 4 8 16 32 33 49 81 130 211 341 471 b
1 2 4 8 16 32 33 49 81 130 211 422 471 b
1 2 4 8 16 32 33 49 81 130 260 341 471 b
1 2 4 8 16 32 33 49 81 130 260 390 471 b
1 2 4 8 16 32 33 49 81 162 195 276 471 b
1 2 4 8 16 32 33 49 81 162 195 390 471 b
1 2 4 8 16 32 33 49 81 162 211 260 471 b
1 2 4 8 16 32 33 49 81 162 211 422 471 b
1 2 4 8 16 32 33 65 69 134 203 268 471 b
1 2 4 8 16 32 33 65 69 134 203 337 471 b
1 2 4 8 16 32 33 65 69 134 203 406 471 b
1 2 4 8 16 32 33 65 69 134 268 337 471 b
1 2 4 8 16 32 33 65 69 134 268 402 471 b
1 2 4 8 16 32 33 65 69 138 203 268 471 b
1 2 4 8 16 32 33 65 69 138 203 406 471 b
1 2 4 8 16 32 33 65 73 130 203 268 471 a
1 2 4 8 16 32 33 65 73 130 203 406 471 a
1 2 4 8 16 32 33 65 73 138 203 268 471 b
1 2 4 8 16 32 33 65 73 138 203 406 471 b
1 2 4 8 16 32 33 65 73 146 179 292 471 a
1 2 4 8 16 32 33 65 73 146 179 325 471 b
1 2 4 8 16 32 33 65 73 146 219 252 471 b
1 2 4 8 16 32 33 65 73 146 219 438 471 b
1 2 4 8 16 32 33 65 73 146 292 325 471 b
1 2 4 8 16 32 33 65 73 146 292 438 471 b
1 2 4 8 16 32 33 65 81 114 195 276 471 b
1 2 4 8 16 32 33 65 81 114 195 390 471 b
1 2 4 8 16 32 33 65 81 130 195 276 471 a
1 2 4 8 16 32 33 65 81 130 195 390 471 a
1 2 4 8 16 32 33 65 81 130 211 260 471 a
1 2 4 8 16 32 33 65 81 130 211 341 471 a
1 2 4 8 16 32 33 65 81 130 260 341 471 a
1 2 4 8 16 32 33 65 81 130 260 390 471 a
1 2 4 8 16 32 33 65 81 146 179 292 471 a
1 2 4 8 16 32 33 65 81 146 179 325 471 b
1 2 4 8 16 32 33 65 81 146 292 325 471 b
1 2 4 8 16 32 33 65 81 146 292 438 471 b
1 2 4 8 16 32 33 65 81 162 195 276 471 b
1 2 4 8 16 32 33 65 81 162 195 390 471 b
1 2 4 8 16 32 33 65 130 138 195 276 471 a
1 2 4 8 16 32 33 65 130 138 195 333 471 a
1 2 4 8 16 32 33 65 130 138 203 268 471 b
1 2 4 8 16 32 33 65 130 138 203 333 471 b
1 2 4 8 16 32 33 65 130 138 203 341 471 b
1 2 4 8 16 32 33 65 130 138 203 406 471 b
1 2 4 8 16 32 33 65 130 138 268 333 471 b
1 2 4 8 16 32 33 65 130 138 268 406 471 b
1 2 4 8 16 32 33 65 130 138 276 341 471 b
1 2 4 8 16 32 33 65 130 138 276 406 471 b
1 2 4 8 16 32 33 65 130 146 179 292 471 a
1 2 4 8 16 32 33 65 130 146 179 325 471 b
1 2 4 8 16 32 33 65 130 146 195 276 471 a
1 2 4 8 16 32 33 65 130 146 195 325 471 a
1 2 4 8 16 32 33 65 130 146 195 341 471 a
1 2 4 8 16 32 33 65 130 146 211 260 471 a
1 2 4 8 16 32 33 65 130 146 211 341 471 b
1 2 4 8 16 32 33 65 130 146 260 325 471 a
1 2 4 8 16 32 33 65 130 146 260 406 471 a
1 2 4 8 16 32 33 65 130 146 276 341 471 b
1 2 4 8 16 32 33 65 130 146 276 406 471 b
1 2 4 8 16 32 33 65 130 146 292 325 471 b
1 2 4 8 16 32 33 65 130 146 292 438 471 b
1 2 4 8 16 32 33 65 130 195 203 268 471 b
1 2 4 8 16 32 33 65 130 195 203 406 471 b
1 2 4 8 16 32 33 65 130 195 211 260 471 a
1 2 4 8 16 32 33 65 130 195 211 276 471 b
1 2 4 8 16 32 33 65 130 195 211 341 471 b
1 2 4 8 16 32 33 65 130 195 211 406 471 b
1 2 4 8 16 32 33 65 130 195 260 276 471 b
1 2 4 8 16 32 33 65 130 195 260 455 471 b
1 2 4 8 16 32 33 65 130 195 325 341 471 b
1 2 4 8 16 32 33 65 130 195 325 455 471 b
1 2 4 8 16 32 33 65 130 195 390 406 471 b
1 2 4 8 16 32 33 65 130 195 390 455 471 b
1 2 4 8 16 32 33 65 130 260 276 341 471 b
1 2 4 8 16 32 33 65 130 260 276 406 471 b
1 2 4 8 16 32 33 65 130 260 325 341 471 b
1 2 4 8 16 32 33 65 130 260 325 455 471 b
1 2 4 8 16 32 33 65 130 260 390 406 471 b
1 2 4 8 16 32 33 65 130 260 390 455 471 b
1 2 4 8 16 32 34 35 67 101 202 269 471 b
1 2 4 8 16 32 34 35 67 101 202 404 471 b
1 2 4 8 16 32 34 66 67 101 202 269 471 b
1 2 4 8 16 32 34 66 67 101 202 404 471 b
1 2 4 8 16 32 36 37 72 109 181 290 471 a
1 2 4 8 16 32 36 37 72 109 181 362 471 a
1 2 4 8 16 32 36 52 53 104 157 314 471 a
1 2 4 8 16 32 36 52 53 105 157 314 471 b
1 2 4 8 16 32 36 52 104 105 157 314 471 b
1 2 4 8 16 32 36 52 104 156 157 314 471 b
1 2 4 8 16 32 36 72 73 109 181 290 471 b
1 2 4 8 16 32 36 72 73 109 181 362 471 b
1 2 4 8 16 32 36 72 73 145 181 290 471 a
1 2 4 8 16 32 36 72 73 145 181 326 471 b
1 2 4 8 16 32 36 72 73 145 290 326 471 b
1 2 4 8 16 32 36 72 73 145 290 435 471 b
1 2 4 8 16 32 36 72 108 109 181 290 471 b
1 2 4 8 16 32 36 72 108 109 181 362 471 b
1 2 4 8 16 32 36 72 144 145 181 290 471 a
1 2 4 8 16 32 36 72 144 145 181 326 471 b
1 2 4 8 16 32 36 72 144 145 290 326 471 b
1 2 4 8 16 32 36 72 144 145 290 435 471 b
1 2 4 8 16 32 48 49 81 130 211 260 471 b
1 2 4 8 16 32 48 49 81 130 211 341 471 b
1 2 4 8 16 32 48 49 81 130 211 422 471 b
1 2 4 8 16 32 48 49 81 130 260 341 471 b
1 2 4 8 16 32 48 49 81 130 260 390 471 b
1 2 4 8 16 32 48 49 81 162 211 260 471 b
1 2 4 8 16 32 48 49 81 162 211 422 471 b
1 2 4 8 16 32 48 52 53 104 157 314 471 a
1 2 4 8 16 32 48 52 53 105 157 314 471 b
1 2 4 8 16 32 48 52 104 105 157 314 471 b
1 2 4 8 16 32 48 52 104 156 157 314 471 b
1 2 4 8 16 32 64 65 69 134 203 268 471 b
1 2 4 8 16 32 64 65 69 134 203 337 471 b
1 2 4 8 16 32 64 65 69 134 203 406 471 b
1 2 4 8 16 32 64 65 69 134 268 337 471 b
1 2 4 8 16 32 64 65 69 134 268 402 471 b
1 2 4 8 16 32 64 65 69 138 203 268 471 b
1 2 4 8 16 32 64 65 69 138 203 406 471 b
1 2 4 8 16 32 64 65 73 130 203 268 471 a
1 2 4 8 16 32 64 65 73 130 203 406 471 a
1 2 4 8 16 32 64 65 73 138 203 268 471 b
1 2 4 8 16 32 64 65 73 138 203 406 471 b
1 2 4 8 16 32 64 65 81 130 195 276 471 a
1 2 4 8 16 32 64 65 81 130 195 390 471 a
1 2 4 8 16 32 64 65 81 130 211 260 471 a
1 2 4 8 16 32 64 65 81 130 211 341 471 a
1 2 4 8 16 32 64 65 81 130 260 341 471 a
1 2 4 8 16 32 64 65 81 130 260 390 471 a
1 2 4 8 16 32 64 65 130 138 195 276 471 a
1 2 4 8 16 32 64 65 130 138 195 333 471 a
1 2 4 8 16 32 64 65 130 138 203 268 471 b
1 2 4 8 16 32 64 65 130 138 203 333 471 b
1 2 4 8 16 32 64 65 130 138 203 341 471 b
1 2 4 8 16 32 64 65 130 138 203 406 471 b
1 2 4 8 16 32 64 65 130 138 268 333 471 b
1 2 4 8 16 32 64 65 130 138 268 406 471 b
1 2 4 8 16 32 64 65 130 138 276 341 471 b
1 2 4 8 16 32 64 65 130 138 276 406 471 b
1 2 4 8 16 32 64 65 130 146 195 276 471 a
1 2 4 8 16 32 64 65 130 146 195 325 471 a
1 2 4 8 16 32 64 65 130 146 195 341 471 a
1 2 4 8 16 32 64 65 130 146 211 260 471 a
1 2 4 8 16 32 64 65 130 146 211 341 471 b
1 2 4 8 16 32 64 65 130 146 260 325 471 a
1 2 4 8 16 32 64 65 130 146 260 406 471 a
1 2 4 8 16 32 64 65 130 146 276 341 471 b
1 2 4 8 16 32 64 65 130 146 276 406 471 b
1 2 4 8 16 32 64 65 130 195 203 268 471 b
1 2 4 8 16 32 64 65 130 195 203 406 471 b
1 2 4 8 16 32 64 65 130 195 211 260 471 a
1 2 4 8 16 32 64 65 130 195 211 276 471 b
1 2 4 8 16 32 64 65 130 195 211 341 471 b
1 2 4 8 16 32 64 65 130 195 211 406 471 b
1 2 4 8 16 32 64 65 130 195 260 276 471 b
1 2 4 8 16 32 64 65 130 195 260 455 471 b
1 2 4 8 16 32 64 65 130 195 325 341 471 b
1 2 4 8 16 32 64 65 130 195 325 455 471 b
1 2 4 8 16 32 64 65 130 195 390 406 471 b
1 2 4 8 16 32 64 65 130 195 390 455 471 b
1 2 4 8 16 32 64 65 130 260 276 341 471 b
1 2 4 8 16 32 64 65 130 260 276 406 471 b
1 2 4 8 16 32 64 65 130 260 325 341 471 b
1 2 4 8 16 32 64 65 130 260 325 455 471 b
1 2 4 8 16 32 64 65 130 260 390 406 471 b
1 2 4 8 16 32 64 65 130 260 390 455 471 b
1 2 4 8 16 32 64 68 69 132 201 270 471 a
1 2 4 8 16 32 64 68 69 132 201 402 471 a
1 2 4 8 16 32 64 68 69 133 201 270 471 b
1 2 4 8 16 32 64 68 69 133 201 402 471 b
1 2 4 8 16 32 64 68 69 137 201 270 471 b
1 2 4 8 16 32 64 68 69 137 201 402 471 b
