1 2 3 5 8 13 26 52 104 109 213 426 b
1 2 3 5 8 13 26 52 104 208 213 426 b
1 2 3 5 10 13 26 52 104 109 213 426 b
1 2 3 5 10 13 26 52 104 208 213 426 b
1 2 3 5 10 13 26 52 104 208 218 426 b
1 2 3 5 10 13 26 52 104 208 416 426 b
1 2 3 6 12 13 25 50 100 113 213 426 b
1 2 3 6 12 13 25 50 100 200 213 426 b
1 2 3 6 12 24 26 50 100 200 226 426 b
1 2 3 6 12 24 26 50 100 200 400 426 b
1 2 4 5 8 13 26 52 104 109 213 426 a
1 2 4 5 8 13 26 52 104 208 213 426 a
1 2 4 5 9 13 26 52 104 109 213 426 b
1 2 4 5 9 13 26 52 104 208 213 426 b
1 2 4 6 10 16 26 52 104 208 218 426 b
1 2 4 6 10 16 26 52 104 208 416 426 b
1 2 4 6 10 20 26 52 104 208 218 426 b
1 2 4 6 10 20 26 52 104 208 416 426 b
1 2 4 6 12 13 25 50 100 113 213 426 b
1 2 4 6 12 13 25 50 100 200 213 426 b
1 2 4 6 12 24 26 50 100 200 226 426 b
1 2 4 6 12 24 26 50 100 200 400 426 b
1 2 4 8 9 17 34 51 102 111 213 426 b
1 2 4 8 9 17 34 51 102 204 213 426 b
1 2 4 8 9 17 34 68 77 136 213 426 a
1 2 4 8 9 17 34 68 77 145 213 426 b
1 2 4 8 9 17 34 68 102 111 213 426 b
1 2 4 8 9 17 34 68 102 204 213 426 b
1 2 4 8 9 17 34 68 136 145 213 426 b
1 2 4 8 9 17 34 68 136 145 281 426 b
1 2 4 8 9 17 34 68 136 145 290 426 b
1 2 4 8 9 17 34 68 136 204 213 426 b
1 2 4 8 10 16 26 52 104 208 218 426 a
1 2 4 8 10 16 26 52 104 208 416 426 a
1 2 4 8 10 18 26 52 104 208 218 426 b
1 2 4 8 10 18 26 52 104 208 416 426 b
1 2 4 8 12 13 25 50 100 113 213 426 b
1 2 4 8 12 13 25 50 100 200 213 426 b
1 2 4 8 12 24 26 50 100 200 226 426 b
1 2 4 8 12 24 26 50 100 200 400 426 b
1 2 4 8 16 17 32 49 98 115 213 426 a
1 2 4 8 16 17 32 49 98 196 213 426 a
1 2 4 8 16 17 33 49 82 131 213 426 b
1 2 4 8 16 17 33 49 82 164 213 426 b
1 2 4 8 16 17 33 49 98 115 213 426 b
1 2 4 8 16 17 33 49 98 196 213 426 b
1 2 4 8 16 18 34 68 102 204 222 426 b
1 2 4 8 16 18 34 68 102 204 408 426 b
1 2 4 8 16 18 34 68 136 154 272 426 a
1 2 4 8 16 18 34 68 136 154 290 426 b
1 2 4 8 16 18 34 68 136 204 222 426 b
1 2 4 8 16 18 34 68 136 204 408 426 b
1 2 4 8 16 18 34 68 136 272 290 426 b
1 2 4 8 16 18 34 68 136 272 408 426 b
1 2 4 8 16 24 26 50 100 200 226 426 b
1 2 4 8 16 24 26 50 100 200 400 426 b
1 2 4 8 16 32 33 49 82 131 213 426 b
1 2 4 8 16 32 33 49 82 164 213 426 b
1 2 4 8 16 32 33 66 98 164 262 426 b
1 2 4 8 16 32 33 66 98 164 328 426 b
1 2 4 8 16 32 34 64 98 196 230 426 a
1 2 4 8 16 32 34 64 98 196 392 426 a
1 2 4 8 16 32 34 66 98 164 262 426 b
1 2 4 8 16 32 34 66 98 164 328 426 b
1 2 4 8 16 32 34 66 98 196 230 426 b
1 2 4 8 16 32 34 66 98 196 392 426 b
1 2 4 8 16 32 64 66 98 164 262 426 b
1 2 4 8 16 32 64 66 98 164 328 426 b
