1 2 3 4 7 14 21 35 70 105 210 420 b
1 2 3 4 7 14 21 35 70 140 210 420 b
1 2 3 4 7 14 21 35 70 140 280 420 b
1 2 3 4 7 14 21 42 63 105 210 420 b
1 2 3 4 7 14 21 42 84 105 210 420 b
1 2 3 4 7 14 21 42 84 126 210 420 b
1 2 3 4 7 14 21 42 84 168 210 420 b
1 2 3 4 7 14 21 42 84 168 252 420 b
1 2 3 4 7 14 21 42 84 168 336 420 b
1 2 3 4 7 14 28 35 70 105 210 420 b
1 2 3 4 7 14 28 35 70 140 210 420 b
1 2 3 4 7 14 28 35 70 140 280 420 b
1 2 3 4 7 14 28 42 70 140 210 420 b
1 2 3 4 7 14 28 42 70 140 280 420 b
1 2 3 4 7 14 28 42 84 126 210 420 b
1 2 3 4 7 14 28 42 84 168 210 420 b
1 2 3 4 7 14 28 42 84 168 252 420 b
1 2 3 4 7 14 28 42 84 168 336 420 b
1 2 3 4 7 14 28 56 70 140 210 420 b
1 2 3 4 7 14 28 56 70 140 280 420 b
1 2 3 4 7 14 28 56 84 140 280 420 b
1 2 3 4 7 14 28 56 84 168 252 420 b
1 2 3 4 7 14 28 56 84 168 336 420 b
1 2 3 4 7 14 28 56 112 140 280 420 b
1 2 3 4 8 16 19 35 70 105 210 420 b
1 2 3 4 8 16 19 35 70 140 210 420 b
1 2 3 4 8 16 19 35 70 140 280 420 b
1 2 3 4 8 16 32 35 70 105 210 420 b
1 2 3 4 8 16 32 35 70 140 210 420 b
1 2 3 4 8 16 32 35 70 140 280 420 b
1 2 3 5 7 14 21 35 70 105 210 420 b
1 2 3 5 7 14 21 35 70 140 210 420 b
1 2 3 5 7 14 21 35 70 140 280 420 b
1 2 3 5 7 14 21 42 63 105 210 420 b
1 2 3 5 7 14 21 42 84 105 210 420 b
1 2 3 5 7 14 21 42 84 126 210 420 b
1 2 3 5 7 14 21 42 84 168 210 420 b
1 2 3 5 7 14 21 42 84 168 252 420 b
1 2 3 5 7 14 21 42 84 168 336 420 b
1 2 3 5 7 14 28 35 70 105 210 420 b
1 2 3 5 7 14 28 35 70 140 210 420 b
1 2 3 5 7 14 28 35 70 140 280 420 b
1 2 3 5 7 14 28 42 70 140 210 420 b
1 2 3 5 7 14 28 42 70 140 280 420 b
1 2 3 5 7 14 28 42 84 126 210 420 b
1 2 3 5 7 14 28 42 84 168 210 420 b
1 2 3 5 7 14 28 42 84 168 252 420 b
1 2 3 5 7 14 28 42 84 168 336 420 b
1 2 3 5 7 14 28 56 70 140 210 420 b
1 2 3 5 7 14 28 56 70 140 280 420 b
1 2 3 5 7 14 28 56 84 140 280 420 b
1 2 3 5 7 14 28 56 84 168 252 420 b
1 2 3 5 7 14 28 56 84 168 336 420 b
1 2 3 5 7 14 28 56 112 140 280 420 b
1 2 3 5 8 13 21 42 63 105 210 420 b
1 2 3 5 8 13 21 42 84 105 210 420 b
1 2 3 5 8 13 21 42 84 126 210 420 b
1 2 3 5 8 13 21 42 84 168 210 420 b
1 2 3 5 8 13 21 42 84 168 252 420 b
1 2 3 5 8 13 21 42 84 168 336 420 b
1 2 3 5 8 13 26 52 53 105 210 420 b
1 2 3 5 8 13 26 52 104 105 210 420 b
1 2 3 5 8 13 26 52 104 106 210 420 b
1 2 3 5 8 13 26 52 104 208 210 420 b
1 2 3 5 8 16 19 35 70 105 210 420 b
1 2 3 5 8 16 19 35 70 140 210 420 b
1 2 3 5 8 16 19 35 70 140 280 420 b
1 2 3 5 8 16 21 42 63 105 210 420 b
1 2 3 5 8 16 21 42 84 105 210 420 b
1 2 3 5 8 16 21 42 84 126 210 420 b
1 2 3 5 8 16 21 42 84 168 210 420 b
1 2 3 5 8 16 21 42 84 168 252 420 b
1 2 3 5 8 16 21 42 84 168 336 420 b
1 2 3 5 8 16 32 35 70 105 210 420 b
1 2 3 5 8 16 32 35 70 140 210 420 b
1 2 3 5 8 16 32 35 70 140 280 420 b
1 2 3 5 10 11 21 42 63 105 210 420 b
1 2 3 5 10 11 21 42 84 105 210 420 b
1 2 3 5 10 11 21 42 84 126 210 420 b
1 2 3 5 10 11 21 42 84 168 210 420 b
1 2 3 5 10 11 21 42 84 168 252 420 b
1 2 3 5 10 11 21 42 84 168 336 420 b
1 2 3 5 10 13 23 46 59 105 210 420 b
1 2 3 5 10 13 23 46 92 105 210 420 b
1 2 3 5 10 13 26 52 53 105 210 420 b
1 2 3 5 10 13 26 52 104 105 210 420 b
1 2 3 5 10 13 26 52 104 106 210 420 b
1 2 3 5 10 13 26 52 104 208 210 420 b
1 2 3 5 10 15 20 35 70 105 210 420 b
1 2 3 5 10 15 20 35 70 140 210 420 b
1 2 3 5 10 15 20 35 70 140 280 420 b
1 2 3 5 10 15 25 35 70 105 210 420 b
1 2 3 5 10 15 25 35 70 140 210 420 b
1 2 3 5 10 15 25 35 70 140 280 420 b
1 2 3 5 10 15 25 40 65 105 210 420 b
1 2 3 5 10 15 25 40 80 105 210 420 b
1 2 3 5 10 15 25 50 55 105 210 420 b
1 2 3 5 10 15 25 50 100 105 210 420 b
1 2 3 5 10 15 25 50 100 110 210 420 b
1 2 3 5 10 15 25 50 100 200 210 420 b
1 2 3 5 10 15 30 35 70 105 210 420 b
1 2 3 5 10 15 30 35 70 140 210 420 b
1 2 3 5 10 15 30 35 70 140 280 420 b
1 2 3 5 10 15 30 40 70 140 210 420 b
1 2 3 5 10 15 30 40 70 140 280 420 b
1 2 3 5 10 15 30 45 60 105 210 420 b
1 2 3 5 10 15 30 45 75 105 210 420 b
1 2 3 5 10 15 30 45 90 105 210 420 b
1 2 3 5 10 15 30 45 90 120 210 420 b
1 2 3 5 10 15 30 45 90 180 210 420 b
1 2 3 5 10 15 30 60 70 140 210 420 b
1 2 3 5 10 15 30 60 70 140 280 420 b
1 2 3 5 10 15 30 60 75 105 210 420 b
1 2 3 5 10 15 30 60 75 135 210 420 b
1 2 3 5 10 15 30 60 75 150 210 420 b
1 2 3 5 10 15 30 60 90 105 210 420 b
1 2 3 5 10 15 30 60 90 120 210 420 b
1 2 3 5 10 15 30 60 90 150 210 420 b
1 2 3 5 10 15 30 60 90 180 210 420 b
1 2 3 5 10 15 30 60 90 180 240 420 b
1 2 3 5 10 15 30 60 90 180 360 420 b
1 2 3 5 10 15 30 60 120 150 210 420 b
1 2 3 5 10 15 30 60 120 150 270 420 b
1 2 3 5 10 15 30 60 120 150 300 420 b
1 2 3 5 10 15 30 60 120 180 210 420 b
1 2 3 5 10 15 30 60 120 180 240 420 b
1 2 3 5 10 15 30 60 120 180 300 420 b
1 2 3 5 10 15 30 60 120 180 360 420 b
1 2 3 5 10 15 30 60 120 240 300 420 b
1 2 3 5 10 15 30 60 120 240 360 420 b
1 2 3 5 10 20 21 42 63 105 210 420 b
1 2 3 5 10 20 21 42 84 105 210 420 b
1 2 3 5 10 20 21 42 84 126 210 420 b
1 2 3 5 10 20 21 42 84 168 210 420 b
1 2 3 5 10 20 21 42 84 168 252 420 b
1 2 3 5 10 20 21 42 84 168 336 420 b
1 2 3 5 10 20 22 42 84 126 210 420 b
1 2 3 5 10 20 22 42 84 168 210 420 b
1 2 3 5 10 20 22 42 84 168 252 420 b
1 2 3 5 10 20 22 42 84 168 336 420 b
1 2 3 5 10 20 25 35 70 105 210 420 b
1 2 3 5 10 20 25 35 70 140 210 420 b
1 2 3 5 10 20 25 35 70 140 280 420 b
1 2 3 5 10 20 25 40 65 105 210 420 a
1 2 3 5 10 20 25 40 80 105 210 420 a
1 2 3 5 10 20 25 45 70 140 210 420 b
1 2 3 5 10 20 25 45 70 140 280 420 b
1 2 3 5 10 20 25 50 55 105 210 420 b
1 2 3 5 10 20 25 50 70 140 210 420 b
1 2 3 5 10 20 25 50 70 140 280 420 b
1 2 3 5 10 20 25 50 100 105 210 420 b
1 2 3 5 10 20 25 50 100 110 210 420 b
1 2 3 5 10 20 25 50 100 200 210 420 b
1 2 3 5 10 20 25 50 100 200 220 420 b
1 2 3 5 10 20 25 50 100 200 400 420 b
1 2 3 5 10 20 30 35 70 105 210 420 b
1 2 3 5 10 20 30 35 70 140 210 420 b
1 2 3 5 10 20 30 35 70 140 280 420 b
1 2 3 5 10 20 30 40 70 140 210 420 b
1 2 3 5 10 20 30 40 70 140 280 420 b
1 2 3 5 10 20 30 50 55 105 210 420 b
1 2 3 5 10 20 30 50 70 140 210 420 b
1 2 3 5 10 20 30 50 70 140 280 420 b
1 2 3 5 10 20 30 50 80 130 210 420 b
1 2 3 5 10 20 30 50 80 160 210 420 b
1 2 3 5 10 20 30 50 100 105 210 420 b
1 2 3 5 10 20 30 50 100 110 210 420 b
1 2 3 5 10 20 30 50 100 200 210 420 b
1 2 3 5 10 20 30 50 100 200 220 420 b
1 2 3 5 10 20 30 50 100 200 400 420 b
1 2 3 5 10 20 30 60 70 140 210 420 b
1 2 3 5 10 20 30 60 70 140 280 420 b
1 2 3 5 10 20 30 60 80 140 280 420 b
1 2 3 5 10 20 30 60 90 120 210 420 b
1 2 3 5 10 20 30 60 90 150 210 420 b
1 2 3 5 10 20 30 60 90 180 210 420 b
1 2 3 5 10 20 30 60 90 180 240 420 b
1 2 3 5 10 20 30 60 90 180 360 420 b
1 2 3 5 10 20 30 60 120 140 280 420 b
1 2 3 5 10 20 30 60 120 150 210 420 b
1 2 3 5 10 20 30 60 120 150 270 420 b
1 2 3 5 10 20 30 60 120 150 300 420 b
1 2 3 5 10 20 30 60 120 180 210 420 b
1 2 3 5 10 20 30 60 120 180 240 420 b
1 2 3 5 10 20 30 60 120 180 300 420 b
1 2 3 5 10 20 30 60 120 180 360 420 b
1 2 3 5 10 20 30 60 120 240 300 420 b
1 2 3 5 10 20 30 60 120 240 360 420 b
1 2 3 5 10 20 40 42 84 126 210 420 b
1 2 3 5 10 20 40 42 84 168 210 420 b
1 2 3 5 10 20 40 42 84 168 252 420 b
1 2 3 5 10 20 40 42 84 168 336 420 b
1 2 3 5 10 20 40 45 60 105 210 420 a
1 2 3 5 10 20 40 45 65 105 210 420 b
1 2 3 5 10 20 40 45 85 105 210 420 b
1 2 3 5 10 20 40 45 85 125 210 420 b
1 2 3 5 10 20 40 45 85 170 210 420 b
1 2 3 5 10 20 40 50 55 105 210 420 b
1 2 3 5 10 20 40 50 70 140 210 420 b
1 2 3 5 10 20 40 50 70 140 280 420 b
1 2 3 5 10 20 40 50 80 130 210 420 a
1 2 3 5 10 20 40 50 80 160 210 420 a
1 2 3 5 10 20 40 50 90 140 280 420 b
1 2 3 5 10 20 40 50 100 105 210 420 b
1 2 3 5 10 20 40 50 100 110 210 420 b
1 2 3 5 10 20 40 50 100 140 280 420 b
1 2 3 5 10 20 40 50 100 200 210 420 b
1 2 3 5 10 20 40 50 100 200 220 420 b
1 2 3 5 10 20 40 50 100 200 400 420 b
1 2 3 5 10 20 40 60 65 105 210 420 b
1 2 3 5 10 20 40 60 70 140 210 420 b
1 2 3 5 10 20 40 60 70 140 280 420 b
1 2 3 5 10 20 40 60 80 140 280 420 b
1 2 3 5 10 20 40 60 100 105 210 420 b
1 2 3 5 10 20 40 60 100 110 210 420 b
1 2 3 5 10 20 40 60 100 140 280 420 b
1 2 3 5 10 20 40 60 100 160 260 420 b
1 2 3 5 10 20 40 60 100 160 320 420 b
1 2 3 5 10 20 40 60 100 200 210 420 b
1 2 3 5 10 20 40 60 100 200 220 420 b
1 2 3 5 10 20 40 60 100 200 400 420 b
1 2 3 5 10 20 40 60 120 140 280 420 b
1 2 3 5 10 20 40 60 120 180 240 420 b
1 2 3 5 10 20 40 60 120 180 300 420 b
1 2 3 5 10 20 40 60 120 180 360 420 b
1 2 3 5 10 20 40 60 120 240 300 420 b
1 2 3 5 10 20 40 60 120 240 360 420 b
1 2 3 5 10 20 40 80 85 105 210 420 b
1 2 3 5 10 20 40 80 85 125 210 420 b
1 2 3 5 10 20 40 80 85 170 210 420 b
1 2 3 5 10 20 40 80 85 170 250 420 b
1 2 3 5 10 20 40 80 85 170 340 420 b
1 2 3 5 10 20 40 80 90 120 210 420 a
1 2 3 5 10 20 40 80 90 130 210 420 b
1 2 3 5 10 20 40 80 90 170 210 420 b
1 2 3 5 10 20 40 80 90 170 250 420 b
1 2 3 5 10 20 40 80 90 170 340 420 b
1 2 3 5 10 20 40 80 100 105 210 420 b
1 2 3 5 10 20 40 80 100 110 210 420 b
1 2 3 5 10 20 40 80 100 140 280 420 b
1 2 3 5 10 20 40 80 100 160 260 420 a
1 2 3 5 10 20 40 80 100 160 320 420 a
1 2 3 5 10 20 40 80 100 200 210 420 b
1 2 3 5 10 20 40 80 100 200 220 420 b
1 2 3 5 10 20 40 80 100 200 400 420 b
1 2 3 5 10 20 40 80 120 130 210 420 b
1 2 3 5 10 20 40 80 120 140 280 420 b
1 2 3 5 10 20 40 80 120 200 210 420 b
1 2 3 5 10 20 40 80 120 200 220 420 b
1 2 3 5 10 20 40 80 120 200 400 420 b
1 2 3 5 10 20 40 80 160 170 210 420 b
1 2 3 5 10 20 40 80 160 170 250 420 b
1 2 3 5 10 20 40 80 160 170 340 420 b
1 2 3 5 10 20 40 80 160 180 240 420 a
1 2 3 5 10 20 40 80 160 180 260 420 b
1 2 3 5 10 20 40 80 160 180 340 420 b
1 2 3 5 10 20 40 80 160 200 210 420 b
1 2 3 5 10 20 40 80 160 200 220 420 b
1 2 3 5 10 20 40 80 160 200 400 420 b
1 2 3 5 10 20 40 80 160 240 260 420 b
1 2 3 5 10 20 40 80 160 240 400 420 b
1 2 3 5 10 20 40 80 160 320 340 420 b
1 2 3 5 10 20 40 80 160 320 400 420 b
1 2 3 6 7 13 26 52 53 105 210 420 b
1 2 3 6 7 13 26 52 104 105 210 420 b
1 2 3 6 7 13 26 52 104 106 210 420 b
1 2 3 6 7 13 26 52 104 208 210 420 b
1 2 3 6 7 14 21 35 70 105 210 420 b
1 2 3 6 7 14 21 35 70 140 210 420 b
1 2 3 6 7 14 21 35 70 140 280 420 b
1 2 3 6 7 14 21 42 63 105 210 420 b
1 2 3 6 7 14 21 42 84 105 210 420 b
1 2 3 6 7 14 21 42 84 126 210 420 b
1 2 3 6 7 14 21 42 84 168 210 420 b
1 2 3 6 7 14 21 42 84 168 252 420 b
1 2 3 6 7 14 21 42 84 168 336 420 b
1 2 3 6 7 14 28 35 70 105 210 420 b
1 2 3 6 7 14 28 35 70 140 210 420 b
1 2 3 6 7 14 28 35 70 140 280 420 b
1 2 3 6 7 14 28 42 70 140 210 420 b
1 2 3 6 7 14 28 42 70 140 280 420 b
1 2 3 6 7 14 28 42 84 126 210 420 b
1 2 3 6 7 14 28 42 84 168 210 420 b
1 2 3 6 7 14 28 42 84 168 252 420 b
1 2 3 6 7 14 28 42 84 168 336 420 b
1 2 3 6 7 14 28 56 70 140 210 420 b
1 2 3 6 7 14 28 56 70 140 280 420 b
1 2 3 6 7 14 28 56 84 140 280 420 b
1 2 3 6 7 14 28 56 84 168 252 420 b
1 2 3 6 7 14 28 56 84 168 336 420 b
1 2 3 6 7 14 28 56 112 140 280 420 b
1 2 3 6 8 14 28 42 70 140 210 420 b
1 2 3 6 8 14 28 42 70 140 280 420 b
1 2 3 6 8 14 28 42 84 126 210 420 b
1 2 3 6 8 14 28 42 84 168 210 420 b
1 2 3 6 8 14 28 42 84 168 252 420 b
1 2 3 6 8 14 28 42 84 168 336 420 b
1 2 3 6 8 14 28 56 70 140 210 420 b
1 2 3 6 8 14 28 56 70 140 280 420 b
1 2 3 6 8 14 28 56 84 140 280 420 b
1 2 3 6 8 14 28 56 84 168 252 420 b
1 2 3 6 8 14 28 56 84 168 336 420 b
1 2 3 6 8 14 28 56 112 140 280 420 b
1 2 3 6 8 16 19 35 70 105 210 420 b
1 2 3 6 8 16 19 35 70 140 210 420 b
1 2 3 6 8 16 19 35 70 140 280 420 b
1 2 3 6 8 16 32 35 70 105 210 420 b
1 2 3 6 8 16 32 35 70 140 210 420 b
1 2 3 6 8 16 32 35 70 140 280 420 b
1 2 3 6 8 16 32 38 70 140 210 420 b
1 2 3 6 8 16 32 38 70 140 280 420 b
1 2 3 6 8 16 32 64 70 140 210 420 b
1 2 3 6 8 16 32 64 70 140 280 420 b
1 2 3 6 9 12 21 42 63 105 210 420 b
1 2 3 6 9 12 21 42 84 105 210 420 b
1 2 3 6 9 12 21 42 84 126 210 420 b
1 2 3 6 9 12 21 42 84 168 210 420 b
1 2 3 6 9 12 21 42 84 168 252 420 b
1 2 3 6 9 12 21 42 84 168 336 420 b
1 2 3 6 9 12 24 48 57 105 210 420 b
1 2 3 6 9 12 24 48 96 105 210 420 b
1 2 3 6 9 15 21 42 63 105 210 420 b
1 2 3 6 9 15 21 42 84 105 210 420 b
1 2 3 6 9 15 21 42 84 126 210 420 b
1 2 3 6 9 15 21 42 84 168 210 420 b
1 2 3 6 9 15 21 42 84 168 252 420 b
1 2 3 6 9 15 21 42 84 168 336 420 b
1 2 3 6 9 15 24 48 57 105 210 420 b
1 2 3 6 9 15 24 48 96 105 210 420 b
1 2 3 6 9 15 30 45 60 105 210 420 b
1 2 3 6 9 15 30 45 75 105 210 420 b
1 2 3 6 9 15 30 45 90 105 210 420 b
1 2 3 6 9 15 30 45 90 120 210 420 b
1 2 3 6 9 15 30 45 90 180 210 420 b
1 2 3 6 9 15 30 60 75 105 210 420 b
1 2 3 6 9 15 30 60 75 135 210 420 b
1 2 3 6 9 15 30 60 75 150 210 420 b
1 2 3 6 9 15 30 60 90 105 210 420 b
1 2 3 6 9 15 30 60 90 120 210 420 b
1 2 3 6 9 15 30 60 90 150 210 420 b
1 2 3 6 9 15 30 60 90 180 210 420 b
1 2 3 6 9 15 30 60 90 180 240 420 b
1 2 3 6 9 15 30 60 90 180 360 420 b
1 2 3 6 9 15 30 60 120 150 210 420 b
1 2 3 6 9 15 30 60 120 150 270 420 b
1 2 3 6 9 15 30 60 120 150 300 420 b
1 2 3 6 9 15 30 60 120 180 210 420 b
1 2 3 6 9 15 30 60 120 180 240 420 b
1 2 3 6 9 15 30 60 120 180 300 420 b
1 2 3 6 9 15 30 60 120 180 360 420 b
1 2 3 6 9 15 30 60 120 240 300 420 b
1 2 3 6 9 15 30 60 120 240 360 420 b
1 2 3 6 9 18 21 42 63 105 210 420 b
1 2 3 6 9 18 21 42 84 105 210 420 b
1 2 3 6 9 18 21 42 84 126 210 420 b
1 2 3 6 9 18 21 42 84 168 210 420 b
1 2 3 6 9 18 21 42 84 168 252 420 b
1 2 3 6 9 18 21 42 84 168 336 420 b
1 2 3 6 9 18 24 42 84 126 210 420 b
1 2 3 6 9 18 24 42 84 168 210 420 b
1 2 3 6 9 18 24 42 84 168 252 420 b
1 2 3 6 9 18 24 42 84 168 336 420 b
1 2 3 6 9 18 24 48 57 105 210 420 b
1 2 3 6 9 18 24 48 96 105 210 420 b
1 2 3 6 9 18 24 48 96 114 210 420 b
1 2 3 6 9 18 24 48 96 192 210 420 b
1 2 3 6 9 18 36 42 84 126 210 420 b
1 2 3 6 9 18 36 42 84 168 210 420 b
1 2 3 6 9 18 36 42 84 168 252 420 b
1 2 3 6 9 18 36 42 84 168 336 420 b
1 2 3 6 12 13 26 52 53 105 210 420 b
1 2 3 6 12 13 26 52 104 105 210 420 b
1 2 3 6 12 13 26 52 104 106 210 420 b
1 2 3 6 12 13 26 52 104 208 210 420 b
1 2 3 6 12 14 26 52 53 105 210 420 b
1 2 3 6 12 14 26 52 104 105 210 420 b
1 2 3 6 12 14 26 52 104 106 210 420 b
1 2 3 6 12 14 26 52 104 208 210 420 b
1 2 3 6 12 14 28 42 70 140 210 420 b
1 2 3 6 12 14 28 42 70 140 280 420 b
1 2 3 6 12 14 28 42 84 126 210 420 b
1 2 3 6 12 14 28 42 84 168 210 420 b
1 2 3 6 12 14 28 42 84 168 252 420 b
1 2 3 6 12 14 28 42 84 168 336 420 b
1 2 3 6 12 14 28 56 70 140 210 420 b
1 2 3 6 12 14 28 56 70 140 280 420 b
1 2 3 6 12 14 28 56 84 140 280 420 b
1 2 3 6 12 14 28 56 84 168 252 420 b
1 2 3 6 12 14 28 56 84 168 336 420 b
1 2 3 6 12 14 28 56 112 140 280 420 b
1 2 3 6 12 15 21 42 63 105 210 420 b
1 2 3 6 12 15 21 42 84 105 210 420 b
1 2 3 6 12 15 21 42 84 126 210 420 b
1 2 3 6 12 15 21 42 84 168 210 420 b
1 2 3 6 12 15 21 42 84 168 252 420 b
1 2 3 6 12 15 21 42 84 168 336 420 b
1 2 3 6 12 15 27 39 66 105 210 420 b
1 2 3 6 12 15 27 39 78 105 210 420 b
1 2 3 6 12 15 27 42 84 126 210 420 b
1 2 3 6 12 15 27 42 84 168 210 420 b
1 2 3 6 12 15 27 42 84 168 252 420 b
1 2 3 6 12 15 27 42 84 168 336 420 b
1 2 3 6 12 15 30 42 84 126 210 420 b
1 2 3 6 12 15 30 42 84 168 210 420 b
1 2 3 6 12 15 30 42 84 168 252 420 b
1 2 3 6 12 15 30 42 84 168 336 420 b
1 2 3 6 12 15 30 45 60 105 210 420 b
1 2 3 6 12 15 30 45 75 105 210 420 b
1 2 3 6 12 15 30 45 90 105 210 420 b
1 2 3 6 12 15 30 45 90 120 210 420 b
1 2 3 6 12 15 30 45 90 180 210 420 b
1 2 3 6 12 15 30 60 75 105 210 420 b
1 2 3 6 12 15 30 60 75 135 210 420 b
1 2 3 6 12 15 30 60 75 150 210 420 b
1 2 3 6 12 15 30 60 90 105 210 420 b
1 2 3 6 12 15 30 60 90 120 210 420 b
1 2 3 6 12 15 30 60 90 150 210 420 b
1 2 3 6 12 15 30 60 90 180 210 420 b
1 2 3 6 12 15 30 60 90 180 240 420 b
1 2 3 6 12 15 30 60 90 180 360 420 b
1 2 3 6 12 15 30 60 120 150 210 420 b
1 2 3 6 12 15 30 60 120 150 270 420 b
1 2 3 6 12 15 30 60 120 150 300 420 b
1 2 3 6 12 15 30 60 120 180 210 420 b
1 2 3 6 12 15 30 60 120 180 240 420 b
1 2 3 6 12 15 30 60 120 180 300 420 b
1 2 3 6 12 15 30 60 120 180 360 420 b
1 2 3 6 12 15 30 60 120 240 300 420 b
1 2 3 6 12 15 30 60 120 240 360 420 b
1 2 3 6 12 18 21 42 63 105 210 420 b
1 2 3 6 12 18 21 42 84 105 210 420 b
1 2 3 6 12 18 21 42 84 126 210 420 b
1 2 3 6 12 18 21 42 84 168 210 420 b
1 2 3 6 12 18 21 42 84 168 252 420 b
1 2 3 6 12 18 21 42 84 168 336 420 b
1 2 3 6 12 18 24 42 84 126 210 420 b
1 2 3 6 12 18 24 42 84 168 210 420 b
1 2 3 6 12 18 24 42 84 168 252 420 b
1 2 3 6 12 18 24 42 84 168 336 420 b
1 2 3 6 12 18 24 48 96 114 210 420 b
1 2 3 6 12 18 24 48 96 192 210 420 b
1 2 3 6 12 18 30 42 84 126 210 420 b
1 2 3 6 12 18 30 42 84 168 210 420 b
1 2 3 6 12 18 30 42 84 168 252 420 b
1 2 3 6 12 18 30 42 84 168 336 420 b
1 2 3 6 12 18 30 48 96 114 210 420 b
1 2 3 6 12 18 30 48 96 192 210 420 b
1 2 3 6 12 18 30 60 90 120 210 420 b
1 2 3 6 12 18 30 60 90 150 210 420 b
1 2 3 6 12 18 30 60 90 180 210 420 b
1 2 3 6 12 18 30 60 90 180 240 420 b
1 2 3 6 12 18 30 60 90 180 360 420 b
1 2 3 6 12 18 30 60 120 150 210 420 b
1 2 3 6 12 18 30 60 120 150 270 420 b
1 2 3 6 12 18 30 60 120 150 300 420 b
1 2 3 6 12 18 30 60 120 180 210 420 b
1 2 3 6 12 18 30 60 120 180 240 420 b
1 2 3 6 12 18 30 60 120 180 300 420 b
1 2 3 6 12 18 30 60 120 180 360 420 b
1 2 3 6 12 18 30 60 120 240 300 420 b
1 2 3 6 12 18 30 60 120 240 360 420 b
1 2 3 6 12 18 36 42 84 126 210 420 b
1 2 3 6 12 18 36 42 84 168 210 420 b
1 2 3 6 12 18 36 42 84 168 252 420 b
1 2 3 6 12 18 36 42 84 168 336 420 b
1 2 3 6 12 18 36 48 84 168 252 420 b
1 2 3 6 12 18 36 48 84 168 336 420 b
1 2 3 6 12 18 36 48 96 114 210 420 b
1 2 3 6 12 18 36 48 96 192 210 420 b
1 2 3 6 12 18 36 48 96 192 228 420 b
1 2 3 6 12 18 36 48 96 192 384 420 b
1 2 3 6 12 18 36 72 84 168 252 420 b
1 2 3 6 12 18 36 72 84 168 336 420 b
1 2 3 6 12 24 26 52 53 105 210 420 b
1 2 3 6 12 24 26 52 104 105 210 420 b
1 2 3 6 12 24 26 52 104 106 210 420 b
1 2 3 6 12 24 26 52 104 208 210 420 b
1 2 3 6 12 24 27 39 66 105 210 420 b
1 2 3 6 12 24 27 39 78 105 210 420 b
1 2 3 6 12 24 27 51 54 105 210 420 b
1 2 3 6 12 24 27 51 78 105 210 420 b
1 2 3 6 12 24 27 51 102 105 210 420 b
1 2 3 6 12 24 27 51 102 108 210 420 b
1 2 3 6 12 24 27 51 102 204 210 420 b
1 2 3 6 12 24 27 51 102 204 216 420 b
1 2 3 6 12 24 27 51 102 204 408 420 b
1 2 3 6 12 24 27 54 78 105 210 420 b
1 2 3 6 12 24 27 54 78 132 210 420 b
1 2 3 6 12 24 27 54 78 156 210 420 b
1 2 3 6 12 24 27 54 81 105 210 420 b
1 2 3 6 12 24 30 42 84 126 210 420 b
1 2 3 6 12 24 30 42 84 168 210 420 b
1 2 3 6 12 24 30 42 84 168 252 420 b
1 2 3 6 12 24 30 42 84 168 336 420 b
1 2 3 6 12 24 30 54 78 132 210 420 b
1 2 3 6 12 24 30 54 78 156 210 420 b
1 2 3 6 12 24 30 54 84 168 252 420 b
1 2 3 6 12 24 30 54 84 168 336 420 b
1 2 3 6 12 24 30 60 84 168 252 420 b
1 2 3 6 12 24 30 60 84 168 336 420 b
1 2 3 6 12 24 30 60 90 120 210 420 b
1 2 3 6 12 24 30 60 90 150 210 420 b
1 2 3 6 12 24 30 60 90 180 210 420 b
1 2 3 6 12 24 30 60 90 180 240 420 b
1 2 3 6 12 24 30 60 90 180 360 420 b
1 2 3 6 12 24 30 60 120 150 210 420 b
1 2 3 6 12 24 30 60 120 150 270 420 b
1 2 3 6 12 24 30 60 120 150 300 420 b
1 2 3 6 12 24 30 60 120 180 210 420 b
1 2 3 6 12 24 30 60 120 180 240 420 b
1 2 3 6 12 24 30 60 120 180 300 420 b
1 2 3 6 12 24 30 60 120 180 360 420 b
1 2 3 6 12 24 30 60 120 240 300 420 b
1 2 3 6 12 24 30 60 120 240 360 420 b
1 2 3 6 12 24 36 42 84 126 210 420 b
1 2 3 6 12 24 36 42 84 168 210 420 b
1 2 3 6 12 24 36 42 84 168 252 420 b
1 2 3 6 12 24 36 42 84 168 336 420 b
1 2 3 6 12 24 36 48 84 168 252 420 b
1 2 3 6 12 24 36 48 84 168 336 420 b
1 2 3 6 12 24 36 48 96 192 228 420 b
1 2 3 6 12 24 36 48 96 192 384 420 b
1 2 3 6 12 24 36 60 84 168 252 420 b
1 2 3 6 12 24 36 60 84 168 336 420 b
1 2 3 6 12 24 36 60 96 192 228 420 b
1 2 3 6 12 24 36 60 96 192 384 420 b
1 2 3 6 12 24 36 60 120 180 240 420 b
1 2 3 6 12 24 36 60 120 180 300 420 b
1 2 3 6 12 24 36 60 120 180 360 420 b
1 2 3 6 12 24 36 60 120 240 300 420 b
1 2 3 6 12 24 36 60 120 240 360 420 b
1 2 3 6 12 24 36 72 84 168 252 420 b
1 2 3 6 12 24 36 72 84 168 336 420 b
1 2 3 6 12 24 36 72 96 192 228 420 b
1 2 3 6 12 24 36 72 96 192 384 420 b
1 2 3 6 12 24 48 51 54 105 210 420 b
1 2 3 6 12 24 48 51 57 105 210 420 b
1 2 3 6 12 24 48 51 99 105 210 420 b
1 2 3 6 12 24 48 51 99 111 210 420 b
1 2 3 6 12 24 48 51 99 198 210 420 b
1 2 3 6 12 24 48 51 99 198 222 420 b
1 2 3 6 12 24 48 51 99 198 396 420 b
1 2 3 6 12 24 48 51 102 105 210 420 b
1 2 3 6 12 24 48 51 102 108 210 420 b
1 2 3 6 12 24 48 51 102 204 210 420 b
1 2 3 6 12 24 48 51 102 204 216 420 b
1 2 3 6 12 24 48 51 102 204 408 420 b
1 2 3 6 12 24 48 54 57 105 210 420 b
1 2 3 6 12 24 48 54 78 132 210 420 b
1 2 3 6 12 24 48 54 78 156 210 420 b
1 2 3 6 12 24 48 54 102 105 210 420 b
1 2 3 6 12 24 48 54 102 108 210 420 b
1 2 3 6 12 24 48 54 102 156 210 420 b
1 2 3 6 12 24 48 54 102 204 210 420 b
1 2 3 6 12 24 48 54 102 204 216 420 b
1 2 3 6 12 24 48 54 102 204 408 420 b
1 2 3 6 12 24 48 54 108 156 210 420 b
1 2 3 6 12 24 48 54 108 156 264 420 b
1 2 3 6 12 24 48 54 108 156 312 420 b
1 2 3 6 12 24 48 54 108 162 210 420 b
1 2 3 6 12 24 48 60 84 168 252 420 b
1 2 3 6 12 24 48 60 84 168 336 420 b
1 2 3 6 12 24 48 60 108 156 264 420 b
1 2 3 6 12 24 48 60 108 156 312 420 b
1 2 3 6 12 24 48 60 120 180 240 420 b
1 2 3 6 12 24 48 60 120 180 300 420 b
1 2 3 6 12 24 48 60 120 180 360 420 b
1 2 3 6 12 24 48 60 120 240 300 420 b
1 2 3 6 12 24 48 60 120 240 360 420 b
1 2 3 6 12 24 48 72 84 168 252 420 b
1 2 3 6 12 24 48 72 84 168 336 420 b
1 2 3 6 12 24 48 96 99 105 210 420 b
1 2 3 6 12 24 48 96 99 111 210 420 b
1 2 3 6 12 24 48 96 99 198 210 420 b
1 2 3 6 12 24 48 96 99 198 222 420 b
1 2 3 6 12 24 48 96 99 198 396 420 b
1 2 3 6 12 24 48 96 102 105 210 420 b
1 2 3 6 12 24 48 96 102 108 210 420 b
1 2 3 6 12 24 48 96 102 114 210 420 b
1 2 3 6 12 24 48 96 102 198 210 420 b
1 2 3 6 12 24 48 96 102 198 222 420 b
1 2 3 6 12 24 48 96 102 198 396 420 b
1 2 3 6 12 24 48 96 102 204 210 420 b
1 2 3 6 12 24 48 96 102 204 216 420 b
1 2 3 6 12 24 48 96 102 204 408 420 b
1 2 3 6 12 24 48 96 108 114 210 420 b
1 2 3 6 12 24 48 96 108 156 264 420 b
1 2 3 6 12 24 48 96 108 156 312 420 b
1 2 3 6 12 24 48 96 108 204 210 420 b
1 2 3 6 12 24 48 96 108 204 216 420 b
1 2 3 6 12 24 48 96 108 204 312 420 b
1 2 3 6 12 24 48 96 108 204 408 420 b
1 2 3 6 12 24 48 96 108 216 312 420 b
1 2 3 6 12 24 48 96 108 216 324 420 b
1 2 3 6 12 24 48 96 192 198 210 420 b
1 2 3 6 12 24 48 96 192 198 222 420 b
1 2 3 6 12 24 48 96 192 198 396 420 b
1 2 3 6 12 24 48 96 192 204 210 420 b
1 2 3 6 12 24 48 96 192 204 216 420 b
1 2 3 6 12 24 48 96 192 204 228 420 b
1 2 3 6 12 24 48 96 192 204 396 420 b
1 2 3 6 12 24 48 96 192 204 408 420 b
1 2 3 6 12 24 48 96 192 216 228 420 b
1 2 3 6 12 24 48 96 192 216 408 420 b
1 2 3 6 12 24 48 96 192 384 396 420 b
1 2 3 6 12 24 48 96 192 384 408 420 b
1 2 4 5 7 14 21 35 70 105 210 420 b
1 2 4 5 7 14 21 35 70 140 210 420 b
1 2 4 5 7 14 21 35 70 140 280 420 b
1 2 4 5 7 14 21 42 63 105 210 420 b
1 2 4 5 7 14 21 42 84 105 210 420 b
1 2 4 5 7 14 21 42 84 126 210 420 b
1 2 4 5 7 14 21 42 84 168 210 420 b
1 2 4 5 7 14 21 42 84 168 252 420 b
1 2 4 5 7 14 21 42 84 168 336 420 b
1 2 4 5 7 14 28 35 70 105 210 420 b
1 2 4 5 7 14 28 35 70 140 210 420 b
1 2 4 5 7 14 28 35 70 140 280 420 b
1 2 4 5 7 14 28 42 70 140 210 420 b
1 2 4 5 7 14 28 42 70 140 280 420 b
1 2 4 5 7 14 28 42 84 126 210 420 b
1 2 4 5 7 14 28 42 84 168 210 420 b
1 2 4 5 7 14 28 42 84 168 252 420 b
1 2 4 5 7 14 28 42 84 168 336 420 b
1 2 4 5 7 14 28 56 70 140 210 420 b
1 2 4 5 7 14 28 56 70 140 280 420 b
1 2 4 5 7 14 28 56 84 140 280 420 b
1 2 4 5 7 14 28 56 84 168 252 420 b
1 2 4 5 7 14 28 56 84 168 336 420 b
1 2 4 5 7 14 28 56 112 140 280 420 b
1 2 4 5 8 13 21 42 63 105 210 420 a
1 2 4 5 8 13 21 42 84 105 210 420 a
1 2 4 5 8 13 21 42 84 126 210 420 a
1 2 4 5 8 13 21 42 84 168 210 420 a
1 2 4 5 8 13 21 42 84 168 252 420 a
1 2 4 5 8 13 21 42 84 168 336 420 a
1 2 4 5 8 13 26 52 53 105 210 420 a
1 2 4 5 8 13 26 52 104 105 210 420 a
1 2 4 5 8 13 26 52 104 106 210 420 a
1 2 4 5 8 13 26 52 104 208 210 420 a
1 2 4 5 8 13 26 52 104 208 212 420 a
1 2 4 5 8 13 26 52 104 208 416 420 a
1 2 4 5 8 16 21 42 63 105 210 420 a
1 2 4 5 8 16 21 42 84 105 210 420 a
1 2 4 5 8 16 21 42 84 126 210 420 a
1 2 4 5 8 16 21 42 84 168 210 420 a
1 2 4 5 8 16 21 42 84 168 252 420 a
1 2 4 5 8 16 21 42 84 168 336 420 a
1 2 4 5 9 13 22 35 70 105 210 420 b
1 2 4 5 9 13 22 35 70 140 210 420 b
1 2 4 5 9 13 22 35 70 140 280 420 b
1 2 4 5 9 13 26 35 70 105 210 420 b
1 2 4 5 9 13 26 35 70 140 210 420 b
1 2 4 5 9 13 26 35 70 140 280 420 b
1 2 4 5 9 13 26 52 53 105 210 420 b
1 2 4 5 9 13 26 52 104 105 210 420 b
1 2 4 5 9 13 26 52 104 106 210 420 b
1 2 4 5 9 13 26 52 104 208 210 420 b
1 2 4 5 9 13 26 52 104 208 212 420 b
1 2 4 5 9 13 26 52 104 208 416 420 b
1 2 4 5 9 14 28 42 70 140 210 420 b
1 2 4 5 9 14 28 42 70 140 280 420 b
1 2 4 5 9 14 28 42 84 126 210 420 b
1 2 4 5 9 14 28 42 84 168 210 420 b
1 2 4 5 9 14 28 42 84 168 252 420 b
1 2 4 5 9 14 28 42 84 168 336 420 b
1 2 4 5 9 14 28 56 70 140 210 420 b
1 2 4 5 9 14 28 56 70 140 280 420 b
1 2 4 5 9 14 28 56 84 140 280 420 b
1 2 4 5 9 14 28 56 84 168 252 420 b
1 2 4 5 9 14 28 56 84 168 336 420 b
1 2 4 5 9 14 28 56 112 140 280 420 b
1 2 4 5 9 18 23 41 64 105 210 420 b
1 2 4 5 9 18 23 41 82 105 210 420 b
1 2 4 5 10 11 21 42 63 105 210 420 b
1 2 4 5 10 11 21 42 84 105 210 420 b
1 2 4 5 10 11 21 42 84 126 210 420 b
1 2 4 5 10 11 21 42 84 168 210 420 b
1 2 4 5 10 11 21 42 84 168 252 420 b
1 2 4 5 10 11 21 42 84 168 336 420 b
1 2 4 5 10 14 28 42 70 140 210 420 b
1 2 4 5 10 14 28 42 70 140 280 420 b
1 2 4 5 10 14 28 42 84 126 210 420 b
1 2 4 5 10 14 28 42 84 168 210 420 b
1 2 4 5 10 14 28 42 84 168 252 420 b
1 2 4 5 10 14 28 42 84 168 336 420 b
1 2 4 5 10 14 28 56 70 140 210 420 b
1 2 4 5 10 14 28 56 70 140 280 420 b
1 2 4 5 10 14 28 56 84 140 280 420 b
1 2 4 5 10 14 28 56 84 168 252 420 b
1 2 4 5 10 14 28 56 84 168 336 420 b
1 2 4 5 10 14 28 56 112 140 280 420 b
1 2 4 5 10 15 20 35 70 105 210 420 b
1 2 4 5 10 15 20 35 70 140 210 420 b
1 2 4 5 10 15 20 35 70 140 280 420 b
1 2 4 5 10 15 25 35 70 105 210 420 b
1 2 4 5 10 15 25 35 70 140 210 420 b
1 2 4 5 10 15 25 35 70 140 280 420 b
1 2 4 5 10 15 25 40 65 105 210 420 b
1 2 4 5 10 15 25 40 80 105 210 420 b
1 2 4 5 10 15 25 50 55 105 210 420 b
1 2 4 5 10 15 25 50 100 105 210 420 b
1 2 4 5 10 15 25 50 100 110 210 420 b
1 2 4 5 10 15 25 50 100 200 210 420 b
1 2 4 5 10 15 30 35 70 105 210 420 b
1 2 4 5 10 15 30 35 70 140 210 420 b
1 2 4 5 10 15 30 35 70 140 280 420 b
1 2 4 5 10 15 30 40 70 140 210 420 b
1 2 4 5 10 15 30 40 70 140 280 420 b
1 2 4 5 10 15 30 45 60 105 210 420 b
1 2 4 5 10 15 30 45 75 105 210 420 b
1 2 4 5 10 15 30 45 90 105 210 420 b
1 2 4 5 10 15 30 45 90 120 210 420 b
1 2 4 5 10 15 30 45 90 180 210 420 b
1 2 4 5 10 15 30 60 70 140 210 420 b
1 2 4 5 10 15 30 60 70 140 280 420 b
1 2 4 5 10 15 30 60 75 105 210 420 b
1 2 4 5 10 15 30 60 75 135 210 420 b
1 2 4 5 10 15 30 60 75 150 210 420 b
1 2 4 5 10 15 30 60 90 105 210 420 b
1 2 4 5 10 15 30 60 90 120 210 420 b
1 2 4 5 10 15 30 60 90 150 210 420 b
1 2 4 5 10 15 30 60 90 180 210 420 b
1 2 4 5 10 15 30 60 90 180 240 420 b
1 2 4 5 10 15 30 60 90 180 360 420 b
1 2 4 5 10 15 30 60 120 150 210 420 b
1 2 4 5 10 15 30 60 120 150 270 420 b
1 2 4 5 10 15 30 60 120 150 300 420 b
1 2 4 5 10 15 30 60 120 180 210 420 b
1 2 4 5 10 15 30 60 120 180 240 420 b
1 2 4 5 10 15 30 60 120 180 300 420 b
1 2 4 5 10 15 30 60 120 180 360 420 b
1 2 4 5 10 15 30 60 120 240 300 420 b
1 2 4 5 10 15 30 60 120 240 360 420 b
1 2 4 5 10 20 21 42 63 105 210 420 b
1 2 4 5 10 20 21 42 84 105 210 420 b
1 2 4 5 10 20 21 42 84 126 210 420 b
1 2 4 5 10 20 21 42 84 168 210 420 b
1 2 4 5 10 20 21 42 84 168 252 420 b
1 2 4 5 10 20 21 42 84 168 336 420 b
1 2 4 5 10 20 22 42 84 126 210 420 b
1 2 4 5 10 20 22 42 84 168 210 420 b
1 2 4 5 10 20 22 42 84 168 252 420 b
1 2 4 5 10 20 22 42 84 168 336 420 b
1 2 4 5 10 20 25 35 70 105 210 420 b
1 2 4 5 10 20 25 35 70 140 210 420 b
1 2 4 5 10 20 25 35 70 140 280 420 b
1 2 4 5 10 20 25 40 65 105 210 420 a
1 2 4 5 10 20 25 40 80 105 210 420 a
1 2 4 5 10 20 25 45 70 140 210 420 b
1 2 4 5 10 20 25 45 70 140 280 420 b
1 2 4 5 10 20 25 50 55 105 210 420 b
1 2 4 5 10 20 25 50 70 140 210 420 b
1 2 4 5 10 20 25 50 70 140 280 420 b
1 2 4 5 10 20 25 50 100 105 210 420 b
1 2 4 5 10 20 25 50 100 110 210 420 b
1 2 4 5 10 20 25 50 100 200 210 420 b
1 2 4 5 10 20 25 50 100 200 220 420 b
1 2 4 5 10 20 25 50 100 200 400 420 b
1 2 4 5 10 20 30 35 70 105 210 420 b
1 2 4 5 10 20 30 35 70 140 210 420 b
1 2 4 5 10 20 30 35 70 140 280 420 b
1 2 4 5 10 20 30 40 70 140 210 420 b
1 2 4 5 10 20 30 40 70 140 280 420 b
1 2 4 5 10 20 30 50 55 105 210 420 b
1 2 4 5 10 20 30 50 70 140 210 420 b
1 2 4 5 10 20 30 50 70 140 280 420 b
1 2 4 5 10 20 30 50 80 130 210 420 b
1 2 4 5 10 20 30 50 80 160 210 420 b
1 2 4 5 10 20 30 50 100 105 210 420 b
1 2 4 5 10 20 30 50 100 110 210 420 b
1 2 4 5 10 20 30 50 100 200 210 420 b
1 2 4 5 10 20 30 50 100 200 220 420 b
1 2 4 5 10 20 30 50 100 200 400 420 b
1 2 4 5 10 20 30 60 70 140 210 420 b
1 2 4 5 10 20 30 60 70 140 280 420 b
1 2 4 5 10 20 30 60 80 140 280 420 b
1 2 4 5 10 20 30 60 90 120 210 420 b
1 2 4 5 10 20 30 60 90 150 210 420 b
1 2 4 5 10 20 30 60 90 180 210 420 b
1 2 4 5 10 20 30 60 90 180 240 420 b
1 2 4 5 10 20 30 60 90 180 360 420 b
1 2 4 5 10 20 30 60 120 140 280 420 b
1 2 4 5 10 20 30 60 120 150 210 420 b
1 2 4 5 10 20 30 60 120 150 270 420 b
1 2 4 5 10 20 30 60 120 150 300 420 b
1 2 4 5 10 20 30 60 120 180 210 420 b
1 2 4 5 10 20 30 60 120 180 240 420 b
1 2 4 5 10 20 30 60 120 180 300 420 b
1 2 4 5 10 20 30 60 120 180 360 420 b
1 2 4 5 10 20 30 60 120 240 300 420 b
1 2 4 5 10 20 30 60 120 240 360 420 b
1 2 4 5 10 20 40 42 84 126 210 420 b
1 2 4 5 10 20 40 42 84 168 210 420 b
1 2 4 5 10 20 40 42 84 168 252 420 b
1 2 4 5 10 20 40 42 84 168 336 420 b
1 2 4 5 10 20 40 44 84 168 252 420 b
1 2 4 5 10 20 40 44 84 168 336 420 b
1 2 4 5 10 20 40 45 60 105 210 420 a
1 2 4 5 10 20 40 45 65 105 210 420 b
1 2 4 5 10 20 40 45 85 105 210 420 b
1 2 4 5 10 20 40 45 85 125 210 420 b
1 2 4 5 10 20 40 45 85 170 210 420 b
1 2 4 5 10 20 40 50 55 105 210 420 b
1 2 4 5 10 20 40 50 70 140 210 420 b
1 2 4 5 10 20 40 50 70 140 280 420 b
1 2 4 5 10 20 40 50 80 130 210 420 a
1 2 4 5 10 20 40 50 80 160 210 420 a
1 2 4 5 10 20 40 50 90 140 280 420 b
1 2 4 5 10 20 40 50 100 105 210 420 b
1 2 4 5 10 20 40 50 100 110 210 420 b
1 2 4 5 10 20 40 50 100 140 280 420 b
1 2 4 5 10 20 40 50 100 200 210 420 b
1 2 4 5 10 20 40 50 100 200 220 420 b
1 2 4 5 10 20 40 50 100 200 400 420 b
1 2 4 5 10 20 40 60 65 105 210 420 b
1 2 4 5 10 20 40 60 70 140 210 420 b
1 2 4 5 10 20 40 60 70 140 280 420 b
1 2 4 5 10 20 40 60 80 140 280 420 b
1 2 4 5 10 20 40 60 100 105 210 420 b
1 2 4 5 10 20 40 60 100 110 210 420 b
1 2 4 5 10 20 40 60 100 140 280 420 b
1 2 4 5 10 20 40 60 100 160 260 420 b
1 2 4 5 10 20 40 60 100 160 320 420 b
1 2 4 5 10 20 40 60 100 200 210 420 b
1 2 4 5 10 20 40 60 100 200 220 420 b
1 2 4 5 10 20 40 60 100 200 400 420 b
1 2 4 5 10 20 40 60 120 140 280 420 b
1 2 4 5 10 20 40 60 120 180 240 420 b
1 2 4 5 10 20 40 60 120 180 300 420 b
1 2 4 5 10 20 40 60 120 180 360 420 b
1 2 4 5 10 20 40 60 120 240 300 420 b
1 2 4 5 10 20 40 60 120 240 360 420 b
1 2 4 5 10 20 40 80 84 168 252 420 b
1 2 4 5 10 20 40 80 84 168 336 420 b
1 2 4 5 10 20 40 80 85 105 210 420 b
1 2 4 5 10 20 40 80 85 125 210 420 b
1 2 4 5 10 20 40 80 85 170 210 420 b
1 2 4 5 10 20 40 80 85 170 250 420 b
1 2 4 5 10 20 40 80 85 170 340 420 b
1 2 4 5 10 20 40 80 90 120 210 420 a
1 2 4 5 10 20 40 80 90 130 210 420 b
1 2 4 5 10 20 40 80 90 170 210 420 b
1 2 4 5 10 20 40 80 90 170 250 420 b
1 2 4 5 10 20 40 80 90 170 340 420 b
1 2 4 5 10 20 40 80 100 105 210 420 b
1 2 4 5 10 20 40 80 100 110 210 420 b
1 2 4 5 10 20 40 80 100 140 280 420 b
1 2 4 5 10 20 40 80 100 160 260 420 a
1 2 4 5 10 20 40 80 100 160 320 420 a
1 2 4 5 10 20 40 80 100 200 210 420 b
1 2 4 5 10 20 40 80 100 200 220 420 b
1 2 4 5 10 20 40 80 100 200 400 420 b
1 2 4 5 10 20 40 80 120 130 210 420 b
1 2 4 5 10 20 40 80 120 140 280 420 b
1 2 4 5 10 20 40 80 120 200 210 420 b
1 2 4 5 10 20 40 80 120 200 220 420 b
1 2 4 5 10 20 40 80 120 200 400 420 b
1 2 4 5 10 20 40 80 160 170 210 420 b
1 2 4 5 10 20 40 80 160 170 250 420 b
1 2 4 5 10 20 40 80 160 170 340 420 b
1 2 4 5 10 20 40 80 160 180 240 420 a
1 2 4 5 10 20 40 80 160 180 260 420 b
1 2 4 5 10 20 40 80 160 180 340 420 b
1 2 4 5 10 20 40 80 160 200 210 420 b
1 2 4 5 10 20 40 80 160 200 220 420 b
1 2 4 5 10 20 40 80 160 200 400 420 b
1 2 4 5 10 20 40 80 160 240 260 420 b
1 2 4 5 10 20 40 80 160 240 400 420 b
1 2 4 5 10 20 40 80 160 320 340 420 b
1 2 4 5 10 20 40 80 160 320 400 420 b
1 2 4 6 7 13 26 52 53 105 210 420 b
1 2 4 6 7 13 26 52 104 105 210 420 b
1 2 4 6 7 13 26 52 104 106 210 420 b
1 2 4 6 7 13 26 52 104 208 210 420 b
1 2 4 6 7 13 26 52 104 208 212 420 b
1 2 4 6 7 13 26 52 104 208 416 420 b
1 2 4 6 7 14 21 35 70 105 210 420 b
1 2 4 6 7 14 21 35 70 140 210 420 b
1 2 4 6 7 14 21 35 70 140 280 420 b
1 2 4 6 7 14 21 42 63 105 210 420 b
1 2 4 6 7 14 21 42 84 105 210 420 b
1 2 4 6 7 14 21 42 84 126 210 420 b
1 2 4 6 7 14 21 42 84 168 210 420 b
1 2 4 6 7 14 21 42 84 168 252 420 b
1 2 4 6 7 14 21 42 84 168 336 420 b
1 2 4 6 7 14 28 35 70 105 210 420 b
1 2 4 6 7 14 28 35 70 140 210 420 b
1 2 4 6 7 14 28 35 70 140 280 420 b
1 2 4 6 7 14 28 42 70 140 210 420 b
1 2 4 6 7 14 28 42 70 140 280 420 b
1 2 4 6 7 14 28 42 84 126 210 420 b
1 2 4 6 7 14 28 42 84 168 210 420 b
1 2 4 6 7 14 28 42 84 168 252 420 b
1 2 4 6 7 14 28 42 84 168 336 420 b
1 2 4 6 7 14 28 56 70 140 210 420 b
1 2 4 6 7 14 28 56 70 140 280 420 b
1 2 4 6 7 14 28 56 84 140 280 420 b
1 2 4 6 7 14 28 56 84 168 252 420 b
1 2 4 6 7 14 28 56 84 168 336 420 b
1 2 4 6 7 14 28 56 112 140 280 420 b
1 2 4 6 8 14 28 42 70 140 210 420 b
1 2 4 6 8 14 28 42 70 140 280 420 b
1 2 4 6 8 14 28 42 84 126 210 420 b
1 2 4 6 8 14 28 42 84 168 210 420 b
1 2 4 6 8 14 28 42 84 168 252 420 b
1 2 4 6 8 14 28 42 84 168 336 420 b
1 2 4 6 8 14 28 56 70 140 210 420 b
1 2 4 6 8 14 28 56 70 140 280 420 b
1 2 4 6 8 14 28 56 84 140 280 420 b
1 2 4 6 8 14 28 56 84 168 252 420 b
1 2 4 6 8 14 28 56 84 168 336 420 b
1 2 4 6 8 14 28 56 112 140 280 420 b
1 2 4 6 8 16 32 38 70 140 210 420 b
1 2 4 6 8 16 32 38 70 140 280 420 b
1 2 4 6 8 16 32 64 70 140 210 420 b
1 2 4 6 8 16 32 64 70 140 280 420 b
1 2 4 6 10 11 21 42 63 105 210 420 b
1 2 4 6 10 11 21 42 84 105 210 420 b
1 2 4 6 10 11 21 42 84 126 210 420 b
1 2 4 6 10 11 21 42 84 168 210 420 b
1 2 4 6 10 11 21 42 84 168 252 420 b
1 2 4 6 10 11 21 42 84 168 336 420 b
1 2 4 6 10 14 28 42 70 140 210 420 b
1 2 4 6 10 14 28 42 70 140 280 420 b
1 2 4 6 10 14 28 42 84 126 210 420 b
1 2 4 6 10 14 28 42 84 168 210 420 b
1 2 4 6 10 14 28 42 84 168 252 420 b
1 2 4 6 10 14 28 42 84 168 336 420 b
1 2 4 6 10 14 28 56 70 140 210 420 b
1 2 4 6 10 14 28 56 70 140 280 420 b
1 2 4 6 10 14 28 56 84 140 280 420 b
1 2 4 6 10 14 28 56 84 168 252 420 b
1 2 4 6 10 14 28 56 84 168 336 420 b
1 2 4 6 10 14 28 56 112 140 280 420 b
1 2 4 6 10 16 26 42 84 126 210 420 b
1 2 4 6 10 16 26 42 84 168 210 420 b
1 2 4 6 10 16 26 42 84 168 252 420 b
1 2 4 6 10 16 26 42 84 168 336 420 b
1 2 4 6 10 16 26 52 53 105 210 420 b
1 2 4 6 10 16 26 52 104 105 210 420 b
1 2 4 6 10 16 26 52 104 106 210 420 b
1 2 4 6 10 16 26 52 104 208 210 420 b
1 2 4 6 10 16 26 52 104 208 212 420 b
1 2 4 6 10 16 26 52 104 208 416 420 b
1 2 4 6 10 16 32 38 70 140 210 420 b
1 2 4 6 10 16 32 38 70 140 280 420 b
1 2 4 6 10 16 32 42 84 126 210 420 b
1 2 4 6 10 16 32 42 84 168 210 420 b
1 2 4 6 10 16 32 42 84 168 252 420 b
1 2 4 6 10 16 32 42 84 168 336 420 b
1 2 4 6 10 16 32 64 70 140 210 420 b
1 2 4 6 10 16 32 64 70 140 280 420 b
1 2 4 6 10 20 21 42 63 105 210 420 b
1 2 4 6 10 20 21 42 84 105 210 420 b
1 2 4 6 10 20 21 42 84 126 210 420 b
1 2 4 6 10 20 21 42 84 168 210 420 b
1 2 4 6 10 20 21 42 84 168 252 420 b
1 2 4 6 10 20 21 42 84 168 336 420 b
1 2 4 6 10 20 22 42 84 126 210 420 b
1 2 4 6 10 20 22 42 84 168 210 420 b
1 2 4 6 10 20 22 42 84 168 252 420 b
1 2 4 6 10 20 22 42 84 168 336 420 b
1 2 4 6 10 20 26 46 92 118 210 420 b
1 2 4 6 10 20 26 46 92 184 210 420 b
1 2 4 6 10 20 26 52 53 105 210 420 b
1 2 4 6 10 20 26 52 104 105 210 420 b
1 2 4 6 10 20 26 52 104 106 210 420 b
1 2 4 6 10 20 26 52 104 208 210 420 b
1 2 4 6 10 20 26 52 104 208 212 420 b
1 2 4 6 10 20 26 52 104 208 416 420 b
1 2 4 6 10 20 30 40 70 140 210 420 b
1 2 4 6 10 20 30 40 70 140 280 420 b
1 2 4 6 10 20 30 50 70 140 210 420 b
1 2 4 6 10 20 30 50 70 140 280 420 b
1 2 4 6 10 20 30 50 80 130 210 420 b
1 2 4 6 10 20 30 50 80 160 210 420 b
1 2 4 6 10 20 30 50 100 110 210 420 b
1 2 4 6 10 20 30 50 100 200 210 420 b
1 2 4 6 10 20 30 50 100 200 220 420 b
1 2 4 6 10 20 30 50 100 200 400 420 b
1 2 4 6 10 20 30 60 70 140 210 420 b
1 2 4 6 10 20 30 60 70 140 280 420 b
1 2 4 6 10 20 30 60 80 140 280 420 b
1 2 4 6 10 20 30 60 90 120 210 420 b
1 2 4 6 10 20 30 60 90 150 210 420 b
1 2 4 6 10 20 30 60 90 180 210 420 b
1 2 4 6 10 20 30 60 90 180 240 420 b
1 2 4 6 10 20 30 60 90 180 360 420 b
1 2 4 6 10 20 30 60 120 140 280 420 b
1 2 4 6 10 20 30 60 120 150 210 420 b
1 2 4 6 10 20 30 60 120 150 270 420 b
1 2 4 6 10 20 30 60 120 150 300 420 b
1 2 4 6 10 20 30 60 120 180 210 420 b
1 2 4 6 10 20 30 60 120 180 240 420 b
1 2 4 6 10 20 30 60 120 180 300 420 b
1 2 4 6 10 20 30 60 120 180 360 420 b
1 2 4 6 10 20 30 60 120 240 300 420 b
1 2 4 6 10 20 30 60 120 240 360 420 b
1 2 4 6 10 20 40 42 84 126 210 420 b
1 2 4 6 10 20 40 42 84 168 210 420 b
1 2 4 6 10 20 40 42 84 168 252 420 b
1 2 4 6 10 20 40 42 84 168 336 420 b
1 2 4 6 10 20 40 44 84 168 252 420 b
1 2 4 6 10 20 40 44 84 168 336 420 b
1 2 4 6 10 20 40 50 70 140 210 420 b
1 2 4 6 10 20 40 50 70 140 280 420 b
1 2 4 6 10 20 40 50 80 130 210 420 a
1 2 4 6 10 20 40 50 80 160 210 420 a
1 2 4 6 10 20 40 50 90 140 280 420 b
1 2 4 6 10 20 40 50 100 110 210 420 b
1 2 4 6 10 20 40 50 100 140 280 420 b
1 2 4 6 10 20 40 50 100 200 210 420 b
1 2 4 6 10 20 40 50 100 200 220 420 b
1 2 4 6 10 20 40 50 100 200 400 420 b
1 2 4 6 10 20 40 60 70 140 210 420 b
1 2 4 6 10 20 40 60 70 140 280 420 b
1 2 4 6 10 20 40 60 80 140 280 420 b
1 2 4 6 10 20 40 60 100 110 210 420 b
1 2 4 6 10 20 40 60 100 140 280 420 b
1 2 4 6 10 20 40 60 100 160 260 420 b
1 2 4 6 10 20 40 60 100 160 320 420 b
1 2 4 6 10 20 40 60 100 200 210 420 b
1 2 4 6 10 20 40 60 100 200 220 420 b
1 2 4 6 10 20 40 60 100 200 400 420 b
1 2 4 6 10 20 40 60 120 140 280 420 b
1 2 4 6 10 20 40 60 120 180 240 420 b
1 2 4 6 10 20 40 60 120 180 300 420 b
1 2 4 6 10 20 40 60 120 180 360 420 b
1 2 4 6 10 20 40 60 120 240 300 420 b
1 2 4 6 10 20 40 60 120 240 360 420 b
1 2 4 6 10 20 40 80 84 168 252 420 b
1 2 4 6 10 20 40 80 84 168 336 420 b
1 2 4 6 10 20 40 80 90 120 210 420 a
1 2 4 6 10 20 40 80 90 130 210 420 b
1 2 4 6 10 20 40 80 90 170 210 420 b
1 2 4 6 10 20 40 80 90 170 250 420 b
1 2 4 6 10 20 40 80 90 170 340 420 b
1 2 4 6 10 20 40 80 100 110 210 420 b
1 2 4 6 10 20 40 80 100 140 280 420 b
1 2 4 6 10 20 40 80 100 160 260 420 a
1 2 4 6 10 20 40 80 100 160 320 420 a
1 2 4 6 10 20 40 80 100 200 210 420 b
1 2 4 6 10 20 40 80 100 200 220 420 b
1 2 4 6 10 20 40 80 100 200 400 420 b
1 2 4 6 10 20 40 80 120 130 210 420 b
1 2 4 6 10 20 40 80 120 140 280 420 b
1 2 4 6 10 20 40 80 120 200 210 420 b
1 2 4 6 10 20 40 80 120 200 220 420 b
1 2 4 6 10 20 40 80 120 200 400 420 b
1 2 4 6 10 20 40 80 160 170 210 420 b
1 2 4 6 10 20 40 80 160 170 250 420 b
1 2 4 6 10 20 40 80 160 170 340 420 b
1 2 4 6 10 20 40 80 160 180 240 420 a
1 2 4 6 10 20 40 80 160 180 260 420 b
1 2 4 6 10 20 40 80 160 180 340 420 b
1 2 4 6 10 20 40 80 160 200 210 420 b
1 2 4 6 10 20 40 80 160 200 220 420 b
1 2 4 6 10 20 40 80 160 200 400 420 b
1 2 4 6 10 20 40 80 160 240 260 420 b
1 2 4 6 10 20 40 80 160 240 400 420 b
1 2 4 6 10 20 40 80 160 320 340 420 b
1 2 4 6 10 20 40 80 160 320 400 420 b
1 2 4 6 12 13 26 52 53 105 210 420 b
1 2 4 6 12 13 26 52 104 105 210 420 b
1 2 4 6 12 13 26 52 104 106 210 420 b
1 2 4 6 12 13 26 52 104 208 210 420 b
1 2 4 6 12 13 26 52 104 208 212 420 b
1 2 4 6 12 13 26 52 104 208 416 420 b
1 2 4 6 12 14 26 52 53 105 210 420 b
1 2 4 6 12 14 26 52 104 105 210 420 b
1 2 4 6 12 14 26 52 104 106 210 420 b
1 2 4 6 12 14 26 52 104 208 210 420 b
1 2 4 6 12 14 26 52 104 208 212 420 b
1 2 4 6 12 14 26 52 104 208 416 420 b
1 2 4 6 12 14 28 42 70 140 210 420 b
1 2 4 6 12 14 28 42 70 140 280 420 b
1 2 4 6 12 14 28 42 84 126 210 420 b
1 2 4 6 12 14 28 42 84 168 210 420 b
1 2 4 6 12 14 28 42 84 168 252 420 b
1 2 4 6 12 14 28 42 84 168 336 420 b
1 2 4 6 12 14 28 56 70 140 210 420 b
1 2 4 6 12 14 28 56 70 140 280 420 b
1 2 4 6 12 14 28 56 84 140 280 420 b
1 2 4 6 12 14 28 56 84 168 252 420 b
1 2 4 6 12 14 28 56 84 168 336 420 b
1 2 4 6 12 14 28 56 112 140 280 420 b
1 2 4 6 12 16 28 56 84 140 280 420 b
1 2 4 6 12 16 28 56 84 168 252 420 b
1 2 4 6 12 16 28 56 84 168 336 420 b
1 2 4 6 12 16 28 56 112 140 280 420 b
1 2 4 6 12 16 32 38 70 140 210 420 b
1 2 4 6 12 16 32 38 70 140 280 420 b
1 2 4 6 12 16 32 64 70 140 210 420 b
1 2 4 6 12 16 32 64 70 140 280 420 b
1 2 4 6 12 16 32 64 76 140 280 420 b
1 2 4 6 12 16 32 64 128 140 280 420 b
1 2 4 6 12 18 24 42 84 126 210 420 b
1 2 4 6 12 18 24 42 84 168 210 420 b
1 2 4 6 12 18 24 42 84 168 252 420 b
1 2 4 6 12 18 24 42 84 168 336 420 b
1 2 4 6 12 18 24 48 96 114 210 420 b
1 2 4 6 12 18 24 48 96 192 210 420 b
1 2 4 6 12 18 30 42 84 126 210 420 b
1 2 4 6 12 18 30 42 84 168 210 420 b
1 2 4 6 12 18 30 42 84 168 252 420 b
1 2 4 6 12 18 30 42 84 168 336 420 b
1 2 4 6 12 18 30 48 96 114 210 420 b
1 2 4 6 12 18 30 48 96 192 210 420 b
1 2 4 6 12 18 30 60 90 120 210 420 b
1 2 4 6 12 18 30 60 90 150 210 420 b
1 2 4 6 12 18 30 60 90 180 210 420 b
1 2 4 6 12 18 30 60 90 180 240 420 b
1 2 4 6 12 18 30 60 90 180 360 420 b
1 2 4 6 12 18 30 60 120 150 210 420 b
1 2 4 6 12 18 30 60 120 150 270 420 b
1 2 4 6 12 18 30 60 120 150 300 420 b
1 2 4 6 12 18 30 60 120 180 210 420 b
1 2 4 6 12 18 30 60 120 180 240 420 b
1 2 4 6 12 18 30 60 120 180 300 420 b
1 2 4 6 12 18 30 60 120 180 360 420 b
1 2 4 6 12 18 30 60 120 240 300 420 b
1 2 4 6 12 18 30 60 120 240 360 420 b
1 2 4 6 12 18 36 42 84 126 210 420 b
1 2 4 6 12 18 36 42 84 168 210 420 b
1 2 4 6 12 18 36 42 84 168 252 420 b
1 2 4 6 12 18 36 42 84 168 336 420 b
1 2 4 6 12 18 36 48 84 168 252 420 b
1 2 4 6 12 18 36 48 84 168 336 420 b
1 2 4 6 12 18 36 48 96 114 210 420 b
1 2 4 6 12 18 36 48 96 192 210 420 b
1 2 4 6 12 18 36 48 96 192 228 420 b
1 2 4 6 12 18 36 48 96 192 384 420 b
1 2 4 6 12 18 36 72 84 168 252 420 b
1 2 4 6 12 18 36 72 84 168 336 420 b
1 2 4 6 12 24 26 52 53 105 210 420 b
1 2 4 6 12 24 26 52 104 105 210 420 b
1 2 4 6 12 24 26 52 104 106 210 420 b
1 2 4 6 12 24 26 52 104 208 210 420 b
1 2 4 6 12 24 26 52 104 208 212 420 b
1 2 4 6 12 24 26 52 104 208 416 420 b
1 2 4 6 12 24 28 52 53 105 210 420 b
1 2 4 6 12 24 28 52 104 105 210 420 b
1 2 4 6 12 24 28 52 104 106 210 420 b
1 2 4 6 12 24 28 52 104 208 210 420 b
1 2 4 6 12 24 28 52 104 208 212 420 b
1 2 4 6 12 24 28 52 104 208 416 420 b
1 2 4 6 12 24 28 56 84 140 280 420 b
1 2 4 6 12 24 28 56 84 168 252 420 b
1 2 4 6 12 24 28 56 84 168 336 420 b
1 2 4 6 12 24 28 56 112 140 280 420 b
1 2 4 6 12 24 30 42 84 126 210 420 b
1 2 4 6 12 24 30 42 84 168 210 420 b
1 2 4 6 12 24 30 42 84 168 252 420 b
1 2 4 6 12 24 30 42 84 168 336 420 b
1 2 4 6 12 24 30 54 78 132 210 420 b
1 2 4 6 12 24 30 54 78 156 210 420 b
1 2 4 6 12 24 30 54 84 168 252 420 b
1 2 4 6 12 24 30 54 84 168 336 420 b
1 2 4 6 12 24 30 60 84 168 252 420 b
1 2 4 6 12 24 30 60 84 168 336 420 b
1 2 4 6 12 24 30 60 90 120 210 420 b
1 2 4 6 12 24 30 60 90 150 210 420 b
1 2 4 6 12 24 30 60 90 180 210 420 b
1 2 4 6 12 24 30 60 90 180 240 420 b
1 2 4 6 12 24 30 60 90 180 360 420 b
1 2 4 6 12 24 30 60 120 150 210 420 b
1 2 4 6 12 24 30 60 120 150 270 420 b
1 2 4 6 12 24 30 60 120 150 300 420 b
1 2 4 6 12 24 30 60 120 180 210 420 b
1 2 4 6 12 24 30 60 120 180 240 420 b
1 2 4 6 12 24 30 60 120 180 300 420 b
1 2 4 6 12 24 30 60 120 180 360 420 b
1 2 4 6 12 24 30 60 120 240 300 420 b
1 2 4 6 12 24 30 60 120 240 360 420 b
1 2 4 6 12 24 36 42 84 126 210 420 b
1 2 4 6 12 24 36 42 84 168 210 420 b
1 2 4 6 12 24 36 42 84 168 252 420 b
1 2 4 6 12 24 36 42 84 168 336 420 b
1 2 4 6 12 24 36 48 84 168 252 420 b
1 2 4 6 12 24 36 48 84 168 336 420 b
1 2 4 6 12 24 36 48 96 192 228 420 b
1 2 4 6 12 24 36 48 96 192 384 420 b
1 2 4 6 12 24 36 60 84 168 252 420 b
1 2 4 6 12 24 36 60 84 168 336 420 b
1 2 4 6 12 24 36 60 96 192 228 420 b
1 2 4 6 12 24 36 60 96 192 384 420 b
1 2 4 6 12 24 36 60 120 180 240 420 b
1 2 4 6 12 24 36 60 120 180 300 420 b
1 2 4 6 12 24 36 60 120 180 360 420 b
1 2 4 6 12 24 36 60 120 240 300 420 b
1 2 4 6 12 24 36 60 120 240 360 420 b
1 2 4 6 12 24 36 72 84 168 252 420 b
1 2 4 6 12 24 36 72 84 168 336 420 b
1 2 4 6 12 24 36 72 96 192 228 420 b
1 2 4 6 12 24 36 72 96 192 384 420 b
1 2 4 6 12 24 48 52 53 105 210 420 b
1 2 4 6 12 24 48 52 104 105 210 420 b
1 2 4 6 12 24 48 52 104 106 210 420 b
1 2 4 6 12 24 48 52 104 208 210 420 b
1 2 4 6 12 24 48 52 104 208 212 420 b
1 2 4 6 12 24 48 52 104 208 416 420 b
1 2 4 6 12 24 48 54 78 132 210 420 b
1 2 4 6 12 24 48 54 78 156 210 420 b
1 2 4 6 12 24 48 54 102 108 210 420 b
1 2 4 6 12 24 48 54 102 156 210 420 b
1 2 4 6 12 24 48 54 102 204 210 420 b
1 2 4 6 12 24 48 54 102 204 216 420 b
1 2 4 6 12 24 48 54 102 204 408 420 b
1 2 4 6 12 24 48 54 108 156 210 420 b
1 2 4 6 12 24 48 54 108 156 264 420 b
1 2 4 6 12 24 48 54 108 156 312 420 b
1 2 4 6 12 24 48 54 108 162 210 420 b
1 2 4 6 12 24 48 60 84 168 252 420 b
1 2 4 6 12 24 48 60 84 168 336 420 b
1 2 4 6 12 24 48 60 108 156 264 420 b
1 2 4 6 12 24 48 60 108 156 312 420 b
1 2 4 6 12 24 48 60 120 180 240 420 b
1 2 4 6 12 24 48 60 120 180 300 420 b
1 2 4 6 12 24 48 60 120 180 360 420 b
1 2 4 6 12 24 48 60 120 240 300 420 b
1 2 4 6 12 24 48 60 120 240 360 420 b
1 2 4 6 12 24 48 72 84 168 252 420 b
1 2 4 6 12 24 48 72 84 168 336 420 b
1 2 4 6 12 24 48 96 102 108 210 420 b
1 2 4 6 12 24 48 96 102 114 210 420 b
1 2 4 6 12 24 48 96 102 198 210 420 b
1 2 4 6 12 24 48 96 102 198 222 420 b
1 2 4 6 12 24 48 96 102 198 396 420 b
1 2 4 6 12 24 48 96 102 204 210 420 b
1 2 4 6 12 24 48 96 102 204 216 420 b
1 2 4 6 12 24 48 96 102 204 408 420 b
1 2 4 6 12 24 48 96 108 114 210 420 b
1 2 4 6 12 24 48 96 108 156 264 420 b
1 2 4 6 12 24 48 96 108 156 312 420 b
1 2 4 6 12 24 48 96 108 204 210 420 b
1 2 4 6 12 24 48 96 108 204 216 420 b
1 2 4 6 12 24 48 96 108 204 312 420 b
1 2 4 6 12 24 48 96 108 204 408 420 b
1 2 4 6 12 24 48 96 108 216 312 420 b
1 2 4 6 12 24 48 96 108 216 324 420 b
1 2 4 6 12 24 48 96 192 198 210 420 b
1 2 4 6 12 24 48 96 192 198 222 420 b
1 2 4 6 12 24 48 96 192 198 396 420 b
1 2 4 6 12 24 48 96 192 204 210 420 b
1 2 4 6 12 24 48 96 192 204 216 420 b
1 2 4 6 12 24 48 96 192 204 228 420 b
1 2 4 6 12 24 48 96 192 204 396 420 b
1 2 4 6 12 24 48 96 192 204 408 420 b
1 2 4 6 12 24 48 96 192 216 228 420 b
1 2 4 6 12 24 48 96 192 216 408 420 b
1 2 4 6 12 24 48 96 192 384 396 420 b
1 2 4 6 12 24 48 96 192 384 408 420 b
1 2 4 8 9 12 21 42 63 105 210 420 a
1 2 4 8 9 12 21 42 84 105 210 420 a
1 2 4 8 9 12 21 42 84 126 210 420 a
1 2 4 8 9 12 21 42 84 168 210 420 a
1 2 4 8 9 12 21 42 84 168 252 420 a
1 2 4 8 9 12 21 42 84 168 336 420 a
1 2 4 8 9 12 24 48 57 105 210 420 a
1 2 4 8 9 12 24 48 96 105 210 420 a
1 2 4 8 9 13 21 42 63 105 210 420 b
1 2 4 8 9 13 21 42 84 105 210 420 b
1 2 4 8 9 13 21 42 84 126 210 420 b
1 2 4 8 9 13 21 42 84 168 210 420 b
1 2 4 8 9 13 21 42 84 168 252 420 b
1 2 4 8 9 13 21 42 84 168 336 420 b
1 2 4 8 9 13 22 35 70 105 210 420 b
1 2 4 8 9 13 22 35 70 140 210 420 b
1 2 4 8 9 13 22 35 70 140 280 420 b
1 2 4 8 9 13 26 35 70 105 210 420 b
1 2 4 8 9 13 26 35 70 140 210 420 b
1 2 4 8 9 13 26 35 70 140 280 420 b
1 2 4 8 9 13 26 52 53 105 210 420 b
1 2 4 8 9 13 26 52 104 105 210 420 b
1 2 4 8 9 13 26 52 104 106 210 420 b
1 2 4 8 9 13 26 52 104 208 210 420 b
1 2 4 8 9 13 26 52 104 208 212 420 b
1 2 4 8 9 13 26 52 104 208 416 420 b
1 2 4 8 9 16 24 48 57 105 210 420 a
1 2 4 8 9 16 24 48 96 105 210 420 a
1 2 4 8 9 16 32 41 64 105 210 420 a
1 2 4 8 9 16 32 41 73 105 210 420 a
1 2 4 8 9 16 32 48 57 105 210 420 a
1 2 4 8 9 16 32 48 96 105 210 420 a
1 2 4 8 9 16 32 64 73 105 210 420 a
1 2 4 8 9 16 32 64 73 137 210 420 a
1 2 4 8 9 16 32 64 73 146 210 420 a
1 2 4 8 9 16 32 64 96 105 210 420 a
1 2 4 8 9 17 18 35 70 105 210 420 b
1 2 4 8 9 17 18 35 70 140 210 420 b
1 2 4 8 9 17 18 35 70 140 280 420 b
1 2 4 8 9 17 21 42 63 105 210 420 b
1 2 4 8 9 17 21 42 84 105 210 420 b
1 2 4 8 9 17 21 42 84 126 210 420 b
1 2 4 8 9 17 21 42 84 168 210 420 b
1 2 4 8 9 17 21 42 84 168 252 420 b
1 2 4 8 9 17 21 42 84 168 336 420 b
1 2 4 8 9 17 25 42 84 126 210 420 b
1 2 4 8 9 17 25 42 84 168 210 420 b
1 2 4 8 9 17 25 42 84 168 252 420 b
1 2 4 8 9 17 25 42 84 168 336 420 b
1 2 4 8 9 17 26 35 70 105 210 420 b
1 2 4 8 9 17 26 35 70 140 210 420 b
1 2 4 8 9 17 26 35 70 140 280 420 b
1 2 4 8 9 17 26 52 53 105 210 420 b
1 2 4 8 9 17 26 52 104 105 210 420 b
1 2 4 8 9 17 26 52 104 106 210 420 b
1 2 4 8 9 17 26 52 104 208 210 420 b
1 2 4 8 9 17 26 52 104 208 212 420 b
1 2 4 8 9 17 26 52 104 208 416 420 b
1 2 4 8 9 17 34 35 70 105 210 420 b
1 2 4 8 9 17 34 35 70 140 210 420 b
1 2 4 8 9 17 34 35 70 140 280 420 b
1 2 4 8 9 17 34 36 70 140 210 420 b
1 2 4 8 9 17 34 36 70 140 280 420 b
1 2 4 8 9 17 34 42 84 126 210 420 b
1 2 4 8 9 17 34 42 84 168 210 420 b
1 2 4 8 9 17 34 42 84 168 252 420 b
1 2 4 8 9 17 34 42 84 168 336 420 b
1 2 4 8 9 17 34 68 70 140 210 420 b
1 2 4 8 9 17 34 68 70 140 280 420 b
1 2 4 8 9 17 34 68 72 140 280 420 b
1 2 4 8 9 17 34 68 136 140 280 420 b
1 2 4 8 9 18 26 35 70 105 210 420 b
1 2 4 8 9 18 26 35 70 140 210 420 b
1 2 4 8 9 18 26 35 70 140 280 420 b
1 2 4 8 9 18 26 44 70 140 210 420 b
1 2 4 8 9 18 26 44 70 140 280 420 b
1 2 4 8 9 18 26 52 53 105 210 420 b
1 2 4 8 9 18 26 52 70 140 210 420 b
1 2 4 8 9 18 26 52 70 140 280 420 b
1 2 4 8 9 18 26 52 104 105 210 420 b
1 2 4 8 9 18 26 52 104 106 210 420 b
1 2 4 8 9 18 26 52 104 208 210 420 b
1 2 4 8 9 18 26 52 104 208 212 420 b
1 2 4 8 9 18 26 52 104 208 416 420 b
1 2 4 8 9 18 27 35 70 105 210 420 b
1 2 4 8 9 18 27 35 70 140 210 420 b
1 2 4 8 9 18 27 35 70 140 280 420 b
1 2 4 8 10 11 21 42 63 105 210 420 b
1 2 4 8 10 11 21 42 84 105 210 420 b
1 2 4 8 10 11 21 42 84 126 210 420 b
1 2 4 8 10 11 21 42 84 168 210 420 b
1 2 4 8 10 11 21 42 84 168 252 420 b
1 2 4 8 10 11 21 42 84 168 336 420 b
1 2 4 8 10 14 28 42 70 140 210 420 b
1 2 4 8 10 14 28 42 70 140 280 420 b
1 2 4 8 10 14 28 42 84 126 210 420 b
1 2 4 8 10 14 28 42 84 168 210 420 b
1 2 4 8 10 14 28 42 84 168 252 420 b
1 2 4 8 10 14 28 42 84 168 336 420 b
1 2 4 8 10 14 28 56 70 140 210 420 b
1 2 4 8 10 14 28 56 70 140 280 420 b
1 2 4 8 10 14 28 56 84 140 280 420 b
1 2 4 8 10 14 28 56 84 168 252 420 b
1 2 4 8 10 14 28 56 84 168 336 420 b
1 2 4 8 10 14 28 56 112 140 280 420 b
1 2 4 8 10 16 26 42 84 126 210 420 a
1 2 4 8 10 16 26 42 84 168 210 420 a
1 2 4 8 10 16 26 42 84 168 252 420 a
1 2 4 8 10 16 26 42 84 168 336 420 a
1 2 4 8 10 16 26 52 53 105 210 420 a
1 2 4 8 10 16 26 52 104 105 210 420 a
1 2 4 8 10 16 26 52 104 106 210 420 a
1 2 4 8 10 16 26 52 104 208 210 420 a
1 2 4 8 10 16 26 52 104 208 212 420 a
1 2 4 8 10 16 26 52 104 208 416 420 a
1 2 4 8 10 16 32 42 84 126 210 420 a
1 2 4 8 10 16 32 42 84 168 210 420 a
1 2 4 8 10 16 32 42 84 168 252 420 a
1 2 4 8 10 16 32 42 84 168 336 420 a
1 2 4 8 10 18 26 44 70 140 210 420 b
1 2 4 8 10 18 26 44 70 140 280 420 b
1 2 4 8 10 18 26 52 53 105 210 420 b
1 2 4 8 10 18 26 52 70 140 210 420 b
1 2 4 8 10 18 26 52 70 140 280 420 b
1 2 4 8 10 18 26 52 104 105 210 420 b
1 2 4 8 10 18 26 52 104 106 210 420 b
1 2 4 8 10 18 26 52 104 208 210 420 b
1 2 4 8 10 18 26 52 104 208 212 420 b
1 2 4 8 10 18 26 52 104 208 416 420 b
1 2 4 8 10 18 28 56 84 140 280 420 b
1 2 4 8 10 18 28 56 84 168 252 420 b
1 2 4 8 10 18 28 56 84 168 336 420 b
1 2 4 8 10 18 28 56 112 140 280 420 b
1 2 4 8 10 18 36 46 82 128 210 420 b
1 2 4 8 10 18 36 46 82 164 210 420 b
1 2 4 8 10 20 21 42 63 105 210 420 b
1 2 4 8 10 20 21 42 84 105 210 420 b
1 2 4 8 10 20 21 42 84 126 210 420 b
1 2 4 8 10 20 21 42 84 168 210 420 b
1 2 4 8 10 20 21 42 84 168 252 420 b
1 2 4 8 10 20 21 42 84 168 336 420 b
1 2 4 8 10 20 22 42 84 126 210 420 b
1 2 4 8 10 20 22 42 84 168 210 420 b
1 2 4 8 10 20 22 42 84 168 252 420 b
1 2 4 8 10 20 22 42 84 168 336 420 b
1 2 4 8 10 20 28 56 84 140 280 420 b
1 2 4 8 10 20 28 56 84 168 252 420 b
1 2 4 8 10 20 28 56 84 168 336 420 b
1 2 4 8 10 20 28 56 112 140 280 420 b
1 2 4 8 10 20 30 40 70 140 210 420 b
1 2 4 8 10 20 30 40 70 140 280 420 b
1 2 4 8 10 20 30 50 70 140 210 420 b
1 2 4 8 10 20 30 50 70 140 280 420 b
1 2 4 8 10 20 30 50 80 130 210 420 b
1 2 4 8 10 20 30 50 80 160 210 420 b
1 2 4 8 10 20 30 50 100 110 210 420 b
1 2 4 8 10 20 30 50 100 200 210 420 b
1 2 4 8 10 20 30 50 100 200 220 420 b
1 2 4 8 10 20 30 50 100 200 400 420 b
1 2 4 8 10 20 30 60 70 140 210 420 b
1 2 4 8 10 20 30 60 70 140 280 420 b
1 2 4 8 10 20 30 60 80 140 280 420 b
1 2 4 8 10 20 30 60 90 120 210 420 b
1 2 4 8 10 20 30 60 90 150 210 420 b
1 2 4 8 10 20 30 60 90 180 210 420 b
1 2 4 8 10 20 30 60 90 180 240 420 b
1 2 4 8 10 20 30 60 90 180 360 420 b
1 2 4 8 10 20 30 60 120 140 280 420 b
1 2 4 8 10 20 30 60 120 150 210 420 b
1 2 4 8 10 20 30 60 120 150 270 420 b
1 2 4 8 10 20 30 60 120 150 300 420 b
1 2 4 8 10 20 30 60 120 180 210 420 b
1 2 4 8 10 20 30 60 120 180 240 420 b
1 2 4 8 10 20 30 60 120 180 300 420 b
1 2 4 8 10 20 30 60 120 180 360 420 b
1 2 4 8 10 20 30 60 120 240 300 420 b
1 2 4 8 10 20 30 60 120 240 360 420 b
1 2 4 8 10 20 40 42 84 126 210 420 b
1 2 4 8 10 20 40 42 84 168 210 420 b
1 2 4 8 10 20 40 42 84 168 252 420 b
1 2 4 8 10 20 40 42 84 168 336 420 b
1 2 4 8 10 20 40 44 84 168 252 420 b
1 2 4 8 10 20 40 44 84 168 336 420 b
1 2 4 8 10 20 40 50 70 140 210 420 b
1 2 4 8 10 20 40 50 70 140 280 420 b
1 2 4 8 10 20 40 50 80 130 210 420 a
1 2 4 8 10 20 40 50 80 160 210 420 a
1 2 4 8 10 20 40 50 90 140 280 420 b
1 2 4 8 10 20 40 50 100 110 210 420 b
1 2 4 8 10 20 40 50 100 140 280 420 b
1 2 4 8 10 20 40 50 100 200 210 420 b
1 2 4 8 10 20 40 50 100 200 220 420 b
1 2 4 8 10 20 40 50 100 200 400 420 b
1 2 4 8 10 20 40 60 70 140 210 420 b
1 2 4 8 10 20 40 60 70 140 280 420 b
1 2 4 8 10 20 40 60 80 140 280 420 b
1 2 4 8 10 20 40 60 100 110 210 420 b
1 2 4 8 10 20 40 60 100 140 280 420 b
1 2 4 8 10 20 40 60 100 160 260 420 b
1 2 4 8 10 20 40 60 100 160 320 420 b
1 2 4 8 10 20 40 60 100 200 210 420 b
1 2 4 8 10 20 40 60 100 200 220 420 b
1 2 4 8 10 20 40 60 100 200 400 420 b
1 2 4 8 10 20 40 60 120 140 280 420 b
1 2 4 8 10 20 40 60 120 180 240 420 b
1 2 4 8 10 20 40 60 120 180 300 420 b
1 2 4 8 10 20 40 60 120 180 360 420 b
1 2 4 8 10 20 40 60 120 240 300 420 b
1 2 4 8 10 20 40 60 120 240 360 420 b
1 2 4 8 10 20 40 80 84 168 252 420 b
1 2 4 8 10 20 40 80 84 168 336 420 b
1 2 4 8 10 20 40 80 90 120 210 420 a
1 2 4 8 10 20 40 80 90 130 210 420 b
1 2 4 8 10 20 40 80 90 170 210 420 b
1 2 4 8 10 20 40 80 90 170 250 420 b
1 2 4 8 10 20 40 80 90 170 340 420 b
1 2 4 8 10 20 40 80 100 110 210 420 b
1 2 4 8 10 20 40 80 100 140 280 420 b
1 2 4 8 10 20 40 80 100 160 260 420 a
1 2 4 8 10 20 40 80 100 160 320 420 a
1 2 4 8 10 20 40 80 100 200 210 420 b
1 2 4 8 10 20 40 80 100 200 220 420 b
1 2 4 8 10 20 40 80 100 200 400 420 b
1 2 4 8 10 20 40 80 120 130 210 420 b
1 2 4 8 10 20 40 80 120 140 280 420 b
1 2 4 8 10 20 40 80 120 200 210 420 b
1 2 4 8 10 20 40 80 120 200 220 420 b
1 2 4 8 10 20 40 80 120 200 400 420 b
1 2 4 8 10 20 40 80 160 170 210 420 b
1 2 4 8 10 20 40 80 160 170 250 420 b
1 2 4 8 10 20 40 80 160 170 340 420 b
1 2 4 8 10 20 40 80 160 180 240 420 a
1 2 4 8 10 20 40 80 160 180 260 420 b
1 2 4 8 10 20 40 80 160 180 340 420 b
1 2 4 8 10 20 40 80 160 200 210 420 b
1 2 4 8 10 20 40 80 160 200 220 420 b
1 2 4 8 10 20 40 80 160 200 400 420 b
1 2 4 8 10 20 40 80 160 240 260 420 b
1 2 4 8 10 20 40 80 160 240 400 420 b
1 2 4 8 10 20 40 80 160 320 340 420 b
1 2 4 8 10 20 40 80 160 320 400 420 b
1 2 4 8 12 13 21 42 63 105 210 420 b
1 2 4 8 12 13 21 42 84 105 210 420 b
1 2 4 8 12 13 21 42 84 126 210 420 b
1 2 4 8 12 13 21 42 84 168 210 420 b
1 2 4 8 12 13 21 42 84 168 252 420 b
1 2 4 8 12 13 21 42 84 168 336 420 b
1 2 4 8 12 13 26 52 53 105 210 420 b
1 2 4 8 12 13 26 52 104 105 210 420 b
1 2 4 8 12 13 26 52 104 106 210 420 b
1 2 4 8 12 13 26 52 104 208 210 420 b
1 2 4 8 12 13 26 52 104 208 212 420 b
1 2 4 8 12 13 26 52 104 208 416 420 b
1 2 4 8 12 14 26 52 53 105 210 420 b
1 2 4 8 12 14 26 52 104 105 210 420 b
1 2 4 8 12 14 26 52 104 106 210 420 b
1 2 4 8 12 14 26 52 104 208 210 420 b
1 2 4 8 12 14 26 52 104 208 212 420 b
1 2 4 8 12 14 26 52 104 208 416 420 b
1 2 4 8 12 14 28 42 70 140 210 420 b
1 2 4 8 12 14 28 42 70 140 280 420 b
1 2 4 8 12 14 28 42 84 126 210 420 b
1 2 4 8 12 14 28 42 84 168 210 420 b
1 2 4 8 12 14 28 42 84 168 252 420 b
1 2 4 8 12 14 28 42 84 168 336 420 b
1 2 4 8 12 14 28 56 70 140 210 420 b
1 2 4 8 12 14 28 56 70 140 280 420 b
1 2 4 8 12 14 28 56 84 140 280 420 b
1 2 4 8 12 14 28 56 84 168 252 420 b
1 2 4 8 12 14 28 56 84 168 336 420 b
1 2 4 8 12 14 28 56 112 140 280 420 b
1 2 4 8 12 16 28 56 84 140 280 420 b
1 2 4 8 12 16 28 56 84 168 252 420 b
1 2 4 8 12 16 28 56 84 168 336 420 b
1 2 4 8 12 16 28 56 112 140 280 420 b
1 2 4 8 12 16 32 64 76 140 280 420 b
1 2 4 8 12 16 32 64 128 140 280 420 b
1 2 4 8 12 20 21 42 63 105 210 420 b
1 2 4 8 12 20 21 42 84 105 210 420 b
1 2 4 8 12 20 21 42 84 126 210 420 b
1 2 4 8 12 20 21 42 84 168 210 420 b
1 2 4 8 12 20 21 42 84 168 252 420 b
1 2 4 8 12 20 21 42 84 168 336 420 b
1 2 4 8 12 20 22 42 84 126 210 420 b
1 2 4 8 12 20 22 42 84 168 210 420 b
1 2 4 8 12 20 22 42 84 168 252 420 b
1 2 4 8 12 20 22 42 84 168 336 420 b
1 2 4 8 12 20 28 56 84 140 280 420 b
1 2 4 8 12 20 28 56 84 168 252 420 b
1 2 4 8 12 20 28 56 84 168 336 420 b
1 2 4 8 12 20 28 56 112 140 280 420 b
1 2 4 8 12 20 32 52 53 105 210 420 b
1 2 4 8 12 20 32 52 84 168 252 420 b
1 2 4 8 12 20 32 52 84 168 336 420 b
1 2 4 8 12 20 32 52 104 105 210 420 b
1 2 4 8 12 20 32 52 104 106 210 420 b
1 2 4 8 12 20 32 52 104 208 210 420 b
1 2 4 8 12 20 32 52 104 208 212 420 b
1 2 4 8 12 20 32 52 104 208 416 420 b
1 2 4 8 12 20 32 64 76 140 280 420 b
1 2 4 8 12 20 32 64 84 168 252 420 b
1 2 4 8 12 20 32 64 84 168 336 420 b
1 2 4 8 12 20 32 64 128 140 280 420 b
1 2 4 8 12 20 40 42 84 126 210 420 b
1 2 4 8 12 20 40 42 84 168 210 420 b
1 2 4 8 12 20 40 42 84 168 252 420 b
1 2 4 8 12 20 40 42 84 168 336 420 b
1 2 4 8 12 20 40 44 84 168 252 420 b
1 2 4 8 12 20 40 44 84 168 336 420 b
1 2 4 8 12 20 40 52 53 105 210 420 b
1 2 4 8 12 20 40 52 92 184 236 420 b
1 2 4 8 12 20 40 52 92 184 368 420 b
1 2 4 8 12 20 40 52 104 105 210 420 b
1 2 4 8 12 20 40 52 104 106 210 420 b
1 2 4 8 12 20 40 52 104 208 210 420 b
1 2 4 8 12 20 40 52 104 208 212 420 b
1 2 4 8 12 20 40 52 104 208 416 420 b
1 2 4 8 12 20 40 60 80 140 280 420 b
1 2 4 8 12 20 40 60 100 140 280 420 b
1 2 4 8 12 20 40 60 100 160 260 420 b
1 2 4 8 12 20 40 60 100 160 320 420 b
1 2 4 8 12 20 40 60 100 200 220 420 b
1 2 4 8 12 20 40 60 100 200 400 420 b
1 2 4 8 12 20 40 60 120 140 280 420 b
1 2 4 8 12 20 40 60 120 180 240 420 b
1 2 4 8 12 20 40 60 120 180 300 420 b
1 2 4 8 12 20 40 60 120 180 360 420 b
1 2 4 8 12 20 40 60 120 240 300 420 b
1 2 4 8 12 20 40 60 120 240 360 420 b
1 2 4 8 12 20 40 80 84 168 252 420 b
1 2 4 8 12 20 40 80 84 168 336 420 b
1 2 4 8 12 20 40 80 100 140 280 420 b
1 2 4 8 12 20 40 80 100 160 260 420 a
1 2 4 8 12 20 40 80 100 160 320 420 a
1 2 4 8 12 20 40 80 100 200 220 420 b
1 2 4 8 12 20 40 80 100 200 400 420 b
1 2 4 8 12 20 40 80 120 140 280 420 b
1 2 4 8 12 20 40 80 120 200 220 420 b
1 2 4 8 12 20 40 80 120 200 400 420 b
1 2 4 8 12 20 40 80 160 180 240 420 a
1 2 4 8 12 20 40 80 160 180 260 420 b
1 2 4 8 12 20 40 80 160 180 340 420 b
1 2 4 8 12 20 40 80 160 200 220 420 b
1 2 4 8 12 20 40 80 160 200 400 420 b
1 2 4 8 12 20 40 80 160 240 260 420 b
1 2 4 8 12 20 40 80 160 240 400 420 b
1 2 4 8 12 20 40 80 160 320 340 420 b
1 2 4 8 12 20 40 80 160 320 400 420 b
1 2 4 8 12 24 26 52 53 105 210 420 b
1 2 4 8 12 24 26 52 104 105 210 420 b
1 2 4 8 12 24 26 52 104 106 210 420 b
1 2 4 8 12 24 26 52 104 208 210 420 b
1 2 4 8 12 24 26 52 104 208 212 420 b
1 2 4 8 12 24 26 52 104 208 416 420 b
1 2 4 8 12 24 28 52 53 105 210 420 b
1 2 4 8 12 24 28 52 104 105 210 420 b
1 2 4 8 12 24 28 52 104 106 210 420 b
1 2 4 8 12 24 28 52 104 208 210 420 b
1 2 4 8 12 24 28 52 104 208 212 420 b
1 2 4 8 12 24 28 52 104 208 416 420 b
1 2 4 8 12 24 28 56 84 140 280 420 b
1 2 4 8 12 24 28 56 84 168 252 420 b
1 2 4 8 12 24 28 56 84 168 336 420 b
1 2 4 8 12 24 28 56 112 140 280 420 b
1 2 4 8 12 24 32 64 76 140 280 420 b
1 2 4 8 12 24 32 64 128 140 280 420 b
1 2 4 8 12 24 36 48 84 168 252 420 b
1 2 4 8 12 24 36 48 84 168 336 420 b
1 2 4 8 12 24 36 48 96 192 228 420 b
1 2 4 8 12 24 36 48 96 192 384 420 b
1 2 4 8 12 24 36 60 84 168 252 420 b
1 2 4 8 12 24 36 60 84 168 336 420 b
1 2 4 8 12 24 36 60 96 192 228 420 b
1 2 4 8 12 24 36 60 96 192 384 420 b
1 2 4 8 12 24 36 60 120 180 240 420 b
1 2 4 8 12 24 36 60 120 180 300 420 b
1 2 4 8 12 24 36 60 120 180 360 420 b
1 2 4 8 12 24 36 60 120 240 300 420 b
1 2 4 8 12 24 36 60 120 240 360 420 b
1 2 4 8 12 24 36 72 84 168 252 420 b
1 2 4 8 12 24 36 72 84 168 336 420 b
1 2 4 8 12 24 36 72 96 192 228 420 b
1 2 4 8 12 24 36 72 96 192 384 420 b
1 2 4 8 12 24 48 49 56 105 210 420 a
1 2 4 8 12 24 48 49 57 105 210 420 b
1 2 4 8 12 24 48 49 97 105 210 420 b
1 2 4 8 12 24 48 52 53 105 210 420 b
1 2 4 8 12 24 48 52 104 105 210 420 b
1 2 4 8 12 24 48 52 104 106 210 420 b
1 2 4 8 12 24 48 52 104 208 210 420 b
1 2 4 8 12 24 48 52 104 208 212 420 b
1 2 4 8 12 24 48 52 104 208 416 420 b
1 2 4 8 12 24 48 56 57 105 210 420 b
1 2 4 8 12 24 48 56 104 105 210 420 b
1 2 4 8 12 24 48 56 104 106 210 420 b
1 2 4 8 12 24 48 56 104 208 210 420 b
1 2 4 8 12 24 48 56 104 208 212 420 b
1 2 4 8 12 24 48 56 104 208 416 420 b
1 2 4 8 12 24 48 60 84 168 252 420 b
1 2 4 8 12 24 48 60 84 168 336 420 b
1 2 4 8 12 24 48 60 108 156 264 420 b
1 2 4 8 12 24 48 60 108 156 312 420 b
1 2 4 8 12 24 48 60 120 180 240 420 b
1 2 4 8 12 24 48 60 120 180 300 420 b
1 2 4 8 12 24 48 60 120 180 360 420 b
1 2 4 8 12 24 48 60 120 240 300 420 b
1 2 4 8 12 24 48 60 120 240 360 420 b
1 2 4 8 12 24 48 72 84 168 252 420 b
1 2 4 8 12 24 48 72 84 168 336 420 b
1 2 4 8 12 24 48 96 97 105 210 420 b
1 2 4 8 12 24 48 96 104 105 210 420 b
1 2 4 8 12 24 48 96 104 106 210 420 b
1 2 4 8 12 24 48 96 104 208 210 420 b
1 2 4 8 12 24 48 96 104 208 212 420 b
1 2 4 8 12 24 48 96 104 208 416 420 b
1 2 4 8 12 24 48 96 108 156 264 420 b
1 2 4 8 12 24 48 96 108 156 312 420 b
1 2 4 8 12 24 48 96 108 204 216 420 b
1 2 4 8 12 24 48 96 108 204 312 420 b
1 2 4 8 12 24 48 96 108 204 408 420 b
1 2 4 8 12 24 48 96 108 216 312 420 b
1 2 4 8 12 24 48 96 108 216 324 420 b
1 2 4 8 12 24 48 96 192 204 216 420 b
1 2 4 8 12 24 48 96 192 204 228 420 b
1 2 4 8 12 24 48 96 192 204 396 420 b
1 2 4 8 12 24 48 96 192 204 408 420 b
1 2 4 8 12 24 48 96 192 216 228 420 b
1 2 4 8 12 24 48 96 192 216 408 420 b
1 2 4 8 12 24 48 96 192 384 396 420 b
1 2 4 8 12 24 48 96 192 384 408 420 b
1 2 4 8 16 17 18 35 70 105 210 420 b
1 2 4 8 16 17 18 35 70 140 210 420 b
1 2 4 8 16 17 18 35 70 140 280 420 b
1 2 4 8 16 17 19 35 70 105 210 420 b
1 2 4 8 16 17 19 35 70 140 210 420 b
1 2 4 8 16 17 19 35 70 140 280 420 b
1 2 4 8 16 17 21 42 63 105 210 420 b
1 2 4 8 16 17 21 42 84 105 210 420 b
1 2 4 8 16 17 21 42 84 126 210 420 b
1 2 4 8 16 17 21 42 84 168 210 420 b
1 2 4 8 16 17 21 42 84 168 252 420 b
1 2 4 8 16 17 21 42 84 168 336 420 b
1 2 4 8 16 17 25 42 84 126 210 420 b
1 2 4 8 16 17 25 42 84 168 210 420 b
1 2 4 8 16 17 25 42 84 168 252 420 b
1 2 4 8 16 17 25 42 84 168 336 420 b
1 2 4 8 16 17 33 35 70 105 210 420 b
1 2 4 8 16 17 33 35 70 140 210 420 b
1 2 4 8 16 17 33 35 70 140 280 420 b
1 2 4 8 16 17 33 37 70 140 210 420 b
1 2 4 8 16 17 33 37 70 140 280 420 b
1 2 4 8 16 17 33 66 70 140 210 420 b
1 2 4 8 16 17 33 66 70 140 280 420 b
1 2 4 8 16 17 33 66 74 140 280 420 b
1 2 4 8 16 17 33 66 132 140 280 420 b
1 2 4 8 16 17 34 35 70 105 210 420 b
1 2 4 8 16 17 34 35 70 140 210 420 b
1 2 4 8 16 17 34 35 70 140 280 420 b
1 2 4 8 16 17 34 36 70 140 210 420 b
1 2 4 8 16 17 34 36 70 140 280 420 b
1 2 4 8 16 17 34 42 84 126 210 420 b
1 2 4 8 16 17 34 42 84 168 210 420 b
1 2 4 8 16 17 34 42 84 168 252 420 b
1 2 4 8 16 17 34 42 84 168 336 420 b
1 2 4 8 16 17 34 50 84 168 252 420 b
1 2 4 8 16 17 34 50 84 168 336 420 b
1 2 4 8 16 17 34 68 70 140 210 420 b
1 2 4 8 16 17 34 68 70 140 280 420 b
1 2 4 8 16 17 34 68 72 140 280 420 b
1 2 4 8 16 17 34 68 84 168 252 420 b
1 2 4 8 16 17 34 68 84 168 336 420 b
1 2 4 8 16 17 34 68 136 140 280 420 b
1 2 4 8 16 18 19 35 70 105 210 420 b
1 2 4 8 16 18 19 35 70 140 210 420 b
1 2 4 8 16 18 19 35 70 140 280 420 b
1 2 4 8 16 18 24 42 84 126 210 420 a
1 2 4 8 16 18 24 42 84 168 210 420 a
1 2 4 8 16 18 24 42 84 168 252 420 a
1 2 4 8 16 18 24 42 84 168 336 420 a
1 2 4 8 16 18 24 48 96 114 210 420 a
1 2 4 8 16 18 24 48 96 192 210 420 a
1 2 4 8 16 18 26 42 84 126 210 420 b
1 2 4 8 16 18 26 42 84 168 210 420 b
1 2 4 8 16 18 26 42 84 168 252 420 b
1 2 4 8 16 18 26 42 84 168 336 420 b
1 2 4 8 16 18 26 44 70 140 210 420 b
1 2 4 8 16 18 26 44 70 140 280 420 b
1 2 4 8 16 18 26 52 53 105 210 420 b
1 2 4 8 16 18 26 52 70 140 210 420 b
1 2 4 8 16 18 26 52 70 140 280 420 b
1 2 4 8 16 18 26 52 104 105 210 420 b
1 2 4 8 16 18 26 52 104 106 210 420 b
1 2 4 8 16 18 26 52 104 208 210 420 b
1 2 4 8 16 18 26 52 104 208 212 420 b
1 2 4 8 16 18 26 52 104 208 416 420 b
1 2 4 8 16 18 32 48 96 114 210 420 a
1 2 4 8 16 18 32 48 96 192 210 420 a
1 2 4 8 16 18 32 64 82 128 210 420 a
1 2 4 8 16 18 32 64 82 146 210 420 a
1 2 4 8 16 18 32 64 96 114 210 420 a
1 2 4 8 16 18 32 64 96 192 210 420 a
1 2 4 8 16 18 32 64 128 146 210 420 a
1 2 4 8 16 18 32 64 128 146 274 420 a
1 2 4 8 16 18 32 64 128 146 292 420 a
1 2 4 8 16 18 32 64 128 192 210 420 a
1 2 4 8 16 18 34 35 70 105 210 420 b
1 2 4 8 16 18 34 35 70 140 210 420 b
1 2 4 8 16 18 34 35 70 140 280 420 b
1 2 4 8 16 18 34 36 70 140 210 420 b
1 2 4 8 16 18 34 36 70 140 280 420 b
1 2 4 8 16 18 34 42 84 126 210 420 b
1 2 4 8 16 18 34 42 84 168 210 420 b
1 2 4 8 16 18 34 42 84 168 252 420 b
1 2 4 8 16 18 34 42 84 168 336 420 b
1 2 4 8 16 18 34 50 84 168 252 420 b
1 2 4 8 16 18 34 50 84 168 336 420 b
1 2 4 8 16 18 34 52 53 105 210 420 b
1 2 4 8 16 18 34 52 70 140 210 420 b
1 2 4 8 16 18 34 52 70 140 280 420 b
1 2 4 8 16 18 34 52 104 105 210 420 b
1 2 4 8 16 18 34 52 104 106 210 420 b
1 2 4 8 16 18 34 52 104 208 210 420 b
1 2 4 8 16 18 34 52 104 208 212 420 b
1 2 4 8 16 18 34 52 104 208 416 420 b
1 2 4 8 16 18 34 68 70 140 210 420 b
1 2 4 8 16 18 34 68 70 140 280 420 b
1 2 4 8 16 18 34 68 72 140 280 420 b
1 2 4 8 16 18 34 68 84 168 252 420 b
1 2 4 8 16 18 34 68 84 168 336 420 b
1 2 4 8 16 18 34 68 136 140 280 420 b
1 2 4 8 16 18 36 52 53 105 210 420 b
1 2 4 8 16 18 36 52 70 140 210 420 b
1 2 4 8 16 18 36 52 70 140 280 420 b
1 2 4 8 16 18 36 52 88 140 280 420 b
1 2 4 8 16 18 36 52 104 105 210 420 b
1 2 4 8 16 18 36 52 104 106 210 420 b
1 2 4 8 16 18 36 52 104 140 280 420 b
1 2 4 8 16 18 36 52 104 208 210 420 b
1 2 4 8 16 18 36 52 104 208 212 420 b
1 2 4 8 16 18 36 52 104 208 416 420 b
1 2 4 8 16 18 36 54 70 140 210 420 b
1 2 4 8 16 18 36 54 70 140 280 420 b
1 2 4 8 16 20 21 42 63 105 210 420 b
1 2 4 8 16 20 21 42 84 105 210 420 b
1 2 4 8 16 20 21 42 84 126 210 420 b
1 2 4 8 16 20 21 42 84 168 210 420 b
1 2 4 8 16 20 21 42 84 168 252 420 b
1 2 4 8 16 20 21 42 84 168 336 420 b
1 2 4 8 16 20 22 42 84 126 210 420 b
1 2 4 8 16 20 22 42 84 168 210 420 b
1 2 4 8 16 20 22 42 84 168 252 420 b
1 2 4 8 16 20 22 42 84 168 336 420 b
1 2 4 8 16 20 28 56 84 140 280 420 b
1 2 4 8 16 20 28 56 84 168 252 420 b
1 2 4 8 16 20 28 56 84 168 336 420 b
1 2 4 8 16 20 28 56 112 140 280 420 b
1 2 4 8 16 20 32 52 53 105 210 420 a
1 2 4 8 16 20 32 52 84 168 252 420 a
1 2 4 8 16 20 32 52 84 168 336 420 a
1 2 4 8 16 20 32 52 104 105 210 420 a
1 2 4 8 16 20 32 52 104 106 210 420 a
1 2 4 8 16 20 32 52 104 208 210 420 a
1 2 4 8 16 20 32 52 104 208 212 420 a
1 2 4 8 16 20 32 52 104 208 416 420 a
1 2 4 8 16 20 32 64 84 168 252 420 a
1 2 4 8 16 20 32 64 84 168 336 420 a
1 2 4 8 16 20 36 52 53 105 210 420 b
1 2 4 8 16 20 36 52 88 140 280 420 b
1 2 4 8 16 20 36 52 104 105 210 420 b
1 2 4 8 16 20 36 52 104 106 210 420 b
1 2 4 8 16 20 36 52 104 140 280 420 b
1 2 4 8 16 20 36 52 104 208 210 420 b
1 2 4 8 16 20 36 52 104 208 212 420 b
1 2 4 8 16 20 36 52 104 208 416 420 b
1 2 4 8 16 20 36 72 92 164 256 420 b
1 2 4 8 16 20 36 72 92 164 328 420 b
1 2 4 8 16 20 40 42 84 126 210 420 b
1 2 4 8 16 20 40 42 84 168 210 420 b
1 2 4 8 16 20 40 42 84 168 252 420 b
1 2 4 8 16 20 40 42 84 168 336 420 b
1 2 4 8 16 20 40 44 84 168 252 420 b
1 2 4 8 16 20 40 44 84 168 336 420 b
1 2 4 8 16 20 40 60 80 140 280 420 b
1 2 4 8 16 20 40 60 100 140 280 420 b
1 2 4 8 16 20 40 60 100 160 260 420 b
1 2 4 8 16 20 40 60 100 160 320 420 b
1 2 4 8 16 20 40 60 100 200 220 420 b
1 2 4 8 16 20 40 60 100 200 400 420 b
1 2 4 8 16 20 40 60 120 140 280 420 b
1 2 4 8 16 20 40 60 120 180 240 420 b
1 2 4 8 16 20 40 60 120 180 300 420 b
1 2 4 8 16 20 40 60 120 180 360 420 b
1 2 4 8 16 20 40 60 120 240 300 420 b
1 2 4 8 16 20 40 60 120 240 360 420 b
1 2 4 8 16 20 40 80 84 168 252 420 b
1 2 4 8 16 20 40 80 84 168 336 420 b
1 2 4 8 16 20 40 80 100 140 280 420 b
1 2 4 8 16 20 40 80 100 160 260 420 a
1 2 4 8 16 20 40 80 100 160 320 420 a
1 2 4 8 16 20 40 80 100 200 220 420 b
1 2 4 8 16 20 40 80 100 200 400 420 b
1 2 4 8 16 20 40 80 120 140 280 420 b
1 2 4 8 16 20 40 80 120 200 220 420 b
1 2 4 8 16 20 40 80 120 200 400 420 b
1 2 4 8 16 20 40 80 160 180 240 420 a
1 2 4 8 16 20 40 80 160 180 260 420 b
1 2 4 8 16 20 40 80 160 180 340 420 b
1 2 4 8 16 20 40 80 160 200 220 420 b
1 2 4 8 16 20 40 80 160 200 400 420 b
1 2 4 8 16 20 40 80 160 240 260 420 b
1 2 4 8 16 20 40 80 160 240 400 420 b
1 2 4 8 16 20 40 80 160 320 340 420 b
1 2 4 8 16 20 40 80 160 320 400 420 b
1 2 4 8 16 24 25 40 65 105 210 420 a
1 2 4 8 16 24 25 40 80 105 210 420 a
1 2 4 8 16 24 26 42 84 126 210 420 b
1 2 4 8 16 24 26 42 84 168 210 420 b
1 2 4 8 16 24 26 42 84 168 252 420 b
1 2 4 8 16 24 26 42 84 168 336 420 b
1 2 4 8 16 24 26 52 53 105 210 420 b
1 2 4 8 16 24 26 52 104 105 210 420 b
1 2 4 8 16 24 26 52 104 106 210 420 b
1 2 4 8 16 24 26 52 104 208 210 420 b
1 2 4 8 16 24 26 52 104 208 212 420 b
1 2 4 8 16 24 26 52 104 208 416 420 b
1 2 4 8 16 24 28 52 53 105 210 420 b
1 2 4 8 16 24 28 52 104 105 210 420 b
1 2 4 8 16 24 28 52 104 106 210 420 b
1 2 4 8 16 24 28 52 104 208 210 420 b
1 2 4 8 16 24 28 52 104 208 212 420 b
1 2 4 8 16 24 28 52 104 208 416 420 b
1 2 4 8 16 24 28 56 84 140 280 420 b
1 2 4 8 16 24 28 56 84 168 252 420 b
1 2 4 8 16 24 28 56 84 168 336 420 b
1 2 4 8 16 24 28 56 112 140 280 420 b
1 2 4 8 16 24 40 41 64 105 210 420 a
1 2 4 8 16 24 40 41 65 105 210 420 b
1 2 4 8 16 24 40 41 81 105 210 420 b
1 2 4 8 16 24 40 42 84 126 210 420 b
1 2 4 8 16 24 40 42 84 168 210 420 b
1 2 4 8 16 24 40 42 84 168 252 420 b
1 2 4 8 16 24 40 42 84 168 336 420 b
1 2 4 8 16 24 40 44 84 168 252 420 b
1 2 4 8 16 24 40 44 84 168 336 420 b
1 2 4 8 16 24 40 64 65 105 210 420 b
1 2 4 8 16 24 40 64 104 105 210 420 b
1 2 4 8 16 24 40 64 104 106 210 420 b
1 2 4 8 16 24 40 64 104 208 210 420 b
1 2 4 8 16 24 40 64 104 208 212 420 b
1 2 4 8 16 24 40 64 104 208 416 420 b
1 2 4 8 16 24 40 80 81 105 210 420 b
1 2 4 8 16 24 40 80 84 168 252 420 b
1 2 4 8 16 24 40 80 84 168 336 420 b
1 2 4 8 16 24 40 80 104 105 210 420 b
1 2 4 8 16 24 40 80 104 106 210 420 b
1 2 4 8 16 24 40 80 104 208 210 420 b
1 2 4 8 16 24 40 80 104 208 212 420 b
1 2 4 8 16 24 40 80 104 208 416 420 b
1 2 4 8 16 24 48 49 56 105 210 420 a
1 2 4 8 16 24 48 49 57 105 210 420 b
1 2 4 8 16 24 48 49 97 105 210 420 b
1 2 4 8 16 24 48 49 97 113 210 420 b
1 2 4 8 16 24 48 49 97 194 210 420 b
1 2 4 8 16 24 48 52 53 105 210 420 b
1 2 4 8 16 24 48 52 104 105 210 420 b
1 2 4 8 16 24 48 52 104 106 210 420 b
1 2 4 8 16 24 48 52 104 208 210 420 b
1 2 4 8 16 24 48 52 104 208 212 420 b
1 2 4 8 16 24 48 52 104 208 416 420 b
1 2 4 8 16 24 48 56 57 105 210 420 b
1 2 4 8 16 24 48 56 104 105 210 420 b
1 2 4 8 16 24 48 56 104 106 210 420 b
1 2 4 8 16 24 48 56 104 208 210 420 b
1 2 4 8 16 24 48 56 104 208 212 420 b
1 2 4 8 16 24 48 56 104 208 416 420 b
1 2 4 8 16 24 48 96 97 105 210 420 b
1 2 4 8 16 24 48 96 97 113 210 420 b
1 2 4 8 16 24 48 96 97 194 210 420 b
1 2 4 8 16 24 48 96 98 112 210 420 a
1 2 4 8 16 24 48 96 98 114 210 420 b
1 2 4 8 16 24 48 96 98 194 210 420 b
1 2 4 8 16 24 48 96 104 105 210 420 b
1 2 4 8 16 24 48 96 104 106 210 420 b
1 2 4 8 16 24 48 96 104 208 210 420 b
1 2 4 8 16 24 48 96 104 208 212 420 b
1 2 4 8 16 24 48 96 104 208 416 420 b
1 2 4 8 16 24 48 96 112 114 210 420 b
1 2 4 8 16 24 48 96 112 208 210 420 b
1 2 4 8 16 24 48 96 112 208 212 420 b
1 2 4 8 16 24 48 96 112 208 416 420 b
1 2 4 8 16 24 48 96 192 194 210 420 b
1 2 4 8 16 24 48 96 192 208 210 420 b
1 2 4 8 16 24 48 96 192 208 212 420 b
1 2 4 8 16 24 48 96 192 208 416 420 b
1 2 4 8 16 32 33 35 70 105 210 420 b
1 2 4 8 16 32 33 35 70 140 210 420 b
1 2 4 8 16 32 33 35 70 140 280 420 b
1 2 4 8 16 32 33 36 69 105 210 420 a
1 2 4 8 16 32 33 36 72 105 210 420 a
1 2 4 8 16 32 33 37 70 140 210 420 b
1 2 4 8 16 32 33 37 70 140 280 420 b
1 2 4 8 16 32 33 40 65 105 210 420 a
1 2 4 8 16 32 33 40 72 105 210 420 a
1 2 4 8 16 32 33 40 73 105 210 420 a
1 2 4 8 16 32 33 41 64 105 210 420 a
1 2 4 8 16 32 33 41 73 105 210 420 b
1 2 4 8 16 32 33 48 81 129 210 420 a
1 2 4 8 16 32 33 48 81 162 210 420 a
1 2 4 8 16 32 33 64 72 105 210 420 a
1 2 4 8 16 32 33 64 97 105 210 420 a
1 2 4 8 16 32 33 64 97 113 210 420 a
1 2 4 8 16 32 33 64 97 194 210 420 a
1 2 4 8 16 32 33 64 97 194 226 420 a
1 2 4 8 16 32 33 64 97 194 388 420 a
1 2 4 8 16 32 33 65 73 105 210 420 b
1 2 4 8 16 32 33 65 97 105 210 420 b
1 2 4 8 16 32 33 65 97 113 210 420 b
1 2 4 8 16 32 33 65 97 194 210 420 b
1 2 4 8 16 32 33 65 97 194 226 420 b
1 2 4 8 16 32 33 65 97 194 388 420 b
1 2 4 8 16 32 33 66 70 140 210 420 b
1 2 4 8 16 32 33 66 70 140 280 420 b
1 2 4 8 16 32 33 66 74 140 280 420 b
1 2 4 8 16 32 33 66 132 140 280 420 b
1 2 4 8 16 32 34 35 70 105 210 420 b
1 2 4 8 16 32 34 35 70 140 210 420 b
1 2 4 8 16 32 34 35 70 140 280 420 b
1 2 4 8 16 32 34 36 70 140 210 420 b
1 2 4 8 16 32 34 36 70 140 280 420 b
1 2 4 8 16 32 34 38 70 140 210 420 b
1 2 4 8 16 32 34 38 70 140 280 420 b
1 2 4 8 16 32 34 42 84 126 210 420 b
1 2 4 8 16 32 34 42 84 168 210 420 b
1 2 4 8 16 32 34 42 84 168 252 420 b
1 2 4 8 16 32 34 42 84 168 336 420 b
1 2 4 8 16 32 34 50 84 168 252 420 b
1 2 4 8 16 32 34 50 84 168 336 420 b
1 2 4 8 16 32 34 66 70 140 210 420 b
1 2 4 8 16 32 34 66 70 140 280 420 b
1 2 4 8 16 32 34 66 74 140 280 420 b
1 2 4 8 16 32 34 66 132 140 280 420 b
1 2 4 8 16 32 34 68 70 140 210 420 b
1 2 4 8 16 32 34 68 70 140 280 420 b
1 2 4 8 16 32 34 68 72 140 280 420 b
1 2 4 8 16 32 34 68 84 168 252 420 b
1 2 4 8 16 32 34 68 84 168 336 420 b
1 2 4 8 16 32 34 68 136 140 280 420 b
1 2 4 8 16 32 36 37 68 105 210 420 a
1 2 4 8 16 32 36 37 69 105 210 420 b
1 2 4 8 16 32 36 37 73 105 210 420 b
1 2 4 8 16 32 36 38 70 140 210 420 b
1 2 4 8 16 32 36 38 70 140 280 420 b
1 2 4 8 16 32 36 48 84 168 252 420 a
1 2 4 8 16 32 36 48 84 168 336 420 a
1 2 4 8 16 32 36 48 96 192 228 420 a
1 2 4 8 16 32 36 48 96 192 384 420 a
1 2 4 8 16 32 36 52 53 105 210 420 b
1 2 4 8 16 32 36 52 84 168 252 420 b
1 2 4 8 16 32 36 52 84 168 336 420 b
1 2 4 8 16 32 36 52 88 140 280 420 b
1 2 4 8 16 32 36 52 104 105 210 420 b
1 2 4 8 16 32 36 52 104 106 210 420 b
1 2 4 8 16 32 36 52 104 140 280 420 b
1 2 4 8 16 32 36 52 104 208 210 420 b
1 2 4 8 16 32 36 52 104 208 212 420 b
1 2 4 8 16 32 36 52 104 208 416 420 b
1 2 4 8 16 32 36 64 96 192 228 420 a
1 2 4 8 16 32 36 64 96 192 384 420 a
1 2 4 8 16 32 36 64 128 164 256 420 a
1 2 4 8 16 32 36 64 128 164 292 420 a
1 2 4 8 16 32 36 64 128 192 228 420 a
1 2 4 8 16 32 36 64 128 192 384 420 a
1 2 4 8 16 32 36 64 128 256 292 420 a
1 2 4 8 16 32 36 64 128 256 384 420 a
1 2 4 8 16 32 36 68 69 105 210 420 b
1 2 4 8 16 32 36 68 70 140 210 420 b
1 2 4 8 16 32 36 68 70 140 280 420 b
1 2 4 8 16 32 36 68 72 140 280 420 b
1 2 4 8 16 32 36 68 84 168 252 420 b
1 2 4 8 16 32 36 68 84 168 336 420 b
1 2 4 8 16 32 36 68 104 105 210 420 b
1 2 4 8 16 32 36 68 104 106 210 420 b
1 2 4 8 16 32 36 68 104 140 280 420 b
1 2 4 8 16 32 36 68 104 208 210 420 b
1 2 4 8 16 32 36 68 104 208 212 420 b
1 2 4 8 16 32 36 68 104 208 416 420 b
1 2 4 8 16 32 36 68 136 140 280 420 b
1 2 4 8 16 32 36 72 73 105 210 420 b
1 2 4 8 16 32 36 72 104 105 210 420 b
1 2 4 8 16 32 36 72 104 106 210 420 b
1 2 4 8 16 32 36 72 104 140 280 420 b
1 2 4 8 16 32 36 72 104 208 210 420 b
1 2 4 8 16 32 36 72 104 208 212 420 b
1 2 4 8 16 32 36 72 104 208 416 420 b
1 2 4 8 16 32 36 72 108 140 280 420 b
1 2 4 8 16 32 40 41 64 105 210 420 a
1 2 4 8 16 32 40 41 73 105 210 420 b
1 2 4 8 16 32 40 42 84 126 210 420 b
1 2 4 8 16 32 40 42 84 168 210 420 b
1 2 4 8 16 32 40 42 84 168 252 420 b
1 2 4 8 16 32 40 42 84 168 336 420 b
1 2 4 8 16 32 40 44 84 168 252 420 b
1 2 4 8 16 32 40 44 84 168 336 420 b
1 2 4 8 16 32 40 64 65 105 210 420 a
1 2 4 8 16 32 40 64 104 105 210 420 a
1 2 4 8 16 32 40 64 104 106 210 420 a
1 2 4 8 16 32 40 64 104 208 210 420 a
1 2 4 8 16 32 40 64 104 208 212 420 a
1 2 4 8 16 32 40 64 104 208 416 420 a
1 2 4 8 16 32 40 72 73 105 210 420 b
1 2 4 8 16 32 40 72 104 105 210 420 b
1 2 4 8 16 32 40 72 104 106 210 420 b
1 2 4 8 16 32 40 72 104 208 210 420 b
1 2 4 8 16 32 40 72 104 208 212 420 b
1 2 4 8 16 32 40 72 104 208 416 420 b
1 2 4 8 16 32 40 80 84 168 252 420 b
1 2 4 8 16 32 40 80 84 168 336 420 b
1 2 4 8 16 32 48 49 56 105 210 420 a
1 2 4 8 16 32 48 49 57 105 210 420 b
1 2 4 8 16 32 48 49 81 129 210 420 b
1 2 4 8 16 32 48 49 81 162 210 420 b
1 2 4 8 16 32 48 49 97 105 210 420 b
1 2 4 8 16 32 48 49 97 113 210 420 b
1 2 4 8 16 32 48 49 97 194 210 420 b
1 2 4 8 16 32 48 49 97 194 226 420 b
1 2 4 8 16 32 48 49 97 194 388 420 b
1 2 4 8 16 32 48 50 80 130 210 420 a
1 2 4 8 16 32 48 50 80 160 210 420 a
1 2 4 8 16 32 48 52 53 105 210 420 b
1 2 4 8 16 32 48 52 84 168 252 420 b
1 2 4 8 16 32 48 52 84 168 336 420 b
1 2 4 8 16 32 48 52 104 105 210 420 b
1 2 4 8 16 32 48 52 104 106 210 420 b
1 2 4 8 16 32 48 52 104 208 210 420 b
1 2 4 8 16 32 48 52 104 208 212 420 b
1 2 4 8 16 32 48 52 104 208 416 420 b
1 2 4 8 16 32 48 56 57 105 210 420 b
1 2 4 8 16 32 48 56 104 105 210 420 b
1 2 4 8 16 32 48 56 104 106 210 420 b
1 2 4 8 16 32 48 56 104 208 210 420 b
1 2 4 8 16 32 48 56 104 208 212 420 b
1 2 4 8 16 32 48 56 104 208 416 420 b
1 2 4 8 16 32 48 80 81 129 210 420 b
1 2 4 8 16 32 48 80 81 162 210 420 b
1 2 4 8 16 32 48 80 82 128 210 420 a
1 2 4 8 16 32 48 80 82 130 210 420 b
1 2 4 8 16 32 48 80 82 162 210 420 b
1 2 4 8 16 32 48 80 84 168 252 420 b
1 2 4 8 16 32 48 80 84 168 336 420 b
1 2 4 8 16 32 48 80 128 130 210 420 b
1 2 4 8 16 32 48 80 128 208 210 420 b
1 2 4 8 16 32 48 80 128 208 212 420 b
1 2 4 8 16 32 48 80 128 208 416 420 b
1 2 4 8 16 32 48 80 160 162 210 420 b
1 2 4 8 16 32 48 80 160 208 210 420 b
1 2 4 8 16 32 48 80 160 208 212 420 b
1 2 4 8 16 32 48 80 160 208 416 420 b
1 2 4 8 16 32 48 96 97 105 210 420 b
1 2 4 8 16 32 48 96 97 113 210 420 b
1 2 4 8 16 32 48 96 97 194 210 420 b
1 2 4 8 16 32 48 96 97 194 226 420 b
1 2 4 8 16 32 48 96 97 194 388 420 b
1 2 4 8 16 32 48 96 98 112 210 420 a
1 2 4 8 16 32 48 96 98 114 210 420 b
1 2 4 8 16 32 48 96 98 194 210 420 b
1 2 4 8 16 32 48 96 98 194 226 420 b
1 2 4 8 16 32 48 96 98 194 388 420 b
1 2 4 8 16 32 48 96 104 105 210 420 b
1 2 4 8 16 32 48 96 104 106 210 420 b
1 2 4 8 16 32 48 96 104 208 210 420 b
1 2 4 8 16 32 48 96 104 208 212 420 b
1 2 4 8 16 32 48 96 104 208 416 420 b
1 2 4 8 16 32 48 96 112 114 210 420 b
1 2 4 8 16 32 48 96 112 208 210 420 b
1 2 4 8 16 32 48 96 112 208 212 420 b
1 2 4 8 16 32 48 96 112 208 416 420 b
1 2 4 8 16 32 48 96 192 194 210 420 b
1 2 4 8 16 32 48 96 192 194 226 420 b
1 2 4 8 16 32 48 96 192 194 388 420 b
1 2 4 8 16 32 48 96 192 196 224 420 a
1 2 4 8 16 32 48 96 192 196 228 420 b
1 2 4 8 16 32 48 96 192 196 388 420 b
1 2 4 8 16 32 48 96 192 208 210 420 b
1 2 4 8 16 32 48 96 192 208 212 420 b
1 2 4 8 16 32 48 96 192 208 416 420 b
1 2 4 8 16 32 48 96 192 224 228 420 b
1 2 4 8 16 32 48 96 192 224 416 420 b
1 2 4 8 16 32 48 96 192 384 388 420 b
1 2 4 8 16 32 48 96 192 384 416 420 b
1 2 4 8 16 32 64 65 73 105 210 420 b
1 2 4 8 16 32 64 65 73 137 210 420 b
1 2 4 8 16 32 64 65 73 146 210 420 b
1 2 4 8 16 32 64 65 80 130 210 420 a
1 2 4 8 16 32 64 65 80 145 210 420 a
1 2 4 8 16 32 64 65 81 129 210 420 a
1 2 4 8 16 32 64 65 81 145 210 420 b
1 2 4 8 16 32 64 65 81 146 210 420 b
1 2 4 8 16 32 64 65 97 105 210 420 b
1 2 4 8 16 32 64 65 97 113 210 420 b
1 2 4 8 16 32 64 65 97 194 210 420 b
1 2 4 8 16 32 64 65 97 194 226 420 b
1 2 4 8 16 32 64 65 97 194 388 420 b
1 2 4 8 16 32 64 65 129 145 210 420 b
1 2 4 8 16 32 64 65 129 194 210 420 b
1 2 4 8 16 32 64 65 129 194 226 420 b
1 2 4 8 16 32 64 65 129 194 388 420 b
1 2 4 8 16 32 64 65 130 146 210 420 b
1 2 4 8 16 32 64 65 130 194 210 420 b
1 2 4 8 16 32 64 65 130 194 226 420 b
1 2 4 8 16 32 64 65 130 194 388 420 b
1 2 4 8 16 32 64 66 70 140 210 420 b
1 2 4 8 16 32 64 66 70 140 280 420 b
1 2 4 8 16 32 64 66 72 138 210 420 a
1 2 4 8 16 32 64 66 72 144 210 420 a
1 2 4 8 16 32 64 66 74 140 280 420 b
1 2 4 8 16 32 64 66 80 130 210 420 a
1 2 4 8 16 32 64 66 80 144 210 420 a
1 2 4 8 16 32 64 66 80 146 210 420 a
1 2 4 8 16 32 64 66 82 128 210 420 a
1 2 4 8 16 32 64 66 82 146 210 420 b
1 2 4 8 16 32 64 66 96 162 258 420 a
1 2 4 8 16 32 64 66 96 162 324 420 a
1 2 4 8 16 32 64 66 128 144 210 420 a
1 2 4 8 16 32 64 66 128 194 210 420 a
1 2 4 8 16 32 64 66 128 194 226 420 a
1 2 4 8 16 32 64 66 128 194 388 420 a
1 2 4 8 16 32 64 66 130 146 210 420 b
1 2 4 8 16 32 64 66 130 194 210 420 b
1 2 4 8 16 32 64 66 130 194 226 420 b
1 2 4 8 16 32 64 66 130 194 388 420 b
1 2 4 8 16 32 64 66 132 140 280 420 b
1 2 4 8 16 32 64 68 70 140 210 420 b
1 2 4 8 16 32 64 68 70 140 280 420 b
1 2 4 8 16 32 64 68 72 140 280 420 b
1 2 4 8 16 32 64 68 76 140 280 420 b
1 2 4 8 16 32 64 68 84 168 252 420 b
1 2 4 8 16 32 64 68 84 168 336 420 b
1 2 4 8 16 32 64 68 132 140 280 420 b
1 2 4 8 16 32 64 68 136 140 280 420 b
1 2 4 8 16 32 64 72 73 105 210 420 b
1 2 4 8 16 32 64 72 73 137 210 420 b
1 2 4 8 16 32 64 72 73 146 210 420 b
1 2 4 8 16 32 64 72 74 136 210 420 a
1 2 4 8 16 32 64 72 74 138 210 420 b
1 2 4 8 16 32 64 72 74 146 210 420 b
1 2 4 8 16 32 64 72 76 140 280 420 b
1 2 4 8 16 32 64 72 104 105 210 420 b
1 2 4 8 16 32 64 72 104 106 210 420 b
1 2 4 8 16 32 64 72 104 208 210 420 b
1 2 4 8 16 32 64 72 104 208 212 420 b
1 2 4 8 16 32 64 72 104 208 416 420 b
1 2 4 8 16 32 64 72 136 138 210 420 b
1 2 4 8 16 32 64 72 136 140 280 420 b
1 2 4 8 16 32 64 72 136 208 210 420 b
1 2 4 8 16 32 64 72 136 208 212 420 b
1 2 4 8 16 32 64 72 136 208 416 420 b
1 2 4 8 16 32 64 72 144 146 210 420 b
1 2 4 8 16 32 64 72 144 208 210 420 b
1 2 4 8 16 32 64 72 144 208 212 420 b
1 2 4 8 16 32 64 72 144 208 416 420 b
1 2 4 8 16 32 64 80 82 128 210 420 a
1 2 4 8 16 32 64 80 82 146 210 420 b
1 2 4 8 16 32 64 80 84 168 252 420 b
1 2 4 8 16 32 64 80 84 168 336 420 b
1 2 4 8 16 32 64 80 128 130 210 420 a
1 2 4 8 16 32 64 80 128 208 210 420 a
1 2 4 8 16 32 64 80 128 208 212 420 a
1 2 4 8 16 32 64 80 128 208 416 420 a
1 2 4 8 16 32 64 80 144 146 210 420 b
1 2 4 8 16 32 64 80 144 208 210 420 b
1 2 4 8 16 32 64 80 144 208 212 420 b
1 2 4 8 16 32 64 80 144 208 416 420 b
1 2 4 8 16 32 64 96 97 105 210 420 b
1 2 4 8 16 32 64 96 97 113 210 420 b
1 2 4 8 16 32 64 96 97 194 210 420 b
1 2 4 8 16 32 64 96 97 194 226 420 b
1 2 4 8 16 32 64 96 97 194 388 420 b
1 2 4 8 16 32 64 96 98 112 210 420 a
1 2 4 8 16 32 64 96 98 114 210 420 b
1 2 4 8 16 32 64 96 98 162 258 420 b
1 2 4 8 16 32 64 96 98 162 324 420 b
1 2 4 8 16 32 64 96 98 194 210 420 b
1 2 4 8 16 32 64 96 98 194 226 420 b
1 2 4 8 16 32 64 96 98 194 388 420 b
1 2 4 8 16 32 64 96 100 160 260 420 a
1 2 4 8 16 32 64 96 100 160 320 420 a
1 2 4 8 16 32 64 96 104 105 210 420 b
1 2 4 8 16 32 64 96 104 106 210 420 b
1 2 4 8 16 32 64 96 104 208 210 420 b
1 2 4 8 16 32 64 96 104 208 212 420 b
1 2 4 8 16 32 64 96 104 208 416 420 b
1 2 4 8 16 32 64 96 112 114 210 420 b
1 2 4 8 16 32 64 96 112 208 210 420 b
1 2 4 8 16 32 64 96 112 208 212 420 b
1 2 4 8 16 32 64 96 112 208 416 420 b
1 2 4 8 16 32 64 96 160 162 258 420 b
1 2 4 8 16 32 64 96 160 162 324 420 b
1 2 4 8 16 32 64 96 160 164 256 420 a
1 2 4 8 16 32 64 96 160 164 260 420 b
1 2 4 8 16 32 64 96 160 164 324 420 b
1 2 4 8 16 32 64 96 160 256 260 420 b
1 2 4 8 16 32 64 96 160 256 416 420 b
1 2 4 8 16 32 64 96 160 320 324 420 b
1 2 4 8 16 32 64 96 160 320 416 420 b
1 2 4 8 16 32 64 96 192 194 210 420 b
1 2 4 8 16 32 64 96 192 194 226 420 b
1 2 4 8 16 32 64 96 192 194 388 420 b
1 2 4 8 16 32 64 96 192 196 224 420 a
1 2 4 8 16 32 64 96 192 196 228 420 b
1 2 4 8 16 32 64 96 192 196 388 420 b
1 2 4 8 16 32 64 96 192 208 210 420 b
1 2 4 8 16 32 64 96 192 208 212 420 b
1 2 4 8 16 32 64 96 192 208 416 420 b
1 2 4 8 16 32 64 96 192 224 228 420 b
1 2 4 8 16 32 64 96 192 224 416 420 b
1 2 4 8 16 32 64 96 192 384 388 420 b
1 2 4 8 16 32 64 96 192 384 416 420 b
1 2 4 8 16 32 64 128 130 146 210 420 b
1 2 4 8 16 32 64 128 130 146 274 420 b
1 2 4 8 16 32 64 128 130 146 292 420 b
1 2 4 8 16 32 64 128 130 160 260 420 a
1 2 4 8 16 32 64 128 130 160 290 420 a
1 2 4 8 16 32 64 128 130 162 258 420 a
1 2 4 8 16 32 64 128 130 162 290 420 b
1 2 4 8 16 32 64 128 130 162 292 420 b
1 2 4 8 16 32 64 128 130 194 210 420 b
1 2 4 8 16 32 64 128 130 194 226 420 b
1 2 4 8 16 32 64 128 130 194 388 420 b
1 2 4 8 16 32 64 128 130 258 290 420 b
1 2 4 8 16 32 64 128 130 258 388 420 b
1 2 4 8 16 32 64 128 130 260 292 420 b
1 2 4 8 16 32 64 128 130 260 388 420 b
1 2 4 8 16 32 64 128 132 140 280 420 b
1 2 4 8 16 32 64 128 132 144 276 420 a
1 2 4 8 16 32 64 128 132 144 288 420 a
1 2 4 8 16 32 64 128 132 160 260 420 a
1 2 4 8 16 32 64 128 132 160 288 420 a
1 2 4 8 16 32 64 128 132 160 292 420 a
1 2 4 8 16 32 64 128 132 164 256 420 a
1 2 4 8 16 32 64 128 132 164 292 420 b
1 2 4 8 16 32 64 128 132 256 288 420 a
1 2 4 8 16 32 64 128 132 256 388 420 a
1 2 4 8 16 32 64 128 132 260 292 420 b
1 2 4 8 16 32 64 128 132 260 388 420 b
1 2 4 8 16 32 64 128 136 140 280 420 b
1 2 4 8 16 32 64 128 144 146 210 420 b
1 2 4 8 16 32 64 128 144 146 274 420 b
1 2 4 8 16 32 64 128 144 146 292 420 b
1 2 4 8 16 32 64 128 144 148 272 420 a
1 2 4 8 16 32 64 128 144 148 276 420 b
1 2 4 8 16 32 64 128 144 148 292 420 b
1 2 4 8 16 32 64 128 144 208 210 420 b
1 2 4 8 16 32 64 128 144 208 212 420 b
1 2 4 8 16 32 64 128 144 208 416 420 b
1 2 4 8 16 32 64 128 144 272 276 420 b
1 2 4 8 16 32 64 128 144 272 416 420 b
1 2 4 8 16 32 64 128 144 288 292 420 b
1 2 4 8 16 32 64 128 144 288 416 420 b
1 2 4 8 16 32 64 128 160 164 256 420 a
1 2 4 8 16 32 64 128 160 164 292 420 b
1 2 4 8 16 32 64 128 160 256 260 420 a
1 2 4 8 16 32 64 128 160 256 416 420 a
1 2 4 8 16 32 64 128 160 288 292 420 b
1 2 4 8 16 32 64 128 160 288 416 420 b
1 2 4 8 16 32 64 128 192 194 210 420 b
1 2 4 8 16 32 64 128 192 194 226 420 b
1 2 4 8 16 32 64 128 192 194 388 420 b
1 2 4 8 16 32 64 128 192 196 224 420 a
1 2 4 8 16 32 64 128 192 196 228 420 b
1 2 4 8 16 32 64 128 192 196 388 420 b
1 2 4 8 16 32 64 128 192 208 210 420 b
1 2 4 8 16 32 64 128 192 208 212 420 b
1 2 4 8 16 32 64 128 192 208 416 420 b
1 2 4 8 16 32 64 128 192 224 228 420 b
1 2 4 8 16 32 64 128 192 224 416 420 b
1 2 4 8 16 32 64 128 192 384 388 420 b
1 2 4 8 16 32 64 128 192 384 416 420 b
1 2 4 8 16 32 64 128 256 260 292 420 b
1 2 4 8 16 32 64 128 256 260 388 420 b
1 2 4 8 16 32 64 128 256 288 292 420 b
1 2 4 8 16 32 64 128 256 288 416 420 b
1 2 4 8 16 32 64 128 256 384 388 420 b
1 2 4 8 16 32 64 128 256 384 416 420 b
