1 2 3 6 9 18 27 54 108 216 243 459 b
1 2 3 6 9 18 27 54 108 216 432 459 b
1 2 3 6 9 18 36 72 81 153 306 459 b
1 2 3 6 9 18 36 72 144 153 306 459 b
1 2 3 6 12 15 27 54 108 216 243 459 b
1 2 3 6 12 15 27 54 108 216 432 459 b
1 2 3 6 12 24 27 51 102 153 306 459 b
1 2 3 6 12 24 27 51 102 204 255 459 b
1 2 3 6 12 24 27 51 102 204 408 459 b
1 2 3 6 12 24 27 54 108 216 243 459 b
1 2 3 6 12 24 27 54 108 216 432 459 b
1 2 3 6 12 24 48 51 102 153 306 459 b
1 2 3 6 12 24 48 51 102 204 255 459 b
1 2 3 6 12 24 48 51 102 204 408 459 b
1 2 4 5 9 18 27 54 108 216 243 459 b
1 2 4 5 9 18 27 54 108 216 432 459 b
1 2 4 5 9 18 36 72 81 153 306 459 b
1 2 4 5 9 18 36 72 144 153 306 459 b
1 2 4 8 9 17 34 51 102 153 306 459 b
1 2 4 8 9 17 34 51 102 204 255 459 b
1 2 4 8 9 17 34 51 102 204 408 459 b
1 2 4 8 9 17 34 68 85 153 306 459 b
1 2 4 8 9 17 34 68 136 153 306 459 b
1 2 4 8 9 18 27 54 108 216 243 459 b
1 2 4 8 9 18 27 54 108 216 432 459 b
1 2 4 8 9 18 36 72 81 153 306 459 b
1 2 4 8 9 18 36 72 144 153 306 459 b
1 2 4 8 16 17 34 51 102 153 306 459 b
1 2 4 8 16 17 34 51 102 204 255 459 b
1 2 4 8 16 17 34 51 102 204 408 459 b
1 2 4 8 16 17 34 68 85 153 306 459 b
1 2 4 8 16 17 34 68 136 153 306 459 b
