1 2 3 4 7 11 18 29 58 116 232 243 475 b
1 2 3 4 7 11 18 29 58 116 232 464 475 b
1 2 3 4 7 11 22 29 58 116 232 243 475 b
1 2 3 4 7 11 22 29 58 116 232 464 475 b
1 2 3 4 7 11 22 44 51 95 190 285 475 b
1 2 3 4 7 11 22 44 51 95 190 380 475 b
1 2 3 4 7 11 22 44 88 95 190 285 475 b
1 2 3 4 7 11 22 44 88 95 190 380 475 b
1 2 3 4 7 14 28 31 59 118 236 239 475 b
1 2 3 4 7 14 28 31 59 118 236 472 475 b
1 2 3 4 7 14 28 56 59 118 236 239 475 b
1 2 3 4 7 14 28 56 59 118 236 472 475 b
1 2 3 4 8 11 19 38 57 95 190 285 475 b
1 2 3 4 8 11 19 38 57 95 190 380 475 b
1 2 3 4 8 11 19 38 57 114 228 247 475 b
1 2 3 4 8 11 19 38 57 114 228 456 475 b
1 2 3 4 8 11 19 38 76 95 190 285 475 b
1 2 3 4 8 11 19 38 76 95 190 380 475 b
1 2 3 4 8 11 19 38 76 114 228 247 475 b
1 2 3 4 8 11 19 38 76 114 228 456 475 b
1 2 3 4 8 11 19 38 76 152 171 304 475 a
1 2 3 4 8 11 19 38 76 152 171 323 475 b
1 2 3 4 8 11 19 38 76 152 228 247 475 b
1 2 3 4 8 11 19 38 76 152 228 456 475 b
1 2 3 4 8 11 19 38 76 152 304 323 475 b
1 2 3 4 8 11 19 38 76 152 304 456 475 b
1 2 3 4 8 16 19 38 57 95 190 285 475 b
1 2 3 4 8 16 19 38 57 95 190 380 475 b
1 2 3 4 8 16 19 38 57 114 228 247 475 b
1 2 3 4 8 16 19 38 57 114 228 456 475 b
1 2 3 4 8 16 19 38 76 95 190 285 475 b
1 2 3 4 8 16 19 38 76 95 190 380 475 b
1 2 3 4 8 16 19 38 76 114 228 247 475 b
1 2 3 4 8 16 19 38 76 114 228 456 475 b
1 2 3 4 8 16 19 38 76 152 171 304 475 a
1 2 3 4 8 16 19 38 76 152 171 323 475 b
1 2 3 4 8 16 19 38 76 152 228 247 475 b
1 2 3 4 8 16 19 38 76 152 228 456 475 b
1 2 3 4 8 16 19 38 76 152 304 323 475 b
1 2 3 4 8 16 19 38 76 152 304 456 475 b
1 2 3 4 8 16 32 35 67 102 204 271 475 b
1 2 3 4 8 16 32 35 67 102 204 408 475 b
1 2 3 5 7 12 19 38 57 95 190 285 475 b
1 2 3 5 7 12 19 38 57 95 190 380 475 b
1 2 3 5 7 12 19 38 57 114 228 247 475 b
1 2 3 5 7 12 19 38 57 114 228 456 475 b
1 2 3 5 7 12 19 38 76 95 190 285 475 b
1 2 3 5 7 12 19 38 76 95 190 380 475 b
1 2 3 5 7 12 19 38 76 114 228 247 475 b
1 2 3 5 7 12 19 38 76 114 228 456 475 b
1 2 3 5 7 12 19 38 76 152 171 304 475 a
1 2 3 5 7 12 19 38 76 152 171 323 475 b
1 2 3 5 7 12 19 38 76 152 228 247 475 b
1 2 3 5 7 12 19 38 76 152 228 456 475 b
1 2 3 5 7 12 19 38 76 152 304 323 475 b
1 2 3 5 7 12 19 38 76 152 304 456 475 b
1 2 3 5 7 14 19 38 57 95 190 285 475 b
1 2 3 5 7 14 19 38 57 95 190 380 475 b
1 2 3 5 7 14 19 38 57 114 228 247 475 b
1 2 3 5 7 14 19 38 57 114 228 456 475 b
1 2 3 5 7 14 19 38 76 95 190 285 475 b
1 2 3 5 7 14 19 38 76 95 190 380 475 b
1 2 3 5 7 14 19 38 76 114 228 247 475 b
1 2 3 5 7 14 19 38 76 114 228 456 475 b
1 2 3 5 7 14 19 38 76 152 171 304 475 a
1 2 3 5 7 14 19 38 76 152 171 323 475 b
1 2 3 5 7 14 19 38 76 152 228 247 475 b
1 2 3 5 7 14 19 38 76 152 228 456 475 b
1 2 3 5 7 14 19 38 76 152 304 323 475 b
1 2 3 5 7 14 19 38 76 152 304 456 475 b
1 2 3 5 7 14 28 31 59 118 236 239 475 b
1 2 3 5 7 14 28 31 59 118 236 472 475 b
1 2 3 5 7 14 28 56 59 118 236 239 475 b
1 2 3 5 7 14 28 56 59 118 236 472 475 b
1 2 3 5 7 14 28 56 61 117 234 241 475 b
1 2 3 5 7 14 28 56 61 117 234 468 475 b
1 2 3 5 7 14 28 56 112 117 234 241 475 b
1 2 3 5 7 14 28 56 112 117 234 468 475 b
1 2 3 5 8 11 19 38 57 95 190 285 475 b
1 2 3 5 8 11 19 38 57 95 190 380 475 b
1 2 3 5 8 11 19 38 57 114 228 247 475 b
1 2 3 5 8 11 19 38 57 114 228 456 475 b
1 2 3 5 8 11 19 38 76 95 190 285 475 b
1 2 3 5 8 11 19 38 76 95 190 380 475 b
1 2 3 5 8 11 19 38 76 114 228 247 475 b
1 2 3 5 8 11 19 38 76 114 228 456 475 b
1 2 3 5 8 11 19 38 76 152 171 304 475 a
1 2 3 5 8 11 19 38 76 152 171 323 475 b
1 2 3 5 8 11 19 38 76 152 228 247 475 b
1 2 3 5 8 11 19 38 76 152 228 456 475 b
1 2 3 5 8 11 19 38 76 152 304 323 475 b
1 2 3 5 8 11 19 38 76 152 304 456 475 b
1 2 3 5 8 16 19 38 57 95 190 285 475 b
1 2 3 5 8 16 19 38 57 95 190 380 475 b
1 2 3 5 8 16 19 38 57 114 228 247 475 b
1 2 3 5 8 16 19 38 57 114 228 456 475 b
1 2 3 5 8 16 19 38 76 95 190 285 475 b
1 2 3 5 8 16 19 38 76 95 190 380 475 b
1 2 3 5 8 16 19 38 76 114 228 247 475 b
1 2 3 5 8 16 19 38 76 114 228 456 475 b
1 2 3 5 8 16 19 38 76 152 171 304 475 a
1 2 3 5 8 16 19 38 76 152 171 323 475 b
1 2 3 5 8 16 19 38 76 152 228 247 475 b
1 2 3 5 8 16 19 38 76 152 228 456 475 b
1 2 3 5 8 16 19 38 76 152 304 323 475 b
1 2 3 5 8 16 19 38 76 152 304 456 475 b
1 2 3 5 8 16 21 37 58 95 190 285 475 b
1 2 3 5 8 16 21 37 58 95 190 380 475 b
1 2 3 5 8 16 21 37 74 95 190 285 475 b
1 2 3 5 8 16 21 37 74 95 190 380 475 b
1 2 3 5 8 16 32 35 67 102 204 271 475 b
1 2 3 5 8 16 32 35 67 102 204 408 475 b
1 2 3 5 10 11 21 42 53 95 190 285 475 b
1 2 3 5 10 11 21 42 53 95 190 380 475 b
1 2 3 5 10 11 21 42 84 95 190 285 475 b
1 2 3 5 10 11 21 42 84 95 190 380 475 b
1 2 3 5 10 13 23 36 59 95 190 285 475 b
1 2 3 5 10 13 23 36 59 95 190 380 475 b
1 2 3 5 10 13 23 36 59 118 236 239 475 b
1 2 3 5 10 13 23 36 59 118 236 472 475 b
1 2 3 5 10 13 23 36 72 95 190 285 475 b
1 2 3 5 10 13 23 36 72 95 190 380 475 b
1 2 3 5 10 13 23 46 49 95 190 285 475 b
1 2 3 5 10 13 23 46 49 95 190 380 475 b
1 2 3 5 10 13 23 46 59 118 236 239 475 b
1 2 3 5 10 13 23 46 59 118 236 472 475 b
1 2 3 5 10 13 23 46 92 95 190 285 475 b
1 2 3 5 10 13 23 46 92 95 190 380 475 b
1 2 3 5 10 13 23 46 92 97 189 286 475 b
1 2 3 5 10 13 23 46 92 97 189 378 475 b
1 2 3 5 10 15 20 35 55 110 220 255 475 b
1 2 3 5 10 15 20 35 55 110 220 440 475 b
1 2 3 5 10 15 20 40 55 95 190 285 475 b
1 2 3 5 10 15 20 40 55 95 190 380 475 b
1 2 3 5 10 15 20 40 80 95 190 285 475 b
1 2 3 5 10 15 20 40 80 95 190 380 475 b
1 2 3 5 10 15 25 35 60 95 190 285 475 b
1 2 3 5 10 15 25 35 60 95 190 380 475 b
1 2 3 5 10 15 25 35 70 95 190 285 475 b
1 2 3 5 10 15 25 35 70 95 190 380 475 b
1 2 3 5 10 15 25 40 55 95 190 285 475 b
1 2 3 5 10 15 25 40 55 95 190 380 475 b
1 2 3 5 10 15 25 40 80 95 190 285 475 b
1 2 3 5 10 15 25 40 80 95 190 380 475 b
1 2 3 5 10 15 25 40 80 105 185 290 475 b
1 2 3 5 10 15 25 40 80 105 185 370 475 b
1 2 3 5 10 15 25 50 55 105 210 265 475 b
1 2 3 5 10 15 25 50 55 105 210 420 475 b
1 2 3 5 10 15 25 50 65 115 180 295 475 b
1 2 3 5 10 15 25 50 65 115 180 360 475 b
1 2 3 5 10 15 25 50 65 115 230 245 475 b
1 2 3 5 10 15 25 50 65 115 230 460 475 b
1 2 3 5 10 15 25 50 75 100 200 275 475 b
1 2 3 5 10 15 25 50 75 100 200 400 475 b
1 2 3 5 10 15 25 50 75 125 175 300 475 b
1 2 3 5 10 15 25 50 75 125 175 350 475 b
1 2 3 5 10 15 25 50 75 125 200 275 475 b
1 2 3 5 10 15 25 50 75 125 200 400 475 b
1 2 3 5 10 15 25 50 75 150 175 300 475 a
1 2 3 5 10 15 25 50 75 150 175 325 475 b
1 2 3 5 10 15 25 50 75 150 200 275 475 b
1 2 3 5 10 15 25 50 75 150 200 400 475 b
1 2 3 5 10 15 25 50 75 150 225 250 475 b
1 2 3 5 10 15 25 50 75 150 225 450 475 b
1 2 3 5 10 15 25 50 75 150 300 325 475 b
1 2 3 5 10 15 25 50 75 150 300 450 475 b
1 2 3 5 10 15 25 50 100 115 230 245 475 b
1 2 3 5 10 15 25 50 100 115 230 460 475 b
1 2 3 5 10 15 25 50 100 125 175 300 475 b
1 2 3 5 10 15 25 50 100 125 175 350 475 b
1 2 3 5 10 15 25 50 100 125 225 250 475 b
1 2 3 5 10 15 25 50 100 125 225 350 475 b
1 2 3 5 10 15 25 50 100 125 225 450 475 b
1 2 3 5 10 15 25 50 100 125 250 350 475 b
1 2 3 5 10 15 25 50 100 125 250 375 475 b
1 2 3 5 10 15 25 50 100 150 175 300 475 a
1 2 3 5 10 15 25 50 100 150 175 325 475 b
1 2 3 5 10 15 25 50 100 150 300 325 475 b
1 2 3 5 10 15 25 50 100 150 300 450 475 b
1 2 3 5 10 15 25 50 100 200 225 250 475 b
1 2 3 5 10 15 25 50 100 200 225 275 475 b
1 2 3 5 10 15 25 50 100 200 225 425 475 b
1 2 3 5 10 15 25 50 100 200 225 450 475 b
1 2 3 5 10 15 25 50 100 200 250 275 475 b
1 2 3 5 10 15 25 50 100 200 250 450 475 b
1 2 3 5 10 15 25 50 100 200 400 425 475 b
1 2 3 5 10 15 25 50 100 200 400 450 475 b
1 2 3 5 10 15 30 35 60 95 190 285 475 a
1 2 3 5 10 15 30 35 60 95 190 380 475 a
1 2 3 5 10 15 30 35 65 95 190 285 475 b
1 2 3 5 10 15 30 35 65 95 190 380 475 b
1 2 3 5 10 15 30 40 55 95 190 285 475 b
1 2 3 5 10 15 30 40 55 95 190 380 475 b
1 2 3 5 10 15 30 40 80 95 190 285 475 b
1 2 3 5 10 15 30 40 80 95 190 380 475 b
1 2 3 5 10 15 30 45 50 95 190 285 475 b
1 2 3 5 10 15 30 45 50 95 190 380 475 b
1 2 3 5 10 15 30 45 90 95 190 285 475 b
1 2 3 5 10 15 30 45 90 95 190 380 475 b
1 2 3 5 10 15 30 60 65 95 190 285 475 b
1 2 3 5 10 15 30 60 65 95 190 380 475 b
1 2 3 5 10 15 30 60 90 95 190 285 475 b
1 2 3 5 10 15 30 60 90 95 190 380 475 b
1 2 3 5 10 20 23 40 63 103 206 269 475 a
1 2 3 5 10 20 23 40 63 103 206 412 475 a
1 2 3 5 10 20 23 46 49 95 190 285 475 b
1 2 3 5 10 20 23 46 49 95 190 380 475 b
1 2 3 5 10 20 23 46 92 95 190 285 475 b
1 2 3 5 10 20 23 46 92 95 190 380 475 b
1 2 3 5 10 20 23 46 92 97 189 286 475 b
1 2 3 5 10 20 23 46 92 97 189 378 475 b
1 2 3 5 10 20 25 35 55 110 220 255 475 b
1 2 3 5 10 20 25 35 55 110 220 440 475 b
1 2 3 5 10 20 25 35 60 95 190 285 475 b
1 2 3 5 10 20 25 35 60 95 190 380 475 b
1 2 3 5 10 20 25 35 70 95 190 285 475 b
1 2 3 5 10 20 25 35 70 95 190 380 475 b
1 2 3 5 10 20 25 40 80 105 185 290 475 a
1 2 3 5 10 20 25 40 80 105 185 370 475 a
1 2 3 5 10 20 25 45 50 95 190 285 475 b
1 2 3 5 10 20 25 45 50 95 190 380 475 b
1 2 3 5 10 20 25 45 70 95 190 285 475 b
1 2 3 5 10 20 25 45 70 95 190 380 475 b
1 2 3 5 10 20 25 45 90 95 190 285 475 b
1 2 3 5 10 20 25 45 90 95 190 380 475 b
1 2 3 5 10 20 25 45 90 115 180 295 475 a
1 2 3 5 10 20 25 45 90 115 180 360 475 a
1 2 3 5 10 20 25 45 90 135 225 250 475 b
1 2 3 5 10 20 25 45 90 135 225 450 475 b
1 2 3 5 10 20 25 45 90 180 205 270 475 a
1 2 3 5 10 20 25 45 90 180 205 295 475 b
1 2 3 5 10 20 25 45 90 180 205 385 475 b
1 2 3 5 10 20 25 45 90 180 225 250 475 b
1 2 3 5 10 20 25 45 90 180 225 450 475 b
1 2 3 5 10 20 25 45 90 180 270 295 475 b
1 2 3 5 10 20 25 45 90 180 270 450 475 b
1 2 3 5 10 20 25 45 90 180 360 385 475 b
1 2 3 5 10 20 25 45 90 180 360 450 475 b
1 2 3 5 10 20 25 50 55 105 210 265 475 b
1 2 3 5 10 20 25 50 55 105 210 420 475 b
1 2 3 5 10 20 25 50 70 95 190 285 475 b
1 2 3 5 10 20 25 50 70 95 190 380 475 b
1 2 3 5 10 20 25 50 75 95 190 285 475 b
1 2 3 5 10 20 25 50 75 95 190 380 475 b
1 2 3 5 10 20 25 50 75 100 200 275 475 b
1 2 3 5 10 20 25 50 75 100 200 400 475 b
1 2 3 5 10 20 25 50 75 125 175 300 475 b
1 2 3 5 10 20 25 50 75 125 175 350 475 b
1 2 3 5 10 20 25 50 75 125 200 275 475 b
1 2 3 5 10 20 25 50 75 125 200 400 475 b
1 2 3 5 10 20 25 50 75 150 175 300 475 a
1 2 3 5 10 20 25 50 75 150 175 325 475 b
1 2 3 5 10 20 25 50 75 150 200 275 475 b
1 2 3 5 10 20 25 50 75 150 200 400 475 b
1 2 3 5 10 20 25 50 75 150 225 250 475 b
1 2 3 5 10 20 25 50 75 150 225 450 475 b
1 2 3 5 10 20 25 50 75 150 300 325 475 b
1 2 3 5 10 20 25 50 75 150 300 450 475 b
1 2 3 5 10 20 25 50 100 125 175 300 475 b
1 2 3 5 10 20 25 50 100 125 175 350 475 b
1 2 3 5 10 20 25 50 100 125 225 250 475 b
1 2 3 5 10 20 25 50 100 125 225 350 475 b
1 2 3 5 10 20 25 50 100 125 225 450 475 b
1 2 3 5 10 20 25 50 100 125 250 350 475 b
1 2 3 5 10 20 25 50 100 125 250 375 475 b
1 2 3 5 10 20 25 50 100 150 175 300 475 a
1 2 3 5 10 20 25 50 100 150 175 325 475 b
1 2 3 5 10 20 25 50 100 150 300 325 475 b
1 2 3 5 10 20 25 50 100 150 300 450 475 b
1 2 3 5 10 20 25 50 100 200 225 250 475 b
1 2 3 5 10 20 25 50 100 200 225 275 475 b
1 2 3 5 10 20 25 50 100 200 225 425 475 b
1 2 3 5 10 20 25 50 100 200 225 450 475 b
1 2 3 5 10 20 25 50 100 200 250 275 475 b
1 2 3 5 10 20 25 50 100 200 250 450 475 b
1 2 3 5 10 20 25 50 100 200 400 425 475 b
1 2 3 5 10 20 25 50 100 200 400 450 475 b
1 2 3 5 10 20 30 35 55 110 220 255 475 b
1 2 3 5 10 20 30 35 55 110 220 440 475 b
1 2 3 5 10 20 30 35 60 95 190 285 475 a
1 2 3 5 10 20 30 35 60 95 190 380 475 a
1 2 3 5 10 20 30 35 65 95 190 285 475 b
1 2 3 5 10 20 30 35 65 95 190 380 475 b
1 2 3 5 10 20 30 50 55 105 210 265 475 b
1 2 3 5 10 20 30 50 55 105 210 420 475 b
1 2 3 5 10 20 30 60 65 95 190 285 475 b
1 2 3 5 10 20 30 60 65 95 190 380 475 b
1 2 3 5 10 20 30 60 90 95 190 285 475 b
1 2 3 5 10 20 30 60 90 95 190 380 475 b
1 2 3 5 10 20 40 43 63 103 206 269 475 b
1 2 3 5 10 20 40 43 63 103 206 412 475 b
1 2 3 5 10 20 40 43 83 103 186 289 475 b
1 2 3 5 10 20 40 43 83 103 186 372 475 b
1 2 3 5 10 20 40 45 50 95 190 285 475 b
1 2 3 5 10 20 40 45 50 95 190 380 475 b
1 2 3 5 10 20 40 45 55 95 190 285 475 b
1 2 3 5 10 20 40 45 55 95 190 380 475 b
1 2 3 5 10 20 40 45 85 95 190 285 475 b
1 2 3 5 10 20 40 45 85 95 190 380 475 b
1 2 3 5 10 20 40 45 85 130 215 260 475 b
1 2 3 5 10 20 40 45 85 130 215 345 475 b
1 2 3 5 10 20 40 45 85 130 215 430 475 b
1 2 3 5 10 20 40 45 85 130 260 345 475 b
1 2 3 5 10 20 40 45 85 130 260 390 475 b
1 2 3 5 10 20 40 45 85 170 215 260 475 b
1 2 3 5 10 20 40 45 85 170 215 430 475 b
1 2 3 5 10 20 40 45 90 95 190 285 475 b
1 2 3 5 10 20 40 45 90 95 190 380 475 b
1 2 3 5 10 20 40 50 55 95 190 285 475 b
1 2 3 5 10 20 40 50 55 95 190 380 475 b
1 2 3 5 10 20 40 50 55 105 210 265 475 b
1 2 3 5 10 20 40 50 55 105 210 420 475 b
1 2 3 5 10 20 40 50 90 95 190 285 475 b
1 2 3 5 10 20 40 50 90 95 190 380 475 b
1 2 3 5 10 20 40 60 63 103 206 269 475 b
1 2 3 5 10 20 40 60 63 103 206 412 475 b
1 2 3 5 10 20 40 80 83 103 186 289 475 b
1 2 3 5 10 20 40 80 83 103 186 372 475 b
1 2 3 5 10 20 40 80 85 95 190 285 475 b
1 2 3 5 10 20 40 80 85 95 190 380 475 b
1 2 3 5 10 20 40 80 85 105 185 290 475 b
1 2 3 5 10 20 40 80 85 105 185 370 475 b
1 2 3 5 10 20 40 80 90 95 190 285 475 b
1 2 3 5 10 20 40 80 90 95 190 380 475 b
1 2 3 5 10 20 40 80 100 105 185 290 475 b
1 2 3 5 10 20 40 80 100 105 185 370 475 b
1 2 3 6 7 12 19 38 57 95 190 285 475 a
1 2 3 6 7 12 19 38 57 95 190 380 475 a
1 2 3 6 7 12 19 38 57 114 228 247 475 a
1 2 3 6 7 12 19 38 57 114 228 456 475 a
1 2 3 6 7 12 19 38 76 95 190 285 475 a
1 2 3 6 7 12 19 38 76 95 190 380 475 a
1 2 3 6 7 12 19 38 76 114 228 247 475 a
1 2 3 6 7 12 19 38 76 114 228 456 475 a
1 2 3 6 7 12 19 38 76 152 171 304 475 a
1 2 3 6 7 12 19 38 76 152 171 323 475 a
1 2 3 6 7 12 19 38 76 152 228 247 475 a
1 2 3 6 7 12 19 38 76 152 228 456 475 a
1 2 3 6 7 12 19 38 76 152 304 323 475 a
1 2 3 6 7 12 19 38 76 152 304 456 475 a
1 2 3 6 7 13 19 38 57 95 190 285 475 b
1 2 3 6 7 13 19 38 57 95 190 380 475 b
1 2 3 6 7 13 19 38 57 114 228 247 475 b
1 2 3 6 7 13 19 38 57 114 228 456 475 b
1 2 3 6 7 13 19 38 76 95 190 285 475 b
1 2 3 6 7 13 19 38 76 95 190 380 475 b
1 2 3 6 7 13 19 38 76 114 228 247 475 b
1 2 3 6 7 13 19 38 76 114 228 456 475 b
1 2 3 6 7 13 19 38 76 152 171 304 475 a
1 2 3 6 7 13 19 38 76 152 171 323 475 b
1 2 3 6 7 13 19 38 76 152 228 247 475 b
1 2 3 6 7 13 19 38 76 152 228 456 475 b
1 2 3 6 7 13 19 38 76 152 304 323 475 b
1 2 3 6 7 13 19 38 76 152 304 456 475 b
1 2 3 6 7 13 26 33 59 118 236 239 475 b
1 2 3 6 7 13 26 33 59 118 236 472 475 b
1 2 3 6 7 13 26 39 78 117 234 241 475 b
1 2 3 6 7 13 26 39 78 117 234 468 475 b
1 2 3 6 7 13 26 39 78 156 163 312 475 a
1 2 3 6 7 13 26 39 78 156 163 319 475 b
1 2 3 6 7 13 26 39 78 156 234 241 475 b
1 2 3 6 7 13 26 39 78 156 234 468 475 b
1 2 3 6 7 13 26 39 78 156 312 319 475 b
1 2 3 6 7 13 26 39 78 156 312 468 475 b
1 2 3 6 7 13 26 52 59 104 208 267 475 a
1 2 3 6 7 13 26 52 59 104 208 416 475 a
1 2 3 6 7 13 26 52 59 118 236 239 475 b
1 2 3 6 7 13 26 52 59 118 236 472 475 b
1 2 3 6 7 13 26 52 65 117 234 241 475 b
1 2 3 6 7 13 26 52 65 117 234 468 475 b
1 2 3 6 7 13 26 52 78 156 163 312 475 a
1 2 3 6 7 13 26 52 78 156 163 319 475 b
1 2 3 6 7 13 26 52 78 156 234 241 475 b
1 2 3 6 7 13 26 52 78 156 234 468 475 b
1 2 3 6 7 13 26 52 78 156 312 319 475 b
1 2 3 6 7 13 26 52 78 156 312 468 475 b
1 2 3 6 7 13 26 52 104 117 234 241 475 b
1 2 3 6 7 13 26 52 104 117 234 468 475 b
1 2 3 6 7 13 26 52 104 130 234 241 475 b
1 2 3 6 7 13 26 52 104 130 234 468 475 b
1 2 3 6 7 13 26 52 104 156 163 312 475 a
1 2 3 6 7 13 26 52 104 156 163 319 475 b
1 2 3 6 7 13 26 52 104 156 312 319 475 b
1 2 3 6 7 13 26 52 104 156 312 468 475 b
1 2 3 6 7 13 26 52 104 208 215 260 475 a
1 2 3 6 7 13 26 52 104 208 215 267 475 b
1 2 3 6 7 13 26 52 104 208 215 423 475 b
1 2 3 6 7 13 26 52 104 208 234 241 475 b
1 2 3 6 7 13 26 52 104 208 234 468 475 b
1 2 3 6 7 13 26 52 104 208 260 267 475 b
1 2 3 6 7 13 26 52 104 208 260 468 475 b
1 2 3 6 7 13 26 52 104 208 416 423 475 b
1 2 3 6 7 13 26 52 104 208 416 468 475 b
1 2 3 6 7 14 28 31 59 118 236 239 475 b
1 2 3 6 7 14 28 31 59 118 236 472 475 b
1 2 3 6 7 14 28 56 59 118 236 239 475 b
1 2 3 6 7 14 28 56 59 118 236 472 475 b
1 2 3 6 7 14 28 56 62 118 236 239 475 b
1 2 3 6 7 14 28 56 62 118 236 472 475 b
1 2 3 6 7 14 28 56 112 118 236 239 475 b
1 2 3 6 7 14 28 56 112 118 236 472 475 b
1 2 3 6 8 11 19 38 57 95 190 285 475 b
1 2 3 6 8 11 19 38 57 95 190 380 475 b
1 2 3 6 8 11 19 38 57 114 228 247 475 b
1 2 3 6 8 11 19 38 57 114 228 456 475 b
1 2 3 6 8 11 19 38 76 95 190 285 475 b
1 2 3 6 8 11 19 38 76 95 190 380 475 b
1 2 3 6 8 11 19 38 76 114 228 247 475 b
1 2 3 6 8 11 19 38 76 114 228 456 475 b
1 2 3 6 8 11 19 38 76 152 171 304 475 a
1 2 3 6 8 11 19 38 76 152 171 323 475 b
1 2 3 6 8 11 19 38 76 152 228 247 475 b
1 2 3 6 8 11 19 38 76 152 228 456 475 b
1 2 3 6 8 11 19 38 76 152 304 323 475 b
1 2 3 6 8 11 19 38 76 152 304 456 475 b
1 2 3 6 8 14 28 31 59 118 236 239 475 b
1 2 3 6 8 14 28 31 59 118 236 472 475 b
1 2 3 6 8 14 28 56 59 118 236 239 475 b
1 2 3 6 8 14 28 56 59 118 236 472 475 b
1 2 3 6 8 14 28 56 62 118 236 239 475 b
1 2 3 6 8 14 28 56 62 118 236 472 475 b
1 2 3 6 8 14 28 56 112 118 236 239 475 b
1 2 3 6 8 14 28 56 112 118 236 472 475 b
1 2 3 6 8 16 19 38 57 95 190 285 475 b
1 2 3 6 8 16 19 38 57 95 190 380 475 b
1 2 3 6 8 16 19 38 57 114 228 247 475 b
1 2 3 6 8 16 19 38 57 114 228 456 475 b
1 2 3 6 8 16 19 38 76 95 190 285 475 b
1 2 3 6 8 16 19 38 76 95 190 380 475 b
1 2 3 6 8 16 19 38 76 114 228 247 475 b
1 2 3 6 8 16 19 38 76 114 228 456 475 b
1 2 3 6 8 16 19 38 76 152 171 304 475 a
1 2 3 6 8 16 19 38 76 152 171 323 475 b
1 2 3 6 8 16 19 38 76 152 228 247 475 b
1 2 3 6 8 16 19 38 76 152 228 456 475 b
1 2 3 6 8 16 19 38 76 152 304 323 475 b
1 2 3 6 8 16 19 38 76 152 304 456 475 b
1 2 3 6 8 16 32 35 67 102 204 271 475 b
1 2 3 6 8 16 32 35 67 102 204 408 475 b
1 2 3 6 9 10 19 38 57 95 190 285 475 b
1 2 3 6 9 10 19 38 57 95 190 380 475 b
1 2 3 6 9 10 19 38 57 114 228 247 475 b
1 2 3 6 9 10 19 38 57 114 228 456 475 b
1 2 3 6 9 10 19 38 76 95 190 285 475 b
1 2 3 6 9 10 19 38 76 95 190 380 475 b
1 2 3 6 9 10 19 38 76 114 228 247 475 b
1 2 3 6 9 10 19 38 76 114 228 456 475 b
1 2 3 6 9 10 19 38 76 152 171 304 475 a
1 2 3 6 9 10 19 38 76 152 171 323 475 b
1 2 3 6 9 10 19 38 76 152 228 247 475 b
1 2 3 6 9 10 19 38 76 152 228 456 475 b
1 2 3 6 9 10 19 38 76 152 304 323 475 b
1 2 3 6 9 10 19 38 76 152 304 456 475 b
1 2 3 6 9 11 18 29 58 116 232 243 475 a
1 2 3 6 9 11 18 29 58 116 232 464 475 a
1 2 3 6 9 11 20 29 58 116 232 243 475 b
1 2 3 6 9 11 20 29 58 116 232 464 475 b
1 2 3 6 9 18 19 38 57 95 190 285 475 b
1 2 3 6 9 18 19 38 57 95 190 380 475 b
1 2 3 6 9 18 19 38 57 114 228 247 475 b
1 2 3 6 9 18 19 38 57 114 228 456 475 b
1 2 3 6 9 18 19 38 76 95 190 285 475 b
1 2 3 6 9 18 19 38 76 95 190 380 475 b
1 2 3 6 9 18 19 38 76 114 228 247 475 b
1 2 3 6 9 18 19 38 76 114 228 456 475 b
1 2 3 6 9 18 19 38 76 152 171 304 475 a
1 2 3 6 9 18 19 38 76 152 171 323 475 b
1 2 3 6 9 18 19 38 76 152 228 247 475 b
1 2 3 6 9 18 19 38 76 152 228 456 475 b
1 2 3 6 9 18 19 38 76 152 304 323 475 b
1 2 3 6 9 18 19 38 76 152 304 456 475 b
1 2 3 6 9 18 27 28 56 112 224 251 475 b
1 2 3 6 9 18 27 28 56 112 224 448 475 b
1 2 3 6 9 18 27 29 56 112 224 251 475 b
1 2 3 6 9 18 27 29 56 112 224 448 475 b
1 2 3 6 9 18 27 54 56 112 224 251 475 b
1 2 3 6 9 18 27 54 56 112 224 448 475 b
1 2 3 6 9 18 36 37 73 146 183 292 475 a
1 2 3 6 9 18 36 37 73 146 183 329 475 b
1 2 3 6 9 18 36 37 73 146 219 256 475 b
1 2 3 6 9 18 36 37 73 146 219 438 475 b
1 2 3 6 9 18 36 37 73 146 292 329 475 b
1 2 3 6 9 18 36 37 73 146 292 438 475 b
1 2 3 6 12 13 19 38 57 95 190 285 475 b
1 2 3 6 12 13 19 38 57 95 190 380 475 b
1 2 3 6 12 13 19 38 57 114 228 247 475 b
1 2 3 6 12 13 19 38 57 114 228 456 475 b
1 2 3 6 12 13 19 38 76 95 190 285 475 b
1 2 3 6 12 13 19 38 76 95 190 380 475 b
1 2 3 6 12 13 19 38 76 114 228 247 475 b
1 2 3 6 12 13 19 38 76 114 228 456 475 b
1 2 3 6 12 13 19 38 76 152 171 304 475 a
1 2 3 6 12 13 19 38 76 152 171 323 475 b
1 2 3 6 12 13 19 38 76 152 228 247 475 b
1 2 3 6 12 13 19 38 76 152 228 456 475 b
1 2 3 6 12 13 19 38 76 152 304 323 475 b
1 2 3 6 12 13 19 38 76 152 304 456 475 b
1 2 3 6 12 13 25 50 75 100 200 275 475 b
1 2 3 6 12 13 25 50 75 100 200 400 475 b
1 2 3 6 12 13 25 50 75 125 175 300 475 b
1 2 3 6 12 13 25 50 75 125 175 350 475 b
1 2 3 6 12 13 25 50 75 125 200 275 475 b
1 2 3 6 12 13 25 50 75 125 200 400 475 b
1 2 3 6 12 13 25 50 75 150 175 300 475 a
1 2 3 6 12 13 25 50 75 150 175 325 475 b
1 2 3 6 12 13 25 50 75 150 200 275 475 b
1 2 3 6 12 13 25 50 75 150 200 400 475 b
1 2 3 6 12 13 25 50 75 150 225 250 475 b
1 2 3 6 12 13 25 50 75 150 225 450 475 b
1 2 3 6 12 13 25 50 75 150 300 325 475 b
1 2 3 6 12 13 25 50 75 150 300 450 475 b
1 2 3 6 12 13 25 50 100 125 175 300 475 b
1 2 3 6 12 13 25 50 100 125 175 350 475 b
1 2 3 6 12 13 25 50 100 125 225 250 475 b
1 2 3 6 12 13 25 50 100 125 225 350 475 b
1 2 3 6 12 13 25 50 100 125 225 450 475 b
1 2 3 6 12 13 25 50 100 125 250 350 475 b
1 2 3 6 12 13 25 50 100 125 250 375 475 b
1 2 3 6 12 13 25 50 100 150 175 300 475 a
1 2 3 6 12 13 25 50 100 150 175 325 475 b
1 2 3 6 12 13 25 50 100 150 300 325 475 b
1 2 3 6 12 13 25 50 100 150 300 450 475 b
1 2 3 6 12 13 25 50 100 200 225 250 475 b
1 2 3 6 12 13 25 50 100 200 225 275 475 b
1 2 3 6 12 13 25 50 100 200 225 425 475 b
1 2 3 6 12 13 25 50 100 200 225 450 475 b
1 2 3 6 12 13 25 50 100 200 250 275 475 b
1 2 3 6 12 13 25 50 100 200 250 450 475 b
1 2 3 6 12 13 25 50 100 200 400 425 475 b
1 2 3 6 12 13 25 50 100 200 400 450 475 b
1 2 3 6 12 14 26 52 66 118 236 239 475 b
1 2 3 6 12 14 26 52 66 118 236 472 475 b
1 2 3 6 12 14 26 52 104 118 236 239 475 b
1 2 3 6 12 14 26 52 104 118 236 472 475 b
1 2 3 6 12 14 28 31 59 118 236 239 475 b
1 2 3 6 12 14 28 31 59 118 236 472 475 b
1 2 3 6 12 14 28 56 59 118 236 239 475 b
1 2 3 6 12 14 28 56 59 118 236 472 475 b
1 2 3 6 12 14 28 56 62 118 236 239 475 b
1 2 3 6 12 14 28 56 62 118 236 472 475 b
1 2 3 6 12 14 28 56 112 118 236 239 475 b
1 2 3 6 12 14 28 56 112 118 236 472 475 b
1 2 3 6 12 14 28 56 112 124 236 239 475 b
1 2 3 6 12 14 28 56 112 124 236 472 475 b
1 2 3 6 12 14 28 56 112 224 236 239 475 b
1 2 3 6 12 14 28 56 112 224 236 472 475 b
1 2 3 6 12 15 27 28 56 112 224 251 475 b
1 2 3 6 12 15 27 28 56 112 224 448 475 b
1 2 3 6 12 15 27 29 56 112 224 251 475 b
1 2 3 6 12 15 27 29 56 112 224 448 475 b
1 2 3 6 12 15 27 54 56 112 224 251 475 b
1 2 3 6 12 15 27 54 56 112 224 448 475 b
1 2 3 6 12 18 19 38 57 95 190 285 475 b
1 2 3 6 12 18 19 38 57 95 190 380 475 b
1 2 3 6 12 18 19 38 57 114 228 247 475 b
1 2 3 6 12 18 19 38 57 114 228 456 475 b
1 2 3 6 12 18 19 38 76 95 190 285 475 b
1 2 3 6 12 18 19 38 76 95 190 380 475 b
1 2 3 6 12 18 19 38 76 114 228 247 475 b
1 2 3 6 12 18 19 38 76 114 228 456 475 b
1 2 3 6 12 18 19 38 76 152 171 304 475 a
1 2 3 6 12 18 19 38 76 152 171 323 475 b
1 2 3 6 12 18 19 38 76 152 228 247 475 b
1 2 3 6 12 18 19 38 76 152 228 456 475 b
1 2 3 6 12 18 19 38 76 152 304 323 475 b
1 2 3 6 12 18 19 38 76 152 304 456 475 b
1 2 3 6 12 18 36 37 73 146 183 292 475 a
1 2 3 6 12 18 36 37 73 146 183 329 475 b
1 2 3 6 12 18 36 37 73 146 219 256 475 b
1 2 3 6 12 18 36 37 73 146 219 438 475 b
1 2 3 6 12 18 36 37 73 146 292 329 475 b
1 2 3 6 12 18 36 37 73 146 292 438 475 b
1 2 3 6 12 24 25 50 75 100 200 275 475 b
1 2 3 6 12 24 25 50 75 100 200 400 475 b
1 2 3 6 12 24 25 50 75 125 175 300 475 b
1 2 3 6 12 24 25 50 75 125 175 350 475 b
1 2 3 6 12 24 25 50 75 125 200 275 475 b
1 2 3 6 12 24 25 50 75 125 200 400 475 b
1 2 3 6 12 24 25 50 75 150 175 300 475 a
1 2 3 6 12 24 25 50 75 150 175 325 475 b
1 2 3 6 12 24 25 50 75 150 200 275 475 b
1 2 3 6 12 24 25 50 75 150 200 400 475 b
1 2 3 6 12 24 25 50 75 150 225 250 475 b
1 2 3 6 12 24 25 50 75 150 225 450 475 b
1 2 3 6 12 24 25 50 75 150 300 325 475 b
1 2 3 6 12 24 25 50 75 150 300 450 475 b
1 2 3 6 12 24 25 50 100 125 175 300 475 b
1 2 3 6 12 24 25 50 100 125 175 350 475 b
1 2 3 6 12 24 25 50 100 125 225 250 475 b
1 2 3 6 12 24 25 50 100 125 225 350 475 b
1 2 3 6 12 24 25 50 100 125 225 450 475 b
1 2 3 6 12 24 25 50 100 125 250 350 475 b
1 2 3 6 12 24 25 50 100 125 250 375 475 b
1 2 3 6 12 24 25 50 100 150 175 300 475 a
1 2 3 6 12 24 25 50 100 150 175 325 475 b
1 2 3 6 12 24 25 50 100 150 300 325 475 b
1 2 3 6 12 24 25 50 100 150 300 450 475 b
1 2 3 6 12 24 25 50 100 200 225 250 475 b
1 2 3 6 12 24 25 50 100 200 225 275 475 b
1 2 3 6 12 24 25 50 100 200 225 425 475 b
1 2 3 6 12 24 25 50 100 200 225 450 475 b
1 2 3 6 12 24 25 50 100 200 250 275 475 b
1 2 3 6 12 24 25 50 100 200 250 450 475 b
1 2 3 6 12 24 25 50 100 200 400 425 475 b
1 2 3 6 12 24 25 50 100 200 400 450 475 b
1 2 3 6 12 24 27 28 56 112 224 251 475 b
1 2 3 6 12 24 27 28 56 112 224 448 475 b
1 2 3 6 12 24 27 29 56 112 224 251 475 b
1 2 3 6 12 24 27 29 56 112 224 448 475 b
1 2 3 6 12 24 27 51 53 106 212 263 475 b
1 2 3 6 12 24 27 51 53 106 212 424 475 b
1 2 3 6 12 24 27 54 56 112 224 251 475 b
1 2 3 6 12 24 27 54 56 112 224 448 475 b
1 2 3 6 12 24 36 37 73 146 183 292 475 a
1 2 3 6 12 24 36 37 73 146 183 329 475 b
1 2 3 6 12 24 36 37 73 146 219 256 475 b
1 2 3 6 12 24 36 37 73 146 219 438 475 b
1 2 3 6 12 24 36 37 73 146 292 329 475 b
1 2 3 6 12 24 36 37 73 146 292 438 475 b
1 2 3 6 12 24 48 51 53 106 212 263 475 b
1 2 3 6 12 24 48 51 53 106 212 424 475 b
1 2 4 5 7 11 18 29 58 116 232 243 475 b
1 2 4 5 7 11 18 29 58 116 232 464 475 b
1 2 4 5 7 11 22 29 58 116 232 243 475 b
1 2 4 5 7 11 22 29 58 116 232 464 475 b
1 2 4 5 7 11 22 44 51 95 190 285 475 b
1 2 4 5 7 11 22 44 51 95 190 380 475 b
1 2 4 5 7 11 22 44 88 95 190 285 475 b
1 2 4 5 7 11 22 44 88 95 190 380 475 b
1 2 4 5 7 12 19 38 57 95 190 285 475 b
1 2 4 5 7 12 19 38 57 95 190 380 475 b
1 2 4 5 7 12 19 38 57 114 228 247 475 b
1 2 4 5 7 12 19 38 57 114 228 456 475 b
1 2 4 5 7 12 19 38 76 95 190 285 475 b
1 2 4 5 7 12 19 38 76 95 190 380 475 b
1 2 4 5 7 12 19 38 76 114 228 247 475 b
1 2 4 5 7 12 19 38 76 114 228 456 475 b
1 2 4 5 7 12 19 38 76 152 171 304 475 a
1 2 4 5 7 12 19 38 76 152 171 323 475 b
1 2 4 5 7 12 19 38 76 152 228 247 475 b
1 2 4 5 7 12 19 38 76 152 228 456 475 b
1 2 4 5 7 12 19 38 76 152 304 323 475 b
1 2 4 5 7 12 19 38 76 152 304 456 475 b
1 2 4 5 7 14 19 38 57 95 190 285 475 b
1 2 4 5 7 14 19 38 57 95 190 380 475 b
1 2 4 5 7 14 19 38 57 114 228 247 475 b
1 2 4 5 7 14 19 38 57 114 228 456 475 b
1 2 4 5 7 14 19 38 76 95 190 285 475 b
1 2 4 5 7 14 19 38 76 95 190 380 475 b
1 2 4 5 7 14 19 38 76 114 228 247 475 b
1 2 4 5 7 14 19 38 76 114 228 456 475 b
1 2 4 5 7 14 19 38 76 152 171 304 475 a
1 2 4 5 7 14 19 38 76 152 171 323 475 b
1 2 4 5 7 14 19 38 76 152 228 247 475 b
1 2 4 5 7 14 19 38 76 152 228 456 475 b
1 2 4 5 7 14 19 38 76 152 304 323 475 b
1 2 4 5 7 14 19 38 76 152 304 456 475 b
1 2 4 5 7 14 28 56 61 117 234 241 475 b
1 2 4 5 7 14 28 56 61 117 234 468 475 b
1 2 4 5 7 14 28 56 112 117 234 241 475 b
1 2 4 5 7 14 28 56 112 117 234 468 475 b
1 2 4 5 8 16 21 37 58 95 190 285 475 a
1 2 4 5 8 16 21 37 58 95 190 380 475 a
1 2 4 5 8 16 21 37 74 95 190 285 475 a
1 2 4 5 8 16 21 37 74 95 190 380 475 a
1 2 4 5 9 10 19 38 57 95 190 285 475 b
1 2 4 5 9 10 19 38 57 95 190 380 475 b
1 2 4 5 9 10 19 38 57 114 228 247 475 b
1 2 4 5 9 10 19 38 57 114 228 456 475 b
1 2 4 5 9 10 19 38 76 95 190 285 475 b
1 2 4 5 9 10 19 38 76 95 190 380 475 b
1 2 4 5 9 10 19 38 76 114 228 247 475 b
1 2 4 5 9 10 19 38 76 114 228 456 475 b
1 2 4 5 9 10 19 38 76 152 171 304 475 a
1 2 4 5 9 10 19 38 76 152 171 323 475 b
1 2 4 5 9 10 19 38 76 152 228 247 475 b
1 2 4 5 9 10 19 38 76 152 228 456 475 b
1 2 4 5 9 10 19 38 76 152 304 323 475 b
1 2 4 5 9 10 19 38 76 152 304 456 475 b
1 2 4 5 9 11 18 29 58 116 232 243 475 a
1 2 4 5 9 11 18 29 58 116 232 464 475 a
1 2 4 5 9 11 20 29 58 116 232 243 475 b
1 2 4 5 9 11 20 29 58 116 232 464 475 b
1 2 4 5 9 14 19 38 57 95 190 285 475 b
1 2 4 5 9 14 19 38 57 95 190 380 475 b
1 2 4 5 9 14 19 38 57 114 228 247 475 b
1 2 4 5 9 14 19 38 57 114 228 456 475 b
1 2 4 5 9 14 19 38 76 95 190 285 475 b
1 2 4 5 9 14 19 38 76 95 190 380 475 b
1 2 4 5 9 14 19 38 76 114 228 247 475 b
1 2 4 5 9 14 19 38 76 114 228 456 475 b
1 2 4 5 9 14 19 38 76 152 171 304 475 a
1 2 4 5 9 14 19 38 76 152 171 323 475 b
1 2 4 5 9 14 19 38 76 152 228 247 475 b
1 2 4 5 9 14 19 38 76 152 228 456 475 b
1 2 4 5 9 14 19 38 76 152 304 323 475 b
1 2 4 5 9 14 19 38 76 152 304 456 475 b
1 2 4 5 9 14 23 46 92 97 189 286 475 b
1 2 4 5 9 14 23 46 92 97 189 378 475 b
1 2 4 5 9 14 28 56 65 121 177 298 475 b
1 2 4 5 9 14 28 56 65 121 177 354 475 b
1 2 4 5 9 14 28 56 112 121 177 298 475 b
1 2 4 5 9 14 28 56 112 121 177 354 475 b
1 2 4 5 9 14 28 56 112 121 233 242 475 b
1 2 4 5 9 14 28 56 112 121 233 354 475 b
1 2 4 5 9 14 28 56 112 121 233 466 475 b
1 2 4 5 9 14 28 56 112 121 242 354 475 b
1 2 4 5 9 14 28 56 112 121 242 363 475 b
1 2 4 5 9 14 28 56 112 224 233 242 475 b
1 2 4 5 9 14 28 56 112 224 233 466 475 b
1 2 4 5 9 18 19 38 57 95 190 285 475 b
1 2 4 5 9 18 19 38 57 95 190 380 475 b
1 2 4 5 9 18 19 38 57 114 228 247 475 b
1 2 4 5 9 18 19 38 57 114 228 456 475 b
1 2 4 5 9 18 19 38 76 95 190 285 475 b
1 2 4 5 9 18 19 38 76 95 190 380 475 b
1 2 4 5 9 18 19 38 76 114 228 247 475 b
1 2 4 5 9 18 19 38 76 114 228 456 475 b
1 2 4 5 9 18 19 38 76 152 171 304 475 a
1 2 4 5 9 18 19 38 76 152 171 323 475 b
1 2 4 5 9 18 19 38 76 152 228 247 475 b
1 2 4 5 9 18 19 38 76 152 228 456 475 b
1 2 4 5 9 18 19 38 76 152 304 323 475 b
1 2 4 5 9 18 19 38 76 152 304 456 475 b
1 2 4 5 9 18 23 36 59 95 190 285 475 a
1 2 4 5 9 18 23 36 59 95 190 380 475 a
1 2 4 5 9 18 23 36 72 95 190 285 475 a
1 2 4 5 9 18 23 36 72 95 190 380 475 a
1 2 4 5 9 18 23 46 92 97 189 286 475 b
1 2 4 5 9 18 23 46 92 97 189 378 475 b
1 2 4 5 9 18 27 28 56 112 224 251 475 b
1 2 4 5 9 18 27 28 56 112 224 448 475 b
1 2 4 5 9 18 27 29 56 112 224 251 475 b
1 2 4 5 9 18 27 29 56 112 224 448 475 b
1 2 4 5 9 18 27 45 50 95 190 285 475 b
1 2 4 5 9 18 27 45 50 95 190 380 475 b
1 2 4 5 9 18 27 45 90 95 190 285 475 b
1 2 4 5 9 18 27 45 90 95 190 380 475 b
1 2 4 5 9 18 27 54 56 112 224 251 475 b
1 2 4 5 9 18 27 54 56 112 224 448 475 b
1 2 4 5 9 18 27 54 58 112 224 251 475 b
1 2 4 5 9 18 27 54 58 112 224 448 475 b
1 2 4 5 9 18 27 54 108 112 224 251 475 b
1 2 4 5 9 18 27 54 108 112 224 448 475 b
1 2 4 5 9 18 36 37 73 146 183 292 475 a
1 2 4 5 9 18 36 37 73 146 183 329 475 b
1 2 4 5 9 18 36 37 73 146 219 256 475 b
1 2 4 5 9 18 36 37 73 146 219 438 475 b
1 2 4 5 9 18 36 37 73 146 292 329 475 b
1 2 4 5 9 18 36 37 73 146 292 438 475 b
1 2 4 5 9 18 36 41 54 95 190 285 475 a
1 2 4 5 9 18 36 41 54 95 190 380 475 a
1 2 4 5 9 18 36 41 59 95 190 285 475 b
1 2 4 5 9 18 36 41 59 95 190 380 475 b
1 2 4 5 9 18 36 41 77 95 190 285 475 b
1 2 4 5 9 18 36 41 77 95 190 380 475 b
1 2 4 5 9 18 36 45 50 95 190 285 475 b
1 2 4 5 9 18 36 45 50 95 190 380 475 b
1 2 4 5 9 18 36 45 90 95 190 285 475 b
1 2 4 5 9 18 36 45 90 95 190 380 475 b
1 2 4 5 9 18 36 54 59 95 190 285 475 b
1 2 4 5 9 18 36 54 59 95 190 380 475 b
1 2 4 5 9 18 36 54 90 95 190 285 475 b
1 2 4 5 9 18 36 54 90 95 190 380 475 b
1 2 4 5 9 18 36 72 77 95 190 285 475 b
1 2 4 5 9 18 36 72 77 95 190 380 475 b
1 2 4 5 9 18 36 72 90 95 190 285 475 b
1 2 4 5 9 18 36 72 90 95 190 380 475 b
1 2 4 5 10 11 21 42 53 95 190 285 475 b
1 2 4 5 10 11 21 42 53 95 190 380 475 b
1 2 4 5 10 11 21 42 84 95 190 285 475 b
1 2 4 5 10 11 21 42 84 95 190 380 475 b
1 2 4 5 10 14 19 38 57 95 190 285 475 b
1 2 4 5 10 14 19 38 57 95 190 380 475 b
1 2 4 5 10 14 19 38 57 114 228 247 475 b
1 2 4 5 10 14 19 38 57 114 228 456 475 b
1 2 4 5 10 14 19 38 76 95 190 285 475 b
1 2 4 5 10 14 19 38 76 95 190 380 475 b
1 2 4 5 10 14 19 38 76 114 228 247 475 b
1 2 4 5 10 14 19 38 76 114 228 456 475 b
1 2 4 5 10 14 19 38 76 152 171 304 475 a
1 2 4 5 10 14 19 38 76 152 171 323 475 b
1 2 4 5 10 14 19 38 76 152 228 247 475 b
1 2 4 5 10 14 19 38 76 152 228 456 475 b
1 2 4 5 10 14 19 38 76 152 304 323 475 b
1 2 4 5 10 14 19 38 76 152 304 456 475 b
1 2 4 5 10 15 19 38 57 95 190 285 475 b
1 2 4 5 10 15 19 38 57 95 190 380 475 b
1 2 4 5 10 15 19 38 57 114 228 247 475 b
1 2 4 5 10 15 19 38 57 114 228 456 475 b
1 2 4 5 10 15 19 38 76 95 190 285 475 b
1 2 4 5 10 15 19 38 76 95 190 380 475 b
1 2 4 5 10 15 19 38 76 114 228 247 475 b
1 2 4 5 10 15 19 38 76 114 228 456 475 b
1 2 4 5 10 15 19 38 76 152 171 304 475 a
1 2 4 5 10 15 19 38 76 152 171 323 475 b
1 2 4 5 10 15 19 38 76 152 228 247 475 b
1 2 4 5 10 15 19 38 76 152 228 456 475 b
1 2 4 5 10 15 19 38 76 152 304 323 475 b
1 2 4 5 10 15 19 38 76 152 304 456 475 b
1 2 4 5 10 15 20 35 55 110 220 255 475 b
1 2 4 5 10 15 20 35 55 110 220 440 475 b
1 2 4 5 10 15 20 40 55 95 190 285 475 b
1 2 4 5 10 15 20 40 55 95 190 380 475 b
1 2 4 5 10 15 20 40 80 95 190 285 475 b
1 2 4 5 10 15 20 40 80 95 190 380 475 b
1 2 4 5 10 15 25 35 60 95 190 285 475 b
1 2 4 5 10 15 25 35 60 95 190 380 475 b
1 2 4 5 10 15 25 35 70 95 190 285 475 b
1 2 4 5 10 15 25 35 70 95 190 380 475 b
1 2 4 5 10 15 25 40 55 95 190 285 475 b
1 2 4 5 10 15 25 40 55 95 190 380 475 b
1 2 4 5 10 15 25 40 80 95 190 285 475 b
1 2 4 5 10 15 25 40 80 95 190 380 475 b
1 2 4 5 10 15 25 40 80 105 185 290 475 b
1 2 4 5 10 15 25 40 80 105 185 370 475 b
1 2 4 5 10 15 25 50 55 105 210 265 475 b
1 2 4 5 10 15 25 50 55 105 210 420 475 b
1 2 4 5 10 15 25 50 65 115 180 295 475 b
1 2 4 5 10 15 25 50 65 115 180 360 475 b
1 2 4 5 10 15 25 50 65 115 230 245 475 b
1 2 4 5 10 15 25 50 65 115 230 460 475 b
1 2 4 5 10 15 25 50 75 100 200 275 475 b
1 2 4 5 10 15 25 50 75 100 200 400 475 b
1 2 4 5 10 15 25 50 75 125 175 300 475 b
1 2 4 5 10 15 25 50 75 125 175 350 475 b
1 2 4 5 10 15 25 50 75 125 200 275 475 b
1 2 4 5 10 15 25 50 75 125 200 400 475 b
1 2 4 5 10 15 25 50 75 150 175 300 475 a
1 2 4 5 10 15 25 50 75 150 175 325 475 b
1 2 4 5 10 15 25 50 75 150 200 275 475 b
1 2 4 5 10 15 25 50 75 150 200 400 475 b
1 2 4 5 10 15 25 50 75 150 225 250 475 b
1 2 4 5 10 15 25 50 75 150 225 450 475 b
1 2 4 5 10 15 25 50 75 150 300 325 475 b
1 2 4 5 10 15 25 50 75 150 300 450 475 b
1 2 4 5 10 15 25 50 100 115 230 245 475 b
1 2 4 5 10 15 25 50 100 115 230 460 475 b
1 2 4 5 10 15 25 50 100 125 175 300 475 b
1 2 4 5 10 15 25 50 100 125 175 350 475 b
1 2 4 5 10 15 25 50 100 125 225 250 475 b
1 2 4 5 10 15 25 50 100 125 225 350 475 b
1 2 4 5 10 15 25 50 100 125 225 450 475 b
1 2 4 5 10 15 25 50 100 125 250 350 475 b
1 2 4 5 10 15 25 50 100 125 250 375 475 b
1 2 4 5 10 15 25 50 100 150 175 300 475 a
1 2 4 5 10 15 25 50 100 150 175 325 475 b
1 2 4 5 10 15 25 50 100 150 300 325 475 b
1 2 4 5 10 15 25 50 100 150 300 450 475 b
1 2 4 5 10 15 25 50 100 200 225 250 475 b
1 2 4 5 10 15 25 50 100 200 225 275 475 b
1 2 4 5 10 15 25 50 100 200 225 425 475 b
1 2 4 5 10 15 25 50 100 200 225 450 475 b
1 2 4 5 10 15 25 50 100 200 250 275 475 b
1 2 4 5 10 15 25 50 100 200 250 450 475 b
1 2 4 5 10 15 25 50 100 200 400 425 475 b
1 2 4 5 10 15 25 50 100 200 400 450 475 b
1 2 4 5 10 15 30 35 60 95 190 285 475 a
1 2 4 5 10 15 30 35 60 95 190 380 475 a
1 2 4 5 10 15 30 35 65 95 190 285 475 b
1 2 4 5 10 15 30 35 65 95 190 380 475 b
1 2 4 5 10 15 30 40 55 95 190 285 475 b
1 2 4 5 10 15 30 40 55 95 190 380 475 b
1 2 4 5 10 15 30 40 80 95 190 285 475 b
1 2 4 5 10 15 30 40 80 95 190 380 475 b
1 2 4 5 10 15 30 45 50 95 190 285 475 b
1 2 4 5 10 15 30 45 50 95 190 380 475 b
1 2 4 5 10 15 30 45 90 95 190 285 475 b
1 2 4 5 10 15 30 45 90 95 190 380 475 b
1 2 4 5 10 15 30 60 65 95 190 285 475 b
1 2 4 5 10 15 30 60 65 95 190 380 475 b
1 2 4 5 10 15 30 60 90 95 190 285 475 b
1 2 4 5 10 15 30 60 90 95 190 380 475 b
1 2 4 5 10 20 25 35 55 110 220 255 475 b
1 2 4 5 10 20 25 35 55 110 220 440 475 b
1 2 4 5 10 20 25 35 60 95 190 285 475 b
1 2 4 5 10 20 25 35 60 95 190 380 475 b
1 2 4 5 10 20 25 35 70 95 190 285 475 b
1 2 4 5 10 20 25 35 70 95 190 380 475 b
1 2 4 5 10 20 25 40 80 105 185 290 475 a
1 2 4 5 10 20 25 40 80 105 185 370 475 a
1 2 4 5 10 20 25 45 50 95 190 285 475 b
1 2 4 5 10 20 25 45 50 95 190 380 475 b
1 2 4 5 10 20 25 45 70 95 190 285 475 b
1 2 4 5 10 20 25 45 70 95 190 380 475 b
1 2 4 5 10 20 25 45 90 95 190 285 475 b
1 2 4 5 10 20 25 45 90 95 190 380 475 b
1 2 4 5 10 20 25 45 90 115 180 295 475 a
1 2 4 5 10 20 25 45 90 115 180 360 475 a
1 2 4 5 10 20 25 45 90 135 225 250 475 b
1 2 4 5 10 20 25 45 90 135 225 450 475 b
1 2 4 5 10 20 25 45 90 180 205 270 475 a
1 2 4 5 10 20 25 45 90 180 205 295 475 b
1 2 4 5 10 20 25 45 90 180 205 385 475 b
1 2 4 5 10 20 25 45 90 180 225 250 475 b
1 2 4 5 10 20 25 45 90 180 225 450 475 b
1 2 4 5 10 20 25 45 90 180 270 295 475 b
1 2 4 5 10 20 25 45 90 180 270 450 475 b
1 2 4 5 10 20 25 45 90 180 360 385 475 b
1 2 4 5 10 20 25 45 90 180 360 450 475 b
1 2 4 5 10 20 25 50 55 105 210 265 475 b
1 2 4 5 10 20 25 50 55 105 210 420 475 b
1 2 4 5 10 20 25 50 70 95 190 285 475 b
1 2 4 5 10 20 25 50 70 95 190 380 475 b
1 2 4 5 10 20 25 50 75 95 190 285 475 b
1 2 4 5 10 20 25 50 75 95 190 380 475 b
1 2 4 5 10 20 25 50 75 100 200 275 475 b
1 2 4 5 10 20 25 50 75 100 200 400 475 b
1 2 4 5 10 20 25 50 75 125 175 300 475 b
1 2 4 5 10 20 25 50 75 125 175 350 475 b
1 2 4 5 10 20 25 50 75 125 200 275 475 b
1 2 4 5 10 20 25 50 75 125 200 400 475 b
1 2 4 5 10 20 25 50 75 150 175 300 475 a
1 2 4 5 10 20 25 50 75 150 175 325 475 b
1 2 4 5 10 20 25 50 75 150 200 275 475 b
1 2 4 5 10 20 25 50 75 150 200 400 475 b
1 2 4 5 10 20 25 50 75 150 225 250 475 b
1 2 4 5 10 20 25 50 75 150 225 450 475 b
1 2 4 5 10 20 25 50 75 150 300 325 475 b
1 2 4 5 10 20 25 50 75 150 300 450 475 b
1 2 4 5 10 20 25 50 100 125 175 300 475 b
1 2 4 5 10 20 25 50 100 125 175 350 475 b
1 2 4 5 10 20 25 50 100 125 225 250 475 b
1 2 4 5 10 20 25 50 100 125 225 350 475 b
1 2 4 5 10 20 25 50 100 125 225 450 475 b
1 2 4 5 10 20 25 50 100 125 250 350 475 b
1 2 4 5 10 20 25 50 100 125 250 375 475 b
1 2 4 5 10 20 25 50 100 150 175 300 475 a
1 2 4 5 10 20 25 50 100 150 175 325 475 b
1 2 4 5 10 20 25 50 100 150 300 325 475 b
1 2 4 5 10 20 25 50 100 150 300 450 475 b
1 2 4 5 10 20 25 50 100 200 225 250 475 b
1 2 4 5 10 20 25 50 100 200 225 275 475 b
1 2 4 5 10 20 25 50 100 200 225 425 475 b
1 2 4 5 10 20 25 50 100 200 225 450 475 b
1 2 4 5 10 20 25 50 100 200 250 275 475 b
1 2 4 5 10 20 25 50 100 200 250 450 475 b
1 2 4 5 10 20 25 50 100 200 400 425 475 b
1 2 4 5 10 20 25 50 100 200 400 450 475 b
1 2 4 5 10 20 30 35 55 110 220 255 475 b
1 2 4 5 10 20 30 35 55 110 220 440 475 b
1 2 4 5 10 20 30 35 60 95 190 285 475 a
1 2 4 5 10 20 30 35 60 95 190 380 475 a
1 2 4 5 10 20 30 35 65 95 190 285 475 b
1 2 4 5 10 20 30 35 65 95 190 380 475 b
1 2 4 5 10 20 30 50 55 105 210 265 475 b
1 2 4 5 10 20 30 50 55 105 210 420 475 b
1 2 4 5 10 20 30 60 65 95 190 285 475 b
1 2 4 5 10 20 30 60 65 95 190 380 475 b
1 2 4 5 10 20 30 60 90 95 190 285 475 b
1 2 4 5 10 20 30 60 90 95 190 380 475 b
1 2 4 5 10 20 40 45 50 95 190 285 475 b
1 2 4 5 10 20 40 45 50 95 190 380 475 b
1 2 4 5 10 20 40 45 55 95 190 285 475 b
1 2 4 5 10 20 40 45 55 95 190 380 475 b
1 2 4 5 10 20 40 45 85 95 190 285 475 b
1 2 4 5 10 20 40 45 85 95 190 380 475 b
1 2 4 5 10 20 40 45 85 130 215 260 475 b
1 2 4 5 10 20 40 45 85 130 215 345 475 b
1 2 4 5 10 20 40 45 85 130 215 430 475 b
1 2 4 5 10 20 40 45 85 130 260 345 475 b
1 2 4 5 10 20 40 45 85 130 260 390 475 b
1 2 4 5 10 20 40 45 85 170 215 260 475 b
1 2 4 5 10 20 40 45 85 170 215 430 475 b
1 2 4 5 10 20 40 45 90 95 190 285 475 b
1 2 4 5 10 20 40 45 90 95 190 380 475 b
1 2 4 5 10 20 40 50 55 95 190 285 475 b
1 2 4 5 10 20 40 50 55 95 190 380 475 b
1 2 4 5 10 20 40 50 55 105 210 265 475 b
1 2 4 5 10 20 40 50 55 105 210 420 475 b
1 2 4 5 10 20 40 50 90 95 190 285 475 b
1 2 4 5 10 20 40 50 90 95 190 380 475 b
1 2 4 5 10 20 40 80 85 95 190 285 475 b
1 2 4 5 10 20 40 80 85 95 190 380 475 b
1 2 4 5 10 20 40 80 85 105 185 290 475 b
1 2 4 5 10 20 40 80 85 105 185 370 475 b
1 2 4 5 10 20 40 80 90 95 190 285 475 b
1 2 4 5 10 20 40 80 90 95 190 380 475 b
1 2 4 5 10 20 40 80 100 105 185 290 475 b
1 2 4 5 10 20 40 80 100 105 185 370 475 b
1 2 4 6 7 11 18 29 58 116 232 243 475 b
1 2 4 6 7 11 18 29 58 116 232 464 475 b
1 2 4 6 7 11 22 29 58 116 232 243 475 b
1 2 4 6 7 11 22 29 58 116 232 464 475 b
1 2 4 6 7 11 22 44 51 95 190 285 475 b
1 2 4 6 7 11 22 44 51 95 190 380 475 b
1 2 4 6 7 11 22 44 88 95 190 285 475 b
1 2 4 6 7 11 22 44 88 95 190 380 475 b
1 2 4 6 7 12 19 38 57 95 190 285 475 a
1 2 4 6 7 12 19 38 57 95 190 380 475 a
1 2 4 6 7 12 19 38 57 114 228 247 475 a
1 2 4 6 7 12 19 38 57 114 228 456 475 a
1 2 4 6 7 12 19 38 76 95 190 285 475 a
1 2 4 6 7 12 19 38 76 95 190 380 475 a
1 2 4 6 7 12 19 38 76 114 228 247 475 a
1 2 4 6 7 12 19 38 76 114 228 456 475 a
1 2 4 6 7 12 19 38 76 152 171 304 475 a
1 2 4 6 7 12 19 38 76 152 171 323 475 a
1 2 4 6 7 12 19 38 76 152 228 247 475 a
1 2 4 6 7 12 19 38 76 152 228 456 475 a
1 2 4 6 7 12 19 38 76 152 304 323 475 a
1 2 4 6 7 12 19 38 76 152 304 456 475 a
1 2 4 6 7 13 19 38 57 95 190 285 475 b
1 2 4 6 7 13 19 38 57 95 190 380 475 b
1 2 4 6 7 13 19 38 57 114 228 247 475 b
1 2 4 6 7 13 19 38 57 114 228 456 475 b
1 2 4 6 7 13 19 38 76 95 190 285 475 b
1 2 4 6 7 13 19 38 76 95 190 380 475 b
1 2 4 6 7 13 19 38 76 114 228 247 475 b
1 2 4 6 7 13 19 38 76 114 228 456 475 b
1 2 4 6 7 13 19 38 76 152 171 304 475 a
1 2 4 6 7 13 19 38 76 152 171 323 475 b
1 2 4 6 7 13 19 38 76 152 228 247 475 b
1 2 4 6 7 13 19 38 76 152 228 456 475 b
1 2 4 6 7 13 19 38 76 152 304 323 475 b
1 2 4 6 7 13 19 38 76 152 304 456 475 b
1 2 4 6 7 13 26 39 78 117 234 241 475 b
1 2 4 6 7 13 26 39 78 117 234 468 475 b
1 2 4 6 7 13 26 39 78 156 163 312 475 a
1 2 4 6 7 13 26 39 78 156 163 319 475 b
1 2 4 6 7 13 26 39 78 156 234 241 475 b
1 2 4 6 7 13 26 39 78 156 234 468 475 b
1 2 4 6 7 13 26 39 78 156 312 319 475 b
1 2 4 6 7 13 26 39 78 156 312 468 475 b
1 2 4 6 7 13 26 52 59 104 208 267 475 a
1 2 4 6 7 13 26 52 59 104 208 416 475 a
1 2 4 6 7 13 26 52 65 117 234 241 475 b
1 2 4 6 7 13 26 52 65 117 234 468 475 b
1 2 4 6 7 13 26 52 78 156 163 312 475 a
1 2 4 6 7 13 26 52 78 156 163 319 475 b
1 2 4 6 7 13 26 52 78 156 234 241 475 b
1 2 4 6 7 13 26 52 78 156 234 468 475 b
1 2 4 6 7 13 26 52 78 156 312 319 475 b
1 2 4 6 7 13 26 52 78 156 312 468 475 b
1 2 4 6 7 13 26 52 104 117 234 241 475 b
1 2 4 6 7 13 26 52 104 117 234 468 475 b
1 2 4 6 7 13 26 52 104 130 234 241 475 b
1 2 4 6 7 13 26 52 104 130 234 468 475 b
1 2 4 6 7 13 26 52 104 156 163 312 475 a
1 2 4 6 7 13 26 52 104 156 163 319 475 b
1 2 4 6 7 13 26 52 104 156 312 319 475 b
1 2 4 6 7 13 26 52 104 156 312 468 475 b
1 2 4 6 7 13 26 52 104 208 215 260 475 a
1 2 4 6 7 13 26 52 104 208 215 267 475 b
1 2 4 6 7 13 26 52 104 208 215 423 475 b
1 2 4 6 7 13 26 52 104 208 234 241 475 b
1 2 4 6 7 13 26 52 104 208 234 468 475 b
1 2 4 6 7 13 26 52 104 208 260 267 475 b
1 2 4 6 7 13 26 52 104 208 260 468 475 b
1 2 4 6 7 13 26 52 104 208 416 423 475 b
1 2 4 6 7 13 26 52 104 208 416 468 475 b
1 2 4 6 10 11 21 42 53 95 190 285 475 b
1 2 4 6 10 11 21 42 53 95 190 380 475 b
1 2 4 6 10 11 21 42 84 95 190 285 475 b
1 2 4 6 10 11 21 42 84 95 190 380 475 b
1 2 4 6 12 13 19 38 57 95 190 285 475 b
1 2 4 6 12 13 19 38 57 95 190 380 475 b
1 2 4 6 12 13 19 38 57 114 228 247 475 b
1 2 4 6 12 13 19 38 57 114 228 456 475 b
1 2 4 6 12 13 19 38 76 95 190 285 475 b
1 2 4 6 12 13 19 38 76 95 190 380 475 b
1 2 4 6 12 13 19 38 76 114 228 247 475 b
1 2 4 6 12 13 19 38 76 114 228 456 475 b
1 2 4 6 12 13 19 38 76 152 171 304 475 a
1 2 4 6 12 13 19 38 76 152 171 323 475 b
1 2 4 6 12 13 19 38 76 152 228 247 475 b
1 2 4 6 12 13 19 38 76 152 228 456 475 b
1 2 4 6 12 13 19 38 76 152 304 323 475 b
1 2 4 6 12 13 19 38 76 152 304 456 475 b
1 2 4 6 12 13 25 50 75 100 200 275 475 b
1 2 4 6 12 13 25 50 75 100 200 400 475 b
1 2 4 6 12 13 25 50 75 125 175 300 475 b
1 2 4 6 12 13 25 50 75 125 175 350 475 b
1 2 4 6 12 13 25 50 75 125 200 275 475 b
1 2 4 6 12 13 25 50 75 125 200 400 475 b
1 2 4 6 12 13 25 50 75 150 175 300 475 a
1 2 4 6 12 13 25 50 75 150 175 325 475 b
1 2 4 6 12 13 25 50 75 150 200 275 475 b
1 2 4 6 12 13 25 50 75 150 200 400 475 b
1 2 4 6 12 13 25 50 75 150 225 250 475 b
1 2 4 6 12 13 25 50 75 150 225 450 475 b
1 2 4 6 12 13 25 50 75 150 300 325 475 b
1 2 4 6 12 13 25 50 75 150 300 450 475 b
1 2 4 6 12 13 25 50 100 125 175 300 475 b
1 2 4 6 12 13 25 50 100 125 175 350 475 b
1 2 4 6 12 13 25 50 100 125 225 250 475 b
1 2 4 6 12 13 25 50 100 125 225 350 475 b
1 2 4 6 12 13 25 50 100 125 225 450 475 b
1 2 4 6 12 13 25 50 100 125 250 350 475 b
1 2 4 6 12 13 25 50 100 125 250 375 475 b
1 2 4 6 12 13 25 50 100 150 175 300 475 a
1 2 4 6 12 13 25 50 100 150 175 325 475 b
1 2 4 6 12 13 25 50 100 150 300 325 475 b
1 2 4 6 12 13 25 50 100 150 300 450 475 b
1 2 4 6 12 13 25 50 100 200 225 250 475 b
1 2 4 6 12 13 25 50 100 200 225 275 475 b
1 2 4 6 12 13 25 50 100 200 225 425 475 b
1 2 4 6 12 13 25 50 100 200 225 450 475 b
1 2 4 6 12 13 25 50 100 200 250 275 475 b
1 2 4 6 12 13 25 50 100 200 250 450 475 b
1 2 4 6 12 13 25 50 100 200 400 425 475 b
1 2 4 6 12 13 25 50 100 200 400 450 475 b
1 2 4 6 12 18 19 38 57 95 190 285 475 b
1 2 4 6 12 18 19 38 57 95 190 380 475 b
1 2 4 6 12 18 19 38 57 114 228 247 475 b
1 2 4 6 12 18 19 38 57 114 228 456 475 b
1 2 4 6 12 18 19 38 76 95 190 285 475 b
1 2 4 6 12 18 19 38 76 95 190 380 475 b
1 2 4 6 12 18 19 38 76 114 228 247 475 b
1 2 4 6 12 18 19 38 76 114 228 456 475 b
1 2 4 6 12 18 19 38 76 152 171 304 475 a
1 2 4 6 12 18 19 38 76 152 171 323 475 b
1 2 4 6 12 18 19 38 76 152 228 247 475 b
1 2 4 6 12 18 19 38 76 152 228 456 475 b
1 2 4 6 12 18 19 38 76 152 304 323 475 b
1 2 4 6 12 18 19 38 76 152 304 456 475 b
1 2 4 6 12 18 36 37 73 146 183 292 475 a
1 2 4 6 12 18 36 37 73 146 183 329 475 b
1 2 4 6 12 18 36 37 73 146 219 256 475 b
1 2 4 6 12 18 36 37 73 146 219 438 475 b
1 2 4 6 12 18 36 37 73 146 292 329 475 b
1 2 4 6 12 18 36 37 73 146 292 438 475 b
1 2 4 6 12 24 25 50 75 100 200 275 475 b
1 2 4 6 12 24 25 50 75 100 200 400 475 b
1 2 4 6 12 24 25 50 75 125 175 300 475 b
1 2 4 6 12 24 25 50 75 125 175 350 475 b
1 2 4 6 12 24 25 50 75 125 200 275 475 b
1 2 4 6 12 24 25 50 75 125 200 400 475 b
1 2 4 6 12 24 25 50 75 150 175 300 475 a
1 2 4 6 12 24 25 50 75 150 175 325 475 b
1 2 4 6 12 24 25 50 75 150 200 275 475 b
1 2 4 6 12 24 25 50 75 150 200 400 475 b
1 2 4 6 12 24 25 50 75 150 225 250 475 b
1 2 4 6 12 24 25 50 75 150 225 450 475 b
1 2 4 6 12 24 25 50 75 150 300 325 475 b
1 2 4 6 12 24 25 50 75 150 300 450 475 b
1 2 4 6 12 24 25 50 100 125 175 300 475 b
1 2 4 6 12 24 25 50 100 125 175 350 475 b
1 2 4 6 12 24 25 50 100 125 225 250 475 b
1 2 4 6 12 24 25 50 100 125 225 350 475 b
1 2 4 6 12 24 25 50 100 125 225 450 475 b
1 2 4 6 12 24 25 50 100 125 250 350 475 b
1 2 4 6 12 24 25 50 100 125 250 375 475 b
1 2 4 6 12 24 25 50 100 150 175 300 475 a
1 2 4 6 12 24 25 50 100 150 175 325 475 b
1 2 4 6 12 24 25 50 100 150 300 325 475 b
1 2 4 6 12 24 25 50 100 150 300 450 475 b
1 2 4 6 12 24 25 50 100 200 225 250 475 b
1 2 4 6 12 24 25 50 100 200 225 275 475 b
1 2 4 6 12 24 25 50 100 200 225 425 475 b
1 2 4 6 12 24 25 50 100 200 225 450 475 b
1 2 4 6 12 24 25 50 100 200 250 275 475 b
1 2 4 6 12 24 25 50 100 200 250 450 475 b
1 2 4 6 12 24 25 50 100 200 400 425 475 b
1 2 4 6 12 24 25 50 100 200 400 450 475 b
1 2 4 6 12 24 36 37 73 146 183 292 475 a
1 2 4 6 12 24 36 37 73 146 183 329 475 b
1 2 4 6 12 24 36 37 73 146 219 256 475 b
1 2 4 6 12 24 36 37 73 146 219 438 475 b
1 2 4 6 12 24 36 37 73 146 292 329 475 b
1 2 4 6 12 24 36 37 73 146 292 438 475 b
1 2 4 8 9 10 19 38 57 95 190 285 475 b
1 2 4 8 9 10 19 38 57 95 190 380 475 b
1 2 4 8 9 10 19 38 57 114 228 247 475 b
1 2 4 8 9 10 19 38 57 114 228 456 475 b
1 2 4 8 9 10 19 38 76 95 190 285 475 b
1 2 4 8 9 10 19 38 76 95 190 380 475 b
1 2 4 8 9 10 19 38 76 114 228 247 475 b
1 2 4 8 9 10 19 38 76 114 228 456 475 b
1 2 4 8 9 10 19 38 76 152 171 304 475 a
1 2 4 8 9 10 19 38 76 152 171 323 475 b
1 2 4 8 9 10 19 38 76 152 228 247 475 b
1 2 4 8 9 10 19 38 76 152 228 456 475 b
1 2 4 8 9 10 19 38 76 152 304 323 475 b
1 2 4 8 9 10 19 38 76 152 304 456 475 b
1 2 4 8 9 11 18 29 58 116 232 243 475 a
1 2 4 8 9 11 18 29 58 116 232 464 475 a
1 2 4 8 9 11 19 38 57 95 190 285 475 b
1 2 4 8 9 11 19 38 57 95 190 380 475 b
1 2 4 8 9 11 19 38 57 114 228 247 475 b
1 2 4 8 9 11 19 38 57 114 228 456 475 b
1 2 4 8 9 11 19 38 76 95 190 285 475 b
1 2 4 8 9 11 19 38 76 95 190 380 475 b
1 2 4 8 9 11 19 38 76 114 228 247 475 b
1 2 4 8 9 11 19 38 76 114 228 456 475 b
1 2 4 8 9 11 19 38 76 152 171 304 475 a
1 2 4 8 9 11 19 38 76 152 171 323 475 b
1 2 4 8 9 11 19 38 76 152 228 247 475 b
1 2 4 8 9 11 19 38 76 152 228 456 475 b
1 2 4 8 9 11 19 38 76 152 304 323 475 b
1 2 4 8 9 11 19 38 76 152 304 456 475 b
1 2 4 8 9 11 20 29 58 116 232 243 475 b
1 2 4 8 9 11 20 29 58 116 232 464 475 b
1 2 4 8 9 16 25 50 75 100 200 275 475 a
1 2 4 8 9 16 25 50 75 100 200 400 475 a
1 2 4 8 9 16 25 50 75 125 175 300 475 a
1 2 4 8 9 16 25 50 75 125 175 350 475 a
1 2 4 8 9 16 25 50 75 125 200 275 475 a
1 2 4 8 9 16 25 50 75 125 200 400 475 a
1 2 4 8 9 16 25 50 75 150 175 300 475 a
1 2 4 8 9 16 25 50 75 150 175 325 475 a
1 2 4 8 9 16 25 50 75 150 200 275 475 a
1 2 4 8 9 16 25 50 75 150 200 400 475 a
1 2 4 8 9 16 25 50 75 150 225 250 475 a
1 2 4 8 9 16 25 50 75 150 225 450 475 a
1 2 4 8 9 16 25 50 75 150 300 325 475 a
1 2 4 8 9 16 25 50 75 150 300 450 475 a
1 2 4 8 9 16 25 50 100 125 175 300 475 a
1 2 4 8 9 16 25 50 100 125 175 350 475 a
1 2 4 8 9 16 25 50 100 125 225 250 475 a
1 2 4 8 9 16 25 50 100 125 225 350 475 a
1 2 4 8 9 16 25 50 100 125 225 450 475 a
1 2 4 8 9 16 25 50 100 125 250 350 475 a
1 2 4 8 9 16 25 50 100 125 250 375 475 a
1 2 4 8 9 16 25 50 100 150 175 300 475 a
1 2 4 8 9 16 25 50 100 150 175 325 475 a
1 2 4 8 9 16 25 50 100 150 300 325 475 a
1 2 4 8 9 16 25 50 100 150 300 450 475 a
1 2 4 8 9 16 25 50 100 200 225 250 475 a
1 2 4 8 9 16 25 50 100 200 225 275 475 a
1 2 4 8 9 16 25 50 100 200 225 425 475 a
1 2 4 8 9 16 25 50 100 200 225 450 475 a
1 2 4 8 9 16 25 50 100 200 250 275 475 a
1 2 4 8 9 16 25 50 100 200 250 450 475 a
1 2 4 8 9 16 25 50 100 200 400 425 475 a
1 2 4 8 9 16 25 50 100 200 400 450 475 a
1 2 4 8 9 16 32 64 73 128 201 274 475 a
1 2 4 8 9 16 32 64 73 128 201 402 475 a
1 2 4 8 9 16 32 64 73 137 169 306 475 a
1 2 4 8 9 16 32 64 73 137 169 338 475 a
1 2 4 8 9 16 32 64 73 137 201 274 475 a
1 2 4 8 9 16 32 64 73 137 201 338 475 a
1 2 4 8 9 16 32 64 73 137 201 402 475 a
1 2 4 8 9 16 32 64 73 137 274 338 475 a
1 2 4 8 9 16 32 64 73 137 274 411 475 a
1 2 4 8 9 16 32 64 128 137 169 306 475 a
1 2 4 8 9 16 32 64 128 137 169 338 475 a
1 2 4 8 9 16 32 64 128 137 201 274 475 a
1 2 4 8 9 16 32 64 128 137 201 338 475 a
1 2 4 8 9 16 32 64 128 137 274 338 475 a
1 2 4 8 9 16 32 64 128 137 274 411 475 a
1 2 4 8 9 17 19 38 57 95 190 285 475 b
1 2 4 8 9 17 19 38 57 95 190 380 475 b
1 2 4 8 9 17 19 38 57 114 228 247 475 b
1 2 4 8 9 17 19 38 57 114 228 456 475 b
1 2 4 8 9 17 19 38 76 95 190 285 475 b
1 2 4 8 9 17 19 38 76 95 190 380 475 b
1 2 4 8 9 17 19 38 76 114 228 247 475 b
1 2 4 8 9 17 19 38 76 114 228 456 475 b
1 2 4 8 9 17 19 38 76 152 171 304 475 a
1 2 4 8 9 17 19 38 76 152 171 323 475 b
1 2 4 8 9 17 19 38 76 152 228 247 475 b
1 2 4 8 9 17 19 38 76 152 228 456 475 b
1 2 4 8 9 17 19 38 76 152 304 323 475 b
1 2 4 8 9 17 19 38 76 152 304 456 475 b
1 2 4 8 9 17 25 50 75 100 200 275 475 b
1 2 4 8 9 17 25 50 75 100 200 400 475 b
1 2 4 8 9 17 25 50 75 125 175 300 475 b
1 2 4 8 9 17 25 50 75 125 175 350 475 b
1 2 4 8 9 17 25 50 75 125 200 275 475 b
1 2 4 8 9 17 25 50 75 125 200 400 475 b
1 2 4 8 9 17 25 50 75 150 175 300 475 a
1 2 4 8 9 17 25 50 75 150 175 325 475 b
1 2 4 8 9 17 25 50 75 150 200 275 475 b
1 2 4 8 9 17 25 50 75 150 200 400 475 b
1 2 4 8 9 17 25 50 75 150 225 250 475 b
1 2 4 8 9 17 25 50 75 150 225 450 475 b
1 2 4 8 9 17 25 50 75 150 300 325 475 b
1 2 4 8 9 17 25 50 75 150 300 450 475 b
1 2 4 8 9 17 25 50 100 125 175 300 475 b
1 2 4 8 9 17 25 50 100 125 175 350 475 b
1 2 4 8 9 17 25 50 100 125 225 250 475 b
1 2 4 8 9 17 25 50 100 125 225 350 475 b
1 2 4 8 9 17 25 50 100 125 225 450 475 b
1 2 4 8 9 17 25 50 100 125 250 350 475 b
1 2 4 8 9 17 25 50 100 125 250 375 475 b
1 2 4 8 9 17 25 50 100 150 175 300 475 a
1 2 4 8 9 17 25 50 100 150 175 325 475 b
1 2 4 8 9 17 25 50 100 150 300 325 475 b
1 2 4 8 9 17 25 50 100 150 300 450 475 b
1 2 4 8 9 17 25 50 100 200 225 250 475 b
1 2 4 8 9 17 25 50 100 200 225 275 475 b
1 2 4 8 9 17 25 50 100 200 225 425 475 b
1 2 4 8 9 17 25 50 100 200 225 450 475 b
1 2 4 8 9 17 25 50 100 200 250 275 475 b
1 2 4 8 9 17 25 50 100 200 250 450 475 b
1 2 4 8 9 17 25 50 100 200 400 425 475 b
1 2 4 8 9 17 25 50 100 200 400 450 475 b
1 2 4 8 9 17 26 43 52 95 190 285 475 b
1 2 4 8 9 17 26 43 52 95 190 380 475 b
1 2 4 8 9 17 26 43 69 95 190 285 475 b
1 2 4 8 9 17 26 43 69 95 190 380 475 b
1 2 4 8 9 17 26 43 86 95 190 285 475 b
1 2 4 8 9 17 26 43 86 95 190 380 475 b
1 2 4 8 9 17 26 52 69 95 190 285 475 b
1 2 4 8 9 17 26 52 69 95 190 380 475 b
1 2 4 8 9 17 26 52 78 95 190 285 475 b
1 2 4 8 9 17 26 52 78 95 190 380 475 b
1 2 4 8 9 17 34 43 52 95 190 285 475 b
1 2 4 8 9 17 34 43 52 95 190 380 475 b
1 2 4 8 9 17 34 43 86 95 190 285 475 b
1 2 4 8 9 17 34 43 86 95 190 380 475 b
1 2 4 8 9 17 34 51 53 106 212 263 475 b
1 2 4 8 9 17 34 51 53 106 212 424 475 b
1 2 4 8 9 17 34 51 55 106 212 263 475 b
1 2 4 8 9 17 34 51 55 106 212 424 475 b
1 2 4 8 9 17 34 51 102 106 212 263 475 b
1 2 4 8 9 17 34 51 102 106 212 424 475 b
1 2 4 8 9 17 34 51 102 110 212 263 475 b
1 2 4 8 9 17 34 51 102 110 212 424 475 b
1 2 4 8 9 17 34 51 102 153 161 314 475 b
1 2 4 8 9 17 34 51 102 153 161 322 475 b
1 2 4 8 9 17 34 51 102 204 212 263 475 b
1 2 4 8 9 17 34 51 102 204 212 424 475 b
1 2 4 8 9 17 34 68 85 153 161 314 475 b
1 2 4 8 9 17 34 68 85 153 161 322 475 b
1 2 4 8 9 17 34 68 136 153 161 314 475 b
1 2 4 8 9 17 34 68 136 153 161 322 475 b
1 2 4 8 9 18 19 38 57 95 190 285 475 b
1 2 4 8 9 18 19 38 57 95 190 380 475 b
1 2 4 8 9 18 19 38 57 114 228 247 475 b
1 2 4 8 9 18 19 38 57 114 228 456 475 b
1 2 4 8 9 18 19 38 76 95 190 285 475 b
1 2 4 8 9 18 19 38 76 95 190 380 475 b
1 2 4 8 9 18 19 38 76 114 228 247 475 b
1 2 4 8 9 18 19 38 76 114 228 456 475 b
1 2 4 8 9 18 19 38 76 152 171 304 475 a
1 2 4 8 9 18 19 38 76 152 171 323 475 b
1 2 4 8 9 18 19 38 76 152 228 247 475 b
1 2 4 8 9 18 19 38 76 152 228 456 475 b
1 2 4 8 9 18 19 38 76 152 304 323 475 b
1 2 4 8 9 18 19 38 76 152 304 456 475 b
1 2 4 8 9 18 27 28 56 112 224 251 475 b
1 2 4 8 9 18 27 28 56 112 224 448 475 b
1 2 4 8 9 18 27 29 56 112 224 251 475 b
1 2 4 8 9 18 27 29 56 112 224 448 475 b
1 2 4 8 9 18 27 54 56 112 224 251 475 b
1 2 4 8 9 18 27 54 56 112 224 448 475 b
1 2 4 8 9 18 27 54 58 112 224 251 475 b
1 2 4 8 9 18 27 54 58 112 224 448 475 b
1 2 4 8 9 18 27 54 108 112 224 251 475 b
1 2 4 8 9 18 27 54 108 112 224 448 475 b
1 2 4 8 9 18 27 54 108 116 224 251 475 b
1 2 4 8 9 18 27 54 108 116 224 448 475 b
1 2 4 8 9 18 27 54 108 216 224 251 475 b
1 2 4 8 9 18 27 54 108 216 224 448 475 b
1 2 4 8 9 18 36 37 73 146 183 292 475 a
1 2 4 8 9 18 36 37 73 146 183 329 475 b
1 2 4 8 9 18 36 37 73 146 219 256 475 b
1 2 4 8 9 18 36 37 73 146 219 438 475 b
1 2 4 8 9 18 36 37 73 146 292 329 475 b
1 2 4 8 9 18 36 37 73 146 292 438 475 b
1 2 4 8 9 18 36 72 81 153 161 314 475 b
1 2 4 8 9 18 36 72 81 153 161 322 475 b
1 2 4 8 9 18 36 72 144 153 161 314 475 b
1 2 4 8 9 18 36 72 144 153 161 322 475 b
1 2 4 8 10 11 18 29 58 116 232 243 475 a
1 2 4 8 10 11 18 29 58 116 232 464 475 a
1 2 4 8 10 11 19 29 58 116 232 243 475 b
1 2 4 8 10 11 19 29 58 116 232 464 475 b
1 2 4 8 10 11 19 38 57 95 190 285 475 b
1 2 4 8 10 11 19 38 57 95 190 380 475 b
1 2 4 8 10 11 19 38 57 114 228 247 475 b
1 2 4 8 10 11 19 38 57 114 228 456 475 b
1 2 4 8 10 11 19 38 76 95 190 285 475 b
1 2 4 8 10 11 19 38 76 95 190 380 475 b
1 2 4 8 10 11 19 38 76 114 228 247 475 b
1 2 4 8 10 11 19 38 76 114 228 456 475 b
1 2 4 8 10 11 19 38 76 152 171 304 475 a
1 2 4 8 10 11 19 38 76 152 171 323 475 b
1 2 4 8 10 11 19 38 76 152 228 247 475 b
1 2 4 8 10 11 19 38 76 152 228 456 475 b
1 2 4 8 10 11 19 38 76 152 304 323 475 b
1 2 4 8 10 11 19 38 76 152 304 456 475 b
1 2 4 8 10 11 21 29 58 116 232 243 475 b
1 2 4 8 10 11 21 29 58 116 232 464 475 b
1 2 4 8 10 11 21 42 53 95 190 285 475 b
1 2 4 8 10 11 21 42 53 95 190 380 475 b
1 2 4 8 10 11 21 42 84 95 190 285 475 b
1 2 4 8 10 11 21 42 84 95 190 380 475 b
1 2 4 8 10 18 19 38 57 95 190 285 475 b
1 2 4 8 10 18 19 38 57 95 190 380 475 b
1 2 4 8 10 18 19 38 57 114 228 247 475 b
1 2 4 8 10 18 19 38 57 114 228 456 475 b
1 2 4 8 10 18 19 38 76 95 190 285 475 b
1 2 4 8 10 18 19 38 76 95 190 380 475 b
1 2 4 8 10 18 19 38 76 114 228 247 475 b
1 2 4 8 10 18 19 38 76 114 228 456 475 b
1 2 4 8 10 18 19 38 76 152 171 304 475 a
1 2 4 8 10 18 19 38 76 152 171 323 475 b
1 2 4 8 10 18 19 38 76 152 228 247 475 b
1 2 4 8 10 18 19 38 76 152 228 456 475 b
1 2 4 8 10 18 19 38 76 152 304 323 475 b
1 2 4 8 10 18 19 38 76 152 304 456 475 b
1 2 4 8 10 18 36 37 73 146 183 292 475 a
1 2 4 8 10 18 36 37 73 146 183 329 475 b
1 2 4 8 10 18 36 37 73 146 219 256 475 b
1 2 4 8 10 18 36 37 73 146 219 438 475 b
1 2 4 8 10 18 36 37 73 146 292 329 475 b
1 2 4 8 10 18 36 37 73 146 292 438 475 b
1 2 4 8 12 13 25 50 75 100 200 275 475 b
1 2 4 8 12 13 25 50 75 100 200 400 475 b
1 2 4 8 12 13 25 50 75 125 175 300 475 b
1 2 4 8 12 13 25 50 75 125 175 350 475 b
1 2 4 8 12 13 25 50 75 125 200 275 475 b
1 2 4 8 12 13 25 50 75 125 200 400 475 b
1 2 4 8 12 13 25 50 75 150 175 300 475 a
1 2 4 8 12 13 25 50 75 150 175 325 475 b
1 2 4 8 12 13 25 50 75 150 200 275 475 b
1 2 4 8 12 13 25 50 75 150 200 400 475 b
1 2 4 8 12 13 25 50 75 150 225 250 475 b
1 2 4 8 12 13 25 50 75 150 225 450 475 b
1 2 4 8 12 13 25 50 75 150 300 325 475 b
1 2 4 8 12 13 25 50 75 150 300 450 475 b
1 2 4 8 12 13 25 50 100 125 175 300 475 b
1 2 4 8 12 13 25 50 100 125 175 350 475 b
1 2 4 8 12 13 25 50 100 125 225 250 475 b
1 2 4 8 12 13 25 50 100 125 225 350 475 b
1 2 4 8 12 13 25 50 100 125 225 450 475 b
1 2 4 8 12 13 25 50 100 125 250 350 475 b
1 2 4 8 12 13 25 50 100 125 250 375 475 b
1 2 4 8 12 13 25 50 100 150 175 300 475 a
1 2 4 8 12 13 25 50 100 150 175 325 475 b
1 2 4 8 12 13 25 50 100 150 300 325 475 b
1 2 4 8 12 13 25 50 100 150 300 450 475 b
1 2 4 8 12 13 25 50 100 200 225 250 475 b
1 2 4 8 12 13 25 50 100 200 225 275 475 b
1 2 4 8 12 13 25 50 100 200 225 425 475 b
1 2 4 8 12 13 25 50 100 200 225 450 475 b
1 2 4 8 12 13 25 50 100 200 250 275 475 b
1 2 4 8 12 13 25 50 100 200 250 450 475 b
1 2 4 8 12 13 25 50 100 200 400 425 475 b
1 2 4 8 12 13 25 50 100 200 400 450 475 b
1 2 4 8 12 24 25 50 75 100 200 275 475 b
1 2 4 8 12 24 25 50 75 100 200 400 475 b
1 2 4 8 12 24 25 50 75 125 175 300 475 b
1 2 4 8 12 24 25 50 75 125 175 350 475 b
1 2 4 8 12 24 25 50 75 125 200 275 475 b
1 2 4 8 12 24 25 50 75 125 200 400 475 b
1 2 4 8 12 24 25 50 75 150 175 300 475 a
1 2 4 8 12 24 25 50 75 150 175 325 475 b
1 2 4 8 12 24 25 50 75 150 200 275 475 b
1 2 4 8 12 24 25 50 75 150 200 400 475 b
1 2 4 8 12 24 25 50 75 150 225 250 475 b
1 2 4 8 12 24 25 50 75 150 225 450 475 b
1 2 4 8 12 24 25 50 75 150 300 325 475 b
1 2 4 8 12 24 25 50 75 150 300 450 475 b
1 2 4 8 12 24 25 50 100 125 175 300 475 b
1 2 4 8 12 24 25 50 100 125 175 350 475 b
1 2 4 8 12 24 25 50 100 125 225 250 475 b
1 2 4 8 12 24 25 50 100 125 225 350 475 b
1 2 4 8 12 24 25 50 100 125 225 450 475 b
1 2 4 8 12 24 25 50 100 125 250 350 475 b
1 2 4 8 12 24 25 50 100 125 250 375 475 b
1 2 4 8 12 24 25 50 100 150 175 300 475 a
1 2 4 8 12 24 25 50 100 150 175 325 475 b
1 2 4 8 12 24 25 50 100 150 300 325 475 b
1 2 4 8 12 24 25 50 100 150 300 450 475 b
1 2 4 8 12 24 25 50 100 200 225 250 475 b
1 2 4 8 12 24 25 50 100 200 225 275 475 b
1 2 4 8 12 24 25 50 100 200 225 425 475 b
1 2 4 8 12 24 25 50 100 200 225 450 475 b
1 2 4 8 12 24 25 50 100 200 250 275 475 b
1 2 4 8 12 24 25 50 100 200 250 450 475 b
1 2 4 8 12 24 25 50 100 200 400 425 475 b
1 2 4 8 12 24 25 50 100 200 400 450 475 b
1 2 4 8 12 24 36 37 73 146 183 292 475 a
1 2 4 8 12 24 36 37 73 146 183 329 475 b
1 2 4 8 12 24 36 37 73 146 219 256 475 b
1 2 4 8 12 24 36 37 73 146 219 438 475 b
1 2 4 8 12 24 36 37 73 146 292 329 475 b
1 2 4 8 12 24 36 37 73 146 292 438 475 b
1 2 4 8 16 17 19 38 57 95 190 285 475 b
1 2 4 8 16 17 19 38 57 95 190 380 475 b
1 2 4 8 16 17 19 38 57 114 228 247 475 b
1 2 4 8 16 17 19 38 57 114 228 456 475 b
1 2 4 8 16 17 19 38 76 95 190 285 475 b
1 2 4 8 16 17 19 38 76 95 190 380 475 b
1 2 4 8 16 17 19 38 76 114 228 247 475 b
1 2 4 8 16 17 19 38 76 114 228 456 475 b
1 2 4 8 16 17 19 38 76 152 171 304 475 a
1 2 4 8 16 17 19 38 76 152 171 323 475 b
1 2 4 8 16 17 19 38 76 152 228 247 475 b
1 2 4 8 16 17 19 38 76 152 228 456 475 b
1 2 4 8 16 17 19 38 76 152 304 323 475 b
1 2 4 8 16 17 19 38 76 152 304 456 475 b
1 2 4 8 16 17 21 37 58 95 190 285 475 b
1 2 4 8 16 17 21 37 58 95 190 380 475 b
1 2 4 8 16 17 21 37 74 95 190 285 475 b
1 2 4 8 16 17 21 37 74 95 190 380 475 b
1 2 4 8 16 17 25 50 75 100 200 275 475 b
1 2 4 8 16 17 25 50 75 100 200 400 475 b
1 2 4 8 16 17 25 50 75 125 175 300 475 b
1 2 4 8 16 17 25 50 75 125 175 350 475 b
1 2 4 8 16 17 25 50 75 125 200 275 475 b
1 2 4 8 16 17 25 50 75 125 200 400 475 b
1 2 4 8 16 17 25 50 75 150 175 300 475 a
1 2 4 8 16 17 25 50 75 150 175 325 475 b
1 2 4 8 16 17 25 50 75 150 200 275 475 b
1 2 4 8 16 17 25 50 75 150 200 400 475 b
1 2 4 8 16 17 25 50 75 150 225 250 475 b
1 2 4 8 16 17 25 50 75 150 225 450 475 b
1 2 4 8 16 17 25 50 75 150 300 325 475 b
1 2 4 8 16 17 25 50 75 150 300 450 475 b
1 2 4 8 16 17 25 50 100 125 175 300 475 b
1 2 4 8 16 17 25 50 100 125 175 350 475 b
1 2 4 8 16 17 25 50 100 125 225 250 475 b
1 2 4 8 16 17 25 50 100 125 225 350 475 b
1 2 4 8 16 17 25 50 100 125 225 450 475 b
1 2 4 8 16 17 25 50 100 125 250 350 475 b
1 2 4 8 16 17 25 50 100 125 250 375 475 b
1 2 4 8 16 17 25 50 100 150 175 300 475 a
1 2 4 8 16 17 25 50 100 150 175 325 475 b
1 2 4 8 16 17 25 50 100 150 300 325 475 b
1 2 4 8 16 17 25 50 100 150 300 450 475 b
1 2 4 8 16 17 25 50 100 200 225 250 475 b
1 2 4 8 16 17 25 50 100 200 225 275 475 b
1 2 4 8 16 17 25 50 100 200 225 425 475 b
1 2 4 8 16 17 25 50 100 200 225 450 475 b
1 2 4 8 16 17 25 50 100 200 250 275 475 b
1 2 4 8 16 17 25 50 100 200 250 450 475 b
1 2 4 8 16 17 25 50 100 200 400 425 475 b
1 2 4 8 16 17 25 50 100 200 400 450 475 b
1 2 4 8 16 17 32 49 98 115 213 262 475 a
1 2 4 8 16 17 32 49 98 115 213 426 475 a
1 2 4 8 16 17 32 49 98 147 164 311 475 a
1 2 4 8 16 17 32 49 98 147 164 328 475 a
1 2 4 8 16 17 32 49 98 196 213 262 475 a
1 2 4 8 16 17 32 49 98 196 213 426 475 a
1 2 4 8 16 17 33 49 82 131 213 262 475 b
1 2 4 8 16 17 33 49 82 131 213 344 475 b
1 2 4 8 16 17 33 49 82 131 213 426 475 b
1 2 4 8 16 17 33 49 82 131 262 344 475 b
1 2 4 8 16 17 33 49 82 131 262 393 475 b
1 2 4 8 16 17 33 49 82 164 213 262 475 b
1 2 4 8 16 17 33 49 82 164 213 426 475 b
1 2 4 8 16 17 33 49 98 115 213 262 475 b
1 2 4 8 16 17 33 49 98 115 213 426 475 b
1 2 4 8 16 17 33 49 98 131 229 246 475 b
1 2 4 8 16 17 33 49 98 131 229 458 475 b
1 2 4 8 16 17 33 49 98 147 164 311 475 b
1 2 4 8 16 17 33 49 98 147 164 328 475 b
1 2 4 8 16 17 33 49 98 196 213 262 475 b
1 2 4 8 16 17 33 49 98 196 213 426 475 b
1 2 4 8 16 17 33 49 98 196 229 246 475 b
1 2 4 8 16 17 33 49 98 196 229 458 475 b
1 2 4 8 16 17 34 51 53 106 212 263 475 b
1 2 4 8 16 17 34 51 53 106 212 424 475 b
1 2 4 8 16 17 34 51 55 106 212 263 475 b
1 2 4 8 16 17 34 51 55 106 212 424 475 b
1 2 4 8 16 17 34 51 67 102 204 271 475 a
1 2 4 8 16 17 34 51 67 102 204 408 475 a
1 2 4 8 16 17 34 51 102 106 212 263 475 b
1 2 4 8 16 17 34 51 102 106 212 424 475 b
1 2 4 8 16 17 34 51 102 110 212 263 475 b
1 2 4 8 16 17 34 51 102 110 212 424 475 b
1 2 4 8 16 17 34 51 102 153 161 314 475 b
1 2 4 8 16 17 34 51 102 153 161 322 475 b
1 2 4 8 16 17 34 51 102 153 169 306 475 a
1 2 4 8 16 17 34 51 102 153 169 322 475 b
1 2 4 8 16 17 34 51 102 153 306 322 475 b
1 2 4 8 16 17 34 51 102 153 306 459 475 b
1 2 4 8 16 17 34 51 102 204 212 263 475 b
1 2 4 8 16 17 34 51 102 204 212 424 475 b
1 2 4 8 16 17 34 51 102 204 220 255 475 a
1 2 4 8 16 17 34 51 102 204 220 271 475 b
1 2 4 8 16 17 34 51 102 204 220 424 475 b
1 2 4 8 16 17 34 51 102 204 255 271 475 b
1 2 4 8 16 17 34 51 102 204 255 459 475 b
1 2 4 8 16 17 34 51 102 204 408 424 475 b
1 2 4 8 16 17 34 51 102 204 408 459 475 b
1 2 4 8 16 17 34 68 85 153 161 314 475 b
1 2 4 8 16 17 34 68 85 153 161 322 475 b
1 2 4 8 16 17 34 68 85 153 169 306 475 a
1 2 4 8 16 17 34 68 85 153 169 322 475 b
1 2 4 8 16 17 34 68 85 153 306 322 475 b
1 2 4 8 16 17 34 68 85 153 306 459 475 b
1 2 4 8 16 17 34 68 136 153 161 314 475 b
1 2 4 8 16 17 34 68 136 153 161 322 475 b
1 2 4 8 16 17 34 68 136 153 169 306 475 a
1 2 4 8 16 17 34 68 136 153 169 322 475 b
1 2 4 8 16 17 34 68 136 153 306 322 475 b
1 2 4 8 16 17 34 68 136 153 306 459 475 b
1 2 4 8 16 18 19 38 57 95 190 285 475 b
1 2 4 8 16 18 19 38 57 95 190 380 475 b
1 2 4 8 16 18 19 38 57 114 228 247 475 b
1 2 4 8 16 18 19 38 57 114 228 456 475 b
1 2 4 8 16 18 19 38 76 95 190 285 475 b
1 2 4 8 16 18 19 38 76 95 190 380 475 b
1 2 4 8 16 18 19 38 76 114 228 247 475 b
1 2 4 8 16 18 19 38 76 114 228 456 475 b
1 2 4 8 16 18 19 38 76 152 171 304 475 a
1 2 4 8 16 18 19 38 76 152 171 323 475 b
1 2 4 8 16 18 19 38 76 152 228 247 475 b
1 2 4 8 16 18 19 38 76 152 228 456 475 b
1 2 4 8 16 18 19 38 76 152 304 323 475 b
1 2 4 8 16 18 19 38 76 152 304 456 475 b
1 2 4 8 16 18 36 37 73 146 183 292 475 a
1 2 4 8 16 18 36 37 73 146 183 329 475 b
1 2 4 8 16 18 36 37 73 146 219 256 475 b
1 2 4 8 16 18 36 37 73 146 219 438 475 b
1 2 4 8 16 18 36 37 73 146 292 329 475 b
1 2 4 8 16 18 36 37 73 146 292 438 475 b
1 2 4 8 16 20 21 37 58 95 190 285 475 b
1 2 4 8 16 20 21 37 58 95 190 380 475 b
1 2 4 8 16 20 21 37 74 95 190 285 475 b
1 2 4 8 16 20 21 37 74 95 190 380 475 b
1 2 4 8 16 20 36 37 73 146 183 292 475 a
1 2 4 8 16 20 36 37 73 146 183 329 475 b
1 2 4 8 16 20 36 37 73 146 219 256 475 b
1 2 4 8 16 20 36 37 73 146 219 438 475 b
1 2 4 8 16 20 36 37 73 146 292 329 475 b
1 2 4 8 16 20 36 37 73 146 292 438 475 b
1 2 4 8 16 20 36 72 73 145 165 310 475 b
1 2 4 8 16 20 36 72 73 145 165 330 475 b
1 2 4 8 16 20 36 72 144 145 165 310 475 b
1 2 4 8 16 20 36 72 144 145 165 330 475 b
1 2 4 8 16 24 25 40 80 105 185 290 475 a
1 2 4 8 16 24 25 40 80 105 185 370 475 a
1 2 4 8 16 24 25 50 75 100 200 275 475 b
1 2 4 8 16 24 25 50 75 100 200 400 475 b
1 2 4 8 16 24 25 50 75 125 175 300 475 b
1 2 4 8 16 24 25 50 75 125 175 350 475 b
1 2 4 8 16 24 25 50 75 125 200 275 475 b
1 2 4 8 16 24 25 50 75 125 200 400 475 b
1 2 4 8 16 24 25 50 75 150 175 300 475 a
1 2 4 8 16 24 25 50 75 150 175 325 475 b
1 2 4 8 16 24 25 50 75 150 200 275 475 b
1 2 4 8 16 24 25 50 75 150 200 400 475 b
1 2 4 8 16 24 25 50 75 150 225 250 475 b
1 2 4 8 16 24 25 50 75 150 225 450 475 b
1 2 4 8 16 24 25 50 75 150 300 325 475 b
1 2 4 8 16 24 25 50 75 150 300 450 475 b
1 2 4 8 16 24 25 50 100 125 175 300 475 b
1 2 4 8 16 24 25 50 100 125 175 350 475 b
1 2 4 8 16 24 25 50 100 125 225 250 475 b
1 2 4 8 16 24 25 50 100 125 225 350 475 b
1 2 4 8 16 24 25 50 100 125 225 450 475 b
1 2 4 8 16 24 25 50 100 125 250 350 475 b
1 2 4 8 16 24 25 50 100 125 250 375 475 b
1 2 4 8 16 24 25 50 100 150 175 300 475 a
1 2 4 8 16 24 25 50 100 150 175 325 475 b
1 2 4 8 16 24 25 50 100 150 300 325 475 b
1 2 4 8 16 24 25 50 100 150 300 450 475 b
1 2 4 8 16 24 25 50 100 200 225 250 475 b
1 2 4 8 16 24 25 50 100 200 225 275 475 b
1 2 4 8 16 24 25 50 100 200 225 425 475 b
1 2 4 8 16 24 25 50 100 200 225 450 475 b
1 2 4 8 16 24 25 50 100 200 250 275 475 b
1 2 4 8 16 24 25 50 100 200 250 450 475 b
1 2 4 8 16 24 25 50 100 200 400 425 475 b
1 2 4 8 16 24 25 50 100 200 400 450 475 b
1 2 4 8 16 24 40 80 81 105 185 290 475 b
1 2 4 8 16 24 40 80 81 105 185 370 475 b
1 2 4 8 16 24 40 80 104 105 185 290 475 b
1 2 4 8 16 24 40 80 104 105 185 370 475 b
1 2 4 8 16 32 33 35 67 102 204 271 475 b
1 2 4 8 16 32 33 35 67 102 204 408 475 b
1 2 4 8 16 32 33 49 82 131 213 262 475 b
1 2 4 8 16 32 33 49 82 131 213 344 475 b
1 2 4 8 16 32 33 49 82 131 213 426 475 b
1 2 4 8 16 32 33 49 82 131 262 344 475 b
1 2 4 8 16 32 33 49 82 131 262 393 475 b
1 2 4 8 16 32 33 49 82 164 213 262 475 b
1 2 4 8 16 32 33 49 82 164 213 426 475 b
1 2 4 8 16 32 33 65 69 134 203 272 475 b
1 2 4 8 16 32 33 65 69 134 203 406 475 b
1 2 4 8 16 32 33 65 69 138 203 272 475 b
1 2 4 8 16 32 33 65 69 138 203 406 475 b
1 2 4 8 16 32 34 35 67 102 204 271 475 b
1 2 4 8 16 32 34 35 67 102 204 408 475 b
1 2 4 8 16 32 34 68 69 137 169 306 475 b
1 2 4 8 16 32 34 68 69 137 169 338 475 b
1 2 4 8 16 32 34 68 136 137 169 306 475 b
1 2 4 8 16 32 34 68 136 137 169 338 475 b
1 2 4 8 16 32 36 37 73 146 183 292 475 a
1 2 4 8 16 32 36 37 73 146 183 329 475 b
1 2 4 8 16 32 36 37 73 146 219 256 475 b
1 2 4 8 16 32 36 37 73 146 219 438 475 b
1 2 4 8 16 32 36 37 73 146 292 329 475 b
1 2 4 8 16 32 36 37 73 146 292 438 475 b
1 2 4 8 16 32 36 68 69 137 169 306 475 b
1 2 4 8 16 32 36 68 69 137 169 338 475 b
1 2 4 8 16 32 36 68 136 137 169 306 475 b
1 2 4 8 16 32 36 68 136 137 169 338 475 b
1 2 4 8 16 32 40 72 73 145 185 290 475 a
1 2 4 8 16 32 40 72 73 145 185 330 475 b
1 2 4 8 16 32 40 72 73 145 290 330 475 b
1 2 4 8 16 32 40 72 73 145 290 435 475 b
1 2 4 8 16 32 40 72 144 145 185 290 475 a
1 2 4 8 16 32 40 72 144 145 185 330 475 b
1 2 4 8 16 32 40 72 144 145 290 330 475 b
1 2 4 8 16 32 40 72 144 145 290 435 475 b
1 2 4 8 16 32 64 65 69 134 203 272 475 b
1 2 4 8 16 32 64 65 69 134 203 406 475 b
1 2 4 8 16 32 64 65 69 138 203 272 475 b
1 2 4 8 16 32 64 65 69 138 203 406 475 b
1 2 4 8 16 32 64 65 72 137 169 306 475 a
1 2 4 8 16 32 64 65 72 137 169 338 475 a
1 2 4 8 16 32 64 65 72 137 201 274 475 a
1 2 4 8 16 32 64 65 72 137 201 338 475 a
1 2 4 8 16 32 64 65 72 137 274 338 475 a
1 2 4 8 16 32 64 65 72 137 274 411 475 a
1 2 4 8 16 32 64 65 73 128 201 274 475 a
1 2 4 8 16 32 64 65 73 128 201 402 475 a
1 2 4 8 16 32 64 65 73 137 169 306 475 b
1 2 4 8 16 32 64 65 73 137 169 338 475 b
1 2 4 8 16 32 64 65 73 137 201 274 475 b
1 2 4 8 16 32 64 65 73 137 201 338 475 b
1 2 4 8 16 32 64 65 73 137 201 402 475 b
1 2 4 8 16 32 64 65 73 137 274 338 475 b
1 2 4 8 16 32 64 65 73 137 274 411 475 b
1 2 4 8 16 32 64 65 129 137 169 306 475 b
1 2 4 8 16 32 64 65 129 137 169 338 475 b
1 2 4 8 16 32 64 65 129 137 201 274 475 a
1 2 4 8 16 32 64 65 129 137 201 338 475 b
1 2 4 8 16 32 64 65 129 137 274 338 475 b
1 2 4 8 16 32 64 65 129 137 274 411 475 b
1 2 4 8 16 32 64 68 69 137 169 306 475 b
1 2 4 8 16 32 64 68 69 137 169 338 475 b
1 2 4 8 16 32 64 68 69 137 201 274 475 a
1 2 4 8 16 32 64 68 69 137 201 338 475 b
1 2 4 8 16 32 64 68 69 137 274 338 475 b
1 2 4 8 16 32 64 68 69 137 274 411 475 b
1 2 4 8 16 32 64 68 136 137 169 306 475 b
1 2 4 8 16 32 64 68 136 137 169 338 475 b
1 2 4 8 16 32 64 68 136 137 201 274 475 a
1 2 4 8 16 32 64 68 136 137 201 338 475 b
1 2 4 8 16 32 64 68 136 137 274 338 475 b
1 2 4 8 16 32 64 68 136 137 274 411 475 b
1 2 4 8 16 32 64 72 73 128 201 274 475 a
1 2 4 8 16 32 64 72 73 128 201 402 475 a
1 2 4 8 16 32 64 72 73 137 169 306 475 b
1 2 4 8 16 32 64 72 73 137 169 338 475 b
1 2 4 8 16 32 64 72 73 137 201 274 475 b
1 2 4 8 16 32 64 72 73 137 201 338 475 b
1 2 4 8 16 32 64 72 73 137 201 402 475 b
1 2 4 8 16 32 64 72 73 137 274 338 475 b
1 2 4 8 16 32 64 72 73 137 274 411 475 b
1 2 4 8 16 32 64 72 136 137 169 306 475 b
1 2 4 8 16 32 64 72 136 137 169 338 475 b
1 2 4 8 16 32 64 72 136 137 201 274 475 a
1 2 4 8 16 32 64 72 136 137 201 338 475 b
1 2 4 8 16 32 64 72 136 137 274 338 475 b
1 2 4 8 16 32 64 72 136 137 274 411 475 b
1 2 4 8 16 32 64 128 129 137 169 306 475 b
1 2 4 8 16 32 64 128 129 137 169 338 475 b
1 2 4 8 16 32 64 128 129 137 201 274 475 a
1 2 4 8 16 32 64 128 129 137 201 338 475 b
1 2 4 8 16 32 64 128 129 137 274 338 475 b
1 2 4 8 16 32 64 128 129 137 274 411 475 b
1 2 4 8 16 32 64 128 136 137 169 306 475 b
1 2 4 8 16 32 64 128 136 137 169 338 475 b
1 2 4 8 16 32 64 128 136 137 201 274 475 a
1 2 4 8 16 32 64 128 136 137 201 338 475 b
1 2 4 8 16 32 64 128 136 137 274 338 475 b
1 2 4 8 16 32 64 128 136 137 274 411 475 b
