1 2 3 4 7 11 22 33 66 132 264 267 531 b
1 2 3 4 7 11 22 33 66 132 264 528 531 b
1 2 3 4 7 11 22 44 66 132 264 267 531 b
1 2 3 4 7 11 22 44 66 132 264 528 531 b
1 2 3 4 7 11 22 44 88 89 177 354 531 b
1 2 3 4 7 11 22 44 88 132 264 267 531 b
1 2 3 4 7 11 22 44 88 132 264 528 531 b
1 2 3 4 7 11 22 44 88 176 177 354 531 b
1 2 3 4 7 11 22 44 88 176 179 352 531 a
1 2 3 4 7 11 22 44 88 176 179 355 531 b
1 2 3 4 7 11 22 44 88 176 264 267 531 b
1 2 3 4 7 11 22 44 88 176 264 528 531 b
1 2 3 4 7 11 22 44 88 176 352 355 531 b
1 2 3 4 7 11 22 44 88 176 352 528 531 b
1 2 3 4 7 14 28 31 59 118 177 354 531 b
1 2 3 4 7 14 28 31 59 118 236 295 531 b
1 2 3 4 7 14 28 31 59 118 236 472 531 b
1 2 3 4 7 14 28 56 59 118 177 354 531 b
1 2 3 4 7 14 28 56 59 118 236 295 531 b
1 2 3 4 7 14 28 56 59 118 236 472 531 b
1 2 3 4 8 11 22 33 66 132 264 267 531 b
1 2 3 4 8 11 22 33 66 132 264 528 531 b
1 2 3 4 8 11 22 44 66 132 264 267 531 b
1 2 3 4 8 11 22 44 66 132 264 528 531 b
1 2 3 4 8 11 22 44 88 89 177 354 531 b
1 2 3 4 8 11 22 44 88 132 264 267 531 b
1 2 3 4 8 11 22 44 88 132 264 528 531 b
1 2 3 4 8 11 22 44 88 176 177 354 531 b
1 2 3 4 8 11 22 44 88 176 179 352 531 a
1 2 3 4 8 11 22 44 88 176 179 355 531 b
1 2 3 4 8 11 22 44 88 176 264 267 531 b
1 2 3 4 8 11 22 44 88 176 264 528 531 b
1 2 3 4 8 11 22 44 88 176 352 355 531 b
1 2 3 4 8 11 22 44 88 176 352 528 531 b
1 2 3 4 8 16 17 33 66 132 264 267 531 b
1 2 3 4 8 16 17 33 66 132 264 528 531 b
1 2 3 4 8 16 19 32 64 128 256 275 531 a
1 2 3 4 8 16 19 32 64 128 256 512 531 a
1 2 3 4 8 16 32 33 66 132 264 267 531 b
1 2 3 4 8 16 32 33 66 132 264 528 531 b
1 2 3 4 8 16 32 34 66 132 264 267 531 b
1 2 3 4 8 16 32 34 66 132 264 528 531 b
1 2 3 4 8 16 32 64 66 132 264 267 531 b
1 2 3 4 8 16 32 64 66 132 264 528 531 b
1 2 3 4 8 16 32 64 68 132 264 267 531 b
1 2 3 4 8 16 32 64 68 132 264 528 531 b
1 2 3 4 8 16 32 64 128 132 264 267 531 b
1 2 3 4 8 16 32 64 128 132 264 528 531 b
1 2 3 4 8 16 32 64 128 136 264 267 531 b
1 2 3 4 8 16 32 64 128 136 264 528 531 b
1 2 3 4 8 16 32 64 128 256 259 272 531 a
1 2 3 4 8 16 32 64 128 256 259 275 531 b
1 2 3 4 8 16 32 64 128 256 259 515 531 b
1 2 3 4 8 16 32 64 128 256 264 267 531 b
1 2 3 4 8 16 32 64 128 256 264 528 531 b
1 2 3 4 8 16 32 64 128 256 272 275 531 b
1 2 3 4 8 16 32 64 128 256 272 528 531 b
1 2 3 4 8 16 32 64 128 256 512 515 531 b
1 2 3 4 8 16 32 64 128 256 512 528 531 b
1 2 3 5 6 11 22 33 66 132 264 267 531 b
1 2 3 5 6 11 22 33 66 132 264 528 531 b
1 2 3 5 6 11 22 44 66 132 264 267 531 b
1 2 3 5 6 11 22 44 66 132 264 528 531 b
1 2 3 5 6 11 22 44 88 89 177 354 531 b
1 2 3 5 6 11 22 44 88 132 264 267 531 b
1 2 3 5 6 11 22 44 88 132 264 528 531 b
1 2 3 5 6 11 22 44 88 176 177 354 531 b
1 2 3 5 6 11 22 44 88 176 179 352 531 a
1 2 3 5 6 11 22 44 88 176 179 355 531 b
1 2 3 5 6 11 22 44 88 176 264 267 531 b
1 2 3 5 6 11 22 44 88 176 264 528 531 b
1 2 3 5 6 11 22 44 88 176 352 355 531 b
1 2 3 5 6 11 22 44 88 176 352 528 531 b
1 2 3 5 7 14 19 33 66 132 264 267 531 b
1 2 3 5 7 14 19 33 66 132 264 528 531 b
1 2 3 5 7 14 28 31 59 118 177 354 531 b
1 2 3 5 7 14 28 31 59 118 236 295 531 b
1 2 3 5 7 14 28 31 59 118 236 472 531 b
1 2 3 5 7 14 28 33 66 132 264 267 531 b
1 2 3 5 7 14 28 33 66 132 264 528 531 b
1 2 3 5 7 14 28 56 59 118 177 354 531 b
1 2 3 5 7 14 28 56 59 118 236 295 531 b
1 2 3 5 7 14 28 56 59 118 236 472 531 b
1 2 3 5 8 11 22 33 66 132 264 267 531 b
1 2 3 5 8 11 22 33 66 132 264 528 531 b
1 2 3 5 8 11 22 44 66 132 264 267 531 b
1 2 3 5 8 11 22 44 66 132 264 528 531 b
1 2 3 5 8 11 22 44 88 89 177 354 531 b
1 2 3 5 8 11 22 44 88 132 264 267 531 b
1 2 3 5 8 11 22 44 88 132 264 528 531 b
1 2 3 5 8 11 22 44 88 176 177 354 531 b
1 2 3 5 8 11 22 44 88 176 179 352 531 a
1 2 3 5 8 11 22 44 88 176 179 355 531 b
1 2 3 5 8 11 22 44 88 176 264 267 531 b
1 2 3 5 8 11 22 44 88 176 264 528 531 b
1 2 3 5 8 11 22 44 88 176 352 355 531 b
1 2 3 5 8 11 22 44 88 176 352 528 531 b
1 2 3 5 8 16 17 33 66 132 264 267 531 b
1 2 3 5 8 16 17 33 66 132 264 528 531 b
1 2 3 5 8 16 19 32 64 128 256 275 531 a
1 2 3 5 8 16 19 32 64 128 256 512 531 a
1 2 3 5 8 16 32 33 66 132 264 267 531 b
1 2 3 5 8 16 32 33 66 132 264 528 531 b
1 2 3 5 8 16 32 34 66 132 264 267 531 b
1 2 3 5 8 16 32 34 66 132 264 528 531 b
1 2 3 5 8 16 32 64 66 132 264 267 531 b
1 2 3 5 8 16 32 64 66 132 264 528 531 b
1 2 3 5 8 16 32 64 128 136 264 267 531 b
1 2 3 5 8 16 32 64 128 136 264 528 531 b
1 2 3 5 8 16 32 64 128 256 259 272 531 a
1 2 3 5 8 16 32 64 128 256 259 275 531 b
1 2 3 5 8 16 32 64 128 256 259 515 531 b
1 2 3 5 8 16 32 64 128 256 264 267 531 b
1 2 3 5 8 16 32 64 128 256 264 528 531 b
1 2 3 5 8 16 32 64 128 256 272 275 531 b
1 2 3 5 8 16 32 64 128 256 272 528 531 b
1 2 3 5 8 16 32 64 128 256 512 515 531 b
1 2 3 5 8 16 32 64 128 256 512 528 531 b
1 2 3 5 10 11 22 33 66 132 264 267 531 b
1 2 3 5 10 11 22 33 66 132 264 528 531 b
1 2 3 5 10 11 22 44 66 132 264 267 531 b
1 2 3 5 10 11 22 44 66 132 264 528 531 b
1 2 3 5 10 11 22 44 88 89 177 354 531 b
1 2 3 5 10 11 22 44 88 132 264 267 531 b
1 2 3 5 10 11 22 44 88 132 264 528 531 b
1 2 3 5 10 11 22 44 88 176 177 354 531 b
1 2 3 5 10 11 22 44 88 176 179 352 531 a
1 2 3 5 10 11 22 44 88 176 179 355 531 b
1 2 3 5 10 11 22 44 88 176 264 267 531 b
1 2 3 5 10 11 22 44 88 176 264 528 531 b
1 2 3 5 10 11 22 44 88 176 352 355 531 b
1 2 3 5 10 11 22 44 88 176 352 528 531 b
1 2 3 5 10 12 22 44 66 132 264 267 531 b
1 2 3 5 10 12 22 44 66 132 264 528 531 b
1 2 3 5 10 12 22 44 88 89 177 354 531 b
1 2 3 5 10 12 22 44 88 132 264 267 531 b
1 2 3 5 10 12 22 44 88 132 264 528 531 b
1 2 3 5 10 12 22 44 88 176 177 354 531 b
1 2 3 5 10 12 22 44 88 176 179 352 531 a
1 2 3 5 10 12 22 44 88 176 179 355 531 b
1 2 3 5 10 12 22 44 88 176 264 267 531 b
1 2 3 5 10 12 22 44 88 176 264 528 531 b
1 2 3 5 10 12 22 44 88 176 352 355 531 b
1 2 3 5 10 12 22 44 88 176 352 528 531 b
1 2 3 5 10 13 20 33 66 132 264 267 531 a
1 2 3 5 10 13 20 33 66 132 264 528 531 a
1 2 3 5 10 13 23 33 66 132 264 267 531 b
1 2 3 5 10 13 23 33 66 132 264 528 531 b
1 2 3 5 10 13 23 36 59 118 177 354 531 b
1 2 3 5 10 13 23 36 59 118 236 295 531 b
1 2 3 5 10 13 23 36 59 118 236 472 531 b
1 2 3 5 10 13 23 46 59 118 177 354 531 b
1 2 3 5 10 13 23 46 59 118 236 295 531 b
1 2 3 5 10 13 23 46 59 118 236 472 531 b
1 2 3 5 10 15 18 33 66 132 264 267 531 b
1 2 3 5 10 15 18 33 66 132 264 528 531 b
1 2 3 5 10 15 30 33 66 132 264 267 531 b
1 2 3 5 10 15 30 33 66 132 264 528 531 b
1 2 3 5 10 20 22 44 66 132 264 267 531 b
1 2 3 5 10 20 22 44 66 132 264 528 531 b
1 2 3 5 10 20 22 44 88 89 177 354 531 b
1 2 3 5 10 20 22 44 88 132 264 267 531 b
1 2 3 5 10 20 22 44 88 132 264 528 531 b
1 2 3 5 10 20 22 44 88 176 177 354 531 b
1 2 3 5 10 20 22 44 88 176 179 352 531 a
1 2 3 5 10 20 22 44 88 176 179 355 531 b
1 2 3 5 10 20 22 44 88 176 264 267 531 b
1 2 3 5 10 20 22 44 88 176 264 528 531 b
1 2 3 5 10 20 22 44 88 176 352 355 531 b
1 2 3 5 10 20 22 44 88 176 352 528 531 b
1 2 3 5 10 20 23 33 66 132 264 267 531 b
1 2 3 5 10 20 23 33 66 132 264 528 531 b
1 2 3 5 10 20 23 43 66 132 264 267 531 b
1 2 3 5 10 20 23 43 66 132 264 528 531 b
1 2 3 5 10 20 23 43 86 91 177 354 531 b
1 2 3 5 10 20 23 43 86 172 177 354 531 b
1 2 3 5 10 20 23 46 66 132 264 267 531 b
1 2 3 5 10 20 23 46 66 132 264 528 531 b
1 2 3 5 10 20 30 33 66 132 264 267 531 b
1 2 3 5 10 20 30 33 66 132 264 528 531 b
1 2 3 5 10 20 40 43 86 91 177 354 531 b
1 2 3 5 10 20 40 43 86 172 177 354 531 b
1 2 3 6 7 13 19 32 64 128 256 275 531 b
1 2 3 6 7 13 19 32 64 128 256 512 531 b
1 2 3 6 7 13 20 33 66 132 264 267 531 b
1 2 3 6 7 13 20 33 66 132 264 528 531 b
1 2 3 6 7 13 26 33 59 118 177 354 531 b
1 2 3 6 7 13 26 33 59 118 236 295 531 b
1 2 3 6 7 13 26 33 59 118 236 472 531 b
1 2 3 6 7 13 26 33 66 132 264 267 531 b
1 2 3 6 7 13 26 33 66 132 264 528 531 b
1 2 3 6 7 13 26 52 59 118 177 354 531 b
1 2 3 6 7 13 26 52 59 118 236 295 531 b
1 2 3 6 7 13 26 52 59 118 236 472 531 b
1 2 3 6 7 14 28 31 59 118 177 354 531 b
1 2 3 6 7 14 28 31 59 118 236 295 531 b
1 2 3 6 7 14 28 31 59 118 236 472 531 b
1 2 3 6 7 14 28 56 59 118 177 354 531 b
1 2 3 6 7 14 28 56 59 118 236 295 531 b
1 2 3 6 7 14 28 56 59 118 236 472 531 b
1 2 3 6 8 11 22 33 66 132 264 267 531 b
1 2 3 6 8 11 22 33 66 132 264 528 531 b
1 2 3 6 8 11 22 44 66 132 264 267 531 b
1 2 3 6 8 11 22 44 66 132 264 528 531 b
1 2 3 6 8 11 22 44 88 89 177 354 531 b
1 2 3 6 8 11 22 44 88 132 264 267 531 b
1 2 3 6 8 11 22 44 88 132 264 528 531 b
1 2 3 6 8 11 22 44 88 176 177 354 531 b
1 2 3 6 8 11 22 44 88 176 179 352 531 a
1 2 3 6 8 11 22 44 88 176 179 355 531 b
1 2 3 6 8 11 22 44 88 176 264 267 531 b
1 2 3 6 8 11 22 44 88 176 264 528 531 b
1 2 3 6 8 11 22 44 88 176 352 355 531 b
1 2 3 6 8 11 22 44 88 176 352 528 531 b
1 2 3 6 8 14 22 44 66 132 264 267 531 b
1 2 3 6 8 14 22 44 66 132 264 528 531 b
1 2 3 6 8 14 22 44 88 89 177 354 531 b
1 2 3 6 8 14 22 44 88 132 264 267 531 b
1 2 3 6 8 14 22 44 88 132 264 528 531 b
1 2 3 6 8 14 22 44 88 176 177 354 531 b
1 2 3 6 8 14 22 44 88 176 179 352 531 a
1 2 3 6 8 14 22 44 88 176 179 355 531 b
1 2 3 6 8 14 22 44 88 176 264 267 531 b
1 2 3 6 8 14 22 44 88 176 264 528 531 b
1 2 3 6 8 14 22 44 88 176 352 355 531 b
1 2 3 6 8 14 22 44 88 176 352 528 531 b
1 2 3 6 8 14 28 31 59 118 177 354 531 b
1 2 3 6 8 14 28 31 59 118 236 295 531 b
1 2 3 6 8 14 28 31 59 118 236 472 531 b
1 2 3 6 8 14 28 56 59 118 177 354 531 b
1 2 3 6 8 14 28 56 59 118 236 295 531 b
1 2 3 6 8 14 28 56 59 118 236 472 531 b
1 2 3 6 8 16 17 33 66 132 264 267 531 b
1 2 3 6 8 16 17 33 66 132 264 528 531 b
1 2 3 6 8 16 19 32 64 128 256 275 531 a
1 2 3 6 8 16 19 32 64 128 256 512 531 a
1 2 3 6 8 16 22 44 66 132 264 267 531 b
1 2 3 6 8 16 22 44 66 132 264 528 531 b
1 2 3 6 8 16 22 44 88 89 177 354 531 b
1 2 3 6 8 16 22 44 88 132 264 267 531 b
1 2 3 6 8 16 22 44 88 132 264 528 531 b
1 2 3 6 8 16 22 44 88 176 177 354 531 b
1 2 3 6 8 16 22 44 88 176 179 352 531 a
1 2 3 6 8 16 22 44 88 176 179 355 531 b
1 2 3 6 8 16 22 44 88 176 264 267 531 b
1 2 3 6 8 16 22 44 88 176 264 528 531 b
1 2 3 6 8 16 22 44 88 176 352 355 531 b
1 2 3 6 8 16 22 44 88 176 352 528 531 b
1 2 3 6 8 16 32 33 66 132 264 267 531 b
1 2 3 6 8 16 32 33 66 132 264 528 531 b
1 2 3 6 8 16 32 34 66 132 264 267 531 b
1 2 3 6 8 16 32 34 66 132 264 528 531 b
1 2 3 6 8 16 32 64 66 132 264 267 531 b
1 2 3 6 8 16 32 64 66 132 264 528 531 b
1 2 3 6 8 16 32 64 128 136 264 267 531 b
1 2 3 6 8 16 32 64 128 136 264 528 531 b
1 2 3 6 8 16 32 64 128 256 259 272 531 a
1 2 3 6 8 16 32 64 128 256 259 275 531 b
1 2 3 6 8 16 32 64 128 256 259 515 531 b
1 2 3 6 8 16 32 64 128 256 264 267 531 b
1 2 3 6 8 16 32 64 128 256 264 528 531 b
1 2 3 6 8 16 32 64 128 256 272 275 531 b
1 2 3 6 8 16 32 64 128 256 272 528 531 b
1 2 3 6 8 16 32 64 128 256 512 515 531 b
1 2 3 6 8 16 32 64 128 256 512 528 531 b
1 2 3 6 9 11 22 33 66 132 264 267 531 b
1 2 3 6 9 11 22 33 66 132 264 528 531 b
1 2 3 6 9 11 22 44 66 132 264 267 531 b
1 2 3 6 9 11 22 44 66 132 264 528 531 b
1 2 3 6 9 11 22 44 88 89 177 354 531 b
1 2 3 6 9 11 22 44 88 132 264 267 531 b
1 2 3 6 9 11 22 44 88 132 264 528 531 b
1 2 3 6 9 11 22 44 88 176 177 354 531 b
1 2 3 6 9 11 22 44 88 176 179 352 531 a
1 2 3 6 9 11 22 44 88 176 179 355 531 b
1 2 3 6 9 11 22 44 88 176 264 267 531 b
1 2 3 6 9 11 22 44 88 176 264 528 531 b
1 2 3 6 9 11 22 44 88 176 352 355 531 b
1 2 3 6 9 11 22 44 88 176 352 528 531 b
1 2 3 6 9 12 21 33 66 132 264 267 531 b
1 2 3 6 9 12 21 33 66 132 264 528 531 b
1 2 3 6 9 12 21 42 84 93 177 354 531 b
1 2 3 6 9 12 21 42 84 168 177 354 531 b
1 2 3 6 9 12 24 33 66 132 264 267 531 b
1 2 3 6 9 12 24 33 66 132 264 528 531 b
1 2 3 6 9 15 18 33 66 132 264 267 531 b
1 2 3 6 9 15 18 33 66 132 264 528 531 b
1 2 3 6 9 15 21 42 84 93 177 354 531 b
1 2 3 6 9 15 21 42 84 168 177 354 531 b
1 2 3 6 9 15 24 33 66 132 264 267 531 b
1 2 3 6 9 15 24 33 66 132 264 528 531 b
1 2 3 6 9 15 30 33 66 132 264 267 531 b
1 2 3 6 9 15 30 33 66 132 264 528 531 b
1 2 3 6 9 15 30 36 66 132 264 267 531 b
1 2 3 6 9 15 30 36 66 132 264 528 531 b
1 2 3 6 9 15 30 39 69 108 177 354 531 b
1 2 3 6 9 15 30 39 69 138 177 354 531 b
1 2 3 6 9 15 30 60 66 132 264 267 531 b
1 2 3 6 9 15 30 60 66 132 264 528 531 b
1 2 3 6 9 15 30 60 69 129 258 273 531 b
1 2 3 6 9 15 30 60 69 129 258 516 531 b
1 2 3 6 9 15 30 60 120 129 258 273 531 b
1 2 3 6 9 15 30 60 120 129 258 516 531 b
1 2 3 6 9 18 21 39 78 99 177 354 531 b
1 2 3 6 9 18 21 39 78 156 177 354 531 b
1 2 3 6 9 18 21 42 84 93 177 354 531 b
1 2 3 6 9 18 21 42 84 168 177 354 531 b
1 2 3 6 9 18 24 33 66 132 264 267 531 b
1 2 3 6 9 18 24 33 66 132 264 528 531 b
1 2 3 6 9 18 24 42 66 132 264 267 531 b
1 2 3 6 9 18 24 42 66 132 264 528 531 b
1 2 3 6 9 18 24 42 84 93 177 354 531 b
1 2 3 6 9 18 24 42 84 168 177 354 531 b
1 2 3 6 9 18 24 48 66 132 264 267 531 b
1 2 3 6 9 18 24 48 66 132 264 528 531 b
1 2 3 6 9 18 27 33 66 132 264 267 531 b
1 2 3 6 9 18 27 33 66 132 264 528 531 b
1 2 3 6 9 18 27 36 63 126 252 279 531 b
1 2 3 6 9 18 27 36 63 126 252 504 531 b
1 2 3 6 9 18 27 45 63 126 252 279 531 b
1 2 3 6 9 18 27 45 63 126 252 504 531 b
1 2 3 6 9 18 27 45 90 117 207 324 531 b
1 2 3 6 9 18 27 45 90 117 207 414 531 b
1 2 3 6 9 18 27 54 63 117 234 297 531 b
1 2 3 6 9 18 27 54 63 117 234 468 531 b
1 2 3 6 9 18 27 54 63 126 252 279 531 b
1 2 3 6 9 18 27 54 63 126 252 504 531 b
1 2 3 6 9 18 27 54 72 126 252 279 531 b
1 2 3 6 9 18 27 54 72 126 252 504 531 b
1 2 3 6 9 18 27 54 108 126 252 279 531 b
1 2 3 6 9 18 27 54 108 126 252 504 531 b
1 2 3 6 9 18 36 39 75 114 228 303 531 b
1 2 3 6 9 18 36 39 75 114 228 456 531 b
1 2 3 6 9 18 36 42 84 93 177 354 531 b
1 2 3 6 9 18 36 42 84 168 177 354 531 b
1 2 3 6 9 18 36 45 81 162 207 324 531 a
1 2 3 6 9 18 36 45 81 162 207 369 531 b
1 2 3 6 9 18 36 45 81 162 243 288 531 b
1 2 3 6 9 18 36 45 81 162 243 486 531 b
1 2 3 6 9 18 36 45 81 162 324 369 531 b
1 2 3 6 9 18 36 45 81 162 324 486 531 b
1 2 3 6 9 18 36 54 63 117 234 297 531 b
1 2 3 6 9 18 36 54 63 117 234 468 531 b
1 2 3 6 9 18 36 72 81 144 225 306 531 a
1 2 3 6 9 18 36 72 81 144 225 450 531 a
1 2 3 6 9 18 36 72 81 153 189 342 531 b
1 2 3 6 9 18 36 72 81 153 189 378 531 b
1 2 3 6 9 18 36 72 81 153 225 306 531 b
1 2 3 6 9 18 36 72 81 153 225 378 531 b
1 2 3 6 9 18 36 72 81 153 225 450 531 b
1 2 3 6 9 18 36 72 81 153 306 378 531 b
1 2 3 6 9 18 36 72 81 153 306 459 531 b
1 2 3 6 9 18 36 72 144 153 189 342 531 b
1 2 3 6 9 18 36 72 144 153 189 378 531 b
1 2 3 6 9 18 36 72 144 153 225 306 531 a
1 2 3 6 9 18 36 72 144 153 225 378 531 b
1 2 3 6 9 18 36 72 144 153 306 378 531 b
1 2 3 6 9 18 36 72 144 153 306 459 531 b
1 2 3 6 12 13 19 32 64 128 256 275 531 b
1 2 3 6 12 13 19 32 64 128 256 512 531 b
1 2 3 6 12 13 25 38 76 101 177 354 531 b
1 2 3 6 12 13 25 38 76 152 177 354 531 b
1 2 3 6 12 14 26 40 66 132 264 267 531 b
1 2 3 6 12 14 26 40 66 132 264 528 531 b
1 2 3 6 12 14 26 52 66 132 264 267 531 b
1 2 3 6 12 14 26 52 66 132 264 528 531 b
1 2 3 6 12 14 28 31 59 118 177 354 531 b
1 2 3 6 12 14 28 31 59 118 236 295 531 b
1 2 3 6 12 14 28 31 59 118 236 472 531 b
1 2 3 6 12 14 28 56 59 118 177 354 531 b
1 2 3 6 12 14 28 56 59 118 236 295 531 b
1 2 3 6 12 14 28 56 59 118 236 472 531 b
1 2 3 6 12 15 18 33 66 132 264 267 531 b
1 2 3 6 12 15 18 33 66 132 264 528 531 b
1 2 3 6 12 15 21 33 66 132 264 267 531 b
1 2 3 6 12 15 21 33 66 132 264 528 531 b
1 2 3 6 12 15 27 33 66 132 264 267 531 b
1 2 3 6 12 15 27 33 66 132 264 528 531 b
1 2 3 6 12 15 27 39 66 132 264 267 531 b
1 2 3 6 12 15 27 39 66 132 264 528 531 b
1 2 3 6 12 15 27 42 84 126 252 279 531 b
1 2 3 6 12 15 27 42 84 126 252 504 531 b
1 2 3 6 12 15 27 42 84 168 195 336 531 a
1 2 3 6 12 15 27 42 84 168 195 363 531 b
1 2 3 6 12 15 27 42 84 168 252 279 531 b
1 2 3 6 12 15 27 42 84 168 252 504 531 b
1 2 3 6 12 15 27 42 84 168 336 363 531 b
1 2 3 6 12 15 27 42 84 168 336 504 531 b
1 2 3 6 12 15 27 54 66 132 264 267 531 b
1 2 3 6 12 15 27 54 66 132 264 528 531 b
1 2 3 6 12 15 27 54 69 108 177 354 531 a
1 2 3 6 12 15 27 54 69 123 177 354 531 b
1 2 3 6 12 15 27 54 81 96 177 354 531 b
1 2 3 6 12 15 27 54 81 162 177 354 531 b
1 2 3 6 12 15 27 54 108 123 177 354 531 b
1 2 3 6 12 15 27 54 108 162 177 354 531 b
1 2 3 6 12 15 30 33 66 132 264 267 531 b
1 2 3 6 12 15 30 33 66 132 264 528 531 b
1 2 3 6 12 15 30 36 66 132 264 267 531 b
1 2 3 6 12 15 30 36 66 132 264 528 531 b
1 2 3 6 12 15 30 60 66 132 264 267 531 b
1 2 3 6 12 15 30 60 66 132 264 528 531 b
1 2 3 6 12 15 30 60 72 132 264 267 531 b
1 2 3 6 12 15 30 60 72 132 264 528 531 b
1 2 3 6 12 15 30 60 120 132 264 267 531 b
1 2 3 6 12 15 30 60 120 132 264 528 531 b
1 2 3 6 12 18 21 33 66 132 264 267 531 b
1 2 3 6 12 18 21 33 66 132 264 528 531 b
1 2 3 6 12 18 21 39 78 99 177 354 531 b
1 2 3 6 12 18 21 39 78 156 177 354 531 b
1 2 3 6 12 18 24 42 66 132 264 267 531 b
1 2 3 6 12 18 24 42 66 132 264 528 531 b
1 2 3 6 12 18 24 48 66 132 264 267 531 b
1 2 3 6 12 18 24 48 66 132 264 528 531 b
1 2 3 6 12 18 30 33 66 132 264 267 531 b
1 2 3 6 12 18 30 33 66 132 264 528 531 b
1 2 3 6 12 18 30 36 66 132 264 267 531 b
1 2 3 6 12 18 30 36 66 132 264 528 531 b
1 2 3 6 12 18 30 48 66 132 264 267 531 b
1 2 3 6 12 18 30 48 66 132 264 528 531 b
1 2 3 6 12 18 30 60 66 132 264 267 531 b
1 2 3 6 12 18 30 60 66 132 264 528 531 b
1 2 3 6 12 18 30 60 72 132 264 267 531 b
1 2 3 6 12 18 30 60 72 132 264 528 531 b
1 2 3 6 12 18 30 60 120 132 264 267 531 b
1 2 3 6 12 18 30 60 120 132 264 528 531 b
1 2 3 6 12 18 36 39 75 114 228 303 531 b
1 2 3 6 12 18 36 39 75 114 228 456 531 b
1 2 3 6 12 18 36 48 66 132 264 267 531 b
1 2 3 6 12 18 36 48 66 132 264 528 531 b
1 2 3 6 12 18 36 48 84 132 264 267 531 b
1 2 3 6 12 18 36 48 84 132 264 528 531 b
1 2 3 6 12 18 36 48 96 132 264 267 531 b
1 2 3 6 12 18 36 48 96 132 264 528 531 b
1 2 3 6 12 18 36 54 66 132 264 267 531 b
1 2 3 6 12 18 36 54 66 132 264 528 531 b
1 2 3 6 12 24 27 33 66 132 264 267 531 b
1 2 3 6 12 24 27 33 66 132 264 528 531 b
1 2 3 6 12 24 27 36 63 126 252 279 531 a
1 2 3 6 12 24 27 36 63 126 252 504 531 a
1 2 3 6 12 24 27 39 63 126 252 279 531 b
1 2 3 6 12 24 27 39 63 126 252 504 531 b
1 2 3 6 12 24 27 39 66 132 264 267 531 b
1 2 3 6 12 24 27 39 66 132 264 528 531 b
1 2 3 6 12 24 27 48 75 102 177 354 531 a
1 2 3 6 12 24 27 48 75 150 177 354 531 a
1 2 3 6 12 24 27 51 63 114 177 354 531 b
1 2 3 6 12 24 27 51 63 126 177 354 531 b
1 2 3 6 12 24 27 51 63 126 252 279 531 b
1 2 3 6 12 24 27 51 63 126 252 504 531 b
1 2 3 6 12 24 27 51 75 102 177 354 531 b
1 2 3 6 12 24 27 51 75 126 177 354 531 b
1 2 3 6 12 24 27 51 75 126 252 279 531 b
1 2 3 6 12 24 27 51 75 126 252 504 531 b
1 2 3 6 12 24 27 51 75 150 177 354 531 b
1 2 3 6 12 24 27 51 102 126 177 354 531 b
1 2 3 6 12 24 27 51 102 126 252 279 531 b
1 2 3 6 12 24 27 51 102 126 252 504 531 b
1 2 3 6 12 24 27 51 102 153 177 354 531 b
1 2 3 6 12 24 27 54 66 132 264 267 531 b
1 2 3 6 12 24 27 54 66 132 264 528 531 b
1 2 3 6 12 24 27 54 78 132 264 267 531 b
1 2 3 6 12 24 27 54 78 132 264 528 531 b
1 2 3 6 12 24 27 54 108 132 264 267 531 b
1 2 3 6 12 24 27 54 108 132 264 528 531 b
1 2 3 6 12 24 30 33 66 132 264 267 531 b
1 2 3 6 12 24 30 33 66 132 264 528 531 b
1 2 3 6 12 24 30 36 66 132 264 267 531 b
1 2 3 6 12 24 30 36 66 132 264 528 531 b
1 2 3 6 12 24 30 42 66 132 264 267 531 b
1 2 3 6 12 24 30 42 66 132 264 528 531 b
1 2 3 6 12 24 30 54 66 132 264 267 531 b
1 2 3 6 12 24 30 54 66 132 264 528 531 b
1 2 3 6 12 24 30 54 78 132 264 267 531 b
1 2 3 6 12 24 30 54 78 132 264 528 531 b
1 2 3 6 12 24 30 54 108 132 264 267 531 b
1 2 3 6 12 24 30 54 108 132 264 528 531 b
1 2 3 6 12 24 30 60 66 132 264 267 531 b
1 2 3 6 12 24 30 60 66 132 264 528 531 b
1 2 3 6 12 24 30 60 72 132 264 267 531 b
1 2 3 6 12 24 30 60 72 132 264 528 531 b
1 2 3 6 12 24 30 60 120 132 264 267 531 b
1 2 3 6 12 24 30 60 120 132 264 528 531 b
1 2 3 6 12 24 30 60 120 144 264 267 531 b
1 2 3 6 12 24 30 60 120 144 264 528 531 b
1 2 3 6 12 24 30 60 120 240 264 267 531 b
1 2 3 6 12 24 30 60 120 240 264 528 531 b
1 2 3 6 12 24 36 39 75 114 228 303 531 b
1 2 3 6 12 24 36 39 75 114 228 456 531 b
1 2 3 6 12 24 36 42 66 132 264 267 531 b
1 2 3 6 12 24 36 42 66 132 264 528 531 b
1 2 3 6 12 24 36 48 84 132 264 267 531 b
1 2 3 6 12 24 36 48 84 132 264 528 531 b
1 2 3 6 12 24 36 48 96 132 264 267 531 b
1 2 3 6 12 24 36 48 96 132 264 528 531 b
1 2 3 6 12 24 36 60 66 132 264 267 531 b
1 2 3 6 12 24 36 60 66 132 264 528 531 b
1 2 3 6 12 24 36 60 72 132 264 267 531 b
1 2 3 6 12 24 36 60 72 132 264 528 531 b
1 2 3 6 12 24 36 60 96 132 264 267 531 b
1 2 3 6 12 24 36 60 96 132 264 528 531 b
1 2 3 6 12 24 36 60 120 132 264 267 531 b
1 2 3 6 12 24 36 60 120 132 264 528 531 b
1 2 3 6 12 24 36 60 120 144 264 267 531 b
1 2 3 6 12 24 36 60 120 144 264 528 531 b
1 2 3 6 12 24 36 60 120 240 264 267 531 b
1 2 3 6 12 24 36 60 120 240 264 528 531 b
1 2 3 6 12 24 36 72 96 132 264 267 531 b
1 2 3 6 12 24 36 72 96 132 264 528 531 b
1 2 3 6 12 24 36 72 96 168 264 267 531 b
1 2 3 6 12 24 36 72 96 168 264 528 531 b
1 2 3 6 12 24 36 72 96 192 264 267 531 b
1 2 3 6 12 24 36 72 96 192 264 528 531 b
1 2 3 6 12 24 36 72 108 132 264 267 531 b
1 2 3 6 12 24 36 72 108 132 264 528 531 b
1 2 3 6 12 24 48 49 96 145 193 338 531 a
1 2 3 6 12 24 48 49 96 145 193 386 531 a
1 2 3 6 12 24 48 49 96 145 241 290 531 a
1 2 3 6 12 24 48 49 96 145 241 386 531 a
1 2 3 6 12 24 48 49 96 145 241 482 531 a
1 2 3 6 12 24 48 49 96 145 290 386 531 a
1 2 3 6 12 24 48 49 96 145 290 435 531 a
1 2 3 6 12 24 48 49 96 192 241 290 531 a
1 2 3 6 12 24 48 49 96 192 241 482 531 a
1 2 3 6 12 24 48 49 97 145 193 338 531 b
1 2 3 6 12 24 48 49 97 145 193 386 531 b
1 2 3 6 12 24 48 51 60 120 240 291 531 a
1 2 3 6 12 24 48 51 60 120 240 480 531 a
1 2 3 6 12 24 48 51 63 114 177 354 531 b
1 2 3 6 12 24 48 51 63 126 177 354 531 b
1 2 3 6 12 24 48 51 72 120 240 291 531 a
1 2 3 6 12 24 48 51 72 120 240 480 531 a
1 2 3 6 12 24 48 51 75 102 177 354 531 a
1 2 3 6 12 24 48 51 75 126 177 354 531 b
1 2 3 6 12 24 48 51 96 120 240 291 531 a
1 2 3 6 12 24 48 51 96 120 240 480 531 a
1 2 3 6 12 24 48 51 96 144 240 291 531 a
1 2 3 6 12 24 48 51 96 144 240 480 531 a
1 2 3 6 12 24 48 51 96 147 192 339 531 a
1 2 3 6 12 24 48 51 96 147 192 384 531 a
1 2 3 6 12 24 48 51 96 192 240 291 531 a
1 2 3 6 12 24 48 51 96 192 240 480 531 a
1 2 3 6 12 24 48 51 96 192 243 288 531 a
1 2 3 6 12 24 48 51 96 192 243 339 531 a
1 2 3 6 12 24 48 51 96 192 243 435 531 a
1 2 3 6 12 24 48 51 96 192 288 339 531 a
1 2 3 6 12 24 48 51 96 192 288 480 531 a
1 2 3 6 12 24 48 51 96 192 384 435 531 a
1 2 3 6 12 24 48 51 96 192 384 480 531 a
1 2 3 6 12 24 48 51 99 111 210 321 531 b
1 2 3 6 12 24 48 51 99 111 210 420 531 b
1 2 3 6 12 24 48 51 102 126 177 354 531 b
1 2 3 6 12 24 48 51 102 153 177 354 531 b
1 2 3 6 12 24 48 54 66 132 264 267 531 b
1 2 3 6 12 24 48 54 66 132 264 528 531 b
1 2 3 6 12 24 48 54 78 132 264 267 531 b
1 2 3 6 12 24 48 54 78 132 264 528 531 b
1 2 3 6 12 24 48 54 108 132 264 267 531 b
1 2 3 6 12 24 48 54 108 132 264 528 531 b
1 2 3 6 12 24 48 54 108 156 264 267 531 b
1 2 3 6 12 24 48 54 108 156 264 528 531 b
1 2 3 6 12 24 48 54 108 216 264 267 531 b
1 2 3 6 12 24 48 54 108 216 264 528 531 b
1 2 3 6 12 24 48 60 66 132 264 267 531 b
1 2 3 6 12 24 48 60 66 132 264 528 531 b
1 2 3 6 12 24 48 60 72 132 264 267 531 b
1 2 3 6 12 24 48 60 72 132 264 528 531 b
1 2 3 6 12 24 48 60 84 132 264 267 531 b
1 2 3 6 12 24 48 60 84 132 264 528 531 b
1 2 3 6 12 24 48 60 108 132 264 267 531 b
1 2 3 6 12 24 48 60 108 132 264 528 531 b
1 2 3 6 12 24 48 60 108 156 264 267 531 b
1 2 3 6 12 24 48 60 108 156 264 528 531 b
1 2 3 6 12 24 48 60 108 216 264 267 531 b
1 2 3 6 12 24 48 60 108 216 264 528 531 b
1 2 3 6 12 24 48 60 120 132 264 267 531 b
1 2 3 6 12 24 48 60 120 132 264 528 531 b
1 2 3 6 12 24 48 60 120 144 264 267 531 b
1 2 3 6 12 24 48 60 120 144 264 528 531 b
1 2 3 6 12 24 48 60 120 240 243 288 531 a
1 2 3 6 12 24 48 60 120 240 243 291 531 b
1 2 3 6 12 24 48 60 120 240 243 483 531 b
1 2 3 6 12 24 48 60 120 240 264 267 531 b
1 2 3 6 12 24 48 60 120 240 264 528 531 b
1 2 3 6 12 24 48 60 120 240 288 291 531 b
1 2 3 6 12 24 48 60 120 240 288 528 531 b
1 2 3 6 12 24 48 60 120 240 480 483 531 b
1 2 3 6 12 24 48 60 120 240 480 528 531 b
1 2 3 6 12 24 48 72 73 145 193 338 531 b
1 2 3 6 12 24 48 72 73 145 193 386 531 b
1 2 3 6 12 24 48 72 84 132 264 267 531 b
1 2 3 6 12 24 48 72 84 132 264 528 531 b
1 2 3 6 12 24 48 72 96 168 264 267 531 b
1 2 3 6 12 24 48 72 96 168 264 528 531 b
1 2 3 6 12 24 48 72 96 192 264 267 531 b
1 2 3 6 12 24 48 72 96 192 264 528 531 b
1 2 3 6 12 24 48 72 120 132 264 267 531 b
1 2 3 6 12 24 48 72 120 132 264 528 531 b
1 2 3 6 12 24 48 72 120 144 264 267 531 b
1 2 3 6 12 24 48 72 120 144 264 528 531 b
1 2 3 6 12 24 48 72 120 192 264 267 531 b
1 2 3 6 12 24 48 72 120 192 264 528 531 b
1 2 3 6 12 24 48 72 120 240 243 288 531 a
1 2 3 6 12 24 48 72 120 240 243 291 531 b
1 2 3 6 12 24 48 72 120 240 243 483 531 b
1 2 3 6 12 24 48 72 120 240 264 267 531 b
1 2 3 6 12 24 48 72 120 240 264 528 531 b
1 2 3 6 12 24 48 72 120 240 288 291 531 b
1 2 3 6 12 24 48 72 120 240 288 528 531 b
1 2 3 6 12 24 48 72 120 240 480 483 531 b
1 2 3 6 12 24 48 72 120 240 480 528 531 b
1 2 3 6 12 24 48 72 144 145 193 338 531 b
1 2 3 6 12 24 48 72 144 145 193 386 531 b
1 2 3 6 12 24 48 72 144 147 192 339 531 a
1 2 3 6 12 24 48 72 144 147 192 384 531 a
1 2 3 6 12 24 48 72 144 192 195 336 531 a
1 2 3 6 12 24 48 72 144 192 195 339 531 b
1 2 3 6 12 24 48 72 144 192 195 387 531 b
1 2 3 6 12 24 48 72 144 192 264 267 531 b
1 2 3 6 12 24 48 72 144 192 264 528 531 b
1 2 3 6 12 24 48 72 144 192 336 339 531 b
1 2 3 6 12 24 48 72 144 192 336 528 531 b
1 2 3 6 12 24 48 72 144 192 384 387 531 b
1 2 3 6 12 24 48 72 144 192 384 528 531 b
1 2 3 6 12 24 48 72 144 216 264 267 531 b
1 2 3 6 12 24 48 72 144 216 264 528 531 b
1 2 3 6 12 24 48 96 97 120 217 314 531 a
1 2 3 6 12 24 48 96 97 120 217 434 531 a
1 2 3 6 12 24 48 96 97 121 217 314 531 b
1 2 3 6 12 24 48 96 97 121 217 434 531 b
1 2 3 6 12 24 48 96 97 145 193 338 531 b
1 2 3 6 12 24 48 96 97 145 193 386 531 b
1 2 3 6 12 24 48 96 97 145 241 290 531 a
1 2 3 6 12 24 48 96 97 145 241 386 531 b
1 2 3 6 12 24 48 96 97 145 290 386 531 b
1 2 3 6 12 24 48 96 97 145 290 435 531 b
1 2 3 6 12 24 48 96 97 193 217 314 531 b
1 2 3 6 12 24 48 96 97 193 217 434 531 b
1 2 3 6 12 24 48 96 97 193 241 290 531 a
1 2 3 6 12 24 48 96 97 193 241 338 531 b
1 2 3 6 12 24 48 96 97 193 241 434 531 b
1 2 3 6 12 24 48 96 97 193 290 338 531 b
1 2 3 6 12 24 48 96 97 193 290 483 531 b
1 2 3 6 12 24 48 96 97 193 386 434 531 b
1 2 3 6 12 24 48 96 97 193 386 483 531 b
1 2 3 6 12 24 48 96 99 108 216 315 531 a
1 2 3 6 12 24 48 96 99 108 216 432 531 a
1 2 3 6 12 24 48 96 99 111 210 321 531 b
1 2 3 6 12 24 48 96 99 111 210 420 531 b
1 2 3 6 12 24 48 96 99 120 216 315 531 a
1 2 3 6 12 24 48 96 99 120 216 432 531 a
1 2 3 6 12 24 48 96 99 144 243 288 531 a
1 2 3 6 12 24 48 96 99 144 243 387 531 a
1 2 3 6 12 24 48 96 99 144 288 387 531 a
1 2 3 6 12 24 48 96 99 144 288 432 531 a
1 2 3 6 12 24 48 96 99 147 192 339 531 a
1 2 3 6 12 24 48 96 99 147 192 384 531 a
1 2 3 6 12 24 48 96 99 192 216 315 531 a
1 2 3 6 12 24 48 96 99 192 216 432 531 a
1 2 3 6 12 24 48 96 99 192 240 291 531 a
1 2 3 6 12 24 48 96 99 192 240 339 531 a
1 2 3 6 12 24 48 96 99 192 240 432 531 a
1 2 3 6 12 24 48 96 99 192 291 339 531 a
1 2 3 6 12 24 48 96 99 192 291 483 531 a
1 2 3 6 12 24 48 96 99 192 384 432 531 a
1 2 3 6 12 24 48 96 99 192 384 483 531 a
1 2 3 6 12 24 48 96 108 132 264 267 531 b
1 2 3 6 12 24 48 96 108 132 264 528 531 b
1 2 3 6 12 24 48 96 108 156 264 267 531 b
1 2 3 6 12 24 48 96 108 156 264 528 531 b
1 2 3 6 12 24 48 96 108 216 219 312 531 a
1 2 3 6 12 24 48 96 108 216 219 315 531 b
1 2 3 6 12 24 48 96 108 216 219 435 531 b
1 2 3 6 12 24 48 96 108 216 264 267 531 b
1 2 3 6 12 24 48 96 108 216 264 528 531 b
1 2 3 6 12 24 48 96 108 216 312 315 531 b
1 2 3 6 12 24 48 96 108 216 312 528 531 b
1 2 3 6 12 24 48 96 108 216 432 435 531 b
1 2 3 6 12 24 48 96 108 216 432 528 531 b
1 2 3 6 12 24 48 96 120 132 264 267 531 b
1 2 3 6 12 24 48 96 120 132 264 528 531 b
1 2 3 6 12 24 48 96 120 144 264 267 531 b
1 2 3 6 12 24 48 96 120 144 264 528 531 b
1 2 3 6 12 24 48 96 120 168 264 267 531 b
1 2 3 6 12 24 48 96 120 168 264 528 531 b
1 2 3 6 12 24 48 96 120 216 219 312 531 a
1 2 3 6 12 24 48 96 120 216 219 315 531 b
1 2 3 6 12 24 48 96 120 216 219 435 531 b
1 2 3 6 12 24 48 96 120 216 264 267 531 b
1 2 3 6 12 24 48 96 120 216 264 528 531 b
1 2 3 6 12 24 48 96 120 216 312 315 531 b
1 2 3 6 12 24 48 96 120 216 312 528 531 b
1 2 3 6 12 24 48 96 120 216 432 435 531 b
1 2 3 6 12 24 48 96 120 216 432 528 531 b
1 2 3 6 12 24 48 96 120 240 243 288 531 a
1 2 3 6 12 24 48 96 120 240 243 291 531 b
1 2 3 6 12 24 48 96 120 240 243 483 531 b
1 2 3 6 12 24 48 96 120 240 264 267 531 b
1 2 3 6 12 24 48 96 120 240 264 528 531 b
1 2 3 6 12 24 48 96 120 240 288 291 531 b
1 2 3 6 12 24 48 96 120 240 288 528 531 b
1 2 3 6 12 24 48 96 120 240 480 483 531 b
1 2 3 6 12 24 48 96 120 240 480 528 531 b
1 2 3 6 12 24 48 96 144 145 193 338 531 b
1 2 3 6 12 24 48 96 144 145 193 386 531 b
1 2 3 6 12 24 48 96 144 145 241 290 531 a
1 2 3 6 12 24 48 96 144 145 241 386 531 b
1 2 3 6 12 24 48 96 144 145 290 386 531 b
1 2 3 6 12 24 48 96 144 145 290 435 531 b
1 2 3 6 12 24 48 96 144 147 192 339 531 a
1 2 3 6 12 24 48 96 144 147 192 384 531 a
1 2 3 6 12 24 48 96 144 147 240 291 531 a
1 2 3 6 12 24 48 96 144 147 240 384 531 a
1 2 3 6 12 24 48 96 144 147 240 387 531 a
1 2 3 6 12 24 48 96 144 147 243 288 531 a
1 2 3 6 12 24 48 96 144 147 243 387 531 b
1 2 3 6 12 24 48 96 144 147 288 384 531 a
1 2 3 6 12 24 48 96 144 147 288 435 531 a
1 2 3 6 12 24 48 96 144 147 291 387 531 b
1 2 3 6 12 24 48 96 144 147 291 435 531 b
1 2 3 6 12 24 48 96 144 168 264 267 531 b
1 2 3 6 12 24 48 96 144 168 264 528 531 b
1 2 3 6 12 24 48 96 144 192 195 336 531 a
1 2 3 6 12 24 48 96 144 192 195 339 531 b
1 2 3 6 12 24 48 96 144 192 195 387 531 b
1 2 3 6 12 24 48 96 144 192 336 339 531 b
1 2 3 6 12 24 48 96 144 192 336 528 531 b
1 2 3 6 12 24 48 96 144 192 384 387 531 b
1 2 3 6 12 24 48 96 144 192 384 528 531 b
1 2 3 6 12 24 48 96 144 240 243 288 531 a
1 2 3 6 12 24 48 96 144 240 243 291 531 b
1 2 3 6 12 24 48 96 144 240 243 387 531 b
1 2 3 6 12 24 48 96 144 240 243 483 531 b
1 2 3 6 12 24 48 96 144 240 264 267 531 b
1 2 3 6 12 24 48 96 144 240 264 528 531 b
1 2 3 6 12 24 48 96 144 240 288 291 531 b
1 2 3 6 12 24 48 96 144 240 288 528 531 b
1 2 3 6 12 24 48 96 144 240 384 387 531 b
1 2 3 6 12 24 48 96 144 240 384 528 531 b
1 2 3 6 12 24 48 96 144 240 480 483 531 b
1 2 3 6 12 24 48 96 144 240 480 528 531 b
1 2 3 6 12 24 48 96 144 288 291 387 531 b
1 2 3 6 12 24 48 96 144 288 291 435 531 b
1 2 3 6 12 24 48 96 144 288 384 387 531 b
1 2 3 6 12 24 48 96 144 288 384 528 531 b
1 2 3 6 12 24 48 96 144 288 432 435 531 b
1 2 3 6 12 24 48 96 144 288 432 528 531 b
1 2 3 6 12 24 48 96 192 195 240 291 531 a
1 2 3 6 12 24 48 96 192 195 240 336 531 a
1 2 3 6 12 24 48 96 192 195 240 435 531 a
1 2 3 6 12 24 48 96 192 195 243 288 531 a
1 2 3 6 12 24 48 96 192 195 243 339 531 b
1 2 3 6 12 24 48 96 192 195 243 435 531 b
1 2 3 6 12 24 48 96 192 195 288 336 531 a
1 2 3 6 12 24 48 96 192 195 288 483 531 a
1 2 3 6 12 24 48 96 192 195 291 339 531 b
1 2 3 6 12 24 48 96 192 195 291 483 531 b
1 2 3 6 12 24 48 96 192 195 387 435 531 b
1 2 3 6 12 24 48 96 192 195 387 483 531 b
1 2 3 6 12 24 48 96 192 216 219 312 531 a
1 2 3 6 12 24 48 96 192 216 219 315 531 b
1 2 3 6 12 24 48 96 192 216 219 435 531 b
1 2 3 6 12 24 48 96 192 216 264 267 531 b
1 2 3 6 12 24 48 96 192 216 264 528 531 b
1 2 3 6 12 24 48 96 192 216 312 315 531 b
1 2 3 6 12 24 48 96 192 216 312 528 531 b
1 2 3 6 12 24 48 96 192 216 432 435 531 b
1 2 3 6 12 24 48 96 192 216 432 528 531 b
1 2 3 6 12 24 48 96 192 240 243 288 531 a
1 2 3 6 12 24 48 96 192 240 243 291 531 b
1 2 3 6 12 24 48 96 192 240 243 339 531 b
1 2 3 6 12 24 48 96 192 240 243 435 531 b
1 2 3 6 12 24 48 96 192 240 243 483 531 b
1 2 3 6 12 24 48 96 192 240 264 267 531 b
1 2 3 6 12 24 48 96 192 240 264 528 531 b
1 2 3 6 12 24 48 96 192 240 288 291 531 b
1 2 3 6 12 24 48 96 192 240 288 528 531 b
1 2 3 6 12 24 48 96 192 240 336 339 531 b
1 2 3 6 12 24 48 96 192 240 336 528 531 b
1 2 3 6 12 24 48 96 192 240 432 435 531 b
1 2 3 6 12 24 48 96 192 240 432 528 531 b
1 2 3 6 12 24 48 96 192 240 480 483 531 b
1 2 3 6 12 24 48 96 192 240 480 528 531 b
1 2 3 6 12 24 48 96 192 288 291 339 531 b
1 2 3 6 12 24 48 96 192 288 291 483 531 b
1 2 3 6 12 24 48 96 192 288 336 339 531 b
1 2 3 6 12 24 48 96 192 288 336 528 531 b
1 2 3 6 12 24 48 96 192 288 480 483 531 b
1 2 3 6 12 24 48 96 192 288 480 528 531 b
1 2 3 6 12 24 48 96 192 384 387 435 531 b
1 2 3 6 12 24 48 96 192 384 387 483 531 b
1 2 3 6 12 24 48 96 192 384 432 435 531 b
1 2 3 6 12 24 48 96 192 384 432 528 531 b
1 2 3 6 12 24 48 96 192 384 480 483 531 b
1 2 3 6 12 24 48 96 192 384 480 528 531 b
1 2 4 5 6 11 22 44 88 89 177 354 531 b
1 2 4 5 6 11 22 44 88 176 177 354 531 b
1 2 4 5 7 11 22 44 88 89 177 354 531 b
1 2 4 5 7 11 22 44 88 176 177 354 531 b
1 2 4 5 9 11 22 44 88 89 177 354 531 b
1 2 4 5 9 11 22 44 88 176 177 354 531 b
1 2 4 5 9 13 22 44 88 89 177 354 531 b
1 2 4 5 9 13 22 44 88 176 177 354 531 b
1 2 4 5 9 14 28 42 84 93 177 354 531 b
1 2 4 5 9 14 28 42 84 168 177 354 531 b
1 2 4 5 9 14 28 56 65 112 177 354 531 a
1 2 4 5 9 14 28 56 65 121 177 354 531 b
1 2 4 5 9 14 28 56 84 93 177 354 531 b
1 2 4 5 9 14 28 56 84 168 177 354 531 b
1 2 4 5 9 14 28 56 112 121 177 354 531 b
1 2 4 5 9 14 28 56 112 168 177 354 531 b
1 2 4 5 9 18 22 44 88 89 177 354 531 b
1 2 4 5 9 18 22 44 88 176 177 354 531 b
1 2 4 5 9 18 23 36 59 118 177 354 531 a
1 2 4 5 9 18 23 36 59 118 236 295 531 a
1 2 4 5 9 18 23 36 59 118 236 472 531 a
1 2 4 5 9 18 23 41 59 118 177 354 531 b
1 2 4 5 9 18 23 41 59 118 236 295 531 b
1 2 4 5 9 18 23 41 59 118 236 472 531 b
1 2 4 5 9 18 27 32 59 118 177 354 531 b
1 2 4 5 9 18 27 32 59 118 236 295 531 b
1 2 4 5 9 18 27 32 59 118 236 472 531 b
1 2 4 5 9 18 27 36 63 126 252 279 531 b
1 2 4 5 9 18 27 36 63 126 252 504 531 b
1 2 4 5 9 18 27 45 63 126 252 279 531 b
1 2 4 5 9 18 27 45 63 126 252 504 531 b
1 2 4 5 9 18 27 45 90 117 207 324 531 b
1 2 4 5 9 18 27 45 90 117 207 414 531 b
1 2 4 5 9 18 27 54 59 118 177 354 531 b
1 2 4 5 9 18 27 54 59 118 236 295 531 b
1 2 4 5 9 18 27 54 59 118 236 472 531 b
1 2 4 5 9 18 27 54 63 117 234 297 531 b
1 2 4 5 9 18 27 54 63 117 234 468 531 b
1 2 4 5 9 18 27 54 63 126 252 279 531 b
1 2 4 5 9 18 27 54 63 126 252 504 531 b
1 2 4 5 9 18 27 54 72 126 252 279 531 b
1 2 4 5 9 18 27 54 72 126 252 504 531 b
1 2 4 5 9 18 27 54 108 126 252 279 531 b
1 2 4 5 9 18 27 54 108 126 252 504 531 b
1 2 4 5 9 18 36 41 59 118 177 354 531 b
1 2 4 5 9 18 36 41 59 118 236 295 531 b
1 2 4 5 9 18 36 41 59 118 236 472 531 b
1 2 4 5 9 18 36 45 81 162 207 324 531 a
1 2 4 5 9 18 36 45 81 162 207 369 531 b
1 2 4 5 9 18 36 45 81 162 243 288 531 b
1 2 4 5 9 18 36 45 81 162 243 486 531 b
1 2 4 5 9 18 36 45 81 162 324 369 531 b
1 2 4 5 9 18 36 45 81 162 324 486 531 b
1 2 4 5 9 18 36 54 59 118 177 354 531 b
1 2 4 5 9 18 36 54 59 118 236 295 531 b
1 2 4 5 9 18 36 54 59 118 236 472 531 b
1 2 4 5 9 18 36 54 63 117 234 297 531 b
1 2 4 5 9 18 36 54 63 117 234 468 531 b
1 2 4 5 9 18 36 72 81 144 225 306 531 a
1 2 4 5 9 18 36 72 81 144 225 450 531 a
1 2 4 5 9 18 36 72 81 153 189 342 531 b
1 2 4 5 9 18 36 72 81 153 189 378 531 b
1 2 4 5 9 18 36 72 81 153 225 306 531 b
1 2 4 5 9 18 36 72 81 153 225 378 531 b
1 2 4 5 9 18 36 72 81 153 225 450 531 b
1 2 4 5 9 18 36 72 81 153 306 378 531 b
1 2 4 5 9 18 36 72 81 153 306 459 531 b
1 2 4 5 9 18 36 72 144 153 189 342 531 b
1 2 4 5 9 18 36 72 144 153 189 378 531 b
1 2 4 5 9 18 36 72 144 153 225 306 531 a
1 2 4 5 9 18 36 72 144 153 225 378 531 b
1 2 4 5 9 18 36 72 144 153 306 378 531 b
1 2 4 5 9 18 36 72 144 153 306 459 531 b
1 2 4 5 10 11 22 44 88 89 177 354 531 b
1 2 4 5 10 11 22 44 88 176 177 354 531 b
1 2 4 5 10 12 22 44 88 89 177 354 531 b
1 2 4 5 10 12 22 44 88 176 177 354 531 b
1 2 4 5 10 20 22 44 88 89 177 354 531 b
1 2 4 5 10 20 22 44 88 176 177 354 531 b
1 2 4 5 10 20 24 44 88 89 177 354 531 b
1 2 4 5 10 20 24 44 88 176 177 354 531 b
1 2 4 5 10 20 40 44 88 89 177 354 531 b
1 2 4 5 10 20 40 44 88 176 177 354 531 b
1 2 4 6 7 11 22 44 88 89 177 354 531 b
1 2 4 6 7 11 22 44 88 176 177 354 531 b
1 2 4 6 7 13 19 32 64 128 256 275 531 b
1 2 4 6 7 13 19 32 64 128 256 512 531 b
1 2 4 6 7 13 26 33 59 118 177 354 531 b
1 2 4 6 7 13 26 33 59 118 236 295 531 b
1 2 4 6 7 13 26 33 59 118 236 472 531 b
1 2 4 6 7 13 26 52 59 118 177 354 531 b
1 2 4 6 7 13 26 52 59 118 236 295 531 b
1 2 4 6 7 13 26 52 59 118 236 472 531 b
1 2 4 6 8 14 22 44 88 89 177 354 531 b
1 2 4 6 8 14 22 44 88 176 177 354 531 b
1 2 4 6 8 16 22 44 88 89 177 354 531 b
1 2 4 6 8 16 22 44 88 176 177 354 531 b
1 2 4 6 10 11 22 44 88 89 177 354 531 b
1 2 4 6 10 11 22 44 88 176 177 354 531 b
1 2 4 6 10 12 22 44 88 89 177 354 531 b
1 2 4 6 10 12 22 44 88 176 177 354 531 b
1 2 4 6 10 16 22 44 88 89 177 354 531 b
1 2 4 6 10 16 22 44 88 176 177 354 531 b
1 2 4 6 10 20 22 44 88 89 177 354 531 b
1 2 4 6 10 20 22 44 88 176 177 354 531 b
1 2 4 6 10 20 24 44 88 89 177 354 531 b
1 2 4 6 10 20 24 44 88 176 177 354 531 b
1 2 4 6 10 20 40 44 88 89 177 354 531 b
1 2 4 6 10 20 40 44 88 176 177 354 531 b
1 2 4 6 12 13 19 32 64 128 256 275 531 b
1 2 4 6 12 13 19 32 64 128 256 512 531 b
1 2 4 6 12 13 25 38 76 101 177 354 531 b
1 2 4 6 12 13 25 38 76 152 177 354 531 b
1 2 4 6 12 16 22 44 88 89 177 354 531 b
1 2 4 6 12 16 22 44 88 176 177 354 531 b
1 2 4 6 12 16 28 44 88 89 177 354 531 b
1 2 4 6 12 16 28 44 88 176 177 354 531 b
1 2 4 6 12 16 32 44 88 89 177 354 531 b
1 2 4 6 12 16 32 44 88 176 177 354 531 b
1 2 4 6 12 18 22 44 88 89 177 354 531 b
1 2 4 6 12 18 22 44 88 176 177 354 531 b
1 2 4 6 12 24 48 49 96 145 193 338 531 a
1 2 4 6 12 24 48 49 96 145 193 386 531 a
1 2 4 6 12 24 48 49 96 145 241 290 531 a
1 2 4 6 12 24 48 49 96 145 241 386 531 a
1 2 4 6 12 24 48 49 96 145 241 482 531 a
1 2 4 6 12 24 48 49 96 145 290 386 531 a
1 2 4 6 12 24 48 49 96 145 290 435 531 a
1 2 4 6 12 24 48 49 96 192 241 290 531 a
1 2 4 6 12 24 48 49 96 192 241 482 531 a
1 2 4 6 12 24 48 49 97 145 193 338 531 b
1 2 4 6 12 24 48 49 97 145 193 386 531 b
1 2 4 6 12 24 48 72 73 145 193 338 531 b
1 2 4 6 12 24 48 72 73 145 193 386 531 b
1 2 4 6 12 24 48 72 144 145 193 338 531 b
1 2 4 6 12 24 48 72 144 145 193 386 531 b
1 2 4 6 12 24 48 96 97 120 217 314 531 a
1 2 4 6 12 24 48 96 97 120 217 434 531 a
1 2 4 6 12 24 48 96 97 121 217 314 531 b
1 2 4 6 12 24 48 96 97 121 217 434 531 b
1 2 4 6 12 24 48 96 97 145 193 338 531 b
1 2 4 6 12 24 48 96 97 145 193 386 531 b
1 2 4 6 12 24 48 96 97 145 241 290 531 a
1 2 4 6 12 24 48 96 97 145 241 386 531 b
1 2 4 6 12 24 48 96 97 145 290 386 531 b
1 2 4 6 12 24 48 96 97 145 290 435 531 b
1 2 4 6 12 24 48 96 97 193 217 314 531 b
1 2 4 6 12 24 48 96 97 193 217 434 531 b
1 2 4 6 12 24 48 96 97 193 241 290 531 a
1 2 4 6 12 24 48 96 97 193 241 338 531 b
1 2 4 6 12 24 48 96 97 193 241 434 531 b
1 2 4 6 12 24 48 96 97 193 290 338 531 b
1 2 4 6 12 24 48 96 97 193 290 483 531 b
1 2 4 6 12 24 48 96 97 193 386 434 531 b
1 2 4 6 12 24 48 96 97 193 386 483 531 b
1 2 4 6 12 24 48 96 144 145 193 338 531 b
1 2 4 6 12 24 48 96 144 145 193 386 531 b
1 2 4 6 12 24 48 96 144 145 241 290 531 a
1 2 4 6 12 24 48 96 144 145 241 386 531 b
1 2 4 6 12 24 48 96 144 145 290 386 531 b
1 2 4 6 12 24 48 96 144 145 290 435 531 b
1 2 4 8 9 11 22 44 88 89 177 354 531 b
1 2 4 8 9 11 22 44 88 176 177 354 531 b
1 2 4 8 9 12 21 42 84 93 177 354 531 a
1 2 4 8 9 12 21 42 84 168 177 354 531 a
1 2 4 8 9 13 21 42 84 93 177 354 531 b
1 2 4 8 9 13 21 42 84 168 177 354 531 b
1 2 4 8 9 13 22 44 88 89 177 354 531 b
1 2 4 8 9 13 22 44 88 176 177 354 531 b
1 2 4 8 9 16 25 34 59 118 177 354 531 a
1 2 4 8 9 16 25 34 59 118 236 295 531 a
1 2 4 8 9 16 25 34 59 118 236 472 531 a
1 2 4 8 9 16 25 50 59 118 177 354 531 a
1 2 4 8 9 16 25 50 59 118 236 295 531 a
1 2 4 8 9 16 25 50 59 118 236 472 531 a
1 2 4 8 9 16 32 64 128 137 265 266 531 a
1 2 4 8 9 16 32 64 128 137 265 530 531 a
1 2 4 8 9 16 32 64 128 256 265 266 531 a
1 2 4 8 9 16 32 64 128 256 265 530 531 a
1 2 4 8 9 17 21 38 59 118 177 354 531 b
1 2 4 8 9 17 21 38 59 118 236 295 531 b
1 2 4 8 9 17 21 38 59 118 236 472 531 b
1 2 4 8 9 17 21 42 59 118 177 354 531 b
1 2 4 8 9 17 21 42 59 118 236 295 531 b
1 2 4 8 9 17 21 42 59 118 236 472 531 b
1 2 4 8 9 17 21 42 84 93 177 354 531 b
1 2 4 8 9 17 21 42 84 168 177 354 531 b
1 2 4 8 9 17 25 34 59 118 177 354 531 b
1 2 4 8 9 17 25 34 59 118 236 295 531 b
1 2 4 8 9 17 25 34 59 118 236 472 531 b
1 2 4 8 9 17 25 42 59 118 177 354 531 b
1 2 4 8 9 17 25 42 59 118 236 295 531 b
1 2 4 8 9 17 25 42 59 118 236 472 531 b
1 2 4 8 9 17 25 42 84 93 177 354 531 b
1 2 4 8 9 17 25 42 84 168 177 354 531 b
1 2 4 8 9 17 25 50 59 118 177 354 531 b
1 2 4 8 9 17 25 50 59 118 236 295 531 b
1 2 4 8 9 17 25 50 59 118 236 472 531 b
1 2 4 8 9 17 34 42 59 118 177 354 531 b
1 2 4 8 9 17 34 42 59 118 236 295 531 b
1 2 4 8 9 17 34 42 59 118 236 472 531 b
1 2 4 8 9 17 34 42 84 93 177 354 531 b
1 2 4 8 9 17 34 42 84 168 177 354 531 b
1 2 4 8 9 17 34 51 59 118 177 354 531 b
1 2 4 8 9 17 34 51 59 118 236 295 531 b
1 2 4 8 9 17 34 51 59 118 236 472 531 b
1 2 4 8 9 17 34 51 60 120 240 291 531 b
1 2 4 8 9 17 34 51 60 120 240 480 531 b
1 2 4 8 9 18 22 44 88 89 177 354 531 b
1 2 4 8 9 18 22 44 88 176 177 354 531 b
1 2 4 8 9 18 26 44 88 89 177 354 531 b
1 2 4 8 9 18 26 44 88 176 177 354 531 b
1 2 4 8 9 18 27 35 62 124 248 283 531 b
1 2 4 8 9 18 27 35 62 124 248 496 531 b
1 2 4 8 9 18 27 36 63 126 252 279 531 b
1 2 4 8 9 18 27 36 63 126 252 504 531 b
1 2 4 8 9 18 27 45 63 126 252 279 531 b
1 2 4 8 9 18 27 45 63 126 252 504 531 b
1 2 4 8 9 18 27 45 90 117 207 324 531 b
1 2 4 8 9 18 27 45 90 117 207 414 531 b
1 2 4 8 9 18 27 54 63 117 234 297 531 b
1 2 4 8 9 18 27 54 63 117 234 468 531 b
1 2 4 8 9 18 27 54 63 126 252 279 531 b
1 2 4 8 9 18 27 54 63 126 252 504 531 b
1 2 4 8 9 18 27 54 72 126 252 279 531 b
1 2 4 8 9 18 27 54 72 126 252 504 531 b
1 2 4 8 9 18 27 54 108 126 252 279 531 b
1 2 4 8 9 18 27 54 108 126 252 504 531 b
1 2 4 8 9 18 36 44 88 89 177 354 531 b
1 2 4 8 9 18 36 44 88 176 177 354 531 b
1 2 4 8 9 18 36 45 81 162 207 324 531 a
1 2 4 8 9 18 36 45 81 162 207 369 531 b
1 2 4 8 9 18 36 45 81 162 243 288 531 b
1 2 4 8 9 18 36 45 81 162 243 486 531 b
1 2 4 8 9 18 36 45 81 162 324 369 531 b
1 2 4 8 9 18 36 45 81 162 324 486 531 b
1 2 4 8 9 18 36 54 63 117 234 297 531 b
1 2 4 8 9 18 36 54 63 117 234 468 531 b
1 2 4 8 9 18 36 72 81 144 225 306 531 a
1 2 4 8 9 18 36 72 81 144 225 450 531 a
1 2 4 8 9 18 36 72 81 153 189 342 531 b
1 2 4 8 9 18 36 72 81 153 189 378 531 b
1 2 4 8 9 18 36 72 81 153 225 306 531 b
1 2 4 8 9 18 36 72 81 153 225 378 531 b
1 2 4 8 9 18 36 72 81 153 225 450 531 b
1 2 4 8 9 18 36 72 81 153 306 378 531 b
1 2 4 8 9 18 36 72 81 153 306 459 531 b
1 2 4 8 9 18 36 72 144 153 189 342 531 b
1 2 4 8 9 18 36 72 144 153 189 378 531 b
1 2 4 8 9 18 36 72 144 153 225 306 531 a
1 2 4 8 9 18 36 72 144 153 225 378 531 b
1 2 4 8 9 18 36 72 144 153 306 378 531 b
1 2 4 8 9 18 36 72 144 153 306 459 531 b
1 2 4 8 10 11 22 44 88 89 177 354 531 b
1 2 4 8 10 11 22 44 88 176 177 354 531 b
1 2 4 8 10 12 22 44 88 89 177 354 531 b
1 2 4 8 10 12 22 44 88 176 177 354 531 b
1 2 4 8 10 14 22 44 88 89 177 354 531 b
1 2 4 8 10 14 22 44 88 176 177 354 531 b
1 2 4 8 10 18 22 44 88 89 177 354 531 b
1 2 4 8 10 18 22 44 88 176 177 354 531 b
1 2 4 8 10 18 26 44 88 89 177 354 531 b
1 2 4 8 10 18 26 44 88 176 177 354 531 b
1 2 4 8 10 18 36 44 88 89 177 354 531 b
1 2 4 8 10 18 36 44 88 176 177 354 531 b
1 2 4 8 10 20 22 44 88 89 177 354 531 b
1 2 4 8 10 20 22 44 88 176 177 354 531 b
1 2 4 8 10 20 24 44 88 89 177 354 531 b
1 2 4 8 10 20 24 44 88 176 177 354 531 b
1 2 4 8 10 20 40 44 88 89 177 354 531 b
1 2 4 8 10 20 40 44 88 176 177 354 531 b
1 2 4 8 10 20 40 48 88 89 177 354 531 b
1 2 4 8 10 20 40 48 88 176 177 354 531 b
1 2 4 8 10 20 40 80 88 89 177 354 531 b
1 2 4 8 10 20 40 80 88 176 177 354 531 b
1 2 4 8 12 13 25 38 76 101 177 354 531 b
1 2 4 8 12 13 25 38 76 152 177 354 531 b
1 2 4 8 12 14 22 44 88 89 177 354 531 b
1 2 4 8 12 14 22 44 88 176 177 354 531 b
1 2 4 8 12 16 28 44 88 89 177 354 531 b
1 2 4 8 12 16 28 44 88 176 177 354 531 b
1 2 4 8 12 16 32 44 88 89 177 354 531 b
1 2 4 8 12 16 32 44 88 176 177 354 531 b
1 2 4 8 12 20 22 44 88 89 177 354 531 b
1 2 4 8 12 20 22 44 88 176 177 354 531 b
1 2 4 8 12 20 24 44 88 89 177 354 531 b
1 2 4 8 12 20 24 44 88 176 177 354 531 b
1 2 4 8 12 20 32 44 88 89 177 354 531 b
1 2 4 8 12 20 32 44 88 176 177 354 531 b
1 2 4 8 12 20 40 44 88 89 177 354 531 b
1 2 4 8 12 20 40 44 88 176 177 354 531 b
1 2 4 8 12 20 40 48 88 89 177 354 531 b
1 2 4 8 12 20 40 48 88 176 177 354 531 b
1 2 4 8 12 20 40 80 88 89 177 354 531 b
1 2 4 8 12 20 40 80 88 176 177 354 531 b
1 2 4 8 12 24 32 44 88 89 177 354 531 b
1 2 4 8 12 24 32 44 88 176 177 354 531 b
1 2 4 8 12 24 32 56 88 89 177 354 531 b
1 2 4 8 12 24 32 56 88 176 177 354 531 b
1 2 4 8 12 24 32 64 88 89 177 354 531 b
1 2 4 8 12 24 32 64 88 176 177 354 531 b
1 2 4 8 12 24 36 44 88 89 177 354 531 b
1 2 4 8 12 24 36 44 88 176 177 354 531 b
1 2 4 8 12 24 48 49 96 145 193 338 531 a
1 2 4 8 12 24 48 49 96 145 193 386 531 a
1 2 4 8 12 24 48 49 96 145 241 290 531 a
1 2 4 8 12 24 48 49 96 145 241 386 531 a
1 2 4 8 12 24 48 49 96 145 241 482 531 a
1 2 4 8 12 24 48 49 96 145 290 386 531 a
1 2 4 8 12 24 48 49 96 145 290 435 531 a
1 2 4 8 12 24 48 49 96 192 241 290 531 a
1 2 4 8 12 24 48 49 96 192 241 482 531 a
1 2 4 8 12 24 48 49 97 145 193 338 531 b
1 2 4 8 12 24 48 49 97 145 193 386 531 b
1 2 4 8 12 24 48 72 73 145 193 338 531 b
1 2 4 8 12 24 48 72 73 145 193 386 531 b
1 2 4 8 12 24 48 72 144 145 193 338 531 b
1 2 4 8 12 24 48 72 144 145 193 386 531 b
1 2 4 8 12 24 48 96 97 120 217 314 531 a
1 2 4 8 12 24 48 96 97 120 217 434 531 a
1 2 4 8 12 24 48 96 97 121 217 314 531 b
1 2 4 8 12 24 48 96 97 121 217 434 531 b
1 2 4 8 12 24 48 96 97 145 193 338 531 b
1 2 4 8 12 24 48 96 97 145 193 386 531 b
1 2 4 8 12 24 48 96 97 145 241 290 531 a
1 2 4 8 12 24 48 96 97 145 241 386 531 b
1 2 4 8 12 24 48 96 97 145 290 386 531 b
1 2 4 8 12 24 48 96 97 145 290 435 531 b
1 2 4 8 12 24 48 96 97 193 217 314 531 b
1 2 4 8 12 24 48 96 97 193 217 434 531 b
1 2 4 8 12 24 48 96 97 193 241 290 531 a
1 2 4 8 12 24 48 96 97 193 241 338 531 b
1 2 4 8 12 24 48 96 97 193 241 434 531 b
1 2 4 8 12 24 48 96 97 193 290 338 531 b
1 2 4 8 12 24 48 96 97 193 290 483 531 b
1 2 4 8 12 24 48 96 97 193 386 434 531 b
1 2 4 8 12 24 48 96 97 193 386 483 531 b
1 2 4 8 12 24 48 96 144 145 193 338 531 b
1 2 4 8 12 24 48 96 144 145 193 386 531 b
1 2 4 8 12 24 48 96 144 145 241 290 531 a
1 2 4 8 12 24 48 96 144 145 241 386 531 b
1 2 4 8 12 24 48 96 144 145 290 386 531 b
1 2 4 8 12 24 48 96 144 145 290 435 531 b
1 2 4 8 16 17 19 32 64 128 256 275 531 a
1 2 4 8 16 17 19 32 64 128 256 512 531 a
1 2 4 8 16 17 20 40 80 97 177 354 531 a
1 2 4 8 16 17 20 40 80 160 177 354 531 a
1 2 4 8 16 17 21 38 59 118 177 354 531 b
1 2 4 8 16 17 21 38 59 118 236 295 531 b
1 2 4 8 16 17 21 38 59 118 236 472 531 b
1 2 4 8 16 17 21 42 59 118 177 354 531 b
1 2 4 8 16 17 21 42 59 118 236 295 531 b
1 2 4 8 16 17 21 42 59 118 236 472 531 b
1 2 4 8 16 17 24 40 80 97 177 354 531 a
1 2 4 8 16 17 24 40 80 160 177 354 531 a
1 2 4 8 16 17 24 48 96 113 209 322 531 a
1 2 4 8 16 17 24 48 96 113 209 418 531 a
1 2 4 8 16 17 25 34 59 118 177 354 531 a
1 2 4 8 16 17 25 34 59 118 236 295 531 a
1 2 4 8 16 17 25 34 59 118 236 472 531 a
1 2 4 8 16 17 25 42 59 118 177 354 531 b
1 2 4 8 16 17 25 42 59 118 236 295 531 b
1 2 4 8 16 17 25 42 59 118 236 472 531 b
1 2 4 8 16 17 32 40 80 97 177 354 531 a
1 2 4 8 16 17 32 40 80 160 177 354 531 a
1 2 4 8 16 17 32 48 80 97 177 354 531 a
1 2 4 8 16 17 32 48 80 160 177 354 531 a
1 2 4 8 16 17 32 48 96 113 209 322 531 a
1 2 4 8 16 17 32 48 96 113 209 418 531 a
1 2 4 8 16 17 32 49 64 113 177 354 531 a
1 2 4 8 16 17 32 49 64 128 177 354 531 a
1 2 4 8 16 17 32 64 80 97 177 354 531 a
1 2 4 8 16 17 32 64 80 160 177 354 531 a
1 2 4 8 16 17 32 64 81 96 177 354 531 a
1 2 4 8 16 17 32 64 81 113 177 354 531 a
1 2 4 8 16 17 32 64 81 145 177 354 531 a
1 2 4 8 16 17 32 64 96 113 177 354 531 a
1 2 4 8 16 17 32 64 96 113 209 322 531 a
1 2 4 8 16 17 32 64 96 113 209 418 531 a
1 2 4 8 16 17 32 64 96 160 177 354 531 a
1 2 4 8 16 17 32 64 128 129 257 274 531 a
1 2 4 8 16 17 32 64 128 129 257 514 531 a
1 2 4 8 16 17 32 64 128 145 177 354 531 a
1 2 4 8 16 17 32 64 128 160 177 354 531 a
1 2 4 8 16 17 32 64 128 256 257 274 531 a
1 2 4 8 16 17 32 64 128 256 257 514 531 a
1 2 4 8 16 17 32 64 128 256 258 273 531 a
1 2 4 8 16 17 32 64 128 256 258 275 531 a
1 2 4 8 16 17 32 64 128 256 258 514 531 a
1 2 4 8 16 17 32 64 128 256 273 275 531 a
1 2 4 8 16 17 32 64 128 256 273 529 531 a
1 2 4 8 16 17 32 64 128 256 512 514 531 a
1 2 4 8 16 17 32 64 128 256 512 529 531 a
1 2 4 8 16 17 33 37 70 107 177 354 531 b
1 2 4 8 16 17 33 37 70 140 177 354 531 b
1 2 4 8 16 17 33 50 83 166 199 332 531 a
1 2 4 8 16 17 33 50 83 166 199 365 531 b
1 2 4 8 16 17 33 50 83 166 249 282 531 b
1 2 4 8 16 17 33 50 83 166 249 498 531 b
1 2 4 8 16 17 33 50 83 166 332 365 531 b
1 2 4 8 16 17 33 50 83 166 332 498 531 b
1 2 4 8 16 17 33 66 67 133 199 332 531 b
1 2 4 8 16 17 33 66 67 133 199 398 531 b
1 2 4 8 16 17 33 66 83 166 199 332 531 a
1 2 4 8 16 17 33 66 83 166 199 365 531 b
1 2 4 8 16 17 33 66 83 166 249 282 531 b
1 2 4 8 16 17 33 66 83 166 249 498 531 b
1 2 4 8 16 17 33 66 83 166 332 365 531 b
1 2 4 8 16 17 33 66 83 166 332 498 531 b
1 2 4 8 16 17 33 66 132 133 199 332 531 b
1 2 4 8 16 17 33 66 132 133 199 398 531 b
1 2 4 8 16 17 33 66 132 133 265 266 531 b
1 2 4 8 16 17 33 66 132 133 265 398 531 b
1 2 4 8 16 17 33 66 132 133 265 530 531 b
1 2 4 8 16 17 33 66 132 133 266 398 531 b
1 2 4 8 16 17 33 66 132 133 266 399 531 b
1 2 4 8 16 17 33 66 132 264 265 266 531 b
1 2 4 8 16 17 33 66 132 264 265 267 531 b
1 2 4 8 16 17 33 66 132 264 265 529 531 b
1 2 4 8 16 17 33 66 132 264 265 530 531 b
1 2 4 8 16 17 33 66 132 264 266 267 531 b
1 2 4 8 16 17 33 66 132 264 266 530 531 b
1 2 4 8 16 17 33 66 132 264 528 529 531 b
1 2 4 8 16 17 33 66 132 264 528 530 531 b
1 2 4 8 16 17 34 42 59 118 177 354 531 b
1 2 4 8 16 17 34 42 59 118 236 295 531 b
1 2 4 8 16 17 34 42 59 118 236 472 531 b
1 2 4 8 16 17 34 51 59 118 177 354 531 b
1 2 4 8 16 17 34 51 59 118 236 295 531 b
1 2 4 8 16 17 34 51 59 118 236 472 531 b
1 2 4 8 16 18 19 32 64 128 256 275 531 a
1 2 4 8 16 18 19 32 64 128 256 512 531 a
1 2 4 8 16 18 22 44 88 89 177 354 531 b
1 2 4 8 16 18 22 44 88 176 177 354 531 b
1 2 4 8 16 18 26 44 88 89 177 354 531 b
1 2 4 8 16 18 26 44 88 176 177 354 531 b
1 2 4 8 16 18 32 64 128 256 257 274 531 a
1 2 4 8 16 18 32 64 128 256 257 275 531 a
1 2 4 8 16 18 32 64 128 256 257 513 531 a
1 2 4 8 16 18 32 64 128 256 274 275 531 a
1 2 4 8 16 18 32 64 128 256 274 530 531 a
1 2 4 8 16 18 32 64 128 256 512 513 531 a
1 2 4 8 16 18 32 64 128 256 512 530 531 a
1 2 4 8 16 18 36 44 88 89 177 354 531 b
1 2 4 8 16 18 36 44 88 176 177 354 531 b
1 2 4 8 16 18 36 52 88 89 177 354 531 b
1 2 4 8 16 18 36 52 88 176 177 354 531 b
1 2 4 8 16 18 36 72 88 89 177 354 531 b
1 2 4 8 16 18 36 72 88 176 177 354 531 b
1 2 4 8 16 20 22 44 88 89 177 354 531 b
1 2 4 8 16 20 22 44 88 176 177 354 531 b
1 2 4 8 16 20 24 44 88 89 177 354 531 b
1 2 4 8 16 20 24 44 88 176 177 354 531 b
1 2 4 8 16 20 28 44 88 89 177 354 531 b
1 2 4 8 16 20 28 44 88 176 177 354 531 b
1 2 4 8 16 20 36 44 88 89 177 354 531 b
1 2 4 8 16 20 36 44 88 176 177 354 531 b
1 2 4 8 16 20 36 52 88 89 177 354 531 b
1 2 4 8 16 20 36 52 88 176 177 354 531 b
1 2 4 8 16 20 36 72 88 89 177 354 531 b
1 2 4 8 16 20 36 72 88 176 177 354 531 b
1 2 4 8 16 20 40 44 88 89 177 354 531 b
1 2 4 8 16 20 40 44 88 176 177 354 531 b
1 2 4 8 16 20 40 48 88 89 177 354 531 b
1 2 4 8 16 20 40 48 88 176 177 354 531 b
1 2 4 8 16 20 40 80 81 96 177 354 531 a
1 2 4 8 16 20 40 80 81 97 177 354 531 b
1 2 4 8 16 20 40 80 81 161 177 354 531 b
1 2 4 8 16 20 40 80 88 89 177 354 531 b
1 2 4 8 16 20 40 80 88 176 177 354 531 b
1 2 4 8 16 20 40 80 96 97 177 354 531 b
1 2 4 8 16 20 40 80 96 176 177 354 531 b
1 2 4 8 16 20 40 80 160 161 177 354 531 b
1 2 4 8 16 20 40 80 160 176 177 354 531 b
1 2 4 8 16 24 28 44 88 89 177 354 531 b
1 2 4 8 16 24 28 44 88 176 177 354 531 b
1 2 4 8 16 24 32 56 88 89 177 354 531 b
1 2 4 8 16 24 32 56 88 176 177 354 531 b
1 2 4 8 16 24 32 64 88 89 177 354 531 b
1 2 4 8 16 24 32 64 88 176 177 354 531 b
1 2 4 8 16 24 40 44 88 89 177 354 531 b
1 2 4 8 16 24 40 44 88 176 177 354 531 b
1 2 4 8 16 24 40 48 88 89 177 354 531 b
1 2 4 8 16 24 40 48 88 176 177 354 531 b
1 2 4 8 16 24 40 64 88 89 177 354 531 b
1 2 4 8 16 24 40 64 88 176 177 354 531 b
1 2 4 8 16 24 40 80 81 96 177 354 531 a
1 2 4 8 16 24 40 80 81 97 177 354 531 b
1 2 4 8 16 24 40 80 81 161 177 354 531 b
1 2 4 8 16 24 40 80 81 161 185 346 531 b
1 2 4 8 16 24 40 80 81 161 185 370 531 b
1 2 4 8 16 24 40 80 88 89 177 354 531 b
1 2 4 8 16 24 40 80 88 176 177 354 531 b
1 2 4 8 16 24 40 80 96 97 177 354 531 b
1 2 4 8 16 24 40 80 96 176 177 354 531 b
1 2 4 8 16 24 40 80 160 161 177 354 531 b
1 2 4 8 16 24 40 80 160 161 185 346 531 b
1 2 4 8 16 24 40 80 160 161 185 370 531 b
1 2 4 8 16 24 40 80 160 176 177 354 531 b
1 2 4 8 16 24 48 49 64 113 177 354 531 a
1 2 4 8 16 24 48 49 64 128 177 354 531 a
1 2 4 8 16 24 48 49 96 145 193 338 531 a
1 2 4 8 16 24 48 49 96 145 193 386 531 a
1 2 4 8 16 24 48 49 96 145 241 290 531 a
1 2 4 8 16 24 48 49 96 145 241 386 531 a
1 2 4 8 16 24 48 49 96 145 241 482 531 a
1 2 4 8 16 24 48 49 96 145 290 386 531 a
1 2 4 8 16 24 48 49 96 145 290 435 531 a
1 2 4 8 16 24 48 49 96 192 241 290 531 a
1 2 4 8 16 24 48 49 96 192 241 482 531 a
1 2 4 8 16 24 48 49 97 145 193 338 531 b
1 2 4 8 16 24 48 49 97 145 193 386 531 b
1 2 4 8 16 24 48 64 65 112 177 354 531 a
1 2 4 8 16 24 48 64 65 113 177 354 531 b
1 2 4 8 16 24 48 64 65 129 177 354 531 b
1 2 4 8 16 24 48 64 88 89 177 354 531 b
1 2 4 8 16 24 48 64 88 176 177 354 531 b
1 2 4 8 16 24 48 64 112 113 177 354 531 b
1 2 4 8 16 24 48 64 112 176 177 354 531 b
1 2 4 8 16 24 48 64 128 129 177 354 531 b
1 2 4 8 16 24 48 64 128 176 177 354 531 b
1 2 4 8 16 24 48 72 73 145 193 338 531 b
1 2 4 8 16 24 48 72 73 145 193 386 531 b
1 2 4 8 16 24 48 72 88 89 177 354 531 b
1 2 4 8 16 24 48 72 88 176 177 354 531 b
1 2 4 8 16 24 48 72 144 145 193 338 531 b
1 2 4 8 16 24 48 72 144 145 193 386 531 b
1 2 4 8 16 24 48 96 97 113 209 322 531 b
1 2 4 8 16 24 48 96 97 113 209 418 531 b
1 2 4 8 16 24 48 96 97 120 217 314 531 a
1 2 4 8 16 24 48 96 97 120 217 434 531 a
1 2 4 8 16 24 48 96 97 121 217 314 531 b
1 2 4 8 16 24 48 96 97 121 217 434 531 b
1 2 4 8 16 24 48 96 97 145 193 338 531 b
1 2 4 8 16 24 48 96 97 145 193 386 531 b
1 2 4 8 16 24 48 96 97 145 241 290 531 a
1 2 4 8 16 24 48 96 97 145 241 386 531 b
1 2 4 8 16 24 48 96 97 145 290 386 531 b
1 2 4 8 16 24 48 96 97 145 290 435 531 b
1 2 4 8 16 24 48 96 97 193 217 314 531 b
1 2 4 8 16 24 48 96 97 193 217 434 531 b
1 2 4 8 16 24 48 96 97 193 241 290 531 a
1 2 4 8 16 24 48 96 97 193 241 338 531 b
1 2 4 8 16 24 48 96 97 193 241 434 531 b
1 2 4 8 16 24 48 96 97 193 290 338 531 b
1 2 4 8 16 24 48 96 97 193 290 483 531 b
1 2 4 8 16 24 48 96 97 193 386 434 531 b
1 2 4 8 16 24 48 96 97 193 386 483 531 b
1 2 4 8 16 24 48 96 112 113 209 322 531 b
1 2 4 8 16 24 48 96 112 113 209 418 531 b
1 2 4 8 16 24 48 96 144 145 193 338 531 b
1 2 4 8 16 24 48 96 144 145 193 386 531 b
1 2 4 8 16 24 48 96 144 145 241 290 531 a
1 2 4 8 16 24 48 96 144 145 241 386 531 b
1 2 4 8 16 24 48 96 144 145 290 386 531 b
1 2 4 8 16 24 48 96 144 145 290 435 531 b
1 2 4 8 16 32 33 36 72 105 177 354 531 a
1 2 4 8 16 32 33 36 72 144 177 354 531 a
1 2 4 8 16 32 33 37 70 107 177 354 531 b
1 2 4 8 16 32 33 37 70 140 177 354 531 b
1 2 4 8 16 32 33 40 72 105 177 354 531 a
1 2 4 8 16 32 33 40 72 144 177 354 531 a
1 2 4 8 16 32 33 48 81 96 177 354 531 a
1 2 4 8 16 32 33 48 81 129 177 354 531 a
1 2 4 8 16 32 33 48 96 129 177 354 531 a
1 2 4 8 16 32 33 48 96 144 177 354 531 a
1 2 4 8 16 32 33 49 64 113 177 354 531 a
1 2 4 8 16 32 33 49 64 128 177 354 531 a
1 2 4 8 16 32 33 64 72 105 177 354 531 a
1 2 4 8 16 32 33 64 72 144 177 354 531 a
1 2 4 8 16 32 33 64 80 97 177 354 531 a
1 2 4 8 16 32 33 64 80 113 177 354 531 a
1 2 4 8 16 32 33 64 80 144 177 354 531 a
1 2 4 8 16 32 33 64 97 113 177 354 531 a
1 2 4 8 16 32 33 64 97 161 177 354 531 a
1 2 4 8 16 32 33 64 128 144 177 354 531 a
1 2 4 8 16 32 33 64 128 161 177 354 531 a
1 2 4 8 16 32 33 66 67 133 199 332 531 b
1 2 4 8 16 32 33 66 67 133 199 398 531 b
1 2 4 8 16 32 33 66 132 133 199 332 531 b
1 2 4 8 16 32 33 66 132 133 199 398 531 b
1 2 4 8 16 32 33 66 132 133 265 266 531 b
1 2 4 8 16 32 33 66 132 133 265 398 531 b
1 2 4 8 16 32 33 66 132 133 265 530 531 b
1 2 4 8 16 32 33 66 132 133 266 398 531 b
1 2 4 8 16 32 33 66 132 133 266 399 531 b
1 2 4 8 16 32 33 66 132 264 265 266 531 b
1 2 4 8 16 32 33 66 132 264 265 267 531 b
1 2 4 8 16 32 33 66 132 264 265 529 531 b
1 2 4 8 16 32 33 66 132 264 265 530 531 b
1 2 4 8 16 32 33 66 132 264 266 267 531 b
1 2 4 8 16 32 33 66 132 264 266 530 531 b
1 2 4 8 16 32 33 66 132 264 528 529 531 b
1 2 4 8 16 32 33 66 132 264 528 530 531 b
1 2 4 8 16 32 34 66 67 133 199 332 531 b
1 2 4 8 16 32 34 66 67 133 199 398 531 b
1 2 4 8 16 32 34 66 132 133 199 332 531 b
1 2 4 8 16 32 34 66 132 133 199 398 531 b
1 2 4 8 16 32 34 66 132 133 265 266 531 b
1 2 4 8 16 32 34 66 132 133 265 398 531 b
1 2 4 8 16 32 34 66 132 133 265 530 531 b
1 2 4 8 16 32 34 66 132 133 266 398 531 b
1 2 4 8 16 32 34 66 132 133 266 399 531 b
1 2 4 8 16 32 34 66 132 264 265 266 531 b
1 2 4 8 16 32 34 66 132 264 265 267 531 b
1 2 4 8 16 32 34 66 132 264 265 529 531 b
1 2 4 8 16 32 34 66 132 264 265 530 531 b
1 2 4 8 16 32 34 66 132 264 266 267 531 b
1 2 4 8 16 32 34 66 132 264 266 530 531 b
1 2 4 8 16 32 34 66 132 264 528 529 531 b
1 2 4 8 16 32 34 66 132 264 528 530 531 b
1 2 4 8 16 32 36 44 88 89 177 354 531 b
1 2 4 8 16 32 36 44 88 176 177 354 531 b
1 2 4 8 16 32 36 52 88 89 177 354 531 b
1 2 4 8 16 32 36 52 88 176 177 354 531 b
1 2 4 8 16 32 36 72 73 104 177 354 531 a
1 2 4 8 16 32 36 72 73 105 177 354 531 b
1 2 4 8 16 32 36 72 73 145 177 354 531 b
1 2 4 8 16 32 36 72 88 89 177 354 531 b
1 2 4 8 16 32 36 72 88 176 177 354 531 b
1 2 4 8 16 32 36 72 104 105 177 354 531 b
1 2 4 8 16 32 36 72 104 176 177 354 531 b
1 2 4 8 16 32 36 72 144 145 177 354 531 b
1 2 4 8 16 32 36 72 144 176 177 354 531 b
1 2 4 8 16 32 40 44 88 89 177 354 531 b
1 2 4 8 16 32 40 44 88 176 177 354 531 b
1 2 4 8 16 32 40 48 88 89 177 354 531 b
1 2 4 8 16 32 40 48 88 176 177 354 531 b
1 2 4 8 16 32 40 56 88 89 177 354 531 b
1 2 4 8 16 32 40 56 88 176 177 354 531 b
1 2 4 8 16 32 40 72 73 104 177 354 531 a
1 2 4 8 16 32 40 72 73 105 177 354 531 b
1 2 4 8 16 32 40 72 73 145 177 354 531 b
1 2 4 8 16 32 40 72 88 89 177 354 531 b
1 2 4 8 16 32 40 72 88 176 177 354 531 b
1 2 4 8 16 32 40 72 104 105 177 354 531 b
1 2 4 8 16 32 40 72 104 176 177 354 531 b
1 2 4 8 16 32 40 72 144 145 177 354 531 b
1 2 4 8 16 32 40 72 144 176 177 354 531 b
1 2 4 8 16 32 40 80 81 96 177 354 531 a
1 2 4 8 16 32 40 80 81 97 177 354 531 b
1 2 4 8 16 32 40 80 81 161 177 354 531 b
1 2 4 8 16 32 40 80 88 89 177 354 531 b
1 2 4 8 16 32 40 80 88 176 177 354 531 b
1 2 4 8 16 32 40 80 96 97 177 354 531 b
1 2 4 8 16 32 40 80 96 176 177 354 531 b
1 2 4 8 16 32 40 80 160 161 177 354 531 b
1 2 4 8 16 32 40 80 160 176 177 354 531 b
1 2 4 8 16 32 48 49 64 113 177 354 531 a
1 2 4 8 16 32 48 49 64 128 177 354 531 a
1 2 4 8 16 32 48 49 80 97 177 354 531 a
1 2 4 8 16 32 48 49 80 128 177 354 531 a
1 2 4 8 16 32 48 49 80 129 177 354 531 a
1 2 4 8 16 32 48 49 81 96 177 354 531 a
1 2 4 8 16 32 48 49 81 129 177 354 531 b
1 2 4 8 16 32 48 49 96 128 177 354 531 a
1 2 4 8 16 32 48 49 96 145 177 354 531 a
1 2 4 8 16 32 48 49 96 145 193 338 531 a
1 2 4 8 16 32 48 49 96 145 193 386 531 a
1 2 4 8 16 32 48 49 96 145 241 290 531 a
1 2 4 8 16 32 48 49 96 145 241 386 531 a
1 2 4 8 16 32 48 49 96 145 241 482 531 a
1 2 4 8 16 32 48 49 96 145 290 386 531 a
1 2 4 8 16 32 48 49 96 145 290 435 531 a
1 2 4 8 16 32 48 49 96 192 241 290 531 a
1 2 4 8 16 32 48 49 96 192 241 482 531 a
1 2 4 8 16 32 48 49 97 129 177 354 531 b
1 2 4 8 16 32 48 49 97 145 177 354 531 b
1 2 4 8 16 32 48 49 97 145 193 338 531 b
1 2 4 8 16 32 48 49 97 145 193 386 531 b
1 2 4 8 16 32 48 56 88 89 177 354 531 b
1 2 4 8 16 32 48 56 88 176 177 354 531 b
1 2 4 8 16 32 48 64 65 112 177 354 531 a
1 2 4 8 16 32 48 64 65 113 177 354 531 b
1 2 4 8 16 32 48 64 65 129 177 354 531 b
1 2 4 8 16 32 48 64 112 113 177 354 531 b
1 2 4 8 16 32 48 64 112 176 177 354 531 b
1 2 4 8 16 32 48 64 128 129 177 354 531 b
1 2 4 8 16 32 48 64 128 176 177 354 531 b
1 2 4 8 16 32 48 80 81 96 177 354 531 a
1 2 4 8 16 32 48 80 81 97 177 354 531 b
1 2 4 8 16 32 48 80 81 129 177 354 531 b
1 2 4 8 16 32 48 80 81 161 177 354 531 b
1 2 4 8 16 32 48 80 81 161 209 322 531 a
1 2 4 8 16 32 48 80 81 161 209 370 531 b
1 2 4 8 16 32 48 80 81 161 322 370 531 b
1 2 4 8 16 32 48 80 81 161 322 483 531 b
1 2 4 8 16 32 48 80 88 89 177 354 531 b
1 2 4 8 16 32 48 80 88 176 177 354 531 b
1 2 4 8 16 32 48 80 96 97 177 354 531 b
1 2 4 8 16 32 48 80 96 176 177 354 531 b
1 2 4 8 16 32 48 80 128 129 177 354 531 b
1 2 4 8 16 32 48 80 128 176 177 354 531 b
1 2 4 8 16 32 48 80 160 161 177 354 531 b
1 2 4 8 16 32 48 80 160 161 209 322 531 a
1 2 4 8 16 32 48 80 160 161 209 370 531 b
1 2 4 8 16 32 48 80 160 161 322 370 531 b
1 2 4 8 16 32 48 80 160 161 322 483 531 b
1 2 4 8 16 32 48 80 160 176 177 354 531 b
1 2 4 8 16 32 48 96 97 113 209 322 531 b
1 2 4 8 16 32 48 96 97 113 209 418 531 b
1 2 4 8 16 32 48 96 97 129 177 354 531 b
1 2 4 8 16 32 48 96 97 145 177 354 531 b
1 2 4 8 16 32 48 96 97 145 193 338 531 b
1 2 4 8 16 32 48 96 97 145 193 386 531 b
1 2 4 8 16 32 48 96 97 145 241 290 531 a
1 2 4 8 16 32 48 96 97 145 241 386 531 b
1 2 4 8 16 32 48 96 97 145 290 386 531 b
1 2 4 8 16 32 48 96 97 145 290 435 531 b
1 2 4 8 16 32 48 96 97 193 241 290 531 a
1 2 4 8 16 32 48 96 97 193 241 338 531 b
1 2 4 8 16 32 48 96 97 193 241 434 531 b
1 2 4 8 16 32 48 96 97 193 290 338 531 b
1 2 4 8 16 32 48 96 97 193 290 483 531 b
1 2 4 8 16 32 48 96 97 193 386 434 531 b
1 2 4 8 16 32 48 96 97 193 386 483 531 b
1 2 4 8 16 32 48 96 112 113 209 322 531 b
1 2 4 8 16 32 48 96 112 113 209 418 531 b
1 2 4 8 16 32 48 96 128 129 177 354 531 b
1 2 4 8 16 32 48 96 128 176 177 354 531 b
1 2 4 8 16 32 48 96 144 145 177 354 531 b
1 2 4 8 16 32 48 96 144 145 193 338 531 b
1 2 4 8 16 32 48 96 144 145 193 386 531 b
1 2 4 8 16 32 48 96 144 145 241 290 531 a
1 2 4 8 16 32 48 96 144 145 241 386 531 b
1 2 4 8 16 32 48 96 144 145 290 386 531 b
1 2 4 8 16 32 48 96 144 145 290 435 531 b
1 2 4 8 16 32 48 96 144 176 177 354 531 b
1 2 4 8 16 32 64 65 72 129 201 330 531 a
1 2 4 8 16 32 64 65 72 129 201 402 531 a
1 2 4 8 16 32 64 65 80 97 177 354 531 a
1 2 4 8 16 32 64 65 80 112 177 354 531 a
1 2 4 8 16 32 64 65 80 145 177 354 531 a
1 2 4 8 16 32 64 65 81 96 177 354 531 a
1 2 4 8 16 32 64 65 81 113 177 354 531 b
1 2 4 8 16 32 64 65 81 145 177 354 531 b
1 2 4 8 16 32 64 65 96 112 177 354 531 a
1 2 4 8 16 32 64 65 96 161 177 354 531 a
1 2 4 8 16 32 64 65 97 113 177 354 531 b
1 2 4 8 16 32 64 65 97 161 177 354 531 b
1 2 4 8 16 32 64 65 129 137 201 330 531 b
1 2 4 8 16 32 64 65 129 137 201 402 531 b
1 2 4 8 16 32 64 65 129 145 177 354 531 b
1 2 4 8 16 32 64 65 129 145 193 338 531 a
1 2 4 8 16 32 64 65 129 145 193 386 531 a
1 2 4 8 16 32 64 65 129 161 177 354 531 b
1 2 4 8 16 32 64 65 129 193 201 330 531 b
1 2 4 8 16 32 64 65 129 193 201 402 531 b
1 2 4 8 16 32 64 65 129 193 209 322 531 a
1 2 4 8 16 32 64 65 129 193 209 338 531 b
1 2 4 8 16 32 64 65 129 193 209 402 531 b
1 2 4 8 16 32 64 65 129 193 322 338 531 b
1 2 4 8 16 32 64 65 129 193 322 515 531 b
1 2 4 8 16 32 64 65 129 193 386 402 531 b
1 2 4 8 16 32 64 65 129 193 386 515 531 b
1 2 4 8 16 32 64 66 67 133 199 332 531 b
1 2 4 8 16 32 64 66 67 133 199 398 531 b
1 2 4 8 16 32 64 66 132 133 199 332 531 b
1 2 4 8 16 32 64 66 132 133 199 398 531 b
1 2 4 8 16 32 64 66 132 133 265 266 531 b
1 2 4 8 16 32 64 66 132 133 265 398 531 b
1 2 4 8 16 32 64 66 132 133 265 530 531 b
1 2 4 8 16 32 64 66 132 133 266 398 531 b
1 2 4 8 16 32 64 66 132 133 266 399 531 b
1 2 4 8 16 32 64 66 132 264 265 266 531 b
1 2 4 8 16 32 64 66 132 264 265 267 531 b
1 2 4 8 16 32 64 66 132 264 265 529 531 b
1 2 4 8 16 32 64 66 132 264 265 530 531 b
1 2 4 8 16 32 64 66 132 264 266 267 531 b
1 2 4 8 16 32 64 66 132 264 266 530 531 b
1 2 4 8 16 32 64 66 132 264 528 529 531 b
1 2 4 8 16 32 64 66 132 264 528 530 531 b
1 2 4 8 16 32 64 68 132 133 265 266 531 b
1 2 4 8 16 32 64 68 132 133 265 398 531 b
1 2 4 8 16 32 64 68 132 133 265 530 531 b
1 2 4 8 16 32 64 68 132 133 266 398 531 b
1 2 4 8 16 32 64 68 132 133 266 399 531 b
1 2 4 8 16 32 64 68 132 264 265 266 531 b
1 2 4 8 16 32 64 68 132 264 265 267 531 b
1 2 4 8 16 32 64 68 132 264 265 529 531 b
1 2 4 8 16 32 64 68 132 264 265 530 531 b
1 2 4 8 16 32 64 68 132 264 266 267 531 b
1 2 4 8 16 32 64 68 132 264 266 530 531 b
1 2 4 8 16 32 64 68 132 264 528 529 531 b
1 2 4 8 16 32 64 68 132 264 528 530 531 b
1 2 4 8 16 32 64 72 73 104 177 354 531 a
1 2 4 8 16 32 64 72 73 105 177 354 531 b
1 2 4 8 16 32 64 72 73 145 177 354 531 b
1 2 4 8 16 32 64 72 88 89 177 354 531 b
1 2 4 8 16 32 64 72 88 176 177 354 531 b
1 2 4 8 16 32 64 72 104 105 177 354 531 b
1 2 4 8 16 32 64 72 104 176 177 354 531 b
1 2 4 8 16 32 64 72 128 129 201 330 531 a
1 2 4 8 16 32 64 72 128 129 201 402 531 a
1 2 4 8 16 32 64 72 144 145 177 354 531 b
1 2 4 8 16 32 64 72 144 176 177 354 531 b
1 2 4 8 16 32 64 80 81 96 177 354 531 a
1 2 4 8 16 32 64 80 81 97 177 354 531 b
1 2 4 8 16 32 64 80 81 113 177 354 531 b
1 2 4 8 16 32 64 80 81 144 225 306 531 a
1 2 4 8 16 32 64 80 81 144 225 450 531 a
1 2 4 8 16 32 64 80 81 145 177 354 531 b
1 2 4 8 16 32 64 80 81 145 225 306 531 b
1 2 4 8 16 32 64 80 81 145 225 450 531 b
1 2 4 8 16 32 64 80 81 161 177 354 531 b
1 2 4 8 16 32 64 80 81 161 225 306 531 b
1 2 4 8 16 32 64 80 81 161 225 450 531 b
1 2 4 8 16 32 64 80 88 89 177 354 531 b
1 2 4 8 16 32 64 80 88 176 177 354 531 b
1 2 4 8 16 32 64 80 96 97 177 354 531 b
1 2 4 8 16 32 64 80 96 176 177 354 531 b
1 2 4 8 16 32 64 80 112 113 177 354 531 b
1 2 4 8 16 32 64 80 112 176 177 354 531 b
1 2 4 8 16 32 64 80 144 145 177 354 531 b
1 2 4 8 16 32 64 80 144 176 177 354 531 b
1 2 4 8 16 32 64 80 160 161 177 354 531 b
1 2 4 8 16 32 64 80 160 176 177 354 531 b
1 2 4 8 16 32 64 96 97 113 177 354 531 b
1 2 4 8 16 32 64 96 97 113 209 322 531 b
1 2 4 8 16 32 64 96 97 113 209 418 531 b
1 2 4 8 16 32 64 96 97 161 177 354 531 b
1 2 4 8 16 32 64 96 112 113 177 354 531 b
1 2 4 8 16 32 64 96 112 113 209 322 531 b
1 2 4 8 16 32 64 96 112 113 209 418 531 b
1 2 4 8 16 32 64 96 112 176 177 354 531 b
1 2 4 8 16 32 64 96 160 161 177 354 531 b
1 2 4 8 16 32 64 96 160 176 177 354 531 b
1 2 4 8 16 32 64 128 129 136 265 266 531 a
1 2 4 8 16 32 64 128 129 136 265 530 531 a
1 2 4 8 16 32 64 128 129 137 201 330 531 b
1 2 4 8 16 32 64 128 129 137 201 402 531 b
1 2 4 8 16 32 64 128 129 137 257 274 531 a
1 2 4 8 16 32 64 128 129 137 257 394 531 a
1 2 4 8 16 32 64 128 129 137 265 266 531 b
1 2 4 8 16 32 64 128 129 137 265 394 531 b
1 2 4 8 16 32 64 128 129 137 265 402 531 b
1 2 4 8 16 32 64 128 129 137 265 530 531 b
1 2 4 8 16 32 64 128 129 137 266 394 531 b
1 2 4 8 16 32 64 128 129 137 266 403 531 b
1 2 4 8 16 32 64 128 129 137 274 402 531 b
1 2 4 8 16 32 64 128 129 137 274 403 531 b
1 2 4 8 16 32 64 128 129 144 258 273 531 a
1 2 4 8 16 32 64 128 129 144 258 387 531 a
1 2 4 8 16 32 64 128 129 144 258 402 531 a
1 2 4 8 16 32 64 128 129 144 273 402 531 a
1 2 4 8 16 32 64 128 129 145 177 354 531 b
1 2 4 8 16 32 64 128 129 145 193 338 531 a
1 2 4 8 16 32 64 128 129 145 193 386 531 a
1 2 4 8 16 32 64 128 129 145 257 274 531 a
1 2 4 8 16 32 64 128 129 145 257 386 531 a
1 2 4 8 16 32 64 128 129 145 257 402 531 a
1 2 4 8 16 32 64 128 129 145 258 273 531 a
1 2 4 8 16 32 64 128 129 145 258 386 531 a
1 2 4 8 16 32 64 128 129 145 258 403 531 a
1 2 4 8 16 32 64 128 129 145 273 402 531 b
1 2 4 8 16 32 64 128 129 145 274 402 531 b
1 2 4 8 16 32 64 128 129 145 274 403 531 b
1 2 4 8 16 32 64 128 129 161 177 354 531 b
1 2 4 8 16 32 64 128 129 193 201 330 531 b
1 2 4 8 16 32 64 128 129 193 201 402 531 b
1 2 4 8 16 32 64 128 129 193 209 322 531 a
1 2 4 8 16 32 64 128 129 193 209 338 531 b
1 2 4 8 16 32 64 128 129 193 209 402 531 b
1 2 4 8 16 32 64 128 129 193 322 338 531 b
1 2 4 8 16 32 64 128 129 193 322 515 531 b
1 2 4 8 16 32 64 128 129 193 386 402 531 b
1 2 4 8 16 32 64 128 129 193 386 515 531 b
1 2 4 8 16 32 64 128 129 257 258 273 531 a
1 2 4 8 16 32 64 128 129 257 258 274 531 b
1 2 4 8 16 32 64 128 129 257 258 515 531 b
1 2 4 8 16 32 64 128 129 257 265 266 531 b
1 2 4 8 16 32 64 128 129 257 265 530 531 b
1 2 4 8 16 32 64 128 129 257 273 274 531 b
1 2 4 8 16 32 64 128 129 257 273 402 531 b
1 2 4 8 16 32 64 128 129 257 273 530 531 b
1 2 4 8 16 32 64 128 129 257 386 402 531 b
1 2 4 8 16 32 64 128 129 257 386 515 531 b
1 2 4 8 16 32 64 128 129 257 514 515 531 b
1 2 4 8 16 32 64 128 129 257 514 530 531 b
1 2 4 8 16 32 64 128 129 258 274 402 531 b
1 2 4 8 16 32 64 128 129 258 274 403 531 b
1 2 4 8 16 32 64 128 129 258 386 402 531 b
1 2 4 8 16 32 64 128 129 258 386 515 531 b
1 2 4 8 16 32 64 128 129 258 387 403 531 b
1 2 4 8 16 32 64 128 129 258 387 515 531 b
1 2 4 8 16 32 64 128 132 133 265 266 531 b
1 2 4 8 16 32 64 128 132 133 265 398 531 b
1 2 4 8 16 32 64 128 132 133 265 530 531 b
1 2 4 8 16 32 64 128 132 133 266 398 531 b
1 2 4 8 16 32 64 128 132 133 266 399 531 b
1 2 4 8 16 32 64 128 132 264 265 266 531 b
1 2 4 8 16 32 64 128 132 264 265 267 531 b
1 2 4 8 16 32 64 128 132 264 265 529 531 b
1 2 4 8 16 32 64 128 132 264 265 530 531 b
1 2 4 8 16 32 64 128 132 264 266 267 531 b
1 2 4 8 16 32 64 128 132 264 266 530 531 b
1 2 4 8 16 32 64 128 132 264 528 529 531 b
1 2 4 8 16 32 64 128 132 264 528 530 531 b
1 2 4 8 16 32 64 128 136 137 265 266 531 b
1 2 4 8 16 32 64 128 136 137 265 530 531 b
1 2 4 8 16 32 64 128 136 264 265 266 531 b
1 2 4 8 16 32 64 128 136 264 265 267 531 b
1 2 4 8 16 32 64 128 136 264 265 529 531 b
1 2 4 8 16 32 64 128 136 264 265 530 531 b
1 2 4 8 16 32 64 128 136 264 266 267 531 b
1 2 4 8 16 32 64 128 136 264 266 530 531 b
1 2 4 8 16 32 64 128 136 264 528 529 531 b
1 2 4 8 16 32 64 128 136 264 528 530 531 b
1 2 4 8 16 32 64 128 144 145 177 354 531 b
1 2 4 8 16 32 64 128 144 176 177 354 531 b
1 2 4 8 16 32 64 128 160 161 177 354 531 b
1 2 4 8 16 32 64 128 160 176 177 354 531 b
1 2 4 8 16 32 64 128 256 257 258 273 531 a
1 2 4 8 16 32 64 128 256 257 258 274 531 b
1 2 4 8 16 32 64 128 256 257 258 515 531 b
1 2 4 8 16 32 64 128 256 257 259 272 531 a
1 2 4 8 16 32 64 128 256 257 259 275 531 b
1 2 4 8 16 32 64 128 256 257 259 515 531 b
1 2 4 8 16 32 64 128 256 257 265 266 531 b
1 2 4 8 16 32 64 128 256 257 265 530 531 b
1 2 4 8 16 32 64 128 256 257 272 274 531 a
1 2 4 8 16 32 64 128 256 257 272 529 531 a
1 2 4 8 16 32 64 128 256 257 273 274 531 b
1 2 4 8 16 32 64 128 256 257 273 275 531 b
1 2 4 8 16 32 64 128 256 257 273 529 531 b
1 2 4 8 16 32 64 128 256 257 273 530 531 b
1 2 4 8 16 32 64 128 256 257 513 515 531 b
1 2 4 8 16 32 64 128 256 257 513 529 531 b
1 2 4 8 16 32 64 128 256 257 514 515 531 b
1 2 4 8 16 32 64 128 256 257 514 530 531 b
1 2 4 8 16 32 64 128 256 258 259 272 531 a
1 2 4 8 16 32 64 128 256 258 259 275 531 b
1 2 4 8 16 32 64 128 256 258 259 515 531 b
1 2 4 8 16 32 64 128 256 258 272 273 531 a
1 2 4 8 16 32 64 128 256 258 272 530 531 a
1 2 4 8 16 32 64 128 256 258 274 275 531 b
1 2 4 8 16 32 64 128 256 258 274 530 531 b
1 2 4 8 16 32 64 128 256 258 514 515 531 b
1 2 4 8 16 32 64 128 256 258 514 530 531 b
1 2 4 8 16 32 64 128 256 264 265 266 531 b
1 2 4 8 16 32 64 128 256 264 265 267 531 b
1 2 4 8 16 32 64 128 256 264 265 529 531 b
1 2 4 8 16 32 64 128 256 264 265 530 531 b
1 2 4 8 16 32 64 128 256 264 266 267 531 b
1 2 4 8 16 32 64 128 256 264 266 530 531 b
1 2 4 8 16 32 64 128 256 264 528 529 531 b
1 2 4 8 16 32 64 128 256 264 528 530 531 b
1 2 4 8 16 32 64 128 256 272 273 275 531 b
1 2 4 8 16 32 64 128 256 272 273 529 531 b
1 2 4 8 16 32 64 128 256 272 274 275 531 b
1 2 4 8 16 32 64 128 256 272 274 530 531 b
1 2 4 8 16 32 64 128 256 272 528 529 531 b
1 2 4 8 16 32 64 128 256 272 528 530 531 b
1 2 4 8 16 32 64 128 256 512 513 515 531 b
1 2 4 8 16 32 64 128 256 512 513 529 531 b
1 2 4 8 16 32 64 128 256 512 514 515 531 b
1 2 4 8 16 32 64 128 256 512 514 530 531 b
1 2 4 8 16 32 64 128 256 512 528 529 531 b
1 2 4 8 16 32 64 128 256 512 528 530 531 b
