1 2 3 4 8 16 32 64 128 131 259 518 b
1 2 3 4 8 16 32 64 128 256 259 518 b
1 2 3 5 8 16 32 64 128 131 259 518 b
1 2 3 5 8 16 32 64 128 256 259 518 b
1 2 3 6 8 16 32 64 128 131 259 518 b
1 2 3 6 8 16 32 64 128 256 259 518 b
1 2 3 6 8 16 32 64 128 256 262 518 b
1 2 3 6 8 16 32 64 128 256 512 518 b
1 2 4 6 8 16 32 64 128 256 262 518 b
1 2 4 6 8 16 32 64 128 256 512 518 b
1 2 4 6 10 16 32 64 128 256 262 518 b
1 2 4 6 10 16 32 64 128 256 512 518 b
1 2 4 6 12 16 32 64 128 256 262 518 b
1 2 4 6 12 16 32 64 128 256 512 518 b
1 2 4 8 16 32 33 65 97 162 259 518 b
1 2 4 8 16 32 33 65 97 194 259 518 b
1 2 4 8 16 32 64 65 97 162 259 518 b
1 2 4 8 16 32 64 65 97 194 259 518 b
1 2 4 8 16 32 64 65 129 130 259 518 b
1 2 4 8 16 32 64 65 129 194 259 518 b
1 2 4 8 16 32 64 65 129 258 259 518 b
1 2 4 8 16 32 64 65 129 258 260 518 b
1 2 4 8 16 32 64 65 129 258 516 518 b
1 2 4 8 16 32 64 65 130 194 259 518 b
1 2 4 8 16 32 64 65 130 194 324 518 b
1 2 4 8 16 32 64 65 130 194 388 518 b
1 2 4 8 16 32 64 65 130 195 259 518 b
1 2 4 8 16 32 64 66 130 194 324 518 b
1 2 4 8 16 32 64 66 130 194 388 518 b
1 2 4 8 16 32 64 128 129 130 259 518 b
1 2 4 8 16 32 64 128 129 131 259 518 b
1 2 4 8 16 32 64 128 129 257 259 518 b
1 2 4 8 16 32 64 128 129 257 261 518 b
1 2 4 8 16 32 64 128 129 257 514 518 b
1 2 4 8 16 32 64 128 129 258 259 518 b
1 2 4 8 16 32 64 128 129 258 260 518 b
1 2 4 8 16 32 64 128 129 258 516 518 b
1 2 4 8 16 32 64 128 130 131 259 518 b
1 2 4 8 16 32 64 128 130 194 324 518 b
1 2 4 8 16 32 64 128 130 194 388 518 b
1 2 4 8 16 32 64 128 130 258 259 518 b
1 2 4 8 16 32 64 128 130 258 260 518 b
1 2 4 8 16 32 64 128 130 258 388 518 b
1 2 4 8 16 32 64 128 130 258 516 518 b
1 2 4 8 16 32 64 128 130 260 388 518 b
1 2 4 8 16 32 64 128 130 260 390 518 b
1 2 4 8 16 32 64 128 256 257 259 518 b
1 2 4 8 16 32 64 128 256 257 261 518 b
1 2 4 8 16 32 64 128 256 257 514 518 b
1 2 4 8 16 32 64 128 256 258 259 518 b
1 2 4 8 16 32 64 128 256 258 260 518 b
1 2 4 8 16 32 64 128 256 258 262 518 b
1 2 4 8 16 32 64 128 256 258 514 518 b
1 2 4 8 16 32 64 128 256 258 516 518 b
1 2 4 8 16 32 64 128 256 260 262 518 b
1 2 4 8 16 32 64 128 256 260 516 518 b
1 2 4 8 16 32 64 128 256 512 514 518 b
1 2 4 8 16 32 64 128 256 512 516 518 b
