1 2 3 5 8 16 32 64 128 133 261 522 b
1 2 3 5 8 16 32 64 128 256 261 522 b
1 2 4 5 8 16 32 64 128 133 261 522 a
1 2 4 5 8 16 32 64 128 256 261 522 a
1 2 4 6 10 16 32 64 128 256 266 522 b
1 2 4 6 10 16 32 64 128 256 512 522 b
1 2 4 8 10 16 32 64 128 256 266 522 a
1 2 4 8 10 16 32 64 128 256 512 522 a
1 2 4 8 16 32 33 65 98 163 261 522 b
1 2 4 8 16 32 33 65 98 196 261 522 b
1 2 4 8 16 32 33 65 130 131 261 522 b
1 2 4 8 16 32 33 65 130 260 261 522 b
1 2 4 8 16 32 33 65 130 260 262 522 b
1 2 4 8 16 32 33 65 130 260 520 522 b
1 2 4 8 16 32 64 65 130 131 261 522 b
1 2 4 8 16 32 64 65 130 260 261 522 b
1 2 4 8 16 32 64 65 130 260 262 522 b
1 2 4 8 16 32 64 65 130 260 520 522 b
1 2 4 8 16 32 64 66 130 131 261 522 b
1 2 4 8 16 32 64 66 130 196 326 522 b
1 2 4 8 16 32 64 66 130 196 392 522 b
1 2 4 8 16 32 64 66 130 260 261 522 b
1 2 4 8 16 32 64 66 130 260 262 522 b
1 2 4 8 16 32 64 66 130 260 520 522 b
1 2 4 8 16 32 64 128 129 132 261 522 a
1 2 4 8 16 32 64 128 129 133 261 522 b
1 2 4 8 16 32 64 128 129 257 261 522 b
1 2 4 8 16 32 64 128 129 257 265 522 b
1 2 4 8 16 32 64 128 129 257 514 522 b
1 2 4 8 16 32 64 128 130 131 261 522 b
1 2 4 8 16 32 64 128 130 260 261 522 b
1 2 4 8 16 32 64 128 130 260 262 522 b
1 2 4 8 16 32 64 128 130 260 520 522 b
1 2 4 8 16 32 64 128 132 133 261 522 b
1 2 4 8 16 32 64 128 132 260 261 522 b
1 2 4 8 16 32 64 128 132 260 262 522 b
1 2 4 8 16 32 64 128 132 260 520 522 b
1 2 4 8 16 32 64 128 256 257 261 522 b
1 2 4 8 16 32 64 128 256 257 265 522 b
1 2 4 8 16 32 64 128 256 257 514 522 b
1 2 4 8 16 32 64 128 256 258 264 522 a
1 2 4 8 16 32 64 128 256 258 266 522 b
1 2 4 8 16 32 64 128 256 258 514 522 b
1 2 4 8 16 32 64 128 256 260 261 522 b
1 2 4 8 16 32 64 128 256 260 262 522 b
1 2 4 8 16 32 64 128 256 260 520 522 b
1 2 4 8 16 32 64 128 256 264 266 522 b
1 2 4 8 16 32 64 128 256 264 520 522 b
1 2 4 8 16 32 64 128 256 512 514 522 b
1 2 4 8 16 32 64 128 256 512 520 522 b
