1 2 3 5 6 11 22 33 66 132 264 269 533 b
1 2 3 5 6 11 22 33 66 132 264 528 533 b
1 2 3 5 6 11 22 44 66 132 264 269 533 b
1 2 3 5 6 11 22 44 66 132 264 528 533 b
1 2 3 5 6 11 22 44 88 132 264 269 533 b
1 2 3 5 6 11 22 44 88 132 264 528 533 b
1 2 3 5 6 11 22 44 88 176 181 352 533 a
1 2 3 5 6 11 22 44 88 176 181 357 533 b
1 2 3 5 6 11 22 44 88 176 264 269 533 b
1 2 3 5 6 11 22 44 88 176 264 528 533 b
1 2 3 5 6 11 22 44 88 176 352 357 533 b
1 2 3 5 6 11 22 44 88 176 352 528 533 b
1 2 3 5 7 14 19 33 66 132 264 269 533 b
1 2 3 5 7 14 19 33 66 132 264 528 533 b
1 2 3 5 7 14 28 33 66 132 264 269 533 b
1 2 3 5 7 14 28 33 66 132 264 528 533 b
1 2 3 5 8 11 22 33 66 132 264 269 533 b
1 2 3 5 8 11 22 33 66 132 264 528 533 b
1 2 3 5 8 11 22 44 66 132 264 269 533 b
1 2 3 5 8 11 22 44 66 132 264 528 533 b
1 2 3 5 8 11 22 44 88 132 264 269 533 b
1 2 3 5 8 11 22 44 88 132 264 528 533 b
1 2 3 5 8 11 22 44 88 176 181 352 533 a
1 2 3 5 8 11 22 44 88 176 181 357 533 b
1 2 3 5 8 11 22 44 88 176 264 269 533 b
1 2 3 5 8 11 22 44 88 176 264 528 533 b
1 2 3 5 8 11 22 44 88 176 352 357 533 b
1 2 3 5 8 11 22 44 88 176 352 528 533 b
1 2 3 5 8 13 26 39 65 130 260 273 533 b
1 2 3 5 8 13 26 39 65 130 260 520 533 b
1 2 3 5 8 13 26 52 65 117 234 299 533 b
1 2 3 5 8 13 26 52 65 117 234 468 533 b
1 2 3 5 8 13 26 52 65 130 260 273 533 b
1 2 3 5 8 13 26 52 65 130 260 520 533 b
1 2 3 5 8 13 26 52 78 130 260 273 533 b
1 2 3 5 8 13 26 52 78 130 260 520 533 b
1 2 3 5 8 13 26 52 104 117 208 325 533 a
1 2 3 5 8 13 26 52 104 117 208 416 533 a
1 2 3 5 8 13 26 52 104 130 260 273 533 b
1 2 3 5 8 13 26 52 104 130 260 520 533 b
1 2 3 5 8 13 26 52 104 156 260 273 533 b
1 2 3 5 8 13 26 52 104 156 260 520 533 b
1 2 3 5 8 13 26 52 104 208 221 312 533 a
1 2 3 5 8 13 26 52 104 208 221 325 533 b
1 2 3 5 8 13 26 52 104 208 221 429 533 b
1 2 3 5 8 13 26 52 104 208 260 273 533 b
1 2 3 5 8 13 26 52 104 208 260 520 533 b
1 2 3 5 8 13 26 52 104 208 312 325 533 b
1 2 3 5 8 13 26 52 104 208 312 520 533 b
1 2 3 5 8 13 26 52 104 208 416 429 533 b
1 2 3 5 8 13 26 52 104 208 416 520 533 b
1 2 3 5 8 16 17 33 66 132 264 269 533 b
1 2 3 5 8 16 17 33 66 132 264 528 533 b
1 2 3 5 8 16 21 32 64 128 256 277 533 a
1 2 3 5 8 16 21 32 64 128 256 512 533 a
1 2 3 5 8 16 32 33 66 132 264 269 533 b
1 2 3 5 8 16 32 33 66 132 264 528 533 b
1 2 3 5 8 16 32 34 66 132 264 269 533 b
1 2 3 5 8 16 32 34 66 132 264 528 533 b
1 2 3 5 8 16 32 64 66 132 264 269 533 b
1 2 3 5 8 16 32 64 66 132 264 528 533 b
1 2 3 5 8 16 32 64 69 133 266 267 533 b
1 2 3 5 8 16 32 64 69 133 266 532 533 b
1 2 3 5 8 16 32 64 128 133 266 267 533 b
1 2 3 5 8 16 32 64 128 133 266 532 533 b
1 2 3 5 8 16 32 64 128 136 264 269 533 b
1 2 3 5 8 16 32 64 128 136 264 528 533 b
1 2 3 5 8 16 32 64 128 256 261 272 533 a
1 2 3 5 8 16 32 64 128 256 261 277 533 b
1 2 3 5 8 16 32 64 128 256 261 517 533 b
1 2 3 5 8 16 32 64 128 256 264 269 533 b
1 2 3 5 8 16 32 64 128 256 264 528 533 b
1 2 3 5 8 16 32 64 128 256 272 277 533 b
1 2 3 5 8 16 32 64 128 256 272 528 533 b
1 2 3 5 8 16 32 64 128 256 512 517 533 b
1 2 3 5 8 16 32 64 128 256 512 528 533 b
1 2 3 5 10 11 21 32 64 128 256 277 533 b
1 2 3 5 10 11 21 32 64 128 256 512 533 b
1 2 3 5 10 11 22 33 66 132 264 269 533 b
1 2 3 5 10 11 22 33 66 132 264 528 533 b
1 2 3 5 10 11 22 44 66 132 264 269 533 b
1 2 3 5 10 11 22 44 66 132 264 528 533 b
1 2 3 5 10 11 22 44 88 132 264 269 533 b
1 2 3 5 10 11 22 44 88 132 264 528 533 b
1 2 3 5 10 11 22 44 88 176 181 352 533 a
1 2 3 5 10 11 22 44 88 176 181 357 533 b
1 2 3 5 10 11 22 44 88 176 264 269 533 b
1 2 3 5 10 11 22 44 88 176 264 528 533 b
1 2 3 5 10 11 22 44 88 176 352 357 533 b
1 2 3 5 10 11 22 44 88 176 352 528 533 b
1 2 3 5 10 12 22 44 66 132 264 269 533 b
1 2 3 5 10 12 22 44 66 132 264 528 533 b
1 2 3 5 10 12 22 44 88 132 264 269 533 b
1 2 3 5 10 12 22 44 88 132 264 528 533 b
1 2 3 5 10 12 22 44 88 176 181 352 533 a
1 2 3 5 10 12 22 44 88 176 181 357 533 b
1 2 3 5 10 12 22 44 88 176 264 269 533 b
1 2 3 5 10 12 22 44 88 176 264 528 533 b
1 2 3 5 10 12 22 44 88 176 352 357 533 b
1 2 3 5 10 12 22 44 88 176 352 528 533 b
1 2 3 5 10 13 20 33 66 132 264 269 533 a
1 2 3 5 10 13 20 33 66 132 264 528 533 a
1 2 3 5 10 13 23 33 66 132 264 269 533 b
1 2 3 5 10 13 23 33 66 132 264 528 533 b
1 2 3 5 10 13 26 39 65 130 260 273 533 b
1 2 3 5 10 13 26 39 65 130 260 520 533 b
1 2 3 5 10 13 26 52 65 117 234 299 533 b
1 2 3 5 10 13 26 52 65 117 234 468 533 b
1 2 3 5 10 13 26 52 65 130 260 273 533 b
1 2 3 5 10 13 26 52 65 130 260 520 533 b
1 2 3 5 10 13 26 52 78 130 260 273 533 b
1 2 3 5 10 13 26 52 78 130 260 520 533 b
1 2 3 5 10 13 26 52 104 117 208 325 533 a
1 2 3 5 10 13 26 52 104 117 208 416 533 a
1 2 3 5 10 13 26 52 104 130 260 273 533 b
1 2 3 5 10 13 26 52 104 130 260 520 533 b
1 2 3 5 10 13 26 52 104 156 260 273 533 b
1 2 3 5 10 13 26 52 104 156 260 520 533 b
1 2 3 5 10 13 26 52 104 208 221 312 533 a
1 2 3 5 10 13 26 52 104 208 221 325 533 b
1 2 3 5 10 13 26 52 104 208 221 429 533 b
1 2 3 5 10 13 26 52 104 208 260 273 533 b
1 2 3 5 10 13 26 52 104 208 260 520 533 b
1 2 3 5 10 13 26 52 104 208 312 325 533 b
1 2 3 5 10 13 26 52 104 208 312 520 533 b
1 2 3 5 10 13 26 52 104 208 416 429 533 b
1 2 3 5 10 13 26 52 104 208 416 520 533 b
1 2 3 5 10 15 18 33 66 132 264 269 533 b
1 2 3 5 10 15 18 33 66 132 264 528 533 b
1 2 3 5 10 15 30 33 66 132 264 269 533 b
1 2 3 5 10 15 30 33 66 132 264 528 533 b
1 2 3 5 10 20 21 41 82 123 205 328 533 b
1 2 3 5 10 20 21 41 82 123 205 410 533 b
1 2 3 5 10 20 21 41 82 123 246 287 533 b
1 2 3 5 10 20 21 41 82 123 246 492 533 b
1 2 3 5 10 20 21 41 82 164 205 328 533 a
1 2 3 5 10 20 21 41 82 164 205 369 533 b
1 2 3 5 10 20 21 41 82 164 246 287 533 b
1 2 3 5 10 20 21 41 82 164 246 492 533 b
1 2 3 5 10 20 21 41 82 164 328 369 533 b
1 2 3 5 10 20 21 41 82 164 328 492 533 b
1 2 3 5 10 20 22 44 66 132 264 269 533 b
1 2 3 5 10 20 22 44 66 132 264 528 533 b
1 2 3 5 10 20 22 44 88 132 264 269 533 b
1 2 3 5 10 20 22 44 88 132 264 528 533 b
1 2 3 5 10 20 22 44 88 176 181 352 533 a
1 2 3 5 10 20 22 44 88 176 181 357 533 b
1 2 3 5 10 20 22 44 88 176 264 269 533 b
1 2 3 5 10 20 22 44 88 176 264 528 533 b
1 2 3 5 10 20 22 44 88 176 352 357 533 b
1 2 3 5 10 20 22 44 88 176 352 528 533 b
1 2 3 5 10 20 23 33 66 132 264 269 533 b
1 2 3 5 10 20 23 33 66 132 264 528 533 b
1 2 3 5 10 20 23 43 66 132 264 269 533 b
1 2 3 5 10 20 23 43 66 132 264 528 533 b
1 2 3 5 10 20 23 46 66 132 264 269 533 b
1 2 3 5 10 20 23 46 66 132 264 528 533 b
1 2 3 5 10 20 30 33 66 132 264 269 533 b
1 2 3 5 10 20 30 33 66 132 264 528 533 b
1 2 3 5 10 20 40 41 82 123 205 328 533 b
1 2 3 5 10 20 40 41 82 123 205 410 533 b
1 2 3 5 10 20 40 41 82 123 246 287 533 b
1 2 3 5 10 20 40 41 82 123 246 492 533 b
1 2 3 5 10 20 40 41 82 164 205 328 533 a
1 2 3 5 10 20 40 41 82 164 205 369 533 b
1 2 3 5 10 20 40 41 82 164 246 287 533 b
1 2 3 5 10 20 40 41 82 164 246 492 533 b
1 2 3 5 10 20 40 41 82 164 328 369 533 b
1 2 3 5 10 20 40 41 82 164 328 492 533 b
1 2 3 6 7 13 26 39 65 130 260 273 533 b
1 2 3 6 7 13 26 39 65 130 260 520 533 b
1 2 3 6 7 13 26 52 65 117 234 299 533 b
1 2 3 6 7 13 26 52 65 117 234 468 533 b
1 2 3 6 7 13 26 52 65 130 260 273 533 b
1 2 3 6 7 13 26 52 65 130 260 520 533 b
1 2 3 6 7 13 26 52 78 130 260 273 533 b
1 2 3 6 7 13 26 52 78 130 260 520 533 b
1 2 3 6 7 13 26 52 104 117 208 325 533 a
1 2 3 6 7 13 26 52 104 117 208 416 533 a
1 2 3 6 7 13 26 52 104 130 260 273 533 b
1 2 3 6 7 13 26 52 104 130 260 520 533 b
1 2 3 6 7 13 26 52 104 156 260 273 533 b
1 2 3 6 7 13 26 52 104 156 260 520 533 b
1 2 3 6 7 13 26 52 104 208 221 312 533 a
1 2 3 6 7 13 26 52 104 208 221 325 533 b
1 2 3 6 7 13 26 52 104 208 221 429 533 b
1 2 3 6 7 13 26 52 104 208 260 273 533 b
1 2 3 6 7 13 26 52 104 208 260 520 533 b
1 2 3 6 7 13 26 52 104 208 312 325 533 b
1 2 3 6 7 13 26 52 104 208 312 520 533 b
1 2 3 6 7 13 26 52 104 208 416 429 533 b
1 2 3 6 7 13 26 52 104 208 416 520 533 b
1 2 3 6 12 13 25 37 62 124 248 285 533 b
1 2 3 6 12 13 25 37 62 124 248 496 533 b
1 2 3 6 12 13 26 39 65 130 260 273 533 b
1 2 3 6 12 13 26 39 65 130 260 520 533 b
1 2 3 6 12 13 26 52 65 117 234 299 533 b
1 2 3 6 12 13 26 52 65 117 234 468 533 b
1 2 3 6 12 13 26 52 65 130 260 273 533 b
1 2 3 6 12 13 26 52 65 130 260 520 533 b
1 2 3 6 12 13 26 52 78 130 260 273 533 b
1 2 3 6 12 13 26 52 78 130 260 520 533 b
1 2 3 6 12 13 26 52 104 117 208 325 533 a
1 2 3 6 12 13 26 52 104 117 208 416 533 a
1 2 3 6 12 13 26 52 104 130 260 273 533 b
1 2 3 6 12 13 26 52 104 130 260 520 533 b
1 2 3 6 12 13 26 52 104 156 260 273 533 b
1 2 3 6 12 13 26 52 104 156 260 520 533 b
1 2 3 6 12 13 26 52 104 208 221 312 533 a
1 2 3 6 12 13 26 52 104 208 221 325 533 b
1 2 3 6 12 13 26 52 104 208 221 429 533 b
1 2 3 6 12 13 26 52 104 208 260 273 533 b
1 2 3 6 12 13 26 52 104 208 260 520 533 b
1 2 3 6 12 13 26 52 104 208 312 325 533 b
1 2 3 6 12 13 26 52 104 208 312 520 533 b
1 2 3 6 12 13 26 52 104 208 416 429 533 b
1 2 3 6 12 13 26 52 104 208 416 520 533 b
1 2 3 6 12 24 25 37 62 124 248 285 533 b
1 2 3 6 12 24 25 37 62 124 248 496 533 b
1 2 3 6 12 24 48 49 72 121 242 291 533 a
1 2 3 6 12 24 48 49 72 121 242 484 533 a
1 2 3 6 12 24 48 49 73 121 242 291 533 b
1 2 3 6 12 24 48 49 73 121 242 484 533 b
1 2 3 6 12 24 48 49 96 145 194 339 533 a
1 2 3 6 12 24 48 49 96 145 194 388 533 a
1 2 3 6 12 24 48 49 97 109 218 315 533 b
1 2 3 6 12 24 48 49 97 109 218 436 533 b
1 2 3 6 12 24 48 49 97 121 218 315 533 b
1 2 3 6 12 24 48 49 97 121 218 436 533 b
1 2 3 6 12 24 48 49 97 121 242 291 533 b
1 2 3 6 12 24 48 49 97 121 242 484 533 b
1 2 3 6 12 24 48 49 97 145 194 339 533 b
1 2 3 6 12 24 48 49 97 145 194 388 533 b
1 2 3 6 12 24 48 49 97 145 242 291 533 b
1 2 3 6 12 24 48 49 97 145 242 484 533 b
1 2 3 6 12 24 48 49 97 194 218 315 533 b
1 2 3 6 12 24 48 49 97 194 218 436 533 b
1 2 3 6 12 24 48 49 97 194 242 291 533 b
1 2 3 6 12 24 48 49 97 194 242 339 533 b
1 2 3 6 12 24 48 49 97 194 242 436 533 b
1 2 3 6 12 24 48 49 97 194 242 484 533 b
1 2 3 6 12 24 48 49 97 194 291 339 533 b
1 2 3 6 12 24 48 49 97 194 291 485 533 b
1 2 3 6 12 24 48 49 97 194 388 436 533 b
1 2 3 6 12 24 48 49 97 194 388 485 533 b
1 2 3 6 12 24 48 96 97 109 218 315 533 b
1 2 3 6 12 24 48 96 97 109 218 436 533 b
1 2 3 6 12 24 48 96 97 121 218 315 533 b
1 2 3 6 12 24 48 96 97 121 218 436 533 b
1 2 3 6 12 24 48 96 97 145 194 339 533 a
1 2 3 6 12 24 48 96 97 145 194 388 533 a
1 2 3 6 12 24 48 96 97 194 218 315 533 b
1 2 3 6 12 24 48 96 97 194 218 436 533 b
1 2 3 6 12 24 48 96 97 194 242 291 533 a
1 2 3 6 12 24 48 96 97 194 242 339 533 b
1 2 3 6 12 24 48 96 97 194 242 436 533 b
1 2 3 6 12 24 48 96 97 194 291 339 533 b
1 2 3 6 12 24 48 96 97 194 291 485 533 b
1 2 3 6 12 24 48 96 97 194 388 436 533 b
1 2 3 6 12 24 48 96 97 194 388 485 533 b
1 2 4 5 6 11 22 33 66 132 264 269 533 b
1 2 4 5 6 11 22 33 66 132 264 528 533 b
1 2 4 5 6 11 22 44 66 132 264 269 533 b
1 2 4 5 6 11 22 44 66 132 264 528 533 b
1 2 4 5 6 11 22 44 88 132 264 269 533 b
1 2 4 5 6 11 22 44 88 132 264 528 533 b
1 2 4 5 6 11 22 44 88 176 181 352 533 a
1 2 4 5 6 11 22 44 88 176 181 357 533 b
1 2 4 5 6 11 22 44 88 176 264 269 533 b
1 2 4 5 6 11 22 44 88 176 264 528 533 b
1 2 4 5 6 11 22 44 88 176 352 357 533 b
1 2 4 5 6 11 22 44 88 176 352 528 533 b
1 2 4 5 7 11 22 33 66 132 264 269 533 b
1 2 4 5 7 11 22 33 66 132 264 528 533 b
1 2 4 5 7 11 22 44 66 132 264 269 533 b
1 2 4 5 7 11 22 44 66 132 264 528 533 b
1 2 4 5 7 11 22 44 88 132 264 269 533 b
1 2 4 5 7 11 22 44 88 132 264 528 533 b
1 2 4 5 7 11 22 44 88 176 181 352 533 a
1 2 4 5 7 11 22 44 88 176 181 357 533 b
1 2 4 5 7 11 22 44 88 176 264 269 533 b
1 2 4 5 7 11 22 44 88 176 264 528 533 b
1 2 4 5 7 11 22 44 88 176 352 357 533 b
1 2 4 5 7 11 22 44 88 176 352 528 533 b
1 2 4 5 7 14 19 33 66 132 264 269 533 b
1 2 4 5 7 14 19 33 66 132 264 528 533 b
1 2 4 5 7 14 28 33 66 132 264 269 533 b
1 2 4 5 7 14 28 33 66 132 264 528 533 b
1 2 4 5 8 13 26 39 65 130 260 273 533 a
1 2 4 5 8 13 26 39 65 130 260 520 533 a
1 2 4 5 8 13 26 52 65 117 234 299 533 a
1 2 4 5 8 13 26 52 65 117 234 468 533 a
1 2 4 5 8 13 26 52 65 130 260 273 533 a
1 2 4 5 8 13 26 52 65 130 260 520 533 a
1 2 4 5 8 13 26 52 78 130 260 273 533 a
1 2 4 5 8 13 26 52 78 130 260 520 533 a
1 2 4 5 8 13 26 52 104 117 208 325 533 a
1 2 4 5 8 13 26 52 104 117 208 416 533 a
1 2 4 5 8 13 26 52 104 130 260 273 533 a
1 2 4 5 8 13 26 52 104 130 260 520 533 a
1 2 4 5 8 13 26 52 104 156 260 273 533 a
1 2 4 5 8 13 26 52 104 156 260 520 533 a
1 2 4 5 8 13 26 52 104 208 221 312 533 a
1 2 4 5 8 13 26 52 104 208 221 325 533 a
1 2 4 5 8 13 26 52 104 208 221 429 533 a
1 2 4 5 8 13 26 52 104 208 260 273 533 a
1 2 4 5 8 13 26 52 104 208 260 520 533 a
1 2 4 5 8 13 26 52 104 208 312 325 533 a
1 2 4 5 8 13 26 52 104 208 312 520 533 a
1 2 4 5 8 13 26 52 104 208 416 429 533 a
1 2 4 5 8 13 26 52 104 208 416 520 533 a
1 2 4 5 8 16 17 33 66 132 264 269 533 a
1 2 4 5 8 16 17 33 66 132 264 528 533 a
1 2 4 5 8 16 21 32 64 128 256 277 533 a
1 2 4 5 8 16 21 32 64 128 256 512 533 a
1 2 4 5 8 16 32 33 66 132 264 269 533 a
1 2 4 5 8 16 32 33 66 132 264 528 533 a
1 2 4 5 8 16 32 34 66 132 264 269 533 a
1 2 4 5 8 16 32 34 66 132 264 528 533 a
1 2 4 5 8 16 32 64 66 132 264 269 533 a
1 2 4 5 8 16 32 64 66 132 264 528 533 a
1 2 4 5 8 16 32 64 68 132 264 269 533 a
1 2 4 5 8 16 32 64 68 132 264 528 533 a
1 2 4 5 8 16 32 64 69 133 266 267 533 a
1 2 4 5 8 16 32 64 69 133 266 532 533 a
1 2 4 5 8 16 32 64 128 132 264 269 533 a
1 2 4 5 8 16 32 64 128 132 264 528 533 a
1 2 4 5 8 16 32 64 128 133 266 267 533 a
1 2 4 5 8 16 32 64 128 133 266 532 533 a
1 2 4 5 8 16 32 64 128 136 264 269 533 a
1 2 4 5 8 16 32 64 128 136 264 528 533 a
1 2 4 5 8 16 32 64 128 256 261 272 533 a
1 2 4 5 8 16 32 64 128 256 261 277 533 a
1 2 4 5 8 16 32 64 128 256 261 517 533 a
1 2 4 5 8 16 32 64 128 256 264 269 533 a
1 2 4 5 8 16 32 64 128 256 264 528 533 a
1 2 4 5 8 16 32 64 128 256 272 277 533 a
1 2 4 5 8 16 32 64 128 256 272 528 533 a
1 2 4 5 8 16 32 64 128 256 512 517 533 a
1 2 4 5 8 16 32 64 128 256 512 528 533 a
1 2 4 5 9 11 22 33 66 132 264 269 533 b
1 2 4 5 9 11 22 33 66 132 264 528 533 b
1 2 4 5 9 11 22 44 66 132 264 269 533 b
1 2 4 5 9 11 22 44 66 132 264 528 533 b
1 2 4 5 9 11 22 44 88 132 264 269 533 b
1 2 4 5 9 11 22 44 88 132 264 528 533 b
1 2 4 5 9 11 22 44 88 176 181 352 533 a
1 2 4 5 9 11 22 44 88 176 181 357 533 b
1 2 4 5 9 11 22 44 88 176 264 269 533 b
1 2 4 5 9 11 22 44 88 176 264 528 533 b
1 2 4 5 9 11 22 44 88 176 352 357 533 b
1 2 4 5 9 11 22 44 88 176 352 528 533 b
1 2 4 5 9 13 22 44 66 132 264 269 533 b
1 2 4 5 9 13 22 44 66 132 264 528 533 b
1 2 4 5 9 13 22 44 88 132 264 269 533 b
1 2 4 5 9 13 22 44 88 132 264 528 533 b
1 2 4 5 9 13 22 44 88 176 181 352 533 a
1 2 4 5 9 13 22 44 88 176 181 357 533 b
1 2 4 5 9 13 22 44 88 176 264 269 533 b
1 2 4 5 9 13 22 44 88 176 264 528 533 b
1 2 4 5 9 13 22 44 88 176 352 357 533 b
1 2 4 5 9 13 22 44 88 176 352 528 533 b
1 2 4 5 9 13 26 39 65 130 260 273 533 b
1 2 4 5 9 13 26 39 65 130 260 520 533 b
1 2 4 5 9 13 26 52 65 117 234 299 533 b
1 2 4 5 9 13 26 52 65 117 234 468 533 b
1 2 4 5 9 13 26 52 65 130 260 273 533 b
1 2 4 5 9 13 26 52 65 130 260 520 533 b
1 2 4 5 9 13 26 52 78 130 260 273 533 b
1 2 4 5 9 13 26 52 78 130 260 520 533 b
1 2 4 5 9 13 26 52 104 117 208 325 533 a
1 2 4 5 9 13 26 52 104 117 208 416 533 a
1 2 4 5 9 13 26 52 104 130 260 273 533 b
1 2 4 5 9 13 26 52 104 130 260 520 533 b
1 2 4 5 9 13 26 52 104 156 260 273 533 b
1 2 4 5 9 13 26 52 104 156 260 520 533 b
1 2 4 5 9 13 26 52 104 208 221 312 533 a
1 2 4 5 9 13 26 52 104 208 221 325 533 b
1 2 4 5 9 13 26 52 104 208 221 429 533 b
1 2 4 5 9 13 26 52 104 208 260 273 533 b
1 2 4 5 9 13 26 52 104 208 260 520 533 b
1 2 4 5 9 13 26 52 104 208 312 325 533 b
1 2 4 5 9 13 26 52 104 208 312 520 533 b
1 2 4 5 9 13 26 52 104 208 416 429 533 b
1 2 4 5 9 13 26 52 104 208 416 520 533 b
1 2 4 5 9 14 19 33 66 132 264 269 533 b
1 2 4 5 9 14 19 33 66 132 264 528 533 b
1 2 4 5 9 14 28 33 66 132 264 269 533 b
1 2 4 5 9 14 28 33 66 132 264 528 533 b
1 2 4 5 9 18 22 44 66 132 264 269 533 b
1 2 4 5 9 18 22 44 66 132 264 528 533 b
1 2 4 5 9 18 22 44 88 132 264 269 533 b
1 2 4 5 9 18 22 44 88 132 264 528 533 b
1 2 4 5 9 18 22 44 88 176 181 352 533 a
1 2 4 5 9 18 22 44 88 176 181 357 533 b
1 2 4 5 9 18 22 44 88 176 264 269 533 b
1 2 4 5 9 18 22 44 88 176 264 528 533 b
1 2 4 5 9 18 22 44 88 176 352 357 533 b
1 2 4 5 9 18 22 44 88 176 352 528 533 b
1 2 4 5 9 18 23 41 82 123 205 328 533 b
1 2 4 5 9 18 23 41 82 123 205 410 533 b
1 2 4 5 9 18 23 41 82 123 246 287 533 b
1 2 4 5 9 18 23 41 82 123 246 492 533 b
1 2 4 5 9 18 23 41 82 164 205 328 533 a
1 2 4 5 9 18 23 41 82 164 205 369 533 b
1 2 4 5 9 18 23 41 82 164 246 287 533 b
1 2 4 5 9 18 23 41 82 164 246 492 533 b
1 2 4 5 9 18 23 41 82 164 328 369 533 b
1 2 4 5 9 18 23 41 82 164 328 492 533 b
1 2 4 5 9 18 36 41 82 123 205 328 533 b
1 2 4 5 9 18 36 41 82 123 205 410 533 b
1 2 4 5 9 18 36 41 82 123 246 287 533 b
1 2 4 5 9 18 36 41 82 123 246 492 533 b
1 2 4 5 9 18 36 41 82 164 205 328 533 a
1 2 4 5 9 18 36 41 82 164 205 369 533 b
1 2 4 5 9 18 36 41 82 164 246 287 533 b
1 2 4 5 9 18 36 41 82 164 246 492 533 b
1 2 4 5 9 18 36 41 82 164 328 369 533 b
1 2 4 5 9 18 36 41 82 164 328 492 533 b
1 2 4 5 10 11 21 32 64 128 256 277 533 b
1 2 4 5 10 11 21 32 64 128 256 512 533 b
1 2 4 5 10 11 22 33 66 132 264 269 533 b
1 2 4 5 10 11 22 33 66 132 264 528 533 b
1 2 4 5 10 11 22 44 66 132 264 269 533 b
1 2 4 5 10 11 22 44 66 132 264 528 533 b
1 2 4 5 10 11 22 44 88 132 264 269 533 b
1 2 4 5 10 11 22 44 88 132 264 528 533 b
1 2 4 5 10 11 22 44 88 176 181 352 533 a
1 2 4 5 10 11 22 44 88 176 181 357 533 b
1 2 4 5 10 11 22 44 88 176 264 269 533 b
1 2 4 5 10 11 22 44 88 176 264 528 533 b
1 2 4 5 10 11 22 44 88 176 352 357 533 b
1 2 4 5 10 11 22 44 88 176 352 528 533 b
1 2 4 5 10 12 22 44 66 132 264 269 533 b
1 2 4 5 10 12 22 44 66 132 264 528 533 b
1 2 4 5 10 12 22 44 88 132 264 269 533 b
1 2 4 5 10 12 22 44 88 132 264 528 533 b
1 2 4 5 10 12 22 44 88 176 181 352 533 a
1 2 4 5 10 12 22 44 88 176 181 357 533 b
1 2 4 5 10 12 22 44 88 176 264 269 533 b
1 2 4 5 10 12 22 44 88 176 264 528 533 b
1 2 4 5 10 12 22 44 88 176 352 357 533 b
1 2 4 5 10 12 22 44 88 176 352 528 533 b
1 2 4 5 10 14 19 33 66 132 264 269 533 b
1 2 4 5 10 14 19 33 66 132 264 528 533 b
1 2 4 5 10 14 28 33 66 132 264 269 533 b
1 2 4 5 10 14 28 33 66 132 264 528 533 b
1 2 4 5 10 14 28 38 66 132 264 269 533 b
1 2 4 5 10 14 28 38 66 132 264 528 533 b
1 2 4 5 10 14 28 56 66 132 264 269 533 b
1 2 4 5 10 14 28 56 66 132 264 528 533 b
1 2 4 5 10 20 21 41 82 123 205 328 533 b
1 2 4 5 10 20 21 41 82 123 205 410 533 b
1 2 4 5 10 20 21 41 82 123 246 287 533 b
1 2 4 5 10 20 21 41 82 123 246 492 533 b
1 2 4 5 10 20 21 41 82 164 205 328 533 a
1 2 4 5 10 20 21 41 82 164 205 369 533 b
1 2 4 5 10 20 21 41 82 164 246 287 533 b
1 2 4 5 10 20 21 41 82 164 246 492 533 b
1 2 4 5 10 20 21 41 82 164 328 369 533 b
1 2 4 5 10 20 21 41 82 164 328 492 533 b
1 2 4 5 10 20 22 44 66 132 264 269 533 b
1 2 4 5 10 20 22 44 66 132 264 528 533 b
1 2 4 5 10 20 22 44 88 132 264 269 533 b
1 2 4 5 10 20 22 44 88 132 264 528 533 b
1 2 4 5 10 20 22 44 88 176 181 352 533 a
1 2 4 5 10 20 22 44 88 176 181 357 533 b
1 2 4 5 10 20 22 44 88 176 264 269 533 b
1 2 4 5 10 20 22 44 88 176 264 528 533 b
1 2 4 5 10 20 22 44 88 176 352 357 533 b
1 2 4 5 10 20 22 44 88 176 352 528 533 b
1 2 4 5 10 20 24 44 88 132 264 269 533 b
1 2 4 5 10 20 24 44 88 132 264 528 533 b
1 2 4 5 10 20 24 44 88 176 181 352 533 a
1 2 4 5 10 20 24 44 88 176 181 357 533 b
1 2 4 5 10 20 24 44 88 176 264 269 533 b
1 2 4 5 10 20 24 44 88 176 264 528 533 b
1 2 4 5 10 20 24 44 88 176 352 357 533 b
1 2 4 5 10 20 24 44 88 176 352 528 533 b
1 2 4 5 10 20 40 41 82 123 205 328 533 b
1 2 4 5 10 20 40 41 82 123 205 410 533 b
1 2 4 5 10 20 40 41 82 123 246 287 533 b
1 2 4 5 10 20 40 41 82 123 246 492 533 b
1 2 4 5 10 20 40 41 82 164 205 328 533 a
1 2 4 5 10 20 40 41 82 164 205 369 533 b
1 2 4 5 10 20 40 41 82 164 246 287 533 b
1 2 4 5 10 20 40 41 82 164 246 492 533 b
1 2 4 5 10 20 40 41 82 164 328 369 533 b
1 2 4 5 10 20 40 41 82 164 328 492 533 b
1 2 4 5 10 20 40 44 88 132 264 269 533 b
1 2 4 5 10 20 40 44 88 132 264 528 533 b
1 2 4 5 10 20 40 44 88 176 181 352 533 a
1 2 4 5 10 20 40 44 88 176 181 357 533 b
1 2 4 5 10 20 40 44 88 176 264 269 533 b
1 2 4 5 10 20 40 44 88 176 264 528 533 b
1 2 4 5 10 20 40 44 88 176 352 357 533 b
1 2 4 5 10 20 40 44 88 176 352 528 533 b
1 2 4 6 7 13 26 39 65 130 260 273 533 b
1 2 4 6 7 13 26 39 65 130 260 520 533 b
1 2 4 6 7 13 26 52 65 117 234 299 533 b
1 2 4 6 7 13 26 52 65 117 234 468 533 b
1 2 4 6 7 13 26 52 65 130 260 273 533 b
1 2 4 6 7 13 26 52 65 130 260 520 533 b
1 2 4 6 7 13 26 52 78 130 260 273 533 b
1 2 4 6 7 13 26 52 78 130 260 520 533 b
1 2 4 6 7 13 26 52 104 117 208 325 533 a
1 2 4 6 7 13 26 52 104 117 208 416 533 a
1 2 4 6 7 13 26 52 104 130 260 273 533 b
1 2 4 6 7 13 26 52 104 130 260 520 533 b
1 2 4 6 7 13 26 52 104 156 260 273 533 b
1 2 4 6 7 13 26 52 104 156 260 520 533 b
1 2 4 6 7 13 26 52 104 208 221 312 533 a
1 2 4 6 7 13 26 52 104 208 221 325 533 b
1 2 4 6 7 13 26 52 104 208 221 429 533 b
1 2 4 6 7 13 26 52 104 208 260 273 533 b
1 2 4 6 7 13 26 52 104 208 260 520 533 b
1 2 4 6 7 13 26 52 104 208 312 325 533 b
1 2 4 6 7 13 26 52 104 208 312 520 533 b
1 2 4 6 7 13 26 52 104 208 416 429 533 b
1 2 4 6 7 13 26 52 104 208 416 520 533 b
1 2 4 6 10 11 21 32 64 128 256 277 533 b
1 2 4 6 10 11 21 32 64 128 256 512 533 b
1 2 4 6 10 16 32 64 128 138 266 267 533 b
1 2 4 6 10 16 32 64 128 138 266 532 533 b
1 2 4 6 10 16 32 64 128 256 266 267 533 b
1 2 4 6 10 16 32 64 128 256 266 532 533 b
1 2 4 6 10 20 21 41 82 123 205 328 533 b
1 2 4 6 10 20 21 41 82 123 205 410 533 b
1 2 4 6 10 20 21 41 82 123 246 287 533 b
1 2 4 6 10 20 21 41 82 123 246 492 533 b
1 2 4 6 10 20 21 41 82 164 205 328 533 a
1 2 4 6 10 20 21 41 82 164 205 369 533 b
1 2 4 6 10 20 21 41 82 164 246 287 533 b
1 2 4 6 10 20 21 41 82 164 246 492 533 b
1 2 4 6 10 20 21 41 82 164 328 369 533 b
1 2 4 6 10 20 21 41 82 164 328 492 533 b
1 2 4 6 10 20 40 41 82 123 205 328 533 b
1 2 4 6 10 20 40 41 82 123 205 410 533 b
1 2 4 6 10 20 40 41 82 123 246 287 533 b
1 2 4 6 10 20 40 41 82 123 246 492 533 b
1 2 4 6 10 20 40 41 82 164 205 328 533 a
1 2 4 6 10 20 40 41 82 164 205 369 533 b
1 2 4 6 10 20 40 41 82 164 246 287 533 b
1 2 4 6 10 20 40 41 82 164 246 492 533 b
1 2 4 6 10 20 40 41 82 164 328 369 533 b
1 2 4 6 10 20 40 41 82 164 328 492 533 b
1 2 4 6 12 13 25 37 62 124 248 285 533 b
1 2 4 6 12 13 25 37 62 124 248 496 533 b
1 2 4 6 12 13 26 39 65 130 260 273 533 b
1 2 4 6 12 13 26 39 65 130 260 520 533 b
1 2 4 6 12 13 26 52 65 117 234 299 533 b
1 2 4 6 12 13 26 52 65 117 234 468 533 b
1 2 4 6 12 13 26 52 65 130 260 273 533 b
1 2 4 6 12 13 26 52 65 130 260 520 533 b
1 2 4 6 12 13 26 52 78 130 260 273 533 b
1 2 4 6 12 13 26 52 78 130 260 520 533 b
1 2 4 6 12 13 26 52 104 117 208 325 533 a
1 2 4 6 12 13 26 52 104 117 208 416 533 a
1 2 4 6 12 13 26 52 104 130 260 273 533 b
1 2 4 6 12 13 26 52 104 130 260 520 533 b
1 2 4 6 12 13 26 52 104 156 260 273 533 b
1 2 4 6 12 13 26 52 104 156 260 520 533 b
1 2 4 6 12 13 26 52 104 208 221 312 533 a
1 2 4 6 12 13 26 52 104 208 221 325 533 b
1 2 4 6 12 13 26 52 104 208 221 429 533 b
1 2 4 6 12 13 26 52 104 208 260 273 533 b
1 2 4 6 12 13 26 52 104 208 260 520 533 b
1 2 4 6 12 13 26 52 104 208 312 325 533 b
1 2 4 6 12 13 26 52 104 208 312 520 533 b
1 2 4 6 12 13 26 52 104 208 416 429 533 b
1 2 4 6 12 13 26 52 104 208 416 520 533 b
1 2 4 6 12 24 25 37 62 124 248 285 533 b
1 2 4 6 12 24 25 37 62 124 248 496 533 b
1 2 4 6 12 24 48 49 72 121 242 291 533 a
1 2 4 6 12 24 48 49 72 121 242 484 533 a
1 2 4 6 12 24 48 49 73 121 242 291 533 b
1 2 4 6 12 24 48 49 73 121 242 484 533 b
1 2 4 6 12 24 48 49 96 145 194 339 533 a
1 2 4 6 12 24 48 49 96 145 194 388 533 a
1 2 4 6 12 24 48 49 97 109 218 315 533 b
1 2 4 6 12 24 48 49 97 109 218 436 533 b
1 2 4 6 12 24 48 49 97 121 218 315 533 b
1 2 4 6 12 24 48 49 97 121 218 436 533 b
1 2 4 6 12 24 48 49 97 121 242 291 533 b
1 2 4 6 12 24 48 49 97 121 242 484 533 b
1 2 4 6 12 24 48 49 97 145 194 339 533 b
1 2 4 6 12 24 48 49 97 145 194 388 533 b
1 2 4 6 12 24 48 49 97 145 242 291 533 b
1 2 4 6 12 24 48 49 97 145 242 484 533 b
1 2 4 6 12 24 48 49 97 194 218 315 533 b
1 2 4 6 12 24 48 49 97 194 218 436 533 b
1 2 4 6 12 24 48 49 97 194 242 291 533 b
1 2 4 6 12 24 48 49 97 194 242 339 533 b
1 2 4 6 12 24 48 49 97 194 242 436 533 b
1 2 4 6 12 24 48 49 97 194 242 484 533 b
1 2 4 6 12 24 48 49 97 194 291 339 533 b
1 2 4 6 12 24 48 49 97 194 291 485 533 b
1 2 4 6 12 24 48 49 97 194 388 436 533 b
1 2 4 6 12 24 48 49 97 194 388 485 533 b
1 2 4 6 12 24 48 96 97 109 218 315 533 b
1 2 4 6 12 24 48 96 97 109 218 436 533 b
1 2 4 6 12 24 48 96 97 121 218 315 533 b
1 2 4 6 12 24 48 96 97 121 218 436 533 b
1 2 4 6 12 24 48 96 97 145 194 339 533 a
1 2 4 6 12 24 48 96 97 145 194 388 533 a
1 2 4 6 12 24 48 96 97 194 218 315 533 b
1 2 4 6 12 24 48 96 97 194 218 436 533 b
1 2 4 6 12 24 48 96 97 194 242 291 533 a
1 2 4 6 12 24 48 96 97 194 242 339 533 b
1 2 4 6 12 24 48 96 97 194 242 436 533 b
1 2 4 6 12 24 48 96 97 194 291 339 533 b
1 2 4 6 12 24 48 96 97 194 291 485 533 b
1 2 4 6 12 24 48 96 97 194 388 436 533 b
1 2 4 6 12 24 48 96 97 194 388 485 533 b
1 2 4 8 9 13 26 39 65 130 260 273 533 b
1 2 4 8 9 13 26 39 65 130 260 520 533 b
1 2 4 8 9 13 26 52 65 117 234 299 533 b
1 2 4 8 9 13 26 52 65 117 234 468 533 b
1 2 4 8 9 13 26 52 65 130 260 273 533 b
1 2 4 8 9 13 26 52 65 130 260 520 533 b
1 2 4 8 9 13 26 52 78 130 260 273 533 b
1 2 4 8 9 13 26 52 78 130 260 520 533 b
1 2 4 8 9 13 26 52 104 117 208 325 533 a
1 2 4 8 9 13 26 52 104 117 208 416 533 a
1 2 4 8 9 13 26 52 104 130 260 273 533 b
1 2 4 8 9 13 26 52 104 130 260 520 533 b
1 2 4 8 9 13 26 52 104 156 260 273 533 b
1 2 4 8 9 13 26 52 104 156 260 520 533 b
1 2 4 8 9 13 26 52 104 208 221 312 533 a
1 2 4 8 9 13 26 52 104 208 221 325 533 b
1 2 4 8 9 13 26 52 104 208 221 429 533 b
1 2 4 8 9 13 26 52 104 208 260 273 533 b
1 2 4 8 9 13 26 52 104 208 260 520 533 b
1 2 4 8 9 13 26 52 104 208 312 325 533 b
1 2 4 8 9 13 26 52 104 208 312 520 533 b
1 2 4 8 9 13 26 52 104 208 416 429 533 b
1 2 4 8 9 13 26 52 104 208 416 520 533 b
1 2 4 8 9 16 25 41 82 123 205 328 533 a
1 2 4 8 9 16 25 41 82 123 205 410 533 a
1 2 4 8 9 16 25 41 82 123 246 287 533 a
1 2 4 8 9 16 25 41 82 123 246 492 533 a
1 2 4 8 9 16 25 41 82 164 205 328 533 a
1 2 4 8 9 16 25 41 82 164 205 369 533 a
1 2 4 8 9 16 25 41 82 164 246 287 533 a
1 2 4 8 9 16 25 41 82 164 246 492 533 a
1 2 4 8 9 16 25 41 82 164 328 369 533 a
1 2 4 8 9 16 25 41 82 164 328 492 533 a
1 2 4 8 9 16 32 41 82 123 205 328 533 a
1 2 4 8 9 16 32 41 82 123 205 410 533 a
1 2 4 8 9 16 32 41 82 123 246 287 533 a
1 2 4 8 9 16 32 41 82 123 246 492 533 a
1 2 4 8 9 16 32 41 82 164 205 328 533 a
1 2 4 8 9 16 32 41 82 164 205 369 533 a
1 2 4 8 9 16 32 41 82 164 246 287 533 a
1 2 4 8 9 16 32 41 82 164 246 492 533 a
1 2 4 8 9 16 32 41 82 164 328 369 533 a
1 2 4 8 9 16 32 41 82 164 328 492 533 a
1 2 4 8 9 17 26 43 86 129 258 275 533 b
1 2 4 8 9 17 26 43 86 129 258 516 533 b
1 2 4 8 9 17 26 43 86 172 189 344 533 a
1 2 4 8 9 17 26 43 86 172 189 361 533 b
1 2 4 8 9 17 26 43 86 172 258 275 533 b
1 2 4 8 9 17 26 43 86 172 258 516 533 b
1 2 4 8 9 17 26 43 86 172 344 361 533 b
1 2 4 8 9 17 26 43 86 172 344 516 533 b
1 2 4 8 9 17 34 43 86 129 258 275 533 b
1 2 4 8 9 17 34 43 86 129 258 516 533 b
1 2 4 8 9 17 34 43 86 172 189 344 533 a
1 2 4 8 9 17 34 43 86 172 189 361 533 b
1 2 4 8 9 17 34 43 86 172 258 275 533 b
1 2 4 8 9 17 34 43 86 172 258 516 533 b
1 2 4 8 9 17 34 43 86 172 344 361 533 b
1 2 4 8 9 17 34 43 86 172 344 516 533 b
1 2 4 8 10 11 21 32 64 128 256 277 533 b
1 2 4 8 10 11 21 32 64 128 256 512 533 b
1 2 4 8 10 16 32 64 128 138 266 267 533 a
1 2 4 8 10 16 32 64 128 138 266 532 533 a
1 2 4 8 10 16 32 64 128 256 266 267 533 a
1 2 4 8 10 16 32 64 128 256 266 532 533 a
1 2 4 8 10 20 21 41 82 123 205 328 533 b
1 2 4 8 10 20 21 41 82 123 205 410 533 b
1 2 4 8 10 20 21 41 82 123 246 287 533 b
1 2 4 8 10 20 21 41 82 123 246 492 533 b
1 2 4 8 10 20 21 41 82 164 205 328 533 a
1 2 4 8 10 20 21 41 82 164 205 369 533 b
1 2 4 8 10 20 21 41 82 164 246 287 533 b
1 2 4 8 10 20 21 41 82 164 246 492 533 b
1 2 4 8 10 20 21 41 82 164 328 369 533 b
1 2 4 8 10 20 21 41 82 164 328 492 533 b
1 2 4 8 10 20 40 41 82 123 205 328 533 b
1 2 4 8 10 20 40 41 82 123 205 410 533 b
1 2 4 8 10 20 40 41 82 123 246 287 533 b
1 2 4 8 10 20 40 41 82 123 246 492 533 b
1 2 4 8 10 20 40 41 82 164 205 328 533 a
1 2 4 8 10 20 40 41 82 164 205 369 533 b
1 2 4 8 10 20 40 41 82 164 246 287 533 b
1 2 4 8 10 20 40 41 82 164 246 492 533 b
1 2 4 8 10 20 40 41 82 164 328 369 533 b
1 2 4 8 10 20 40 41 82 164 328 492 533 b
1 2 4 8 12 13 25 37 62 124 248 285 533 b
1 2 4 8 12 13 25 37 62 124 248 496 533 b
1 2 4 8 12 13 26 39 65 130 260 273 533 b
1 2 4 8 12 13 26 39 65 130 260 520 533 b
1 2 4 8 12 13 26 52 65 117 234 299 533 b
1 2 4 8 12 13 26 52 65 117 234 468 533 b
1 2 4 8 12 13 26 52 65 130 260 273 533 b
1 2 4 8 12 13 26 52 65 130 260 520 533 b
1 2 4 8 12 13 26 52 78 130 260 273 533 b
1 2 4 8 12 13 26 52 78 130 260 520 533 b
1 2 4 8 12 13 26 52 104 117 208 325 533 a
1 2 4 8 12 13 26 52 104 117 208 416 533 a
1 2 4 8 12 13 26 52 104 130 260 273 533 b
1 2 4 8 12 13 26 52 104 130 260 520 533 b
1 2 4 8 12 13 26 52 104 156 260 273 533 b
1 2 4 8 12 13 26 52 104 156 260 520 533 b
1 2 4 8 12 13 26 52 104 208 221 312 533 a
1 2 4 8 12 13 26 52 104 208 221 325 533 b
1 2 4 8 12 13 26 52 104 208 221 429 533 b
1 2 4 8 12 13 26 52 104 208 260 273 533 b
1 2 4 8 12 13 26 52 104 208 260 520 533 b
1 2 4 8 12 13 26 52 104 208 312 325 533 b
1 2 4 8 12 13 26 52 104 208 312 520 533 b
1 2 4 8 12 13 26 52 104 208 416 429 533 b
1 2 4 8 12 13 26 52 104 208 416 520 533 b
1 2 4 8 12 20 21 32 64 128 256 277 533 a
1 2 4 8 12 20 21 32 64 128 256 512 533 a
1 2 4 8 12 20 21 41 82 123 205 328 533 b
1 2 4 8 12 20 21 41 82 123 205 410 533 b
1 2 4 8 12 20 21 41 82 123 246 287 533 b
1 2 4 8 12 20 21 41 82 123 246 492 533 b
1 2 4 8 12 20 21 41 82 164 205 328 533 a
1 2 4 8 12 20 21 41 82 164 205 369 533 b
1 2 4 8 12 20 21 41 82 164 246 287 533 b
1 2 4 8 12 20 21 41 82 164 246 492 533 b
1 2 4 8 12 20 21 41 82 164 328 369 533 b
1 2 4 8 12 20 21 41 82 164 328 492 533 b
1 2 4 8 12 20 32 64 128 256 257 276 533 a
1 2 4 8 12 20 32 64 128 256 257 277 533 b
1 2 4 8 12 20 32 64 128 256 257 513 533 b
1 2 4 8 12 20 32 64 128 256 276 277 533 b
1 2 4 8 12 20 32 64 128 256 276 532 533 b
1 2 4 8 12 20 32 64 128 256 512 513 533 b
1 2 4 8 12 20 32 64 128 256 512 532 533 b
1 2 4 8 12 20 40 41 82 123 205 328 533 b
1 2 4 8 12 20 40 41 82 123 205 410 533 b
1 2 4 8 12 20 40 41 82 123 246 287 533 b
1 2 4 8 12 20 40 41 82 123 246 492 533 b
1 2 4 8 12 20 40 41 82 164 205 328 533 a
1 2 4 8 12 20 40 41 82 164 205 369 533 b
1 2 4 8 12 20 40 41 82 164 246 287 533 b
1 2 4 8 12 20 40 41 82 164 246 492 533 b
1 2 4 8 12 20 40 41 82 164 328 369 533 b
1 2 4 8 12 20 40 41 82 164 328 492 533 b
1 2 4 8 12 24 25 37 62 124 248 285 533 b
1 2 4 8 12 24 25 37 62 124 248 496 533 b
1 2 4 8 12 24 48 49 72 121 242 291 533 a
1 2 4 8 12 24 48 49 72 121 242 484 533 a
1 2 4 8 12 24 48 49 73 121 242 291 533 b
1 2 4 8 12 24 48 49 73 121 242 484 533 b
1 2 4 8 12 24 48 49 96 145 194 339 533 a
1 2 4 8 12 24 48 49 96 145 194 388 533 a
1 2 4 8 12 24 48 49 97 109 218 315 533 b
1 2 4 8 12 24 48 49 97 109 218 436 533 b
1 2 4 8 12 24 48 49 97 121 218 315 533 b
1 2 4 8 12 24 48 49 97 121 218 436 533 b
1 2 4 8 12 24 48 49 97 121 242 291 533 b
1 2 4 8 12 24 48 49 97 121 242 484 533 b
1 2 4 8 12 24 48 49 97 145 194 339 533 b
1 2 4 8 12 24 48 49 97 145 194 388 533 b
1 2 4 8 12 24 48 49 97 145 242 291 533 b
1 2 4 8 12 24 48 49 97 145 242 484 533 b
1 2 4 8 12 24 48 49 97 194 218 315 533 b
1 2 4 8 12 24 48 49 97 194 218 436 533 b
1 2 4 8 12 24 48 49 97 194 242 291 533 b
1 2 4 8 12 24 48 49 97 194 242 339 533 b
1 2 4 8 12 24 48 49 97 194 242 436 533 b
1 2 4 8 12 24 48 49 97 194 242 484 533 b
1 2 4 8 12 24 48 49 97 194 291 339 533 b
1 2 4 8 12 24 48 49 97 194 291 485 533 b
1 2 4 8 12 24 48 49 97 194 388 436 533 b
1 2 4 8 12 24 48 49 97 194 388 485 533 b
1 2 4 8 12 24 48 96 97 109 218 315 533 b
1 2 4 8 12 24 48 96 97 109 218 436 533 b
1 2 4 8 12 24 48 96 97 121 218 315 533 b
1 2 4 8 12 24 48 96 97 121 218 436 533 b
1 2 4 8 12 24 48 96 97 145 194 339 533 a
1 2 4 8 12 24 48 96 97 145 194 388 533 a
1 2 4 8 12 24 48 96 97 194 218 315 533 b
1 2 4 8 12 24 48 96 97 194 218 436 533 b
1 2 4 8 12 24 48 96 97 194 242 291 533 a
1 2 4 8 12 24 48 96 97 194 242 339 533 b
1 2 4 8 12 24 48 96 97 194 242 436 533 b
1 2 4 8 12 24 48 96 97 194 291 339 533 b
1 2 4 8 12 24 48 96 97 194 291 485 533 b
1 2 4 8 12 24 48 96 97 194 388 436 533 b
1 2 4 8 12 24 48 96 97 194 388 485 533 b
1 2 4 8 16 17 21 32 64 128 256 277 533 a
1 2 4 8 16 17 21 32 64 128 256 512 533 a
1 2 4 8 16 17 24 41 82 123 205 328 533 a
1 2 4 8 16 17 24 41 82 123 205 410 533 a
1 2 4 8 16 17 24 41 82 123 246 287 533 a
1 2 4 8 16 17 24 41 82 123 246 492 533 a
1 2 4 8 16 17 24 41 82 164 205 328 533 a
1 2 4 8 16 17 24 41 82 164 205 369 533 a
1 2 4 8 16 17 24 41 82 164 246 287 533 a
1 2 4 8 16 17 24 41 82 164 246 492 533 a
1 2 4 8 16 17 24 41 82 164 328 369 533 a
1 2 4 8 16 17 24 41 82 164 328 492 533 a
1 2 4 8 16 17 25 41 82 123 205 328 533 b
1 2 4 8 16 17 25 41 82 123 205 410 533 b
1 2 4 8 16 17 25 41 82 123 246 287 533 b
1 2 4 8 16 17 25 41 82 123 246 492 533 b
1 2 4 8 16 17 25 41 82 164 205 328 533 a
1 2 4 8 16 17 25 41 82 164 205 369 533 b
1 2 4 8 16 17 25 41 82 164 246 287 533 b
1 2 4 8 16 17 25 41 82 164 246 492 533 b
1 2 4 8 16 17 25 41 82 164 328 369 533 b
1 2 4 8 16 17 25 41 82 164 328 492 533 b
1 2 4 8 16 17 32 49 81 113 226 307 533 a
1 2 4 8 16 17 32 49 81 113 226 452 533 a
1 2 4 8 16 17 32 64 65 129 258 275 533 a
1 2 4 8 16 17 32 64 65 129 258 516 533 a
1 2 4 8 16 17 32 64 81 113 226 307 533 a
1 2 4 8 16 17 32 64 81 113 226 452 533 a
1 2 4 8 16 17 32 64 81 145 226 307 533 a
1 2 4 8 16 17 32 64 81 145 226 452 533 a
1 2 4 8 16 17 32 64 81 162 226 307 533 a
1 2 4 8 16 17 32 64 81 162 226 452 533 a
1 2 4 8 16 17 32 64 128 129 258 275 533 a
1 2 4 8 16 17 32 64 128 129 258 516 533 a
1 2 4 8 16 17 32 64 128 130 258 275 533 a
1 2 4 8 16 17 32 64 128 130 258 516 533 a
1 2 4 8 16 17 32 64 128 256 258 275 533 a
1 2 4 8 16 17 32 64 128 256 258 516 533 a
1 2 4 8 16 17 32 64 128 256 260 273 533 a
1 2 4 8 16 17 32 64 128 256 260 277 533 a
1 2 4 8 16 17 32 64 128 256 260 516 533 a
1 2 4 8 16 17 32 64 128 256 273 277 533 a
1 2 4 8 16 17 32 64 128 256 273 529 533 a
1 2 4 8 16 17 32 64 128 256 512 516 533 a
1 2 4 8 16 17 32 64 128 256 512 529 533 a
1 2 4 8 16 17 33 41 82 123 205 328 533 b
1 2 4 8 16 17 33 41 82 123 205 410 533 b
1 2 4 8 16 17 33 41 82 123 246 287 533 b
1 2 4 8 16 17 33 41 82 123 246 492 533 b
1 2 4 8 16 17 33 41 82 164 205 328 533 a
1 2 4 8 16 17 33 41 82 164 205 369 533 b
1 2 4 8 16 17 33 41 82 164 246 287 533 b
1 2 4 8 16 17 33 41 82 164 246 492 533 b
1 2 4 8 16 17 33 41 82 164 328 369 533 b
1 2 4 8 16 17 33 41 82 164 328 492 533 b
1 2 4 8 16 17 33 50 83 133 266 267 533 b
1 2 4 8 16 17 33 50 83 133 266 532 533 b
1 2 4 8 16 17 33 50 100 133 200 333 533 a
1 2 4 8 16 17 33 50 100 133 200 400 533 a
1 2 4 8 16 17 33 50 100 133 266 267 533 b
1 2 4 8 16 17 33 50 100 133 266 532 533 b
1 2 4 8 16 17 33 50 100 150 250 283 533 b
1 2 4 8 16 17 33 50 100 150 250 500 533 b
1 2 4 8 16 17 33 50 100 200 233 300 533 a
1 2 4 8 16 17 33 50 100 200 233 333 533 b
1 2 4 8 16 17 33 50 100 200 233 433 533 b
1 2 4 8 16 17 33 50 100 200 250 283 533 b
1 2 4 8 16 17 33 50 100 200 250 500 533 b
1 2 4 8 16 17 33 50 100 200 300 333 533 b
1 2 4 8 16 17 33 50 100 200 300 500 533 b
1 2 4 8 16 17 33 50 100 200 400 433 533 b
1 2 4 8 16 17 33 50 100 200 400 500 533 b
1 2 4 8 16 17 33 66 67 133 200 333 533 b
1 2 4 8 16 17 33 66 67 133 200 400 533 b
1 2 4 8 16 17 33 66 67 133 266 267 533 b
1 2 4 8 16 17 33 66 67 133 266 532 533 b
1 2 4 8 16 17 33 66 132 133 266 267 533 b
1 2 4 8 16 17 33 66 132 133 266 532 533 b
1 2 4 8 16 17 33 66 132 134 266 267 533 b
1 2 4 8 16 17 33 66 132 134 266 532 533 b
1 2 4 8 16 17 33 66 132 264 265 268 533 a
1 2 4 8 16 17 33 66 132 264 265 269 533 b
1 2 4 8 16 17 33 66 132 264 265 529 533 b
1 2 4 8 16 17 33 66 132 264 266 267 533 b
1 2 4 8 16 17 33 66 132 264 266 532 533 b
1 2 4 8 16 17 33 66 132 264 268 269 533 b
1 2 4 8 16 17 33 66 132 264 268 532 533 b
1 2 4 8 16 17 33 66 132 264 528 529 533 b
1 2 4 8 16 17 33 66 132 264 528 532 533 b
1 2 4 8 16 20 21 32 64 128 256 277 533 a
1 2 4 8 16 20 21 32 64 128 256 512 533 a
1 2 4 8 16 20 21 41 82 123 205 328 533 b
1 2 4 8 16 20 21 41 82 123 205 410 533 b
1 2 4 8 16 20 21 41 82 123 246 287 533 b
1 2 4 8 16 20 21 41 82 123 246 492 533 b
1 2 4 8 16 20 21 41 82 164 205 328 533 a
1 2 4 8 16 20 21 41 82 164 205 369 533 b
1 2 4 8 16 20 21 41 82 164 246 287 533 b
1 2 4 8 16 20 21 41 82 164 246 492 533 b
1 2 4 8 16 20 21 41 82 164 328 369 533 b
1 2 4 8 16 20 21 41 82 164 328 492 533 b
1 2 4 8 16 20 32 64 128 256 257 276 533 a
1 2 4 8 16 20 32 64 128 256 257 277 533 a
1 2 4 8 16 20 32 64 128 256 257 513 533 a
1 2 4 8 16 20 32 64 128 256 276 277 533 a
1 2 4 8 16 20 32 64 128 256 276 532 533 a
1 2 4 8 16 20 32 64 128 256 512 513 533 a
1 2 4 8 16 20 32 64 128 256 512 532 533 a
1 2 4 8 16 20 40 41 82 123 205 328 533 b
1 2 4 8 16 20 40 41 82 123 205 410 533 b
1 2 4 8 16 20 40 41 82 123 246 287 533 b
1 2 4 8 16 20 40 41 82 123 246 492 533 b
1 2 4 8 16 20 40 41 82 164 205 328 533 a
1 2 4 8 16 20 40 41 82 164 205 369 533 b
1 2 4 8 16 20 40 41 82 164 246 287 533 b
1 2 4 8 16 20 40 41 82 164 246 492 533 b
1 2 4 8 16 20 40 41 82 164 328 369 533 b
1 2 4 8 16 20 40 41 82 164 328 492 533 b
1 2 4 8 16 24 25 41 82 123 205 328 533 b
1 2 4 8 16 24 25 41 82 123 205 410 533 b
1 2 4 8 16 24 25 41 82 123 246 287 533 b
1 2 4 8 16 24 25 41 82 123 246 492 533 b
1 2 4 8 16 24 25 41 82 164 205 328 533 a
1 2 4 8 16 24 25 41 82 164 205 369 533 b
1 2 4 8 16 24 25 41 82 164 246 287 533 b
1 2 4 8 16 24 25 41 82 164 246 492 533 b
1 2 4 8 16 24 25 41 82 164 328 369 533 b
1 2 4 8 16 24 25 41 82 164 328 492 533 b
1 2 4 8 16 24 40 41 82 123 205 328 533 b
1 2 4 8 16 24 40 41 82 123 205 410 533 b
1 2 4 8 16 24 40 41 82 123 246 287 533 b
1 2 4 8 16 24 40 41 82 123 246 492 533 b
1 2 4 8 16 24 40 41 82 164 205 328 533 a
1 2 4 8 16 24 40 41 82 164 205 369 533 b
1 2 4 8 16 24 40 41 82 164 246 287 533 b
1 2 4 8 16 24 40 41 82 164 246 492 533 b
1 2 4 8 16 24 40 41 82 164 328 369 533 b
1 2 4 8 16 24 40 41 82 164 328 492 533 b
1 2 4 8 16 24 48 49 72 121 242 291 533 a
1 2 4 8 16 24 48 49 72 121 242 484 533 a
1 2 4 8 16 24 48 49 73 121 242 291 533 b
1 2 4 8 16 24 48 49 73 121 242 484 533 b
1 2 4 8 16 24 48 49 96 145 194 339 533 a
1 2 4 8 16 24 48 49 96 145 194 388 533 a
1 2 4 8 16 24 48 49 97 113 210 323 533 b
1 2 4 8 16 24 48 49 97 113 210 420 533 b
1 2 4 8 16 24 48 49 97 121 218 315 533 b
1 2 4 8 16 24 48 49 97 121 218 436 533 b
1 2 4 8 16 24 48 49 97 121 242 291 533 b
1 2 4 8 16 24 48 49 97 121 242 484 533 b
1 2 4 8 16 24 48 49 97 145 194 339 533 b
1 2 4 8 16 24 48 49 97 145 194 388 533 b
1 2 4 8 16 24 48 49 97 145 242 291 533 b
1 2 4 8 16 24 48 49 97 145 242 484 533 b
1 2 4 8 16 24 48 49 97 194 218 315 533 b
1 2 4 8 16 24 48 49 97 194 218 436 533 b
1 2 4 8 16 24 48 49 97 194 242 291 533 b
1 2 4 8 16 24 48 49 97 194 242 339 533 b
1 2 4 8 16 24 48 49 97 194 242 436 533 b
1 2 4 8 16 24 48 49 97 194 242 484 533 b
1 2 4 8 16 24 48 49 97 194 291 339 533 b
1 2 4 8 16 24 48 49 97 194 291 485 533 b
1 2 4 8 16 24 48 49 97 194 388 436 533 b
1 2 4 8 16 24 48 49 97 194 388 485 533 b
1 2 4 8 16 24 48 96 97 113 210 323 533 b
1 2 4 8 16 24 48 96 97 113 210 420 533 b
1 2 4 8 16 24 48 96 97 121 218 315 533 b
1 2 4 8 16 24 48 96 97 121 218 436 533 b
1 2 4 8 16 24 48 96 97 145 194 339 533 a
1 2 4 8 16 24 48 96 97 145 194 388 533 a
1 2 4 8 16 24 48 96 97 194 218 315 533 b
1 2 4 8 16 24 48 96 97 194 218 436 533 b
1 2 4 8 16 24 48 96 97 194 242 291 533 a
1 2 4 8 16 24 48 96 97 194 242 339 533 b
1 2 4 8 16 24 48 96 97 194 242 436 533 b
1 2 4 8 16 24 48 96 97 194 291 339 533 b
1 2 4 8 16 24 48 96 97 194 291 485 533 b
1 2 4 8 16 24 48 96 97 194 388 436 533 b
1 2 4 8 16 24 48 96 97 194 388 485 533 b
1 2 4 8 16 32 33 41 82 123 205 328 533 b
1 2 4 8 16 32 33 41 82 123 205 410 533 b
1 2 4 8 16 32 33 41 82 123 246 287 533 b
1 2 4 8 16 32 33 41 82 123 246 492 533 b
1 2 4 8 16 32 33 41 82 164 205 328 533 a
1 2 4 8 16 32 33 41 82 164 205 369 533 b
1 2 4 8 16 32 33 41 82 164 246 287 533 b
1 2 4 8 16 32 33 41 82 164 246 492 533 b
1 2 4 8 16 32 33 41 82 164 328 369 533 b
1 2 4 8 16 32 33 41 82 164 328 492 533 b
1 2 4 8 16 32 33 48 81 113 226 307 533 a
1 2 4 8 16 32 33 48 81 113 226 452 533 a
1 2 4 8 16 32 33 49 81 113 226 307 533 b
1 2 4 8 16 32 33 49 81 113 226 452 533 b
1 2 4 8 16 32 33 64 97 113 210 323 533 a
1 2 4 8 16 32 33 64 97 113 210 420 533 a
1 2 4 8 16 32 33 65 81 113 226 307 533 b
1 2 4 8 16 32 33 65 81 113 226 452 533 b
1 2 4 8 16 32 33 65 97 113 210 323 533 b
1 2 4 8 16 32 33 65 97 113 210 420 533 b
1 2 4 8 16 32 33 66 67 133 200 333 533 b
1 2 4 8 16 32 33 66 67 133 200 400 533 b
1 2 4 8 16 32 33 66 67 133 266 267 533 b
1 2 4 8 16 32 33 66 67 133 266 532 533 b
1 2 4 8 16 32 33 66 132 133 266 267 533 b
1 2 4 8 16 32 33 66 132 133 266 532 533 b
1 2 4 8 16 32 33 66 132 134 266 267 533 b
1 2 4 8 16 32 33 66 132 134 266 532 533 b
1 2 4 8 16 32 33 66 132 264 265 268 533 a
1 2 4 8 16 32 33 66 132 264 265 269 533 b
1 2 4 8 16 32 33 66 132 264 265 529 533 b
1 2 4 8 16 32 33 66 132 264 266 267 533 b
1 2 4 8 16 32 33 66 132 264 266 532 533 b
1 2 4 8 16 32 33 66 132 264 268 269 533 b
1 2 4 8 16 32 33 66 132 264 268 532 533 b
1 2 4 8 16 32 33 66 132 264 528 529 533 b
1 2 4 8 16 32 33 66 132 264 528 532 533 b
1 2 4 8 16 32 34 66 67 133 200 333 533 b
1 2 4 8 16 32 34 66 67 133 200 400 533 b
1 2 4 8 16 32 34 66 67 133 266 267 533 b
1 2 4 8 16 32 34 66 67 133 266 532 533 b
1 2 4 8 16 32 34 66 100 166 266 267 533 b
1 2 4 8 16 32 34 66 100 166 266 532 533 b
1 2 4 8 16 32 34 66 100 200 266 267 533 b
1 2 4 8 16 32 34 66 100 200 266 532 533 b
1 2 4 8 16 32 34 66 132 133 266 267 533 b
1 2 4 8 16 32 34 66 132 133 266 532 533 b
1 2 4 8 16 32 34 66 132 134 266 267 533 b
1 2 4 8 16 32 34 66 132 134 266 532 533 b
1 2 4 8 16 32 34 66 132 264 265 268 533 a
1 2 4 8 16 32 34 66 132 264 265 269 533 b
1 2 4 8 16 32 34 66 132 264 265 529 533 b
1 2 4 8 16 32 34 66 132 264 266 267 533 b
1 2 4 8 16 32 34 66 132 264 266 532 533 b
1 2 4 8 16 32 34 66 132 264 268 269 533 b
1 2 4 8 16 32 34 66 132 264 268 532 533 b
1 2 4 8 16 32 34 66 132 264 528 529 533 b
1 2 4 8 16 32 34 66 132 264 528 532 533 b
1 2 4 8 16 32 40 41 81 113 226 307 533 b
1 2 4 8 16 32 40 41 81 113 226 452 533 b
1 2 4 8 16 32 40 41 82 123 205 328 533 b
1 2 4 8 16 32 40 41 82 123 205 410 533 b
1 2 4 8 16 32 40 41 82 123 246 287 533 b
1 2 4 8 16 32 40 41 82 123 246 492 533 b
1 2 4 8 16 32 40 41 82 164 205 328 533 a
1 2 4 8 16 32 40 41 82 164 205 369 533 b
1 2 4 8 16 32 40 41 82 164 246 287 533 b
1 2 4 8 16 32 40 41 82 164 246 492 533 b
1 2 4 8 16 32 40 41 82 164 328 369 533 b
1 2 4 8 16 32 40 41 82 164 328 492 533 b
1 2 4 8 16 32 40 80 81 113 226 307 533 b
1 2 4 8 16 32 40 80 81 113 226 452 533 b
1 2 4 8 16 32 48 49 81 113 226 307 533 b
1 2 4 8 16 32 48 49 81 113 226 452 533 b
1 2 4 8 16 32 48 49 96 145 194 339 533 a
1 2 4 8 16 32 48 49 96 145 194 388 533 a
1 2 4 8 16 32 48 49 97 113 210 323 533 b
1 2 4 8 16 32 48 49 97 113 210 420 533 b
1 2 4 8 16 32 48 49 97 145 194 339 533 b
1 2 4 8 16 32 48 49 97 145 194 388 533 b
1 2 4 8 16 32 48 49 97 145 242 291 533 b
1 2 4 8 16 32 48 49 97 145 242 484 533 b
1 2 4 8 16 32 48 49 97 194 242 291 533 b
1 2 4 8 16 32 48 49 97 194 242 339 533 b
1 2 4 8 16 32 48 49 97 194 242 436 533 b
1 2 4 8 16 32 48 49 97 194 242 484 533 b
1 2 4 8 16 32 48 49 97 194 291 339 533 b
1 2 4 8 16 32 48 49 97 194 291 485 533 b
1 2 4 8 16 32 48 49 97 194 388 436 533 b
1 2 4 8 16 32 48 49 97 194 388 485 533 b
1 2 4 8 16 32 48 80 81 113 226 307 533 b
1 2 4 8 16 32 48 80 81 113 226 452 533 b
1 2 4 8 16 32 48 96 97 113 210 323 533 b
1 2 4 8 16 32 48 96 97 113 210 420 533 b
1 2 4 8 16 32 48 96 97 145 194 339 533 a
1 2 4 8 16 32 48 96 97 145 194 388 533 a
1 2 4 8 16 32 48 96 97 194 242 291 533 a
1 2 4 8 16 32 48 96 97 194 242 339 533 b
1 2 4 8 16 32 48 96 97 194 242 436 533 b
1 2 4 8 16 32 48 96 97 194 291 339 533 b
1 2 4 8 16 32 48 96 97 194 291 485 533 b
1 2 4 8 16 32 48 96 97 194 388 436 533 b
1 2 4 8 16 32 48 96 97 194 388 485 533 b
1 2 4 8 16 32 64 65 68 133 266 267 533 a
1 2 4 8 16 32 64 65 68 133 266 532 533 a
1 2 4 8 16 32 64 65 69 133 266 267 533 b
1 2 4 8 16 32 64 65 69 133 266 532 533 b
1 2 4 8 16 32 64 65 73 129 202 331 533 a
1 2 4 8 16 32 64 65 73 129 202 404 533 a
1 2 4 8 16 32 64 65 81 113 226 307 533 b
1 2 4 8 16 32 64 65 81 113 226 452 533 b
1 2 4 8 16 32 64 65 81 145 226 307 533 b
1 2 4 8 16 32 64 65 81 145 226 452 533 b
1 2 4 8 16 32 64 65 81 162 226 307 533 b
1 2 4 8 16 32 64 65 81 162 226 452 533 b
1 2 4 8 16 32 64 65 97 113 210 323 533 b
1 2 4 8 16 32 64 65 97 113 210 420 533 b
1 2 4 8 16 32 64 65 129 133 266 267 533 b
1 2 4 8 16 32 64 65 129 133 266 532 533 b
1 2 4 8 16 32 64 65 129 137 202 331 533 b
1 2 4 8 16 32 64 65 129 137 202 404 533 b
1 2 4 8 16 32 64 65 129 137 266 267 533 b
1 2 4 8 16 32 64 65 129 137 266 532 533 b
1 2 4 8 16 32 64 65 129 145 194 339 533 a
1 2 4 8 16 32 64 65 129 145 194 388 533 a
1 2 4 8 16 32 64 65 129 194 202 331 533 b
1 2 4 8 16 32 64 65 129 194 202 404 533 b
1 2 4 8 16 32 64 65 129 194 210 323 533 a
1 2 4 8 16 32 64 65 129 194 210 339 533 b
1 2 4 8 16 32 64 65 129 194 210 404 533 b
1 2 4 8 16 32 64 65 129 194 323 339 533 b
1 2 4 8 16 32 64 65 129 194 323 517 533 b
1 2 4 8 16 32 64 65 129 194 388 404 533 b
1 2 4 8 16 32 64 65 129 194 388 517 533 b
1 2 4 8 16 32 64 65 129 258 259 274 533 a
1 2 4 8 16 32 64 65 129 258 259 275 533 b
1 2 4 8 16 32 64 65 129 258 259 517 533 b
1 2 4 8 16 32 64 65 129 258 266 267 533 b
1 2 4 8 16 32 64 65 129 258 266 532 533 b
1 2 4 8 16 32 64 65 129 258 274 275 533 b
1 2 4 8 16 32 64 65 129 258 274 532 533 b
1 2 4 8 16 32 64 65 129 258 516 517 533 b
1 2 4 8 16 32 64 65 129 258 516 532 533 b
1 2 4 8 16 32 64 66 67 133 200 333 533 b
1 2 4 8 16 32 64 66 67 133 200 400 533 b
1 2 4 8 16 32 64 66 67 133 266 267 533 b
1 2 4 8 16 32 64 66 67 133 266 532 533 b
1 2 4 8 16 32 64 66 132 133 266 267 533 b
1 2 4 8 16 32 64 66 132 133 266 532 533 b
1 2 4 8 16 32 64 66 132 134 266 267 533 b
1 2 4 8 16 32 64 66 132 134 266 532 533 b
1 2 4 8 16 32 64 66 132 264 265 268 533 a
1 2 4 8 16 32 64 66 132 264 265 269 533 b
1 2 4 8 16 32 64 66 132 264 265 529 533 b
1 2 4 8 16 32 64 66 132 264 266 267 533 b
1 2 4 8 16 32 64 66 132 264 266 532 533 b
1 2 4 8 16 32 64 66 132 264 268 269 533 b
1 2 4 8 16 32 64 66 132 264 268 532 533 b
1 2 4 8 16 32 64 66 132 264 528 529 533 b
1 2 4 8 16 32 64 66 132 264 528 532 533 b
1 2 4 8 16 32 64 68 69 133 266 267 533 b
1 2 4 8 16 32 64 68 69 133 266 532 533 b
1 2 4 8 16 32 64 68 132 133 200 333 533 a
1 2 4 8 16 32 64 68 132 133 200 400 533 a
1 2 4 8 16 32 64 68 132 133 266 267 533 b
1 2 4 8 16 32 64 68 132 133 266 532 533 b
1 2 4 8 16 32 64 68 132 134 266 267 533 b
1 2 4 8 16 32 64 68 132 134 266 532 533 b
1 2 4 8 16 32 64 68 132 200 201 332 533 a
1 2 4 8 16 32 64 68 132 200 201 333 533 b
1 2 4 8 16 32 64 68 132 200 201 401 533 b
1 2 4 8 16 32 64 68 132 200 332 333 533 b
1 2 4 8 16 32 64 68 132 200 332 532 533 b
1 2 4 8 16 32 64 68 132 200 400 401 533 b
1 2 4 8 16 32 64 68 132 200 400 532 533 b
1 2 4 8 16 32 64 68 132 264 265 268 533 a
1 2 4 8 16 32 64 68 132 264 265 269 533 b
1 2 4 8 16 32 64 68 132 264 265 529 533 b
1 2 4 8 16 32 64 68 132 264 266 267 533 b
1 2 4 8 16 32 64 68 132 264 266 532 533 b
1 2 4 8 16 32 64 68 132 264 268 269 533 b
1 2 4 8 16 32 64 68 132 264 268 532 533 b
1 2 4 8 16 32 64 68 132 264 528 529 533 b
1 2 4 8 16 32 64 68 132 264 528 532 533 b
1 2 4 8 16 32 64 80 81 113 226 307 533 b
1 2 4 8 16 32 64 80 81 113 226 452 533 b
1 2 4 8 16 32 64 80 81 145 226 307 533 b
1 2 4 8 16 32 64 80 81 145 226 452 533 b
1 2 4 8 16 32 64 80 81 162 226 307 533 b
1 2 4 8 16 32 64 80 81 162 226 452 533 b
1 2 4 8 16 32 64 96 97 113 210 323 533 b
1 2 4 8 16 32 64 96 97 113 210 420 533 b
1 2 4 8 16 32 64 128 129 133 266 267 533 b
1 2 4 8 16 32 64 128 129 133 266 532 533 b
1 2 4 8 16 32 64 128 129 137 266 267 533 b
1 2 4 8 16 32 64 128 129 137 266 532 533 b
1 2 4 8 16 32 64 128 129 258 259 274 533 a
1 2 4 8 16 32 64 128 129 258 259 275 533 b
1 2 4 8 16 32 64 128 129 258 259 517 533 b
1 2 4 8 16 32 64 128 129 258 266 267 533 b
1 2 4 8 16 32 64 128 129 258 266 532 533 b
1 2 4 8 16 32 64 128 129 258 274 275 533 b
1 2 4 8 16 32 64 128 129 258 274 532 533 b
1 2 4 8 16 32 64 128 129 258 516 517 533 b
1 2 4 8 16 32 64 128 129 258 516 532 533 b
1 2 4 8 16 32 64 128 130 136 266 267 533 a
1 2 4 8 16 32 64 128 130 136 266 532 533 a
1 2 4 8 16 32 64 128 130 138 266 267 533 b
1 2 4 8 16 32 64 128 130 138 266 532 533 b
1 2 4 8 16 32 64 128 130 258 259 274 533 a
1 2 4 8 16 32 64 128 130 258 259 275 533 b
1 2 4 8 16 32 64 128 130 258 259 517 533 b
1 2 4 8 16 32 64 128 130 258 266 267 533 b
1 2 4 8 16 32 64 128 130 258 266 532 533 b
1 2 4 8 16 32 64 128 130 258 274 275 533 b
1 2 4 8 16 32 64 128 130 258 274 532 533 b
1 2 4 8 16 32 64 128 130 258 516 517 533 b
1 2 4 8 16 32 64 128 130 258 516 532 533 b
1 2 4 8 16 32 64 128 132 133 266 267 533 b
1 2 4 8 16 32 64 128 132 133 266 532 533 b
1 2 4 8 16 32 64 128 132 134 266 267 533 b
1 2 4 8 16 32 64 128 132 134 266 532 533 b
1 2 4 8 16 32 64 128 132 264 265 268 533 a
1 2 4 8 16 32 64 128 132 264 265 269 533 b
1 2 4 8 16 32 64 128 132 264 265 529 533 b
1 2 4 8 16 32 64 128 132 264 266 267 533 b
1 2 4 8 16 32 64 128 132 264 266 532 533 b
1 2 4 8 16 32 64 128 132 264 268 269 533 b
1 2 4 8 16 32 64 128 132 264 268 532 533 b
1 2 4 8 16 32 64 128 132 264 528 529 533 b
1 2 4 8 16 32 64 128 132 264 528 532 533 b
1 2 4 8 16 32 64 128 136 138 266 267 533 b
1 2 4 8 16 32 64 128 136 138 266 532 533 b
1 2 4 8 16 32 64 128 136 264 265 268 533 a
1 2 4 8 16 32 64 128 136 264 265 269 533 b
1 2 4 8 16 32 64 128 136 264 265 529 533 b
1 2 4 8 16 32 64 128 136 264 266 267 533 b
1 2 4 8 16 32 64 128 136 264 266 532 533 b
1 2 4 8 16 32 64 128 136 264 268 269 533 b
1 2 4 8 16 32 64 128 136 264 268 532 533 b
1 2 4 8 16 32 64 128 136 264 528 529 533 b
1 2 4 8 16 32 64 128 136 264 528 532 533 b
1 2 4 8 16 32 64 128 256 257 260 273 533 a
1 2 4 8 16 32 64 128 256 257 260 276 533 a
1 2 4 8 16 32 64 128 256 257 260 517 533 a
1 2 4 8 16 32 64 128 256 257 261 272 533 a
1 2 4 8 16 32 64 128 256 257 261 277 533 b
1 2 4 8 16 32 64 128 256 257 261 517 533 b
1 2 4 8 16 32 64 128 256 257 272 276 533 a
1 2 4 8 16 32 64 128 256 257 272 529 533 a
1 2 4 8 16 32 64 128 256 257 273 277 533 b
1 2 4 8 16 32 64 128 256 257 273 529 533 b
1 2 4 8 16 32 64 128 256 257 513 517 533 b
1 2 4 8 16 32 64 128 256 257 513 529 533 b
1 2 4 8 16 32 64 128 256 258 259 274 533 a
1 2 4 8 16 32 64 128 256 258 259 275 533 b
1 2 4 8 16 32 64 128 256 258 259 517 533 b
1 2 4 8 16 32 64 128 256 258 266 267 533 b
1 2 4 8 16 32 64 128 256 258 266 532 533 b
1 2 4 8 16 32 64 128 256 258 274 275 533 b
1 2 4 8 16 32 64 128 256 258 274 532 533 b
1 2 4 8 16 32 64 128 256 258 516 517 533 b
1 2 4 8 16 32 64 128 256 258 516 532 533 b
1 2 4 8 16 32 64 128 256 260 261 272 533 a
1 2 4 8 16 32 64 128 256 260 261 277 533 b
1 2 4 8 16 32 64 128 256 260 261 517 533 b
1 2 4 8 16 32 64 128 256 260 272 273 533 a
1 2 4 8 16 32 64 128 256 260 272 532 533 a
1 2 4 8 16 32 64 128 256 260 276 277 533 b
1 2 4 8 16 32 64 128 256 260 276 532 533 b
1 2 4 8 16 32 64 128 256 260 516 517 533 b
1 2 4 8 16 32 64 128 256 260 516 532 533 b
1 2 4 8 16 32 64 128 256 264 265 268 533 a
1 2 4 8 16 32 64 128 256 264 265 269 533 b
1 2 4 8 16 32 64 128 256 264 265 529 533 b
1 2 4 8 16 32 64 128 256 264 266 267 533 b
1 2 4 8 16 32 64 128 256 264 266 532 533 b
1 2 4 8 16 32 64 128 256 264 268 269 533 b
1 2 4 8 16 32 64 128 256 264 268 532 533 b
1 2 4 8 16 32 64 128 256 264 528 529 533 b
1 2 4 8 16 32 64 128 256 264 528 532 533 b
1 2 4 8 16 32 64 128 256 272 273 277 533 b
1 2 4 8 16 32 64 128 256 272 273 529 533 b
1 2 4 8 16 32 64 128 256 272 276 277 533 b
1 2 4 8 16 32 64 128 256 272 276 532 533 b
1 2 4 8 16 32 64 128 256 272 528 529 533 b
1 2 4 8 16 32 64 128 256 272 528 532 533 b
1 2 4 8 16 32 64 128 256 512 513 517 533 b
1 2 4 8 16 32 64 128 256 512 513 529 533 b
1 2 4 8 16 32 64 128 256 512 516 517 533 b
1 2 4 8 16 32 64 128 256 512 516 532 533 b
1 2 4 8 16 32 64 128 256 512 528 529 533 b
1 2 4 8 16 32 64 128 256 512 528 532 533 b
