1 2 3 4 7 14 21 35 70 140 143 283 566 b
1 2 3 4 7 14 21 35 70 140 280 283 566 b
1 2 3 4 7 14 28 35 70 140 143 283 566 b
1 2 3 4 7 14 28 35 70 140 280 283 566 b
1 2 3 4 7 14 28 42 70 140 143 283 566 b
1 2 3 4 7 14 28 42 70 140 280 283 566 b
1 2 3 4 7 14 28 56 57 113 170 283 566 b
1 2 3 4 7 14 28 56 57 113 226 283 566 b
1 2 3 4 7 14 28 56 59 112 171 283 566 a
1 2 3 4 7 14 28 56 59 112 224 283 566 a
1 2 3 4 7 14 28 56 70 140 143 283 566 b
1 2 3 4 7 14 28 56 70 140 280 283 566 b
1 2 3 4 7 14 28 56 84 140 143 283 566 b
1 2 3 4 7 14 28 56 84 140 280 283 566 b
1 2 3 4 7 14 28 56 112 114 226 340 566 b
1 2 3 4 7 14 28 56 112 114 226 452 566 b
1 2 3 4 7 14 28 56 112 115 168 283 566 a
1 2 3 4 7 14 28 56 112 115 171 283 566 b
1 2 3 4 7 14 28 56 112 115 227 283 566 b
1 2 3 4 7 14 28 56 112 115 227 339 566 b
1 2 3 4 7 14 28 56 112 115 227 454 566 b
1 2 3 4 7 14 28 56 112 140 143 283 566 b
1 2 3 4 7 14 28 56 112 140 280 283 566 b
1 2 3 4 7 14 28 56 112 168 171 283 566 b
1 2 3 4 7 14 28 56 112 168 280 283 566 b
1 2 3 4 7 14 28 56 112 224 227 283 566 b
1 2 3 4 7 14 28 56 112 224 227 339 566 b
1 2 3 4 7 14 28 56 112 224 227 454 566 b
1 2 3 4 7 14 28 56 112 224 280 283 566 b
1 2 3 4 8 16 19 35 70 140 143 283 566 b
1 2 3 4 8 16 19 35 70 140 280 283 566 b
1 2 3 4 8 16 32 35 70 140 143 283 566 b
1 2 3 4 8 16 32 35 70 140 280 283 566 b
1 2 3 5 6 11 17 34 68 136 147 283 566 b
1 2 3 5 6 11 17 34 68 136 272 283 566 b
1 2 3 5 7 14 19 33 66 132 151 283 566 b
1 2 3 5 7 14 19 33 66 132 264 283 566 b
1 2 3 5 7 14 21 35 70 140 143 283 566 b
1 2 3 5 7 14 21 35 70 140 280 283 566 b
1 2 3 5 7 14 28 35 70 140 143 283 566 b
1 2 3 5 7 14 28 35 70 140 280 283 566 b
1 2 3 5 7 14 28 42 70 140 143 283 566 b
1 2 3 5 7 14 28 42 70 140 280 283 566 b
1 2 3 5 7 14 28 56 57 113 170 283 566 b
1 2 3 5 7 14 28 56 57 113 226 283 566 b
1 2 3 5 7 14 28 56 59 112 171 283 566 a
1 2 3 5 7 14 28 56 59 112 224 283 566 a
1 2 3 5 7 14 28 56 70 140 143 283 566 b
1 2 3 5 7 14 28 56 70 140 280 283 566 b
1 2 3 5 7 14 28 56 84 140 143 283 566 b
1 2 3 5 7 14 28 56 84 140 280 283 566 b
1 2 3 5 7 14 28 56 112 114 226 340 566 b
1 2 3 5 7 14 28 56 112 114 226 452 566 b
1 2 3 5 7 14 28 56 112 115 168 283 566 a
1 2 3 5 7 14 28 56 112 115 171 283 566 b
1 2 3 5 7 14 28 56 112 115 227 283 566 b
1 2 3 5 7 14 28 56 112 115 227 339 566 b
1 2 3 5 7 14 28 56 112 115 227 454 566 b
1 2 3 5 7 14 28 56 112 140 143 283 566 b
1 2 3 5 7 14 28 56 112 140 280 283 566 b
1 2 3 5 7 14 28 56 112 168 171 283 566 b
1 2 3 5 7 14 28 56 112 168 280 283 566 b
1 2 3 5 7 14 28 56 112 224 227 283 566 b
1 2 3 5 7 14 28 56 112 224 227 339 566 b
1 2 3 5 7 14 28 56 112 224 227 454 566 b
1 2 3 5 7 14 28 56 112 224 280 283 566 b
1 2 3 5 8 16 19 35 70 140 143 283 566 b
1 2 3 5 8 16 19 35 70 140 280 283 566 b
1 2 3 5 8 16 32 35 70 140 143 283 566 b
1 2 3 5 8 16 32 35 70 140 280 283 566 b
1 2 3 5 10 12 22 34 68 136 272 294 566 b
1 2 3 5 10 12 22 34 68 136 272 544 566 b
1 2 3 5 10 15 20 35 70 140 143 283 566 b
1 2 3 5 10 15 20 35 70 140 280 283 566 b
1 2 3 5 10 15 25 35 70 140 143 283 566 b
1 2 3 5 10 15 25 35 70 140 280 283 566 b
1 2 3 5 10 15 30 35 70 140 143 283 566 b
1 2 3 5 10 15 30 35 70 140 280 283 566 b
1 2 3 5 10 15 30 40 70 140 143 283 566 b
1 2 3 5 10 15 30 40 70 140 280 283 566 b
1 2 3 5 10 15 30 60 70 140 143 283 566 b
1 2 3 5 10 15 30 60 70 140 280 283 566 b
1 2 3 5 10 20 25 35 70 140 143 283 566 b
1 2 3 5 10 20 25 35 70 140 280 283 566 b
1 2 3 5 10 20 25 45 70 140 143 283 566 b
1 2 3 5 10 20 25 45 70 140 280 283 566 b
1 2 3 5 10 20 25 50 70 140 143 283 566 b
1 2 3 5 10 20 25 50 70 140 280 283 566 b
1 2 3 5 10 20 30 35 70 140 143 283 566 b
1 2 3 5 10 20 30 35 70 140 280 283 566 b
1 2 3 5 10 20 30 40 70 140 143 283 566 b
1 2 3 5 10 20 30 40 70 140 280 283 566 b
1 2 3 5 10 20 30 50 70 140 143 283 566 b
1 2 3 5 10 20 30 50 70 140 280 283 566 b
1 2 3 5 10 20 30 60 70 140 143 283 566 b
1 2 3 5 10 20 30 60 70 140 280 283 566 b
1 2 3 5 10 20 30 60 80 140 143 283 566 b
1 2 3 5 10 20 30 60 80 140 280 283 566 b
1 2 3 5 10 20 30 60 120 140 143 283 566 b
1 2 3 5 10 20 30 60 120 140 280 283 566 b
1 2 3 5 10 20 40 41 80 121 162 283 566 a
1 2 3 5 10 20 40 41 80 121 242 283 566 a
1 2 3 5 10 20 40 41 81 101 182 283 566 b
1 2 3 5 10 20 40 41 81 101 202 283 566 b
1 2 3 5 10 20 40 41 81 121 162 283 566 b
1 2 3 5 10 20 40 41 81 121 202 283 566 b
1 2 3 5 10 20 40 41 81 121 242 283 566 b
1 2 3 5 10 20 40 41 81 162 202 283 566 b
1 2 3 5 10 20 40 41 81 162 202 364 566 b
1 2 3 5 10 20 40 41 81 162 202 404 566 b
1 2 3 5 10 20 40 41 81 162 243 283 566 b
1 2 3 5 10 20 40 43 60 120 163 283 566 a
1 2 3 5 10 20 40 43 60 120 240 283 566 a
1 2 3 5 10 20 40 43 80 120 163 283 566 a
1 2 3 5 10 20 40 43 80 120 240 283 566 a
1 2 3 5 10 20 40 43 80 123 160 283 566 a
1 2 3 5 10 20 40 43 80 123 203 283 566 a
1 2 3 5 10 20 40 43 80 160 203 283 566 a
1 2 3 5 10 20 40 43 80 160 203 363 566 a
1 2 3 5 10 20 40 43 80 160 203 406 566 a
1 2 3 5 10 20 40 43 80 160 240 283 566 a
1 2 3 5 10 20 40 50 70 140 143 283 566 b
1 2 3 5 10 20 40 50 70 140 280 283 566 b
1 2 3 5 10 20 40 50 90 140 143 283 566 b
1 2 3 5 10 20 40 50 90 140 280 283 566 b
1 2 3 5 10 20 40 50 100 140 143 283 566 b
1 2 3 5 10 20 40 50 100 140 280 283 566 b
1 2 3 5 10 20 40 60 70 140 143 283 566 b
1 2 3 5 10 20 40 60 70 140 280 283 566 b
1 2 3 5 10 20 40 60 80 140 143 283 566 b
1 2 3 5 10 20 40 60 80 140 280 283 566 b
1 2 3 5 10 20 40 60 100 140 143 283 566 b
1 2 3 5 10 20 40 60 100 140 280 283 566 b
1 2 3 5 10 20 40 60 120 123 160 283 566 a
1 2 3 5 10 20 40 60 120 123 163 283 566 b
1 2 3 5 10 20 40 60 120 123 243 283 566 b
1 2 3 5 10 20 40 60 120 140 143 283 566 b
1 2 3 5 10 20 40 60 120 140 280 283 566 b
1 2 3 5 10 20 40 60 120 160 163 283 566 b
1 2 3 5 10 20 40 60 120 160 280 283 566 b
1 2 3 5 10 20 40 60 120 240 243 283 566 b
1 2 3 5 10 20 40 60 120 240 280 283 566 b
1 2 3 5 10 20 40 80 81 101 182 283 566 b
1 2 3 5 10 20 40 80 81 101 202 283 566 b
1 2 3 5 10 20 40 80 81 121 162 283 566 a
1 2 3 5 10 20 40 80 81 121 202 283 566 b
1 2 3 5 10 20 40 80 81 162 202 283 566 b
1 2 3 5 10 20 40 80 81 162 202 364 566 b
1 2 3 5 10 20 40 80 81 162 202 404 566 b
1 2 3 5 10 20 40 80 81 162 242 324 566 a
1 2 3 5 10 20 40 80 81 162 242 404 566 b
1 2 3 5 10 20 40 80 81 162 243 283 566 b
1 2 3 5 10 20 40 80 81 162 243 323 566 b
1 2 3 5 10 20 40 80 81 162 243 486 566 b
1 2 3 5 10 20 40 80 81 162 324 404 566 b
1 2 3 5 10 20 40 80 81 162 324 486 566 b
1 2 3 5 10 20 40 80 82 160 242 324 566 a
1 2 3 5 10 20 40 80 82 160 242 484 566 a
1 2 3 5 10 20 40 80 82 162 202 364 566 b
1 2 3 5 10 20 40 80 82 162 202 404 566 b
1 2 3 5 10 20 40 80 82 162 242 324 566 b
1 2 3 5 10 20 40 80 82 162 242 404 566 b
1 2 3 5 10 20 40 80 82 162 242 484 566 b
1 2 3 5 10 20 40 80 82 162 324 404 566 b
1 2 3 5 10 20 40 80 82 162 324 486 566 b
1 2 3 5 10 20 40 80 83 100 183 283 566 a
1 2 3 5 10 20 40 80 83 100 200 283 566 a
1 2 3 5 10 20 40 80 83 120 163 283 566 a
1 2 3 5 10 20 40 80 83 120 200 283 566 a
1 2 3 5 10 20 40 80 83 120 203 283 566 a
1 2 3 5 10 20 40 80 83 123 160 283 566 a
1 2 3 5 10 20 40 80 83 123 203 283 566 b
1 2 3 5 10 20 40 80 83 160 200 283 566 a
1 2 3 5 10 20 40 80 83 160 243 283 566 a
1 2 3 5 10 20 40 80 83 160 243 323 566 a
1 2 3 5 10 20 40 80 83 160 243 486 566 a
1 2 3 5 10 20 40 80 83 163 203 283 566 b
1 2 3 5 10 20 40 80 83 163 243 283 566 b
1 2 3 5 10 20 40 80 83 163 243 323 566 b
1 2 3 5 10 20 40 80 83 163 243 486 566 b
1 2 3 5 10 20 40 80 100 103 180 283 566 a
1 2 3 5 10 20 40 80 100 103 183 283 566 b
1 2 3 5 10 20 40 80 100 103 203 283 566 b
1 2 3 5 10 20 40 80 100 140 143 283 566 b
1 2 3 5 10 20 40 80 100 140 280 283 566 b
1 2 3 5 10 20 40 80 100 180 183 283 566 b
1 2 3 5 10 20 40 80 100 180 280 283 566 b
1 2 3 5 10 20 40 80 100 200 203 283 566 b
1 2 3 5 10 20 40 80 100 200 280 283 566 b
1 2 3 5 10 20 40 80 120 123 160 283 566 a
1 2 3 5 10 20 40 80 120 123 163 283 566 b
1 2 3 5 10 20 40 80 120 123 203 283 566 b
1 2 3 5 10 20 40 80 120 123 243 283 566 b
1 2 3 5 10 20 40 80 120 123 243 323 566 b
1 2 3 5 10 20 40 80 120 123 243 486 566 b
1 2 3 5 10 20 40 80 120 140 143 283 566 b
1 2 3 5 10 20 40 80 120 140 280 283 566 b
1 2 3 5 10 20 40 80 120 160 163 283 566 b
1 2 3 5 10 20 40 80 120 160 280 283 566 b
1 2 3 5 10 20 40 80 120 200 203 283 566 b
1 2 3 5 10 20 40 80 120 200 280 283 566 b
1 2 3 5 10 20 40 80 120 240 243 283 566 b
1 2 3 5 10 20 40 80 120 240 243 323 566 b
1 2 3 5 10 20 40 80 120 240 243 486 566 b
1 2 3 5 10 20 40 80 120 240 280 283 566 b
1 2 3 5 10 20 40 80 160 162 202 364 566 b
1 2 3 5 10 20 40 80 160 162 202 404 566 b
1 2 3 5 10 20 40 80 160 162 242 324 566 a
1 2 3 5 10 20 40 80 160 162 242 404 566 b
1 2 3 5 10 20 40 80 160 162 324 404 566 b
1 2 3 5 10 20 40 80 160 162 324 486 566 b
1 2 3 5 10 20 40 80 160 163 203 283 566 b
1 2 3 5 10 20 40 80 160 163 203 363 566 b
1 2 3 5 10 20 40 80 160 163 203 406 566 b
1 2 3 5 10 20 40 80 160 163 240 326 566 a
1 2 3 5 10 20 40 80 160 163 240 403 566 a
1 2 3 5 10 20 40 80 160 163 243 283 566 b
1 2 3 5 10 20 40 80 160 163 243 323 566 b
1 2 3 5 10 20 40 80 160 163 243 403 566 b
1 2 3 5 10 20 40 80 160 163 243 406 566 b
1 2 3 5 10 20 40 80 160 163 243 486 566 b
1 2 3 5 10 20 40 80 160 163 323 403 566 b
1 2 3 5 10 20 40 80 160 163 323 486 566 b
1 2 3 5 10 20 40 80 160 163 326 406 566 b
1 2 3 5 10 20 40 80 160 163 326 486 566 b
1 2 3 5 10 20 40 80 160 200 203 283 566 b
1 2 3 5 10 20 40 80 160 200 203 363 566 b
1 2 3 5 10 20 40 80 160 200 203 406 566 b
1 2 3 5 10 20 40 80 160 200 280 283 566 b
1 2 3 5 10 20 40 80 160 240 243 283 566 b
1 2 3 5 10 20 40 80 160 240 243 323 566 b
1 2 3 5 10 20 40 80 160 240 243 486 566 b
1 2 3 5 10 20 40 80 160 240 280 283 566 b
1 2 3 6 7 14 21 35 70 140 143 283 566 b
1 2 3 6 7 14 21 35 70 140 280 283 566 b
1 2 3 6 7 14 21 35 70 140 280 286 566 b
1 2 3 6 7 14 21 35 70 140 280 560 566 b
1 2 3 6 7 14 28 35 70 140 143 283 566 b
1 2 3 6 7 14 28 35 70 140 280 283 566 b
1 2 3 6 7 14 28 35 70 140 280 286 566 b
1 2 3 6 7 14 28 35 70 140 280 560 566 b
1 2 3 6 7 14 28 42 70 140 143 283 566 b
1 2 3 6 7 14 28 42 70 140 280 283 566 b
1 2 3 6 7 14 28 42 70 140 280 286 566 b
1 2 3 6 7 14 28 42 70 140 280 560 566 b
1 2 3 6 7 14 28 56 57 113 170 283 566 b
1 2 3 6 7 14 28 56 57 113 226 283 566 b
1 2 3 6 7 14 28 56 59 112 171 283 566 a
1 2 3 6 7 14 28 56 59 112 224 283 566 a
1 2 3 6 7 14 28 56 70 140 143 283 566 b
1 2 3 6 7 14 28 56 70 140 280 283 566 b
1 2 3 6 7 14 28 56 70 140 280 286 566 b
1 2 3 6 7 14 28 56 70 140 280 560 566 b
1 2 3 6 7 14 28 56 84 140 143 283 566 b
1 2 3 6 7 14 28 56 84 140 280 283 566 b
1 2 3 6 7 14 28 56 84 140 280 286 566 b
1 2 3 6 7 14 28 56 84 140 280 560 566 b
1 2 3 6 7 14 28 56 112 114 226 340 566 b
1 2 3 6 7 14 28 56 112 114 226 452 566 b
1 2 3 6 7 14 28 56 112 115 168 283 566 a
1 2 3 6 7 14 28 56 112 115 171 283 566 b
1 2 3 6 7 14 28 56 112 115 227 283 566 b
1 2 3 6 7 14 28 56 112 115 227 339 566 b
1 2 3 6 7 14 28 56 112 115 227 454 566 b
1 2 3 6 7 14 28 56 112 118 224 342 566 a
1 2 3 6 7 14 28 56 112 118 224 448 566 a
1 2 3 6 7 14 28 56 112 140 143 283 566 b
1 2 3 6 7 14 28 56 112 140 280 283 566 b
1 2 3 6 7 14 28 56 112 140 280 286 566 b
1 2 3 6 7 14 28 56 112 140 280 560 566 b
1 2 3 6 7 14 28 56 112 168 171 283 566 b
1 2 3 6 7 14 28 56 112 168 280 283 566 b
1 2 3 6 7 14 28 56 112 168 280 286 566 b
1 2 3 6 7 14 28 56 112 168 280 560 566 b
1 2 3 6 7 14 28 56 112 224 227 283 566 b
1 2 3 6 7 14 28 56 112 224 227 339 566 b
1 2 3 6 7 14 28 56 112 224 227 454 566 b
1 2 3 6 7 14 28 56 112 224 230 336 566 a
1 2 3 6 7 14 28 56 112 224 230 342 566 b
1 2 3 6 7 14 28 56 112 224 230 454 566 b
1 2 3 6 7 14 28 56 112 224 280 283 566 b
1 2 3 6 7 14 28 56 112 224 280 286 566 b
1 2 3 6 7 14 28 56 112 224 280 560 566 b
1 2 3 6 7 14 28 56 112 224 336 342 566 b
1 2 3 6 7 14 28 56 112 224 336 560 566 b
1 2 3 6 7 14 28 56 112 224 448 454 566 b
1 2 3 6 7 14 28 56 112 224 448 560 566 b
1 2 3 6 8 11 17 34 68 136 147 283 566 b
1 2 3 6 8 11 17 34 68 136 272 283 566 b
1 2 3 6 8 14 28 42 70 140 143 283 566 b
1 2 3 6 8 14 28 42 70 140 280 283 566 b
1 2 3 6 8 14 28 42 70 140 280 286 566 b
1 2 3 6 8 14 28 42 70 140 280 560 566 b
1 2 3 6 8 14 28 56 57 113 170 283 566 b
1 2 3 6 8 14 28 56 57 113 226 283 566 b
1 2 3 6 8 14 28 56 59 112 171 283 566 a
1 2 3 6 8 14 28 56 59 112 224 283 566 a
1 2 3 6 8 14 28 56 70 140 143 283 566 b
1 2 3 6 8 14 28 56 70 140 280 283 566 b
1 2 3 6 8 14 28 56 70 140 280 286 566 b
1 2 3 6 8 14 28 56 70 140 280 560 566 b
1 2 3 6 8 14 28 56 84 140 143 283 566 b
1 2 3 6 8 14 28 56 84 140 280 283 566 b
1 2 3 6 8 14 28 56 84 140 280 286 566 b
1 2 3 6 8 14 28 56 84 140 280 560 566 b
1 2 3 6 8 14 28 56 112 114 226 340 566 b
1 2 3 6 8 14 28 56 112 114 226 452 566 b
1 2 3 6 8 14 28 56 112 115 168 283 566 a
1 2 3 6 8 14 28 56 112 115 171 283 566 b
1 2 3 6 8 14 28 56 112 115 227 283 566 b
1 2 3 6 8 14 28 56 112 115 227 339 566 b
1 2 3 6 8 14 28 56 112 115 227 454 566 b
1 2 3 6 8 14 28 56 112 118 224 342 566 a
1 2 3 6 8 14 28 56 112 118 224 448 566 a
1 2 3 6 8 14 28 56 112 140 143 283 566 b
1 2 3 6 8 14 28 56 112 140 280 283 566 b
1 2 3 6 8 14 28 56 112 140 280 286 566 b
1 2 3 6 8 14 28 56 112 140 280 560 566 b
1 2 3 6 8 14 28 56 112 168 171 283 566 b
1 2 3 6 8 14 28 56 112 168 280 283 566 b
1 2 3 6 8 14 28 56 112 168 280 286 566 b
1 2 3 6 8 14 28 56 112 168 280 560 566 b
1 2 3 6 8 14 28 56 112 224 227 283 566 b
1 2 3 6 8 14 28 56 112 224 227 339 566 b
1 2 3 6 8 14 28 56 112 224 227 454 566 b
1 2 3 6 8 14 28 56 112 224 230 336 566 a
1 2 3 6 8 14 28 56 112 224 230 342 566 b
1 2 3 6 8 14 28 56 112 224 230 454 566 b
1 2 3 6 8 14 28 56 112 224 280 283 566 b
1 2 3 6 8 14 28 56 112 224 280 286 566 b
1 2 3 6 8 14 28 56 112 224 280 560 566 b
1 2 3 6 8 14 28 56 112 224 336 342 566 b
1 2 3 6 8 14 28 56 112 224 336 560 566 b
1 2 3 6 8 14 28 56 112 224 448 454 566 b
1 2 3 6 8 14 28 56 112 224 448 560 566 b
1 2 3 6 8 16 19 35 70 140 143 283 566 b
1 2 3 6 8 16 19 35 70 140 280 283 566 b
1 2 3 6 8 16 19 35 70 140 280 286 566 b
1 2 3 6 8 16 19 35 70 140 280 560 566 b
1 2 3 6 8 16 32 35 70 140 143 283 566 b
1 2 3 6 8 16 32 35 70 140 280 283 566 b
1 2 3 6 8 16 32 35 70 140 280 286 566 b
1 2 3 6 8 16 32 35 70 140 280 560 566 b
1 2 3 6 8 16 32 38 70 140 143 283 566 b
1 2 3 6 8 16 32 38 70 140 280 283 566 b
1 2 3 6 8 16 32 38 70 140 280 286 566 b
1 2 3 6 8 16 32 38 70 140 280 560 566 b
1 2 3 6 8 16 32 64 70 140 143 283 566 b
1 2 3 6 8 16 32 64 70 140 280 283 566 b
1 2 3 6 8 16 32 64 70 140 280 286 566 b
1 2 3 6 8 16 32 64 70 140 280 560 566 b
1 2 3 6 9 11 17 34 68 136 147 283 566 b
1 2 3 6 9 11 17 34 68 136 272 283 566 b
1 2 3 6 12 14 28 42 70 140 143 283 566 b
1 2 3 6 12 14 28 42 70 140 280 283 566 b
1 2 3 6 12 14 28 42 70 140 280 286 566 b
1 2 3 6 12 14 28 42 70 140 280 560 566 b
1 2 3 6 12 14 28 56 57 113 170 283 566 b
1 2 3 6 12 14 28 56 57 113 226 283 566 b
1 2 3 6 12 14 28 56 59 112 171 283 566 a
1 2 3 6 12 14 28 56 59 112 224 283 566 a
1 2 3 6 12 14 28 56 70 140 143 283 566 b
1 2 3 6 12 14 28 56 70 140 280 283 566 b
1 2 3 6 12 14 28 56 70 140 280 286 566 b
1 2 3 6 12 14 28 56 70 140 280 560 566 b
1 2 3 6 12 14 28 56 84 140 143 283 566 b
1 2 3 6 12 14 28 56 84 140 280 283 566 b
1 2 3 6 12 14 28 56 84 140 280 286 566 b
1 2 3 6 12 14 28 56 84 140 280 560 566 b
1 2 3 6 12 14 28 56 112 114 226 340 566 b
1 2 3 6 12 14 28 56 112 114 226 452 566 b
1 2 3 6 12 14 28 56 112 115 168 283 566 a
1 2 3 6 12 14 28 56 112 115 171 283 566 b
1 2 3 6 12 14 28 56 112 115 227 283 566 b
1 2 3 6 12 14 28 56 112 115 227 339 566 b
1 2 3 6 12 14 28 56 112 115 227 454 566 b
1 2 3 6 12 14 28 56 112 118 224 342 566 a
1 2 3 6 12 14 28 56 112 118 224 448 566 a
1 2 3 6 12 14 28 56 112 140 143 283 566 b
1 2 3 6 12 14 28 56 112 140 280 283 566 b
1 2 3 6 12 14 28 56 112 140 280 286 566 b
1 2 3 6 12 14 28 56 112 140 280 560 566 b
1 2 3 6 12 14 28 56 112 168 171 283 566 b
1 2 3 6 12 14 28 56 112 168 280 283 566 b
1 2 3 6 12 14 28 56 112 168 280 286 566 b
1 2 3 6 12 14 28 56 112 168 280 560 566 b
1 2 3 6 12 14 28 56 112 224 227 283 566 b
1 2 3 6 12 14 28 56 112 224 227 339 566 b
1 2 3 6 12 14 28 56 112 224 227 454 566 b
1 2 3 6 12 14 28 56 112 224 230 336 566 a
1 2 3 6 12 14 28 56 112 224 230 342 566 b
1 2 3 6 12 14 28 56 112 224 230 454 566 b
1 2 3 6 12 14 28 56 112 224 280 283 566 b
1 2 3 6 12 14 28 56 112 224 280 286 566 b
1 2 3 6 12 14 28 56 112 224 280 560 566 b
1 2 3 6 12 14 28 56 112 224 336 342 566 b
1 2 3 6 12 14 28 56 112 224 336 560 566 b
1 2 3 6 12 14 28 56 112 224 448 454 566 b
1 2 3 6 12 14 28 56 112 224 448 560 566 b
1 2 3 6 12 24 25 49 74 123 246 320 566 b
1 2 3 6 12 24 25 49 74 123 246 492 566 b
1 2 4 5 6 11 17 34 68 136 147 283 566 b
1 2 4 5 6 11 17 34 68 136 272 283 566 b
1 2 4 5 7 14 19 33 66 132 151 283 566 b
1 2 4 5 7 14 19 33 66 132 264 283 566 b
1 2 4 5 7 14 28 56 57 113 170 283 566 b
1 2 4 5 7 14 28 56 57 113 226 283 566 b
1 2 4 5 7 14 28 56 112 114 226 340 566 b
1 2 4 5 7 14 28 56 112 114 226 452 566 b
1 2 4 5 9 14 19 33 66 132 151 283 566 b
1 2 4 5 9 14 19 33 66 132 264 283 566 b
1 2 4 5 9 14 23 46 69 138 276 290 566 b
1 2 4 5 9 14 23 46 69 138 276 552 566 b
1 2 4 5 9 14 23 46 92 138 276 290 566 b
1 2 4 5 9 14 23 46 92 138 276 552 566 b
1 2 4 5 9 14 23 46 92 184 198 368 566 a
1 2 4 5 9 14 23 46 92 184 198 382 566 b
1 2 4 5 9 14 23 46 92 184 276 290 566 b
1 2 4 5 9 14 23 46 92 184 276 552 566 b
1 2 4 5 9 14 23 46 92 184 368 382 566 b
1 2 4 5 9 14 23 46 92 184 368 552 566 b
1 2 4 5 9 14 28 56 57 113 170 283 566 b
1 2 4 5 9 14 28 56 57 113 226 283 566 b
1 2 4 5 9 14 28 56 112 114 226 340 566 b
1 2 4 5 9 14 28 56 112 114 226 452 566 b
1 2 4 5 9 18 27 32 64 128 155 283 566 b
1 2 4 5 9 18 27 32 64 128 256 283 566 b
1 2 4 5 10 12 22 34 68 136 272 294 566 b
1 2 4 5 10 12 22 34 68 136 272 544 566 b
1 2 4 5 10 14 19 33 66 132 151 283 566 b
1 2 4 5 10 14 19 33 66 132 264 283 566 b
1 2 4 5 10 14 28 38 66 132 264 302 566 b
1 2 4 5 10 14 28 38 66 132 264 528 566 b
1 2 4 5 10 14 28 56 57 113 170 283 566 b
1 2 4 5 10 14 28 56 57 113 226 283 566 b
1 2 4 5 10 14 28 56 112 114 226 340 566 b
1 2 4 5 10 14 28 56 112 114 226 452 566 b
1 2 4 5 10 20 40 41 80 121 162 283 566 a
1 2 4 5 10 20 40 41 80 121 242 283 566 a
1 2 4 5 10 20 40 41 81 101 182 283 566 b
1 2 4 5 10 20 40 41 81 101 202 283 566 b
1 2 4 5 10 20 40 41 81 121 162 283 566 b
1 2 4 5 10 20 40 41 81 121 202 283 566 b
1 2 4 5 10 20 40 41 81 121 242 283 566 b
1 2 4 5 10 20 40 41 81 162 202 283 566 b
1 2 4 5 10 20 40 41 81 162 202 364 566 b
1 2 4 5 10 20 40 41 81 162 202 404 566 b
1 2 4 5 10 20 40 41 81 162 243 283 566 b
1 2 4 5 10 20 40 80 81 101 182 283 566 b
1 2 4 5 10 20 40 80 81 101 202 283 566 b
1 2 4 5 10 20 40 80 81 121 162 283 566 a
1 2 4 5 10 20 40 80 81 121 202 283 566 b
1 2 4 5 10 20 40 80 81 162 202 283 566 b
1 2 4 5 10 20 40 80 81 162 202 364 566 b
1 2 4 5 10 20 40 80 81 162 202 404 566 b
1 2 4 5 10 20 40 80 81 162 242 324 566 a
1 2 4 5 10 20 40 80 81 162 242 404 566 b
1 2 4 5 10 20 40 80 81 162 243 283 566 b
1 2 4 5 10 20 40 80 81 162 243 323 566 b
1 2 4 5 10 20 40 80 81 162 243 486 566 b
1 2 4 5 10 20 40 80 81 162 324 404 566 b
1 2 4 5 10 20 40 80 81 162 324 486 566 b
1 2 4 5 10 20 40 80 82 160 242 324 566 a
1 2 4 5 10 20 40 80 82 160 242 484 566 a
1 2 4 5 10 20 40 80 82 162 202 364 566 b
1 2 4 5 10 20 40 80 82 162 202 404 566 b
1 2 4 5 10 20 40 80 82 162 242 324 566 b
1 2 4 5 10 20 40 80 82 162 242 404 566 b
1 2 4 5 10 20 40 80 82 162 242 484 566 b
1 2 4 5 10 20 40 80 82 162 324 404 566 b
1 2 4 5 10 20 40 80 82 162 324 486 566 b
1 2 4 5 10 20 40 80 160 162 202 364 566 b
1 2 4 5 10 20 40 80 160 162 202 404 566 b
1 2 4 5 10 20 40 80 160 162 242 324 566 a
1 2 4 5 10 20 40 80 160 162 242 404 566 b
1 2 4 5 10 20 40 80 160 162 324 404 566 b
1 2 4 5 10 20 40 80 160 162 324 486 566 b
1 2 4 6 7 11 17 34 68 136 147 283 566 b
1 2 4 6 7 11 17 34 68 136 272 283 566 b
1 2 4 6 7 14 21 35 70 140 280 286 566 b
1 2 4 6 7 14 21 35 70 140 280 560 566 b
1 2 4 6 7 14 28 35 70 140 280 286 566 b
1 2 4 6 7 14 28 35 70 140 280 560 566 b
1 2 4 6 7 14 28 42 70 140 280 286 566 b
1 2 4 6 7 14 28 42 70 140 280 560 566 b
1 2 4 6 7 14 28 56 57 113 170 283 566 b
1 2 4 6 7 14 28 56 57 113 226 283 566 b
1 2 4 6 7 14 28 56 70 140 280 286 566 b
1 2 4 6 7 14 28 56 70 140 280 560 566 b
1 2 4 6 7 14 28 56 84 140 280 286 566 b
1 2 4 6 7 14 28 56 84 140 280 560 566 b
1 2 4 6 7 14 28 56 112 114 226 340 566 b
1 2 4 6 7 14 28 56 112 114 226 452 566 b
1 2 4 6 7 14 28 56 112 118 224 342 566 a
1 2 4 6 7 14 28 56 112 118 224 448 566 a
1 2 4 6 7 14 28 56 112 140 280 286 566 b
1 2 4 6 7 14 28 56 112 140 280 560 566 b
1 2 4 6 7 14 28 56 112 168 280 286 566 b
1 2 4 6 7 14 28 56 112 168 280 560 566 b
1 2 4 6 7 14 28 56 112 224 230 336 566 a
1 2 4 6 7 14 28 56 112 224 230 342 566 b
1 2 4 6 7 14 28 56 112 224 230 454 566 b
1 2 4 6 7 14 28 56 112 224 280 286 566 b
1 2 4 6 7 14 28 56 112 224 280 560 566 b
1 2 4 6 7 14 28 56 112 224 336 342 566 b
1 2 4 6 7 14 28 56 112 224 336 560 566 b
1 2 4 6 7 14 28 56 112 224 448 454 566 b
1 2 4 6 7 14 28 56 112 224 448 560 566 b
1 2 4 6 8 14 28 42 70 140 280 286 566 b
1 2 4 6 8 14 28 42 70 140 280 560 566 b
1 2 4 6 8 14 28 56 57 113 170 283 566 b
1 2 4 6 8 14 28 56 57 113 226 283 566 b
1 2 4 6 8 14 28 56 70 140 280 286 566 b
1 2 4 6 8 14 28 56 70 140 280 560 566 b
1 2 4 6 8 14 28 56 84 140 280 286 566 b
1 2 4 6 8 14 28 56 84 140 280 560 566 b
1 2 4 6 8 14 28 56 112 114 226 340 566 b
1 2 4 6 8 14 28 56 112 114 226 452 566 b
1 2 4 6 8 14 28 56 112 118 224 342 566 a
1 2 4 6 8 14 28 56 112 118 224 448 566 a
1 2 4 6 8 14 28 56 112 140 280 286 566 b
1 2 4 6 8 14 28 56 112 140 280 560 566 b
1 2 4 6 8 14 28 56 112 168 280 286 566 b
1 2 4 6 8 14 28 56 112 168 280 560 566 b
1 2 4 6 8 14 28 56 112 224 230 336 566 a
1 2 4 6 8 14 28 56 112 224 230 342 566 b
1 2 4 6 8 14 28 56 112 224 230 454 566 b
1 2 4 6 8 14 28 56 112 224 280 286 566 b
1 2 4 6 8 14 28 56 112 224 280 560 566 b
1 2 4 6 8 14 28 56 112 224 336 342 566 b
1 2 4 6 8 14 28 56 112 224 336 560 566 b
1 2 4 6 8 14 28 56 112 224 448 454 566 b
1 2 4 6 8 14 28 56 112 224 448 560 566 b
1 2 4 6 8 16 32 38 70 140 280 286 566 b
1 2 4 6 8 16 32 38 70 140 280 560 566 b
1 2 4 6 8 16 32 64 70 140 280 286 566 b
1 2 4 6 8 16 32 64 70 140 280 560 566 b
1 2 4 6 10 11 17 34 68 136 147 283 566 b
1 2 4 6 10 11 17 34 68 136 272 283 566 b
1 2 4 6 10 12 22 34 68 136 272 294 566 b
1 2 4 6 10 12 22 34 68 136 272 544 566 b
1 2 4 6 10 14 28 38 66 132 264 302 566 b
1 2 4 6 10 14 28 38 66 132 264 528 566 b
1 2 4 6 10 14 28 42 70 140 280 286 566 b
1 2 4 6 10 14 28 42 70 140 280 560 566 b
1 2 4 6 10 14 28 56 57 113 170 283 566 b
1 2 4 6 10 14 28 56 57 113 226 283 566 b
1 2 4 6 10 14 28 56 70 140 280 286 566 b
1 2 4 6 10 14 28 56 70 140 280 560 566 b
1 2 4 6 10 14 28 56 84 140 280 286 566 b
1 2 4 6 10 14 28 56 84 140 280 560 566 b
1 2 4 6 10 14 28 56 112 114 226 340 566 b
1 2 4 6 10 14 28 56 112 114 226 452 566 b
1 2 4 6 10 14 28 56 112 118 224 342 566 a
1 2 4 6 10 14 28 56 112 118 224 448 566 a
1 2 4 6 10 14 28 56 112 140 280 286 566 b
1 2 4 6 10 14 28 56 112 140 280 560 566 b
1 2 4 6 10 14 28 56 112 168 280 286 566 b
1 2 4 6 10 14 28 56 112 168 280 560 566 b
1 2 4 6 10 14 28 56 112 224 230 336 566 a
1 2 4 6 10 14 28 56 112 224 230 342 566 b
1 2 4 6 10 14 28 56 112 224 230 454 566 b
1 2 4 6 10 14 28 56 112 224 280 286 566 b
1 2 4 6 10 14 28 56 112 224 280 560 566 b
1 2 4 6 10 14 28 56 112 224 336 342 566 b
1 2 4 6 10 14 28 56 112 224 336 560 566 b
1 2 4 6 10 14 28 56 112 224 448 454 566 b
1 2 4 6 10 14 28 56 112 224 448 560 566 b
1 2 4 6 10 16 32 38 70 140 280 286 566 b
1 2 4 6 10 16 32 38 70 140 280 560 566 b
1 2 4 6 10 16 32 64 70 140 280 286 566 b
1 2 4 6 10 16 32 64 70 140 280 560 566 b
1 2 4 6 10 20 30 40 70 140 280 286 566 b
1 2 4 6 10 20 30 40 70 140 280 560 566 b
1 2 4 6 10 20 30 50 70 140 280 286 566 b
1 2 4 6 10 20 30 50 70 140 280 560 566 b
1 2 4 6 10 20 30 60 70 140 280 286 566 b
1 2 4 6 10 20 30 60 70 140 280 560 566 b
1 2 4 6 10 20 30 60 80 140 280 286 566 b
1 2 4 6 10 20 30 60 80 140 280 560 566 b
1 2 4 6 10 20 30 60 120 140 280 286 566 b
1 2 4 6 10 20 30 60 120 140 280 560 566 b
1 2 4 6 10 20 40 41 80 121 162 283 566 a
1 2 4 6 10 20 40 41 80 121 242 283 566 a
1 2 4 6 10 20 40 41 81 101 182 283 566 b
1 2 4 6 10 20 40 41 81 101 202 283 566 b
1 2 4 6 10 20 40 41 81 121 162 283 566 b
1 2 4 6 10 20 40 41 81 121 202 283 566 b
1 2 4 6 10 20 40 41 81 121 242 283 566 b
1 2 4 6 10 20 40 41 81 162 202 283 566 b
1 2 4 6 10 20 40 41 81 162 202 364 566 b
1 2 4 6 10 20 40 41 81 162 202 404 566 b
1 2 4 6 10 20 40 41 81 162 243 283 566 b
1 2 4 6 10 20 40 50 70 140 280 286 566 b
1 2 4 6 10 20 40 50 70 140 280 560 566 b
1 2 4 6 10 20 40 50 90 140 280 286 566 b
1 2 4 6 10 20 40 50 90 140 280 560 566 b
1 2 4 6 10 20 40 50 100 140 280 286 566 b
1 2 4 6 10 20 40 50 100 140 280 560 566 b
1 2 4 6 10 20 40 60 70 140 280 286 566 b
1 2 4 6 10 20 40 60 70 140 280 560 566 b
1 2 4 6 10 20 40 60 80 140 280 286 566 b
1 2 4 6 10 20 40 60 80 140 280 560 566 b
1 2 4 6 10 20 40 60 100 140 280 286 566 b
1 2 4 6 10 20 40 60 100 140 280 560 566 b
1 2 4 6 10 20 40 60 120 140 280 286 566 b
1 2 4 6 10 20 40 60 120 140 280 560 566 b
1 2 4 6 10 20 40 60 120 160 280 286 566 b
1 2 4 6 10 20 40 60 120 160 280 560 566 b
1 2 4 6 10 20 40 60 120 240 280 286 566 b
1 2 4 6 10 20 40 60 120 240 280 560 566 b
1 2 4 6 10 20 40 80 81 101 182 283 566 b
1 2 4 6 10 20 40 80 81 101 202 283 566 b
1 2 4 6 10 20 40 80 81 121 162 283 566 a
1 2 4 6 10 20 40 80 81 121 202 283 566 b
1 2 4 6 10 20 40 80 81 162 202 283 566 b
1 2 4 6 10 20 40 80 81 162 202 364 566 b
1 2 4 6 10 20 40 80 81 162 202 404 566 b
1 2 4 6 10 20 40 80 81 162 242 324 566 a
1 2 4 6 10 20 40 80 81 162 242 404 566 b
1 2 4 6 10 20 40 80 81 162 243 283 566 b
1 2 4 6 10 20 40 80 81 162 243 323 566 b
1 2 4 6 10 20 40 80 81 162 243 486 566 b
1 2 4 6 10 20 40 80 81 162 324 404 566 b
1 2 4 6 10 20 40 80 81 162 324 486 566 b
1 2 4 6 10 20 40 80 82 160 242 324 566 a
1 2 4 6 10 20 40 80 82 160 242 484 566 a
1 2 4 6 10 20 40 80 82 162 202 364 566 b
1 2 4 6 10 20 40 80 82 162 202 404 566 b
1 2 4 6 10 20 40 80 82 162 242 324 566 b
1 2 4 6 10 20 40 80 82 162 242 404 566 b
1 2 4 6 10 20 40 80 82 162 242 484 566 b
1 2 4 6 10 20 40 80 82 162 324 404 566 b
1 2 4 6 10 20 40 80 82 162 324 486 566 b
1 2 4 6 10 20 40 80 86 120 240 326 566 a
1 2 4 6 10 20 40 80 86 120 240 480 566 a
1 2 4 6 10 20 40 80 86 160 240 326 566 a
1 2 4 6 10 20 40 80 86 160 240 480 566 a
1 2 4 6 10 20 40 80 86 160 246 320 566 a
1 2 4 6 10 20 40 80 86 160 246 406 566 a
1 2 4 6 10 20 40 80 86 160 320 406 566 a
1 2 4 6 10 20 40 80 86 160 320 480 566 a
1 2 4 6 10 20 40 80 100 140 280 286 566 b
1 2 4 6 10 20 40 80 100 140 280 560 566 b
1 2 4 6 10 20 40 80 100 180 280 286 566 b
1 2 4 6 10 20 40 80 100 180 280 560 566 b
1 2 4 6 10 20 40 80 100 200 280 286 566 b
1 2 4 6 10 20 40 80 100 200 280 560 566 b
1 2 4 6 10 20 40 80 120 140 280 286 566 b
1 2 4 6 10 20 40 80 120 140 280 560 566 b
1 2 4 6 10 20 40 80 120 160 280 286 566 b
1 2 4 6 10 20 40 80 120 160 280 560 566 b
1 2 4 6 10 20 40 80 120 200 280 286 566 b
1 2 4 6 10 20 40 80 120 200 280 560 566 b
1 2 4 6 10 20 40 80 120 240 246 320 566 a
1 2 4 6 10 20 40 80 120 240 246 326 566 b
1 2 4 6 10 20 40 80 120 240 246 486 566 b
1 2 4 6 10 20 40 80 120 240 280 286 566 b
1 2 4 6 10 20 40 80 120 240 280 560 566 b
1 2 4 6 10 20 40 80 120 240 320 326 566 b
1 2 4 6 10 20 40 80 120 240 320 560 566 b
1 2 4 6 10 20 40 80 120 240 480 486 566 b
1 2 4 6 10 20 40 80 120 240 480 560 566 b
1 2 4 6 10 20 40 80 160 162 202 364 566 b
1 2 4 6 10 20 40 80 160 162 202 404 566 b
1 2 4 6 10 20 40 80 160 162 242 324 566 a
1 2 4 6 10 20 40 80 160 162 242 404 566 b
1 2 4 6 10 20 40 80 160 162 324 404 566 b
1 2 4 6 10 20 40 80 160 162 324 486 566 b
1 2 4 6 10 20 40 80 160 166 200 366 566 a
1 2 4 6 10 20 40 80 160 166 200 400 566 a
1 2 4 6 10 20 40 80 160 166 240 326 566 a
1 2 4 6 10 20 40 80 160 166 240 400 566 a
1 2 4 6 10 20 40 80 160 166 240 406 566 a
1 2 4 6 10 20 40 80 160 166 246 320 566 a
1 2 4 6 10 20 40 80 160 166 246 406 566 b
1 2 4 6 10 20 40 80 160 166 320 400 566 a
1 2 4 6 10 20 40 80 160 166 320 486 566 a
1 2 4 6 10 20 40 80 160 166 326 406 566 b
1 2 4 6 10 20 40 80 160 166 326 486 566 b
1 2 4 6 10 20 40 80 160 200 206 360 566 a
1 2 4 6 10 20 40 80 160 200 206 366 566 b
1 2 4 6 10 20 40 80 160 200 206 406 566 b
1 2 4 6 10 20 40 80 160 200 280 286 566 b
1 2 4 6 10 20 40 80 160 200 280 560 566 b
1 2 4 6 10 20 40 80 160 200 360 366 566 b
1 2 4 6 10 20 40 80 160 200 360 560 566 b
1 2 4 6 10 20 40 80 160 200 400 406 566 b
1 2 4 6 10 20 40 80 160 200 400 560 566 b
1 2 4 6 10 20 40 80 160 240 246 320 566 a
1 2 4 6 10 20 40 80 160 240 246 326 566 b
1 2 4 6 10 20 40 80 160 240 246 406 566 b
1 2 4 6 10 20 40 80 160 240 246 486 566 b
1 2 4 6 10 20 40 80 160 240 280 286 566 b
1 2 4 6 10 20 40 80 160 240 280 560 566 b
1 2 4 6 10 20 40 80 160 240 320 326 566 b
1 2 4 6 10 20 40 80 160 240 320 560 566 b
1 2 4 6 10 20 40 80 160 240 400 406 566 b
1 2 4 6 10 20 40 80 160 240 400 560 566 b
1 2 4 6 10 20 40 80 160 240 480 486 566 b
1 2 4 6 10 20 40 80 160 240 480 560 566 b
1 2 4 6 10 20 40 80 160 320 326 406 566 b
1 2 4 6 10 20 40 80 160 320 326 486 566 b
1 2 4 6 10 20 40 80 160 320 400 406 566 b
1 2 4 6 10 20 40 80 160 320 400 560 566 b
1 2 4 6 10 20 40 80 160 320 480 486 566 b
1 2 4 6 10 20 40 80 160 320 480 560 566 b
1 2 4 6 12 14 28 42 70 140 280 286 566 b
1 2 4 6 12 14 28 42 70 140 280 560 566 b
1 2 4 6 12 14 28 56 57 113 170 283 566 b
1 2 4 6 12 14 28 56 57 113 226 283 566 b
1 2 4 6 12 14 28 56 70 140 280 286 566 b
1 2 4 6 12 14 28 56 70 140 280 560 566 b
1 2 4 6 12 14 28 56 84 140 280 286 566 b
1 2 4 6 12 14 28 56 84 140 280 560 566 b
1 2 4 6 12 14 28 56 112 114 226 340 566 b
1 2 4 6 12 14 28 56 112 114 226 452 566 b
1 2 4 6 12 14 28 56 112 118 224 342 566 a
1 2 4 6 12 14 28 56 112 118 224 448 566 a
1 2 4 6 12 14 28 56 112 140 280 286 566 b
1 2 4 6 12 14 28 56 112 140 280 560 566 b
1 2 4 6 12 14 28 56 112 168 280 286 566 b
1 2 4 6 12 14 28 56 112 168 280 560 566 b
1 2 4 6 12 14 28 56 112 224 230 336 566 a
1 2 4 6 12 14 28 56 112 224 230 342 566 b
1 2 4 6 12 14 28 56 112 224 230 454 566 b
1 2 4 6 12 14 28 56 112 224 280 286 566 b
1 2 4 6 12 14 28 56 112 224 280 560 566 b
1 2 4 6 12 14 28 56 112 224 336 342 566 b
1 2 4 6 12 14 28 56 112 224 336 560 566 b
1 2 4 6 12 14 28 56 112 224 448 454 566 b
1 2 4 6 12 14 28 56 112 224 448 560 566 b
1 2 4 6 12 16 22 34 68 136 272 294 566 b
1 2 4 6 12 16 22 34 68 136 272 544 566 b
1 2 4 6 12 16 28 56 57 113 170 283 566 b
1 2 4 6 12 16 28 56 57 113 226 283 566 b
1 2 4 6 12 16 28 56 84 140 280 286 566 b
1 2 4 6 12 16 28 56 84 140 280 560 566 b
1 2 4 6 12 16 28 56 112 114 226 340 566 b
1 2 4 6 12 16 28 56 112 114 226 452 566 b
1 2 4 6 12 16 28 56 112 118 224 342 566 a
1 2 4 6 12 16 28 56 112 118 224 448 566 a
1 2 4 6 12 16 28 56 112 140 280 286 566 b
1 2 4 6 12 16 28 56 112 140 280 560 566 b
1 2 4 6 12 16 28 56 112 168 280 286 566 b
1 2 4 6 12 16 28 56 112 168 280 560 566 b
1 2 4 6 12 16 28 56 112 224 230 336 566 a
1 2 4 6 12 16 28 56 112 224 230 342 566 b
1 2 4 6 12 16 28 56 112 224 230 454 566 b
1 2 4 6 12 16 28 56 112 224 280 286 566 b
1 2 4 6 12 16 28 56 112 224 280 560 566 b
1 2 4 6 12 16 28 56 112 224 336 342 566 b
1 2 4 6 12 16 28 56 112 224 336 560 566 b
1 2 4 6 12 16 28 56 112 224 448 454 566 b
1 2 4 6 12 16 28 56 112 224 448 560 566 b
1 2 4 6 12 16 32 38 70 140 280 286 566 b
1 2 4 6 12 16 32 38 70 140 280 560 566 b
1 2 4 6 12 16 32 64 70 140 280 286 566 b
1 2 4 6 12 16 32 64 70 140 280 560 566 b
1 2 4 6 12 16 32 64 76 140 280 286 566 b
1 2 4 6 12 16 32 64 76 140 280 560 566 b
1 2 4 6 12 16 32 64 128 140 280 286 566 b
1 2 4 6 12 16 32 64 128 140 280 560 566 b
1 2 4 6 12 18 22 34 68 136 272 294 566 b
1 2 4 6 12 18 22 34 68 136 272 544 566 b
1 2 4 6 12 24 25 49 74 123 246 320 566 b
1 2 4 6 12 24 25 49 74 123 246 492 566 b
1 2 4 6 12 24 28 56 57 113 170 283 566 b
1 2 4 6 12 24 28 56 57 113 226 283 566 b
1 2 4 6 12 24 28 56 84 140 280 286 566 b
1 2 4 6 12 24 28 56 84 140 280 560 566 b
1 2 4 6 12 24 28 56 112 114 226 340 566 b
1 2 4 6 12 24 28 56 112 114 226 452 566 b
1 2 4 6 12 24 28 56 112 118 224 342 566 a
1 2 4 6 12 24 28 56 112 118 224 448 566 a
1 2 4 6 12 24 28 56 112 140 280 286 566 b
1 2 4 6 12 24 28 56 112 140 280 560 566 b
1 2 4 6 12 24 28 56 112 168 280 286 566 b
1 2 4 6 12 24 28 56 112 168 280 560 566 b
1 2 4 6 12 24 28 56 112 224 230 336 566 a
1 2 4 6 12 24 28 56 112 224 230 342 566 b
1 2 4 6 12 24 28 56 112 224 230 454 566 b
1 2 4 6 12 24 28 56 112 224 280 286 566 b
1 2 4 6 12 24 28 56 112 224 280 560 566 b
1 2 4 6 12 24 28 56 112 224 336 342 566 b
1 2 4 6 12 24 28 56 112 224 336 560 566 b
1 2 4 6 12 24 28 56 112 224 448 454 566 b
1 2 4 6 12 24 28 56 112 224 448 560 566 b
1 2 4 8 9 11 17 34 68 136 147 283 566 a
1 2 4 8 9 11 17 34 68 136 272 283 566 a
1 2 4 8 9 16 32 41 73 105 178 283 566 a
1 2 4 8 9 16 32 41 73 105 210 283 566 a
1 2 4 8 9 16 32 64 73 105 178 283 566 a
1 2 4 8 9 16 32 64 73 105 210 283 566 a
1 2 4 8 9 16 32 64 73 137 146 283 566 a
1 2 4 8 9 16 32 64 73 137 210 283 566 a
1 2 4 8 9 16 32 64 73 137 274 283 566 a
1 2 4 8 9 16 32 64 73 146 210 283 566 a
1 2 4 8 9 16 32 64 73 146 210 356 566 a
1 2 4 8 9 16 32 64 73 146 210 420 566 a
1 2 4 8 9 16 32 64 73 146 219 283 566 a
1 2 4 8 9 16 32 64 128 137 146 283 566 a
1 2 4 8 9 16 32 64 128 137 274 283 566 a
1 2 4 8 9 17 26 43 60 120 163 283 566 b
1 2 4 8 9 17 26 43 60 120 240 283 566 b
1 2 4 8 9 17 34 43 60 120 163 283 566 b
1 2 4 8 9 17 34 43 60 120 240 283 566 b
1 2 4 8 9 17 34 43 77 120 163 283 566 b
1 2 4 8 9 17 34 43 77 120 240 283 566 b
1 2 4 8 9 17 34 43 86 120 163 283 566 b
1 2 4 8 9 17 34 43 86 120 240 283 566 b
1 2 4 8 9 17 34 43 86 120 240 326 566 b
1 2 4 8 9 17 34 43 86 120 240 480 566 b
1 2 4 8 9 17 34 68 69 137 146 283 566 b
1 2 4 8 9 17 34 68 69 137 274 283 566 b
1 2 4 8 9 17 34 68 136 137 146 283 566 b
1 2 4 8 9 17 34 68 136 137 274 283 566 b
1 2 4 8 9 17 34 68 136 138 145 283 566 a
1 2 4 8 9 17 34 68 136 138 147 283 566 b
1 2 4 8 9 17 34 68 136 138 274 283 566 b
1 2 4 8 9 17 34 68 136 145 147 283 566 b
1 2 4 8 9 17 34 68 136 145 281 283 566 b
1 2 4 8 9 17 34 68 136 145 281 285 566 b
1 2 4 8 9 17 34 68 136 145 281 562 566 b
1 2 4 8 9 17 34 68 136 272 274 283 566 b
1 2 4 8 9 17 34 68 136 272 281 283 566 b
1 2 4 8 9 17 34 68 136 272 281 285 566 b
1 2 4 8 9 17 34 68 136 272 281 562 566 b
1 2 4 8 9 18 27 35 62 124 159 283 566 b
1 2 4 8 9 18 27 35 62 124 248 283 566 b
1 2 4 8 10 12 22 34 68 136 272 294 566 b
1 2 4 8 10 12 22 34 68 136 272 544 566 b
1 2 4 8 10 14 28 38 66 132 264 302 566 b
1 2 4 8 10 14 28 38 66 132 264 528 566 b
1 2 4 8 10 14 28 56 57 113 170 283 566 b
1 2 4 8 10 14 28 56 57 113 226 283 566 b
1 2 4 8 10 14 28 56 112 114 226 340 566 b
1 2 4 8 10 14 28 56 112 114 226 452 566 b
1 2 4 8 10 18 28 38 66 132 264 302 566 b
1 2 4 8 10 18 28 38 66 132 264 528 566 b
1 2 4 8 10 18 28 56 57 113 170 283 566 b
1 2 4 8 10 18 28 56 57 113 226 283 566 b
1 2 4 8 10 18 28 56 112 114 226 340 566 b
1 2 4 8 10 18 28 56 112 114 226 452 566 b
1 2 4 8 10 18 36 54 64 128 256 310 566 b
1 2 4 8 10 18 36 54 64 128 256 512 566 b
1 2 4 8 10 20 28 38 66 132 264 302 566 b
1 2 4 8 10 20 28 38 66 132 264 528 566 b
1 2 4 8 10 20 28 56 57 113 170 283 566 b
1 2 4 8 10 20 28 56 57 113 226 283 566 b
1 2 4 8 10 20 28 56 112 114 226 340 566 b
1 2 4 8 10 20 28 56 112 114 226 452 566 b
1 2 4 8 10 20 40 41 80 121 162 283 566 a
1 2 4 8 10 20 40 41 80 121 242 283 566 a
1 2 4 8 10 20 40 41 81 101 182 283 566 b
1 2 4 8 10 20 40 41 81 101 202 283 566 b
1 2 4 8 10 20 40 41 81 121 162 283 566 b
1 2 4 8 10 20 40 41 81 121 202 283 566 b
1 2 4 8 10 20 40 41 81 121 242 283 566 b
1 2 4 8 10 20 40 41 81 162 202 283 566 b
1 2 4 8 10 20 40 41 81 162 202 364 566 b
1 2 4 8 10 20 40 41 81 162 202 404 566 b
1 2 4 8 10 20 40 41 81 162 243 283 566 b
1 2 4 8 10 20 40 80 81 101 182 283 566 b
1 2 4 8 10 20 40 80 81 101 202 283 566 b
1 2 4 8 10 20 40 80 81 121 162 283 566 a
1 2 4 8 10 20 40 80 81 121 202 283 566 b
1 2 4 8 10 20 40 80 81 162 202 283 566 b
1 2 4 8 10 20 40 80 81 162 202 364 566 b
1 2 4 8 10 20 40 80 81 162 202 404 566 b
1 2 4 8 10 20 40 80 81 162 242 324 566 a
1 2 4 8 10 20 40 80 81 162 242 404 566 b
1 2 4 8 10 20 40 80 81 162 243 283 566 b
1 2 4 8 10 20 40 80 81 162 243 323 566 b
1 2 4 8 10 20 40 80 81 162 243 486 566 b
1 2 4 8 10 20 40 80 81 162 324 404 566 b
1 2 4 8 10 20 40 80 81 162 324 486 566 b
1 2 4 8 10 20 40 80 82 160 242 324 566 a
1 2 4 8 10 20 40 80 82 160 242 484 566 a
1 2 4 8 10 20 40 80 82 162 202 364 566 b
1 2 4 8 10 20 40 80 82 162 202 404 566 b
1 2 4 8 10 20 40 80 82 162 242 324 566 b
1 2 4 8 10 20 40 80 82 162 242 404 566 b
1 2 4 8 10 20 40 80 82 162 242 484 566 b
1 2 4 8 10 20 40 80 82 162 324 404 566 b
1 2 4 8 10 20 40 80 82 162 324 486 566 b
1 2 4 8 10 20 40 80 160 162 202 364 566 b
1 2 4 8 10 20 40 80 160 162 202 404 566 b
1 2 4 8 10 20 40 80 160 162 242 324 566 a
1 2 4 8 10 20 40 80 160 162 242 404 566 b
1 2 4 8 10 20 40 80 160 162 324 404 566 b
1 2 4 8 10 20 40 80 160 162 324 486 566 b
1 2 4 8 12 14 22 34 68 136 272 294 566 b
1 2 4 8 12 14 22 34 68 136 272 544 566 b
1 2 4 8 12 14 28 56 57 113 170 283 566 b
1 2 4 8 12 14 28 56 57 113 226 283 566 b
1 2 4 8 12 14 28 56 112 114 226 340 566 b
1 2 4 8 12 14 28 56 112 114 226 452 566 b
1 2 4 8 12 16 28 56 57 113 170 283 566 b
1 2 4 8 12 16 28 56 57 113 226 283 566 b
1 2 4 8 12 16 28 56 112 114 226 340 566 b
1 2 4 8 12 16 28 56 112 114 226 452 566 b
1 2 4 8 12 20 22 34 68 136 272 294 566 b
1 2 4 8 12 20 22 34 68 136 272 544 566 b
1 2 4 8 12 20 28 56 57 113 170 283 566 b
1 2 4 8 12 20 28 56 57 113 226 283 566 b
1 2 4 8 12 20 28 56 112 114 226 340 566 b
1 2 4 8 12 20 28 56 112 114 226 452 566 b
1 2 4 8 12 20 40 41 80 121 162 283 566 a
1 2 4 8 12 20 40 41 80 121 242 283 566 a
1 2 4 8 12 20 40 41 81 101 182 283 566 b
1 2 4 8 12 20 40 41 81 101 202 283 566 b
1 2 4 8 12 20 40 41 81 121 162 283 566 b
1 2 4 8 12 20 40 41 81 121 202 283 566 b
1 2 4 8 12 20 40 41 81 121 242 283 566 b
1 2 4 8 12 20 40 41 81 162 202 283 566 b
1 2 4 8 12 20 40 41 81 162 202 364 566 b
1 2 4 8 12 20 40 41 81 162 202 404 566 b
1 2 4 8 12 20 40 41 81 162 243 283 566 b
1 2 4 8 12 20 40 80 81 101 182 283 566 b
1 2 4 8 12 20 40 80 81 101 202 283 566 b
1 2 4 8 12 20 40 80 81 121 162 283 566 a
1 2 4 8 12 20 40 80 81 121 202 283 566 b
1 2 4 8 12 20 40 80 81 162 202 283 566 b
1 2 4 8 12 20 40 80 81 162 202 364 566 b
1 2 4 8 12 20 40 80 81 162 202 404 566 b
1 2 4 8 12 20 40 80 81 162 242 324 566 a
1 2 4 8 12 20 40 80 81 162 242 404 566 b
1 2 4 8 12 20 40 80 81 162 243 283 566 b
1 2 4 8 12 20 40 80 81 162 243 323 566 b
1 2 4 8 12 20 40 80 81 162 243 486 566 b
1 2 4 8 12 20 40 80 81 162 324 404 566 b
1 2 4 8 12 20 40 80 81 162 324 486 566 b
1 2 4 8 12 20 40 80 82 160 242 324 566 a
1 2 4 8 12 20 40 80 82 160 242 484 566 a
1 2 4 8 12 20 40 80 82 162 202 364 566 b
1 2 4 8 12 20 40 80 82 162 202 404 566 b
1 2 4 8 12 20 40 80 82 162 242 324 566 b
1 2 4 8 12 20 40 80 82 162 242 404 566 b
1 2 4 8 12 20 40 80 82 162 242 484 566 b
1 2 4 8 12 20 40 80 82 162 324 404 566 b
1 2 4 8 12 20 40 80 82 162 324 486 566 b
1 2 4 8 12 20 40 80 160 162 202 364 566 b
1 2 4 8 12 20 40 80 160 162 202 404 566 b
1 2 4 8 12 20 40 80 160 162 242 324 566 a
1 2 4 8 12 20 40 80 160 162 242 404 566 b
1 2 4 8 12 20 40 80 160 162 324 404 566 b
1 2 4 8 12 20 40 80 160 162 324 486 566 b
1 2 4 8 12 24 25 49 74 123 246 320 566 b
1 2 4 8 12 24 25 49 74 123 246 492 566 b
1 2 4 8 12 24 28 56 57 113 170 283 566 b
1 2 4 8 12 24 28 56 57 113 226 283 566 b
1 2 4 8 12 24 28 56 112 114 226 340 566 b
1 2 4 8 12 24 28 56 112 114 226 452 566 b
1 2 4 8 12 24 32 56 57 113 170 283 566 b
1 2 4 8 12 24 32 56 57 113 226 283 566 b
1 2 4 8 12 24 32 56 112 114 226 340 566 b
1 2 4 8 12 24 32 56 112 114 226 452 566 b
1 2 4 8 12 24 48 56 57 113 170 283 566 b
1 2 4 8 12 24 48 56 57 113 226 283 566 b
1 2 4 8 12 24 48 56 112 114 226 340 566 b
1 2 4 8 12 24 48 56 112 114 226 452 566 b
1 2 4 8 16 17 19 33 66 132 151 283 566 a
1 2 4 8 16 17 19 33 66 132 264 283 566 a
1 2 4 8 16 17 33 50 83 100 183 283 566 b
1 2 4 8 16 17 33 50 83 100 200 283 566 b
1 2 4 8 16 17 33 50 83 133 150 283 566 b
1 2 4 8 16 17 33 50 83 133 266 283 566 b
1 2 4 8 16 17 33 50 100 133 150 283 566 b
1 2 4 8 16 17 33 50 100 133 183 283 566 b
1 2 4 8 16 17 33 50 100 133 233 283 566 b
1 2 4 8 16 17 33 50 100 133 233 333 566 b
1 2 4 8 16 17 33 50 100 133 233 466 566 b
1 2 4 8 16 17 33 50 100 133 266 283 566 b
1 2 4 8 16 17 33 50 100 150 183 283 566 b
1 2 4 8 16 17 33 50 100 150 250 283 566 b
1 2 4 8 16 17 33 50 100 200 233 283 566 b
1 2 4 8 16 17 33 50 100 200 233 333 566 b
1 2 4 8 16 17 33 50 100 200 233 466 566 b
1 2 4 8 16 17 33 50 100 200 250 283 566 b
1 2 4 8 16 17 33 66 67 133 150 283 566 b
1 2 4 8 16 17 33 66 67 133 266 283 566 b
1 2 4 8 16 17 33 66 83 100 183 283 566 b
1 2 4 8 16 17 33 66 83 100 200 283 566 b
1 2 4 8 16 17 33 66 132 133 150 283 566 b
1 2 4 8 16 17 33 66 132 133 266 283 566 b
1 2 4 8 16 17 33 66 132 134 149 283 566 a
1 2 4 8 16 17 33 66 132 134 151 283 566 b
1 2 4 8 16 17 33 66 132 134 266 283 566 b
1 2 4 8 16 17 33 66 132 149 151 283 566 b
1 2 4 8 16 17 33 66 132 149 281 283 566 b
1 2 4 8 16 17 33 66 132 149 281 285 566 b
1 2 4 8 16 17 33 66 132 149 281 562 566 b
1 2 4 8 16 17 33 66 132 264 266 283 566 b
1 2 4 8 16 17 33 66 132 264 281 283 566 b
1 2 4 8 16 17 33 66 132 264 281 285 566 b
1 2 4 8 16 17 33 66 132 264 281 562 566 b
1 2 4 8 16 18 22 34 68 136 272 294 566 a
1 2 4 8 16 18 22 34 68 136 272 544 566 a
1 2 4 8 16 18 32 64 82 146 210 356 566 a
1 2 4 8 16 18 32 64 82 146 210 420 566 a
1 2 4 8 16 18 32 64 128 146 210 356 566 a
1 2 4 8 16 18 32 64 128 146 210 420 566 a
1 2 4 8 16 18 32 64 128 146 274 292 566 a
1 2 4 8 16 18 32 64 128 146 274 420 566 a
1 2 4 8 16 18 32 64 128 146 274 548 566 a
1 2 4 8 16 18 32 64 128 146 292 420 566 a
1 2 4 8 16 18 32 64 128 146 292 438 566 a
1 2 4 8 16 18 32 64 128 256 274 292 566 a
1 2 4 8 16 18 32 64 128 256 274 548 566 a
1 2 4 8 16 18 34 52 86 120 240 326 566 b
1 2 4 8 16 18 34 52 86 120 240 480 566 b
1 2 4 8 16 18 34 68 69 137 274 292 566 b
1 2 4 8 16 18 34 68 69 137 274 548 566 b
1 2 4 8 16 18 34 68 86 120 240 326 566 b
1 2 4 8 16 18 34 68 86 120 240 480 566 b
1 2 4 8 16 18 34 68 86 154 240 326 566 b
1 2 4 8 16 18 34 68 86 154 240 480 566 b
1 2 4 8 16 18 34 68 86 172 240 326 566 b
1 2 4 8 16 18 34 68 86 172 240 480 566 b
1 2 4 8 16 18 34 68 136 137 274 292 566 b
1 2 4 8 16 18 34 68 136 137 274 548 566 b
1 2 4 8 16 18 34 68 136 138 274 292 566 b
1 2 4 8 16 18 34 68 136 138 274 548 566 b
1 2 4 8 16 18 34 68 136 272 274 292 566 b
1 2 4 8 16 18 34 68 136 272 274 548 566 b
1 2 4 8 16 18 34 68 136 272 276 290 566 a
1 2 4 8 16 18 34 68 136 272 276 294 566 b
1 2 4 8 16 18 34 68 136 272 276 548 566 b
1 2 4 8 16 18 34 68 136 272 290 294 566 b
1 2 4 8 16 18 34 68 136 272 290 562 566 b
1 2 4 8 16 18 34 68 136 272 544 548 566 b
1 2 4 8 16 18 34 68 136 272 544 562 566 b
1 2 4 8 16 18 36 54 70 124 248 318 566 b
1 2 4 8 16 18 36 54 70 124 248 496 566 b
1 2 4 8 16 20 28 56 57 113 170 283 566 b
1 2 4 8 16 20 28 56 57 113 226 283 566 b
1 2 4 8 16 20 28 56 112 114 226 340 566 b
1 2 4 8 16 20 28 56 112 114 226 452 566 b
1 2 4 8 16 20 36 56 57 113 170 283 566 b
1 2 4 8 16 20 36 56 57 113 226 283 566 b
1 2 4 8 16 20 36 56 112 114 226 340 566 b
1 2 4 8 16 20 36 56 112 114 226 452 566 b
1 2 4 8 16 20 40 41 80 121 162 283 566 a
1 2 4 8 16 20 40 41 80 121 242 283 566 a
1 2 4 8 16 20 40 41 81 101 182 283 566 b
1 2 4 8 16 20 40 41 81 101 202 283 566 b
1 2 4 8 16 20 40 41 81 121 162 283 566 b
1 2 4 8 16 20 40 41 81 121 202 283 566 b
1 2 4 8 16 20 40 41 81 121 242 283 566 b
1 2 4 8 16 20 40 41 81 162 202 283 566 b
1 2 4 8 16 20 40 41 81 162 202 364 566 b
1 2 4 8 16 20 40 41 81 162 202 404 566 b
1 2 4 8 16 20 40 41 81 162 243 283 566 b
1 2 4 8 16 20 40 56 57 113 170 283 566 b
1 2 4 8 16 20 40 56 57 113 226 283 566 b
1 2 4 8 16 20 40 56 112 114 226 340 566 b
1 2 4 8 16 20 40 56 112 114 226 452 566 b
1 2 4 8 16 20 40 80 81 101 182 283 566 b
1 2 4 8 16 20 40 80 81 101 202 283 566 b
1 2 4 8 16 20 40 80 81 121 162 283 566 a
1 2 4 8 16 20 40 80 81 121 202 283 566 b
1 2 4 8 16 20 40 80 81 162 202 283 566 b
1 2 4 8 16 20 40 80 81 162 202 364 566 b
1 2 4 8 16 20 40 80 81 162 202 404 566 b
1 2 4 8 16 20 40 80 81 162 242 324 566 a
1 2 4 8 16 20 40 80 81 162 242 404 566 b
1 2 4 8 16 20 40 80 81 162 243 283 566 b
1 2 4 8 16 20 40 80 81 162 243 323 566 b
1 2 4 8 16 20 40 80 81 162 243 486 566 b
1 2 4 8 16 20 40 80 81 162 324 404 566 b
1 2 4 8 16 20 40 80 81 162 324 486 566 b
1 2 4 8 16 20 40 80 82 160 242 324 566 a
1 2 4 8 16 20 40 80 82 160 242 484 566 a
1 2 4 8 16 20 40 80 82 162 202 364 566 b
1 2 4 8 16 20 40 80 82 162 202 404 566 b
1 2 4 8 16 20 40 80 82 162 242 324 566 b
1 2 4 8 16 20 40 80 82 162 242 404 566 b
1 2 4 8 16 20 40 80 82 162 242 484 566 b
1 2 4 8 16 20 40 80 82 162 324 404 566 b
1 2 4 8 16 20 40 80 82 162 324 486 566 b
1 2 4 8 16 20 40 80 160 162 202 364 566 b
1 2 4 8 16 20 40 80 160 162 202 404 566 b
1 2 4 8 16 20 40 80 160 162 242 324 566 a
1 2 4 8 16 20 40 80 160 162 242 404 566 b
1 2 4 8 16 20 40 80 160 162 324 404 566 b
1 2 4 8 16 20 40 80 160 162 324 486 566 b
1 2 4 8 16 24 25 49 74 123 246 320 566 b
1 2 4 8 16 24 25 49 74 123 246 492 566 b
1 2 4 8 16 24 28 56 57 113 170 283 566 b
1 2 4 8 16 24 28 56 57 113 226 283 566 b
1 2 4 8 16 24 28 56 112 114 226 340 566 b
1 2 4 8 16 24 28 56 112 114 226 452 566 b
1 2 4 8 16 24 32 56 57 113 170 283 566 b
1 2 4 8 16 24 32 56 57 113 226 283 566 b
1 2 4 8 16 24 32 56 112 114 226 340 566 b
1 2 4 8 16 24 32 56 112 114 226 452 566 b
1 2 4 8 16 24 40 41 80 121 162 283 566 a
1 2 4 8 16 24 40 41 80 121 242 283 566 a
1 2 4 8 16 24 40 41 81 121 162 283 566 b
1 2 4 8 16 24 40 41 81 121 202 283 566 b
1 2 4 8 16 24 40 41 81 121 242 283 566 b
1 2 4 8 16 24 40 41 81 162 202 283 566 b
1 2 4 8 16 24 40 41 81 162 202 364 566 b
1 2 4 8 16 24 40 41 81 162 202 404 566 b
1 2 4 8 16 24 40 41 81 162 243 283 566 b
1 2 4 8 16 24 40 56 57 113 170 283 566 b
1 2 4 8 16 24 40 56 57 113 226 283 566 b
1 2 4 8 16 24 40 56 112 114 226 340 566 b
1 2 4 8 16 24 40 56 112 114 226 452 566 b
1 2 4 8 16 24 40 80 81 121 162 283 566 a
1 2 4 8 16 24 40 80 81 121 202 283 566 b
1 2 4 8 16 24 40 80 81 162 202 283 566 b
1 2 4 8 16 24 40 80 81 162 202 364 566 b
1 2 4 8 16 24 40 80 81 162 202 404 566 b
1 2 4 8 16 24 40 80 81 162 242 324 566 a
1 2 4 8 16 24 40 80 81 162 242 404 566 b
1 2 4 8 16 24 40 80 81 162 243 283 566 b
1 2 4 8 16 24 40 80 81 162 243 323 566 b
1 2 4 8 16 24 40 80 81 162 243 486 566 b
1 2 4 8 16 24 40 80 81 162 324 404 566 b
1 2 4 8 16 24 40 80 81 162 324 486 566 b
1 2 4 8 16 24 40 80 82 160 242 324 566 a
1 2 4 8 16 24 40 80 82 160 242 484 566 a
1 2 4 8 16 24 40 80 82 162 202 364 566 b
1 2 4 8 16 24 40 80 82 162 202 404 566 b
1 2 4 8 16 24 40 80 82 162 242 324 566 b
1 2 4 8 16 24 40 80 82 162 242 404 566 b
1 2 4 8 16 24 40 80 82 162 242 484 566 b
1 2 4 8 16 24 40 80 82 162 324 404 566 b
1 2 4 8 16 24 40 80 82 162 324 486 566 b
1 2 4 8 16 24 40 80 160 162 202 364 566 b
1 2 4 8 16 24 40 80 160 162 202 404 566 b
1 2 4 8 16 24 40 80 160 162 242 324 566 a
1 2 4 8 16 24 40 80 160 162 242 404 566 b
1 2 4 8 16 24 40 80 160 162 324 404 566 b
1 2 4 8 16 24 40 80 160 162 324 486 566 b
1 2 4 8 16 24 48 56 57 113 170 283 566 b
1 2 4 8 16 24 48 56 57 113 226 283 566 b
1 2 4 8 16 24 48 56 112 114 226 340 566 b
1 2 4 8 16 24 48 56 112 114 226 452 566 b
1 2 4 8 16 24 48 64 112 114 226 340 566 b
1 2 4 8 16 24 48 64 112 114 226 452 566 b
1 2 4 8 16 24 48 96 112 114 226 340 566 b
1 2 4 8 16 24 48 96 112 114 226 452 566 b
1 2 4 8 16 32 33 40 73 105 178 283 566 a
1 2 4 8 16 32 33 40 73 105 210 283 566 a
1 2 4 8 16 32 33 41 73 105 178 283 566 b
1 2 4 8 16 32 33 41 73 105 210 283 566 b
1 2 4 8 16 32 33 65 73 105 178 283 566 b
1 2 4 8 16 32 33 65 73 105 210 283 566 b
1 2 4 8 16 32 34 38 66 132 264 302 566 a
1 2 4 8 16 32 34 38 66 132 264 528 566 a
1 2 4 8 16 32 34 66 67 133 266 300 566 b
1 2 4 8 16 32 34 66 67 133 266 532 566 b
1 2 4 8 16 32 34 66 100 166 200 366 566 b
1 2 4 8 16 32 34 66 100 166 200 400 566 b
1 2 4 8 16 32 34 66 100 166 266 300 566 b
1 2 4 8 16 32 34 66 100 166 266 532 566 b
1 2 4 8 16 32 34 66 100 200 266 300 566 b
1 2 4 8 16 32 34 66 100 200 266 366 566 b
1 2 4 8 16 32 34 66 100 200 266 466 566 b
1 2 4 8 16 32 34 66 100 200 266 532 566 b
1 2 4 8 16 32 34 66 100 200 300 366 566 b
1 2 4 8 16 32 34 66 100 200 300 500 566 b
1 2 4 8 16 32 34 66 100 200 400 466 566 b
1 2 4 8 16 32 34 66 100 200 400 500 566 b
1 2 4 8 16 32 34 66 132 133 266 300 566 b
1 2 4 8 16 32 34 66 132 133 266 532 566 b
1 2 4 8 16 32 34 66 132 134 266 300 566 b
1 2 4 8 16 32 34 66 132 134 266 532 566 b
1 2 4 8 16 32 34 66 132 166 200 366 566 b
1 2 4 8 16 32 34 66 132 166 200 400 566 b
1 2 4 8 16 32 34 66 132 264 266 300 566 b
1 2 4 8 16 32 34 66 132 264 266 532 566 b
1 2 4 8 16 32 34 66 132 264 268 298 566 a
1 2 4 8 16 32 34 66 132 264 268 302 566 b
1 2 4 8 16 32 34 66 132 264 268 532 566 b
1 2 4 8 16 32 34 66 132 264 298 302 566 b
1 2 4 8 16 32 34 66 132 264 298 562 566 b
1 2 4 8 16 32 34 66 132 264 528 532 566 b
1 2 4 8 16 32 34 66 132 264 528 562 566 b
1 2 4 8 16 32 36 37 73 105 178 283 566 b
1 2 4 8 16 32 36 37 73 105 210 283 566 b
1 2 4 8 16 32 36 72 73 105 178 283 566 b
1 2 4 8 16 32 36 72 73 105 210 283 566 b
1 2 4 8 16 32 40 41 73 105 178 283 566 b
1 2 4 8 16 32 40 41 73 105 210 283 566 b
1 2 4 8 16 32 40 41 80 121 162 283 566 a
1 2 4 8 16 32 40 41 80 121 242 283 566 a
1 2 4 8 16 32 40 41 81 121 162 283 566 b
1 2 4 8 16 32 40 41 81 121 202 283 566 b
1 2 4 8 16 32 40 41 81 121 242 283 566 b
1 2 4 8 16 32 40 41 81 162 202 283 566 b
1 2 4 8 16 32 40 41 81 162 202 364 566 b
1 2 4 8 16 32 40 41 81 162 202 404 566 b
1 2 4 8 16 32 40 41 81 162 243 283 566 b
1 2 4 8 16 32 40 56 57 113 170 283 566 b
1 2 4 8 16 32 40 56 57 113 226 283 566 b
1 2 4 8 16 32 40 56 112 114 226 340 566 b
1 2 4 8 16 32 40 56 112 114 226 452 566 b
1 2 4 8 16 32 40 72 73 105 178 283 566 b
1 2 4 8 16 32 40 72 73 105 210 283 566 b
1 2 4 8 16 32 40 72 112 114 226 340 566 b
1 2 4 8 16 32 40 72 112 114 226 452 566 b
1 2 4 8 16 32 40 80 81 121 162 283 566 a
1 2 4 8 16 32 40 80 81 121 202 283 566 b
1 2 4 8 16 32 40 80 81 162 202 283 566 b
1 2 4 8 16 32 40 80 81 162 202 364 566 b
1 2 4 8 16 32 40 80 81 162 202 404 566 b
1 2 4 8 16 32 40 80 81 162 242 324 566 a
1 2 4 8 16 32 40 80 81 162 242 404 566 b
1 2 4 8 16 32 40 80 81 162 243 283 566 b
1 2 4 8 16 32 40 80 81 162 243 323 566 b
1 2 4 8 16 32 40 80 81 162 243 486 566 b
1 2 4 8 16 32 40 80 81 162 324 404 566 b
1 2 4 8 16 32 40 80 81 162 324 486 566 b
1 2 4 8 16 32 40 80 82 160 242 324 566 a
1 2 4 8 16 32 40 80 82 160 242 484 566 a
1 2 4 8 16 32 40 80 82 162 202 364 566 b
1 2 4 8 16 32 40 80 82 162 202 404 566 b
1 2 4 8 16 32 40 80 82 162 242 324 566 b
1 2 4 8 16 32 40 80 82 162 242 404 566 b
1 2 4 8 16 32 40 80 82 162 242 484 566 b
1 2 4 8 16 32 40 80 82 162 324 404 566 b
1 2 4 8 16 32 40 80 82 162 324 486 566 b
1 2 4 8 16 32 40 80 112 114 226 340 566 b
1 2 4 8 16 32 40 80 112 114 226 452 566 b
1 2 4 8 16 32 40 80 160 162 202 364 566 b
1 2 4 8 16 32 40 80 160 162 202 404 566 b
1 2 4 8 16 32 40 80 160 162 242 324 566 a
1 2 4 8 16 32 40 80 160 162 242 404 566 b
1 2 4 8 16 32 40 80 160 162 324 404 566 b
1 2 4 8 16 32 40 80 160 162 324 486 566 b
1 2 4 8 16 32 48 56 57 113 170 283 566 b
1 2 4 8 16 32 48 56 57 113 226 283 566 b
1 2 4 8 16 32 48 56 112 114 226 340 566 b
1 2 4 8 16 32 48 56 112 114 226 452 566 b
1 2 4 8 16 32 48 64 112 114 226 340 566 b
1 2 4 8 16 32 48 64 112 114 226 452 566 b
1 2 4 8 16 32 48 80 81 162 242 324 566 a
1 2 4 8 16 32 48 80 81 162 242 404 566 b
1 2 4 8 16 32 48 80 81 162 243 323 566 b
1 2 4 8 16 32 48 80 81 162 243 486 566 b
1 2 4 8 16 32 48 80 81 162 324 404 566 b
1 2 4 8 16 32 48 80 81 162 324 486 566 b
1 2 4 8 16 32 48 80 82 160 242 324 566 a
1 2 4 8 16 32 48 80 82 160 242 484 566 a
1 2 4 8 16 32 48 80 82 162 242 324 566 b
1 2 4 8 16 32 48 80 82 162 242 404 566 b
1 2 4 8 16 32 48 80 82 162 242 484 566 b
1 2 4 8 16 32 48 80 82 162 324 404 566 b
1 2 4 8 16 32 48 80 82 162 324 486 566 b
1 2 4 8 16 32 48 80 112 114 226 340 566 b
1 2 4 8 16 32 48 80 112 114 226 452 566 b
1 2 4 8 16 32 48 80 160 162 242 324 566 a
1 2 4 8 16 32 48 80 160 162 242 404 566 b
1 2 4 8 16 32 48 80 160 162 324 404 566 b
1 2 4 8 16 32 48 80 160 162 324 486 566 b
1 2 4 8 16 32 48 96 112 114 226 340 566 b
1 2 4 8 16 32 48 96 112 114 226 452 566 b
1 2 4 8 16 32 64 65 73 105 178 283 566 b
1 2 4 8 16 32 64 65 73 105 210 283 566 b
1 2 4 8 16 32 64 65 73 137 146 283 566 a
1 2 4 8 16 32 64 65 73 137 210 283 566 b
1 2 4 8 16 32 64 65 73 146 210 283 566 b
1 2 4 8 16 32 64 65 73 146 210 356 566 b
1 2 4 8 16 32 64 65 73 146 210 420 566 b
1 2 4 8 16 32 64 65 73 146 219 283 566 b
1 2 4 8 16 32 64 65 81 146 210 356 566 b
1 2 4 8 16 32 64 65 81 146 210 420 566 b
1 2 4 8 16 32 64 65 130 146 210 356 566 b
1 2 4 8 16 32 64 65 130 146 210 420 566 b
1 2 4 8 16 32 64 66 80 146 210 356 566 a
1 2 4 8 16 32 64 66 80 146 210 420 566 a
1 2 4 8 16 32 64 66 82 146 210 356 566 b
1 2 4 8 16 32 64 66 82 146 210 420 566 b
1 2 4 8 16 32 64 66 130 146 210 356 566 b
1 2 4 8 16 32 64 66 130 146 210 420 566 b
1 2 4 8 16 32 64 72 73 105 178 283 566 b
1 2 4 8 16 32 64 72 73 105 210 283 566 b
1 2 4 8 16 32 64 72 73 137 146 283 566 a
1 2 4 8 16 32 64 72 73 137 210 283 566 b
1 2 4 8 16 32 64 72 73 146 210 283 566 b
1 2 4 8 16 32 64 72 73 146 210 356 566 b
1 2 4 8 16 32 64 72 73 146 210 420 566 b
1 2 4 8 16 32 64 72 73 146 219 283 566 b
1 2 4 8 16 32 64 72 74 146 210 356 566 b
1 2 4 8 16 32 64 72 74 146 210 420 566 b
1 2 4 8 16 32 64 72 144 146 210 356 566 b
1 2 4 8 16 32 64 72 144 146 210 420 566 b
1 2 4 8 16 32 64 80 81 162 242 324 566 a
1 2 4 8 16 32 64 80 81 162 242 404 566 b
1 2 4 8 16 32 64 80 81 162 243 323 566 b
1 2 4 8 16 32 64 80 81 162 243 486 566 b
1 2 4 8 16 32 64 80 81 162 324 404 566 b
1 2 4 8 16 32 64 80 81 162 324 486 566 b
1 2 4 8 16 32 64 80 82 146 210 356 566 b
1 2 4 8 16 32 64 80 82 146 210 420 566 b
1 2 4 8 16 32 64 80 82 160 242 324 566 a
1 2 4 8 16 32 64 80 82 160 242 484 566 a
1 2 4 8 16 32 64 80 82 162 242 324 566 b
1 2 4 8 16 32 64 80 82 162 242 404 566 b
1 2 4 8 16 32 64 80 82 162 242 484 566 b
1 2 4 8 16 32 64 80 82 162 324 404 566 b
1 2 4 8 16 32 64 80 82 162 324 486 566 b
1 2 4 8 16 32 64 80 112 114 226 340 566 b
1 2 4 8 16 32 64 80 112 114 226 452 566 b
1 2 4 8 16 32 64 80 144 146 210 356 566 b
1 2 4 8 16 32 64 80 144 146 210 420 566 b
1 2 4 8 16 32 64 80 160 162 242 324 566 a
1 2 4 8 16 32 64 80 160 162 242 404 566 b
1 2 4 8 16 32 64 80 160 162 324 404 566 b
1 2 4 8 16 32 64 80 160 162 324 486 566 b
1 2 4 8 16 32 64 96 112 114 226 340 566 b
1 2 4 8 16 32 64 96 112 114 226 452 566 b
1 2 4 8 16 32 64 128 130 146 210 356 566 b
1 2 4 8 16 32 64 128 130 146 210 420 566 b
1 2 4 8 16 32 64 128 130 146 274 292 566 a
1 2 4 8 16 32 64 128 130 146 274 420 566 b
1 2 4 8 16 32 64 128 130 146 292 420 566 b
1 2 4 8 16 32 64 128 130 146 292 438 566 b
1 2 4 8 16 32 64 128 144 146 210 356 566 b
1 2 4 8 16 32 64 128 144 146 210 420 566 b
1 2 4 8 16 32 64 128 144 146 274 292 566 a
1 2 4 8 16 32 64 128 144 146 274 420 566 b
1 2 4 8 16 32 64 128 144 146 292 420 566 b
1 2 4 8 16 32 64 128 144 146 292 438 566 b
