1 2 3 4 7 8 16 32 64 128 256 263 519 b
1 2 3 4 7 8 16 32 64 128 256 512 519 b
1 2 3 4 7 9 16 32 64 128 256 263 519 b
1 2 3 4 7 9 16 32 64 128 256 512 519 b
1 2 3 4 7 14 16 32 64 128 256 263 519 b
1 2 3 4 7 14 16 32 64 128 256 512 519 b
1 2 3 4 7 14 18 32 64 128 256 263 519 b
1 2 3 4 7 14 18 32 64 128 256 512 519 b
1 2 3 4 7 14 28 32 64 128 256 263 519 b
1 2 3 4 7 14 28 32 64 128 256 512 519 b
1 2 3 4 7 14 28 56 59 115 230 289 519 b
1 2 3 4 7 14 28 56 59 115 230 460 519 b
1 2 3 4 8 16 32 64 65 129 258 261 519 b
1 2 3 4 8 16 32 64 65 129 258 516 519 b
1 2 3 4 8 16 32 64 128 129 258 261 519 b
1 2 3 4 8 16 32 64 128 129 258 516 519 b
1 2 3 4 8 16 32 64 128 130 258 261 519 b
1 2 3 4 8 16 32 64 128 130 258 516 519 b
1 2 3 4 8 16 32 64 128 131 259 260 519 b
1 2 3 4 8 16 32 64 128 131 259 518 519 b
1 2 3 4 8 16 32 64 128 256 258 261 519 b
1 2 3 4 8 16 32 64 128 256 258 516 519 b
1 2 3 4 8 16 32 64 128 256 259 260 519 b
1 2 3 4 8 16 32 64 128 256 259 263 519 b
1 2 3 4 8 16 32 64 128 256 259 515 519 b
1 2 3 4 8 16 32 64 128 256 259 518 519 b
1 2 3 4 8 16 32 64 128 256 260 263 519 b
1 2 3 4 8 16 32 64 128 256 260 516 519 b
1 2 3 4 8 16 32 64 128 256 512 515 519 b
1 2 3 4 8 16 32 64 128 256 512 516 519 b
1 2 3 5 7 8 16 32 64 128 256 263 519 b
1 2 3 5 7 8 16 32 64 128 256 512 519 b
1 2 3 5 7 9 16 32 64 128 256 263 519 b
1 2 3 5 7 9 16 32 64 128 256 512 519 b
1 2 3 5 7 14 16 32 64 128 256 263 519 b
1 2 3 5 7 14 16 32 64 128 256 512 519 b
1 2 3 5 7 14 21 42 84 89 173 346 519 b
1 2 3 5 7 14 21 42 84 168 173 346 519 b
1 2 3 5 7 14 28 42 84 89 173 346 519 b
1 2 3 5 7 14 28 42 84 168 173 346 519 b
1 2 3 5 7 14 28 56 59 115 230 289 519 b
1 2 3 5 7 14 28 56 59 115 230 460 519 b
1 2 3 5 7 14 28 56 61 112 173 346 519 a
1 2 3 5 7 14 28 56 61 117 173 346 519 b
1 2 3 5 7 14 28 56 84 89 173 346 519 b
1 2 3 5 7 14 28 56 84 168 173 346 519 b
1 2 3 5 7 14 28 56 112 117 173 346 519 b
1 2 3 5 7 14 28 56 112 168 173 346 519 b
1 2 3 5 8 13 21 42 84 89 173 346 519 b
1 2 3 5 8 13 21 42 84 168 173 346 519 b
1 2 3 5 8 16 21 42 84 89 173 346 519 b
1 2 3 5 8 16 21 42 84 168 173 346 519 b
1 2 3 5 8 16 32 64 65 129 258 261 519 b
1 2 3 5 8 16 32 64 65 129 258 516 519 b
1 2 3 5 8 16 32 64 128 129 257 262 519 b
1 2 3 5 8 16 32 64 128 129 257 514 519 b
1 2 3 5 8 16 32 64 128 129 258 261 519 b
1 2 3 5 8 16 32 64 128 129 258 516 519 b
1 2 3 5 8 16 32 64 128 130 258 261 519 b
1 2 3 5 8 16 32 64 128 130 258 516 519 b
1 2 3 5 8 16 32 64 128 131 259 260 519 b
1 2 3 5 8 16 32 64 128 131 259 518 519 b
1 2 3 5 8 16 32 64 128 256 257 262 519 b
1 2 3 5 8 16 32 64 128 256 257 514 519 b
1 2 3 5 8 16 32 64 128 256 258 261 519 b
1 2 3 5 8 16 32 64 128 256 258 263 519 b
1 2 3 5 8 16 32 64 128 256 258 514 519 b
1 2 3 5 8 16 32 64 128 256 258 516 519 b
1 2 3 5 8 16 32 64 128 256 259 260 519 b
1 2 3 5 8 16 32 64 128 256 259 518 519 b
1 2 3 5 8 16 32 64 128 256 261 263 519 b
1 2 3 5 8 16 32 64 128 256 261 517 519 b
1 2 3 5 8 16 32 64 128 256 512 514 519 b
1 2 3 5 8 16 32 64 128 256 512 517 519 b
1 2 3 5 10 11 21 42 84 89 173 346 519 b
1 2 3 5 10 11 21 42 84 168 173 346 519 b
1 2 3 5 10 13 20 40 80 93 173 346 519 a
1 2 3 5 10 13 20 40 80 160 173 346 519 a
1 2 3 5 10 15 30 31 61 122 244 275 519 b
1 2 3 5 10 15 30 31 61 122 244 488 519 b
1 2 3 5 10 15 30 33 63 126 252 267 519 b
1 2 3 5 10 15 30 33 63 126 252 504 519 b
1 2 3 5 10 15 30 60 63 126 252 267 519 b
1 2 3 5 10 15 30 60 63 126 252 504 519 b
1 2 3 5 10 20 21 42 84 89 173 346 519 b
1 2 3 5 10 20 21 42 84 168 173 346 519 b
1 2 3 5 10 20 22 42 84 89 173 346 519 b
1 2 3 5 10 20 22 42 84 168 173 346 519 b
1 2 3 5 10 20 23 43 86 87 173 346 519 b
1 2 3 5 10 20 23 43 86 129 258 261 519 b
1 2 3 5 10 20 23 43 86 129 258 516 519 b
1 2 3 5 10 20 23 43 86 172 173 346 519 b
1 2 3 5 10 20 23 43 86 172 175 344 519 a
1 2 3 5 10 20 23 43 86 172 175 347 519 b
1 2 3 5 10 20 23 43 86 172 258 261 519 b
1 2 3 5 10 20 23 43 86 172 258 516 519 b
1 2 3 5 10 20 23 43 86 172 344 347 519 b
1 2 3 5 10 20 23 43 86 172 344 516 519 b
1 2 3 5 10 20 30 31 61 122 244 275 519 b
1 2 3 5 10 20 30 31 61 122 244 488 519 b
1 2 3 5 10 20 40 42 84 89 173 346 519 b
1 2 3 5 10 20 40 42 84 168 173 346 519 b
1 2 3 5 10 20 40 43 86 87 173 346 519 b
1 2 3 5 10 20 40 43 86 129 258 261 519 b
1 2 3 5 10 20 40 43 86 129 258 516 519 b
1 2 3 5 10 20 40 43 86 172 173 346 519 b
1 2 3 5 10 20 40 43 86 172 175 344 519 a
1 2 3 5 10 20 40 43 86 172 175 347 519 b
1 2 3 5 10 20 40 43 86 172 258 261 519 b
1 2 3 5 10 20 40 43 86 172 258 516 519 b
1 2 3 5 10 20 40 43 86 172 344 347 519 b
1 2 3 5 10 20 40 43 86 172 344 516 519 b
1 2 3 5 10 20 40 45 85 88 173 346 519 b
1 2 3 5 10 20 40 45 85 170 173 346 519 b
1 2 3 5 10 20 40 80 83 90 173 346 519 a
1 2 3 5 10 20 40 80 83 93 173 346 519 b
1 2 3 5 10 20 40 80 83 163 173 346 519 b
1 2 3 5 10 20 40 80 85 88 173 346 519 b
1 2 3 5 10 20 40 80 85 170 173 346 519 b
1 2 3 5 10 20 40 80 90 93 173 346 519 b
1 2 3 5 10 20 40 80 90 170 173 346 519 b
1 2 3 5 10 20 40 80 160 163 173 346 519 b
1 2 3 5 10 20 40 80 160 170 173 346 519 b
1 2 3 6 7 8 16 32 64 128 256 263 519 b
1 2 3 6 7 8 16 32 64 128 256 512 519 b
1 2 3 6 7 9 16 32 64 128 256 263 519 b
1 2 3 6 7 9 16 32 64 128 256 512 519 b
1 2 3 6 7 10 16 32 64 128 256 263 519 b
1 2 3 6 7 10 16 32 64 128 256 512 519 b
1 2 3 6 7 13 16 32 64 128 256 263 519 b
1 2 3 6 7 13 16 32 64 128 256 512 519 b
1 2 3 6 7 13 19 32 64 128 256 263 519 b
1 2 3 6 7 13 19 32 64 128 256 512 519 b
1 2 3 6 7 13 20 40 80 93 173 346 519 b
1 2 3 6 7 13 20 40 80 160 173 346 519 b
1 2 3 6 7 13 26 32 64 128 256 263 519 b
1 2 3 6 7 13 26 32 64 128 256 512 519 b
1 2 3 6 7 14 16 32 64 128 256 263 519 b
1 2 3 6 7 14 16 32 64 128 256 512 519 b
1 2 3 6 7 14 28 56 59 115 230 289 519 b
1 2 3 6 7 14 28 56 59 115 230 460 519 b
1 2 3 6 8 14 28 56 59 115 230 289 519 b
1 2 3 6 8 14 28 56 59 115 230 460 519 b
1 2 3 6 8 16 32 64 65 129 258 261 519 b
1 2 3 6 8 16 32 64 65 129 258 516 519 b
1 2 3 6 8 16 32 64 128 129 258 261 519 b
1 2 3 6 8 16 32 64 128 129 258 516 519 b
1 2 3 6 8 16 32 64 128 130 258 261 519 b
1 2 3 6 8 16 32 64 128 130 258 516 519 b
1 2 3 6 8 16 32 64 128 131 259 260 519 b
1 2 3 6 8 16 32 64 128 131 259 518 519 b
1 2 3 6 8 16 32 64 128 256 257 262 519 a
1 2 3 6 8 16 32 64 128 256 257 263 519 b
1 2 3 6 8 16 32 64 128 256 257 513 519 b
1 2 3 6 8 16 32 64 128 256 258 261 519 b
1 2 3 6 8 16 32 64 128 256 258 516 519 b
1 2 3 6 8 16 32 64 128 256 259 260 519 b
1 2 3 6 8 16 32 64 128 256 259 518 519 b
1 2 3 6 8 16 32 64 128 256 262 263 519 b
1 2 3 6 8 16 32 64 128 256 262 518 519 b
1 2 3 6 8 16 32 64 128 256 512 513 519 b
1 2 3 6 8 16 32 64 128 256 512 518 519 b
1 2 3 6 9 15 21 42 63 126 252 267 519 b
1 2 3 6 9 15 21 42 63 126 252 504 519 b
1 2 3 6 9 15 21 42 84 126 252 267 519 b
1 2 3 6 9 15 21 42 84 126 252 504 519 b
1 2 3 6 9 15 21 42 84 168 183 336 519 a
1 2 3 6 9 15 21 42 84 168 183 351 519 b
1 2 3 6 9 15 21 42 84 168 252 267 519 b
1 2 3 6 9 15 21 42 84 168 252 504 519 b
1 2 3 6 9 15 21 42 84 168 336 351 519 b
1 2 3 6 9 15 21 42 84 168 336 504 519 b
1 2 3 6 9 15 24 39 63 126 252 267 519 b
1 2 3 6 9 15 24 39 63 126 252 504 519 b
1 2 3 6 9 15 24 48 63 126 252 267 519 b
1 2 3 6 9 15 24 48 63 126 252 504 519 b
1 2 3 6 9 15 30 31 61 122 244 275 519 b
1 2 3 6 9 15 30 31 61 122 244 488 519 b
1 2 3 6 9 15 30 33 63 126 252 267 519 b
1 2 3 6 9 15 30 33 63 126 252 504 519 b
1 2 3 6 9 15 30 39 60 120 240 279 519 a
1 2 3 6 9 15 30 39 60 120 240 480 519 a
1 2 3 6 9 15 30 60 63 126 252 267 519 b
1 2 3 6 9 15 30 60 63 126 252 504 519 b
1 2 3 6 9 15 30 60 66 126 252 267 519 b
1 2 3 6 9 15 30 60 66 126 252 504 519 b
1 2 3 6 9 15 30 60 69 129 258 261 519 b
1 2 3 6 9 15 30 60 69 129 258 516 519 b
1 2 3 6 9 15 30 60 120 126 252 267 519 b
1 2 3 6 9 15 30 60 120 126 252 504 519 b
1 2 3 6 9 15 30 60 120 129 258 261 519 b
1 2 3 6 9 15 30 60 120 129 258 516 519 b
1 2 3 6 9 15 30 60 120 135 255 264 519 b
1 2 3 6 9 15 30 60 120 135 255 510 519 b
1 2 3 6 9 15 30 60 120 240 249 270 519 a
1 2 3 6 9 15 30 60 120 240 249 279 519 b
1 2 3 6 9 15 30 60 120 240 249 489 519 b
1 2 3 6 9 15 30 60 120 240 255 264 519 b
1 2 3 6 9 15 30 60 120 240 255 510 519 b
1 2 3 6 9 15 30 60 120 240 270 279 519 b
1 2 3 6 9 15 30 60 120 240 270 510 519 b
1 2 3 6 9 15 30 60 120 240 480 489 519 b
1 2 3 6 9 15 30 60 120 240 480 510 519 b
1 2 3 6 9 18 21 39 60 120 240 279 519 b
1 2 3 6 9 18 21 39 60 120 240 480 519 b
1 2 3 6 9 18 36 39 75 111 222 297 519 b
1 2 3 6 9 18 36 39 75 111 222 444 519 b
1 2 3 6 9 18 36 72 75 111 222 297 519 b
1 2 3 6 9 18 36 72 75 111 222 444 519 b
1 2 3 6 9 18 36 72 75 147 222 297 519 b
1 2 3 6 9 18 36 72 75 147 222 444 519 b
1 2 3 6 9 18 36 72 75 150 222 297 519 b
1 2 3 6 9 18 36 72 75 150 222 444 519 b
1 2 3 6 12 13 24 48 96 109 205 314 519 a
1 2 3 6 12 13 24 48 96 109 205 410 519 a
1 2 3 6 12 13 25 37 74 99 173 346 519 b
1 2 3 6 12 13 25 37 74 148 173 346 519 b
1 2 3 6 12 14 28 56 59 115 230 289 519 b
1 2 3 6 12 14 28 56 59 115 230 460 519 b
1 2 3 6 12 15 21 42 63 126 252 267 519 b
1 2 3 6 12 15 21 42 63 126 252 504 519 b
1 2 3 6 12 15 21 42 84 126 252 267 519 b
1 2 3 6 12 15 21 42 84 126 252 504 519 b
1 2 3 6 12 15 21 42 84 168 183 336 519 a
1 2 3 6 12 15 21 42 84 168 183 351 519 b
1 2 3 6 12 15 21 42 84 168 252 267 519 b
1 2 3 6 12 15 21 42 84 168 252 504 519 b
1 2 3 6 12 15 21 42 84 168 336 351 519 b
1 2 3 6 12 15 21 42 84 168 336 504 519 b
1 2 3 6 12 15 24 39 63 126 252 267 519 a
1 2 3 6 12 15 24 39 63 126 252 504 519 a
1 2 3 6 12 15 24 48 63 126 252 267 519 a
1 2 3 6 12 15 24 48 63 126 252 504 519 a
1 2 3 6 12 15 27 42 84 126 252 267 519 b
1 2 3 6 12 15 27 42 84 126 252 504 519 b
1 2 3 6 12 15 27 42 84 168 183 336 519 a
1 2 3 6 12 15 27 42 84 168 183 351 519 b
1 2 3 6 12 15 27 42 84 168 252 267 519 b
1 2 3 6 12 15 27 42 84 168 252 504 519 b
1 2 3 6 12 15 27 42 84 168 336 351 519 b
1 2 3 6 12 15 27 42 84 168 336 504 519 b
1 2 3 6 12 15 27 54 69 123 246 273 519 b
1 2 3 6 12 15 27 54 69 123 246 492 519 b
1 2 3 6 12 15 27 54 108 123 246 273 519 b
1 2 3 6 12 15 27 54 108 123 246 492 519 b
1 2 3 6 12 15 30 31 61 122 244 275 519 b
1 2 3 6 12 15 30 31 61 122 244 488 519 b
1 2 3 6 12 15 30 33 63 126 252 267 519 b
1 2 3 6 12 15 30 33 63 126 252 504 519 b
1 2 3 6 12 15 30 42 84 126 252 267 519 b
1 2 3 6 12 15 30 42 84 126 252 504 519 b
1 2 3 6 12 15 30 42 84 168 183 336 519 a
1 2 3 6 12 15 30 42 84 168 183 351 519 b
1 2 3 6 12 15 30 42 84 168 252 267 519 b
1 2 3 6 12 15 30 42 84 168 252 504 519 b
1 2 3 6 12 15 30 42 84 168 336 351 519 b
1 2 3 6 12 15 30 42 84 168 336 504 519 b
1 2 3 6 12 15 30 60 63 126 252 267 519 b
1 2 3 6 12 15 30 60 63 126 252 504 519 b
1 2 3 6 12 15 30 60 66 126 252 267 519 b
1 2 3 6 12 15 30 60 66 126 252 504 519 b
1 2 3 6 12 15 30 60 120 126 252 267 519 b
1 2 3 6 12 15 30 60 120 126 252 504 519 b
1 2 3 6 12 15 30 60 120 132 252 267 519 b
1 2 3 6 12 15 30 60 120 132 252 504 519 b
1 2 3 6 12 15 30 60 120 240 252 267 519 b
1 2 3 6 12 15 30 60 120 240 252 504 519 b
1 2 3 6 12 18 21 39 60 120 240 279 519 b
1 2 3 6 12 18 21 39 60 120 240 480 519 b
1 2 3 6 12 18 30 31 61 122 244 275 519 b
1 2 3 6 12 18 30 31 61 122 244 488 519 b
1 2 3 6 12 18 30 60 120 138 258 261 519 b
1 2 3 6 12 18 30 60 120 138 258 516 519 b
1 2 3 6 12 18 30 60 120 240 258 261 519 b
1 2 3 6 12 18 30 60 120 240 258 516 519 b
1 2 3 6 12 18 36 39 75 111 222 297 519 b
1 2 3 6 12 18 36 39 75 111 222 444 519 b
1 2 3 6 12 18 36 72 75 111 222 297 519 b
1 2 3 6 12 18 36 72 75 111 222 444 519 b
1 2 3 6 12 18 36 72 75 147 222 297 519 b
1 2 3 6 12 18 36 72 75 147 222 444 519 b
1 2 3 6 12 18 36 72 75 150 222 297 519 b
1 2 3 6 12 18 36 72 75 150 222 444 519 b
1 2 3 6 12 24 25 37 74 99 173 346 519 b
1 2 3 6 12 24 25 37 74 148 173 346 519 b
1 2 3 6 12 24 25 49 74 99 173 346 519 b
1 2 3 6 12 24 25 49 74 148 173 346 519 b
1 2 3 6 12 24 25 50 74 99 173 346 519 b
1 2 3 6 12 24 25 50 74 148 173 346 519 b
1 2 3 6 12 24 27 48 75 123 198 321 519 a
1 2 3 6 12 24 27 48 75 123 198 396 519 a
1 2 3 6 12 24 27 48 75 123 246 273 519 a
1 2 3 6 12 24 27 48 75 123 246 492 519 a
1 2 3 6 12 24 27 48 96 123 246 273 519 a
1 2 3 6 12 24 27 48 96 123 246 492 519 a
1 2 3 6 12 24 27 51 63 114 228 291 519 b
1 2 3 6 12 24 27 51 63 114 228 456 519 b
1 2 3 6 12 24 27 51 78 129 258 261 519 b
1 2 3 6 12 24 27 51 78 129 258 516 519 b
1 2 3 6 12 24 27 51 78 156 207 312 519 a
1 2 3 6 12 24 27 51 78 156 207 363 519 b
1 2 3 6 12 24 27 51 78 156 234 285 519 b
1 2 3 6 12 24 27 51 78 156 234 468 519 b
1 2 3 6 12 24 27 51 78 156 312 363 519 b
1 2 3 6 12 24 27 51 78 156 312 468 519 b
1 2 3 6 12 24 27 51 102 105 207 312 519 b
1 2 3 6 12 24 27 51 102 105 207 414 519 b
1 2 3 6 12 24 27 51 102 129 258 261 519 b
1 2 3 6 12 24 27 51 102 129 258 516 519 b
1 2 3 6 12 24 30 31 61 122 244 275 519 b
1 2 3 6 12 24 30 31 61 122 244 488 519 b
1 2 3 6 12 24 36 39 60 120 240 279 519 a
1 2 3 6 12 24 36 39 60 120 240 480 519 a
1 2 3 6 12 24 36 39 75 111 222 297 519 b
1 2 3 6 12 24 36 39 75 111 222 444 519 b
1 2 3 6 12 24 36 60 120 240 243 276 519 a
1 2 3 6 12 24 36 60 120 240 243 279 519 b
1 2 3 6 12 24 36 60 120 240 243 483 519 b
1 2 3 6 12 24 36 60 120 240 276 279 519 b
1 2 3 6 12 24 36 60 120 240 276 516 519 b
1 2 3 6 12 24 36 60 120 240 480 483 519 b
1 2 3 6 12 24 36 60 120 240 480 516 519 b
1 2 3 6 12 24 36 72 75 111 222 297 519 b
1 2 3 6 12 24 36 72 75 111 222 444 519 b
1 2 3 6 12 24 36 72 75 147 222 297 519 b
1 2 3 6 12 24 36 72 75 147 222 444 519 b
1 2 3 6 12 24 36 72 75 150 222 297 519 b
1 2 3 6 12 24 36 72 75 150 222 444 519 b
1 2 3 6 12 24 48 51 63 114 228 291 519 b
1 2 3 6 12 24 48 51 63 114 228 456 519 b
1 2 3 6 12 24 48 51 75 123 198 321 519 b
1 2 3 6 12 24 48 51 75 123 198 396 519 b
1 2 3 6 12 24 48 51 99 105 210 309 519 b
1 2 3 6 12 24 48 51 99 105 210 420 519 b
1 2 3 6 12 24 48 51 99 111 210 309 519 b
1 2 3 6 12 24 48 51 99 111 210 420 519 b
1 2 3 6 12 24 48 51 99 123 198 321 519 a
1 2 3 6 12 24 48 51 99 123 198 396 519 a
1 2 3 6 12 24 48 51 99 198 210 309 519 b
1 2 3 6 12 24 48 51 99 198 210 420 519 b
1 2 3 6 12 24 48 51 99 198 222 297 519 a
1 2 3 6 12 24 48 51 99 198 222 321 519 b
1 2 3 6 12 24 48 51 99 198 222 420 519 b
1 2 3 6 12 24 48 51 99 198 297 321 519 b
1 2 3 6 12 24 48 51 99 198 297 495 519 b
1 2 3 6 12 24 48 51 99 198 396 420 519 b
1 2 3 6 12 24 48 51 99 198 396 495 519 b
1 2 3 6 12 24 48 51 102 105 207 312 519 b
1 2 3 6 12 24 48 51 102 105 207 414 519 b
1 2 3 6 12 24 48 54 102 105 207 312 519 b
1 2 3 6 12 24 48 54 102 105 207 414 519 b
1 2 3 6 12 24 48 54 102 156 258 261 519 b
1 2 3 6 12 24 48 54 102 156 258 516 519 b
1 2 3 6 12 24 48 54 102 204 258 261 519 b
1 2 3 6 12 24 48 54 102 204 258 516 519 b
1 2 3 6 12 24 48 72 75 123 198 321 519 b
1 2 3 6 12 24 48 72 75 123 198 396 519 b
1 2 3 6 12 24 48 72 75 147 222 297 519 b
1 2 3 6 12 24 48 72 75 147 222 444 519 b
1 2 3 6 12 24 48 72 75 150 222 297 519 b
1 2 3 6 12 24 48 72 75 150 222 444 519 b
1 2 3 6 12 24 48 96 97 109 205 314 519 b
1 2 3 6 12 24 48 96 97 109 205 410 519 b
1 2 3 6 12 24 48 96 99 105 210 309 519 b
1 2 3 6 12 24 48 96 99 105 210 420 519 b
1 2 3 6 12 24 48 96 99 111 210 309 519 b
1 2 3 6 12 24 48 96 99 111 210 420 519 b
1 2 3 6 12 24 48 96 99 123 198 321 519 a
1 2 3 6 12 24 48 96 99 123 198 396 519 a
1 2 3 6 12 24 48 96 99 198 210 309 519 b
1 2 3 6 12 24 48 96 99 198 210 420 519 b
1 2 3 6 12 24 48 96 99 198 222 297 519 a
1 2 3 6 12 24 48 96 99 198 222 321 519 b
1 2 3 6 12 24 48 96 99 198 222 420 519 b
1 2 3 6 12 24 48 96 99 198 297 321 519 b
1 2 3 6 12 24 48 96 99 198 297 495 519 b
1 2 3 6 12 24 48 96 99 198 396 420 519 b
1 2 3 6 12 24 48 96 99 198 396 495 519 b
1 2 3 6 12 24 48 96 102 105 207 312 519 b
1 2 3 6 12 24 48 96 102 105 207 414 519 b
1 2 3 6 12 24 48 96 108 109 205 314 519 b
1 2 3 6 12 24 48 96 108 109 205 410 519 b
1 2 3 6 12 24 48 96 108 111 204 315 519 a
1 2 3 6 12 24 48 96 108 111 204 408 519 a
1 2 3 6 12 24 48 96 108 204 207 312 519 a
1 2 3 6 12 24 48 96 108 204 207 315 519 b
1 2 3 6 12 24 48 96 108 204 207 411 519 b
1 2 3 6 12 24 48 96 108 204 312 315 519 b
1 2 3 6 12 24 48 96 108 204 312 516 519 b
1 2 3 6 12 24 48 96 108 204 408 411 519 b
1 2 3 6 12 24 48 96 108 204 408 516 519 b
1 2 4 5 7 8 16 32 64 128 256 263 519 b
1 2 4 5 7 8 16 32 64 128 256 512 519 b
1 2 4 5 7 9 16 32 64 128 256 263 519 b
1 2 4 5 7 9 16 32 64 128 256 512 519 b
1 2 4 5 7 11 16 32 64 128 256 263 519 b
1 2 4 5 7 11 16 32 64 128 256 512 519 b
1 2 4 5 7 12 16 32 64 128 256 263 519 b
1 2 4 5 7 12 16 32 64 128 256 512 519 b
1 2 4 5 7 14 16 32 64 128 256 263 519 b
1 2 4 5 7 14 16 32 64 128 256 512 519 b
1 2 4 5 7 14 18 32 64 128 256 263 519 b
1 2 4 5 7 14 18 32 64 128 256 512 519 b
1 2 4 5 7 14 21 42 84 89 173 346 519 b
1 2 4 5 7 14 21 42 84 168 173 346 519 b
1 2 4 5 7 14 28 32 64 128 256 263 519 b
1 2 4 5 7 14 28 32 64 128 256 512 519 b
1 2 4 5 7 14 28 42 84 89 173 346 519 b
1 2 4 5 7 14 28 42 84 168 173 346 519 b
1 2 4 5 7 14 28 56 61 112 173 346 519 a
1 2 4 5 7 14 28 56 61 117 173 346 519 b
1 2 4 5 7 14 28 56 84 89 173 346 519 b
1 2 4 5 7 14 28 56 84 168 173 346 519 b
1 2 4 5 7 14 28 56 112 117 173 346 519 b
1 2 4 5 7 14 28 56 112 168 173 346 519 b
1 2 4 5 8 13 21 42 84 89 173 346 519 a
1 2 4 5 8 13 21 42 84 168 173 346 519 a
1 2 4 5 8 16 21 42 84 89 173 346 519 a
1 2 4 5 8 16 21 42 84 168 173 346 519 a
1 2 4 5 8 16 32 64 128 129 257 262 519 a
1 2 4 5 8 16 32 64 128 129 257 514 519 a
1 2 4 5 8 16 32 64 128 256 257 262 519 a
1 2 4 5 8 16 32 64 128 256 257 514 519 a
1 2 4 5 8 16 32 64 128 256 258 261 519 a
1 2 4 5 8 16 32 64 128 256 258 263 519 a
1 2 4 5 8 16 32 64 128 256 258 514 519 a
1 2 4 5 8 16 32 64 128 256 261 263 519 a
1 2 4 5 8 16 32 64 128 256 261 517 519 a
1 2 4 5 8 16 32 64 128 256 512 514 519 a
1 2 4 5 8 16 32 64 128 256 512 517 519 a
1 2 4 5 9 14 28 42 84 89 173 346 519 b
1 2 4 5 9 14 28 42 84 168 173 346 519 b
1 2 4 5 9 14 28 56 61 112 173 346 519 a
1 2 4 5 9 14 28 56 61 117 173 346 519 b
1 2 4 5 9 14 28 56 84 89 173 346 519 b
1 2 4 5 9 14 28 56 84 168 173 346 519 b
1 2 4 5 9 14 28 56 112 117 173 346 519 b
1 2 4 5 9 14 28 56 112 168 173 346 519 b
1 2 4 5 9 18 23 41 82 91 173 346 519 b
1 2 4 5 9 18 23 41 82 164 173 346 519 b
1 2 4 5 9 18 36 41 82 91 173 346 519 b
1 2 4 5 9 18 36 41 82 164 173 346 519 b
1 2 4 5 9 18 36 72 77 144 221 298 519 a
1 2 4 5 9 18 36 72 77 144 221 442 519 a
1 2 4 5 9 18 36 72 77 149 185 334 519 b
1 2 4 5 9 18 36 72 77 149 185 370 519 b
1 2 4 5 9 18 36 72 77 149 221 298 519 b
1 2 4 5 9 18 36 72 77 149 221 370 519 b
1 2 4 5 9 18 36 72 77 149 221 442 519 b
1 2 4 5 9 18 36 72 77 149 298 370 519 b
1 2 4 5 9 18 36 72 77 149 298 447 519 b
1 2 4 5 9 18 36 72 144 149 185 334 519 b
1 2 4 5 9 18 36 72 144 149 185 370 519 b
1 2 4 5 9 18 36 72 144 149 221 298 519 a
1 2 4 5 9 18 36 72 144 149 221 370 519 b
1 2 4 5 9 18 36 72 144 149 298 370 519 b
1 2 4 5 9 18 36 72 144 149 298 447 519 b
1 2 4 5 10 11 21 42 84 89 173 346 519 b
1 2 4 5 10 11 21 42 84 168 173 346 519 b
1 2 4 5 10 14 28 42 84 89 173 346 519 b
1 2 4 5 10 14 28 42 84 168 173 346 519 b
1 2 4 5 10 14 28 56 61 112 173 346 519 a
1 2 4 5 10 14 28 56 61 117 173 346 519 b
1 2 4 5 10 14 28 56 84 89 173 346 519 b
1 2 4 5 10 14 28 56 84 168 173 346 519 b
1 2 4 5 10 14 28 56 112 117 173 346 519 b
1 2 4 5 10 14 28 56 112 168 173 346 519 b
1 2 4 5 10 15 30 31 61 122 244 275 519 b
1 2 4 5 10 15 30 31 61 122 244 488 519 b
1 2 4 5 10 20 21 42 84 89 173 346 519 b
1 2 4 5 10 20 21 42 84 168 173 346 519 b
1 2 4 5 10 20 22 42 84 89 173 346 519 b
1 2 4 5 10 20 22 42 84 168 173 346 519 b
1 2 4 5 10 20 30 31 61 122 244 275 519 b
1 2 4 5 10 20 30 31 61 122 244 488 519 b
1 2 4 5 10 20 40 42 84 89 173 346 519 b
1 2 4 5 10 20 40 42 84 168 173 346 519 b
1 2 4 5 10 20 40 44 84 89 173 346 519 b
1 2 4 5 10 20 40 44 84 168 173 346 519 b
1 2 4 5 10 20 40 80 84 89 173 346 519 b
1 2 4 5 10 20 40 80 84 168 173 346 519 b
1 2 4 6 7 8 16 32 64 128 256 263 519 b
1 2 4 6 7 8 16 32 64 128 256 512 519 b
1 2 4 6 7 9 16 32 64 128 256 263 519 b
1 2 4 6 7 9 16 32 64 128 256 512 519 b
1 2 4 6 7 10 16 32 64 128 256 263 519 a
1 2 4 6 7 10 16 32 64 128 256 512 519 a
1 2 4 6 7 12 16 32 64 128 256 263 519 a
1 2 4 6 7 12 16 32 64 128 256 512 519 a
1 2 4 6 7 13 19 32 64 128 256 263 519 b
1 2 4 6 7 13 19 32 64 128 256 512 519 b
1 2 4 6 7 13 20 40 80 93 173 346 519 b
1 2 4 6 7 13 20 40 80 160 173 346 519 b
1 2 4 6 7 13 26 32 64 128 256 263 519 b
1 2 4 6 7 13 26 32 64 128 256 512 519 b
1 2 4 6 7 14 16 32 64 128 256 263 519 b
1 2 4 6 7 14 16 32 64 128 256 512 519 b
1 2 4 6 7 14 18 32 64 128 256 263 519 b
1 2 4 6 7 14 18 32 64 128 256 512 519 b
1 2 4 6 7 14 28 32 64 128 256 263 519 b
1 2 4 6 7 14 28 32 64 128 256 512 519 b
1 2 4 6 8 16 32 64 128 256 257 262 519 a
1 2 4 6 8 16 32 64 128 256 257 263 519 b
1 2 4 6 8 16 32 64 128 256 257 513 519 b
1 2 4 6 8 16 32 64 128 256 262 263 519 b
1 2 4 6 8 16 32 64 128 256 262 518 519 b
1 2 4 6 8 16 32 64 128 256 512 513 519 b
1 2 4 6 8 16 32 64 128 256 512 518 519 b
1 2 4 6 10 16 32 64 128 256 257 262 519 a
1 2 4 6 10 16 32 64 128 256 257 263 519 b
1 2 4 6 10 16 32 64 128 256 257 513 519 b
1 2 4 6 10 16 32 64 128 256 262 263 519 b
1 2 4 6 10 16 32 64 128 256 262 518 519 b
1 2 4 6 10 16 32 64 128 256 512 513 519 b
1 2 4 6 10 16 32 64 128 256 512 518 519 b
1 2 4 6 10 20 30 31 61 122 244 275 519 b
1 2 4 6 10 20 30 31 61 122 244 488 519 b
1 2 4 6 10 20 40 46 86 87 173 346 519 b
1 2 4 6 10 20 40 46 86 172 173 346 519 b
1 2 4 6 10 20 40 80 86 87 173 346 519 b
1 2 4 6 10 20 40 80 86 172 173 346 519 b
1 2 4 6 12 13 24 48 96 109 205 314 519 a
1 2 4 6 12 13 24 48 96 109 205 410 519 a
1 2 4 6 12 13 25 37 74 99 173 346 519 b
1 2 4 6 12 13 25 37 74 148 173 346 519 b
1 2 4 6 12 16 32 64 128 256 257 262 519 a
1 2 4 6 12 16 32 64 128 256 257 263 519 b
1 2 4 6 12 16 32 64 128 256 257 513 519 b
1 2 4 6 12 16 32 64 128 256 262 263 519 b
1 2 4 6 12 16 32 64 128 256 262 518 519 b
1 2 4 6 12 16 32 64 128 256 512 513 519 b
1 2 4 6 12 16 32 64 128 256 512 518 519 b
1 2 4 6 12 18 30 31 61 122 244 275 519 b
1 2 4 6 12 18 30 31 61 122 244 488 519 b
1 2 4 6 12 24 25 37 74 99 173 346 519 b
1 2 4 6 12 24 25 37 74 148 173 346 519 b
1 2 4 6 12 24 25 49 74 99 173 346 519 b
1 2 4 6 12 24 25 49 74 148 173 346 519 b
1 2 4 6 12 24 25 50 74 99 173 346 519 b
1 2 4 6 12 24 25 50 74 148 173 346 519 b
1 2 4 6 12 24 30 31 61 122 244 275 519 b
1 2 4 6 12 24 30 31 61 122 244 488 519 b
1 2 4 6 12 24 48 96 97 109 205 314 519 b
1 2 4 6 12 24 48 96 97 109 205 410 519 b
1 2 4 6 12 24 48 96 108 109 205 314 519 b
1 2 4 6 12 24 48 96 108 109 205 410 519 b
1 2 4 8 9 16 25 41 66 107 173 346 519 a
1 2 4 8 9 16 25 41 66 132 173 346 519 a
1 2 4 8 9 16 25 41 82 91 173 346 519 a
1 2 4 8 9 16 25 41 82 164 173 346 519 a
1 2 4 8 9 16 32 41 82 91 173 346 519 a
1 2 4 8 9 16 32 41 82 164 173 346 519 a
1 2 4 8 9 17 21 38 76 97 173 346 519 b
1 2 4 8 9 17 21 38 76 152 173 346 519 b
1 2 4 8 9 17 26 43 86 87 173 346 519 b
1 2 4 8 9 17 26 43 86 172 173 346 519 b
1 2 4 8 9 17 26 52 69 104 173 346 519 a
1 2 4 8 9 17 26 52 69 121 173 346 519 b
1 2 4 8 9 17 26 52 78 95 173 346 519 b
1 2 4 8 9 17 26 52 78 156 173 346 519 b
1 2 4 8 9 17 26 52 104 121 173 346 519 b
1 2 4 8 9 17 26 52 104 156 173 346 519 b
1 2 4 8 9 17 34 35 69 104 173 346 519 b
1 2 4 8 9 17 34 35 69 138 173 346 519 b
1 2 4 8 9 17 34 43 86 87 173 346 519 b
1 2 4 8 9 17 34 43 86 172 173 346 519 b
1 2 4 8 9 17 34 51 85 170 179 340 519 a
1 2 4 8 9 17 34 51 85 170 179 349 519 b
1 2 4 8 9 17 34 51 85 170 255 264 519 b
1 2 4 8 9 17 34 51 85 170 255 510 519 b
1 2 4 8 9 17 34 51 85 170 340 349 519 b
1 2 4 8 9 17 34 51 85 170 340 510 519 b
1 2 4 8 9 17 34 51 102 111 204 315 519 a
1 2 4 8 9 17 34 51 102 111 204 408 519 a
1 2 4 8 9 17 34 51 102 153 255 264 519 b
1 2 4 8 9 17 34 51 102 153 255 510 519 b
1 2 4 8 9 17 34 51 102 204 213 306 519 a
1 2 4 8 9 17 34 51 102 204 213 315 519 b
1 2 4 8 9 17 34 51 102 204 213 417 519 b
1 2 4 8 9 17 34 51 102 204 255 264 519 b
1 2 4 8 9 17 34 51 102 204 255 510 519 b
1 2 4 8 9 17 34 51 102 204 306 315 519 b
1 2 4 8 9 17 34 51 102 204 306 510 519 b
1 2 4 8 9 17 34 51 102 204 408 417 519 b
1 2 4 8 9 17 34 51 102 204 408 510 519 b
1 2 4 8 9 17 34 68 85 170 179 340 519 a
1 2 4 8 9 17 34 68 85 170 179 349 519 b
1 2 4 8 9 17 34 68 85 170 255 264 519 b
1 2 4 8 9 17 34 68 85 170 255 510 519 b
1 2 4 8 9 17 34 68 85 170 340 349 519 b
1 2 4 8 9 17 34 68 85 170 340 510 519 b
1 2 4 8 9 17 34 68 102 111 204 315 519 a
1 2 4 8 9 17 34 68 102 111 204 408 519 a
1 2 4 8 9 17 34 68 102 170 179 340 519 a
1 2 4 8 9 17 34 68 102 170 179 349 519 b
1 2 4 8 9 17 34 68 102 170 340 349 519 b
1 2 4 8 9 17 34 68 102 170 340 510 519 b
1 2 4 8 9 17 34 68 102 204 213 306 519 a
1 2 4 8 9 17 34 68 102 204 213 315 519 b
1 2 4 8 9 17 34 68 102 204 213 417 519 b
1 2 4 8 9 17 34 68 102 204 306 315 519 b
1 2 4 8 9 17 34 68 102 204 306 510 519 b
1 2 4 8 9 17 34 68 102 204 408 417 519 b
1 2 4 8 9 17 34 68 102 204 408 510 519 b
1 2 4 8 9 17 34 68 136 170 179 340 519 a
1 2 4 8 9 17 34 68 136 170 179 349 519 b
1 2 4 8 9 17 34 68 136 170 340 349 519 b
1 2 4 8 9 17 34 68 136 170 340 510 519 b
1 2 4 8 10 20 30 31 61 122 244 275 519 b
1 2 4 8 10 20 30 31 61 122 244 488 519 b
1 2 4 8 12 13 20 40 80 93 173 346 519 a
1 2 4 8 12 13 20 40 80 160 173 346 519 a
1 2 4 8 12 13 24 48 96 109 205 314 519 a
1 2 4 8 12 13 24 48 96 109 205 410 519 a
1 2 4 8 12 13 25 37 74 99 173 346 519 b
1 2 4 8 12 13 25 37 74 148 173 346 519 b
1 2 4 8 12 20 40 80 81 92 173 346 519 a
1 2 4 8 12 20 40 80 81 93 173 346 519 b
1 2 4 8 12 20 40 80 81 161 173 346 519 b
1 2 4 8 12 20 40 80 92 93 173 346 519 b
1 2 4 8 12 20 40 80 92 172 173 346 519 b
1 2 4 8 12 20 40 80 160 161 173 346 519 b
1 2 4 8 12 20 40 80 160 172 173 346 519 b
1 2 4 8 12 24 25 37 74 99 173 346 519 b
1 2 4 8 12 24 25 37 74 148 173 346 519 b
1 2 4 8 12 24 25 49 74 99 173 346 519 b
1 2 4 8 12 24 25 49 74 148 173 346 519 b
1 2 4 8 12 24 25 50 74 99 173 346 519 b
1 2 4 8 12 24 25 50 74 148 173 346 519 b
1 2 4 8 12 24 48 96 97 109 205 314 519 b
1 2 4 8 12 24 48 96 97 109 205 410 519 b
1 2 4 8 12 24 48 96 108 109 205 314 519 b
1 2 4 8 12 24 48 96 108 109 205 410 519 b
1 2 4 8 16 17 21 38 76 97 173 346 519 b
1 2 4 8 16 17 21 38 76 152 173 346 519 b
1 2 4 8 16 17 25 41 66 107 173 346 519 b
1 2 4 8 16 17 25 41 66 132 173 346 519 b
1 2 4 8 16 17 33 35 70 103 173 346 519 b
1 2 4 8 16 17 33 35 70 140 173 346 519 b
1 2 4 8 16 17 33 37 70 103 173 346 519 b
1 2 4 8 16 17 33 37 70 140 173 346 519 b
1 2 4 8 16 17 33 41 66 107 173 346 519 a
1 2 4 8 16 17 33 41 66 132 173 346 519 a
1 2 4 8 16 17 33 66 70 103 173 346 519 b
1 2 4 8 16 17 33 66 70 140 173 346 519 b
1 2 4 8 16 17 33 66 74 99 173 346 519 a
1 2 4 8 16 17 33 66 74 107 173 346 519 b
1 2 4 8 16 17 33 66 74 140 173 346 519 b
1 2 4 8 16 17 33 66 99 107 173 346 519 b
1 2 4 8 16 17 33 66 99 107 206 313 519 b
1 2 4 8 16 17 33 66 99 107 206 412 519 b
1 2 4 8 16 17 33 66 99 165 173 346 519 b
1 2 4 8 16 17 33 66 132 140 173 346 519 b
1 2 4 8 16 17 33 66 132 165 173 346 519 b
1 2 4 8 16 17 34 35 69 104 173 346 519 b
1 2 4 8 16 17 34 35 69 138 173 346 519 b
1 2 4 8 16 18 34 35 69 104 173 346 519 b
1 2 4 8 16 18 34 35 69 138 173 346 519 b
1 2 4 8 16 18 34 52 86 87 173 346 519 b
1 2 4 8 16 18 34 52 86 172 173 346 519 b
1 2 4 8 16 18 34 68 86 87 173 346 519 b
1 2 4 8 16 18 34 68 86 172 173 346 519 b
1 2 4 8 16 24 25 41 66 107 173 346 519 b
1 2 4 8 16 24 25 41 66 132 173 346 519 b
1 2 4 8 16 24 25 49 74 99 173 346 519 b
1 2 4 8 16 24 25 49 74 148 173 346 519 b
1 2 4 8 16 24 25 50 74 99 173 346 519 b
1 2 4 8 16 24 25 50 74 148 173 346 519 b
1 2 4 8 16 32 33 35 70 103 173 346 519 b
1 2 4 8 16 32 33 35 70 140 173 346 519 b
1 2 4 8 16 32 33 37 70 103 173 346 519 b
1 2 4 8 16 32 33 37 70 140 173 346 519 b
1 2 4 8 16 32 33 41 66 107 173 346 519 a
1 2 4 8 16 32 33 41 66 132 173 346 519 a
1 2 4 8 16 32 33 48 81 162 195 324 519 a
1 2 4 8 16 32 33 48 81 162 195 357 519 a
1 2 4 8 16 32 33 48 81 162 243 276 519 a
1 2 4 8 16 32 33 48 81 162 243 486 519 a
1 2 4 8 16 32 33 48 81 162 324 357 519 a
1 2 4 8 16 32 33 48 81 162 324 486 519 a
1 2 4 8 16 32 33 49 81 162 195 324 519 a
1 2 4 8 16 32 33 49 81 162 195 357 519 b
1 2 4 8 16 32 33 49 81 162 243 276 519 b
1 2 4 8 16 32 33 49 81 162 243 486 519 b
1 2 4 8 16 32 33 49 81 162 324 357 519 b
1 2 4 8 16 32 33 49 81 162 324 486 519 b
1 2 4 8 16 32 33 65 81 146 227 292 519 b
1 2 4 8 16 32 33 65 81 146 227 373 519 b
1 2 4 8 16 32 33 65 81 146 227 454 519 b
1 2 4 8 16 32 33 65 81 146 292 373 519 b
1 2 4 8 16 32 33 65 81 146 292 438 519 b
1 2 4 8 16 32 33 65 81 162 195 324 519 a
1 2 4 8 16 32 33 65 81 162 195 357 519 b
1 2 4 8 16 32 33 65 81 162 227 292 519 b
1 2 4 8 16 32 33 65 81 162 227 454 519 b
1 2 4 8 16 32 33 65 81 162 243 276 519 b
1 2 4 8 16 32 33 65 81 162 243 486 519 b
1 2 4 8 16 32 33 65 81 162 324 357 519 b
1 2 4 8 16 32 33 65 81 162 324 486 519 b
1 2 4 8 16 32 33 65 97 130 227 292 519 b
1 2 4 8 16 32 33 65 97 130 227 454 519 b
1 2 4 8 16 32 33 65 97 162 195 324 519 a
1 2 4 8 16 32 33 65 97 162 195 357 519 b
1 2 4 8 16 32 33 65 97 162 227 292 519 b
1 2 4 8 16 32 33 65 97 162 227 454 519 b
1 2 4 8 16 32 33 65 97 162 259 260 519 b
1 2 4 8 16 32 33 65 97 162 259 518 519 b
1 2 4 8 16 32 33 65 97 162 324 357 519 b
1 2 4 8 16 32 33 65 97 162 324 486 519 b
1 2 4 8 16 32 33 65 97 194 227 292 519 b
1 2 4 8 16 32 33 65 97 194 227 454 519 b
1 2 4 8 16 32 33 65 97 194 259 260 519 b
1 2 4 8 16 32 33 65 97 194 259 518 519 b
1 2 4 8 16 32 33 65 130 162 195 324 519 a
1 2 4 8 16 32 33 65 130 162 195 357 519 b
1 2 4 8 16 32 33 65 130 162 227 292 519 b
1 2 4 8 16 32 33 65 130 162 227 357 519 b
1 2 4 8 16 32 33 65 130 162 227 389 519 b
1 2 4 8 16 32 33 65 130 162 227 454 519 b
1 2 4 8 16 32 33 65 130 162 292 357 519 b
1 2 4 8 16 32 33 65 130 162 292 454 519 b
1 2 4 8 16 32 33 65 130 162 324 357 519 b
1 2 4 8 16 32 33 65 130 162 324 389 519 b
1 2 4 8 16 32 33 65 130 162 324 454 519 b
1 2 4 8 16 32 33 65 130 162 324 486 519 b
1 2 4 8 16 32 33 65 130 195 227 292 519 b
1 2 4 8 16 32 33 65 130 195 227 454 519 b
1 2 4 8 16 32 33 66 70 103 173 346 519 b
1 2 4 8 16 32 33 66 70 140 173 346 519 b
1 2 4 8 16 32 33 66 74 99 173 346 519 a
1 2 4 8 16 32 33 66 74 107 173 346 519 b
1 2 4 8 16 32 33 66 74 140 173 346 519 b
1 2 4 8 16 32 33 66 99 107 173 346 519 b
1 2 4 8 16 32 33 66 99 107 206 313 519 b
1 2 4 8 16 32 33 66 99 107 206 412 519 b
1 2 4 8 16 32 33 66 99 165 173 346 519 b
1 2 4 8 16 32 33 66 132 140 173 346 519 b
1 2 4 8 16 32 33 66 132 165 173 346 519 b
1 2 4 8 16 32 34 35 69 104 173 346 519 b
1 2 4 8 16 32 34 35 69 138 173 346 519 b
1 2 4 8 16 32 36 37 68 105 173 346 519 a
1 2 4 8 16 32 36 37 68 136 173 346 519 a
1 2 4 8 16 32 36 68 69 104 173 346 519 a
1 2 4 8 16 32 36 68 69 105 173 346 519 b
1 2 4 8 16 32 36 68 69 137 173 346 519 b
1 2 4 8 16 32 36 68 104 105 173 346 519 b
1 2 4 8 16 32 36 68 104 172 173 346 519 b
1 2 4 8 16 32 36 68 136 137 173 346 519 b
1 2 4 8 16 32 36 68 136 172 173 346 519 b
1 2 4 8 16 32 64 65 66 129 195 324 519 a
1 2 4 8 16 32 64 65 66 129 195 390 519 a
1 2 4 8 16 32 64 65 81 146 227 292 519 b
1 2 4 8 16 32 64 65 81 146 227 373 519 b
1 2 4 8 16 32 64 65 81 146 227 454 519 b
1 2 4 8 16 32 64 65 81 146 292 373 519 b
1 2 4 8 16 32 64 65 81 146 292 438 519 b
1 2 4 8 16 32 64 65 81 162 227 292 519 b
1 2 4 8 16 32 64 65 81 162 227 454 519 b
1 2 4 8 16 32 64 65 97 130 227 292 519 a
1 2 4 8 16 32 64 65 97 130 227 454 519 a
1 2 4 8 16 32 64 65 97 162 227 292 519 b
1 2 4 8 16 32 64 65 97 162 227 454 519 b
1 2 4 8 16 32 64 65 97 162 259 260 519 b
1 2 4 8 16 32 64 65 97 162 259 518 519 b
1 2 4 8 16 32 64 65 97 194 259 260 519 b
1 2 4 8 16 32 64 65 97 194 259 518 519 b
1 2 4 8 16 32 64 65 129 130 195 324 519 b
1 2 4 8 16 32 64 65 129 130 195 390 519 b
1 2 4 8 16 32 64 65 129 130 259 260 519 b
1 2 4 8 16 32 64 65 129 130 259 389 519 b
1 2 4 8 16 32 64 65 129 130 259 518 519 b
1 2 4 8 16 32 64 65 129 130 260 389 519 b
1 2 4 8 16 32 64 65 129 130 260 390 519 b
1 2 4 8 16 32 64 65 129 131 194 325 519 a
1 2 4 8 16 32 64 65 129 131 194 388 519 a
1 2 4 8 16 32 64 65 129 131 195 324 519 b
1 2 4 8 16 32 64 65 129 131 195 390 519 b
1 2 4 8 16 32 64 65 129 133 193 326 519 a
1 2 4 8 16 32 64 65 129 133 193 386 519 a
1 2 4 8 16 32 64 65 129 193 195 324 519 b
1 2 4 8 16 32 64 65 129 193 195 390 519 b
1 2 4 8 16 32 64 65 129 193 197 322 519 a
1 2 4 8 16 32 64 65 129 193 197 326 519 b
1 2 4 8 16 32 64 65 129 193 197 390 519 b
1 2 4 8 16 32 64 65 129 193 322 326 519 b
1 2 4 8 16 32 64 65 129 193 322 515 519 b
1 2 4 8 16 32 64 65 129 193 386 390 519 b
1 2 4 8 16 32 64 65 129 193 386 515 519 b
1 2 4 8 16 32 64 65 129 194 195 324 519 b
1 2 4 8 16 32 64 65 129 194 195 390 519 b
1 2 4 8 16 32 64 65 129 194 196 323 519 a
1 2 4 8 16 32 64 65 129 194 196 325 519 b
1 2 4 8 16 32 64 65 129 194 196 390 519 b
1 2 4 8 16 32 64 65 129 194 259 260 519 b
1 2 4 8 16 32 64 65 129 194 259 518 519 b
1 2 4 8 16 32 64 65 129 194 323 325 519 b
1 2 4 8 16 32 64 65 129 194 323 517 519 b
1 2 4 8 16 32 64 65 129 194 388 390 519 b
1 2 4 8 16 32 64 65 129 194 388 517 519 b
1 2 4 8 16 32 64 65 129 258 259 260 519 b
1 2 4 8 16 32 64 65 129 258 259 261 519 b
1 2 4 8 16 32 64 65 129 258 259 517 519 b
1 2 4 8 16 32 64 65 129 258 259 518 519 b
1 2 4 8 16 32 64 65 129 258 260 261 519 b
1 2 4 8 16 32 64 65 129 258 260 518 519 b
1 2 4 8 16 32 64 65 129 258 516 517 519 b
1 2 4 8 16 32 64 65 129 258 516 518 519 b
1 2 4 8 16 32 64 65 130 131 194 325 519 a
1 2 4 8 16 32 64 65 130 131 194 388 519 a
1 2 4 8 16 32 64 65 130 162 195 324 519 a
1 2 4 8 16 32 64 65 130 162 195 357 519 a
1 2 4 8 16 32 64 65 130 162 227 292 519 b
1 2 4 8 16 32 64 65 130 162 227 357 519 b
1 2 4 8 16 32 64 65 130 162 227 389 519 b
1 2 4 8 16 32 64 65 130 162 227 454 519 b
1 2 4 8 16 32 64 65 130 162 292 357 519 b
1 2 4 8 16 32 64 65 130 162 292 454 519 b
1 2 4 8 16 32 64 65 130 162 324 389 519 b
1 2 4 8 16 32 64 65 130 162 324 454 519 b
1 2 4 8 16 32 64 65 130 194 195 324 519 a
1 2 4 8 16 32 64 65 130 194 195 325 519 b
1 2 4 8 16 32 64 65 130 194 195 389 519 b
1 2 4 8 16 32 64 65 130 194 259 260 519 b
1 2 4 8 16 32 64 65 130 194 259 389 519 b
1 2 4 8 16 32 64 65 130 194 259 518 519 b
1 2 4 8 16 32 64 65 130 194 260 325 519 a
1 2 4 8 16 32 64 65 130 194 260 454 519 a
1 2 4 8 16 32 64 65 130 194 324 325 519 b
1 2 4 8 16 32 64 65 130 194 324 389 519 b
1 2 4 8 16 32 64 65 130 194 324 454 519 b
1 2 4 8 16 32 64 65 130 194 324 518 519 b
1 2 4 8 16 32 64 65 130 194 388 389 519 b
1 2 4 8 16 32 64 65 130 194 388 518 519 b
1 2 4 8 16 32 64 65 130 195 227 292 519 b
1 2 4 8 16 32 64 65 130 195 227 454 519 b
1 2 4 8 16 32 64 65 130 195 259 260 519 b
1 2 4 8 16 32 64 65 130 195 259 324 519 b
1 2 4 8 16 32 64 65 130 195 259 389 519 b
1 2 4 8 16 32 64 65 130 195 259 454 519 b
1 2 4 8 16 32 64 65 130 195 259 518 519 b
1 2 4 8 16 32 64 65 130 195 260 324 519 b
1 2 4 8 16 32 64 65 130 195 260 455 519 b
1 2 4 8 16 32 64 65 130 195 325 389 519 b
1 2 4 8 16 32 64 65 130 195 325 455 519 b
1 2 4 8 16 32 64 65 130 195 390 454 519 b
1 2 4 8 16 32 64 65 130 195 390 455 519 b
1 2 4 8 16 32 64 65 130 260 324 389 519 b
1 2 4 8 16 32 64 65 130 260 324 454 519 b
1 2 4 8 16 32 64 65 130 260 325 389 519 b
1 2 4 8 16 32 64 65 130 260 325 455 519 b
1 2 4 8 16 32 64 65 130 260 390 454 519 b
1 2 4 8 16 32 64 65 130 260 390 455 519 b
1 2 4 8 16 32 64 66 128 129 195 324 519 a
1 2 4 8 16 32 64 66 128 129 195 390 519 a
1 2 4 8 16 32 64 66 130 131 194 325 519 a
1 2 4 8 16 32 64 66 130 131 194 388 519 a
1 2 4 8 16 32 64 66 130 194 195 324 519 a
1 2 4 8 16 32 64 66 130 194 195 325 519 b
1 2 4 8 16 32 64 66 130 194 195 389 519 b
1 2 4 8 16 32 64 66 130 194 324 325 519 b
1 2 4 8 16 32 64 66 130 194 324 518 519 b
1 2 4 8 16 32 64 66 130 194 388 389 519 b
1 2 4 8 16 32 64 66 130 194 388 518 519 b
1 2 4 8 16 32 64 128 129 130 259 260 519 b
1 2 4 8 16 32 64 128 129 130 259 389 519 b
1 2 4 8 16 32 64 128 129 130 259 518 519 b
1 2 4 8 16 32 64 128 129 130 260 389 519 b
1 2 4 8 16 32 64 128 129 130 260 390 519 b
1 2 4 8 16 32 64 128 129 131 195 324 519 b
1 2 4 8 16 32 64 128 129 131 195 390 519 b
1 2 4 8 16 32 64 128 129 131 257 262 519 a
1 2 4 8 16 32 64 128 129 131 257 388 519 a
1 2 4 8 16 32 64 128 129 131 259 260 519 b
1 2 4 8 16 32 64 128 129 131 259 388 519 b
1 2 4 8 16 32 64 128 129 131 259 390 519 b
1 2 4 8 16 32 64 128 129 131 259 518 519 b
1 2 4 8 16 32 64 128 129 131 260 388 519 b
1 2 4 8 16 32 64 128 129 131 260 391 519 b
1 2 4 8 16 32 64 128 129 131 262 390 519 b
1 2 4 8 16 32 64 128 129 131 262 391 519 b
1 2 4 8 16 32 64 128 129 132 258 261 519 a
1 2 4 8 16 32 64 128 129 132 258 387 519 a
1 2 4 8 16 32 64 128 129 132 258 390 519 a
1 2 4 8 16 32 64 128 129 132 261 390 519 a
1 2 4 8 16 32 64 128 129 133 193 326 519 a
1 2 4 8 16 32 64 128 129 133 193 386 519 a
1 2 4 8 16 32 64 128 129 133 257 262 519 a
1 2 4 8 16 32 64 128 129 133 257 386 519 a
1 2 4 8 16 32 64 128 129 133 257 390 519 a
1 2 4 8 16 32 64 128 129 133 258 261 519 a
1 2 4 8 16 32 64 128 129 133 258 386 519 a
1 2 4 8 16 32 64 128 129 133 258 391 519 a
1 2 4 8 16 32 64 128 129 133 261 390 519 b
1 2 4 8 16 32 64 128 129 133 262 390 519 b
1 2 4 8 16 32 64 128 129 133 262 391 519 b
1 2 4 8 16 32 64 128 129 193 195 324 519 b
1 2 4 8 16 32 64 128 129 193 195 390 519 b
1 2 4 8 16 32 64 128 129 193 197 322 519 a
1 2 4 8 16 32 64 128 129 193 197 326 519 b
1 2 4 8 16 32 64 128 129 193 197 390 519 b
1 2 4 8 16 32 64 128 129 193 322 326 519 b
1 2 4 8 16 32 64 128 129 193 322 515 519 b
1 2 4 8 16 32 64 128 129 193 386 390 519 b
1 2 4 8 16 32 64 128 129 193 386 515 519 b
1 2 4 8 16 32 64 128 129 257 258 261 519 a
1 2 4 8 16 32 64 128 129 257 258 262 519 b
1 2 4 8 16 32 64 128 129 257 258 515 519 b
1 2 4 8 16 32 64 128 129 257 259 260 519 b
1 2 4 8 16 32 64 128 129 257 259 518 519 b
1 2 4 8 16 32 64 128 129 257 261 262 519 b
1 2 4 8 16 32 64 128 129 257 261 390 519 b
1 2 4 8 16 32 64 128 129 257 261 518 519 b
1 2 4 8 16 32 64 128 129 257 386 390 519 b
1 2 4 8 16 32 64 128 129 257 386 515 519 b
1 2 4 8 16 32 64 128 129 257 514 515 519 b
1 2 4 8 16 32 64 128 129 257 514 518 519 b
1 2 4 8 16 32 64 128 129 258 259 260 519 b
1 2 4 8 16 32 64 128 129 258 259 261 519 b
1 2 4 8 16 32 64 128 129 258 259 517 519 b
1 2 4 8 16 32 64 128 129 258 259 518 519 b
1 2 4 8 16 32 64 128 129 258 260 261 519 b
1 2 4 8 16 32 64 128 129 258 260 518 519 b
1 2 4 8 16 32 64 128 129 258 262 390 519 b
1 2 4 8 16 32 64 128 129 258 262 391 519 b
1 2 4 8 16 32 64 128 129 258 386 390 519 b
1 2 4 8 16 32 64 128 129 258 386 515 519 b
1 2 4 8 16 32 64 128 129 258 387 391 519 b
1 2 4 8 16 32 64 128 129 258 387 515 519 b
1 2 4 8 16 32 64 128 129 258 516 517 519 b
1 2 4 8 16 32 64 128 129 258 516 518 519 b
1 2 4 8 16 32 64 128 130 131 194 325 519 a
1 2 4 8 16 32 64 128 130 131 194 388 519 a
1 2 4 8 16 32 64 128 130 131 258 261 519 a
1 2 4 8 16 32 64 128 130 131 258 388 519 a
1 2 4 8 16 32 64 128 130 131 258 389 519 a
1 2 4 8 16 32 64 128 130 131 259 260 519 b
1 2 4 8 16 32 64 128 130 131 259 389 519 b
1 2 4 8 16 32 64 128 130 131 259 518 519 b
1 2 4 8 16 32 64 128 130 131 260 388 519 a
1 2 4 8 16 32 64 128 130 131 260 391 519 a
1 2 4 8 16 32 64 128 130 131 261 389 519 b
1 2 4 8 16 32 64 128 130 131 261 391 519 b
1 2 4 8 16 32 64 128 130 194 195 324 519 a
1 2 4 8 16 32 64 128 130 194 195 325 519 b
1 2 4 8 16 32 64 128 130 194 195 389 519 b
1 2 4 8 16 32 64 128 130 194 324 325 519 b
1 2 4 8 16 32 64 128 130 194 324 518 519 b
1 2 4 8 16 32 64 128 130 194 388 389 519 b
1 2 4 8 16 32 64 128 130 194 388 518 519 b
1 2 4 8 16 32 64 128 130 258 259 260 519 b
1 2 4 8 16 32 64 128 130 258 259 261 519 b
1 2 4 8 16 32 64 128 130 258 259 389 519 b
1 2 4 8 16 32 64 128 130 258 259 517 519 b
1 2 4 8 16 32 64 128 130 258 259 518 519 b
1 2 4 8 16 32 64 128 130 258 260 261 519 b
1 2 4 8 16 32 64 128 130 258 260 518 519 b
1 2 4 8 16 32 64 128 130 258 388 389 519 b
1 2 4 8 16 32 64 128 130 258 388 518 519 b
1 2 4 8 16 32 64 128 130 258 516 517 519 b
1 2 4 8 16 32 64 128 130 258 516 518 519 b
1 2 4 8 16 32 64 128 130 260 261 389 519 b
1 2 4 8 16 32 64 128 130 260 261 391 519 b
1 2 4 8 16 32 64 128 130 260 388 389 519 b
1 2 4 8 16 32 64 128 130 260 388 518 519 b
1 2 4 8 16 32 64 128 130 260 390 391 519 b
1 2 4 8 16 32 64 128 130 260 390 518 519 b
1 2 4 8 16 32 64 128 256 257 258 261 519 a
1 2 4 8 16 32 64 128 256 257 258 262 519 b
1 2 4 8 16 32 64 128 256 257 258 515 519 b
1 2 4 8 16 32 64 128 256 257 259 260 519 b
1 2 4 8 16 32 64 128 256 257 259 263 519 b
1 2 4 8 16 32 64 128 256 257 259 515 519 b
1 2 4 8 16 32 64 128 256 257 259 518 519 b
1 2 4 8 16 32 64 128 256 257 260 262 519 a
1 2 4 8 16 32 64 128 256 257 260 517 519 a
1 2 4 8 16 32 64 128 256 257 261 262 519 b
1 2 4 8 16 32 64 128 256 257 261 263 519 b
1 2 4 8 16 32 64 128 256 257 261 517 519 b
1 2 4 8 16 32 64 128 256 257 261 518 519 b
1 2 4 8 16 32 64 128 256 257 513 515 519 b
1 2 4 8 16 32 64 128 256 257 513 517 519 b
1 2 4 8 16 32 64 128 256 257 514 515 519 b
1 2 4 8 16 32 64 128 256 257 514 518 519 b
1 2 4 8 16 32 64 128 256 258 259 260 519 b
1 2 4 8 16 32 64 128 256 258 259 261 519 b
1 2 4 8 16 32 64 128 256 258 259 263 519 b
1 2 4 8 16 32 64 128 256 258 259 515 519 b
1 2 4 8 16 32 64 128 256 258 259 517 519 b
1 2 4 8 16 32 64 128 256 258 259 518 519 b
1 2 4 8 16 32 64 128 256 258 260 261 519 b
1 2 4 8 16 32 64 128 256 258 260 518 519 b
1 2 4 8 16 32 64 128 256 258 262 263 519 b
1 2 4 8 16 32 64 128 256 258 262 518 519 b
1 2 4 8 16 32 64 128 256 258 514 515 519 b
1 2 4 8 16 32 64 128 256 258 514 518 519 b
1 2 4 8 16 32 64 128 256 258 516 517 519 b
1 2 4 8 16 32 64 128 256 258 516 518 519 b
1 2 4 8 16 32 64 128 256 260 261 263 519 b
1 2 4 8 16 32 64 128 256 260 261 517 519 b
1 2 4 8 16 32 64 128 256 260 262 263 519 b
1 2 4 8 16 32 64 128 256 260 262 518 519 b
1 2 4 8 16 32 64 128 256 260 516 517 519 b
1 2 4 8 16 32 64 128 256 260 516 518 519 b
1 2 4 8 16 32 64 128 256 512 513 515 519 b
1 2 4 8 16 32 64 128 256 512 513 517 519 b
1 2 4 8 16 32 64 128 256 512 514 515 519 b
1 2 4 8 16 32 64 128 256 512 514 518 519 b
1 2 4 8 16 32 64 128 256 512 516 517 519 b
1 2 4 8 16 32 64 128 256 512 516 518 519 b
