1 2 3 6 9 18 36 72 144 145 289 578 b
1 2 3 6 9 18 36 72 144 288 289 578 b
1 2 3 6 9 18 36 72 144 288 290 578 b
1 2 3 6 9 18 36 72 144 288 576 578 b
1 2 3 6 12 18 36 72 144 145 289 578 b
1 2 3 6 12 18 36 72 144 288 289 578 b
1 2 3 6 12 18 36 72 144 288 290 578 b
1 2 3 6 12 18 36 72 144 288 576 578 b
1 2 3 6 12 24 36 72 144 145 289 578 b
1 2 3 6 12 24 36 72 144 288 289 578 b
1 2 3 6 12 24 36 72 144 288 290 578 b
1 2 3 6 12 24 36 72 144 288 576 578 b
1 2 3 6 12 24 48 72 144 145 289 578 b
1 2 3 6 12 24 48 72 144 288 289 578 b
1 2 3 6 12 24 48 72 144 288 290 578 b
1 2 3 6 12 24 48 72 144 288 576 578 b
1 2 3 6 12 24 48 96 97 192 289 578 a
1 2 3 6 12 24 48 96 97 193 289 578 b
1 2 3 6 12 24 48 96 144 145 289 578 b
1 2 3 6 12 24 48 96 144 288 289 578 b
1 2 3 6 12 24 48 96 144 288 290 578 b
1 2 3 6 12 24 48 96 144 288 576 578 b
1 2 3 6 12 24 48 96 192 193 289 578 b
1 2 3 6 12 24 48 96 192 193 385 578 b
1 2 3 6 12 24 48 96 192 193 386 578 b
1 2 3 6 12 24 48 96 192 194 384 578 a
1 2 3 6 12 24 48 96 192 194 386 578 b
1 2 3 6 12 24 48 96 192 288 289 578 b
1 2 3 6 12 24 48 96 192 288 290 578 b
1 2 3 6 12 24 48 96 192 288 576 578 b
1 2 3 6 12 24 48 96 192 384 386 578 b
1 2 3 6 12 24 48 96 192 384 576 578 b
1 2 4 5 9 18 36 72 144 145 289 578 b
1 2 4 5 9 18 36 72 144 288 289 578 b
1 2 4 5 9 18 36 72 144 288 290 578 b
1 2 4 5 9 18 36 72 144 288 576 578 b
1 2 4 6 12 18 36 72 144 145 289 578 b
1 2 4 6 12 18 36 72 144 288 289 578 b
1 2 4 6 12 18 36 72 144 288 290 578 b
1 2 4 6 12 18 36 72 144 288 576 578 b
1 2 4 6 12 24 36 72 144 145 289 578 b
1 2 4 6 12 24 36 72 144 288 289 578 b
1 2 4 6 12 24 36 72 144 288 290 578 b
1 2 4 6 12 24 36 72 144 288 576 578 b
1 2 4 6 12 24 48 72 144 145 289 578 b
1 2 4 6 12 24 48 72 144 288 289 578 b
1 2 4 6 12 24 48 72 144 288 290 578 b
1 2 4 6 12 24 48 72 144 288 576 578 b
1 2 4 6 12 24 48 96 97 192 289 578 a
1 2 4 6 12 24 48 96 97 193 289 578 b
1 2 4 6 12 24 48 96 144 145 289 578 b
1 2 4 6 12 24 48 96 144 288 289 578 b
1 2 4 6 12 24 48 96 144 288 290 578 b
1 2 4 6 12 24 48 96 144 288 576 578 b
1 2 4 6 12 24 48 96 192 193 289 578 b
1 2 4 6 12 24 48 96 192 193 385 578 b
1 2 4 6 12 24 48 96 192 193 386 578 b
1 2 4 6 12 24 48 96 192 194 384 578 a
1 2 4 6 12 24 48 96 192 194 386 578 b
1 2 4 6 12 24 48 96 192 288 289 578 b
1 2 4 6 12 24 48 96 192 288 290 578 b
1 2 4 6 12 24 48 96 192 288 576 578 b
1 2 4 6 12 24 48 96 192 384 386 578 b
1 2 4 6 12 24 48 96 192 384 576 578 b
1 2 4 8 9 17 34 68 136 153 289 578 b
1 2 4 8 9 17 34 68 136 272 289 578 b
1 2 4 8 9 17 34 68 136 272 306 578 b
1 2 4 8 9 17 34 68 136 272 544 578 b
1 2 4 8 9 18 36 72 144 145 289 578 b
1 2 4 8 9 18 36 72 144 288 289 578 b
1 2 4 8 9 18 36 72 144 288 290 578 b
1 2 4 8 9 18 36 72 144 288 576 578 b
1 2 4 8 10 18 36 72 144 145 289 578 b
1 2 4 8 10 18 36 72 144 288 289 578 b
1 2 4 8 10 18 36 72 144 288 290 578 b
1 2 4 8 10 18 36 72 144 288 576 578 b
1 2 4 8 12 24 36 72 144 145 289 578 b
1 2 4 8 12 24 36 72 144 288 289 578 b
1 2 4 8 12 24 36 72 144 288 290 578 b
1 2 4 8 12 24 36 72 144 288 576 578 b
1 2 4 8 12 24 48 72 144 145 289 578 b
1 2 4 8 12 24 48 72 144 288 289 578 b
1 2 4 8 12 24 48 72 144 288 290 578 b
1 2 4 8 12 24 48 72 144 288 576 578 b
1 2 4 8 12 24 48 96 97 192 289 578 a
1 2 4 8 12 24 48 96 97 193 289 578 b
1 2 4 8 12 24 48 96 144 145 289 578 b
1 2 4 8 12 24 48 96 144 288 289 578 b
1 2 4 8 12 24 48 96 144 288 290 578 b
1 2 4 8 12 24 48 96 144 288 576 578 b
1 2 4 8 12 24 48 96 192 193 289 578 b
1 2 4 8 12 24 48 96 192 193 385 578 b
1 2 4 8 12 24 48 96 192 193 386 578 b
1 2 4 8 12 24 48 96 192 194 384 578 a
1 2 4 8 12 24 48 96 192 194 386 578 b
1 2 4 8 12 24 48 96 192 288 289 578 b
1 2 4 8 12 24 48 96 192 288 290 578 b
1 2 4 8 12 24 48 96 192 288 576 578 b
1 2 4 8 12 24 48 96 192 384 386 578 b
1 2 4 8 12 24 48 96 192 384 576 578 b
1 2 4 8 16 17 34 68 136 153 289 578 b
1 2 4 8 16 17 34 68 136 272 289 578 b
1 2 4 8 16 17 34 68 136 272 306 578 b
1 2 4 8 16 17 34 68 136 272 544 578 b
1 2 4 8 16 18 34 68 136 272 306 578 b
1 2 4 8 16 18 34 68 136 272 544 578 b
1 2 4 8 16 18 36 72 144 145 289 578 b
1 2 4 8 16 18 36 72 144 288 289 578 b
1 2 4 8 16 18 36 72 144 288 290 578 b
1 2 4 8 16 18 36 72 144 288 576 578 b
1 2 4 8 16 20 36 72 144 145 289 578 b
1 2 4 8 16 20 36 72 144 288 289 578 b
1 2 4 8 16 20 36 72 144 288 290 578 b
1 2 4 8 16 20 36 72 144 288 576 578 b
1 2 4 8 16 24 48 72 144 145 289 578 b
1 2 4 8 16 24 48 72 144 288 289 578 b
1 2 4 8 16 24 48 72 144 288 290 578 b
1 2 4 8 16 24 48 72 144 288 576 578 b
1 2 4 8 16 24 48 96 97 192 289 578 a
1 2 4 8 16 24 48 96 97 193 289 578 b
1 2 4 8 16 24 48 96 144 145 289 578 b
1 2 4 8 16 24 48 96 144 288 289 578 b
1 2 4 8 16 24 48 96 144 288 290 578 b
1 2 4 8 16 24 48 96 144 288 576 578 b
1 2 4 8 16 24 48 96 192 193 289 578 b
1 2 4 8 16 24 48 96 192 193 385 578 b
1 2 4 8 16 24 48 96 192 193 386 578 b
1 2 4 8 16 24 48 96 192 194 384 578 a
1 2 4 8 16 24 48 96 192 194 386 578 b
1 2 4 8 16 24 48 96 192 288 289 578 b
1 2 4 8 16 24 48 96 192 288 290 578 b
1 2 4 8 16 24 48 96 192 288 576 578 b
1 2 4 8 16 24 48 96 192 384 386 578 b
1 2 4 8 16 24 48 96 192 384 576 578 b
1 2 4 8 16 32 33 64 128 161 289 578 a
1 2 4 8 16 32 33 64 128 256 289 578 a
1 2 4 8 16 32 34 68 136 272 306 578 b
1 2 4 8 16 32 34 68 136 272 544 578 b
1 2 4 8 16 32 36 72 144 145 289 578 b
1 2 4 8 16 32 36 72 144 288 289 578 b
1 2 4 8 16 32 36 72 144 288 290 578 b
1 2 4 8 16 32 36 72 144 288 576 578 b
1 2 4 8 16 32 40 72 144 145 289 578 b
1 2 4 8 16 32 40 72 144 288 289 578 b
1 2 4 8 16 32 40 72 144 288 290 578 b
1 2 4 8 16 32 40 72 144 288 576 578 b
1 2 4 8 16 32 48 96 97 192 289 578 a
1 2 4 8 16 32 48 96 97 193 289 578 b
1 2 4 8 16 32 48 96 144 145 289 578 b
1 2 4 8 16 32 48 96 144 288 289 578 b
1 2 4 8 16 32 48 96 144 288 290 578 b
1 2 4 8 16 32 48 96 144 288 576 578 b
1 2 4 8 16 32 48 96 192 193 289 578 b
1 2 4 8 16 32 48 96 192 193 385 578 b
1 2 4 8 16 32 48 96 192 193 386 578 b
1 2 4 8 16 32 48 96 192 194 384 578 a
1 2 4 8 16 32 48 96 192 194 386 578 b
1 2 4 8 16 32 48 96 192 288 289 578 b
1 2 4 8 16 32 48 96 192 288 290 578 b
1 2 4 8 16 32 48 96 192 288 576 578 b
1 2 4 8 16 32 48 96 192 384 386 578 b
1 2 4 8 16 32 48 96 192 384 576 578 b
1 2 4 8 16 32 64 66 128 256 322 578 a
1 2 4 8 16 32 64 66 128 256 512 578 a
1 2 4 8 16 32 64 72 144 145 289 578 b
1 2 4 8 16 32 64 72 144 288 289 578 b
1 2 4 8 16 32 64 72 144 288 290 578 b
1 2 4 8 16 32 64 72 144 288 576 578 b
1 2 4 8 16 32 64 80 144 145 289 578 b
1 2 4 8 16 32 64 80 144 288 289 578 b
1 2 4 8 16 32 64 80 144 288 290 578 b
1 2 4 8 16 32 64 80 144 288 576 578 b
1 2 4 8 16 32 64 96 97 192 289 578 a
1 2 4 8 16 32 64 96 97 193 289 578 b
1 2 4 8 16 32 64 96 192 193 289 578 b
1 2 4 8 16 32 64 96 192 193 385 578 b
1 2 4 8 16 32 64 96 192 193 386 578 b
1 2 4 8 16 32 64 96 192 194 384 578 a
1 2 4 8 16 32 64 96 192 194 386 578 b
1 2 4 8 16 32 64 96 192 288 289 578 b
1 2 4 8 16 32 64 96 192 288 290 578 b
1 2 4 8 16 32 64 96 192 288 576 578 b
1 2 4 8 16 32 64 96 192 384 386 578 b
1 2 4 8 16 32 64 96 192 384 576 578 b
1 2 4 8 16 32 64 128 129 160 289 578 a
1 2 4 8 16 32 64 128 129 161 289 578 b
1 2 4 8 16 32 64 128 129 257 289 578 b
1 2 4 8 16 32 64 128 129 257 321 578 b
1 2 4 8 16 32 64 128 129 257 514 578 b
1 2 4 8 16 32 64 128 144 145 289 578 b
1 2 4 8 16 32 64 128 144 288 289 578 b
1 2 4 8 16 32 64 128 144 288 290 578 b
1 2 4 8 16 32 64 128 144 288 576 578 b
1 2 4 8 16 32 64 128 160 161 289 578 b
1 2 4 8 16 32 64 128 160 288 289 578 b
1 2 4 8 16 32 64 128 160 288 290 578 b
1 2 4 8 16 32 64 128 160 288 576 578 b
1 2 4 8 16 32 64 128 192 193 385 578 b
1 2 4 8 16 32 64 128 192 193 386 578 b
1 2 4 8 16 32 64 128 192 194 384 578 a
1 2 4 8 16 32 64 128 192 194 386 578 b
1 2 4 8 16 32 64 128 192 384 386 578 b
1 2 4 8 16 32 64 128 192 384 576 578 b
1 2 4 8 16 32 64 128 256 257 289 578 b
1 2 4 8 16 32 64 128 256 257 321 578 b
1 2 4 8 16 32 64 128 256 257 514 578 b
1 2 4 8 16 32 64 128 256 258 320 578 a
1 2 4 8 16 32 64 128 256 258 322 578 b
1 2 4 8 16 32 64 128 256 258 514 578 b
1 2 4 8 16 32 64 128 256 288 289 578 b
1 2 4 8 16 32 64 128 256 288 290 578 b
1 2 4 8 16 32 64 128 256 288 576 578 b
1 2 4 8 16 32 64 128 256 320 322 578 b
1 2 4 8 16 32 64 128 256 320 576 578 b
1 2 4 8 16 32 64 128 256 512 514 578 b
1 2 4 8 16 32 64 128 256 512 576 578 b
