1 2 3 4 7 11 18 36 72 144 288 299 587 b
1 2 3 4 7 11 18 36 72 144 288 576 587 b
1 2 3 5 10 20 40 43 83 126 252 335 587 b
1 2 3 5 10 20 40 43 83 126 252 504 587 b
1 2 3 6 9 11 18 36 72 144 288 299 587 a
1 2 3 6 9 11 18 36 72 144 288 576 587 a
1 2 3 6 9 18 36 37 73 146 292 295 587 b
1 2 3 6 9 18 36 37 73 146 292 584 587 b
1 2 3 6 9 18 36 72 73 146 292 295 587 b
1 2 3 6 9 18 36 72 73 146 292 584 587 b
1 2 3 6 9 18 36 72 74 146 292 295 587 b
1 2 3 6 9 18 36 72 74 146 292 584 587 b
1 2 3 6 9 18 36 72 144 145 289 298 587 b
1 2 3 6 9 18 36 72 144 145 289 578 587 b
1 2 3 6 9 18 36 72 144 146 292 295 587 b
1 2 3 6 9 18 36 72 144 146 292 584 587 b
1 2 3 6 9 18 36 72 144 288 289 298 587 b
1 2 3 6 9 18 36 72 144 288 289 578 587 b
1 2 3 6 9 18 36 72 144 288 290 297 587 a
1 2 3 6 9 18 36 72 144 288 290 299 587 b
1 2 3 6 9 18 36 72 144 288 290 578 587 b
1 2 3 6 9 18 36 72 144 288 297 299 587 b
1 2 3 6 9 18 36 72 144 288 297 585 587 b
1 2 3 6 9 18 36 72 144 288 576 578 587 b
1 2 3 6 9 18 36 72 144 288 576 585 587 b
1 2 3 6 12 18 36 37 73 146 292 295 587 b
1 2 3 6 12 18 36 37 73 146 292 584 587 b
1 2 3 6 12 18 36 72 73 146 292 295 587 b
1 2 3 6 12 18 36 72 73 146 292 584 587 b
1 2 3 6 12 18 36 72 74 146 292 295 587 b
1 2 3 6 12 18 36 72 74 146 292 584 587 b
1 2 3 6 12 18 36 72 144 146 292 295 587 b
1 2 3 6 12 18 36 72 144 146 292 584 587 b
1 2 3 6 12 24 25 48 73 146 292 295 587 a
1 2 3 6 12 24 25 48 73 146 292 584 587 a
1 2 3 6 12 24 25 49 73 146 292 295 587 b
1 2 3 6 12 24 25 49 73 146 292 584 587 b
1 2 3 6 12 24 36 37 73 146 292 295 587 b
1 2 3 6 12 24 36 37 73 146 292 584 587 b
1 2 3 6 12 24 36 72 73 146 292 295 587 b
1 2 3 6 12 24 36 72 73 146 292 584 587 b
1 2 3 6 12 24 36 72 74 146 292 295 587 b
1 2 3 6 12 24 36 72 74 146 292 584 587 b
1 2 3 6 12 24 36 72 144 146 292 295 587 b
1 2 3 6 12 24 36 72 144 146 292 584 587 b
1 2 3 6 12 24 48 49 73 146 292 295 587 b
1 2 3 6 12 24 48 49 73 146 292 584 587 b
1 2 3 6 12 24 48 49 97 146 292 295 587 b
1 2 3 6 12 24 48 49 97 146 292 584 587 b
1 2 3 6 12 24 48 49 98 146 292 295 587 b
1 2 3 6 12 24 48 49 98 146 292 584 587 b
1 2 3 6 12 24 48 50 96 146 292 295 587 a
1 2 3 6 12 24 48 50 96 146 292 584 587 a
1 2 3 6 12 24 48 50 98 146 292 295 587 b
1 2 3 6 12 24 48 50 98 146 292 584 587 b
1 2 3 6 12 24 48 72 73 146 292 295 587 b
1 2 3 6 12 24 48 72 73 146 292 584 587 b
1 2 3 6 12 24 48 72 74 146 292 295 587 b
1 2 3 6 12 24 48 72 74 146 292 584 587 b
1 2 3 6 12 24 48 72 144 146 292 295 587 b
1 2 3 6 12 24 48 72 144 146 292 584 587 b
1 2 3 6 12 24 48 96 98 146 292 295 587 b
1 2 3 6 12 24 48 96 98 146 292 584 587 b
1 2 3 6 12 24 48 96 98 194 292 295 587 b
1 2 3 6 12 24 48 96 98 194 292 584 587 b
1 2 3 6 12 24 48 96 98 196 292 295 587 b
1 2 3 6 12 24 48 96 98 196 292 584 587 b
1 2 3 6 12 24 48 96 99 195 196 391 587 b
1 2 3 6 12 24 48 96 99 195 196 392 587 b
1 2 3 6 12 24 48 96 99 195 197 390 587 a
1 2 3 6 12 24 48 96 99 195 197 392 587 b
1 2 3 6 12 24 48 96 99 195 390 392 587 b
1 2 3 6 12 24 48 96 99 195 390 585 587 b
1 2 3 6 12 24 48 96 144 146 292 295 587 b
1 2 3 6 12 24 48 96 144 146 292 584 587 b
1 2 3 6 12 24 48 96 192 195 196 391 587 b
1 2 3 6 12 24 48 96 192 195 196 392 587 b
1 2 3 6 12 24 48 96 192 195 197 390 587 a
1 2 3 6 12 24 48 96 192 195 197 392 587 b
1 2 3 6 12 24 48 96 192 195 390 392 587 b
1 2 3 6 12 24 48 96 192 195 390 585 587 b
1 2 4 5 7 11 18 36 72 144 288 299 587 b
1 2 4 5 7 11 18 36 72 144 288 576 587 b
1 2 4 5 9 11 18 36 72 144 288 299 587 a
1 2 4 5 9 11 18 36 72 144 288 576 587 a
1 2 4 5 9 14 28 56 112 121 233 354 587 b
1 2 4 5 9 14 28 56 112 121 233 466 587 b
1 2 4 5 9 18 36 72 144 145 289 298 587 b
1 2 4 5 9 18 36 72 144 145 289 578 587 b
1 2 4 5 9 18 36 72 144 149 293 294 587 b
1 2 4 5 9 18 36 72 144 149 293 586 587 b
1 2 4 5 9 18 36 72 144 288 289 298 587 b
1 2 4 5 9 18 36 72 144 288 289 578 587 b
1 2 4 5 9 18 36 72 144 288 290 297 587 a
1 2 4 5 9 18 36 72 144 288 290 299 587 b
1 2 4 5 9 18 36 72 144 288 290 578 587 b
1 2 4 5 9 18 36 72 144 288 293 294 587 b
1 2 4 5 9 18 36 72 144 288 293 586 587 b
1 2 4 5 9 18 36 72 144 288 297 299 587 b
1 2 4 5 9 18 36 72 144 288 297 585 587 b
1 2 4 5 9 18 36 72 144 288 576 578 587 b
1 2 4 5 9 18 36 72 144 288 576 585 587 b
1 2 4 6 7 11 18 36 72 144 288 299 587 b
1 2 4 6 7 11 18 36 72 144 288 576 587 b
1 2 4 6 12 24 48 96 97 193 197 390 587 b
1 2 4 6 12 24 48 96 97 193 197 394 587 b
1 2 4 6 12 24 48 96 192 193 197 390 587 b
1 2 4 6 12 24 48 96 192 193 197 394 587 b
1 2 4 8 9 11 18 36 72 144 288 299 587 a
1 2 4 8 9 11 18 36 72 144 288 576 587 a
1 2 4 8 9 17 34 35 69 138 276 311 587 b
1 2 4 8 9 17 34 35 69 138 276 552 587 b
1 2 4 8 9 17 34 43 68 136 272 315 587 a
1 2 4 8 9 17 34 43 68 136 272 544 587 a
1 2 4 8 9 17 34 68 136 153 289 298 587 b
1 2 4 8 9 17 34 68 136 153 289 578 587 b
1 2 4 8 9 17 34 68 136 272 281 306 587 a
1 2 4 8 9 17 34 68 136 272 281 315 587 b
1 2 4 8 9 17 34 68 136 272 281 553 587 b
1 2 4 8 9 17 34 68 136 272 289 298 587 b
1 2 4 8 9 17 34 68 136 272 289 578 587 b
1 2 4 8 9 17 34 68 136 272 306 315 587 b
1 2 4 8 9 17 34 68 136 272 306 578 587 b
1 2 4 8 9 17 34 68 136 272 544 553 587 b
1 2 4 8 9 17 34 68 136 272 544 578 587 b
1 2 4 8 9 18 27 35 70 140 280 307 587 b
1 2 4 8 9 18 27 35 70 140 280 560 587 b
1 2 4 8 9 18 36 72 144 145 289 298 587 b
1 2 4 8 9 18 36 72 144 145 289 578 587 b
1 2 4 8 9 18 36 72 144 288 289 298 587 b
1 2 4 8 9 18 36 72 144 288 289 578 587 b
1 2 4 8 9 18 36 72 144 288 290 297 587 a
1 2 4 8 9 18 36 72 144 288 290 299 587 b
1 2 4 8 9 18 36 72 144 288 290 578 587 b
1 2 4 8 9 18 36 72 144 288 297 299 587 b
1 2 4 8 9 18 36 72 144 288 297 585 587 b
1 2 4 8 9 18 36 72 144 288 576 578 587 b
1 2 4 8 9 18 36 72 144 288 576 585 587 b
1 2 4 8 10 11 18 36 72 144 288 299 587 a
1 2 4 8 10 11 18 36 72 144 288 576 587 a
1 2 4 8 10 18 36 72 144 288 289 298 587 a
1 2 4 8 10 18 36 72 144 288 289 299 587 b
1 2 4 8 10 18 36 72 144 288 289 577 587 b
1 2 4 8 10 18 36 72 144 288 298 299 587 b
1 2 4 8 10 18 36 72 144 288 298 586 587 b
1 2 4 8 10 18 36 72 144 288 576 577 587 b
1 2 4 8 10 18 36 72 144 288 576 586 587 b
1 2 4 8 12 24 48 96 97 193 197 390 587 b
1 2 4 8 12 24 48 96 97 193 197 394 587 b
1 2 4 8 12 24 48 96 97 193 201 386 587 a
1 2 4 8 12 24 48 96 97 193 201 394 587 b
1 2 4 8 12 24 48 96 97 193 386 394 587 b
1 2 4 8 12 24 48 96 97 193 386 579 587 b
1 2 4 8 12 24 48 96 192 193 197 390 587 b
1 2 4 8 12 24 48 96 192 193 197 394 587 b
1 2 4 8 12 24 48 96 192 193 201 386 587 a
1 2 4 8 12 24 48 96 192 193 201 394 587 b
1 2 4 8 12 24 48 96 192 193 386 394 587 b
1 2 4 8 12 24 48 96 192 193 386 579 587 b
1 2 4 8 16 17 34 35 69 138 276 311 587 b
1 2 4 8 16 17 34 35 69 138 276 552 587 b
1 2 4 8 16 17 34 51 67 134 268 319 587 b
1 2 4 8 16 17 34 51 67 134 268 536 587 b
1 2 4 8 16 18 34 35 69 138 276 311 587 b
1 2 4 8 16 18 34 35 69 138 276 552 587 b
1 2 4 8 16 24 48 96 97 193 197 390 587 b
1 2 4 8 16 24 48 96 97 193 197 394 587 b
1 2 4 8 16 24 48 96 97 193 201 386 587 a
1 2 4 8 16 24 48 96 97 193 201 394 587 b
1 2 4 8 16 24 48 96 97 193 386 394 587 b
1 2 4 8 16 24 48 96 97 193 386 579 587 b
1 2 4 8 16 24 48 96 192 193 197 390 587 b
1 2 4 8 16 24 48 96 192 193 197 394 587 b
1 2 4 8 16 24 48 96 192 193 201 386 587 a
1 2 4 8 16 24 48 96 192 193 201 394 587 b
1 2 4 8 16 24 48 96 192 193 386 394 587 b
1 2 4 8 16 24 48 96 192 193 386 579 587 b
1 2 4 8 16 32 33 65 67 130 260 327 587 a
1 2 4 8 16 32 33 65 67 130 260 520 587 a
1 2 4 8 16 32 33 65 98 163 261 326 587 b
1 2 4 8 16 32 33 65 98 163 261 424 587 b
1 2 4 8 16 32 33 65 98 163 261 522 587 b
1 2 4 8 16 32 33 65 98 163 326 424 587 b
1 2 4 8 16 32 33 65 98 163 326 489 587 b
1 2 4 8 16 32 33 65 98 196 261 326 587 b
1 2 4 8 16 32 33 65 98 196 261 522 587 b
1 2 4 8 16 32 33 65 130 131 261 326 587 b
1 2 4 8 16 32 33 65 130 131 261 522 587 b
1 2 4 8 16 32 33 65 130 163 293 294 587 b
1 2 4 8 16 32 33 65 130 163 293 586 587 b
1 2 4 8 16 32 33 65 130 195 196 391 587 b
1 2 4 8 16 32 33 65 130 195 196 392 587 b
1 2 4 8 16 32 33 65 130 195 197 390 587 a
1 2 4 8 16 32 33 65 130 195 197 392 587 b
1 2 4 8 16 32 33 65 130 195 390 392 587 b
1 2 4 8 16 32 33 65 130 195 390 585 587 b
1 2 4 8 16 32 33 65 130 260 261 326 587 b
1 2 4 8 16 32 33 65 130 260 261 522 587 b
1 2 4 8 16 32 33 65 130 260 262 325 587 a
1 2 4 8 16 32 33 65 130 260 262 327 587 b
1 2 4 8 16 32 33 65 130 260 262 522 587 b
1 2 4 8 16 32 33 65 130 260 293 294 587 b
1 2 4 8 16 32 33 65 130 260 293 586 587 b
1 2 4 8 16 32 33 65 130 260 325 327 587 b
1 2 4 8 16 32 33 65 130 260 325 585 587 b
1 2 4 8 16 32 33 65 130 260 520 522 587 b
1 2 4 8 16 32 33 65 130 260 520 585 587 b
1 2 4 8 16 32 34 35 69 138 276 311 587 b
1 2 4 8 16 32 34 35 69 138 276 552 587 b
1 2 4 8 16 32 48 96 97 193 197 390 587 b
1 2 4 8 16 32 48 96 97 193 197 394 587 b
1 2 4 8 16 32 48 96 97 193 201 386 587 a
1 2 4 8 16 32 48 96 97 193 201 394 587 b
1 2 4 8 16 32 48 96 97 193 386 394 587 b
1 2 4 8 16 32 48 96 97 193 386 579 587 b
1 2 4 8 16 32 48 96 192 193 197 390 587 b
1 2 4 8 16 32 48 96 192 193 197 394 587 b
1 2 4 8 16 32 48 96 192 193 201 386 587 a
1 2 4 8 16 32 48 96 192 193 201 394 587 b
1 2 4 8 16 32 48 96 192 193 386 394 587 b
1 2 4 8 16 32 48 96 192 193 386 579 587 b
1 2 4 8 16 32 64 65 67 130 260 327 587 a
1 2 4 8 16 32 64 65 67 130 260 520 587 a
1 2 4 8 16 32 64 65 128 193 197 390 587 a
1 2 4 8 16 32 64 65 128 193 197 394 587 a
1 2 4 8 16 32 64 65 128 193 201 386 587 a
1 2 4 8 16 32 64 65 128 193 201 394 587 a
1 2 4 8 16 32 64 65 128 193 386 394 587 a
1 2 4 8 16 32 64 65 128 193 386 579 587 a
1 2 4 8 16 32 64 65 129 193 197 390 587 b
1 2 4 8 16 32 64 65 129 193 197 394 587 b
1 2 4 8 16 32 64 65 129 193 201 386 587 a
1 2 4 8 16 32 64 65 129 193 201 394 587 b
1 2 4 8 16 32 64 65 129 193 386 394 587 b
1 2 4 8 16 32 64 65 129 193 386 579 587 b
1 2 4 8 16 32 64 65 130 131 261 326 587 b
1 2 4 8 16 32 64 65 130 131 261 522 587 b
1 2 4 8 16 32 64 65 130 195 196 391 587 b
1 2 4 8 16 32 64 65 130 195 196 392 587 b
1 2 4 8 16 32 64 65 130 195 197 390 587 a
1 2 4 8 16 32 64 65 130 195 197 392 587 b
1 2 4 8 16 32 64 65 130 195 390 392 587 b
1 2 4 8 16 32 64 65 130 195 390 585 587 b
1 2 4 8 16 32 64 65 130 260 261 326 587 b
1 2 4 8 16 32 64 65 130 260 261 522 587 b
1 2 4 8 16 32 64 65 130 260 262 325 587 a
1 2 4 8 16 32 64 65 130 260 262 327 587 b
1 2 4 8 16 32 64 65 130 260 262 522 587 b
1 2 4 8 16 32 64 65 130 260 325 327 587 b
1 2 4 8 16 32 64 65 130 260 325 585 587 b
1 2 4 8 16 32 64 65 130 260 520 522 587 b
1 2 4 8 16 32 64 65 130 260 520 585 587 b
1 2 4 8 16 32 64 66 67 130 260 327 587 a
1 2 4 8 16 32 64 66 67 130 260 520 587 a
1 2 4 8 16 32 64 66 130 260 261 326 587 a
1 2 4 8 16 32 64 66 130 260 261 327 587 b
1 2 4 8 16 32 64 66 130 260 261 521 587 b
1 2 4 8 16 32 64 66 130 260 326 327 587 b
1 2 4 8 16 32 64 66 130 260 326 586 587 b
1 2 4 8 16 32 64 66 130 260 520 521 587 b
1 2 4 8 16 32 64 66 130 260 520 586 587 b
1 2 4 8 16 32 64 96 97 193 197 390 587 b
1 2 4 8 16 32 64 96 97 193 197 394 587 b
1 2 4 8 16 32 64 96 97 193 201 386 587 a
1 2 4 8 16 32 64 96 97 193 201 394 587 b
1 2 4 8 16 32 64 96 97 193 386 394 587 b
1 2 4 8 16 32 64 96 97 193 386 579 587 b
1 2 4 8 16 32 64 96 192 193 197 390 587 b
1 2 4 8 16 32 64 96 192 193 197 394 587 b
1 2 4 8 16 32 64 96 192 193 201 386 587 a
1 2 4 8 16 32 64 96 192 193 201 394 587 b
1 2 4 8 16 32 64 96 192 193 386 394 587 b
1 2 4 8 16 32 64 96 192 193 386 579 587 b
1 2 4 8 16 32 64 128 129 193 197 390 587 b
1 2 4 8 16 32 64 128 129 193 197 394 587 b
1 2 4 8 16 32 64 128 129 193 201 386 587 a
1 2 4 8 16 32 64 128 129 193 201 394 587 b
1 2 4 8 16 32 64 128 129 193 386 394 587 b
1 2 4 8 16 32 64 128 129 193 386 579 587 b
1 2 4 8 16 32 64 128 192 193 197 390 587 b
1 2 4 8 16 32 64 128 192 193 197 394 587 b
1 2 4 8 16 32 64 128 192 193 201 386 587 a
1 2 4 8 16 32 64 128 192 193 201 394 587 b
1 2 4 8 16 32 64 128 192 193 386 394 587 b
1 2 4 8 16 32 64 128 192 193 386 579 587 b
