1 2 3 4 7 11 18 36 72 144 155 299 598 b
1 2 3 4 7 11 18 36 72 144 288 299 598 b
1 2 3 4 8 16 19 35 70 140 159 299 598 b
1 2 3 4 8 16 19 35 70 140 280 299 598 b
1 2 3 5 8 13 26 39 65 130 169 299 598 b
1 2 3 5 8 13 26 39 65 130 260 299 598 b
1 2 3 5 8 13 26 52 65 117 182 299 598 b
1 2 3 5 8 13 26 52 65 117 234 299 598 b
1 2 3 5 8 13 26 52 78 130 260 338 598 b
1 2 3 5 8 13 26 52 78 130 260 520 598 b
1 2 3 5 8 13 26 52 104 130 234 364 598 b
1 2 3 5 8 13 26 52 104 130 234 468 598 b
1 2 3 5 8 16 19 35 70 140 159 299 598 b
1 2 3 5 8 16 19 35 70 140 280 299 598 b
1 2 3 5 8 16 21 37 74 148 151 299 598 b
1 2 3 5 8 16 21 37 74 148 296 299 598 b
1 2 3 5 8 16 32 37 74 148 151 299 598 b
1 2 3 5 8 16 32 37 74 148 296 299 598 b
1 2 3 5 10 13 23 46 69 115 184 299 598 b
1 2 3 5 10 13 23 46 69 115 230 299 598 b
1 2 3 5 10 13 23 46 69 138 161 299 598 b
1 2 3 5 10 13 23 46 69 138 276 299 598 b
1 2 3 5 10 13 23 46 69 138 276 322 598 b
1 2 3 5 10 13 23 46 69 138 276 552 598 b
1 2 3 5 10 13 23 46 92 115 184 299 598 a
1 2 3 5 10 13 23 46 92 115 207 299 598 b
1 2 3 5 10 13 23 46 92 138 161 299 598 b
1 2 3 5 10 13 23 46 92 138 230 368 598 b
1 2 3 5 10 13 23 46 92 138 230 460 598 b
1 2 3 5 10 13 23 46 92 138 276 299 598 b
1 2 3 5 10 13 23 46 92 138 276 322 598 b
1 2 3 5 10 13 23 46 92 138 276 552 598 b
1 2 3 5 10 13 23 46 92 184 207 299 598 b
1 2 3 5 10 13 23 46 92 184 207 391 598 b
1 2 3 5 10 13 23 46 92 184 207 414 598 b
1 2 3 5 10 13 23 46 92 184 230 368 598 a
1 2 3 5 10 13 23 46 92 184 230 414 598 b
1 2 3 5 10 13 23 46 92 184 276 299 598 b
1 2 3 5 10 13 23 46 92 184 276 322 598 b
1 2 3 5 10 13 23 46 92 184 276 552 598 b
1 2 3 5 10 13 23 46 92 184 368 414 598 b
1 2 3 5 10 13 23 46 92 184 368 552 598 b
1 2 3 5 10 13 26 39 65 130 169 299 598 b
1 2 3 5 10 13 26 39 65 130 260 299 598 b
1 2 3 5 10 13 26 52 65 117 182 299 598 b
1 2 3 5 10 13 26 52 65 117 234 299 598 b
1 2 3 5 10 13 26 52 78 130 260 338 598 b
1 2 3 5 10 13 26 52 78 130 260 520 598 b
1 2 3 5 10 13 26 52 104 130 234 364 598 b
1 2 3 5 10 13 26 52 104 130 234 468 598 b
1 2 3 5 10 20 23 46 69 115 184 299 598 b
1 2 3 5 10 20 23 46 69 115 230 299 598 b
1 2 3 5 10 20 23 46 69 138 161 299 598 b
1 2 3 5 10 20 23 46 69 138 276 299 598 b
1 2 3 5 10 20 23 46 69 138 276 322 598 b
1 2 3 5 10 20 23 46 69 138 276 552 598 b
1 2 3 5 10 20 23 46 92 115 184 299 598 a
1 2 3 5 10 20 23 46 92 115 207 299 598 b
1 2 3 5 10 20 23 46 92 138 161 299 598 b
1 2 3 5 10 20 23 46 92 138 230 368 598 b
1 2 3 5 10 20 23 46 92 138 230 460 598 b
1 2 3 5 10 20 23 46 92 138 276 299 598 b
1 2 3 5 10 20 23 46 92 138 276 322 598 b
1 2 3 5 10 20 23 46 92 138 276 552 598 b
1 2 3 5 10 20 23 46 92 184 207 299 598 b
1 2 3 5 10 20 23 46 92 184 207 391 598 b
1 2 3 5 10 20 23 46 92 184 207 414 598 b
1 2 3 5 10 20 23 46 92 184 230 368 598 a
1 2 3 5 10 20 23 46 92 184 230 414 598 b
1 2 3 5 10 20 23 46 92 184 276 299 598 b
1 2 3 5 10 20 23 46 92 184 276 322 598 b
1 2 3 5 10 20 23 46 92 184 276 552 598 b
1 2 3 5 10 20 23 46 92 184 368 414 598 b
1 2 3 5 10 20 23 46 92 184 368 552 598 b
1 2 3 6 7 13 26 39 65 130 169 299 598 b
1 2 3 6 7 13 26 39 65 130 260 299 598 b
1 2 3 6 7 13 26 52 65 117 182 299 598 b
1 2 3 6 7 13 26 52 65 117 234 299 598 b
1 2 3 6 7 13 26 52 78 130 260 338 598 b
1 2 3 6 7 13 26 52 78 130 260 520 598 b
1 2 3 6 7 13 26 52 104 130 234 364 598 b
1 2 3 6 7 13 26 52 104 130 234 468 598 b
1 2 3 6 8 14 22 36 72 144 288 310 598 b
1 2 3 6 8 14 22 36 72 144 288 576 598 b
1 2 3 6 8 16 19 35 70 140 159 299 598 b
1 2 3 6 8 16 19 35 70 140 280 299 598 b
1 2 3 6 8 16 32 38 70 140 280 318 598 b
1 2 3 6 8 16 32 38 70 140 280 560 598 b
1 2 3 6 9 11 18 36 72 144 155 299 598 a
1 2 3 6 9 11 18 36 72 144 288 299 598 a
1 2 3 6 9 18 19 37 74 148 151 299 598 b
1 2 3 6 9 18 19 37 74 148 296 299 598 b
1 2 3 6 9 18 19 37 74 148 296 302 598 b
1 2 3 6 9 18 19 37 74 148 296 592 598 b
1 2 3 6 9 18 36 37 74 148 151 299 598 b
1 2 3 6 9 18 36 37 74 148 296 299 598 b
1 2 3 6 9 18 36 37 74 148 296 302 598 b
1 2 3 6 9 18 36 37 74 148 296 592 598 b
1 2 3 6 9 18 36 38 74 148 151 299 598 b
1 2 3 6 9 18 36 38 74 148 296 299 598 b
1 2 3 6 9 18 36 38 74 148 296 302 598 b
1 2 3 6 9 18 36 38 74 148 296 592 598 b
1 2 3 6 9 18 36 72 73 145 154 299 598 b
1 2 3 6 9 18 36 72 73 145 290 299 598 b
1 2 3 6 9 18 36 72 73 145 290 308 598 b
1 2 3 6 9 18 36 72 73 145 290 580 598 b
1 2 3 6 9 18 36 72 74 148 151 299 598 b
1 2 3 6 9 18 36 72 74 148 296 299 598 b
1 2 3 6 9 18 36 72 74 148 296 302 598 b
1 2 3 6 9 18 36 72 74 148 296 592 598 b
1 2 3 6 9 18 36 72 144 145 154 299 598 b
1 2 3 6 9 18 36 72 144 145 290 299 598 b
1 2 3 6 9 18 36 72 144 145 290 308 598 b
1 2 3 6 9 18 36 72 144 145 290 580 598 b
1 2 3 6 9 18 36 72 144 146 153 299 598 a
1 2 3 6 9 18 36 72 144 146 155 299 598 b
1 2 3 6 9 18 36 72 144 146 290 299 598 b
1 2 3 6 9 18 36 72 144 146 290 308 598 b
1 2 3 6 9 18 36 72 144 146 290 580 598 b
1 2 3 6 9 18 36 72 144 153 155 299 598 b
1 2 3 6 9 18 36 72 144 153 297 299 598 b
1 2 3 6 9 18 36 72 144 288 290 299 598 b
1 2 3 6 9 18 36 72 144 288 290 308 598 b
1 2 3 6 9 18 36 72 144 288 290 580 598 b
1 2 3 6 9 18 36 72 144 288 297 299 598 b
1 2 3 6 12 13 24 37 74 148 151 299 598 a
1 2 3 6 12 13 24 37 74 148 296 299 598 a
1 2 3 6 12 13 24 37 74 148 296 302 598 a
1 2 3 6 12 13 24 37 74 148 296 592 598 a
1 2 3 6 12 13 25 37 74 148 151 299 598 b
1 2 3 6 12 13 25 37 74 148 296 299 598 b
1 2 3 6 12 13 25 37 74 148 296 302 598 b
1 2 3 6 12 13 25 37 74 148 296 592 598 b
1 2 3 6 12 13 26 39 65 130 169 299 598 b
1 2 3 6 12 13 26 39 65 130 260 299 598 b
1 2 3 6 12 13 26 52 65 117 182 299 598 b
1 2 3 6 12 13 26 52 65 117 234 299 598 b
1 2 3 6 12 13 26 52 78 130 260 338 598 b
1 2 3 6 12 13 26 52 78 130 260 520 598 b
1 2 3 6 12 13 26 52 104 130 234 364 598 b
1 2 3 6 12 13 26 52 104 130 234 468 598 b
1 2 3 6 12 14 26 52 78 130 260 338 598 b
1 2 3 6 12 14 26 52 78 130 260 520 598 b
1 2 3 6 12 14 26 52 104 130 234 364 598 b
1 2 3 6 12 14 26 52 104 130 234 468 598 b
1 2 3 6 12 18 19 37 74 148 151 299 598 b
1 2 3 6 12 18 19 37 74 148 296 299 598 b
1 2 3 6 12 18 19 37 74 148 296 302 598 b
1 2 3 6 12 18 19 37 74 148 296 592 598 b
1 2 3 6 12 18 36 37 74 148 151 299 598 b
1 2 3 6 12 18 36 37 74 148 296 299 598 b
1 2 3 6 12 18 36 37 74 148 296 302 598 b
1 2 3 6 12 18 36 37 74 148 296 592 598 b
1 2 3 6 12 18 36 38 74 148 151 299 598 b
1 2 3 6 12 18 36 38 74 148 296 299 598 b
1 2 3 6 12 18 36 38 74 148 296 302 598 b
1 2 3 6 12 18 36 38 74 148 296 592 598 b
1 2 3 6 12 18 36 72 73 145 290 308 598 b
1 2 3 6 12 18 36 72 73 145 290 580 598 b
1 2 3 6 12 18 36 72 74 148 151 299 598 b
1 2 3 6 12 18 36 72 74 148 296 299 598 b
1 2 3 6 12 18 36 72 74 148 296 302 598 b
1 2 3 6 12 18 36 72 74 148 296 592 598 b
1 2 3 6 12 18 36 72 144 145 290 308 598 b
1 2 3 6 12 18 36 72 144 145 290 580 598 b
1 2 3 6 12 18 36 72 144 146 290 308 598 b
1 2 3 6 12 18 36 72 144 146 290 580 598 b
1 2 3 6 12 18 36 72 144 288 290 308 598 b
1 2 3 6 12 18 36 72 144 288 290 580 598 b
1 2 3 6 12 24 25 37 74 148 151 299 598 b
1 2 3 6 12 24 25 37 74 148 296 299 598 b
1 2 3 6 12 24 25 37 74 148 296 302 598 b
1 2 3 6 12 24 25 37 74 148 296 592 598 b
1 2 3 6 12 24 25 49 74 148 151 299 598 b
1 2 3 6 12 24 25 49 74 148 296 299 598 b
1 2 3 6 12 24 25 49 74 148 296 302 598 b
1 2 3 6 12 24 25 49 74 148 296 592 598 b
1 2 3 6 12 24 25 50 74 148 151 299 598 b
1 2 3 6 12 24 25 50 74 148 296 299 598 b
1 2 3 6 12 24 25 50 74 148 296 302 598 b
1 2 3 6 12 24 25 50 74 148 296 592 598 b
1 2 3 6 12 24 26 48 74 148 151 299 598 a
1 2 3 6 12 24 26 48 74 148 296 299 598 a
1 2 3 6 12 24 26 48 74 148 296 302 598 a
1 2 3 6 12 24 26 48 74 148 296 592 598 a
1 2 3 6 12 24 26 50 74 148 151 299 598 b
1 2 3 6 12 24 26 50 74 148 296 299 598 b
1 2 3 6 12 24 26 50 74 148 296 302 598 b
1 2 3 6 12 24 26 50 74 148 296 592 598 b
1 2 3 6 12 24 26 52 78 130 260 338 598 b
1 2 3 6 12 24 26 52 78 130 260 520 598 b
1 2 3 6 12 24 26 52 104 130 234 364 598 b
1 2 3 6 12 24 26 52 104 130 234 468 598 b
1 2 3 6 12 24 36 37 74 148 151 299 598 b
1 2 3 6 12 24 36 37 74 148 296 299 598 b
1 2 3 6 12 24 36 37 74 148 296 302 598 b
1 2 3 6 12 24 36 37 74 148 296 592 598 b
1 2 3 6 12 24 36 38 74 148 151 299 598 b
1 2 3 6 12 24 36 38 74 148 296 299 598 b
1 2 3 6 12 24 36 38 74 148 296 302 598 b
1 2 3 6 12 24 36 38 74 148 296 592 598 b
1 2 3 6 12 24 36 72 74 148 151 299 598 b
1 2 3 6 12 24 36 72 74 148 296 299 598 b
1 2 3 6 12 24 36 72 74 148 296 302 598 b
1 2 3 6 12 24 36 72 74 148 296 592 598 b
1 2 3 6 12 24 48 50 74 148 151 299 598 b
1 2 3 6 12 24 48 50 74 148 296 299 598 b
1 2 3 6 12 24 48 50 74 148 296 302 598 b
1 2 3 6 12 24 48 50 74 148 296 592 598 b
1 2 3 6 12 24 48 50 98 148 151 299 598 b
1 2 3 6 12 24 48 50 98 148 296 299 598 b
1 2 3 6 12 24 48 50 98 148 296 302 598 b
1 2 3 6 12 24 48 50 98 148 296 592 598 b
1 2 3 6 12 24 48 50 100 148 151 299 598 b
1 2 3 6 12 24 48 50 100 148 296 299 598 b
1 2 3 6 12 24 48 50 100 148 296 302 598 b
1 2 3 6 12 24 48 50 100 148 296 592 598 b
1 2 3 6 12 24 48 51 99 100 199 299 598 b
1 2 3 6 12 24 48 51 99 100 200 299 598 b
1 2 3 6 12 24 48 51 99 101 198 299 598 a
1 2 3 6 12 24 48 51 99 101 200 299 598 b
1 2 3 6 12 24 48 51 99 198 200 299 598 b
1 2 3 6 12 24 48 51 99 198 200 398 598 b
1 2 3 6 12 24 48 51 99 198 200 400 598 b
1 2 3 6 12 24 48 51 99 198 297 299 598 b
1 2 3 6 12 24 48 72 74 148 151 299 598 b
1 2 3 6 12 24 48 72 74 148 296 299 598 b
1 2 3 6 12 24 48 72 74 148 296 302 598 b
1 2 3 6 12 24 48 72 74 148 296 592 598 b
1 2 3 6 12 24 48 96 99 100 199 299 598 b
1 2 3 6 12 24 48 96 99 100 200 299 598 b
1 2 3 6 12 24 48 96 99 101 198 299 598 a
1 2 3 6 12 24 48 96 99 101 200 299 598 b
1 2 3 6 12 24 48 96 99 198 200 299 598 b
1 2 3 6 12 24 48 96 99 198 200 398 598 b
1 2 3 6 12 24 48 96 99 198 200 400 598 b
1 2 3 6 12 24 48 96 99 198 297 299 598 b
1 2 3 6 12 24 48 96 102 198 200 398 598 b
1 2 3 6 12 24 48 96 102 198 200 400 598 b
1 2 3 6 12 24 48 96 192 198 200 398 598 b
1 2 3 6 12 24 48 96 192 198 200 400 598 b
1 2 4 5 7 11 18 36 72 144 155 299 598 b
1 2 4 5 7 11 18 36 72 144 288 299 598 b
1 2 4 5 8 13 26 39 65 130 169 299 598 a
1 2 4 5 8 13 26 39 65 130 260 299 598 a
1 2 4 5 8 13 26 52 65 117 182 299 598 a
1 2 4 5 8 13 26 52 65 117 234 299 598 a
1 2 4 5 8 13 26 52 78 130 260 338 598 a
1 2 4 5 8 13 26 52 78 130 260 520 598 a
1 2 4 5 8 13 26 52 104 130 234 364 598 a
1 2 4 5 8 13 26 52 104 130 234 468 598 a
1 2 4 5 9 11 18 36 72 144 155 299 598 a
1 2 4 5 9 11 18 36 72 144 288 299 598 a
1 2 4 5 9 13 26 39 65 130 169 299 598 b
1 2 4 5 9 13 26 39 65 130 260 299 598 b
1 2 4 5 9 13 26 52 65 117 182 299 598 b
1 2 4 5 9 13 26 52 65 117 234 299 598 b
1 2 4 5 9 13 26 52 78 130 260 338 598 b
1 2 4 5 9 13 26 52 78 130 260 520 598 b
1 2 4 5 9 13 26 52 104 130 234 364 598 b
1 2 4 5 9 13 26 52 104 130 234 468 598 b
1 2 4 5 9 14 23 46 69 115 184 299 598 b
1 2 4 5 9 14 23 46 69 115 230 299 598 b
1 2 4 5 9 14 23 46 69 138 161 299 598 b
1 2 4 5 9 14 23 46 69 138 276 299 598 b
1 2 4 5 9 14 23 46 69 138 276 322 598 b
1 2 4 5 9 14 23 46 69 138 276 552 598 b
1 2 4 5 9 14 23 46 92 115 184 299 598 a
1 2 4 5 9 14 23 46 92 115 207 299 598 b
1 2 4 5 9 14 23 46 92 138 161 299 598 b
1 2 4 5 9 14 23 46 92 138 230 368 598 b
1 2 4 5 9 14 23 46 92 138 230 460 598 b
1 2 4 5 9 14 23 46 92 138 276 299 598 b
1 2 4 5 9 14 23 46 92 138 276 322 598 b
1 2 4 5 9 14 23 46 92 138 276 552 598 b
1 2 4 5 9 14 23 46 92 184 207 299 598 b
1 2 4 5 9 14 23 46 92 184 207 391 598 b
1 2 4 5 9 14 23 46 92 184 207 414 598 b
1 2 4 5 9 14 23 46 92 184 230 368 598 a
1 2 4 5 9 14 23 46 92 184 230 414 598 b
1 2 4 5 9 14 23 46 92 184 276 299 598 b
1 2 4 5 9 14 23 46 92 184 276 322 598 b
1 2 4 5 9 14 23 46 92 184 276 552 598 b
1 2 4 5 9 14 23 46 92 184 368 414 598 b
1 2 4 5 9 14 23 46 92 184 368 552 598 b
1 2 4 5 9 18 22 36 72 144 288 310 598 a
1 2 4 5 9 18 22 36 72 144 288 576 598 a
1 2 4 5 9 18 23 46 69 115 184 299 598 b
1 2 4 5 9 18 23 46 69 115 230 299 598 b
1 2 4 5 9 18 23 46 69 138 161 299 598 b
1 2 4 5 9 18 23 46 69 138 276 299 598 b
1 2 4 5 9 18 23 46 69 138 276 322 598 b
1 2 4 5 9 18 23 46 69 138 276 552 598 b
1 2 4 5 9 18 23 46 92 115 184 299 598 a
1 2 4 5 9 18 23 46 92 115 207 299 598 b
1 2 4 5 9 18 23 46 92 138 161 299 598 b
1 2 4 5 9 18 23 46 92 138 230 368 598 b
1 2 4 5 9 18 23 46 92 138 230 460 598 b
1 2 4 5 9 18 23 46 92 138 276 299 598 b
1 2 4 5 9 18 23 46 92 138 276 322 598 b
1 2 4 5 9 18 23 46 92 138 276 552 598 b
1 2 4 5 9 18 23 46 92 184 207 299 598 b
1 2 4 5 9 18 23 46 92 184 207 391 598 b
1 2 4 5 9 18 23 46 92 184 207 414 598 b
1 2 4 5 9 18 23 46 92 184 230 368 598 a
1 2 4 5 9 18 23 46 92 184 230 414 598 b
1 2 4 5 9 18 23 46 92 184 276 299 598 b
1 2 4 5 9 18 23 46 92 184 276 322 598 b
1 2 4 5 9 18 23 46 92 184 276 552 598 b
1 2 4 5 9 18 23 46 92 184 368 414 598 b
1 2 4 5 9 18 23 46 92 184 368 552 598 b
1 2 4 5 9 18 36 72 73 145 154 299 598 b
1 2 4 5 9 18 36 72 73 145 290 299 598 b
1 2 4 5 9 18 36 72 73 145 290 308 598 b
1 2 4 5 9 18 36 72 73 145 290 580 598 b
1 2 4 5 9 18 36 72 77 149 150 299 598 b
1 2 4 5 9 18 36 72 77 149 298 299 598 b
1 2 4 5 9 18 36 72 77 149 298 300 598 b
1 2 4 5 9 18 36 72 77 149 298 596 598 b
1 2 4 5 9 18 36 72 144 145 154 299 598 b
1 2 4 5 9 18 36 72 144 145 290 299 598 b
1 2 4 5 9 18 36 72 144 145 290 308 598 b
1 2 4 5 9 18 36 72 144 145 290 580 598 b
1 2 4 5 9 18 36 72 144 146 153 299 598 a
1 2 4 5 9 18 36 72 144 146 155 299 598 b
1 2 4 5 9 18 36 72 144 146 290 299 598 b
1 2 4 5 9 18 36 72 144 146 290 308 598 b
1 2 4 5 9 18 36 72 144 146 290 580 598 b
1 2 4 5 9 18 36 72 144 149 150 299 598 b
1 2 4 5 9 18 36 72 144 149 298 299 598 b
1 2 4 5 9 18 36 72 144 149 298 300 598 b
1 2 4 5 9 18 36 72 144 149 298 596 598 b
1 2 4 5 9 18 36 72 144 153 155 299 598 b
1 2 4 5 9 18 36 72 144 153 297 299 598 b
1 2 4 5 9 18 36 72 144 153 297 301 598 b
1 2 4 5 9 18 36 72 144 153 297 594 598 b
1 2 4 5 9 18 36 72 144 288 290 299 598 b
1 2 4 5 9 18 36 72 144 288 290 308 598 b
1 2 4 5 9 18 36 72 144 288 290 580 598 b
1 2 4 5 9 18 36 72 144 288 292 306 598 a
1 2 4 5 9 18 36 72 144 288 292 310 598 b
1 2 4 5 9 18 36 72 144 288 292 580 598 b
1 2 4 5 9 18 36 72 144 288 297 299 598 b
1 2 4 5 9 18 36 72 144 288 297 301 598 b
1 2 4 5 9 18 36 72 144 288 297 594 598 b
1 2 4 5 9 18 36 72 144 288 306 310 598 b
1 2 4 5 9 18 36 72 144 288 306 594 598 b
1 2 4 5 9 18 36 72 144 288 576 580 598 b
1 2 4 5 9 18 36 72 144 288 576 594 598 b
1 2 4 6 7 11 18 36 72 144 155 299 598 b
1 2 4 6 7 11 18 36 72 144 288 299 598 b
1 2 4 6 7 13 26 39 65 130 169 299 598 b
1 2 4 6 7 13 26 39 65 130 260 299 598 b
1 2 4 6 7 13 26 52 65 117 182 299 598 b
1 2 4 6 7 13 26 52 65 117 234 299 598 b
1 2 4 6 7 13 26 52 78 130 260 338 598 b
1 2 4 6 7 13 26 52 78 130 260 520 598 b
1 2 4 6 7 13 26 52 104 130 234 364 598 b
1 2 4 6 7 13 26 52 104 130 234 468 598 b
1 2 4 6 8 14 22 36 72 144 288 310 598 b
1 2 4 6 8 14 22 36 72 144 288 576 598 b
1 2 4 6 8 16 32 38 70 140 280 318 598 b
1 2 4 6 8 16 32 38 70 140 280 560 598 b
1 2 4 6 10 16 26 52 78 130 260 338 598 b
1 2 4 6 10 16 26 52 78 130 260 520 598 b
1 2 4 6 10 16 26 52 104 130 234 364 598 b
1 2 4 6 10 16 26 52 104 130 234 468 598 b
1 2 4 6 10 16 32 38 70 140 280 318 598 b
1 2 4 6 10 16 32 38 70 140 280 560 598 b
1 2 4 6 10 16 32 42 74 148 296 302 598 b
1 2 4 6 10 16 32 42 74 148 296 592 598 b
1 2 4 6 10 16 32 64 74 148 296 302 598 b
1 2 4 6 10 16 32 64 74 148 296 592 598 b
1 2 4 6 10 20 26 46 92 138 230 368 598 b
1 2 4 6 10 20 26 46 92 138 230 460 598 b
1 2 4 6 10 20 26 46 92 138 276 322 598 b
1 2 4 6 10 20 26 46 92 138 276 552 598 b
1 2 4 6 10 20 26 46 92 184 230 368 598 a
1 2 4 6 10 20 26 46 92 184 230 414 598 b
1 2 4 6 10 20 26 46 92 184 276 322 598 b
1 2 4 6 10 20 26 46 92 184 276 552 598 b
1 2 4 6 10 20 26 46 92 184 368 414 598 b
1 2 4 6 10 20 26 46 92 184 368 552 598 b
1 2 4 6 10 20 26 52 78 130 260 338 598 b
1 2 4 6 10 20 26 52 78 130 260 520 598 b
1 2 4 6 10 20 26 52 104 130 234 364 598 b
1 2 4 6 10 20 26 52 104 130 234 468 598 b
1 2 4 6 10 20 40 46 92 138 230 368 598 b
1 2 4 6 10 20 40 46 92 138 230 460 598 b
1 2 4 6 10 20 40 46 92 138 276 322 598 b
1 2 4 6 10 20 40 46 92 138 276 552 598 b
1 2 4 6 10 20 40 46 92 184 230 368 598 a
1 2 4 6 10 20 40 46 92 184 230 414 598 b
1 2 4 6 10 20 40 46 92 184 276 322 598 b
1 2 4 6 10 20 40 46 92 184 276 552 598 b
1 2 4 6 10 20 40 46 92 184 368 414 598 b
1 2 4 6 10 20 40 46 92 184 368 552 598 b
1 2 4 6 12 13 24 37 74 148 296 302 598 a
1 2 4 6 12 13 24 37 74 148 296 592 598 a
1 2 4 6 12 13 25 37 74 148 296 302 598 b
1 2 4 6 12 13 25 37 74 148 296 592 598 b
1 2 4 6 12 13 26 39 65 130 169 299 598 b
1 2 4 6 12 13 26 39 65 130 260 299 598 b
1 2 4 6 12 13 26 52 65 117 182 299 598 b
1 2 4 6 12 13 26 52 65 117 234 299 598 b
1 2 4 6 12 13 26 52 78 130 260 338 598 b
1 2 4 6 12 13 26 52 78 130 260 520 598 b
1 2 4 6 12 13 26 52 104 130 234 364 598 b
1 2 4 6 12 13 26 52 104 130 234 468 598 b
1 2 4 6 12 14 26 52 78 130 260 338 598 b
1 2 4 6 12 14 26 52 78 130 260 520 598 b
1 2 4 6 12 14 26 52 104 130 234 364 598 b
1 2 4 6 12 14 26 52 104 130 234 468 598 b
1 2 4 6 12 16 32 38 70 140 280 318 598 b
1 2 4 6 12 16 32 38 70 140 280 560 598 b
1 2 4 6 12 18 19 37 74 148 296 302 598 b
1 2 4 6 12 18 19 37 74 148 296 592 598 b
1 2 4 6 12 18 22 36 72 144 288 310 598 a
1 2 4 6 12 18 22 36 72 144 288 576 598 a
1 2 4 6 12 18 36 37 74 148 296 302 598 b
1 2 4 6 12 18 36 37 74 148 296 592 598 b
1 2 4 6 12 18 36 38 74 148 296 302 598 b
1 2 4 6 12 18 36 38 74 148 296 592 598 b
1 2 4 6 12 18 36 72 73 145 290 308 598 b
1 2 4 6 12 18 36 72 73 145 290 580 598 b
1 2 4 6 12 18 36 72 74 148 296 302 598 b
1 2 4 6 12 18 36 72 74 148 296 592 598 b
1 2 4 6 12 18 36 72 76 148 296 302 598 b
1 2 4 6 12 18 36 72 76 148 296 592 598 b
1 2 4 6 12 18 36 72 144 145 290 308 598 b
1 2 4 6 12 18 36 72 144 145 290 580 598 b
1 2 4 6 12 18 36 72 144 146 290 308 598 b
1 2 4 6 12 18 36 72 144 146 290 580 598 b
1 2 4 6 12 18 36 72 144 148 296 302 598 b
1 2 4 6 12 18 36 72 144 148 296 592 598 b
1 2 4 6 12 18 36 72 144 288 290 308 598 b
1 2 4 6 12 18 36 72 144 288 290 580 598 b
1 2 4 6 12 18 36 72 144 288 292 306 598 a
1 2 4 6 12 18 36 72 144 288 292 310 598 b
1 2 4 6 12 18 36 72 144 288 292 580 598 b
1 2 4 6 12 18 36 72 144 288 306 310 598 b
1 2 4 6 12 18 36 72 144 288 306 594 598 b
1 2 4 6 12 18 36 72 144 288 576 580 598 b
1 2 4 6 12 18 36 72 144 288 576 594 598 b
1 2 4 6 12 24 25 37 74 148 296 302 598 b
1 2 4 6 12 24 25 37 74 148 296 592 598 b
1 2 4 6 12 24 25 49 74 148 296 302 598 b
1 2 4 6 12 24 25 49 74 148 296 592 598 b
1 2 4 6 12 24 25 50 74 148 296 302 598 b
1 2 4 6 12 24 25 50 74 148 296 592 598 b
1 2 4 6 12 24 26 48 74 148 296 302 598 a
1 2 4 6 12 24 26 48 74 148 296 592 598 a
1 2 4 6 12 24 26 50 74 148 296 302 598 b
1 2 4 6 12 24 26 50 74 148 296 592 598 b
1 2 4 6 12 24 26 52 78 130 260 338 598 b
1 2 4 6 12 24 26 52 78 130 260 520 598 b
1 2 4 6 12 24 26 52 104 130 234 364 598 b
1 2 4 6 12 24 26 52 104 130 234 468 598 b
1 2 4 6 12 24 36 37 74 148 296 302 598 b
1 2 4 6 12 24 36 37 74 148 296 592 598 b
1 2 4 6 12 24 36 38 74 148 296 302 598 b
1 2 4 6 12 24 36 38 74 148 296 592 598 b
1 2 4 6 12 24 36 72 74 148 296 302 598 b
1 2 4 6 12 24 36 72 74 148 296 592 598 b
1 2 4 6 12 24 36 72 76 148 296 302 598 b
1 2 4 6 12 24 36 72 76 148 296 592 598 b
1 2 4 6 12 24 36 72 144 148 296 302 598 b
1 2 4 6 12 24 36 72 144 148 296 592 598 b
1 2 4 6 12 24 48 49 97 101 198 299 598 b
1 2 4 6 12 24 48 49 97 101 202 299 598 b
1 2 4 6 12 24 48 50 74 148 296 302 598 b
1 2 4 6 12 24 48 50 74 148 296 592 598 b
1 2 4 6 12 24 48 50 98 148 296 302 598 b
1 2 4 6 12 24 48 50 98 148 296 592 598 b
1 2 4 6 12 24 48 50 100 148 296 302 598 b
1 2 4 6 12 24 48 50 100 148 296 592 598 b
1 2 4 6 12 24 48 52 96 148 296 302 598 a
1 2 4 6 12 24 48 52 96 148 296 592 598 a
1 2 4 6 12 24 48 52 100 148 296 302 598 b
1 2 4 6 12 24 48 52 100 148 296 592 598 b
1 2 4 6 12 24 48 72 74 148 296 302 598 b
1 2 4 6 12 24 48 72 74 148 296 592 598 b
1 2 4 6 12 24 48 72 76 148 296 302 598 b
1 2 4 6 12 24 48 72 76 148 296 592 598 b
1 2 4 6 12 24 48 72 144 148 296 302 598 b
1 2 4 6 12 24 48 72 144 148 296 592 598 b
1 2 4 6 12 24 48 96 97 101 198 299 598 b
1 2 4 6 12 24 48 96 97 101 202 299 598 b
1 2 4 6 12 24 48 96 100 148 296 302 598 b
1 2 4 6 12 24 48 96 100 148 296 592 598 b
1 2 4 6 12 24 48 96 100 196 296 302 598 b
1 2 4 6 12 24 48 96 100 196 296 592 598 b
1 2 4 6 12 24 48 96 100 200 296 302 598 b
1 2 4 6 12 24 48 96 100 200 296 592 598 b
1 2 4 6 12 24 48 96 102 198 200 398 598 b
1 2 4 6 12 24 48 96 102 198 200 400 598 b
1 2 4 6 12 24 48 96 102 198 202 396 598 a
1 2 4 6 12 24 48 96 102 198 202 400 598 b
1 2 4 6 12 24 48 96 102 198 396 400 598 b
1 2 4 6 12 24 48 96 102 198 396 594 598 b
1 2 4 6 12 24 48 96 144 148 296 302 598 b
1 2 4 6 12 24 48 96 144 148 296 592 598 b
1 2 4 6 12 24 48 96 192 198 200 398 598 b
1 2 4 6 12 24 48 96 192 198 200 400 598 b
1 2 4 6 12 24 48 96 192 198 202 396 598 a
1 2 4 6 12 24 48 96 192 198 202 400 598 b
1 2 4 6 12 24 48 96 192 198 396 400 598 b
1 2 4 6 12 24 48 96 192 198 396 594 598 b
1 2 4 8 9 11 18 36 72 144 155 299 598 a
1 2 4 8 9 11 18 36 72 144 288 299 598 a
1 2 4 8 9 13 26 39 65 130 169 299 598 b
1 2 4 8 9 13 26 39 65 130 260 299 598 b
1 2 4 8 9 13 26 52 65 117 182 299 598 b
1 2 4 8 9 13 26 52 65 117 234 299 598 b
1 2 4 8 9 13 26 52 78 130 260 338 598 b
1 2 4 8 9 13 26 52 78 130 260 520 598 b
1 2 4 8 9 13 26 52 104 130 234 364 598 b
1 2 4 8 9 13 26 52 104 130 234 468 598 b
1 2 4 8 9 17 26 52 78 130 260 338 598 b
1 2 4 8 9 17 26 52 78 130 260 520 598 b
1 2 4 8 9 17 26 52 104 130 234 364 598 b
1 2 4 8 9 17 26 52 104 130 234 468 598 b
1 2 4 8 9 17 34 43 77 111 188 299 598 b
1 2 4 8 9 17 34 43 77 111 222 299 598 b
1 2 4 8 9 17 34 68 77 111 188 299 598 b
1 2 4 8 9 17 34 68 77 111 222 299 598 b
1 2 4 8 9 17 34 68 77 145 154 299 598 b
1 2 4 8 9 17 34 68 77 145 222 299 598 b
1 2 4 8 9 17 34 68 77 145 290 299 598 b
1 2 4 8 9 17 34 68 77 154 222 299 598 b
1 2 4 8 9 17 34 68 77 154 222 376 598 b
1 2 4 8 9 17 34 68 77 154 222 444 598 b
1 2 4 8 9 17 34 68 77 154 231 299 598 b
1 2 4 8 9 17 34 68 136 145 154 299 598 b
1 2 4 8 9 17 34 68 136 145 290 299 598 b
1 2 4 8 9 18 22 36 72 144 288 310 598 a
1 2 4 8 9 18 22 36 72 144 288 576 598 a
1 2 4 8 9 18 26 52 78 130 260 338 598 b
1 2 4 8 9 18 26 52 78 130 260 520 598 b
1 2 4 8 9 18 26 52 104 130 234 364 598 b
1 2 4 8 9 18 26 52 104 130 234 468 598 b
1 2 4 8 9 18 36 72 73 145 154 299 598 b
1 2 4 8 9 18 36 72 73 145 290 299 598 b
1 2 4 8 9 18 36 72 73 145 290 308 598 b
1 2 4 8 9 18 36 72 73 145 290 580 598 b
1 2 4 8 9 18 36 72 144 145 154 299 598 b
1 2 4 8 9 18 36 72 144 145 290 299 598 b
1 2 4 8 9 18 36 72 144 145 290 308 598 b
1 2 4 8 9 18 36 72 144 145 290 580 598 b
1 2 4 8 9 18 36 72 144 146 153 299 598 a
1 2 4 8 9 18 36 72 144 146 155 299 598 b
1 2 4 8 9 18 36 72 144 146 290 299 598 b
1 2 4 8 9 18 36 72 144 146 290 308 598 b
1 2 4 8 9 18 36 72 144 146 290 580 598 b
1 2 4 8 9 18 36 72 144 153 155 299 598 b
1 2 4 8 9 18 36 72 144 153 297 299 598 b
1 2 4 8 9 18 36 72 144 153 297 301 598 b
1 2 4 8 9 18 36 72 144 153 297 594 598 b
1 2 4 8 9 18 36 72 144 288 290 299 598 b
1 2 4 8 9 18 36 72 144 288 290 308 598 b
1 2 4 8 9 18 36 72 144 288 290 580 598 b
1 2 4 8 9 18 36 72 144 288 292 306 598 a
1 2 4 8 9 18 36 72 144 288 292 310 598 b
1 2 4 8 9 18 36 72 144 288 292 580 598 b
1 2 4 8 9 18 36 72 144 288 297 299 598 b
1 2 4 8 9 18 36 72 144 288 297 301 598 b
1 2 4 8 9 18 36 72 144 288 297 594 598 b
1 2 4 8 9 18 36 72 144 288 306 310 598 b
1 2 4 8 9 18 36 72 144 288 306 594 598 b
1 2 4 8 9 18 36 72 144 288 576 580 598 b
1 2 4 8 9 18 36 72 144 288 576 594 598 b
1 2 4 8 10 11 18 36 72 144 155 299 598 a
1 2 4 8 10 11 18 36 72 144 288 299 598 a
1 2 4 8 10 14 22 36 72 144 288 310 598 b
1 2 4 8 10 14 22 36 72 144 288 576 598 b
1 2 4 8 10 16 26 52 78 130 260 338 598 a
1 2 4 8 10 16 26 52 78 130 260 520 598 a
1 2 4 8 10 16 26 52 104 130 234 364 598 a
1 2 4 8 10 16 26 52 104 130 234 468 598 a
1 2 4 8 10 18 22 36 72 144 288 310 598 a
1 2 4 8 10 18 22 36 72 144 288 576 598 a
1 2 4 8 10 18 26 52 78 130 260 338 598 b
1 2 4 8 10 18 26 52 78 130 260 520 598 b
1 2 4 8 10 18 26 52 104 130 234 364 598 b
1 2 4 8 10 18 26 52 104 130 234 468 598 b
1 2 4 8 10 18 28 46 92 138 230 368 598 b
1 2 4 8 10 18 28 46 92 138 230 460 598 b
1 2 4 8 10 18 28 46 92 138 276 322 598 b
1 2 4 8 10 18 28 46 92 138 276 552 598 b
1 2 4 8 10 18 28 46 92 184 230 368 598 a
1 2 4 8 10 18 28 46 92 184 230 414 598 b
1 2 4 8 10 18 28 46 92 184 276 322 598 b
1 2 4 8 10 18 28 46 92 184 276 552 598 b
1 2 4 8 10 18 28 46 92 184 368 414 598 b
1 2 4 8 10 18 28 46 92 184 368 552 598 b
1 2 4 8 10 18 36 46 92 138 230 368 598 b
1 2 4 8 10 18 36 46 92 138 230 460 598 b
1 2 4 8 10 18 36 46 92 138 276 322 598 b
1 2 4 8 10 18 36 46 92 138 276 552 598 b
1 2 4 8 10 18 36 46 92 184 230 368 598 a
1 2 4 8 10 18 36 46 92 184 230 414 598 b
1 2 4 8 10 18 36 46 92 184 276 322 598 b
1 2 4 8 10 18 36 46 92 184 276 552 598 b
1 2 4 8 10 18 36 46 92 184 368 414 598 b
1 2 4 8 10 18 36 46 92 184 368 552 598 b
1 2 4 8 10 18 36 72 73 145 290 308 598 b
1 2 4 8 10 18 36 72 73 145 290 580 598 b
1 2 4 8 10 18 36 72 144 145 154 299 598 a
1 2 4 8 10 18 36 72 144 145 155 299 598 b
1 2 4 8 10 18 36 72 144 145 289 299 598 b
1 2 4 8 10 18 36 72 144 145 290 308 598 b
1 2 4 8 10 18 36 72 144 145 290 580 598 b
1 2 4 8 10 18 36 72 144 146 290 308 598 b
1 2 4 8 10 18 36 72 144 146 290 580 598 b
1 2 4 8 10 18 36 72 144 154 155 299 598 b
1 2 4 8 10 18 36 72 144 154 298 299 598 b
1 2 4 8 10 18 36 72 144 154 298 300 598 b
1 2 4 8 10 18 36 72 144 154 298 596 598 b
1 2 4 8 10 18 36 72 144 288 289 299 598 b
1 2 4 8 10 18 36 72 144 288 290 308 598 b
1 2 4 8 10 18 36 72 144 288 290 580 598 b
1 2 4 8 10 18 36 72 144 288 292 306 598 a
1 2 4 8 10 18 36 72 144 288 292 310 598 b
1 2 4 8 10 18 36 72 144 288 292 580 598 b
1 2 4 8 10 18 36 72 144 288 298 299 598 b
1 2 4 8 10 18 36 72 144 288 298 300 598 b
1 2 4 8 10 18 36 72 144 288 298 596 598 b
1 2 4 8 10 18 36 72 144 288 306 310 598 b
1 2 4 8 10 18 36 72 144 288 306 594 598 b
1 2 4 8 10 18 36 72 144 288 576 580 598 b
1 2 4 8 10 18 36 72 144 288 576 594 598 b
1 2 4 8 12 13 26 39 65 130 169 299 598 b
1 2 4 8 12 13 26 39 65 130 260 299 598 b
1 2 4 8 12 13 26 52 65 117 182 299 598 b
1 2 4 8 12 13 26 52 65 117 234 299 598 b
1 2 4 8 12 13 26 52 78 130 260 338 598 b
1 2 4 8 12 13 26 52 78 130 260 520 598 b
1 2 4 8 12 13 26 52 104 130 234 364 598 b
1 2 4 8 12 13 26 52 104 130 234 468 598 b
1 2 4 8 12 14 22 36 72 144 288 310 598 b
1 2 4 8 12 14 22 36 72 144 288 576 598 b
1 2 4 8 12 14 26 52 78 130 260 338 598 b
1 2 4 8 12 14 26 52 78 130 260 520 598 b
1 2 4 8 12 14 26 52 104 130 234 364 598 b
1 2 4 8 12 14 26 52 104 130 234 468 598 b
1 2 4 8 12 24 26 52 78 130 260 338 598 b
1 2 4 8 12 24 26 52 78 130 260 520 598 b
1 2 4 8 12 24 26 52 104 130 234 364 598 b
1 2 4 8 12 24 26 52 104 130 234 468 598 b
1 2 4 8 12 24 48 49 97 101 198 299 598 b
1 2 4 8 12 24 48 49 97 101 202 299 598 b
1 2 4 8 12 24 48 49 97 105 194 299 598 a
1 2 4 8 12 24 48 49 97 105 202 299 598 b
1 2 4 8 12 24 48 49 97 194 202 299 598 b
1 2 4 8 12 24 48 49 97 194 202 396 598 b
1 2 4 8 12 24 48 49 97 194 202 404 598 b
1 2 4 8 12 24 48 49 97 194 291 299 598 b
1 2 4 8 12 24 48 96 97 101 198 299 598 b
1 2 4 8 12 24 48 96 97 101 202 299 598 b
1 2 4 8 12 24 48 96 97 105 194 299 598 a
1 2 4 8 12 24 48 96 97 105 202 299 598 b
1 2 4 8 12 24 48 96 97 194 202 299 598 b
1 2 4 8 12 24 48 96 97 194 202 396 598 b
1 2 4 8 12 24 48 96 97 194 202 404 598 b
1 2 4 8 12 24 48 96 97 194 291 299 598 b
1 2 4 8 12 24 48 96 98 194 202 396 598 b
1 2 4 8 12 24 48 96 98 194 202 404 598 b
1 2 4 8 12 24 48 96 192 194 202 396 598 b
1 2 4 8 12 24 48 96 192 194 202 404 598 b
1 2 4 8 16 17 19 35 70 140 159 299 598 b
1 2 4 8 16 17 19 35 70 140 280 299 598 b
1 2 4 8 16 17 33 35 66 132 167 299 598 a
1 2 4 8 16 17 33 35 66 132 264 299 598 a
1 2 4 8 16 17 33 50 83 133 166 299 598 b
1 2 4 8 16 17 33 50 83 133 216 299 598 b
1 2 4 8 16 17 33 50 83 133 266 299 598 b
1 2 4 8 16 17 33 50 83 166 216 299 598 b
1 2 4 8 16 17 33 50 83 166 216 382 598 b
1 2 4 8 16 17 33 50 83 166 216 432 598 b
1 2 4 8 16 17 33 50 83 166 249 299 598 b
1 2 4 8 16 17 33 50 100 133 166 299 598 b
1 2 4 8 16 17 33 50 100 133 266 299 598 b
1 2 4 8 16 17 33 66 67 133 166 299 598 b
1 2 4 8 16 17 33 66 67 133 266 299 598 b
1 2 4 8 16 17 33 66 67 133 266 332 598 b
1 2 4 8 16 17 33 66 67 133 266 532 598 b
1 2 4 8 16 17 33 66 70 132 264 334 598 a
1 2 4 8 16 17 33 66 70 132 264 528 598 a
1 2 4 8 16 17 33 66 83 149 150 299 598 b
1 2 4 8 16 17 33 66 83 149 298 299 598 b
1 2 4 8 16 17 33 66 83 149 298 300 598 b
1 2 4 8 16 17 33 66 83 149 298 596 598 b
1 2 4 8 16 17 33 66 99 100 199 299 598 b
1 2 4 8 16 17 33 66 99 100 200 299 598 b
1 2 4 8 16 17 33 66 99 101 198 299 598 a
1 2 4 8 16 17 33 66 99 101 200 299 598 b
1 2 4 8 16 17 33 66 99 198 200 299 598 b
1 2 4 8 16 17 33 66 99 198 200 398 598 b
1 2 4 8 16 17 33 66 99 198 200 400 598 b
1 2 4 8 16 17 33 66 99 198 202 396 598 a
1 2 4 8 16 17 33 66 99 198 202 400 598 b
1 2 4 8 16 17 33 66 99 198 297 299 598 b
1 2 4 8 16 17 33 66 99 198 297 301 598 b
1 2 4 8 16 17 33 66 99 198 297 594 598 b
1 2 4 8 16 17 33 66 99 198 396 400 598 b
1 2 4 8 16 17 33 66 99 198 396 594 598 b
1 2 4 8 16 17 33 66 132 133 166 299 598 b
1 2 4 8 16 17 33 66 132 133 266 299 598 b
1 2 4 8 16 17 33 66 132 133 266 332 598 b
1 2 4 8 16 17 33 66 132 133 266 532 598 b
1 2 4 8 16 17 33 66 132 134 165 299 598 a
1 2 4 8 16 17 33 66 132 134 167 299 598 b
1 2 4 8 16 17 33 66 132 134 266 299 598 b
1 2 4 8 16 17 33 66 132 134 266 332 598 b
1 2 4 8 16 17 33 66 132 134 266 532 598 b
1 2 4 8 16 17 33 66 132 149 150 299 598 b
1 2 4 8 16 17 33 66 132 149 298 299 598 b
1 2 4 8 16 17 33 66 132 149 298 300 598 b
1 2 4 8 16 17 33 66 132 149 298 596 598 b
1 2 4 8 16 17 33 66 132 165 167 299 598 b
1 2 4 8 16 17 33 66 132 165 297 299 598 b
1 2 4 8 16 17 33 66 132 165 297 301 598 b
1 2 4 8 16 17 33 66 132 165 297 594 598 b
1 2 4 8 16 17 33 66 132 198 200 398 598 b
1 2 4 8 16 17 33 66 132 198 200 400 598 b
1 2 4 8 16 17 33 66 132 198 202 396 598 a
1 2 4 8 16 17 33 66 132 198 202 400 598 b
1 2 4 8 16 17 33 66 132 198 396 400 598 b
1 2 4 8 16 17 33 66 132 198 396 594 598 b
1 2 4 8 16 17 33 66 132 264 266 299 598 b
1 2 4 8 16 17 33 66 132 264 266 332 598 b
1 2 4 8 16 17 33 66 132 264 266 532 598 b
1 2 4 8 16 17 33 66 132 264 268 330 598 a
1 2 4 8 16 17 33 66 132 264 268 334 598 b
1 2 4 8 16 17 33 66 132 264 268 532 598 b
1 2 4 8 16 17 33 66 132 264 297 299 598 b
1 2 4 8 16 17 33 66 132 264 297 301 598 b
1 2 4 8 16 17 33 66 132 264 297 594 598 b
1 2 4 8 16 17 33 66 132 264 330 334 598 b
1 2 4 8 16 17 33 66 132 264 330 594 598 b
1 2 4 8 16 17 33 66 132 264 528 532 598 b
1 2 4 8 16 17 33 66 132 264 528 594 598 b
1 2 4 8 16 18 19 35 70 140 159 299 598 b
1 2 4 8 16 18 19 35 70 140 280 299 598 b
1 2 4 8 16 18 22 36 72 144 288 310 598 a
1 2 4 8 16 18 22 36 72 144 288 576 598 a
1 2 4 8 16 18 26 52 78 130 260 338 598 b
1 2 4 8 16 18 26 52 78 130 260 520 598 b
1 2 4 8 16 18 26 52 104 130 234 364 598 b
1 2 4 8 16 18 26 52 104 130 234 468 598 b
1 2 4 8 16 18 34 68 86 154 222 376 598 b
1 2 4 8 16 18 34 68 86 154 222 444 598 b
1 2 4 8 16 18 34 68 136 154 222 376 598 b
1 2 4 8 16 18 34 68 136 154 222 444 598 b
1 2 4 8 16 18 34 68 136 154 290 308 598 b
1 2 4 8 16 18 34 68 136 154 290 444 598 b
1 2 4 8 16 18 34 68 136 154 290 580 598 b
1 2 4 8 16 18 34 68 136 154 308 444 598 b
1 2 4 8 16 18 34 68 136 154 308 462 598 b
1 2 4 8 16 18 34 68 136 272 290 308 598 b
1 2 4 8 16 18 34 68 136 272 290 580 598 b
1 2 4 8 16 18 36 72 73 145 290 308 598 b
1 2 4 8 16 18 36 72 73 145 290 580 598 b
1 2 4 8 16 18 36 72 144 145 290 308 598 b
1 2 4 8 16 18 36 72 144 145 290 580 598 b
1 2 4 8 16 18 36 72 144 146 290 308 598 b
1 2 4 8 16 18 36 72 144 146 290 580 598 b
1 2 4 8 16 18 36 72 144 288 290 308 598 b
1 2 4 8 16 18 36 72 144 288 290 580 598 b
1 2 4 8 16 18 36 72 144 288 292 306 598 a
1 2 4 8 16 18 36 72 144 288 292 310 598 b
1 2 4 8 16 18 36 72 144 288 292 580 598 b
1 2 4 8 16 18 36 72 144 288 306 310 598 b
1 2 4 8 16 18 36 72 144 288 306 594 598 b
1 2 4 8 16 18 36 72 144 288 576 580 598 b
1 2 4 8 16 18 36 72 144 288 576 594 598 b
1 2 4 8 16 20 22 36 72 144 288 310 598 a
1 2 4 8 16 20 22 36 72 144 288 576 598 a
1 2 4 8 16 20 36 72 144 145 289 309 598 b
1 2 4 8 16 20 36 72 144 145 289 578 598 b
1 2 4 8 16 20 36 72 144 288 289 309 598 b
1 2 4 8 16 20 36 72 144 288 289 578 598 b
1 2 4 8 16 20 36 72 144 288 290 308 598 a
1 2 4 8 16 20 36 72 144 288 290 310 598 b
1 2 4 8 16 20 36 72 144 288 290 578 598 b
1 2 4 8 16 20 36 72 144 288 308 310 598 b
1 2 4 8 16 20 36 72 144 288 308 596 598 b
1 2 4 8 16 20 36 72 144 288 576 578 598 b
1 2 4 8 16 20 36 72 144 288 576 596 598 b
1 2 4 8 16 24 26 52 78 130 260 338 598 b
1 2 4 8 16 24 26 52 78 130 260 520 598 b
1 2 4 8 16 24 26 52 104 130 234 364 598 b
1 2 4 8 16 24 26 52 104 130 234 468 598 b
1 2 4 8 16 24 48 49 97 101 198 299 598 b
1 2 4 8 16 24 48 49 97 101 202 299 598 b
1 2 4 8 16 24 48 49 97 105 194 299 598 a
1 2 4 8 16 24 48 49 97 105 202 299 598 b
1 2 4 8 16 24 48 49 97 194 202 299 598 b
1 2 4 8 16 24 48 49 97 194 202 396 598 b
1 2 4 8 16 24 48 49 97 194 202 404 598 b
1 2 4 8 16 24 48 49 97 194 210 388 598 a
1 2 4 8 16 24 48 49 97 194 210 404 598 b
1 2 4 8 16 24 48 49 97 194 291 299 598 b
1 2 4 8 16 24 48 49 97 194 291 307 598 b
1 2 4 8 16 24 48 49 97 194 291 582 598 b
1 2 4 8 16 24 48 49 97 194 388 404 598 b
1 2 4 8 16 24 48 49 97 194 388 582 598 b
1 2 4 8 16 24 48 96 97 101 198 299 598 b
1 2 4 8 16 24 48 96 97 101 202 299 598 b
1 2 4 8 16 24 48 96 97 105 194 299 598 a
1 2 4 8 16 24 48 96 97 105 202 299 598 b
1 2 4 8 16 24 48 96 97 194 202 299 598 b
1 2 4 8 16 24 48 96 97 194 202 396 598 b
1 2 4 8 16 24 48 96 97 194 202 404 598 b
1 2 4 8 16 24 48 96 97 194 210 388 598 a
1 2 4 8 16 24 48 96 97 194 210 404 598 b
1 2 4 8 16 24 48 96 97 194 291 299 598 b
1 2 4 8 16 24 48 96 97 194 291 307 598 b
1 2 4 8 16 24 48 96 97 194 291 582 598 b
1 2 4 8 16 24 48 96 97 194 388 404 598 b
1 2 4 8 16 24 48 96 97 194 388 582 598 b
1 2 4 8 16 24 48 96 98 194 202 396 598 b
1 2 4 8 16 24 48 96 98 194 202 404 598 b
1 2 4 8 16 24 48 96 98 194 210 388 598 a
1 2 4 8 16 24 48 96 98 194 210 404 598 b
1 2 4 8 16 24 48 96 98 194 388 404 598 b
1 2 4 8 16 24 48 96 98 194 388 582 598 b
1 2 4 8 16 24 48 96 192 194 202 396 598 b
1 2 4 8 16 24 48 96 192 194 202 404 598 b
1 2 4 8 16 24 48 96 192 194 210 388 598 a
1 2 4 8 16 24 48 96 192 194 210 404 598 b
1 2 4 8 16 24 48 96 192 194 388 404 598 b
1 2 4 8 16 24 48 96 192 194 388 582 598 b
1 2 4 8 16 32 33 35 66 132 167 299 598 a
1 2 4 8 16 32 33 35 66 132 264 299 598 a
1 2 4 8 16 32 33 40 73 113 186 299 598 a
1 2 4 8 16 32 33 40 73 113 226 299 598 a
1 2 4 8 16 32 33 64 97 101 198 299 598 a
1 2 4 8 16 32 33 64 97 101 202 299 598 a
1 2 4 8 16 32 33 64 97 105 194 299 598 a
1 2 4 8 16 32 33 64 97 105 202 299 598 a
1 2 4 8 16 32 33 64 97 194 202 299 598 a
1 2 4 8 16 32 33 64 97 194 202 396 598 a
1 2 4 8 16 32 33 64 97 194 202 404 598 a
1 2 4 8 16 32 33 64 97 194 210 388 598 a
1 2 4 8 16 32 33 64 97 194 210 404 598 a
1 2 4 8 16 32 33 64 97 194 291 299 598 a
1 2 4 8 16 32 33 64 97 194 291 307 598 a
1 2 4 8 16 32 33 64 97 194 291 582 598 a
1 2 4 8 16 32 33 64 97 194 388 404 598 a
1 2 4 8 16 32 33 64 97 194 388 582 598 a
1 2 4 8 16 32 33 65 97 101 198 299 598 b
1 2 4 8 16 32 33 65 97 101 202 299 598 b
1 2 4 8 16 32 33 65 97 105 194 299 598 a
1 2 4 8 16 32 33 65 97 105 202 299 598 b
1 2 4 8 16 32 33 65 97 194 202 299 598 b
1 2 4 8 16 32 33 65 97 194 202 396 598 b
1 2 4 8 16 32 33 65 97 194 202 404 598 b
1 2 4 8 16 32 33 65 97 194 210 388 598 a
1 2 4 8 16 32 33 65 97 194 210 404 598 b
1 2 4 8 16 32 33 65 97 194 291 299 598 b
1 2 4 8 16 32 33 65 97 194 291 307 598 b
1 2 4 8 16 32 33 65 97 194 291 582 598 b
1 2 4 8 16 32 33 65 97 194 388 404 598 b
1 2 4 8 16 32 33 65 97 194 388 582 598 b
1 2 4 8 16 32 33 66 67 133 166 299 598 b
1 2 4 8 16 32 33 66 67 133 266 299 598 b
1 2 4 8 16 32 33 66 67 133 266 332 598 b
1 2 4 8 16 32 33 66 67 133 266 532 598 b
1 2 4 8 16 32 33 66 70 132 264 334 598 a
1 2 4 8 16 32 33 66 70 132 264 528 598 a
1 2 4 8 16 32 33 66 99 100 199 299 598 b
1 2 4 8 16 32 33 66 99 100 200 299 598 b
1 2 4 8 16 32 33 66 99 101 198 299 598 a
1 2 4 8 16 32 33 66 99 101 200 299 598 b
1 2 4 8 16 32 33 66 99 198 200 299 598 b
1 2 4 8 16 32 33 66 99 198 200 398 598 b
1 2 4 8 16 32 33 66 99 198 200 400 598 b
1 2 4 8 16 32 33 66 99 198 202 396 598 a
1 2 4 8 16 32 33 66 99 198 202 400 598 b
1 2 4 8 16 32 33 66 99 198 297 299 598 b
1 2 4 8 16 32 33 66 99 198 297 301 598 b
1 2 4 8 16 32 33 66 99 198 297 594 598 b
1 2 4 8 16 32 33 66 99 198 396 400 598 b
1 2 4 8 16 32 33 66 99 198 396 594 598 b
1 2 4 8 16 32 33 66 132 133 166 299 598 b
1 2 4 8 16 32 33 66 132 133 266 299 598 b
1 2 4 8 16 32 33 66 132 133 266 332 598 b
1 2 4 8 16 32 33 66 132 133 266 532 598 b
1 2 4 8 16 32 33 66 132 134 165 299 598 a
1 2 4 8 16 32 33 66 132 134 167 299 598 b
1 2 4 8 16 32 33 66 132 134 266 299 598 b
1 2 4 8 16 32 33 66 132 134 266 332 598 b
1 2 4 8 16 32 33 66 132 134 266 532 598 b
1 2 4 8 16 32 33 66 132 165 167 299 598 b
1 2 4 8 16 32 33 66 132 165 297 299 598 b
1 2 4 8 16 32 33 66 132 165 297 301 598 b
1 2 4 8 16 32 33 66 132 165 297 594 598 b
1 2 4 8 16 32 33 66 132 198 200 398 598 b
1 2 4 8 16 32 33 66 132 198 200 400 598 b
1 2 4 8 16 32 33 66 132 198 202 396 598 a
1 2 4 8 16 32 33 66 132 198 202 400 598 b
1 2 4 8 16 32 33 66 132 198 396 400 598 b
1 2 4 8 16 32 33 66 132 198 396 594 598 b
1 2 4 8 16 32 33 66 132 264 266 299 598 b
1 2 4 8 16 32 33 66 132 264 266 332 598 b
1 2 4 8 16 32 33 66 132 264 266 532 598 b
1 2 4 8 16 32 33 66 132 264 268 330 598 a
1 2 4 8 16 32 33 66 132 264 268 334 598 b
1 2 4 8 16 32 33 66 132 264 268 532 598 b
1 2 4 8 16 32 33 66 132 264 297 299 598 b
1 2 4 8 16 32 33 66 132 264 297 301 598 b
1 2 4 8 16 32 33 66 132 264 297 594 598 b
1 2 4 8 16 32 33 66 132 264 330 334 598 b
1 2 4 8 16 32 33 66 132 264 330 594 598 b
1 2 4 8 16 32 33 66 132 264 528 532 598 b
1 2 4 8 16 32 33 66 132 264 528 594 598 b
1 2 4 8 16 32 34 35 66 132 167 299 598 a
1 2 4 8 16 32 34 35 66 132 264 299 598 a
1 2 4 8 16 32 34 38 70 140 280 318 598 b
1 2 4 8 16 32 34 38 70 140 280 560 598 b
1 2 4 8 16 32 34 66 67 133 266 332 598 b
1 2 4 8 16 32 34 66 67 133 266 532 598 b
1 2 4 8 16 32 34 66 70 132 264 334 598 a
1 2 4 8 16 32 34 66 70 132 264 528 598 a
1 2 4 8 16 32 34 66 100 166 266 332 598 b
1 2 4 8 16 32 34 66 100 166 266 432 598 b
1 2 4 8 16 32 34 66 100 166 266 532 598 b
1 2 4 8 16 32 34 66 100 166 332 432 598 b
1 2 4 8 16 32 34 66 100 166 332 498 598 b
1 2 4 8 16 32 34 66 100 200 266 332 598 b
1 2 4 8 16 32 34 66 100 200 266 532 598 b
1 2 4 8 16 32 34 66 132 133 166 299 598 a
1 2 4 8 16 32 34 66 132 133 167 299 598 b
1 2 4 8 16 32 34 66 132 133 265 299 598 b
1 2 4 8 16 32 34 66 132 133 266 332 598 b
1 2 4 8 16 32 34 66 132 133 266 532 598 b
1 2 4 8 16 32 34 66 132 134 266 332 598 b
1 2 4 8 16 32 34 66 132 134 266 532 598 b
1 2 4 8 16 32 34 66 132 166 167 299 598 b
1 2 4 8 16 32 34 66 132 166 298 299 598 b
1 2 4 8 16 32 34 66 132 166 298 300 598 b
1 2 4 8 16 32 34 66 132 166 298 596 598 b
1 2 4 8 16 32 34 66 132 198 200 398 598 b
1 2 4 8 16 32 34 66 132 198 200 400 598 b
1 2 4 8 16 32 34 66 132 198 202 396 598 a
1 2 4 8 16 32 34 66 132 198 202 400 598 b
1 2 4 8 16 32 34 66 132 198 396 400 598 b
1 2 4 8 16 32 34 66 132 198 396 594 598 b
1 2 4 8 16 32 34 66 132 264 265 299 598 b
1 2 4 8 16 32 34 66 132 264 266 332 598 b
1 2 4 8 16 32 34 66 132 264 266 532 598 b
1 2 4 8 16 32 34 66 132 264 268 330 598 a
1 2 4 8 16 32 34 66 132 264 268 334 598 b
1 2 4 8 16 32 34 66 132 264 268 532 598 b
1 2 4 8 16 32 34 66 132 264 298 299 598 b
1 2 4 8 16 32 34 66 132 264 298 300 598 b
1 2 4 8 16 32 34 66 132 264 298 596 598 b
1 2 4 8 16 32 34 66 132 264 330 334 598 b
1 2 4 8 16 32 34 66 132 264 330 594 598 b
1 2 4 8 16 32 34 66 132 264 528 532 598 b
1 2 4 8 16 32 34 66 132 264 528 594 598 b
1 2 4 8 16 32 36 38 70 140 280 318 598 b
1 2 4 8 16 32 36 38 70 140 280 560 598 b
1 2 4 8 16 32 40 41 73 113 186 299 598 b
1 2 4 8 16 32 40 41 73 113 226 299 598 b
1 2 4 8 16 32 40 72 73 113 186 299 598 b
1 2 4 8 16 32 40 72 73 113 226 299 598 b
1 2 4 8 16 32 48 49 97 101 198 299 598 b
1 2 4 8 16 32 48 49 97 101 202 299 598 b
1 2 4 8 16 32 48 49 97 105 194 299 598 a
1 2 4 8 16 32 48 49 97 105 202 299 598 b
1 2 4 8 16 32 48 49 97 194 202 299 598 b
1 2 4 8 16 32 48 49 97 194 202 396 598 b
1 2 4 8 16 32 48 49 97 194 202 404 598 b
1 2 4 8 16 32 48 49 97 194 210 388 598 a
1 2 4 8 16 32 48 49 97 194 210 404 598 b
1 2 4 8 16 32 48 49 97 194 291 299 598 b
1 2 4 8 16 32 48 49 97 194 291 307 598 b
1 2 4 8 16 32 48 49 97 194 291 582 598 b
1 2 4 8 16 32 48 49 97 194 388 404 598 b
1 2 4 8 16 32 48 49 97 194 388 582 598 b
1 2 4 8 16 32 48 96 97 101 198 299 598 b
1 2 4 8 16 32 48 96 97 101 202 299 598 b
1 2 4 8 16 32 48 96 97 105 194 299 598 a
1 2 4 8 16 32 48 96 97 105 202 299 598 b
1 2 4 8 16 32 48 96 97 194 202 299 598 b
1 2 4 8 16 32 48 96 97 194 202 396 598 b
1 2 4 8 16 32 48 96 97 194 202 404 598 b
1 2 4 8 16 32 48 96 97 194 210 388 598 a
1 2 4 8 16 32 48 96 97 194 210 404 598 b
1 2 4 8 16 32 48 96 97 194 291 299 598 b
1 2 4 8 16 32 48 96 97 194 291 307 598 b
1 2 4 8 16 32 48 96 97 194 291 582 598 b
1 2 4 8 16 32 48 96 97 194 388 404 598 b
1 2 4 8 16 32 48 96 97 194 388 582 598 b
1 2 4 8 16 32 48 96 98 194 202 396 598 b
1 2 4 8 16 32 48 96 98 194 202 404 598 b
1 2 4 8 16 32 48 96 98 194 210 388 598 a
1 2 4 8 16 32 48 96 98 194 210 404 598 b
1 2 4 8 16 32 48 96 98 194 388 404 598 b
1 2 4 8 16 32 48 96 98 194 388 582 598 b
1 2 4 8 16 32 48 96 192 194 202 396 598 b
1 2 4 8 16 32 48 96 192 194 202 404 598 b
1 2 4 8 16 32 48 96 192 194 210 388 598 a
1 2 4 8 16 32 48 96 192 194 210 404 598 b
1 2 4 8 16 32 48 96 192 194 388 404 598 b
1 2 4 8 16 32 48 96 192 194 388 582 598 b
1 2 4 8 16 32 64 65 97 101 198 299 598 b
1 2 4 8 16 32 64 65 97 101 202 299 598 b
1 2 4 8 16 32 64 65 97 105 194 299 598 a
1 2 4 8 16 32 64 65 97 105 202 299 598 b
1 2 4 8 16 32 64 65 97 194 202 299 598 b
1 2 4 8 16 32 64 65 97 194 202 396 598 b
1 2 4 8 16 32 64 65 97 194 202 404 598 b
1 2 4 8 16 32 64 65 97 194 210 388 598 a
1 2 4 8 16 32 64 65 97 194 210 404 598 b
1 2 4 8 16 32 64 65 97 194 291 299 598 b
1 2 4 8 16 32 64 65 97 194 291 307 598 b
1 2 4 8 16 32 64 65 97 194 291 582 598 b
1 2 4 8 16 32 64 65 97 194 388 404 598 b
1 2 4 8 16 32 64 65 97 194 388 582 598 b
1 2 4 8 16 32 64 65 129 194 202 396 598 b
1 2 4 8 16 32 64 65 129 194 202 404 598 b
1 2 4 8 16 32 64 65 129 194 210 388 598 a
1 2 4 8 16 32 64 65 129 194 210 404 598 b
1 2 4 8 16 32 64 65 129 194 388 404 598 b
1 2 4 8 16 32 64 65 129 194 388 582 598 b
1 2 4 8 16 32 64 65 130 194 202 396 598 b
1 2 4 8 16 32 64 65 130 194 202 404 598 b
1 2 4 8 16 32 64 65 130 194 210 388 598 a
1 2 4 8 16 32 64 65 130 194 210 404 598 b
1 2 4 8 16 32 64 65 130 194 388 404 598 b
1 2 4 8 16 32 64 65 130 194 388 582 598 b
1 2 4 8 16 32 64 66 67 133 266 332 598 b
1 2 4 8 16 32 64 66 67 133 266 532 598 b
1 2 4 8 16 32 64 66 70 132 264 334 598 a
1 2 4 8 16 32 64 66 70 132 264 528 598 a
1 2 4 8 16 32 64 66 80 146 226 372 598 a
1 2 4 8 16 32 64 66 80 146 226 452 598 a
1 2 4 8 16 32 64 66 128 194 202 396 598 a
1 2 4 8 16 32 64 66 128 194 202 404 598 a
1 2 4 8 16 32 64 66 128 194 210 388 598 a
1 2 4 8 16 32 64 66 128 194 210 404 598 a
1 2 4 8 16 32 64 66 128 194 388 404 598 a
1 2 4 8 16 32 64 66 128 194 388 582 598 a
1 2 4 8 16 32 64 66 130 194 202 396 598 b
1 2 4 8 16 32 64 66 130 194 202 404 598 b
1 2 4 8 16 32 64 66 130 194 210 388 598 a
1 2 4 8 16 32 64 66 130 194 210 404 598 b
1 2 4 8 16 32 64 66 130 194 388 404 598 b
1 2 4 8 16 32 64 66 130 194 388 582 598 b
1 2 4 8 16 32 64 66 132 133 266 332 598 b
1 2 4 8 16 32 64 66 132 133 266 532 598 b
1 2 4 8 16 32 64 66 132 134 266 332 598 b
1 2 4 8 16 32 64 66 132 134 266 532 598 b
1 2 4 8 16 32 64 66 132 198 200 398 598 b
1 2 4 8 16 32 64 66 132 198 200 400 598 b
1 2 4 8 16 32 64 66 132 198 202 396 598 a
1 2 4 8 16 32 64 66 132 198 202 400 598 b
1 2 4 8 16 32 64 66 132 198 396 400 598 b
1 2 4 8 16 32 64 66 132 198 396 594 598 b
1 2 4 8 16 32 64 66 132 264 266 332 598 b
1 2 4 8 16 32 64 66 132 264 266 532 598 b
1 2 4 8 16 32 64 66 132 264 268 330 598 a
1 2 4 8 16 32 64 66 132 264 268 334 598 b
1 2 4 8 16 32 64 66 132 264 268 532 598 b
1 2 4 8 16 32 64 66 132 264 330 334 598 b
1 2 4 8 16 32 64 66 132 264 330 594 598 b
1 2 4 8 16 32 64 66 132 264 528 532 598 b
1 2 4 8 16 32 64 66 132 264 528 594 598 b
1 2 4 8 16 32 64 68 70 132 264 334 598 a
1 2 4 8 16 32 64 68 70 132 264 528 598 a
1 2 4 8 16 32 64 68 132 133 265 333 598 b
1 2 4 8 16 32 64 68 132 133 265 530 598 b
1 2 4 8 16 32 64 68 132 264 265 333 598 b
1 2 4 8 16 32 64 68 132 264 265 530 598 b
1 2 4 8 16 32 64 68 132 264 266 332 598 a
1 2 4 8 16 32 64 68 132 264 266 334 598 b
1 2 4 8 16 32 64 68 132 264 266 530 598 b
1 2 4 8 16 32 64 68 132 264 332 334 598 b
1 2 4 8 16 32 64 68 132 264 332 596 598 b
1 2 4 8 16 32 64 68 132 264 528 530 598 b
1 2 4 8 16 32 64 68 132 264 528 596 598 b
1 2 4 8 16 32 64 80 82 146 226 372 598 b
1 2 4 8 16 32 64 80 82 146 226 452 598 b
1 2 4 8 16 32 64 80 144 146 226 372 598 b
1 2 4 8 16 32 64 80 144 146 226 452 598 b
1 2 4 8 16 32 64 96 97 101 198 299 598 b
1 2 4 8 16 32 64 96 97 101 202 299 598 b
1 2 4 8 16 32 64 96 97 105 194 299 598 a
1 2 4 8 16 32 64 96 97 105 202 299 598 b
1 2 4 8 16 32 64 96 97 194 202 299 598 b
1 2 4 8 16 32 64 96 97 194 202 396 598 b
1 2 4 8 16 32 64 96 97 194 202 404 598 b
1 2 4 8 16 32 64 96 97 194 210 388 598 a
1 2 4 8 16 32 64 96 97 194 210 404 598 b
1 2 4 8 16 32 64 96 97 194 291 299 598 b
1 2 4 8 16 32 64 96 97 194 291 307 598 b
1 2 4 8 16 32 64 96 97 194 291 582 598 b
1 2 4 8 16 32 64 96 97 194 388 404 598 b
1 2 4 8 16 32 64 96 97 194 388 582 598 b
1 2 4 8 16 32 64 96 98 194 202 396 598 b
1 2 4 8 16 32 64 96 98 194 202 404 598 b
1 2 4 8 16 32 64 96 98 194 210 388 598 a
1 2 4 8 16 32 64 96 98 194 210 404 598 b
1 2 4 8 16 32 64 96 98 194 388 404 598 b
1 2 4 8 16 32 64 96 98 194 388 582 598 b
1 2 4 8 16 32 64 96 192 194 202 396 598 b
1 2 4 8 16 32 64 96 192 194 202 404 598 b
1 2 4 8 16 32 64 96 192 194 210 388 598 a
1 2 4 8 16 32 64 96 192 194 210 404 598 b
1 2 4 8 16 32 64 96 192 194 388 404 598 b
1 2 4 8 16 32 64 96 192 194 388 582 598 b
1 2 4 8 16 32 64 128 130 194 202 396 598 b
1 2 4 8 16 32 64 128 130 194 202 404 598 b
1 2 4 8 16 32 64 128 130 194 210 388 598 a
1 2 4 8 16 32 64 128 130 194 210 404 598 b
1 2 4 8 16 32 64 128 130 194 388 404 598 b
1 2 4 8 16 32 64 128 130 194 388 582 598 b
1 2 4 8 16 32 64 128 192 194 202 396 598 b
1 2 4 8 16 32 64 128 192 194 202 404 598 b
1 2 4 8 16 32 64 128 192 194 210 388 598 a
1 2 4 8 16 32 64 128 192 194 210 404 598 b
1 2 4 8 16 32 64 128 192 194 388 404 598 b
1 2 4 8 16 32 64 128 192 194 388 582 598 b
