1 2 4 5 9 13 22 35 70 140 280 293 573 b
1 2 4 5 9 13 22 35 70 140 280 560 573 b
1 2 4 5 9 13 26 35 70 140 280 293 573 b
1 2 4 5 9 13 26 35 70 140 280 560 573 b
1 2 4 8 9 13 22 35 70 140 280 293 573 b
1 2 4 8 9 13 22 35 70 140 280 560 573 b
1 2 4 8 9 13 26 35 70 140 280 293 573 b
1 2 4 8 9 13 26 35 70 140 280 560 573 b
1 2 4 8 16 17 33 49 82 131 262 311 573 b
1 2 4 8 16 17 33 49 82 131 262 524 573 b
1 2 4 8 16 17 33 49 98 131 262 311 573 b
1 2 4 8 16 17 33 49 98 131 262 524 573 b
1 2 4 8 16 32 33 49 82 131 262 311 573 b
1 2 4 8 16 32 33 49 82 131 262 524 573 b
1 2 4 8 16 32 33 49 98 131 262 311 573 b
1 2 4 8 16 32 33 49 98 131 262 524 573 b
