1 2 3 4 7 14 28 56 59 115 230 345 575 b
1 2 3 4 7 14 28 56 59 115 230 460 575 b
1 2 3 4 7 14 28 56 112 115 230 345 575 b
1 2 3 4 7 14 28 56 112 115 230 460 575 b
1 2 3 5 7 14 28 56 59 115 230 345 575 b
1 2 3 5 7 14 28 56 59 115 230 460 575 b
1 2 3 5 7 14 28 56 112 115 230 345 575 b
1 2 3 5 7 14 28 56 112 115 230 460 575 b
1 2 3 5 7 14 28 56 112 117 229 346 575 b
1 2 3 5 7 14 28 56 112 117 229 458 575 b
1 2 3 5 10 13 23 46 69 115 230 345 575 b
1 2 3 5 10 13 23 46 69 115 230 460 575 b
1 2 3 5 10 13 23 46 69 138 276 299 575 b
1 2 3 5 10 13 23 46 69 138 276 552 575 b
1 2 3 5 10 13 23 46 92 115 230 345 575 b
1 2 3 5 10 13 23 46 92 115 230 460 575 b
1 2 3 5 10 13 23 46 92 138 276 299 575 b
1 2 3 5 10 13 23 46 92 138 276 552 575 b
1 2 3 5 10 13 23 46 92 184 207 368 575 a
1 2 3 5 10 13 23 46 92 184 207 391 575 b
1 2 3 5 10 13 23 46 92 184 276 299 575 b
1 2 3 5 10 13 23 46 92 184 276 552 575 b
1 2 3 5 10 13 23 46 92 184 368 391 575 b
1 2 3 5 10 13 23 46 92 184 368 552 575 b
1 2 3 5 10 15 20 35 70 140 280 295 575 b
1 2 3 5 10 15 20 35 70 140 280 560 575 b
1 2 3 5 10 15 25 35 70 140 280 295 575 b
1 2 3 5 10 15 25 35 70 140 280 560 575 b
1 2 3 5 10 15 25 50 65 115 230 345 575 b
1 2 3 5 10 15 25 50 65 115 230 460 575 b
1 2 3 5 10 15 25 50 75 125 250 325 575 b
1 2 3 5 10 15 25 50 75 125 250 500 575 b
1 2 3 5 10 15 25 50 100 115 230 345 575 b
1 2 3 5 10 15 25 50 100 115 230 460 575 b
1 2 3 5 10 15 25 50 100 125 225 350 575 b
1 2 3 5 10 15 25 50 100 125 225 450 575 b
1 2 3 5 10 15 30 35 70 140 280 295 575 b
1 2 3 5 10 15 30 35 70 140 280 560 575 b
1 2 3 5 10 15 30 40 70 140 280 295 575 b
1 2 3 5 10 15 30 40 70 140 280 560 575 b
1 2 3 5 10 15 30 60 70 140 280 295 575 b
1 2 3 5 10 15 30 60 70 140 280 560 575 b
1 2 3 5 10 20 23 46 69 115 230 345 575 b
1 2 3 5 10 20 23 46 69 115 230 460 575 b
1 2 3 5 10 20 23 46 69 138 276 299 575 b
1 2 3 5 10 20 23 46 69 138 276 552 575 b
1 2 3 5 10 20 23 46 92 115 230 345 575 b
1 2 3 5 10 20 23 46 92 115 230 460 575 b
1 2 3 5 10 20 23 46 92 138 276 299 575 b
1 2 3 5 10 20 23 46 92 138 276 552 575 b
1 2 3 5 10 20 23 46 92 184 207 368 575 a
1 2 3 5 10 20 23 46 92 184 207 391 575 b
1 2 3 5 10 20 23 46 92 184 276 299 575 b
1 2 3 5 10 20 23 46 92 184 276 552 575 b
1 2 3 5 10 20 23 46 92 184 368 391 575 b
1 2 3 5 10 20 23 46 92 184 368 552 575 b
1 2 3 5 10 20 25 45 70 115 230 345 575 b
1 2 3 5 10 20 25 45 70 115 230 460 575 b
1 2 3 5 10 20 25 45 90 115 230 345 575 b
1 2 3 5 10 20 25 45 90 115 230 460 575 b
1 2 3 5 10 20 25 50 75 125 250 325 575 b
1 2 3 5 10 20 25 50 75 125 250 500 575 b
1 2 3 5 10 20 25 50 100 125 225 350 575 b
1 2 3 5 10 20 25 50 100 125 225 450 575 b
1 2 3 5 10 20 40 43 83 123 246 329 575 b
1 2 3 5 10 20 40 43 83 123 246 492 575 b
1 2 3 5 10 20 40 80 83 123 246 329 575 b
1 2 3 5 10 20 40 80 83 123 246 492 575 b
1 2 3 5 10 20 40 80 83 163 246 329 575 b
1 2 3 5 10 20 40 80 83 163 246 492 575 b
1 2 3 5 10 20 40 80 83 166 246 329 575 b
1 2 3 5 10 20 40 80 83 166 246 492 575 b
1 2 3 5 10 20 40 80 85 160 245 330 575 a
1 2 3 5 10 20 40 80 85 160 245 490 575 a
1 2 3 5 10 20 40 80 85 165 205 370 575 b
1 2 3 5 10 20 40 80 85 165 205 410 575 b
1 2 3 5 10 20 40 80 85 165 245 330 575 b
1 2 3 5 10 20 40 80 85 165 245 410 575 b
1 2 3 5 10 20 40 80 85 165 245 490 575 b
1 2 3 5 10 20 40 80 85 165 330 410 575 b
1 2 3 5 10 20 40 80 85 165 330 495 575 b
1 2 3 5 10 20 40 80 160 165 205 370 575 b
1 2 3 5 10 20 40 80 160 165 205 410 575 b
1 2 3 5 10 20 40 80 160 165 245 330 575 a
1 2 3 5 10 20 40 80 160 165 245 410 575 b
1 2 3 5 10 20 40 80 160 165 330 410 575 b
1 2 3 5 10 20 40 80 160 165 330 495 575 b
1 2 3 6 7 14 28 56 59 115 230 345 575 b
1 2 3 6 7 14 28 56 59 115 230 460 575 b
1 2 3 6 7 14 28 56 112 115 230 345 575 b
1 2 3 6 7 14 28 56 112 115 230 460 575 b
1 2 3 6 8 14 28 56 59 115 230 345 575 b
1 2 3 6 8 14 28 56 59 115 230 460 575 b
1 2 3 6 8 14 28 56 112 115 230 345 575 b
1 2 3 6 8 14 28 56 112 115 230 460 575 b
1 2 3 6 12 13 25 50 75 125 250 325 575 b
1 2 3 6 12 13 25 50 75 125 250 500 575 b
1 2 3 6 12 13 25 50 100 125 225 350 575 b
1 2 3 6 12 13 25 50 100 125 225 450 575 b
1 2 3 6 12 14 28 56 59 115 230 345 575 b
1 2 3 6 12 14 28 56 59 115 230 460 575 b
1 2 3 6 12 14 28 56 112 115 230 345 575 b
1 2 3 6 12 14 28 56 112 115 230 460 575 b
1 2 3 6 12 24 25 50 75 125 250 325 575 b
1 2 3 6 12 24 25 50 75 125 250 500 575 b
1 2 3 6 12 24 25 50 100 125 225 350 575 b
1 2 3 6 12 24 25 50 100 125 225 450 575 b
1 2 4 5 7 14 28 56 112 117 229 346 575 b
1 2 4 5 7 14 28 56 112 117 229 458 575 b
1 2 4 5 9 14 23 46 69 115 230 345 575 b
1 2 4 5 9 14 23 46 69 115 230 460 575 b
1 2 4 5 9 14 23 46 69 138 276 299 575 b
1 2 4 5 9 14 23 46 69 138 276 552 575 b
1 2 4 5 9 14 23 46 92 115 230 345 575 b
1 2 4 5 9 14 23 46 92 115 230 460 575 b
1 2 4 5 9 14 23 46 92 138 276 299 575 b
1 2 4 5 9 14 23 46 92 138 276 552 575 b
1 2 4 5 9 14 23 46 92 184 207 368 575 a
1 2 4 5 9 14 23 46 92 184 207 391 575 b
1 2 4 5 9 14 23 46 92 184 276 299 575 b
1 2 4 5 9 14 23 46 92 184 276 552 575 b
1 2 4 5 9 14 23 46 92 184 368 391 575 b
1 2 4 5 9 14 23 46 92 184 368 552 575 b
1 2 4 5 9 14 28 56 112 117 229 346 575 b
1 2 4 5 9 14 28 56 112 117 229 458 575 b
1 2 4 5 9 18 23 46 69 115 230 345 575 b
1 2 4 5 9 18 23 46 69 115 230 460 575 b
1 2 4 5 9 18 23 46 69 138 276 299 575 b
1 2 4 5 9 18 23 46 69 138 276 552 575 b
1 2 4 5 9 18 23 46 92 115 230 345 575 b
1 2 4 5 9 18 23 46 92 115 230 460 575 b
1 2 4 5 9 18 23 46 92 138 276 299 575 b
1 2 4 5 9 18 23 46 92 138 276 552 575 b
1 2 4 5 9 18 23 46 92 184 207 368 575 a
1 2 4 5 9 18 23 46 92 184 207 391 575 b
1 2 4 5 9 18 23 46 92 184 276 299 575 b
1 2 4 5 9 18 23 46 92 184 276 552 575 b
1 2 4 5 9 18 23 46 92 184 368 391 575 b
1 2 4 5 9 18 23 46 92 184 368 552 575 b
1 2 4 5 10 14 28 56 112 117 229 346 575 b
1 2 4 5 10 14 28 56 112 117 229 458 575 b
1 2 4 5 10 15 20 35 70 140 280 295 575 b
1 2 4 5 10 15 20 35 70 140 280 560 575 b
1 2 4 5 10 15 25 35 70 140 280 295 575 b
1 2 4 5 10 15 25 35 70 140 280 560 575 b
1 2 4 5 10 15 25 50 65 115 230 345 575 b
1 2 4 5 10 15 25 50 65 115 230 460 575 b
1 2 4 5 10 15 25 50 75 125 250 325 575 b
1 2 4 5 10 15 25 50 75 125 250 500 575 b
1 2 4 5 10 15 25 50 100 115 230 345 575 b
1 2 4 5 10 15 25 50 100 115 230 460 575 b
1 2 4 5 10 15 25 50 100 125 225 350 575 b
1 2 4 5 10 15 25 50 100 125 225 450 575 b
1 2 4 5 10 15 30 35 70 140 280 295 575 b
1 2 4 5 10 15 30 35 70 140 280 560 575 b
1 2 4 5 10 15 30 40 70 140 280 295 575 b
1 2 4 5 10 15 30 40 70 140 280 560 575 b
1 2 4 5 10 15 30 60 70 140 280 295 575 b
1 2 4 5 10 15 30 60 70 140 280 560 575 b
1 2 4 5 10 20 25 45 70 115 230 345 575 b
1 2 4 5 10 20 25 45 70 115 230 460 575 b
1 2 4 5 10 20 25 45 90 115 230 345 575 b
1 2 4 5 10 20 25 45 90 115 230 460 575 b
1 2 4 5 10 20 25 50 75 125 250 325 575 b
1 2 4 5 10 20 25 50 75 125 250 500 575 b
1 2 4 5 10 20 25 50 100 125 225 350 575 b
1 2 4 5 10 20 25 50 100 125 225 450 575 b
1 2 4 5 10 20 40 80 85 160 245 330 575 a
1 2 4 5 10 20 40 80 85 160 245 490 575 a
1 2 4 5 10 20 40 80 85 165 205 370 575 b
1 2 4 5 10 20 40 80 85 165 205 410 575 b
1 2 4 5 10 20 40 80 85 165 245 330 575 b
1 2 4 5 10 20 40 80 85 165 245 410 575 b
1 2 4 5 10 20 40 80 85 165 245 490 575 b
1 2 4 5 10 20 40 80 85 165 330 410 575 b
1 2 4 5 10 20 40 80 85 165 330 495 575 b
1 2 4 5 10 20 40 80 160 165 205 370 575 b
1 2 4 5 10 20 40 80 160 165 205 410 575 b
1 2 4 5 10 20 40 80 160 165 245 330 575 a
1 2 4 5 10 20 40 80 160 165 245 410 575 b
1 2 4 5 10 20 40 80 160 165 330 410 575 b
1 2 4 5 10 20 40 80 160 165 330 495 575 b
1 2 4 6 12 13 25 50 75 125 250 325 575 b
1 2 4 6 12 13 25 50 75 125 250 500 575 b
1 2 4 6 12 13 25 50 100 125 225 350 575 b
1 2 4 6 12 13 25 50 100 125 225 450 575 b
1 2 4 6 12 24 25 50 75 125 250 325 575 b
1 2 4 6 12 24 25 50 75 125 250 500 575 b
1 2 4 6 12 24 25 50 100 125 225 350 575 b
1 2 4 6 12 24 25 50 100 125 225 450 575 b
1 2 4 8 9 16 25 50 75 125 250 325 575 a
1 2 4 8 9 16 25 50 75 125 250 500 575 a
1 2 4 8 9 16 25 50 100 125 225 350 575 a
1 2 4 8 9 16 25 50 100 125 225 450 575 a
1 2 4 8 9 17 25 50 75 125 250 325 575 b
1 2 4 8 9 17 25 50 75 125 250 500 575 b
1 2 4 8 9 17 25 50 100 125 225 350 575 b
1 2 4 8 9 17 25 50 100 125 225 450 575 b
1 2 4 8 12 13 25 50 75 125 250 325 575 b
1 2 4 8 12 13 25 50 75 125 250 500 575 b
1 2 4 8 12 13 25 50 100 125 225 350 575 b
1 2 4 8 12 13 25 50 100 125 225 450 575 b
1 2 4 8 12 24 25 50 75 125 250 325 575 b
1 2 4 8 12 24 25 50 75 125 250 500 575 b
1 2 4 8 12 24 25 50 100 125 225 350 575 b
1 2 4 8 12 24 25 50 100 125 225 450 575 b
1 2 4 8 16 17 25 50 75 125 250 325 575 b
1 2 4 8 16 17 25 50 75 125 250 500 575 b
1 2 4 8 16 17 25 50 100 125 225 350 575 b
1 2 4 8 16 17 25 50 100 125 225 450 575 b
1 2 4 8 16 17 32 49 66 115 230 345 575 a
1 2 4 8 16 17 32 49 66 115 230 460 575 a
1 2 4 8 16 17 32 49 98 115 230 345 575 a
1 2 4 8 16 17 32 49 98 115 230 460 575 a
1 2 4 8 16 17 33 41 74 115 230 345 575 b
1 2 4 8 16 17 33 41 74 115 230 460 575 b
1 2 4 8 16 17 33 41 82 115 230 345 575 b
1 2 4 8 16 17 33 41 82 115 230 460 575 b
1 2 4 8 16 17 33 49 66 115 230 345 575 b
1 2 4 8 16 17 33 49 66 115 230 460 575 b
1 2 4 8 16 17 33 49 82 115 230 345 575 b
1 2 4 8 16 17 33 49 82 115 230 460 575 b
1 2 4 8 16 17 33 49 98 115 230 345 575 b
1 2 4 8 16 17 33 49 98 115 230 460 575 b
1 2 4 8 16 17 33 66 82 115 230 345 575 b
1 2 4 8 16 17 33 66 82 115 230 460 575 b
1 2 4 8 16 17 33 66 99 115 230 345 575 b
1 2 4 8 16 17 33 66 99 115 230 460 575 b
1 2 4 8 16 24 25 50 75 125 250 325 575 b
1 2 4 8 16 24 25 50 75 125 250 500 575 b
1 2 4 8 16 24 25 50 100 125 225 350 575 b
1 2 4 8 16 24 25 50 100 125 225 450 575 b
1 2 4 8 16 32 33 41 74 115 230 345 575 b
1 2 4 8 16 32 33 41 74 115 230 460 575 b
1 2 4 8 16 32 33 41 82 115 230 345 575 b
1 2 4 8 16 32 33 41 82 115 230 460 575 b
1 2 4 8 16 32 33 49 66 115 230 345 575 a
1 2 4 8 16 32 33 49 66 115 230 460 575 a
1 2 4 8 16 32 33 49 82 115 230 345 575 b
1 2 4 8 16 32 33 49 82 115 230 460 575 b
1 2 4 8 16 32 33 66 82 115 230 345 575 b
1 2 4 8 16 32 33 66 82 115 230 460 575 b
1 2 4 8 16 32 33 66 99 115 230 345 575 b
1 2 4 8 16 32 33 66 99 115 230 460 575 b
