1 2 3 4 8 16 32 64 67 131 262 329 591 b
1 2 3 4 8 16 32 64 67 131 262 524 591 b
1 2 3 5 6 12 24 48 96 101 197 394 591 b
1 2 3 5 6 12 24 48 96 192 197 394 591 b
1 2 3 5 7 12 24 48 96 101 197 394 591 b
1 2 3 5 7 12 24 48 96 192 197 394 591 b
1 2 3 5 8 16 24 48 96 101 197 394 591 b
1 2 3 5 8 16 24 48 96 192 197 394 591 b
1 2 3 5 8 16 32 48 96 101 197 394 591 b
1 2 3 5 8 16 32 48 96 192 197 394 591 b
1 2 3 5 8 16 32 64 67 131 262 329 591 b
1 2 3 5 8 16 32 64 67 131 262 524 591 b
1 2 3 5 8 16 32 64 69 128 197 394 591 a
1 2 3 5 8 16 32 64 69 133 197 394 591 b
1 2 3 5 8 16 32 64 96 101 197 394 591 b
1 2 3 5 8 16 32 64 96 192 197 394 591 b
1 2 3 5 8 16 32 64 128 133 197 394 591 b
1 2 3 5 8 16 32 64 128 192 197 394 591 b
1 2 3 5 10 12 24 48 96 101 197 394 591 b
1 2 3 5 10 12 24 48 96 192 197 394 591 b
1 2 3 5 10 13 23 46 92 105 197 394 591 b
1 2 3 5 10 13 23 46 92 184 197 394 591 b
1 2 3 5 10 15 18 36 72 144 288 303 591 b
1 2 3 5 10 15 18 36 72 144 288 576 591 b
1 2 3 6 8 16 32 64 67 131 262 329 591 b
1 2 3 6 8 16 32 64 67 131 262 524 591 b
1 2 3 6 9 15 18 36 72 144 288 303 591 b
1 2 3 6 9 15 18 36 72 144 288 576 591 b
1 2 3 6 9 15 21 36 72 144 288 303 591 b
1 2 3 6 9 15 21 36 72 144 288 576 591 b
1 2 3 6 9 15 24 48 72 144 288 303 591 b
1 2 3 6 9 15 24 48 72 144 288 576 591 b
1 2 3 6 9 15 24 48 96 144 288 303 591 b
1 2 3 6 9 15 24 48 96 144 288 576 591 b
1 2 3 6 9 15 24 48 96 192 207 384 591 a
1 2 3 6 9 15 24 48 96 192 207 399 591 b
1 2 3 6 9 15 24 48 96 192 288 303 591 b
1 2 3 6 9 15 24 48 96 192 288 576 591 b
1 2 3 6 9 15 24 48 96 192 384 399 591 b
1 2 3 6 9 15 24 48 96 192 384 576 591 b
1 2 3 6 9 15 30 36 72 144 288 303 591 b
1 2 3 6 9 15 30 36 72 144 288 576 591 b
1 2 3 6 9 15 30 39 69 138 276 315 591 b
1 2 3 6 9 15 30 39 69 138 276 552 591 b
1 2 3 6 9 18 36 72 75 147 222 369 591 b
1 2 3 6 9 18 36 72 75 147 222 444 591 b
1 2 3 6 9 18 36 72 75 147 294 297 591 b
1 2 3 6 9 18 36 72 75 147 294 588 591 b
1 2 3 6 9 18 36 72 144 147 291 300 591 b
1 2 3 6 9 18 36 72 144 147 291 582 591 b
1 2 3 6 9 18 36 72 144 147 294 297 591 b
1 2 3 6 9 18 36 72 144 147 294 588 591 b
1 2 3 6 9 18 36 72 144 150 294 297 591 b
1 2 3 6 9 18 36 72 144 150 294 588 591 b
1 2 3 6 9 18 36 72 144 288 291 300 591 b
1 2 3 6 9 18 36 72 144 288 291 582 591 b
1 2 3 6 9 18 36 72 144 288 294 297 591 b
1 2 3 6 9 18 36 72 144 288 294 303 591 b
1 2 3 6 9 18 36 72 144 288 294 582 591 b
1 2 3 6 9 18 36 72 144 288 294 588 591 b
1 2 3 6 9 18 36 72 144 288 297 303 591 b
1 2 3 6 9 18 36 72 144 288 297 585 591 b
1 2 3 6 9 18 36 72 144 288 576 582 591 b
1 2 3 6 9 18 36 72 144 288 576 585 591 b
1 2 3 6 12 15 18 36 72 144 288 303 591 b
1 2 3 6 12 15 18 36 72 144 288 576 591 b
1 2 3 6 12 15 21 36 72 144 288 303 591 b
1 2 3 6 12 15 21 36 72 144 288 576 591 b
1 2 3 6 12 15 24 36 72 144 288 303 591 a
1 2 3 6 12 15 24 36 72 144 288 576 591 a
1 2 3 6 12 15 24 48 72 144 288 303 591 a
1 2 3 6 12 15 24 48 72 144 288 576 591 a
1 2 3 6 12 15 24 48 96 144 288 303 591 a
1 2 3 6 12 15 24 48 96 144 288 576 591 a
1 2 3 6 12 15 24 48 96 192 207 384 591 a
1 2 3 6 12 15 24 48 96 192 207 399 591 a
1 2 3 6 12 15 24 48 96 192 288 303 591 a
1 2 3 6 12 15 24 48 96 192 288 576 591 a
1 2 3 6 12 15 24 48 96 192 384 399 591 a
1 2 3 6 12 15 24 48 96 192 384 576 591 a
1 2 3 6 12 15 30 36 72 144 288 303 591 b
1 2 3 6 12 15 30 36 72 144 288 576 591 b
1 2 3 6 12 15 30 42 72 144 288 303 591 b
1 2 3 6 12 15 30 42 72 144 288 576 591 b
1 2 3 6 12 15 30 60 72 144 288 303 591 b
1 2 3 6 12 15 30 60 72 144 288 576 591 b
1 2 3 6 12 18 36 72 75 147 222 369 591 b
1 2 3 6 12 18 36 72 75 147 222 444 591 b
1 2 3 6 12 18 36 72 75 147 294 297 591 b
1 2 3 6 12 18 36 72 75 147 294 588 591 b
1 2 3 6 12 18 36 72 144 147 294 297 591 b
1 2 3 6 12 18 36 72 144 147 294 588 591 b
1 2 3 6 12 18 36 72 144 150 294 297 591 b
1 2 3 6 12 18 36 72 144 150 294 588 591 b
1 2 3 6 12 18 36 72 144 288 291 300 591 a
1 2 3 6 12 18 36 72 144 288 291 303 591 b
1 2 3 6 12 18 36 72 144 288 291 579 591 b
1 2 3 6 12 18 36 72 144 288 294 297 591 b
1 2 3 6 12 18 36 72 144 288 294 588 591 b
1 2 3 6 12 18 36 72 144 288 300 303 591 b
1 2 3 6 12 18 36 72 144 288 300 588 591 b
1 2 3 6 12 18 36 72 144 288 576 579 591 b
1 2 3 6 12 18 36 72 144 288 576 588 591 b
1 2 3 6 12 24 25 49 74 123 197 394 591 b
1 2 3 6 12 24 25 49 74 148 197 394 591 b
1 2 3 6 12 24 25 49 98 99 197 394 591 b
1 2 3 6 12 24 25 49 98 147 294 297 591 b
1 2 3 6 12 24 25 49 98 147 294 588 591 b
1 2 3 6 12 24 25 49 98 196 197 394 591 b
1 2 3 6 12 24 25 49 98 196 199 392 591 a
1 2 3 6 12 24 25 49 98 196 199 395 591 b
1 2 3 6 12 24 25 49 98 196 294 297 591 b
1 2 3 6 12 24 25 49 98 196 294 588 591 b
1 2 3 6 12 24 25 49 98 196 392 395 591 b
1 2 3 6 12 24 25 49 98 196 392 588 591 b
1 2 3 6 12 24 27 51 102 129 231 360 591 b
1 2 3 6 12 24 27 51 102 129 231 462 591 b
1 2 3 6 12 24 36 72 75 147 222 369 591 b
1 2 3 6 12 24 36 72 75 147 222 444 591 b
1 2 3 6 12 24 36 72 75 147 294 297 591 b
1 2 3 6 12 24 36 72 75 147 294 588 591 b
1 2 3 6 12 24 36 72 144 147 294 297 591 b
1 2 3 6 12 24 36 72 144 147 294 588 591 b
1 2 3 6 12 24 36 72 144 150 294 297 591 b
1 2 3 6 12 24 36 72 144 150 294 588 591 b
1 2 3 6 12 24 36 72 144 288 291 300 591 a
1 2 3 6 12 24 36 72 144 288 291 303 591 b
1 2 3 6 12 24 36 72 144 288 291 579 591 b
1 2 3 6 12 24 36 72 144 288 294 297 591 b
1 2 3 6 12 24 36 72 144 288 294 588 591 b
1 2 3 6 12 24 36 72 144 288 300 303 591 b
1 2 3 6 12 24 36 72 144 288 300 588 591 b
1 2 3 6 12 24 36 72 144 288 576 579 591 b
1 2 3 6 12 24 36 72 144 288 576 588 591 b
1 2 3 6 12 24 48 49 97 100 197 394 591 b
1 2 3 6 12 24 48 49 97 194 197 394 591 b
1 2 3 6 12 24 48 49 98 99 197 394 591 b
1 2 3 6 12 24 48 49 98 147 294 297 591 b
1 2 3 6 12 24 48 49 98 147 294 588 591 b
1 2 3 6 12 24 48 49 98 196 197 394 591 b
1 2 3 6 12 24 48 49 98 196 199 392 591 a
1 2 3 6 12 24 48 49 98 196 199 395 591 b
1 2 3 6 12 24 48 49 98 196 294 297 591 b
1 2 3 6 12 24 48 49 98 196 294 588 591 b
1 2 3 6 12 24 48 49 98 196 392 395 591 b
1 2 3 6 12 24 48 49 98 196 392 588 591 b
1 2 3 6 12 24 48 50 98 99 197 394 591 b
1 2 3 6 12 24 48 50 98 196 197 394 591 b
1 2 3 6 12 24 48 50 98 196 199 392 591 a
1 2 3 6 12 24 48 50 98 196 199 395 591 b
1 2 3 6 12 24 48 50 98 196 294 297 591 b
1 2 3 6 12 24 48 50 98 196 294 588 591 b
1 2 3 6 12 24 48 50 98 196 392 395 591 b
1 2 3 6 12 24 48 50 98 196 392 588 591 b
1 2 3 6 12 24 48 51 96 147 294 297 591 a
1 2 3 6 12 24 48 51 96 147 294 588 591 a
1 2 3 6 12 24 48 51 99 123 246 345 591 b
1 2 3 6 12 24 48 51 99 123 246 492 591 b
1 2 3 6 12 24 48 51 99 147 246 345 591 b
1 2 3 6 12 24 48 51 99 147 246 492 591 b
1 2 3 6 12 24 48 51 99 147 294 297 591 b
1 2 3 6 12 24 48 51 99 147 294 588 591 b
1 2 3 6 12 24 48 51 99 198 246 345 591 b
1 2 3 6 12 24 48 51 99 198 246 492 591 b
1 2 3 6 12 24 48 72 75 147 222 369 591 b
1 2 3 6 12 24 48 72 75 147 222 444 591 b
1 2 3 6 12 24 48 72 75 147 294 297 591 b
1 2 3 6 12 24 48 72 75 147 294 588 591 b
1 2 3 6 12 24 48 72 144 147 294 297 591 b
1 2 3 6 12 24 48 72 144 147 294 588 591 b
1 2 3 6 12 24 48 72 144 150 294 297 591 b
1 2 3 6 12 24 48 72 144 150 294 588 591 b
1 2 3 6 12 24 48 72 144 288 291 300 591 a
1 2 3 6 12 24 48 72 144 288 291 303 591 b
1 2 3 6 12 24 48 72 144 288 291 579 591 b
1 2 3 6 12 24 48 72 144 288 294 297 591 b
1 2 3 6 12 24 48 72 144 288 294 588 591 b
1 2 3 6 12 24 48 72 144 288 300 303 591 b
1 2 3 6 12 24 48 72 144 288 300 588 591 b
1 2 3 6 12 24 48 72 144 288 576 579 591 b
1 2 3 6 12 24 48 72 144 288 576 588 591 b
1 2 3 6 12 24 48 96 97 100 197 394 591 b
1 2 3 6 12 24 48 96 97 193 199 392 591 b
1 2 3 6 12 24 48 96 97 193 199 398 591 b
1 2 3 6 12 24 48 96 97 193 205 386 591 a
1 2 3 6 12 24 48 96 97 193 205 398 591 b
1 2 3 6 12 24 48 96 97 193 386 398 591 b
1 2 3 6 12 24 48 96 97 193 386 579 591 b
1 2 3 6 12 24 48 96 97 194 197 394 591 b
1 2 3 6 12 24 48 96 98 99 197 394 591 b
1 2 3 6 12 24 48 96 98 101 197 394 591 b
1 2 3 6 12 24 48 96 98 194 197 394 591 b
1 2 3 6 12 24 48 96 98 196 197 394 591 b
1 2 3 6 12 24 48 96 98 196 199 392 591 a
1 2 3 6 12 24 48 96 98 196 199 395 591 b
1 2 3 6 12 24 48 96 98 196 294 297 591 b
1 2 3 6 12 24 48 96 98 196 294 588 591 b
1 2 3 6 12 24 48 96 98 196 392 395 591 b
1 2 3 6 12 24 48 96 98 196 392 588 591 b
1 2 3 6 12 24 48 96 99 101 197 394 591 b
1 2 3 6 12 24 48 96 99 123 246 345 591 b
1 2 3 6 12 24 48 96 99 123 246 492 591 b
1 2 3 6 12 24 48 96 99 147 246 345 591 b
1 2 3 6 12 24 48 96 99 147 246 492 591 b
1 2 3 6 12 24 48 96 99 147 294 297 591 b
1 2 3 6 12 24 48 96 99 147 294 588 591 b
1 2 3 6 12 24 48 96 99 195 197 394 591 b
1 2 3 6 12 24 48 96 99 195 198 393 591 b
1 2 3 6 12 24 48 96 99 195 198 396 591 b
1 2 3 6 12 24 48 96 99 195 201 390 591 a
1 2 3 6 12 24 48 96 99 195 201 396 591 b
1 2 3 6 12 24 48 96 99 195 294 297 591 b
1 2 3 6 12 24 48 96 99 195 294 588 591 b
1 2 3 6 12 24 48 96 99 195 390 396 591 b
1 2 3 6 12 24 48 96 99 195 390 585 591 b
1 2 3 6 12 24 48 96 99 198 246 345 591 b
1 2 3 6 12 24 48 96 99 198 246 492 591 b
1 2 3 6 12 24 48 96 99 198 294 297 591 b
1 2 3 6 12 24 48 96 99 198 294 393 591 b
1 2 3 6 12 24 48 96 99 198 294 492 591 b
1 2 3 6 12 24 48 96 99 198 294 588 591 b
1 2 3 6 12 24 48 96 99 198 297 393 591 b
1 2 3 6 12 24 48 96 99 198 297 495 591 b
1 2 3 6 12 24 48 96 99 198 396 492 591 b
1 2 3 6 12 24 48 96 99 198 396 495 591 b
1 2 3 6 12 24 48 96 102 192 294 297 591 a
1 2 3 6 12 24 48 96 102 192 294 588 591 a
1 2 3 6 12 24 48 96 102 198 294 297 591 b
1 2 3 6 12 24 48 96 102 198 294 588 591 b
1 2 3 6 12 24 48 96 144 147 294 297 591 b
1 2 3 6 12 24 48 96 144 147 294 588 591 b
1 2 3 6 12 24 48 96 144 150 294 297 591 b
1 2 3 6 12 24 48 96 144 150 294 588 591 b
1 2 3 6 12 24 48 96 144 288 291 300 591 a
1 2 3 6 12 24 48 96 144 288 291 303 591 b
1 2 3 6 12 24 48 96 144 288 291 579 591 b
1 2 3 6 12 24 48 96 144 288 294 297 591 b
1 2 3 6 12 24 48 96 144 288 294 588 591 b
1 2 3 6 12 24 48 96 144 288 300 303 591 b
1 2 3 6 12 24 48 96 144 288 300 588 591 b
1 2 3 6 12 24 48 96 144 288 576 579 591 b
1 2 3 6 12 24 48 96 144 288 576 588 591 b
1 2 3 6 12 24 48 96 192 193 199 392 591 b
1 2 3 6 12 24 48 96 192 193 199 398 591 b
1 2 3 6 12 24 48 96 192 193 205 386 591 a
1 2 3 6 12 24 48 96 192 193 205 398 591 b
1 2 3 6 12 24 48 96 192 193 386 398 591 b
1 2 3 6 12 24 48 96 192 193 386 579 591 b
1 2 3 6 12 24 48 96 192 194 197 394 591 b
1 2 3 6 12 24 48 96 192 195 197 394 591 b
1 2 3 6 12 24 48 96 192 195 198 393 591 b
1 2 3 6 12 24 48 96 192 195 198 396 591 b
1 2 3 6 12 24 48 96 192 195 201 390 591 a
1 2 3 6 12 24 48 96 192 195 201 396 591 b
1 2 3 6 12 24 48 96 192 195 204 387 591 a
1 2 3 6 12 24 48 96 192 195 204 396 591 a
1 2 3 6 12 24 48 96 192 195 204 399 591 a
1 2 3 6 12 24 48 96 192 195 207 384 591 a
1 2 3 6 12 24 48 96 192 195 207 399 591 b
1 2 3 6 12 24 48 96 192 195 384 396 591 a
1 2 3 6 12 24 48 96 192 195 384 579 591 a
1 2 3 6 12 24 48 96 192 195 387 399 591 b
1 2 3 6 12 24 48 96 192 195 387 579 591 b
1 2 3 6 12 24 48 96 192 195 390 396 591 b
1 2 3 6 12 24 48 96 192 195 390 585 591 b
1 2 3 6 12 24 48 96 192 198 201 390 591 a
1 2 3 6 12 24 48 96 192 198 201 393 591 b
1 2 3 6 12 24 48 96 192 198 201 399 591 b
1 2 3 6 12 24 48 96 192 198 294 297 591 b
1 2 3 6 12 24 48 96 192 198 294 588 591 b
1 2 3 6 12 24 48 96 192 198 390 393 591 b
1 2 3 6 12 24 48 96 192 198 390 588 591 b
1 2 3 6 12 24 48 96 192 198 396 399 591 b
1 2 3 6 12 24 48 96 192 198 396 588 591 b
1 2 3 6 12 24 48 96 192 204 207 384 591 a
1 2 3 6 12 24 48 96 192 204 207 399 591 b
1 2 3 6 12 24 48 96 192 204 384 387 591 a
1 2 3 6 12 24 48 96 192 204 384 588 591 a
1 2 3 6 12 24 48 96 192 204 396 399 591 b
1 2 3 6 12 24 48 96 192 204 396 588 591 b
1 2 3 6 12 24 48 96 192 288 291 300 591 a
1 2 3 6 12 24 48 96 192 288 291 303 591 b
1 2 3 6 12 24 48 96 192 288 291 579 591 b
1 2 3 6 12 24 48 96 192 288 294 297 591 b
1 2 3 6 12 24 48 96 192 288 294 588 591 b
1 2 3 6 12 24 48 96 192 288 300 303 591 b
1 2 3 6 12 24 48 96 192 288 300 588 591 b
1 2 3 6 12 24 48 96 192 288 576 579 591 b
1 2 3 6 12 24 48 96 192 288 576 588 591 b
1 2 3 6 12 24 48 96 192 384 387 399 591 b
1 2 3 6 12 24 48 96 192 384 387 579 591 b
1 2 3 6 12 24 48 96 192 384 396 399 591 b
1 2 3 6 12 24 48 96 192 384 396 588 591 b
1 2 3 6 12 24 48 96 192 384 576 579 591 b
1 2 3 6 12 24 48 96 192 384 576 588 591 b
1 2 4 5 6 12 24 48 96 101 197 394 591 b
1 2 4 5 6 12 24 48 96 192 197 394 591 b
1 2 4 5 7 12 24 48 96 101 197 394 591 b
1 2 4 5 7 12 24 48 96 192 197 394 591 b
1 2 4 5 8 12 24 48 96 101 197 394 591 a
1 2 4 5 8 12 24 48 96 192 197 394 591 a
1 2 4 5 8 16 24 48 96 101 197 394 591 a
1 2 4 5 8 16 24 48 96 192 197 394 591 a
1 2 4 5 8 16 32 48 96 101 197 394 591 a
1 2 4 5 8 16 32 48 96 192 197 394 591 a
1 2 4 5 8 16 32 64 69 128 197 394 591 a
1 2 4 5 8 16 32 64 69 133 197 394 591 a
1 2 4 5 8 16 32 64 96 101 197 394 591 a
1 2 4 5 8 16 32 64 96 192 197 394 591 a
1 2 4 5 8 16 32 64 128 133 197 394 591 a
1 2 4 5 8 16 32 64 128 192 197 394 591 a
1 2 4 5 9 18 36 72 77 149 221 370 591 b
1 2 4 5 9 18 36 72 77 149 221 442 591 b
1 2 4 5 9 18 36 72 144 149 221 370 591 b
1 2 4 5 9 18 36 72 144 149 221 442 591 b
1 2 4 5 9 18 36 72 144 149 293 298 591 b
1 2 4 5 9 18 36 72 144 149 293 442 591 b
1 2 4 5 9 18 36 72 144 149 293 586 591 b
1 2 4 5 9 18 36 72 144 149 298 442 591 b
1 2 4 5 9 18 36 72 144 149 298 447 591 b
1 2 4 5 9 18 36 72 144 288 293 298 591 b
1 2 4 5 9 18 36 72 144 288 293 586 591 b
1 2 4 5 10 12 24 48 96 101 197 394 591 b
1 2 4 5 10 12 24 48 96 192 197 394 591 b
1 2 4 5 10 14 24 48 96 101 197 394 591 b
1 2 4 5 10 14 24 48 96 192 197 394 591 b
1 2 4 5 10 20 24 48 96 101 197 394 591 b
1 2 4 5 10 20 24 48 96 192 197 394 591 b
1 2 4 6 12 24 25 49 74 123 197 394 591 b
1 2 4 6 12 24 25 49 74 148 197 394 591 b
1 2 4 6 12 24 25 49 98 99 197 394 591 b
1 2 4 6 12 24 25 49 98 196 197 394 591 b
1 2 4 6 12 24 48 49 98 99 197 394 591 b
1 2 4 6 12 24 48 49 98 196 197 394 591 b
1 2 4 6 12 24 48 50 98 99 197 394 591 b
1 2 4 6 12 24 48 50 98 196 197 394 591 b
1 2 4 6 12 24 48 96 97 100 197 394 591 a
1 2 4 6 12 24 48 96 97 101 197 394 591 b
1 2 4 6 12 24 48 96 97 193 197 394 591 b
1 2 4 6 12 24 48 96 97 193 199 392 591 b
1 2 4 6 12 24 48 96 97 193 199 398 591 b
1 2 4 6 12 24 48 96 97 193 205 386 591 a
1 2 4 6 12 24 48 96 97 193 205 398 591 b
1 2 4 6 12 24 48 96 97 193 386 398 591 b
1 2 4 6 12 24 48 96 97 193 386 579 591 b
1 2 4 6 12 24 48 96 98 99 197 394 591 b
1 2 4 6 12 24 48 96 98 196 197 394 591 b
1 2 4 6 12 24 48 96 100 101 197 394 591 b
1 2 4 6 12 24 48 96 100 196 197 394 591 b
1 2 4 6 12 24 48 96 192 193 197 394 591 b
1 2 4 6 12 24 48 96 192 193 199 392 591 b
1 2 4 6 12 24 48 96 192 193 199 398 591 b
1 2 4 6 12 24 48 96 192 193 205 386 591 a
1 2 4 6 12 24 48 96 192 193 205 398 591 b
1 2 4 6 12 24 48 96 192 193 386 398 591 b
1 2 4 6 12 24 48 96 192 193 386 579 591 b
1 2 4 6 12 24 48 96 192 196 197 394 591 b
1 2 4 8 9 17 34 43 77 120 197 394 591 b
1 2 4 8 9 17 34 43 77 154 197 394 591 b
1 2 4 8 12 24 25 49 74 123 197 394 591 b
1 2 4 8 12 24 25 49 74 148 197 394 591 b
1 2 4 8 12 24 25 49 98 99 197 394 591 b
1 2 4 8 12 24 25 49 98 196 197 394 591 b
1 2 4 8 12 24 48 49 98 99 197 394 591 b
1 2 4 8 12 24 48 49 98 196 197 394 591 b
1 2 4 8 12 24 48 50 98 99 197 394 591 b
1 2 4 8 12 24 48 50 98 196 197 394 591 b
1 2 4 8 12 24 48 96 97 100 197 394 591 a
1 2 4 8 12 24 48 96 97 101 197 394 591 b
1 2 4 8 12 24 48 96 97 193 197 394 591 b
1 2 4 8 12 24 48 96 97 193 205 386 591 a
1 2 4 8 12 24 48 96 97 193 205 398 591 b
1 2 4 8 12 24 48 96 97 193 386 398 591 b
1 2 4 8 12 24 48 96 97 193 386 579 591 b
1 2 4 8 12 24 48 96 98 99 197 394 591 b
1 2 4 8 12 24 48 96 98 196 197 394 591 b
1 2 4 8 12 24 48 96 100 101 197 394 591 b
1 2 4 8 12 24 48 96 100 196 197 394 591 b
1 2 4 8 12 24 48 96 192 193 197 394 591 b
1 2 4 8 12 24 48 96 192 193 205 386 591 a
1 2 4 8 12 24 48 96 192 193 205 398 591 b
1 2 4 8 12 24 48 96 192 193 386 398 591 b
1 2 4 8 12 24 48 96 192 193 386 579 591 b
1 2 4 8 12 24 48 96 192 196 197 394 591 b
1 2 4 8 16 17 32 49 98 99 197 394 591 a
1 2 4 8 16 17 32 49 98 196 197 394 591 a
1 2 4 8 16 17 33 41 82 115 197 394 591 b
1 2 4 8 16 17 33 41 82 164 197 394 591 b
1 2 4 8 16 17 33 49 82 115 197 394 591 b
1 2 4 8 16 17 33 49 82 164 197 394 591 b
1 2 4 8 16 17 33 49 98 99 197 394 591 b
1 2 4 8 16 17 33 49 98 196 197 394 591 b
1 2 4 8 16 17 33 66 82 115 197 394 591 b
1 2 4 8 16 17 33 66 82 164 197 394 591 b
1 2 4 8 16 24 25 49 74 123 197 394 591 b
1 2 4 8 16 24 25 49 74 148 197 394 591 b
1 2 4 8 16 24 25 49 98 99 197 394 591 b
1 2 4 8 16 24 25 49 98 196 197 394 591 b
1 2 4 8 16 24 48 49 98 99 197 394 591 b
1 2 4 8 16 24 48 49 98 196 197 394 591 b
1 2 4 8 16 24 48 50 98 99 197 394 591 b
1 2 4 8 16 24 48 50 98 196 197 394 591 b
1 2 4 8 16 24 48 96 97 100 197 394 591 a
1 2 4 8 16 24 48 96 97 101 197 394 591 b
1 2 4 8 16 24 48 96 97 193 197 394 591 b
1 2 4 8 16 24 48 96 98 99 197 394 591 b
1 2 4 8 16 24 48 96 98 196 197 394 591 b
1 2 4 8 16 24 48 96 100 101 197 394 591 b
1 2 4 8 16 24 48 96 100 196 197 394 591 b
1 2 4 8 16 24 48 96 192 193 197 394 591 b
1 2 4 8 16 24 48 96 192 196 197 394 591 b
1 2 4 8 16 32 33 41 82 115 197 394 591 b
1 2 4 8 16 32 33 41 82 164 197 394 591 b
1 2 4 8 16 32 33 49 82 115 197 394 591 b
1 2 4 8 16 32 33 49 82 164 197 394 591 b
1 2 4 8 16 32 33 49 98 99 197 394 591 b
1 2 4 8 16 32 33 49 98 196 197 394 591 b
1 2 4 8 16 32 33 65 66 131 197 394 591 b
1 2 4 8 16 32 33 65 66 132 197 394 591 b
1 2 4 8 16 32 33 65 67 130 197 394 591 a
1 2 4 8 16 32 33 65 67 132 197 394 591 b
1 2 4 8 16 32 33 65 98 99 197 394 591 b
1 2 4 8 16 32 33 65 98 196 197 394 591 b
1 2 4 8 16 32 33 65 130 132 197 394 591 b
1 2 4 8 16 32 33 65 130 195 197 394 591 b
1 2 4 8 16 32 33 66 82 115 197 394 591 b
1 2 4 8 16 32 33 66 82 164 197 394 591 b
1 2 4 8 16 32 33 66 98 99 197 394 591 b
1 2 4 8 16 32 33 66 98 131 197 394 591 b
1 2 4 8 16 32 33 66 98 164 197 394 591 b
1 2 4 8 16 32 33 66 98 196 197 394 591 b
1 2 4 8 16 32 33 66 99 131 197 394 591 b
1 2 4 8 16 32 33 66 99 131 230 361 591 b
1 2 4 8 16 32 33 66 99 131 230 460 591 b
1 2 4 8 16 32 33 66 99 165 197 394 591 b
1 2 4 8 16 32 33 66 132 164 197 394 591 b
1 2 4 8 16 32 33 66 132 165 197 394 591 b
1 2 4 8 16 32 34 64 98 99 197 394 591 a
1 2 4 8 16 32 34 64 98 196 197 394 591 a
1 2 4 8 16 32 34 66 98 99 197 394 591 b
1 2 4 8 16 32 34 66 98 196 197 394 591 b
1 2 4 8 16 32 48 49 98 99 197 394 591 b
1 2 4 8 16 32 48 49 98 196 197 394 591 b
1 2 4 8 16 32 48 50 98 99 197 394 591 b
1 2 4 8 16 32 48 50 98 196 197 394 591 b
1 2 4 8 16 32 48 96 97 100 197 394 591 a
1 2 4 8 16 32 48 96 97 101 197 394 591 b
1 2 4 8 16 32 48 96 97 193 197 394 591 b
1 2 4 8 16 32 48 96 98 99 197 394 591 b
1 2 4 8 16 32 48 96 98 196 197 394 591 b
1 2 4 8 16 32 48 96 100 101 197 394 591 b
1 2 4 8 16 32 48 96 100 196 197 394 591 b
1 2 4 8 16 32 48 96 192 193 197 394 591 b
1 2 4 8 16 32 48 96 192 196 197 394 591 b
1 2 4 8 16 32 64 65 66 131 197 394 591 b
1 2 4 8 16 32 64 65 66 132 197 394 591 b
1 2 4 8 16 32 64 65 67 130 197 394 591 a
1 2 4 8 16 32 64 65 67 131 262 329 591 b
1 2 4 8 16 32 64 65 67 131 262 524 591 b
1 2 4 8 16 32 64 65 67 132 197 394 591 b
1 2 4 8 16 32 64 65 68 129 197 394 591 a
1 2 4 8 16 32 64 65 68 132 197 394 591 a
1 2 4 8 16 32 64 65 68 133 197 394 591 a
1 2 4 8 16 32 64 65 69 128 197 394 591 a
1 2 4 8 16 32 64 65 69 133 197 394 591 b
1 2 4 8 16 32 64 65 128 132 197 394 591 a
1 2 4 8 16 32 64 65 128 193 197 394 591 a
1 2 4 8 16 32 64 65 129 133 197 394 591 b
1 2 4 8 16 32 64 65 129 193 197 394 591 b
1 2 4 8 16 32 64 65 130 132 197 394 591 b
1 2 4 8 16 32 64 65 130 195 197 394 591 b
1 2 4 8 16 32 64 66 67 130 197 394 591 a
1 2 4 8 16 32 64 66 67 131 197 394 591 b
1 2 4 8 16 32 64 66 67 131 262 329 591 b
1 2 4 8 16 32 64 66 67 131 262 524 591 b
1 2 4 8 16 32 64 66 67 133 197 394 591 b
1 2 4 8 16 32 64 66 98 99 197 394 591 b
1 2 4 8 16 32 64 66 98 196 197 394 591 b
1 2 4 8 16 32 64 66 130 131 197 394 591 b
1 2 4 8 16 32 64 66 130 196 197 394 591 b
1 2 4 8 16 32 64 66 132 133 197 394 591 b
1 2 4 8 16 32 64 66 132 196 197 394 591 b
1 2 4 8 16 32 64 68 69 128 197 394 591 a
1 2 4 8 16 32 64 68 69 133 197 394 591 b
1 2 4 8 16 32 64 68 128 129 197 394 591 a
1 2 4 8 16 32 64 68 128 196 197 394 591 a
1 2 4 8 16 32 64 68 132 133 197 394 591 b
1 2 4 8 16 32 64 68 132 196 197 394 591 b
1 2 4 8 16 32 64 96 97 100 197 394 591 a
1 2 4 8 16 32 64 96 97 101 197 394 591 b
1 2 4 8 16 32 64 96 97 193 197 394 591 b
1 2 4 8 16 32 64 96 98 99 197 394 591 b
1 2 4 8 16 32 64 96 98 196 197 394 591 b
1 2 4 8 16 32 64 96 100 101 197 394 591 b
1 2 4 8 16 32 64 96 100 196 197 394 591 b
1 2 4 8 16 32 64 96 192 193 197 394 591 b
1 2 4 8 16 32 64 96 192 196 197 394 591 b
1 2 4 8 16 32 64 128 129 133 197 394 591 b
1 2 4 8 16 32 64 128 129 193 197 394 591 b
1 2 4 8 16 32 64 128 132 133 197 394 591 b
1 2 4 8 16 32 64 128 132 196 197 394 591 b
1 2 4 8 16 32 64 128 192 193 197 394 591 b
1 2 4 8 16 32 64 128 192 196 197 394 591 b
