1 2 3 4 7 10 17 34 68 136 272 282 554 b
1 2 3 4 7 10 17 34 68 136 272 544 554 b
1 2 3 5 6 11 17 34 68 136 141 277 554 b
1 2 3 5 6 11 17 34 68 136 272 277 554 b
1 2 3 5 6 12 17 34 68 136 141 277 554 b
1 2 3 5 6 12 17 34 68 136 272 277 554 b
1 2 3 5 7 10 17 34 68 136 141 277 554 b
1 2 3 5 7 10 17 34 68 136 272 277 554 b
1 2 3 5 7 10 17 34 68 136 272 282 554 b
1 2 3 5 7 10 17 34 68 136 272 544 554 b
1 2 3 5 7 12 17 34 68 136 141 277 554 b
1 2 3 5 7 12 17 34 68 136 272 277 554 b
1 2 3 5 7 14 17 34 68 136 141 277 554 b
1 2 3 5 7 14 17 34 68 136 272 277 554 b
1 2 3 5 7 14 28 33 61 122 155 277 554 b
1 2 3 5 7 14 28 33 61 122 244 277 554 b
1 2 3 5 8 9 17 34 68 136 141 277 554 b
1 2 3 5 8 9 17 34 68 136 272 277 554 b
1 2 3 5 8 13 21 34 68 136 141 277 554 b
1 2 3 5 8 13 21 34 68 136 272 277 554 b
1 2 3 5 8 13 26 34 68 136 141 277 554 b
1 2 3 5 8 13 26 34 68 136 272 277 554 b
1 2 3 5 8 16 17 34 68 136 141 277 554 b
1 2 3 5 8 16 17 34 68 136 272 277 554 b
1 2 3 5 8 16 18 34 68 136 141 277 554 b
1 2 3 5 8 16 18 34 68 136 272 277 554 b
1 2 3 5 8 16 21 32 64 128 149 277 554 a
1 2 3 5 8 16 21 32 64 128 256 277 554 a
1 2 3 5 8 16 32 34 68 136 141 277 554 b
1 2 3 5 8 16 32 34 68 136 272 277 554 b
1 2 3 5 8 16 32 37 69 138 139 277 554 b
1 2 3 5 8 16 32 37 69 138 276 277 554 b
1 2 3 5 8 16 32 37 69 138 276 278 554 b
1 2 3 5 8 16 32 37 69 138 276 552 554 b
1 2 3 5 8 16 32 64 69 138 139 277 554 b
1 2 3 5 8 16 32 64 69 138 276 277 554 b
1 2 3 5 8 16 32 64 69 138 276 278 554 b
1 2 3 5 8 16 32 64 69 138 276 552 554 b
1 2 3 5 8 16 32 64 72 136 141 277 554 b
1 2 3 5 8 16 32 64 72 136 272 277 554 b
1 2 3 5 8 16 32 64 128 133 144 277 554 a
1 2 3 5 8 16 32 64 128 133 149 277 554 b
1 2 3 5 8 16 32 64 128 133 261 277 554 b
1 2 3 5 8 16 32 64 128 133 261 293 554 b
1 2 3 5 8 16 32 64 128 133 261 522 554 b
1 2 3 5 8 16 32 64 128 136 141 277 554 b
1 2 3 5 8 16 32 64 128 136 272 277 554 b
1 2 3 5 8 16 32 64 128 144 149 277 554 b
1 2 3 5 8 16 32 64 128 144 272 277 554 b
1 2 3 5 8 16 32 64 128 256 261 277 554 b
1 2 3 5 8 16 32 64 128 256 261 293 554 b
1 2 3 5 8 16 32 64 128 256 261 522 554 b
1 2 3 5 8 16 32 64 128 256 272 277 554 b
1 2 3 5 10 11 21 32 64 128 149 277 554 b
1 2 3 5 10 11 21 32 64 128 256 277 554 b
1 2 3 5 10 12 17 34 68 136 141 277 554 b
1 2 3 5 10 12 17 34 68 136 272 277 554 b
1 2 3 5 10 12 17 34 68 136 272 282 554 b
1 2 3 5 10 12 17 34 68 136 272 544 554 b
1 2 3 5 10 12 22 34 68 136 141 277 554 b
1 2 3 5 10 12 22 34 68 136 272 277 554 b
1 2 3 5 10 12 22 34 68 136 272 282 554 b
1 2 3 5 10 12 22 34 68 136 272 544 554 b
1 2 3 5 10 12 24 34 68 136 141 277 554 b
1 2 3 5 10 12 24 34 68 136 272 277 554 b
1 2 3 5 10 12 24 34 68 136 272 282 554 b
1 2 3 5 10 12 24 34 68 136 272 544 554 b
1 2 3 5 10 13 20 33 66 132 145 277 554 a
1 2 3 5 10 13 20 33 66 132 264 277 554 a
1 2 3 5 10 13 23 33 66 132 145 277 554 b
1 2 3 5 10 13 23 33 66 132 264 277 554 b
1 2 3 5 10 13 23 46 69 138 139 277 554 b
1 2 3 5 10 13 23 46 69 138 276 277 554 b
1 2 3 5 10 13 23 46 69 138 276 278 554 b
1 2 3 5 10 13 23 46 69 138 276 552 554 b
1 2 3 5 10 13 23 46 92 93 184 277 554 a
1 2 3 5 10 13 23 46 92 93 185 277 554 b
1 2 3 5 10 13 23 46 92 138 139 277 554 b
1 2 3 5 10 13 23 46 92 138 276 277 554 b
1 2 3 5 10 13 23 46 92 138 276 278 554 b
1 2 3 5 10 13 23 46 92 138 276 552 554 b
1 2 3 5 10 13 23 46 92 184 185 277 554 b
1 2 3 5 10 13 23 46 92 184 185 369 554 b
1 2 3 5 10 13 23 46 92 184 185 370 554 b
1 2 3 5 10 13 23 46 92 184 186 368 554 a
1 2 3 5 10 13 23 46 92 184 186 370 554 b
1 2 3 5 10 13 23 46 92 184 276 277 554 b
1 2 3 5 10 13 23 46 92 184 276 278 554 b
1 2 3 5 10 13 23 46 92 184 276 552 554 b
1 2 3 5 10 13 23 46 92 184 368 370 554 b
1 2 3 5 10 13 23 46 92 184 368 552 554 b
1 2 3 5 10 15 17 34 68 136 141 277 554 b
1 2 3 5 10 15 17 34 68 136 272 277 554 b
1 2 3 5 10 15 17 34 68 136 272 282 554 b
1 2 3 5 10 15 17 34 68 136 272 544 554 b
1 2 3 5 10 20 22 42 64 128 256 298 554 b
1 2 3 5 10 20 22 42 64 128 256 512 554 b
1 2 3 5 10 20 23 46 69 138 139 277 554 b
1 2 3 5 10 20 23 46 69 138 276 277 554 b
1 2 3 5 10 20 23 46 69 138 276 278 554 b
1 2 3 5 10 20 23 46 69 138 276 552 554 b
1 2 3 5 10 20 23 46 92 93 184 277 554 a
1 2 3 5 10 20 23 46 92 93 185 277 554 b
1 2 3 5 10 20 23 46 92 138 139 277 554 b
1 2 3 5 10 20 23 46 92 138 276 277 554 b
1 2 3 5 10 20 23 46 92 138 276 278 554 b
1 2 3 5 10 20 23 46 92 138 276 552 554 b
1 2 3 5 10 20 23 46 92 184 185 277 554 b
1 2 3 5 10 20 23 46 92 184 185 369 554 b
1 2 3 5 10 20 23 46 92 184 185 370 554 b
1 2 3 5 10 20 23 46 92 184 186 368 554 a
1 2 3 5 10 20 23 46 92 184 186 370 554 b
1 2 3 5 10 20 23 46 92 184 276 277 554 b
1 2 3 5 10 20 23 46 92 184 276 278 554 b
1 2 3 5 10 20 23 46 92 184 276 552 554 b
1 2 3 5 10 20 23 46 92 184 368 370 554 b
1 2 3 5 10 20 23 46 92 184 368 552 554 b
1 2 3 6 7 10 17 34 68 136 272 282 554 b
1 2 3 6 7 10 17 34 68 136 272 544 554 b
1 2 3 6 7 13 20 33 66 132 145 277 554 b
1 2 3 6 7 13 20 33 66 132 264 277 554 b
1 2 3 6 7 13 26 33 66 132 145 277 554 b
1 2 3 6 7 13 26 33 66 132 264 277 554 b
1 2 3 6 7 13 26 33 66 132 264 290 554 b
1 2 3 6 7 13 26 33 66 132 264 528 554 b
1 2 3 6 9 15 30 39 69 138 139 277 554 b
1 2 3 6 9 15 30 39 69 138 276 277 554 b
1 2 3 6 9 15 30 39 69 138 276 278 554 b
1 2 3 6 9 15 30 39 69 138 276 552 554 b
1 2 3 6 9 15 30 60 69 138 139 277 554 b
1 2 3 6 9 15 30 60 69 138 276 277 554 b
1 2 3 6 9 15 30 60 69 138 276 278 554 b
1 2 3 6 9 15 30 60 69 138 276 552 554 b
1 2 3 6 12 13 25 38 63 126 151 277 554 b
1 2 3 6 12 13 25 38 63 126 252 277 554 b
1 2 3 6 12 13 25 50 63 126 151 277 554 b
1 2 3 6 12 13 25 50 63 126 252 277 554 b
1 2 3 6 12 13 25 50 63 126 252 302 554 b
1 2 3 6 12 13 25 50 63 126 252 504 554 b
1 2 3 6 12 14 26 40 66 132 264 290 554 b
1 2 3 6 12 14 26 40 66 132 264 528 554 b
1 2 3 6 12 14 26 52 66 132 264 290 554 b
1 2 3 6 12 14 26 52 66 132 264 528 554 b
1 2 3 6 12 15 27 42 69 138 139 277 554 b
1 2 3 6 12 15 27 42 69 138 276 277 554 b
1 2 3 6 12 15 27 42 69 138 276 278 554 b
1 2 3 6 12 15 27 42 69 138 276 552 554 b
1 2 3 6 12 15 27 54 69 138 139 277 554 b
1 2 3 6 12 15 27 54 69 138 276 277 554 b
1 2 3 6 12 15 27 54 69 138 276 278 554 b
1 2 3 6 12 15 27 54 69 138 276 552 554 b
1 2 3 6 12 18 30 60 78 138 139 277 554 b
1 2 3 6 12 18 30 60 78 138 276 277 554 b
1 2 3 6 12 18 30 60 78 138 276 278 554 b
1 2 3 6 12 18 30 60 78 138 276 552 554 b
1 2 3 6 12 18 30 60 120 138 139 277 554 b
1 2 3 6 12 18 30 60 120 138 276 277 554 b
1 2 3 6 12 18 30 60 120 138 276 278 554 b
1 2 3 6 12 18 30 60 120 138 276 552 554 b
1 2 3 6 12 24 26 50 76 126 252 302 554 b
1 2 3 6 12 24 26 50 76 126 252 504 554 b
1 2 3 6 12 24 26 50 100 126 252 302 554 b
1 2 3 6 12 24 26 50 100 126 252 504 554 b
1 2 3 6 12 24 30 54 84 138 139 277 554 b
1 2 3 6 12 24 30 54 84 138 276 277 554 b
1 2 3 6 12 24 30 54 84 138 276 278 554 b
1 2 3 6 12 24 30 54 84 138 276 552 554 b
1 2 3 6 12 24 30 54 108 138 139 277 554 b
1 2 3 6 12 24 30 54 108 138 276 277 554 b
1 2 3 6 12 24 30 54 108 138 276 278 554 b
1 2 3 6 12 24 30 54 108 138 276 552 554 b
1 2 3 6 12 24 36 37 60 120 157 277 554 a
1 2 3 6 12 24 36 37 60 120 240 277 554 a
1 2 3 6 12 24 36 60 120 121 156 277 554 a
1 2 3 6 12 24 36 60 120 121 157 277 554 b
1 2 3 6 12 24 36 60 120 121 241 277 554 b
1 2 3 6 12 24 36 60 120 156 157 277 554 b
1 2 3 6 12 24 36 60 120 156 276 277 554 b
1 2 3 6 12 24 36 60 120 156 276 278 554 b
1 2 3 6 12 24 36 60 120 156 276 552 554 b
1 2 3 6 12 24 36 60 120 240 241 277 554 b
1 2 3 6 12 24 36 60 120 240 276 277 554 b
1 2 3 6 12 24 36 60 120 240 276 278 554 b
1 2 3 6 12 24 36 60 120 240 276 552 554 b
1 2 3 6 12 24 48 60 61 108 169 277 554 a
1 2 3 6 12 24 48 60 61 108 216 277 554 a
1 2 3 6 12 24 48 60 108 109 168 277 554 a
1 2 3 6 12 24 48 60 108 109 169 277 554 b
1 2 3 6 12 24 48 60 108 109 217 277 554 b
1 2 3 6 12 24 48 60 108 168 169 277 554 b
1 2 3 6 12 24 48 60 108 168 276 277 554 b
1 2 3 6 12 24 48 60 108 168 276 278 554 b
1 2 3 6 12 24 48 60 108 168 276 552 554 b
1 2 3 6 12 24 48 60 108 216 217 277 554 b
1 2 3 6 12 24 48 60 108 216 276 277 554 b
1 2 3 6 12 24 48 60 108 216 276 278 554 b
1 2 3 6 12 24 48 60 108 216 276 552 554 b
1 2 3 6 12 24 48 72 74 120 240 314 554 a
1 2 3 6 12 24 48 72 74 120 240 480 554 a
1 2 3 6 12 24 48 72 120 121 241 313 554 b
1 2 3 6 12 24 48 72 120 121 241 482 554 b
1 2 3 6 12 24 48 72 120 240 241 313 554 b
1 2 3 6 12 24 48 72 120 240 241 482 554 b
1 2 3 6 12 24 48 72 120 240 242 312 554 a
1 2 3 6 12 24 48 72 120 240 242 314 554 b
1 2 3 6 12 24 48 72 120 240 242 482 554 b
1 2 3 6 12 24 48 72 120 240 312 314 554 b
1 2 3 6 12 24 48 72 120 240 312 552 554 b
1 2 3 6 12 24 48 72 120 240 480 482 554 b
1 2 3 6 12 24 48 72 120 240 480 552 554 b
1 2 3 6 12 24 48 96 97 120 217 337 554 a
1 2 3 6 12 24 48 96 97 120 217 434 554 a
1 2 3 6 12 24 48 96 120 121 217 337 554 b
1 2 3 6 12 24 48 96 120 121 217 434 554 b
1 2 3 6 12 24 48 96 120 122 216 338 554 a
1 2 3 6 12 24 48 96 120 122 216 432 554 a
1 2 3 6 12 24 48 96 120 216 217 337 554 b
1 2 3 6 12 24 48 96 120 216 217 434 554 b
1 2 3 6 12 24 48 96 120 216 218 336 554 a
1 2 3 6 12 24 48 96 120 216 218 338 554 b
1 2 3 6 12 24 48 96 120 216 218 434 554 b
1 2 3 6 12 24 48 96 120 216 336 338 554 b
1 2 3 6 12 24 48 96 120 216 336 552 554 b
1 2 3 6 12 24 48 96 120 216 432 434 554 b
1 2 3 6 12 24 48 96 120 216 432 552 554 b
1 2 4 5 6 11 17 34 68 136 141 277 554 b
1 2 4 5 6 11 17 34 68 136 272 277 554 b
1 2 4 5 6 12 17 34 68 136 141 277 554 b
1 2 4 5 6 12 17 34 68 136 272 277 554 b
1 2 4 5 7 10 17 34 68 136 141 277 554 a
1 2 4 5 7 10 17 34 68 136 272 277 554 a
1 2 4 5 7 10 17 34 68 136 272 282 554 a
1 2 4 5 7 10 17 34 68 136 272 544 554 a
1 2 4 5 7 12 17 34 68 136 141 277 554 b
1 2 4 5 7 12 17 34 68 136 272 277 554 b
1 2 4 5 7 14 28 33 61 122 155 277 554 b
1 2 4 5 7 14 28 33 61 122 244 277 554 b
1 2 4 5 8 9 17 34 68 136 141 277 554 a
1 2 4 5 8 9 17 34 68 136 272 277 554 a
1 2 4 5 8 12 17 34 68 136 141 277 554 a
1 2 4 5 8 12 17 34 68 136 272 277 554 a
1 2 4 5 8 13 17 34 68 136 141 277 554 a
1 2 4 5 8 13 17 34 68 136 272 277 554 a
1 2 4 5 8 13 21 34 68 136 141 277 554 a
1 2 4 5 8 13 21 34 68 136 272 277 554 a
1 2 4 5 8 13 26 34 68 136 141 277 554 a
1 2 4 5 8 13 26 34 68 136 272 277 554 a
1 2 4 5 8 16 17 34 68 136 141 277 554 a
1 2 4 5 8 16 17 34 68 136 272 277 554 a
1 2 4 5 8 16 18 34 68 136 141 277 554 a
1 2 4 5 8 16 18 34 68 136 272 277 554 a
1 2 4 5 8 16 21 32 64 128 149 277 554 a
1 2 4 5 8 16 21 32 64 128 256 277 554 a
1 2 4 5 8 16 32 34 68 136 141 277 554 a
1 2 4 5 8 16 32 34 68 136 272 277 554 a
1 2 4 5 8 16 32 36 68 136 141 277 554 a
1 2 4 5 8 16 32 36 68 136 272 277 554 a
1 2 4 5 8 16 32 37 69 138 139 277 554 a
1 2 4 5 8 16 32 37 69 138 276 277 554 a
1 2 4 5 8 16 32 37 69 138 276 278 554 a
1 2 4 5 8 16 32 37 69 138 276 552 554 a
1 2 4 5 8 16 32 64 68 136 141 277 554 a
1 2 4 5 8 16 32 64 68 136 272 277 554 a
1 2 4 5 8 16 32 64 69 138 139 277 554 a
1 2 4 5 8 16 32 64 69 138 276 277 554 a
1 2 4 5 8 16 32 64 69 138 276 278 554 a
1 2 4 5 8 16 32 64 69 138 276 552 554 a
1 2 4 5 8 16 32 64 72 136 141 277 554 a
1 2 4 5 8 16 32 64 72 136 272 277 554 a
1 2 4 5 8 16 32 64 128 133 144 277 554 a
1 2 4 5 8 16 32 64 128 133 149 277 554 a
1 2 4 5 8 16 32 64 128 133 261 277 554 a
1 2 4 5 8 16 32 64 128 133 261 293 554 a
1 2 4 5 8 16 32 64 128 133 261 522 554 a
1 2 4 5 8 16 32 64 128 136 141 277 554 a
1 2 4 5 8 16 32 64 128 136 272 277 554 a
1 2 4 5 8 16 32 64 128 144 149 277 554 a
1 2 4 5 8 16 32 64 128 144 272 277 554 a
1 2 4 5 8 16 32 64 128 256 261 277 554 a
1 2 4 5 8 16 32 64 128 256 261 293 554 a
1 2 4 5 8 16 32 64 128 256 261 522 554 a
1 2 4 5 8 16 32 64 128 256 272 277 554 a
1 2 4 5 9 13 17 34 68 136 141 277 554 b
1 2 4 5 9 13 17 34 68 136 272 277 554 b
1 2 4 5 9 13 22 44 66 132 145 277 554 b
1 2 4 5 9 13 22 44 66 132 264 277 554 b
1 2 4 5 9 13 22 44 88 101 176 277 554 a
1 2 4 5 9 13 22 44 88 101 189 277 554 b
1 2 4 5 9 13 22 44 88 132 145 277 554 b
1 2 4 5 9 13 22 44 88 132 264 277 554 b
1 2 4 5 9 13 22 44 88 176 189 277 554 b
1 2 4 5 9 13 22 44 88 176 189 365 554 b
1 2 4 5 9 13 22 44 88 176 189 378 554 b
1 2 4 5 9 13 22 44 88 176 264 277 554 b
1 2 4 5 9 14 23 37 60 120 157 277 554 b
1 2 4 5 9 14 23 37 60 120 240 277 554 b
1 2 4 5 9 14 23 46 69 138 139 277 554 b
1 2 4 5 9 14 23 46 69 138 276 277 554 b
1 2 4 5 9 14 23 46 69 138 276 278 554 b
1 2 4 5 9 14 23 46 69 138 276 552 554 b
1 2 4 5 9 14 23 46 92 93 184 277 554 a
1 2 4 5 9 14 23 46 92 93 185 277 554 b
1 2 4 5 9 14 23 46 92 138 139 277 554 b
1 2 4 5 9 14 23 46 92 138 276 277 554 b
1 2 4 5 9 14 23 46 92 138 276 278 554 b
1 2 4 5 9 14 23 46 92 138 276 552 554 b
1 2 4 5 9 14 23 46 92 184 185 277 554 b
1 2 4 5 9 14 23 46 92 184 185 369 554 b
1 2 4 5 9 14 23 46 92 184 185 370 554 b
1 2 4 5 9 14 23 46 92 184 186 368 554 a
1 2 4 5 9 14 23 46 92 184 186 370 554 b
1 2 4 5 9 14 23 46 92 184 276 277 554 b
1 2 4 5 9 14 23 46 92 184 276 278 554 b
1 2 4 5 9 14 23 46 92 184 276 552 554 b
1 2 4 5 9 14 23 46 92 184 368 370 554 b
1 2 4 5 9 14 23 46 92 184 368 552 554 b
1 2 4 5 9 14 28 33 61 122 155 277 554 b
1 2 4 5 9 14 28 33 61 122 244 277 554 b
1 2 4 5 9 18 23 41 59 118 159 277 554 b
1 2 4 5 9 18 23 41 59 118 236 277 554 b
1 2 4 5 9 18 23 46 69 138 139 277 554 b
1 2 4 5 9 18 23 46 69 138 276 277 554 b
1 2 4 5 9 18 23 46 69 138 276 278 554 b
1 2 4 5 9 18 23 46 69 138 276 552 554 b
1 2 4 5 9 18 23 46 92 93 184 277 554 a
1 2 4 5 9 18 23 46 92 93 185 277 554 b
1 2 4 5 9 18 23 46 92 138 139 277 554 b
1 2 4 5 9 18 23 46 92 138 276 277 554 b
1 2 4 5 9 18 23 46 92 138 276 278 554 b
1 2 4 5 9 18 23 46 92 138 276 552 554 b
1 2 4 5 9 18 23 46 92 184 185 277 554 b
1 2 4 5 9 18 23 46 92 184 185 369 554 b
1 2 4 5 9 18 23 46 92 184 185 370 554 b
1 2 4 5 9 18 23 46 92 184 186 368 554 a
1 2 4 5 9 18 23 46 92 184 186 370 554 b
1 2 4 5 9 18 23 46 92 184 276 277 554 b
1 2 4 5 9 18 23 46 92 184 276 278 554 b
1 2 4 5 9 18 23 46 92 184 276 552 554 b
1 2 4 5 9 18 23 46 92 184 368 370 554 b
1 2 4 5 9 18 23 46 92 184 368 552 554 b
1 2 4 5 9 18 36 41 59 118 159 277 554 b
1 2 4 5 9 18 36 41 59 118 236 277 554 b
1 2 4 5 9 18 36 41 77 118 159 277 554 b
1 2 4 5 9 18 36 41 77 118 236 277 554 b
1 2 4 5 9 18 36 41 82 118 159 277 554 b
1 2 4 5 9 18 36 41 82 118 236 277 554 b
1 2 4 5 9 18 36 41 82 118 236 318 554 b
1 2 4 5 9 18 36 41 82 118 236 472 554 b
1 2 4 5 10 11 21 32 64 128 149 277 554 b
1 2 4 5 10 11 21 32 64 128 256 277 554 b
1 2 4 5 10 12 17 34 68 136 141 277 554 b
1 2 4 5 10 12 17 34 68 136 272 277 554 b
1 2 4 5 10 12 17 34 68 136 272 282 554 b
1 2 4 5 10 12 17 34 68 136 272 544 554 b
1 2 4 5 10 12 22 34 68 136 141 277 554 b
1 2 4 5 10 12 22 34 68 136 272 277 554 b
1 2 4 5 10 12 22 34 68 136 272 282 554 b
1 2 4 5 10 12 22 34 68 136 272 544 554 b
1 2 4 5 10 12 24 34 68 136 141 277 554 b
1 2 4 5 10 12 24 34 68 136 272 277 554 b
1 2 4 5 10 12 24 34 68 136 272 282 554 b
1 2 4 5 10 12 24 34 68 136 272 544 554 b
1 2 4 5 10 14 20 34 68 136 141 277 554 a
1 2 4 5 10 14 20 34 68 136 272 277 554 a
1 2 4 5 10 14 20 34 68 136 272 282 554 a
1 2 4 5 10 14 20 34 68 136 272 544 554 a
1 2 4 5 10 14 24 34 68 136 141 277 554 b
1 2 4 5 10 14 24 34 68 136 272 277 554 b
1 2 4 5 10 14 24 34 68 136 272 282 554 b
1 2 4 5 10 14 24 34 68 136 272 544 554 b
1 2 4 5 10 14 28 33 61 122 155 277 554 b
1 2 4 5 10 14 28 33 61 122 244 277 554 b
1 2 4 5 10 14 28 56 66 122 244 310 554 b
1 2 4 5 10 14 28 56 66 122 244 488 554 b
1 2 4 5 10 15 17 34 68 136 141 277 554 b
1 2 4 5 10 15 17 34 68 136 272 277 554 b
1 2 4 5 10 15 17 34 68 136 272 282 554 b
1 2 4 5 10 15 17 34 68 136 272 544 554 b
1 2 4 5 10 15 19 34 68 136 141 277 554 b
1 2 4 5 10 15 19 34 68 136 272 277 554 b
1 2 4 5 10 15 19 34 68 136 272 282 554 b
1 2 4 5 10 15 19 34 68 136 272 544 554 b
1 2 4 5 10 15 30 34 68 136 141 277 554 b
1 2 4 5 10 15 30 34 68 136 272 277 554 b
1 2 4 5 10 15 30 34 68 136 272 282 554 b
1 2 4 5 10 15 30 34 68 136 272 544 554 b
1 2 4 5 10 20 22 42 64 128 256 298 554 b
1 2 4 5 10 20 22 42 64 128 256 512 554 b
1 2 4 5 10 20 24 34 68 136 141 277 554 b
1 2 4 5 10 20 24 34 68 136 272 277 554 b
1 2 4 5 10 20 24 34 68 136 272 282 554 b
1 2 4 5 10 20 24 34 68 136 272 544 554 b
1 2 4 5 10 20 24 44 68 136 141 277 554 b
1 2 4 5 10 20 24 44 68 136 272 277 554 b
1 2 4 5 10 20 24 44 68 136 272 282 554 b
1 2 4 5 10 20 24 44 68 136 272 544 554 b
1 2 4 5 10 20 24 48 68 136 141 277 554 b
1 2 4 5 10 20 24 48 68 136 272 277 554 b
1 2 4 5 10 20 24 48 68 136 272 282 554 b
1 2 4 5 10 20 24 48 68 136 272 544 554 b
1 2 4 5 10 20 30 34 68 136 141 277 554 b
1 2 4 5 10 20 30 34 68 136 272 277 554 b
1 2 4 5 10 20 30 34 68 136 272 282 554 b
1 2 4 5 10 20 30 34 68 136 272 544 554 b
1 2 4 6 7 10 17 34 68 136 272 282 554 a
1 2 4 6 7 10 17 34 68 136 272 544 554 a
1 2 4 6 7 13 20 33 66 132 145 277 554 b
1 2 4 6 7 13 20 33 66 132 264 277 554 b
1 2 4 6 7 13 26 33 66 132 145 277 554 b
1 2 4 6 7 13 26 33 66 132 264 277 554 b
1 2 4 6 7 13 26 33 66 132 264 290 554 b
1 2 4 6 7 13 26 33 66 132 264 528 554 b
1 2 4 6 10 11 17 34 68 136 272 282 554 b
1 2 4 6 10 11 17 34 68 136 272 544 554 b
1 2 4 6 10 11 21 32 64 128 149 277 554 b
1 2 4 6 10 11 21 32 64 128 256 277 554 b
1 2 4 6 10 12 22 34 68 136 272 282 554 b
1 2 4 6 10 12 22 34 68 136 272 544 554 b
1 2 4 6 10 12 24 34 68 136 272 282 554 b
1 2 4 6 10 12 24 34 68 136 272 544 554 b
1 2 4 6 10 14 20 34 68 136 272 282 554 b
1 2 4 6 10 14 20 34 68 136 272 544 554 b
1 2 4 6 10 14 24 34 68 136 272 282 554 b
1 2 4 6 10 14 24 34 68 136 272 544 554 b
1 2 4 6 10 14 28 34 68 136 272 282 554 b
1 2 4 6 10 14 28 34 68 136 272 544 554 b
1 2 4 6 10 14 28 56 66 122 244 310 554 b
1 2 4 6 10 14 28 56 66 122 244 488 554 b
1 2 4 6 10 16 17 34 68 136 272 282 554 b
1 2 4 6 10 16 17 34 68 136 272 544 554 b
1 2 4 6 10 16 18 34 68 136 272 282 554 b
1 2 4 6 10 16 18 34 68 136 272 544 554 b
1 2 4 6 10 16 26 42 68 136 272 282 554 b
1 2 4 6 10 16 26 42 68 136 272 544 554 b
1 2 4 6 10 16 26 52 68 136 272 282 554 b
1 2 4 6 10 16 26 52 68 136 272 544 554 b
1 2 4 6 10 16 32 34 68 136 272 282 554 b
1 2 4 6 10 16 32 34 68 136 272 544 554 b
1 2 4 6 10 16 32 36 68 136 272 282 554 b
1 2 4 6 10 16 32 36 68 136 272 544 554 b
1 2 4 6 10 16 32 42 64 128 256 298 554 a
1 2 4 6 10 16 32 42 64 128 256 512 554 a
1 2 4 6 10 16 32 64 68 136 272 282 554 b
1 2 4 6 10 16 32 64 68 136 272 544 554 b
1 2 4 6 10 16 32 64 74 138 139 277 554 b
1 2 4 6 10 16 32 64 74 138 276 277 554 b
1 2 4 6 10 16 32 64 74 138 276 278 554 b
1 2 4 6 10 16 32 64 74 138 276 552 554 b
1 2 4 6 10 16 32 64 128 138 139 277 554 b
1 2 4 6 10 16 32 64 128 138 276 277 554 b
1 2 4 6 10 16 32 64 128 138 276 278 554 b
1 2 4 6 10 16 32 64 128 138 276 552 554 b
1 2 4 6 10 16 32 64 128 144 272 282 554 b
1 2 4 6 10 16 32 64 128 144 272 544 554 b
1 2 4 6 10 16 32 64 128 256 266 288 554 a
1 2 4 6 10 16 32 64 128 256 266 298 554 b
1 2 4 6 10 16 32 64 128 256 266 522 554 b
1 2 4 6 10 16 32 64 128 256 272 282 554 b
1 2 4 6 10 16 32 64 128 256 272 544 554 b
1 2 4 6 10 16 32 64 128 256 288 298 554 b
1 2 4 6 10 16 32 64 128 256 288 544 554 b
1 2 4 6 10 16 32 64 128 256 512 522 554 b
1 2 4 6 10 16 32 64 128 256 512 544 554 b
1 2 4 6 10 20 22 42 64 128 256 298 554 b
1 2 4 6 10 20 22 42 64 128 256 512 554 b
1 2 4 6 10 20 24 34 68 136 272 282 554 b
1 2 4 6 10 20 24 34 68 136 272 544 554 b
1 2 4 6 10 20 24 44 68 136 272 282 554 b
1 2 4 6 10 20 24 44 68 136 272 544 554 b
1 2 4 6 10 20 24 48 68 136 272 282 554 b
1 2 4 6 10 20 24 48 68 136 272 544 554 b
1 2 4 6 10 20 26 40 66 132 264 290 554 a
1 2 4 6 10 20 26 40 66 132 264 528 554 a
1 2 4 6 10 20 26 46 66 132 264 290 554 b
1 2 4 6 10 20 26 46 66 132 264 528 554 b
1 2 4 6 10 20 26 46 92 93 184 277 554 a
1 2 4 6 10 20 26 46 92 93 185 277 554 b
1 2 4 6 10 20 26 46 92 138 139 277 554 b
1 2 4 6 10 20 26 46 92 138 276 277 554 b
1 2 4 6 10 20 26 46 92 138 276 278 554 b
1 2 4 6 10 20 26 46 92 138 276 552 554 b
1 2 4 6 10 20 26 46 92 184 185 277 554 b
1 2 4 6 10 20 26 46 92 184 185 369 554 b
1 2 4 6 10 20 26 46 92 184 185 370 554 b
1 2 4 6 10 20 26 46 92 184 186 368 554 a
1 2 4 6 10 20 26 46 92 184 186 370 554 b
1 2 4 6 10 20 26 46 92 184 276 277 554 b
1 2 4 6 10 20 26 46 92 184 276 278 554 b
1 2 4 6 10 20 26 46 92 184 276 552 554 b
1 2 4 6 10 20 26 46 92 184 368 370 554 b
1 2 4 6 10 20 26 46 92 184 368 552 554 b
1 2 4 6 10 20 30 34 68 136 272 282 554 b
1 2 4 6 10 20 30 34 68 136 272 544 554 b
1 2 4 6 10 20 40 46 92 93 184 277 554 a
1 2 4 6 10 20 40 46 92 93 185 277 554 b
1 2 4 6 10 20 40 46 92 138 139 277 554 b
1 2 4 6 10 20 40 46 92 138 276 277 554 b
1 2 4 6 10 20 40 46 92 138 276 278 554 b
1 2 4 6 10 20 40 46 92 138 276 552 554 b
1 2 4 6 10 20 40 46 92 184 185 277 554 b
1 2 4 6 10 20 40 46 92 184 185 369 554 b
1 2 4 6 10 20 40 46 92 184 185 370 554 b
1 2 4 6 10 20 40 46 92 184 186 368 554 a
1 2 4 6 10 20 40 46 92 184 186 370 554 b
1 2 4 6 10 20 40 46 92 184 276 277 554 b
1 2 4 6 10 20 40 46 92 184 276 278 554 b
1 2 4 6 10 20 40 46 92 184 276 552 554 b
1 2 4 6 10 20 40 46 92 184 368 370 554 b
1 2 4 6 10 20 40 46 92 184 368 552 554 b
1 2 4 6 12 13 25 38 63 126 151 277 554 b
1 2 4 6 12 13 25 38 63 126 252 277 554 b
1 2 4 6 12 13 25 50 63 126 151 277 554 b
1 2 4 6 12 13 25 50 63 126 252 277 554 b
1 2 4 6 12 13 25 50 63 126 252 302 554 b
1 2 4 6 12 13 25 50 63 126 252 504 554 b
1 2 4 6 12 14 26 40 66 132 264 290 554 b
1 2 4 6 12 14 26 40 66 132 264 528 554 b
1 2 4 6 12 14 26 52 66 132 264 290 554 b
1 2 4 6 12 14 26 52 66 132 264 528 554 b
1 2 4 6 12 18 30 60 78 138 139 277 554 b
1 2 4 6 12 18 30 60 78 138 276 277 554 b
1 2 4 6 12 18 30 60 78 138 276 278 554 b
1 2 4 6 12 18 30 60 78 138 276 552 554 b
1 2 4 6 12 18 30 60 120 138 139 277 554 b
1 2 4 6 12 18 30 60 120 138 276 277 554 b
1 2 4 6 12 18 30 60 120 138 276 278 554 b
1 2 4 6 12 18 30 60 120 138 276 552 554 b
1 2 4 6 12 24 26 50 76 126 252 302 554 b
1 2 4 6 12 24 26 50 76 126 252 504 554 b
1 2 4 6 12 24 26 50 100 126 252 302 554 b
1 2 4 6 12 24 26 50 100 126 252 504 554 b
1 2 4 6 12 24 30 54 84 138 139 277 554 b
1 2 4 6 12 24 30 54 84 138 276 277 554 b
1 2 4 6 12 24 30 54 84 138 276 278 554 b
1 2 4 6 12 24 30 54 84 138 276 552 554 b
1 2 4 6 12 24 30 54 108 138 139 277 554 b
1 2 4 6 12 24 30 54 108 138 276 277 554 b
1 2 4 6 12 24 30 54 108 138 276 278 554 b
1 2 4 6 12 24 30 54 108 138 276 552 554 b
1 2 4 6 12 24 36 37 60 120 157 277 554 a
1 2 4 6 12 24 36 37 60 120 240 277 554 a
1 2 4 6 12 24 36 60 120 121 156 277 554 a
1 2 4 6 12 24 36 60 120 121 157 277 554 b
1 2 4 6 12 24 36 60 120 121 241 277 554 b
1 2 4 6 12 24 36 60 120 156 157 277 554 b
1 2 4 6 12 24 36 60 120 156 276 277 554 b
1 2 4 6 12 24 36 60 120 156 276 278 554 b
1 2 4 6 12 24 36 60 120 156 276 552 554 b
1 2 4 6 12 24 36 60 120 240 241 277 554 b
1 2 4 6 12 24 36 60 120 240 276 277 554 b
1 2 4 6 12 24 36 60 120 240 276 278 554 b
1 2 4 6 12 24 36 60 120 240 276 552 554 b
1 2 4 6 12 24 48 60 61 108 169 277 554 a
1 2 4 6 12 24 48 60 61 108 216 277 554 a
1 2 4 6 12 24 48 60 108 109 168 277 554 a
1 2 4 6 12 24 48 60 108 109 169 277 554 b
1 2 4 6 12 24 48 60 108 109 217 277 554 b
1 2 4 6 12 24 48 60 108 168 169 277 554 b
1 2 4 6 12 24 48 60 108 168 276 277 554 b
1 2 4 6 12 24 48 60 108 168 276 278 554 b
1 2 4 6 12 24 48 60 108 168 276 552 554 b
1 2 4 6 12 24 48 60 108 216 217 277 554 b
1 2 4 6 12 24 48 60 108 216 276 277 554 b
1 2 4 6 12 24 48 60 108 216 276 278 554 b
1 2 4 6 12 24 48 60 108 216 276 552 554 b
1 2 4 6 12 24 48 72 74 120 240 314 554 a
1 2 4 6 12 24 48 72 74 120 240 480 554 a
1 2 4 6 12 24 48 72 120 121 241 313 554 b
1 2 4 6 12 24 48 72 120 121 241 482 554 b
1 2 4 6 12 24 48 72 120 240 241 313 554 b
1 2 4 6 12 24 48 72 120 240 241 482 554 b
1 2 4 6 12 24 48 72 120 240 242 312 554 a
1 2 4 6 12 24 48 72 120 240 242 314 554 b
1 2 4 6 12 24 48 72 120 240 242 482 554 b
1 2 4 6 12 24 48 72 120 240 312 314 554 b
1 2 4 6 12 24 48 72 120 240 312 552 554 b
1 2 4 6 12 24 48 72 120 240 480 482 554 b
1 2 4 6 12 24 48 72 120 240 480 552 554 b
1 2 4 6 12 24 48 96 97 120 217 337 554 a
1 2 4 6 12 24 48 96 97 120 217 434 554 a
1 2 4 6 12 24 48 96 120 121 217 337 554 b
1 2 4 6 12 24 48 96 120 121 217 434 554 b
1 2 4 6 12 24 48 96 120 122 216 338 554 a
1 2 4 6 12 24 48 96 120 122 216 432 554 a
1 2 4 6 12 24 48 96 120 216 217 337 554 b
1 2 4 6 12 24 48 96 120 216 217 434 554 b
1 2 4 6 12 24 48 96 120 216 218 336 554 a
1 2 4 6 12 24 48 96 120 216 218 338 554 b
1 2 4 6 12 24 48 96 120 216 218 434 554 b
1 2 4 6 12 24 48 96 120 216 336 338 554 b
1 2 4 6 12 24 48 96 120 216 336 552 554 b
1 2 4 6 12 24 48 96 120 216 432 434 554 b
1 2 4 6 12 24 48 96 120 216 432 552 554 b
1 2 4 8 9 10 17 34 68 136 272 282 554 a
1 2 4 8 9 10 17 34 68 136 272 544 554 a
1 2 4 8 9 13 22 44 66 132 145 277 554 b
1 2 4 8 9 13 22 44 66 132 264 277 554 b
1 2 4 8 9 13 22 44 88 101 176 277 554 a
1 2 4 8 9 13 22 44 88 101 189 277 554 b
1 2 4 8 9 13 22 44 88 132 145 277 554 b
1 2 4 8 9 13 22 44 88 132 264 277 554 b
1 2 4 8 9 13 22 44 88 176 189 277 554 b
1 2 4 8 9 13 22 44 88 176 189 365 554 b
1 2 4 8 9 13 22 44 88 176 189 378 554 b
1 2 4 8 9 13 22 44 88 176 264 277 554 b
1 2 4 8 9 16 25 50 59 109 168 277 554 a
1 2 4 8 9 16 25 50 59 109 218 277 554 a
1 2 4 8 9 17 25 42 67 134 143 277 554 b
1 2 4 8 9 17 25 42 67 134 268 277 554 b
1 2 4 8 9 17 25 42 84 109 168 277 554 a
1 2 4 8 9 17 25 42 84 109 193 277 554 b
1 2 4 8 9 17 25 42 84 126 151 277 554 b
1 2 4 8 9 17 25 42 84 126 252 277 554 b
1 2 4 8 9 17 25 42 84 168 193 277 554 b
1 2 4 8 9 17 25 42 84 168 193 361 554 b
1 2 4 8 9 17 25 42 84 168 193 386 554 b
1 2 4 8 9 17 25 42 84 168 252 277 554 b
1 2 4 8 9 17 25 50 59 109 168 277 554 b
1 2 4 8 9 17 25 50 59 109 218 277 554 b
1 2 4 8 9 17 25 50 67 134 143 277 554 b
1 2 4 8 9 17 25 50 67 134 268 277 554 b
1 2 4 8 9 17 26 43 69 138 139 277 554 b
1 2 4 8 9 17 26 43 69 138 276 277 554 b
1 2 4 8 9 17 26 43 69 138 276 278 554 b
1 2 4 8 9 17 26 43 69 138 276 552 554 b
1 2 4 8 9 17 26 52 69 104 173 277 554 a
1 2 4 8 9 17 26 52 69 104 208 277 554 a
1 2 4 8 9 17 26 52 69 138 139 277 554 b
1 2 4 8 9 17 26 52 69 138 276 277 554 b
1 2 4 8 9 17 26 52 69 138 276 278 554 b
1 2 4 8 9 17 26 52 69 138 276 552 554 b
1 2 4 8 9 17 26 52 78 130 147 277 554 b
1 2 4 8 9 17 26 52 78 130 260 277 554 b
1 2 4 8 9 17 26 52 104 121 156 277 554 a
1 2 4 8 9 17 26 52 104 121 173 277 554 b
1 2 4 8 9 17 26 52 104 121 225 277 554 b
1 2 4 8 9 17 26 52 104 121 225 329 554 b
1 2 4 8 9 17 26 52 104 121 225 450 554 b
1 2 4 8 9 17 26 52 104 130 147 277 554 b
1 2 4 8 9 17 26 52 104 130 260 277 554 b
1 2 4 8 9 17 26 52 104 156 173 277 554 b
1 2 4 8 9 17 26 52 104 156 260 277 554 b
1 2 4 8 9 17 26 52 104 208 225 277 554 b
1 2 4 8 9 17 26 52 104 208 225 329 554 b
1 2 4 8 9 17 26 52 104 208 225 450 554 b
1 2 4 8 9 17 26 52 104 208 260 277 554 b
1 2 4 8 9 17 34 35 69 104 173 277 554 b
1 2 4 8 9 17 34 35 69 104 208 277 554 b
1 2 4 8 9 17 34 35 69 138 139 277 554 b
1 2 4 8 9 17 34 35 69 138 276 277 554 b
1 2 4 8 9 17 34 35 69 138 276 278 554 b
1 2 4 8 9 17 34 35 69 138 276 552 554 b
1 2 4 8 9 17 34 68 69 138 139 277 554 b
1 2 4 8 9 17 34 68 69 138 276 277 554 b
1 2 4 8 9 17 34 68 69 138 276 278 554 b
1 2 4 8 9 17 34 68 69 138 276 552 554 b
1 2 4 8 9 17 34 68 70 138 139 277 554 b
1 2 4 8 9 17 34 68 70 138 208 346 554 b
1 2 4 8 9 17 34 68 70 138 208 416 554 b
1 2 4 8 9 17 34 68 70 138 276 277 554 b
1 2 4 8 9 17 34 68 70 138 276 278 554 b
1 2 4 8 9 17 34 68 70 138 276 552 554 b
1 2 4 8 9 17 34 68 136 137 140 277 554 a
1 2 4 8 9 17 34 68 136 137 141 277 554 b
1 2 4 8 9 17 34 68 136 137 273 277 554 b
1 2 4 8 9 17 34 68 136 137 273 281 554 b
1 2 4 8 9 17 34 68 136 137 273 546 554 b
1 2 4 8 9 17 34 68 136 138 139 277 554 b
1 2 4 8 9 17 34 68 136 138 276 277 554 b
1 2 4 8 9 17 34 68 136 138 276 278 554 b
1 2 4 8 9 17 34 68 136 138 276 552 554 b
1 2 4 8 9 17 34 68 136 140 141 277 554 b
1 2 4 8 9 17 34 68 136 140 276 277 554 b
1 2 4 8 9 17 34 68 136 140 276 278 554 b
1 2 4 8 9 17 34 68 136 140 276 552 554 b
1 2 4 8 9 17 34 68 136 272 273 277 554 b
1 2 4 8 9 17 34 68 136 272 273 281 554 b
1 2 4 8 9 17 34 68 136 272 273 282 554 b
1 2 4 8 9 17 34 68 136 272 273 545 554 b
1 2 4 8 9 17 34 68 136 272 273 546 554 b
1 2 4 8 9 17 34 68 136 272 274 280 554 a
1 2 4 8 9 17 34 68 136 272 274 282 554 b
1 2 4 8 9 17 34 68 136 272 274 546 554 b
1 2 4 8 9 17 34 68 136 272 276 277 554 b
1 2 4 8 9 17 34 68 136 272 276 278 554 b
1 2 4 8 9 17 34 68 136 272 276 552 554 b
1 2 4 8 9 17 34 68 136 272 280 282 554 b
1 2 4 8 9 17 34 68 136 272 280 552 554 b
1 2 4 8 9 17 34 68 136 272 281 282 554 b
1 2 4 8 9 17 34 68 136 272 281 553 554 b
1 2 4 8 9 17 34 68 136 272 544 545 554 b
1 2 4 8 9 17 34 68 136 272 544 546 554 b
1 2 4 8 9 17 34 68 136 272 544 552 554 b
1 2 4 8 9 17 34 68 136 272 544 553 554 b
1 2 4 8 9 18 26 44 88 132 264 290 554 b
1 2 4 8 9 18 26 44 88 132 264 528 554 b
1 2 4 8 9 18 26 44 88 176 202 352 554 a
1 2 4 8 9 18 26 44 88 176 202 378 554 b
1 2 4 8 9 18 26 44 88 176 264 290 554 b
1 2 4 8 9 18 26 44 88 176 264 528 554 b
1 2 4 8 9 18 26 44 88 176 352 378 554 b
1 2 4 8 9 18 26 44 88 176 352 528 554 b
1 2 4 8 10 11 21 32 64 128 149 277 554 b
1 2 4 8 10 11 21 32 64 128 256 277 554 b
1 2 4 8 10 12 22 34 68 136 272 282 554 b
1 2 4 8 10 12 22 34 68 136 272 544 554 b
1 2 4 8 10 12 24 34 68 136 272 282 554 b
1 2 4 8 10 12 24 34 68 136 272 544 554 b
1 2 4 8 10 14 20 34 68 136 272 282 554 a
1 2 4 8 10 14 20 34 68 136 272 544 554 a
1 2 4 8 10 14 24 34 68 136 272 282 554 b
1 2 4 8 10 14 24 34 68 136 272 544 554 b
1 2 4 8 10 14 28 56 66 122 244 310 554 b
1 2 4 8 10 14 28 56 66 122 244 488 554 b
1 2 4 8 10 16 17 34 68 136 272 282 554 a
1 2 4 8 10 16 17 34 68 136 272 544 554 a
1 2 4 8 10 16 18 34 68 136 272 282 554 a
1 2 4 8 10 16 18 34 68 136 272 544 554 a
1 2 4 8 10 16 24 34 68 136 272 282 554 a
1 2 4 8 10 16 24 34 68 136 272 544 554 a
1 2 4 8 10 16 26 34 68 136 272 282 554 a
1 2 4 8 10 16 26 34 68 136 272 544 554 a
1 2 4 8 10 16 26 42 68 136 272 282 554 a
1 2 4 8 10 16 26 42 68 136 272 544 554 a
1 2 4 8 10 16 26 52 68 136 272 282 554 a
1 2 4 8 10 16 26 52 68 136 272 544 554 a
1 2 4 8 10 16 32 34 68 136 272 282 554 a
1 2 4 8 10 16 32 34 68 136 272 544 554 a
1 2 4 8 10 16 32 36 68 136 272 282 554 a
1 2 4 8 10 16 32 36 68 136 272 544 554 a
1 2 4 8 10 16 32 42 64 128 256 298 554 a
1 2 4 8 10 16 32 42 64 128 256 512 554 a
1 2 4 8 10 16 32 64 68 136 272 282 554 a
1 2 4 8 10 16 32 64 68 136 272 544 554 a
1 2 4 8 10 16 32 64 72 136 272 282 554 a
1 2 4 8 10 16 32 64 72 136 272 544 554 a
1 2 4 8 10 16 32 64 74 138 139 277 554 a
1 2 4 8 10 16 32 64 74 138 276 277 554 a
1 2 4 8 10 16 32 64 74 138 276 278 554 a
1 2 4 8 10 16 32 64 74 138 276 552 554 a
1 2 4 8 10 16 32 64 128 136 272 282 554 a
1 2 4 8 10 16 32 64 128 136 272 544 554 a
1 2 4 8 10 16 32 64 128 138 139 277 554 a
1 2 4 8 10 16 32 64 128 138 276 277 554 a
1 2 4 8 10 16 32 64 128 138 276 278 554 a
1 2 4 8 10 16 32 64 128 138 276 552 554 a
1 2 4 8 10 16 32 64 128 144 272 282 554 a
1 2 4 8 10 16 32 64 128 144 272 544 554 a
1 2 4 8 10 16 32 64 128 256 266 288 554 a
1 2 4 8 10 16 32 64 128 256 266 298 554 a
1 2 4 8 10 16 32 64 128 256 266 522 554 a
1 2 4 8 10 16 32 64 128 256 272 282 554 a
1 2 4 8 10 16 32 64 128 256 272 544 554 a
1 2 4 8 10 16 32 64 128 256 288 298 554 a
1 2 4 8 10 16 32 64 128 256 288 544 554 a
1 2 4 8 10 16 32 64 128 256 512 522 554 a
1 2 4 8 10 16 32 64 128 256 512 544 554 a
1 2 4 8 10 18 26 34 68 136 272 282 554 b
1 2 4 8 10 18 26 34 68 136 272 544 554 b
1 2 4 8 10 18 26 44 88 132 264 290 554 b
1 2 4 8 10 18 26 44 88 132 264 528 554 b
1 2 4 8 10 18 26 44 88 176 202 352 554 a
1 2 4 8 10 18 26 44 88 176 202 378 554 b
1 2 4 8 10 18 26 44 88 176 264 290 554 b
1 2 4 8 10 18 26 44 88 176 264 528 554 b
1 2 4 8 10 18 26 44 88 176 352 378 554 b
1 2 4 8 10 18 26 44 88 176 352 528 554 b
1 2 4 8 10 18 28 46 74 120 240 314 554 b
1 2 4 8 10 18 28 46 74 120 240 480 554 b
1 2 4 8 10 18 28 46 92 93 184 277 554 a
1 2 4 8 10 18 28 46 92 93 185 277 554 b
1 2 4 8 10 18 28 46 92 138 139 277 554 b
1 2 4 8 10 18 28 46 92 138 276 277 554 b
1 2 4 8 10 18 28 46 92 138 276 278 554 b
1 2 4 8 10 18 28 46 92 138 276 552 554 b
1 2 4 8 10 18 28 46 92 184 185 277 554 b
1 2 4 8 10 18 28 46 92 184 185 369 554 b
1 2 4 8 10 18 28 46 92 184 185 370 554 b
1 2 4 8 10 18 28 46 92 184 186 368 554 a
1 2 4 8 10 18 28 46 92 184 186 370 554 b
1 2 4 8 10 18 28 46 92 184 276 277 554 b
1 2 4 8 10 18 28 46 92 184 276 278 554 b
1 2 4 8 10 18 28 46 92 184 276 552 554 b
1 2 4 8 10 18 28 46 92 184 368 370 554 b
1 2 4 8 10 18 28 46 92 184 368 552 554 b
1 2 4 8 10 18 28 56 66 122 244 310 554 b
1 2 4 8 10 18 28 56 66 122 244 488 554 b
1 2 4 8 10 18 36 46 82 118 236 318 554 b
1 2 4 8 10 18 36 46 82 118 236 472 554 b
1 2 4 8 10 18 36 46 92 93 184 277 554 a
1 2 4 8 10 18 36 46 92 93 185 277 554 b
1 2 4 8 10 18 36 46 92 138 139 277 554 b
1 2 4 8 10 18 36 46 92 138 276 277 554 b
1 2 4 8 10 18 36 46 92 138 276 278 554 b
1 2 4 8 10 18 36 46 92 138 276 552 554 b
1 2 4 8 10 18 36 46 92 184 185 277 554 b
1 2 4 8 10 18 36 46 92 184 185 369 554 b
1 2 4 8 10 18 36 46 92 184 185 370 554 b
1 2 4 8 10 18 36 46 92 184 186 368 554 a
1 2 4 8 10 18 36 46 92 184 186 370 554 b
1 2 4 8 10 18 36 46 92 184 276 277 554 b
1 2 4 8 10 18 36 46 92 184 276 278 554 b
1 2 4 8 10 18 36 46 92 184 276 552 554 b
1 2 4 8 10 18 36 46 92 184 368 370 554 b
1 2 4 8 10 18 36 46 92 184 368 552 554 b
1 2 4 8 10 18 36 72 82 118 236 318 554 b
1 2 4 8 10 18 36 72 82 118 236 472 554 b
1 2 4 8 10 18 36 72 82 154 236 318 554 b
1 2 4 8 10 18 36 72 82 154 236 472 554 b
1 2 4 8 10 18 36 72 82 164 236 318 554 b
1 2 4 8 10 18 36 72 82 164 236 472 554 b
1 2 4 8 10 20 22 42 64 128 256 298 554 b
1 2 4 8 10 20 22 42 64 128 256 512 554 b
1 2 4 8 10 20 24 34 68 136 272 282 554 b
1 2 4 8 10 20 24 34 68 136 272 544 554 b
1 2 4 8 10 20 24 44 68 136 272 282 554 b
1 2 4 8 10 20 24 44 68 136 272 544 554 b
1 2 4 8 10 20 24 48 68 136 272 282 554 b
1 2 4 8 10 20 24 48 68 136 272 544 554 b
1 2 4 8 10 20 28 40 68 136 272 282 554 a
1 2 4 8 10 20 28 40 68 136 272 544 554 a
1 2 4 8 10 20 28 48 68 136 272 282 554 b
1 2 4 8 10 20 28 48 68 136 272 544 554 b
1 2 4 8 10 20 28 56 66 122 244 310 554 b
1 2 4 8 10 20 28 56 66 122 244 488 554 b
1 2 4 8 10 20 30 34 68 136 272 282 554 b
1 2 4 8 10 20 30 34 68 136 272 544 554 b
1 2 4 8 10 20 30 38 68 136 272 282 554 b
1 2 4 8 10 20 30 38 68 136 272 544 554 b
1 2 4 8 10 20 30 60 68 136 272 282 554 b
1 2 4 8 10 20 30 60 68 136 272 544 554 b
1 2 4 8 10 20 40 48 68 136 272 282 554 b
1 2 4 8 10 20 40 48 68 136 272 544 554 b
1 2 4 8 10 20 40 48 88 136 272 282 554 b
1 2 4 8 10 20 40 48 88 136 272 544 554 b
1 2 4 8 10 20 40 48 96 136 272 282 554 b
1 2 4 8 10 20 40 48 96 136 272 544 554 b
1 2 4 8 10 20 40 60 68 136 272 282 554 b
1 2 4 8 10 20 40 60 68 136 272 544 554 b
1 2 4 8 12 13 20 33 66 132 145 277 554 a
1 2 4 8 12 13 20 33 66 132 264 277 554 a
1 2 4 8 12 13 21 33 66 132 145 277 554 b
1 2 4 8 12 13 21 33 66 132 264 277 554 b
1 2 4 8 12 13 25 33 66 132 145 277 554 b
1 2 4 8 12 13 25 33 66 132 264 277 554 b
1 2 4 8 12 13 25 38 63 126 151 277 554 b
1 2 4 8 12 13 25 38 63 126 252 277 554 b
1 2 4 8 12 13 25 50 63 126 151 277 554 b
1 2 4 8 12 13 25 50 63 126 252 277 554 b
1 2 4 8 12 13 25 50 63 126 252 302 554 b
1 2 4 8 12 13 25 50 63 126 252 504 554 b
1 2 4 8 12 14 26 40 66 132 264 290 554 b
1 2 4 8 12 14 26 40 66 132 264 528 554 b
1 2 4 8 12 14 26 52 66 132 264 290 554 b
1 2 4 8 12 14 26 52 66 132 264 528 554 b
1 2 4 8 12 20 21 32 64 128 149 277 554 a
1 2 4 8 12 20 21 32 64 128 256 277 554 a
1 2 4 8 12 20 22 42 64 128 256 298 554 b
1 2 4 8 12 20 22 42 64 128 256 512 554 b
1 2 4 8 12 20 32 64 128 129 148 277 554 a
1 2 4 8 12 20 32 64 128 129 149 277 554 b
1 2 4 8 12 20 32 64 128 129 257 277 554 b
1 2 4 8 12 20 32 64 128 148 149 277 554 b
1 2 4 8 12 20 32 64 128 148 276 277 554 b
1 2 4 8 12 20 32 64 128 148 276 278 554 b
1 2 4 8 12 20 32 64 128 148 276 552 554 b
1 2 4 8 12 20 32 64 128 256 257 277 554 b
1 2 4 8 12 20 32 64 128 256 276 277 554 b
1 2 4 8 12 20 32 64 128 256 276 278 554 b
1 2 4 8 12 20 32 64 128 256 276 552 554 b
1 2 4 8 12 20 40 52 92 93 184 277 554 a
1 2 4 8 12 20 40 52 92 93 185 277 554 b
1 2 4 8 12 20 40 52 92 184 185 277 554 b
1 2 4 8 12 20 40 52 92 184 185 369 554 b
1 2 4 8 12 20 40 52 92 184 185 370 554 b
1 2 4 8 12 20 40 52 92 184 186 368 554 a
1 2 4 8 12 20 40 52 92 184 186 370 554 b
1 2 4 8 12 20 40 52 92 184 276 277 554 b
1 2 4 8 12 20 40 52 92 184 276 278 554 b
1 2 4 8 12 20 40 52 92 184 276 552 554 b
1 2 4 8 12 20 40 52 92 184 368 370 554 b
1 2 4 8 12 20 40 52 92 184 368 552 554 b
1 2 4 8 12 20 40 80 92 93 184 277 554 a
1 2 4 8 12 20 40 80 92 93 185 277 554 b
1 2 4 8 12 20 40 80 92 184 185 277 554 b
1 2 4 8 12 20 40 80 92 184 185 369 554 b
1 2 4 8 12 20 40 80 92 184 185 370 554 b
1 2 4 8 12 20 40 80 92 184 186 368 554 a
1 2 4 8 12 20 40 80 92 184 186 370 554 b
1 2 4 8 12 20 40 80 92 184 276 277 554 b
1 2 4 8 12 20 40 80 92 184 276 278 554 b
1 2 4 8 12 20 40 80 92 184 276 552 554 b
1 2 4 8 12 20 40 80 92 184 368 370 554 b
1 2 4 8 12 20 40 80 92 184 368 552 554 b
1 2 4 8 12 24 25 49 57 114 163 277 554 b
1 2 4 8 12 24 25 49 57 114 228 277 554 b
1 2 4 8 12 24 26 50 76 126 252 302 554 b
1 2 4 8 12 24 26 50 76 126 252 504 554 b
1 2 4 8 12 24 26 50 100 126 252 302 554 b
1 2 4 8 12 24 26 50 100 126 252 504 554 b
1 2 4 8 12 24 36 37 60 120 157 277 554 a
1 2 4 8 12 24 36 37 60 120 240 277 554 a
1 2 4 8 12 24 36 60 120 121 156 277 554 a
1 2 4 8 12 24 36 60 120 121 157 277 554 b
1 2 4 8 12 24 36 60 120 121 241 277 554 b
1 2 4 8 12 24 36 60 120 156 157 277 554 b
1 2 4 8 12 24 36 60 120 156 276 277 554 b
1 2 4 8 12 24 36 60 120 156 276 278 554 b
1 2 4 8 12 24 36 60 120 156 276 552 554 b
1 2 4 8 12 24 36 60 120 240 241 277 554 b
1 2 4 8 12 24 36 60 120 240 276 277 554 b
1 2 4 8 12 24 36 60 120 240 276 278 554 b
1 2 4 8 12 24 36 60 120 240 276 552 554 b
1 2 4 8 12 24 48 49 57 114 163 277 554 b
1 2 4 8 12 24 48 49 57 114 228 277 554 b
1 2 4 8 12 24 48 60 61 108 169 277 554 a
1 2 4 8 12 24 48 60 61 108 216 277 554 a
1 2 4 8 12 24 48 60 108 109 168 277 554 a
1 2 4 8 12 24 48 60 108 109 169 277 554 b
1 2 4 8 12 24 48 60 108 109 217 277 554 b
1 2 4 8 12 24 48 60 108 168 169 277 554 b
1 2 4 8 12 24 48 60 108 168 276 277 554 b
1 2 4 8 12 24 48 60 108 168 276 278 554 b
1 2 4 8 12 24 48 60 108 168 276 552 554 b
1 2 4 8 12 24 48 60 108 216 217 277 554 b
1 2 4 8 12 24 48 60 108 216 276 277 554 b
1 2 4 8 12 24 48 60 108 216 276 278 554 b
1 2 4 8 12 24 48 60 108 216 276 552 554 b
1 2 4 8 12 24 48 72 74 120 240 314 554 a
1 2 4 8 12 24 48 72 74 120 240 480 554 a
1 2 4 8 12 24 48 72 120 121 241 313 554 b
1 2 4 8 12 24 48 72 120 121 241 482 554 b
1 2 4 8 12 24 48 72 120 240 241 313 554 b
1 2 4 8 12 24 48 72 120 240 241 482 554 b
1 2 4 8 12 24 48 72 120 240 242 312 554 a
1 2 4 8 12 24 48 72 120 240 242 314 554 b
1 2 4 8 12 24 48 72 120 240 242 482 554 b
1 2 4 8 12 24 48 72 120 240 312 314 554 b
1 2 4 8 12 24 48 72 120 240 312 552 554 b
1 2 4 8 12 24 48 72 120 240 480 482 554 b
1 2 4 8 12 24 48 72 120 240 480 552 554 b
1 2 4 8 12 24 48 96 97 120 217 337 554 a
1 2 4 8 12 24 48 96 97 120 217 434 554 a
1 2 4 8 12 24 48 96 120 121 217 337 554 b
1 2 4 8 12 24 48 96 120 121 217 434 554 b
1 2 4 8 12 24 48 96 120 122 216 338 554 a
1 2 4 8 12 24 48 96 120 122 216 432 554 a
1 2 4 8 12 24 48 96 120 216 217 337 554 b
1 2 4 8 12 24 48 96 120 216 217 434 554 b
1 2 4 8 12 24 48 96 120 216 218 336 554 a
1 2 4 8 12 24 48 96 120 216 218 338 554 b
1 2 4 8 12 24 48 96 120 216 218 434 554 b
1 2 4 8 12 24 48 96 120 216 336 338 554 b
1 2 4 8 12 24 48 96 120 216 336 552 554 b
1 2 4 8 12 24 48 96 120 216 432 434 554 b
1 2 4 8 12 24 48 96 120 216 432 552 554 b
1 2 4 8 16 17 21 32 64 128 149 277 554 a
1 2 4 8 16 17 21 32 64 128 256 277 554 a
1 2 4 8 16 17 24 41 65 106 171 277 554 a
1 2 4 8 16 17 24 41 65 106 212 277 554 a
1 2 4 8 16 17 24 41 65 130 147 277 554 a
1 2 4 8 16 17 24 41 65 130 260 277 554 a
1 2 4 8 16 17 24 48 65 130 147 277 554 a
1 2 4 8 16 17 24 48 65 130 260 277 554 a
1 2 4 8 16 17 25 42 84 109 168 277 554 a
1 2 4 8 16 17 25 42 84 109 193 277 554 b
1 2 4 8 16 17 25 42 84 126 151 277 554 b
1 2 4 8 16 17 25 42 84 126 252 277 554 b
1 2 4 8 16 17 25 42 84 168 193 277 554 b
1 2 4 8 16 17 25 42 84 168 193 361 554 b
1 2 4 8 16 17 25 42 84 168 193 386 554 b
1 2 4 8 16 17 25 42 84 168 252 277 554 b
1 2 4 8 16 17 32 33 65 130 147 277 554 a
1 2 4 8 16 17 32 33 65 130 260 277 554 a
1 2 4 8 16 17 32 48 65 130 147 277 554 a
1 2 4 8 16 17 32 48 65 130 260 277 554 a
1 2 4 8 16 17 32 49 57 114 163 277 554 a
1 2 4 8 16 17 32 49 57 114 228 277 554 a
1 2 4 8 16 17 32 49 65 114 163 277 554 a
1 2 4 8 16 17 32 49 65 114 228 277 554 a
1 2 4 8 16 17 32 49 65 130 147 277 554 a
1 2 4 8 16 17 32 49 65 130 260 277 554 a
1 2 4 8 16 17 32 49 81 98 179 277 554 a
1 2 4 8 16 17 32 49 81 98 196 277 554 a
1 2 4 8 16 17 32 49 81 130 147 277 554 a
1 2 4 8 16 17 32 49 81 130 260 277 554 a
1 2 4 8 16 17 32 49 98 114 163 277 554 a
1 2 4 8 16 17 32 49 98 114 228 277 554 a
1 2 4 8 16 17 32 49 98 114 228 326 554 a
1 2 4 8 16 17 32 49 98 114 228 456 554 a
1 2 4 8 16 17 32 49 98 130 147 277 554 a
1 2 4 8 16 17 32 49 98 130 179 277 554 a
1 2 4 8 16 17 32 49 98 130 228 277 554 a
1 2 4 8 16 17 32 49 98 130 228 326 554 a
1 2 4 8 16 17 32 49 98 130 228 456 554 a
1 2 4 8 16 17 32 49 98 130 260 277 554 a
1 2 4 8 16 17 32 49 98 147 179 277 554 a
1 2 4 8 16 17 32 49 98 147 245 277 554 a
1 2 4 8 16 17 32 49 98 196 228 277 554 a
1 2 4 8 16 17 32 49 98 196 228 326 554 a
1 2 4 8 16 17 32 49 98 196 228 456 554 a
1 2 4 8 16 17 32 49 98 196 245 277 554 a
1 2 4 8 16 17 32 64 65 130 147 277 554 a
1 2 4 8 16 17 32 64 65 130 260 277 554 a
1 2 4 8 16 17 32 64 66 130 147 277 554 a
1 2 4 8 16 17 32 64 66 130 260 277 554 a
1 2 4 8 16 17 32 64 81 98 179 277 554 a
1 2 4 8 16 17 32 64 81 98 196 277 554 a
1 2 4 8 16 17 32 64 128 130 147 277 554 a
1 2 4 8 16 17 32 64 128 130 260 277 554 a
1 2 4 8 16 17 32 64 128 132 145 277 554 a
1 2 4 8 16 17 32 64 128 132 149 277 554 a
1 2 4 8 16 17 32 64 128 132 260 277 554 a
1 2 4 8 16 17 32 64 128 145 149 277 554 a
1 2 4 8 16 17 32 64 128 145 273 277 554 a
1 2 4 8 16 17 32 64 128 145 273 281 554 a
1 2 4 8 16 17 32 64 128 145 273 546 554 a
1 2 4 8 16 17 32 64 128 256 260 277 554 a
1 2 4 8 16 17 32 64 128 256 273 277 554 a
1 2 4 8 16 17 32 64 128 256 273 281 554 a
1 2 4 8 16 17 32 64 128 256 273 546 554 a
1 2 4 8 16 17 33 49 57 114 163 277 554 b
1 2 4 8 16 17 33 49 57 114 228 277 554 b
1 2 4 8 16 17 33 49 65 114 163 277 554 b
1 2 4 8 16 17 33 49 65 114 228 277 554 b
1 2 4 8 16 17 33 49 65 130 147 277 554 b
1 2 4 8 16 17 33 49 65 130 260 277 554 b
1 2 4 8 16 17 33 49 98 114 163 277 554 b
1 2 4 8 16 17 33 49 98 114 228 277 554 b
1 2 4 8 16 17 33 49 98 114 228 326 554 b
1 2 4 8 16 17 33 49 98 114 228 456 554 b
1 2 4 8 16 17 34 35 69 104 173 277 554 b
1 2 4 8 16 17 34 35 69 104 208 277 554 b
1 2 4 8 16 17 34 35 69 138 139 277 554 b
1 2 4 8 16 17 34 35 69 138 276 277 554 b
1 2 4 8 16 17 34 35 69 138 276 278 554 b
1 2 4 8 16 17 34 35 69 138 276 552 554 b
1 2 4 8 16 17 34 50 84 168 218 336 554 a
1 2 4 8 16 17 34 50 84 168 218 386 554 b
1 2 4 8 16 17 34 50 84 168 252 302 554 b
1 2 4 8 16 17 34 50 84 168 252 504 554 b
1 2 4 8 16 17 34 50 84 168 336 386 554 b
1 2 4 8 16 17 34 50 84 168 336 504 554 b
1 2 4 8 16 17 34 68 69 138 139 277 554 b
1 2 4 8 16 17 34 68 69 138 276 277 554 b
1 2 4 8 16 17 34 68 69 138 276 278 554 b
1 2 4 8 16 17 34 68 69 138 276 552 554 b
1 2 4 8 16 17 34 68 70 138 139 277 554 b
1 2 4 8 16 17 34 68 70 138 208 346 554 b
1 2 4 8 16 17 34 68 70 138 208 416 554 b
1 2 4 8 16 17 34 68 70 138 276 277 554 b
1 2 4 8 16 17 34 68 70 138 276 278 554 b
1 2 4 8 16 17 34 68 70 138 276 552 554 b
1 2 4 8 16 17 34 68 136 137 140 277 554 a
1 2 4 8 16 17 34 68 136 137 141 277 554 b
1 2 4 8 16 17 34 68 136 137 273 277 554 b
1 2 4 8 16 17 34 68 136 137 273 281 554 b
1 2 4 8 16 17 34 68 136 137 273 546 554 b
1 2 4 8 16 17 34 68 136 138 139 277 554 b
1 2 4 8 16 17 34 68 136 138 276 277 554 b
1 2 4 8 16 17 34 68 136 138 276 278 554 b
1 2 4 8 16 17 34 68 136 138 276 552 554 b
1 2 4 8 16 17 34 68 136 140 141 277 554 b
1 2 4 8 16 17 34 68 136 140 276 277 554 b
1 2 4 8 16 17 34 68 136 140 276 278 554 b
1 2 4 8 16 17 34 68 136 140 276 552 554 b
1 2 4 8 16 17 34 68 136 272 273 277 554 b
1 2 4 8 16 17 34 68 136 272 273 281 554 b
1 2 4 8 16 17 34 68 136 272 273 546 554 b
1 2 4 8 16 17 34 68 136 272 274 280 554 a
1 2 4 8 16 17 34 68 136 272 274 282 554 b
1 2 4 8 16 17 34 68 136 272 274 546 554 b
1 2 4 8 16 17 34 68 136 272 276 277 554 b
1 2 4 8 16 17 34 68 136 272 276 278 554 b
1 2 4 8 16 17 34 68 136 272 276 552 554 b
1 2 4 8 16 17 34 68 136 272 280 282 554 b
1 2 4 8 16 17 34 68 136 272 280 552 554 b
1 2 4 8 16 17 34 68 136 272 544 546 554 b
1 2 4 8 16 17 34 68 136 272 544 552 554 b
1 2 4 8 16 18 26 44 88 132 264 290 554 b
1 2 4 8 16 18 26 44 88 132 264 528 554 b
1 2 4 8 16 18 26 44 88 176 202 352 554 a
1 2 4 8 16 18 26 44 88 176 202 378 554 b
1 2 4 8 16 18 26 44 88 176 264 290 554 b
1 2 4 8 16 18 26 44 88 176 264 528 554 b
1 2 4 8 16 18 26 44 88 176 352 378 554 b
1 2 4 8 16 18 26 44 88 176 352 528 554 b
1 2 4 8 16 18 32 50 100 118 218 336 554 a
1 2 4 8 16 18 32 50 100 118 218 436 554 a
1 2 4 8 16 18 34 35 69 104 173 277 554 b
1 2 4 8 16 18 34 35 69 104 208 277 554 b
1 2 4 8 16 18 34 35 69 138 139 277 554 b
1 2 4 8 16 18 34 35 69 138 276 277 554 b
1 2 4 8 16 18 34 35 69 138 276 278 554 b
1 2 4 8 16 18 34 35 69 138 276 552 554 b
1 2 4 8 16 18 34 50 84 134 268 286 554 b
1 2 4 8 16 18 34 50 84 134 268 536 554 b
1 2 4 8 16 18 34 50 84 168 218 336 554 a
1 2 4 8 16 18 34 50 84 168 218 386 554 b
1 2 4 8 16 18 34 50 84 168 252 302 554 b
1 2 4 8 16 18 34 50 84 168 252 504 554 b
1 2 4 8 16 18 34 50 84 168 336 386 554 b
1 2 4 8 16 18 34 50 84 168 336 504 554 b
1 2 4 8 16 18 34 50 100 118 218 336 554 b
1 2 4 8 16 18 34 50 100 118 218 436 554 b
1 2 4 8 16 18 34 50 100 134 268 286 554 b
1 2 4 8 16 18 34 50 100 134 268 536 554 b
1 2 4 8 16 18 34 52 86 138 139 277 554 b
1 2 4 8 16 18 34 52 86 138 276 277 554 b
1 2 4 8 16 18 34 52 86 138 276 278 554 b
1 2 4 8 16 18 34 52 86 138 276 552 554 b
1 2 4 8 16 18 34 52 104 138 139 277 554 b
1 2 4 8 16 18 34 52 104 138 208 346 554 a
1 2 4 8 16 18 34 52 104 138 208 416 554 a
1 2 4 8 16 18 34 52 104 138 276 277 554 b
1 2 4 8 16 18 34 52 104 138 276 278 554 b
1 2 4 8 16 18 34 52 104 138 276 552 554 b
1 2 4 8 16 18 34 52 104 156 260 294 554 b
1 2 4 8 16 18 34 52 104 156 260 520 554 b
1 2 4 8 16 18 34 52 104 208 242 312 554 a
1 2 4 8 16 18 34 52 104 208 242 346 554 b
1 2 4 8 16 18 34 52 104 208 242 450 554 b
1 2 4 8 16 18 34 52 104 208 260 294 554 b
1 2 4 8 16 18 34 52 104 208 260 520 554 b
1 2 4 8 16 18 34 52 104 208 312 346 554 b
1 2 4 8 16 18 34 52 104 208 312 520 554 b
1 2 4 8 16 18 34 52 104 208 416 450 554 b
1 2 4 8 16 18 34 52 104 208 416 520 554 b
1 2 4 8 16 18 34 68 69 138 139 277 554 b
1 2 4 8 16 18 34 68 69 138 276 277 554 b
1 2 4 8 16 18 34 68 69 138 276 278 554 b
1 2 4 8 16 18 34 68 69 138 276 552 554 b
1 2 4 8 16 18 34 68 70 138 139 277 554 b
1 2 4 8 16 18 34 68 70 138 208 346 554 b
1 2 4 8 16 18 34 68 70 138 208 416 554 b
1 2 4 8 16 18 34 68 70 138 276 277 554 b
1 2 4 8 16 18 34 68 70 138 276 278 554 b
1 2 4 8 16 18 34 68 70 138 276 552 554 b
1 2 4 8 16 18 34 68 136 137 140 277 554 a
1 2 4 8 16 18 34 68 136 137 141 277 554 b
1 2 4 8 16 18 34 68 136 137 273 277 554 b
1 2 4 8 16 18 34 68 136 137 273 281 554 b
1 2 4 8 16 18 34 68 136 137 273 546 554 b
1 2 4 8 16 18 34 68 136 138 139 277 554 b
1 2 4 8 16 18 34 68 136 138 276 277 554 b
1 2 4 8 16 18 34 68 136 138 276 278 554 b
1 2 4 8 16 18 34 68 136 138 276 552 554 b
1 2 4 8 16 18 34 68 136 140 141 277 554 b
1 2 4 8 16 18 34 68 136 140 276 277 554 b
1 2 4 8 16 18 34 68 136 140 276 278 554 b
1 2 4 8 16 18 34 68 136 140 276 552 554 b
1 2 4 8 16 18 34 68 136 272 273 277 554 b
1 2 4 8 16 18 34 68 136 272 273 281 554 b
1 2 4 8 16 18 34 68 136 272 273 546 554 b
1 2 4 8 16 18 34 68 136 272 274 280 554 a
1 2 4 8 16 18 34 68 136 272 274 282 554 b
1 2 4 8 16 18 34 68 136 272 274 546 554 b
1 2 4 8 16 18 34 68 136 272 276 277 554 b
1 2 4 8 16 18 34 68 136 272 276 278 554 b
1 2 4 8 16 18 34 68 136 272 276 552 554 b
1 2 4 8 16 18 34 68 136 272 280 282 554 b
1 2 4 8 16 18 34 68 136 272 280 552 554 b
1 2 4 8 16 18 34 68 136 272 544 546 554 b
1 2 4 8 16 18 34 68 136 272 544 552 554 b
1 2 4 8 16 20 21 32 64 128 149 277 554 a
1 2 4 8 16 20 21 32 64 128 256 277 554 a
1 2 4 8 16 20 22 42 64 128 256 298 554 b
1 2 4 8 16 20 22 42 64 128 256 512 554 b
1 2 4 8 16 20 32 64 128 129 148 277 554 a
1 2 4 8 16 20 32 64 128 129 149 277 554 a
1 2 4 8 16 20 32 64 128 129 257 277 554 a
1 2 4 8 16 20 32 64 128 148 149 277 554 a
1 2 4 8 16 20 32 64 128 148 276 277 554 a
1 2 4 8 16 20 32 64 128 148 276 278 554 a
1 2 4 8 16 20 32 64 128 148 276 552 554 a
1 2 4 8 16 20 32 64 128 256 257 277 554 a
1 2 4 8 16 20 32 64 128 256 276 277 554 a
1 2 4 8 16 20 32 64 128 256 276 278 554 a
1 2 4 8 16 20 32 64 128 256 276 552 554 a
1 2 4 8 16 20 36 56 92 93 184 277 554 a
1 2 4 8 16 20 36 56 92 93 185 277 554 b
1 2 4 8 16 20 36 56 92 184 185 277 554 b
1 2 4 8 16 20 36 56 92 184 185 369 554 b
1 2 4 8 16 20 36 56 92 184 185 370 554 b
1 2 4 8 16 20 36 56 92 184 186 368 554 a
1 2 4 8 16 20 36 56 92 184 186 370 554 b
1 2 4 8 16 20 36 56 92 184 276 277 554 b
1 2 4 8 16 20 36 56 92 184 276 278 554 b
1 2 4 8 16 20 36 56 92 184 276 552 554 b
1 2 4 8 16 20 36 56 92 184 368 370 554 b
1 2 4 8 16 20 36 56 92 184 368 552 554 b
1 2 4 8 16 20 36 72 92 93 184 277 554 a
1 2 4 8 16 20 36 72 92 93 185 277 554 b
1 2 4 8 16 20 36 72 92 184 185 277 554 b
1 2 4 8 16 20 36 72 92 184 185 369 554 b
1 2 4 8 16 20 36 72 92 184 185 370 554 b
1 2 4 8 16 20 36 72 92 184 186 368 554 a
1 2 4 8 16 20 36 72 92 184 186 370 554 b
1 2 4 8 16 20 36 72 92 184 276 277 554 b
1 2 4 8 16 20 36 72 92 184 276 278 554 b
1 2 4 8 16 20 36 72 92 184 276 552 554 b
1 2 4 8 16 20 36 72 92 184 368 370 554 b
1 2 4 8 16 20 36 72 92 184 368 552 554 b
1 2 4 8 16 24 25 41 65 106 171 277 554 b
1 2 4 8 16 24 25 41 65 106 212 277 554 b
1 2 4 8 16 24 25 49 57 114 163 277 554 b
1 2 4 8 16 24 25 49 57 114 228 277 554 b
1 2 4 8 16 24 25 49 65 114 163 277 554 b
1 2 4 8 16 24 25 49 65 114 228 277 554 b
1 2 4 8 16 24 25 49 98 114 163 277 554 b
1 2 4 8 16 24 25 49 98 114 228 277 554 b
1 2 4 8 16 24 25 49 98 114 228 326 554 b
1 2 4 8 16 24 25 49 98 114 228 456 554 b
1 2 4 8 16 24 26 40 66 132 264 290 554 a
1 2 4 8 16 24 26 40 66 132 264 528 554 a
1 2 4 8 16 24 26 42 66 132 264 290 554 b
1 2 4 8 16 24 26 42 66 132 264 528 554 b
1 2 4 8 16 24 26 50 66 132 264 290 554 b
1 2 4 8 16 24 26 50 66 132 264 528 554 b
1 2 4 8 16 24 26 50 76 126 252 302 554 b
1 2 4 8 16 24 26 50 76 126 252 504 554 b
1 2 4 8 16 24 26 50 100 126 252 302 554 b
1 2 4 8 16 24 26 50 100 126 252 504 554 b
1 2 4 8 16 24 40 41 65 106 171 277 554 b
1 2 4 8 16 24 40 41 65 106 212 277 554 b
1 2 4 8 16 24 40 42 64 128 256 298 554 a
1 2 4 8 16 24 40 42 64 128 256 512 554 a
1 2 4 8 16 24 40 64 128 129 257 297 554 b
1 2 4 8 16 24 40 64 128 129 257 514 554 b
1 2 4 8 16 24 40 64 128 256 257 297 554 b
1 2 4 8 16 24 40 64 128 256 257 514 554 b
1 2 4 8 16 24 40 64 128 256 258 296 554 a
1 2 4 8 16 24 40 64 128 256 258 298 554 b
1 2 4 8 16 24 40 64 128 256 258 514 554 b
1 2 4 8 16 24 40 64 128 256 296 298 554 b
1 2 4 8 16 24 40 64 128 256 296 552 554 b
1 2 4 8 16 24 40 64 128 256 512 514 554 b
1 2 4 8 16 24 40 64 128 256 512 552 554 b
1 2 4 8 16 24 40 80 104 184 185 369 554 b
1 2 4 8 16 24 40 80 104 184 185 370 554 b
1 2 4 8 16 24 40 80 104 184 186 368 554 a
1 2 4 8 16 24 40 80 104 184 186 370 554 b
1 2 4 8 16 24 40 80 104 184 368 370 554 b
1 2 4 8 16 24 40 80 104 184 368 552 554 b
1 2 4 8 16 24 40 80 160 184 185 369 554 b
1 2 4 8 16 24 40 80 160 184 185 370 554 b
1 2 4 8 16 24 40 80 160 184 186 368 554 a
1 2 4 8 16 24 40 80 160 184 186 370 554 b
1 2 4 8 16 24 40 80 160 184 368 370 554 b
1 2 4 8 16 24 40 80 160 184 368 552 554 b
1 2 4 8 16 24 48 49 57 114 163 277 554 b
1 2 4 8 16 24 48 49 57 114 228 277 554 b
1 2 4 8 16 24 48 49 65 114 163 277 554 b
1 2 4 8 16 24 48 49 65 114 228 277 554 b
1 2 4 8 16 24 48 49 98 114 163 277 554 b
1 2 4 8 16 24 48 49 98 114 228 277 554 b
1 2 4 8 16 24 48 49 98 114 228 326 554 b
1 2 4 8 16 24 48 49 98 114 228 456 554 b
1 2 4 8 16 24 48 50 98 114 228 326 554 b
1 2 4 8 16 24 48 50 98 114 228 456 554 b
1 2 4 8 16 24 48 72 74 120 240 314 554 a
1 2 4 8 16 24 48 72 74 120 240 480 554 a
1 2 4 8 16 24 48 72 120 121 241 313 554 b
1 2 4 8 16 24 48 72 120 121 241 482 554 b
1 2 4 8 16 24 48 72 120 240 241 313 554 b
1 2 4 8 16 24 48 72 120 240 241 482 554 b
1 2 4 8 16 24 48 72 120 240 242 312 554 a
1 2 4 8 16 24 48 72 120 240 242 314 554 b
1 2 4 8 16 24 48 72 120 240 242 482 554 b
1 2 4 8 16 24 48 72 120 240 312 314 554 b
1 2 4 8 16 24 48 72 120 240 312 552 554 b
1 2 4 8 16 24 48 72 120 240 480 482 554 b
1 2 4 8 16 24 48 72 120 240 480 552 554 b
1 2 4 8 16 24 48 96 97 120 217 337 554 a
1 2 4 8 16 24 48 96 97 120 217 434 554 a
1 2 4 8 16 24 48 96 98 114 228 326 554 b
1 2 4 8 16 24 48 96 98 114 228 456 554 b
1 2 4 8 16 24 48 96 120 121 217 337 554 b
1 2 4 8 16 24 48 96 120 121 217 434 554 b
1 2 4 8 16 24 48 96 120 122 216 338 554 a
1 2 4 8 16 24 48 96 120 122 216 432 554 a
1 2 4 8 16 24 48 96 120 216 217 337 554 b
1 2 4 8 16 24 48 96 120 216 217 434 554 b
1 2 4 8 16 24 48 96 120 216 218 336 554 a
1 2 4 8 16 24 48 96 120 216 218 338 554 b
1 2 4 8 16 24 48 96 120 216 218 434 554 b
1 2 4 8 16 24 48 96 120 216 336 338 554 b
1 2 4 8 16 24 48 96 120 216 336 552 554 b
1 2 4 8 16 24 48 96 120 216 432 434 554 b
1 2 4 8 16 24 48 96 120 216 432 552 554 b
1 2 4 8 16 32 33 34 65 130 260 294 554 a
1 2 4 8 16 32 33 34 65 130 260 520 554 a
1 2 4 8 16 32 33 36 69 138 139 277 554 a
1 2 4 8 16 32 33 36 69 138 276 277 554 a
1 2 4 8 16 32 33 36 69 138 276 278 554 a
1 2 4 8 16 32 33 36 69 138 276 552 554 a
1 2 4 8 16 32 33 37 69 138 139 277 554 b
1 2 4 8 16 32 33 37 69 138 276 277 554 b
1 2 4 8 16 32 33 37 69 138 276 278 554 b
1 2 4 8 16 32 33 37 69 138 276 552 554 b
1 2 4 8 16 32 33 41 65 106 171 277 554 a
1 2 4 8 16 32 33 41 65 106 212 277 554 a
1 2 4 8 16 32 33 49 57 114 163 277 554 b
1 2 4 8 16 32 33 49 57 114 228 277 554 b
1 2 4 8 16 32 33 49 65 114 163 277 554 b
1 2 4 8 16 32 33 49 65 114 228 277 554 b
1 2 4 8 16 32 33 49 81 98 179 277 554 a
1 2 4 8 16 32 33 49 81 98 196 277 554 a
1 2 4 8 16 32 33 49 81 114 163 277 554 b
1 2 4 8 16 32 33 49 81 114 228 277 554 b
1 2 4 8 16 32 33 49 82 114 163 277 554 b
1 2 4 8 16 32 33 49 82 114 228 277 554 b
1 2 4 8 16 32 33 49 98 114 163 277 554 b
1 2 4 8 16 32 33 49 98 114 228 277 554 b
1 2 4 8 16 32 33 49 98 114 228 326 554 b
1 2 4 8 16 32 33 49 98 114 228 456 554 b
1 2 4 8 16 32 33 49 98 130 147 277 554 a
1 2 4 8 16 32 33 49 98 130 179 277 554 b
1 2 4 8 16 32 33 49 98 130 228 277 554 b
1 2 4 8 16 32 33 49 98 130 228 326 554 b
1 2 4 8 16 32 33 49 98 130 228 456 554 b
1 2 4 8 16 32 33 49 98 147 179 277 554 b
1 2 4 8 16 32 33 49 98 147 245 277 554 b
1 2 4 8 16 32 33 49 98 196 228 277 554 b
1 2 4 8 16 32 33 49 98 196 228 326 554 b
1 2 4 8 16 32 33 49 98 196 228 456 554 b
1 2 4 8 16 32 33 49 98 196 245 277 554 b
1 2 4 8 16 32 33 65 69 138 139 277 554 b
1 2 4 8 16 32 33 65 69 138 276 277 554 b
1 2 4 8 16 32 33 65 69 138 276 278 554 b
1 2 4 8 16 32 33 65 69 138 276 552 554 b
1 2 4 8 16 32 33 65 73 106 171 277 554 b
1 2 4 8 16 32 33 65 73 106 212 277 554 b
1 2 4 8 16 32 33 65 73 138 139 277 554 b
1 2 4 8 16 32 33 65 73 138 276 277 554 b
1 2 4 8 16 32 33 65 73 138 276 278 554 b
1 2 4 8 16 32 33 65 73 138 276 552 554 b
1 2 4 8 16 32 33 65 81 98 179 277 554 a
1 2 4 8 16 32 33 65 81 98 196 277 554 a
1 2 4 8 16 32 33 65 98 106 171 277 554 b
1 2 4 8 16 32 33 65 98 106 212 277 554 b
1 2 4 8 16 32 33 65 98 114 163 277 554 a
1 2 4 8 16 32 33 65 98 114 179 277 554 b
1 2 4 8 16 32 33 65 98 114 212 277 554 b
1 2 4 8 16 32 33 65 98 114 228 326 554 b
1 2 4 8 16 32 33 65 98 114 228 456 554 b
1 2 4 8 16 32 33 65 98 130 228 326 554 b
1 2 4 8 16 32 33 65 98 130 228 456 554 b
1 2 4 8 16 32 33 65 98 163 179 277 554 b
1 2 4 8 16 32 33 65 98 163 228 326 554 b
1 2 4 8 16 32 33 65 98 163 228 391 554 b
1 2 4 8 16 32 33 65 98 163 228 456 554 b
1 2 4 8 16 32 33 65 98 163 261 277 554 b
1 2 4 8 16 32 33 65 98 163 261 293 554 b
1 2 4 8 16 32 33 65 98 163 261 522 554 b
1 2 4 8 16 32 33 65 98 163 326 391 554 b
1 2 4 8 16 32 33 65 98 163 326 489 554 b
1 2 4 8 16 32 33 65 98 196 212 277 554 b
1 2 4 8 16 32 33 65 98 196 228 326 554 b
1 2 4 8 16 32 33 65 98 196 228 456 554 b
1 2 4 8 16 32 33 65 98 196 261 277 554 b
1 2 4 8 16 32 33 65 98 196 261 293 554 b
1 2 4 8 16 32 33 65 98 196 261 522 554 b
1 2 4 8 16 32 33 65 130 131 146 277 554 a
1 2 4 8 16 32 33 65 130 131 147 277 554 b
1 2 4 8 16 32 33 65 130 131 261 277 554 b
1 2 4 8 16 32 33 65 130 131 261 293 554 b
1 2 4 8 16 32 33 65 130 131 261 522 554 b
1 2 4 8 16 32 33 65 130 138 139 277 554 b
1 2 4 8 16 32 33 65 130 138 276 277 554 b
1 2 4 8 16 32 33 65 130 138 276 278 554 b
1 2 4 8 16 32 33 65 130 138 276 552 554 b
1 2 4 8 16 32 33 65 130 146 147 277 554 b
1 2 4 8 16 32 33 65 130 146 276 277 554 b
1 2 4 8 16 32 33 65 130 146 276 278 554 b
1 2 4 8 16 32 33 65 130 146 276 552 554 b
1 2 4 8 16 32 33 65 130 163 228 326 554 a
1 2 4 8 16 32 33 65 130 163 228 391 554 b
1 2 4 8 16 32 33 65 130 163 326 391 554 b
1 2 4 8 16 32 33 65 130 163 326 489 554 b
1 2 4 8 16 32 33 65 130 260 261 277 554 b
1 2 4 8 16 32 33 65 130 260 261 293 554 b
1 2 4 8 16 32 33 65 130 260 261 294 554 b
1 2 4 8 16 32 33 65 130 260 261 521 554 b
1 2 4 8 16 32 33 65 130 260 261 522 554 b
1 2 4 8 16 32 33 65 130 260 262 292 554 a
1 2 4 8 16 32 33 65 130 260 262 294 554 b
1 2 4 8 16 32 33 65 130 260 262 522 554 b
1 2 4 8 16 32 33 65 130 260 276 277 554 b
1 2 4 8 16 32 33 65 130 260 276 278 554 b
1 2 4 8 16 32 33 65 130 260 276 552 554 b
1 2 4 8 16 32 33 65 130 260 292 294 554 b
1 2 4 8 16 32 33 65 130 260 292 552 554 b
1 2 4 8 16 32 33 65 130 260 293 294 554 b
1 2 4 8 16 32 33 65 130 260 293 553 554 b
1 2 4 8 16 32 33 65 130 260 520 521 554 b
1 2 4 8 16 32 33 65 130 260 520 522 554 b
1 2 4 8 16 32 33 65 130 260 520 552 554 b
1 2 4 8 16 32 33 65 130 260 520 553 554 b
1 2 4 8 16 32 33 66 98 114 228 326 554 b
1 2 4 8 16 32 33 66 98 114 228 456 554 b
1 2 4 8 16 32 33 66 98 130 228 326 554 b
1 2 4 8 16 32 33 66 98 130 228 456 554 b
1 2 4 8 16 32 33 66 98 196 228 326 554 b
1 2 4 8 16 32 33 66 98 196 228 456 554 b
1 2 4 8 16 32 34 35 69 104 173 277 554 b
1 2 4 8 16 32 34 35 69 104 208 277 554 b
1 2 4 8 16 32 34 35 69 138 139 277 554 b
1 2 4 8 16 32 34 35 69 138 276 277 554 b
1 2 4 8 16 32 34 35 69 138 276 278 554 b
1 2 4 8 16 32 34 35 69 138 276 552 554 b
1 2 4 8 16 32 34 42 64 128 256 298 554 a
1 2 4 8 16 32 34 42 64 128 256 512 554 a
1 2 4 8 16 32 34 48 82 130 212 342 554 a
1 2 4 8 16 32 34 48 82 130 212 424 554 a
1 2 4 8 16 32 34 48 82 130 260 294 554 a
1 2 4 8 16 32 34 48 82 130 260 520 554 a
1 2 4 8 16 32 34 48 96 130 260 294 554 a
1 2 4 8 16 32 34 48 96 130 260 520 554 a
1 2 4 8 16 32 34 50 84 168 218 336 554 a
1 2 4 8 16 32 34 50 84 168 218 386 554 b
1 2 4 8 16 32 34 50 84 168 252 302 554 b
1 2 4 8 16 32 34 50 84 168 252 504 554 b
1 2 4 8 16 32 34 50 84 168 336 386 554 b
1 2 4 8 16 32 34 50 84 168 336 504 554 b
1 2 4 8 16 32 34 64 65 130 260 294 554 a
1 2 4 8 16 32 34 64 65 130 260 520 554 a
1 2 4 8 16 32 34 64 66 130 260 294 554 a
1 2 4 8 16 32 34 64 66 130 260 520 554 a
1 2 4 8 16 32 34 64 96 130 260 294 554 a
1 2 4 8 16 32 34 64 96 130 260 520 554 a
1 2 4 8 16 32 34 64 98 114 228 326 554 a
1 2 4 8 16 32 34 64 98 114 228 456 554 a
1 2 4 8 16 32 34 64 98 130 228 326 554 a
1 2 4 8 16 32 34 64 98 130 228 456 554 a
1 2 4 8 16 32 34 64 98 130 260 294 554 a
1 2 4 8 16 32 34 64 98 130 260 520 554 a
1 2 4 8 16 32 34 64 98 162 196 358 554 a
1 2 4 8 16 32 34 64 98 162 196 392 554 a
1 2 4 8 16 32 34 64 98 162 260 294 554 a
1 2 4 8 16 32 34 64 98 162 260 520 554 a
1 2 4 8 16 32 34 64 98 196 228 326 554 a
1 2 4 8 16 32 34 64 98 196 228 456 554 a
1 2 4 8 16 32 34 64 98 196 260 294 554 a
1 2 4 8 16 32 34 64 98 196 260 358 554 a
1 2 4 8 16 32 34 64 98 196 260 456 554 a
1 2 4 8 16 32 34 64 98 196 260 520 554 a
1 2 4 8 16 32 34 64 98 196 294 358 554 a
1 2 4 8 16 32 34 64 98 196 294 490 554 a
1 2 4 8 16 32 34 64 98 196 392 456 554 a
1 2 4 8 16 32 34 64 98 196 392 490 554 a
1 2 4 8 16 32 34 64 128 130 260 294 554 a
1 2 4 8 16 32 34 64 128 130 260 520 554 a
1 2 4 8 16 32 34 64 128 132 260 294 554 a
1 2 4 8 16 32 34 64 128 132 260 520 554 a
1 2 4 8 16 32 34 64 128 162 196 358 554 a
1 2 4 8 16 32 34 64 128 162 196 392 554 a
1 2 4 8 16 32 34 64 128 256 260 294 554 a
1 2 4 8 16 32 34 64 128 256 260 520 554 a
1 2 4 8 16 32 34 64 128 256 264 290 554 a
1 2 4 8 16 32 34 64 128 256 264 298 554 a
1 2 4 8 16 32 34 64 128 256 264 520 554 a
1 2 4 8 16 32 34 64 128 256 290 298 554 a
1 2 4 8 16 32 34 64 128 256 290 546 554 a
1 2 4 8 16 32 34 64 128 256 512 520 554 a
1 2 4 8 16 32 34 64 128 256 512 546 554 a
1 2 4 8 16 32 34 66 98 114 228 326 554 b
1 2 4 8 16 32 34 66 98 114 228 456 554 b
1 2 4 8 16 32 34 66 98 130 228 326 554 b
1 2 4 8 16 32 34 66 98 130 228 456 554 b
1 2 4 8 16 32 34 66 98 130 260 294 554 b
1 2 4 8 16 32 34 66 98 130 260 520 554 b
1 2 4 8 16 32 34 66 98 196 228 326 554 b
1 2 4 8 16 32 34 66 98 196 228 456 554 b
1 2 4 8 16 32 34 68 69 138 139 277 554 b
1 2 4 8 16 32 34 68 69 138 276 277 554 b
1 2 4 8 16 32 34 68 69 138 276 278 554 b
1 2 4 8 16 32 34 68 69 138 276 552 554 b
1 2 4 8 16 32 34 68 70 138 139 277 554 b
1 2 4 8 16 32 34 68 70 138 208 346 554 b
1 2 4 8 16 32 34 68 70 138 208 416 554 b
1 2 4 8 16 32 34 68 70 138 276 277 554 b
1 2 4 8 16 32 34 68 70 138 276 278 554 b
1 2 4 8 16 32 34 68 70 138 276 552 554 b
1 2 4 8 16 32 34 68 136 137 140 277 554 a
1 2 4 8 16 32 34 68 136 137 141 277 554 b
1 2 4 8 16 32 34 68 136 137 273 277 554 b
1 2 4 8 16 32 34 68 136 137 273 281 554 b
1 2 4 8 16 32 34 68 136 137 273 546 554 b
1 2 4 8 16 32 34 68 136 138 139 277 554 b
1 2 4 8 16 32 34 68 136 138 276 277 554 b
1 2 4 8 16 32 34 68 136 138 276 278 554 b
1 2 4 8 16 32 34 68 136 138 276 552 554 b
1 2 4 8 16 32 34 68 136 140 141 277 554 b
1 2 4 8 16 32 34 68 136 140 276 277 554 b
1 2 4 8 16 32 34 68 136 140 276 278 554 b
1 2 4 8 16 32 34 68 136 140 276 552 554 b
1 2 4 8 16 32 34 68 136 272 273 277 554 b
1 2 4 8 16 32 34 68 136 272 273 281 554 b
1 2 4 8 16 32 34 68 136 272 273 546 554 b
1 2 4 8 16 32 34 68 136 272 274 280 554 a
1 2 4 8 16 32 34 68 136 272 274 282 554 b
1 2 4 8 16 32 34 68 136 272 274 546 554 b
1 2 4 8 16 32 34 68 136 272 276 277 554 b
1 2 4 8 16 32 34 68 136 272 276 278 554 b
1 2 4 8 16 32 34 68 136 272 276 552 554 b
1 2 4 8 16 32 34 68 136 272 280 282 554 b
1 2 4 8 16 32 34 68 136 272 280 552 554 b
1 2 4 8 16 32 34 68 136 272 544 546 554 b
1 2 4 8 16 32 34 68 136 272 544 552 554 b
1 2 4 8 16 32 36 37 69 138 139 277 554 b
1 2 4 8 16 32 36 37 69 138 276 277 554 b
1 2 4 8 16 32 36 37 69 138 276 278 554 b
1 2 4 8 16 32 36 37 69 138 276 552 554 b
1 2 4 8 16 32 36 68 69 104 173 277 554 a
1 2 4 8 16 32 36 68 69 104 208 277 554 a
1 2 4 8 16 32 36 68 69 138 139 277 554 b
1 2 4 8 16 32 36 68 69 138 276 277 554 b
1 2 4 8 16 32 36 68 69 138 276 278 554 b
1 2 4 8 16 32 36 68 69 138 276 552 554 b
1 2 4 8 16 32 36 68 70 138 139 277 554 b
1 2 4 8 16 32 36 68 70 138 208 346 554 b
1 2 4 8 16 32 36 68 70 138 208 416 554 b
1 2 4 8 16 32 36 68 70 138 276 277 554 b
1 2 4 8 16 32 36 68 70 138 276 278 554 b
1 2 4 8 16 32 36 68 70 138 276 552 554 b
1 2 4 8 16 32 36 68 104 105 172 277 554 a
1 2 4 8 16 32 36 68 104 105 173 277 554 b
1 2 4 8 16 32 36 68 104 105 209 277 554 b
1 2 4 8 16 32 36 68 104 172 173 277 554 b
1 2 4 8 16 32 36 68 104 172 276 277 554 b
1 2 4 8 16 32 36 68 104 172 276 278 554 b
1 2 4 8 16 32 36 68 104 172 276 552 554 b
1 2 4 8 16 32 36 68 104 208 209 277 554 b
1 2 4 8 16 32 36 68 104 208 276 277 554 b
1 2 4 8 16 32 36 68 104 208 276 278 554 b
1 2 4 8 16 32 36 68 104 208 276 552 554 b
1 2 4 8 16 32 36 68 136 137 140 277 554 a
1 2 4 8 16 32 36 68 136 137 141 277 554 b
1 2 4 8 16 32 36 68 136 137 273 277 554 b
1 2 4 8 16 32 36 68 136 137 273 281 554 b
1 2 4 8 16 32 36 68 136 137 273 546 554 b
1 2 4 8 16 32 36 68 136 138 139 277 554 b
1 2 4 8 16 32 36 68 136 138 276 277 554 b
1 2 4 8 16 32 36 68 136 138 276 278 554 b
1 2 4 8 16 32 36 68 136 138 276 552 554 b
1 2 4 8 16 32 36 68 136 140 141 277 554 b
1 2 4 8 16 32 36 68 136 140 276 277 554 b
1 2 4 8 16 32 36 68 136 140 276 278 554 b
1 2 4 8 16 32 36 68 136 140 276 552 554 b
1 2 4 8 16 32 36 68 136 272 273 277 554 b
1 2 4 8 16 32 36 68 136 272 273 281 554 b
1 2 4 8 16 32 36 68 136 272 273 546 554 b
1 2 4 8 16 32 36 68 136 272 274 280 554 a
1 2 4 8 16 32 36 68 136 272 274 282 554 b
1 2 4 8 16 32 36 68 136 272 274 546 554 b
1 2 4 8 16 32 36 68 136 272 276 277 554 b
1 2 4 8 16 32 36 68 136 272 276 278 554 b
1 2 4 8 16 32 36 68 136 272 276 552 554 b
1 2 4 8 16 32 36 68 136 272 280 282 554 b
1 2 4 8 16 32 36 68 136 272 280 552 554 b
1 2 4 8 16 32 36 68 136 272 544 546 554 b
1 2 4 8 16 32 36 68 136 272 544 552 554 b
1 2 4 8 16 32 40 42 64 128 256 298 554 a
1 2 4 8 16 32 40 42 64 128 256 512 554 a
1 2 4 8 16 32 40 64 128 129 257 297 554 a
1 2 4 8 16 32 40 64 128 129 257 514 554 a
1 2 4 8 16 32 40 64 128 256 257 297 554 a
1 2 4 8 16 32 40 64 128 256 257 514 554 a
1 2 4 8 16 32 40 64 128 256 258 296 554 a
1 2 4 8 16 32 40 64 128 256 258 298 554 a
1 2 4 8 16 32 40 64 128 256 258 514 554 a
1 2 4 8 16 32 40 64 128 256 296 298 554 a
1 2 4 8 16 32 40 64 128 256 296 552 554 a
1 2 4 8 16 32 40 64 128 256 512 514 554 a
1 2 4 8 16 32 40 64 128 256 512 552 554 a
1 2 4 8 16 32 40 72 112 184 185 369 554 b
1 2 4 8 16 32 40 72 112 184 185 370 554 b
1 2 4 8 16 32 40 72 112 184 186 368 554 a
1 2 4 8 16 32 40 72 112 184 186 370 554 b
1 2 4 8 16 32 40 72 112 184 368 370 554 b
1 2 4 8 16 32 40 72 112 184 368 552 554 b
1 2 4 8 16 32 40 72 144 184 185 369 554 b
1 2 4 8 16 32 40 72 144 184 185 370 554 b
1 2 4 8 16 32 40 72 144 184 186 368 554 a
1 2 4 8 16 32 40 72 144 184 186 370 554 b
1 2 4 8 16 32 40 72 144 184 368 370 554 b
1 2 4 8 16 32 40 72 144 184 368 552 554 b
1 2 4 8 16 32 48 49 57 114 163 277 554 b
1 2 4 8 16 32 48 49 57 114 228 277 554 b
1 2 4 8 16 32 48 49 65 114 163 277 554 b
1 2 4 8 16 32 48 49 65 114 228 277 554 b
1 2 4 8 16 32 48 49 81 98 179 277 554 a
1 2 4 8 16 32 48 49 81 98 196 277 554 a
1 2 4 8 16 32 48 49 98 114 163 277 554 b
1 2 4 8 16 32 48 49 98 114 228 277 554 b
1 2 4 8 16 32 48 49 98 114 228 326 554 b
1 2 4 8 16 32 48 49 98 114 228 456 554 b
1 2 4 8 16 32 48 49 98 130 147 277 554 a
1 2 4 8 16 32 48 49 98 130 179 277 554 b
1 2 4 8 16 32 48 49 98 130 228 277 554 b
1 2 4 8 16 32 48 49 98 130 228 326 554 b
1 2 4 8 16 32 48 49 98 130 228 456 554 b
1 2 4 8 16 32 48 49 98 147 179 277 554 b
1 2 4 8 16 32 48 49 98 147 245 277 554 b
1 2 4 8 16 32 48 49 98 196 228 277 554 b
1 2 4 8 16 32 48 49 98 196 228 326 554 b
1 2 4 8 16 32 48 49 98 196 228 456 554 b
1 2 4 8 16 32 48 49 98 196 245 277 554 b
1 2 4 8 16 32 48 50 82 130 212 342 554 b
1 2 4 8 16 32 48 50 82 130 212 424 554 b
1 2 4 8 16 32 48 50 98 114 228 326 554 b
1 2 4 8 16 32 48 50 98 114 228 456 554 b
1 2 4 8 16 32 48 50 98 130 228 326 554 b
1 2 4 8 16 32 48 50 98 130 228 456 554 b
1 2 4 8 16 32 48 50 98 196 228 326 554 b
1 2 4 8 16 32 48 50 98 196 228 456 554 b
1 2 4 8 16 32 48 80 82 130 212 342 554 b
1 2 4 8 16 32 48 80 82 130 212 424 554 b
1 2 4 8 16 32 48 96 98 114 228 326 554 b
1 2 4 8 16 32 48 96 98 114 228 456 554 b
1 2 4 8 16 32 48 96 98 130 228 326 554 b
1 2 4 8 16 32 48 96 98 130 228 456 554 b
1 2 4 8 16 32 48 96 98 196 228 326 554 b
1 2 4 8 16 32 48 96 98 196 228 456 554 b
1 2 4 8 16 32 64 65 69 138 139 277 554 b
1 2 4 8 16 32 64 65 69 138 276 277 554 b
1 2 4 8 16 32 64 65 69 138 276 278 554 b
1 2 4 8 16 32 64 65 69 138 276 552 554 b
1 2 4 8 16 32 64 65 73 138 139 277 554 b
1 2 4 8 16 32 64 65 73 138 276 277 554 b
1 2 4 8 16 32 64 65 73 138 276 278 554 b
1 2 4 8 16 32 64 65 73 138 276 552 554 b
1 2 4 8 16 32 64 65 130 131 146 277 554 a
1 2 4 8 16 32 64 65 130 131 147 277 554 b
1 2 4 8 16 32 64 65 130 131 261 277 554 b
1 2 4 8 16 32 64 65 130 131 261 293 554 b
1 2 4 8 16 32 64 65 130 131 261 522 554 b
1 2 4 8 16 32 64 65 130 138 139 277 554 b
1 2 4 8 16 32 64 65 130 138 276 277 554 b
1 2 4 8 16 32 64 65 130 138 276 278 554 b
1 2 4 8 16 32 64 65 130 138 276 552 554 b
1 2 4 8 16 32 64 65 130 146 147 277 554 b
1 2 4 8 16 32 64 65 130 146 276 277 554 b
1 2 4 8 16 32 64 65 130 146 276 278 554 b
1 2 4 8 16 32 64 65 130 146 276 552 554 b
1 2 4 8 16 32 64 65 130 260 261 277 554 b
1 2 4 8 16 32 64 65 130 260 261 293 554 b
1 2 4 8 16 32 64 65 130 260 261 522 554 b
1 2 4 8 16 32 64 65 130 260 262 292 554 a
1 2 4 8 16 32 64 65 130 260 262 294 554 b
1 2 4 8 16 32 64 65 130 260 262 522 554 b
1 2 4 8 16 32 64 65 130 260 276 277 554 b
1 2 4 8 16 32 64 65 130 260 276 278 554 b
1 2 4 8 16 32 64 65 130 260 276 552 554 b
1 2 4 8 16 32 64 65 130 260 292 294 554 b
1 2 4 8 16 32 64 65 130 260 292 552 554 b
1 2 4 8 16 32 64 65 130 260 520 522 554 b
1 2 4 8 16 32 64 65 130 260 520 552 554 b
1 2 4 8 16 32 64 66 72 138 139 277 554 a
1 2 4 8 16 32 64 66 72 138 276 277 554 a
1 2 4 8 16 32 64 66 72 138 276 278 554 a
1 2 4 8 16 32 64 66 72 138 276 552 554 a
1 2 4 8 16 32 64 66 74 138 139 277 554 b
1 2 4 8 16 32 64 66 74 138 276 277 554 b
1 2 4 8 16 32 64 66 74 138 276 278 554 b
1 2 4 8 16 32 64 66 74 138 276 552 554 b
1 2 4 8 16 32 64 66 82 130 212 342 554 a
1 2 4 8 16 32 64 66 82 130 212 424 554 a
1 2 4 8 16 32 64 66 98 114 228 326 554 b
1 2 4 8 16 32 64 66 98 114 228 456 554 b
1 2 4 8 16 32 64 66 98 130 228 326 554 b
1 2 4 8 16 32 64 66 98 130 228 456 554 b
1 2 4 8 16 32 64 66 98 162 196 358 554 a
1 2 4 8 16 32 64 66 98 162 196 392 554 a
1 2 4 8 16 32 64 66 98 162 228 326 554 b
1 2 4 8 16 32 64 66 98 162 228 456 554 b
1 2 4 8 16 32 64 66 98 164 228 326 554 b
1 2 4 8 16 32 64 66 98 164 228 456 554 b
1 2 4 8 16 32 64 66 98 196 228 326 554 b
1 2 4 8 16 32 64 66 98 196 228 456 554 b
1 2 4 8 16 32 64 66 98 196 260 294 554 a
1 2 4 8 16 32 64 66 98 196 260 358 554 b
1 2 4 8 16 32 64 66 98 196 260 456 554 b
1 2 4 8 16 32 64 66 98 196 294 358 554 b
1 2 4 8 16 32 64 66 98 196 294 490 554 b
1 2 4 8 16 32 64 66 98 196 392 456 554 b
1 2 4 8 16 32 64 66 98 196 392 490 554 b
1 2 4 8 16 32 64 66 130 131 146 277 554 a
1 2 4 8 16 32 64 66 130 131 147 277 554 b
1 2 4 8 16 32 64 66 130 131 261 277 554 b
1 2 4 8 16 32 64 66 130 131 261 293 554 b
1 2 4 8 16 32 64 66 130 131 261 522 554 b
1 2 4 8 16 32 64 66 130 138 139 277 554 b
1 2 4 8 16 32 64 66 130 138 276 277 554 b
1 2 4 8 16 32 64 66 130 138 276 278 554 b
1 2 4 8 16 32 64 66 130 138 276 552 554 b
1 2 4 8 16 32 64 66 130 146 147 277 554 b
1 2 4 8 16 32 64 66 130 146 212 342 554 b
1 2 4 8 16 32 64 66 130 146 212 424 554 b
1 2 4 8 16 32 64 66 130 146 276 277 554 b
1 2 4 8 16 32 64 66 130 146 276 278 554 b
1 2 4 8 16 32 64 66 130 146 276 552 554 b
1 2 4 8 16 32 64 66 130 162 196 358 554 a
1 2 4 8 16 32 64 66 130 162 196 392 554 a
1 2 4 8 16 32 64 66 130 196 212 342 554 b
1 2 4 8 16 32 64 66 130 196 212 424 554 b
1 2 4 8 16 32 64 66 130 196 228 326 554 a
1 2 4 8 16 32 64 66 130 196 228 358 554 b
1 2 4 8 16 32 64 66 130 196 228 424 554 b
1 2 4 8 16 32 64 66 130 196 326 358 554 b
1 2 4 8 16 32 64 66 130 196 326 522 554 b
1 2 4 8 16 32 64 66 130 196 392 424 554 b
1 2 4 8 16 32 64 66 130 196 392 522 554 b
1 2 4 8 16 32 64 66 130 260 261 277 554 b
1 2 4 8 16 32 64 66 130 260 261 293 554 b
1 2 4 8 16 32 64 66 130 260 261 522 554 b
1 2 4 8 16 32 64 66 130 260 262 292 554 a
1 2 4 8 16 32 64 66 130 260 262 294 554 b
1 2 4 8 16 32 64 66 130 260 262 522 554 b
1 2 4 8 16 32 64 66 130 260 276 277 554 b
1 2 4 8 16 32 64 66 130 260 276 278 554 b
1 2 4 8 16 32 64 66 130 260 276 552 554 b
1 2 4 8 16 32 64 66 130 260 292 294 554 b
1 2 4 8 16 32 64 66 130 260 292 552 554 b
1 2 4 8 16 32 64 66 130 260 520 522 554 b
1 2 4 8 16 32 64 66 130 260 520 552 554 b
1 2 4 8 16 32 64 68 69 138 139 277 554 b
1 2 4 8 16 32 64 68 69 138 276 277 554 b
1 2 4 8 16 32 64 68 69 138 276 278 554 b
1 2 4 8 16 32 64 68 69 138 276 552 554 b
1 2 4 8 16 32 64 68 70 138 139 277 554 b
1 2 4 8 16 32 64 68 70 138 208 346 554 b
1 2 4 8 16 32 64 68 70 138 208 416 554 b
1 2 4 8 16 32 64 68 70 138 276 277 554 b
1 2 4 8 16 32 64 68 70 138 276 278 554 b
1 2 4 8 16 32 64 68 70 138 276 552 554 b
1 2 4 8 16 32 64 68 136 137 140 277 554 a
1 2 4 8 16 32 64 68 136 137 141 277 554 b
1 2 4 8 16 32 64 68 136 137 273 277 554 b
1 2 4 8 16 32 64 68 136 137 273 281 554 b
1 2 4 8 16 32 64 68 136 137 273 546 554 b
1 2 4 8 16 32 64 68 136 138 139 277 554 b
1 2 4 8 16 32 64 68 136 138 276 277 554 b
1 2 4 8 16 32 64 68 136 138 276 278 554 b
1 2 4 8 16 32 64 68 136 138 276 552 554 b
1 2 4 8 16 32 64 68 136 140 141 277 554 b
1 2 4 8 16 32 64 68 136 140 276 277 554 b
1 2 4 8 16 32 64 68 136 140 276 278 554 b
1 2 4 8 16 32 64 68 136 140 276 552 554 b
1 2 4 8 16 32 64 68 136 272 273 277 554 b
1 2 4 8 16 32 64 68 136 272 273 281 554 b
1 2 4 8 16 32 64 68 136 272 273 546 554 b
1 2 4 8 16 32 64 68 136 272 274 280 554 a
1 2 4 8 16 32 64 68 136 272 274 282 554 b
1 2 4 8 16 32 64 68 136 272 274 546 554 b
1 2 4 8 16 32 64 68 136 272 276 277 554 b
1 2 4 8 16 32 64 68 136 272 276 278 554 b
1 2 4 8 16 32 64 68 136 272 276 552 554 b
1 2 4 8 16 32 64 68 136 272 280 282 554 b
1 2 4 8 16 32 64 68 136 272 280 552 554 b
1 2 4 8 16 32 64 68 136 272 544 546 554 b
1 2 4 8 16 32 64 68 136 272 544 552 554 b
1 2 4 8 16 32 64 72 73 136 209 345 554 a
1 2 4 8 16 32 64 72 73 136 209 418 554 a
1 2 4 8 16 32 64 72 74 138 139 277 554 b
1 2 4 8 16 32 64 72 74 138 276 277 554 b
1 2 4 8 16 32 64 72 74 138 276 278 554 b
1 2 4 8 16 32 64 72 74 138 276 552 554 b
1 2 4 8 16 32 64 72 136 137 140 277 554 a
1 2 4 8 16 32 64 72 136 137 141 277 554 b
1 2 4 8 16 32 64 72 136 137 209 345 554 b
1 2 4 8 16 32 64 72 136 137 209 418 554 b
1 2 4 8 16 32 64 72 136 137 273 277 554 b
1 2 4 8 16 32 64 72 136 137 273 281 554 b
1 2 4 8 16 32 64 72 136 137 273 546 554 b
1 2 4 8 16 32 64 72 136 138 139 277 554 b
1 2 4 8 16 32 64 72 136 138 208 346 554 a
1 2 4 8 16 32 64 72 136 138 208 416 554 a
1 2 4 8 16 32 64 72 136 138 276 277 554 b
1 2 4 8 16 32 64 72 136 138 276 278 554 b
1 2 4 8 16 32 64 72 136 138 276 552 554 b
1 2 4 8 16 32 64 72 136 140 141 277 554 b
1 2 4 8 16 32 64 72 136 140 276 277 554 b
1 2 4 8 16 32 64 72 136 140 276 278 554 b
1 2 4 8 16 32 64 72 136 140 276 552 554 b
1 2 4 8 16 32 64 72 136 208 209 345 554 b
1 2 4 8 16 32 64 72 136 208 209 418 554 b
1 2 4 8 16 32 64 72 136 208 210 344 554 a
1 2 4 8 16 32 64 72 136 208 210 346 554 b
1 2 4 8 16 32 64 72 136 208 210 418 554 b
1 2 4 8 16 32 64 72 136 208 344 346 554 b
1 2 4 8 16 32 64 72 136 208 344 552 554 b
1 2 4 8 16 32 64 72 136 208 416 418 554 b
1 2 4 8 16 32 64 72 136 208 416 552 554 b
1 2 4 8 16 32 64 72 136 272 273 277 554 b
1 2 4 8 16 32 64 72 136 272 273 281 554 b
1 2 4 8 16 32 64 72 136 272 273 546 554 b
1 2 4 8 16 32 64 72 136 272 274 280 554 a
1 2 4 8 16 32 64 72 136 272 274 282 554 b
1 2 4 8 16 32 64 72 136 272 274 546 554 b
1 2 4 8 16 32 64 72 136 272 276 277 554 b
1 2 4 8 16 32 64 72 136 272 276 278 554 b
1 2 4 8 16 32 64 72 136 272 276 552 554 b
1 2 4 8 16 32 64 72 136 272 280 282 554 b
1 2 4 8 16 32 64 72 136 272 280 552 554 b
1 2 4 8 16 32 64 72 136 272 544 546 554 b
1 2 4 8 16 32 64 72 136 272 544 552 554 b
1 2 4 8 16 32 64 96 98 114 228 326 554 b
1 2 4 8 16 32 64 96 98 114 228 456 554 b
1 2 4 8 16 32 64 96 98 130 228 326 554 b
1 2 4 8 16 32 64 96 98 130 228 456 554 b
1 2 4 8 16 32 64 96 98 162 196 358 554 a
1 2 4 8 16 32 64 96 98 162 196 392 554 a
1 2 4 8 16 32 64 96 98 196 228 326 554 b
1 2 4 8 16 32 64 96 98 196 228 456 554 b
1 2 4 8 16 32 64 96 98 196 260 294 554 a
1 2 4 8 16 32 64 96 98 196 260 358 554 b
1 2 4 8 16 32 64 96 98 196 260 456 554 b
1 2 4 8 16 32 64 96 98 196 294 358 554 b
1 2 4 8 16 32 64 96 98 196 294 490 554 b
1 2 4 8 16 32 64 96 98 196 392 456 554 b
1 2 4 8 16 32 64 96 98 196 392 490 554 b
1 2 4 8 16 32 64 128 129 132 145 277 554 a
1 2 4 8 16 32 64 128 129 132 148 277 554 a
1 2 4 8 16 32 64 128 129 132 261 277 554 a
1 2 4 8 16 32 64 128 129 132 261 293 554 a
1 2 4 8 16 32 64 128 129 132 261 522 554 a
1 2 4 8 16 32 64 128 129 133 144 277 554 a
1 2 4 8 16 32 64 128 129 133 149 277 554 b
1 2 4 8 16 32 64 128 129 133 261 277 554 b
1 2 4 8 16 32 64 128 129 133 261 293 554 b
1 2 4 8 16 32 64 128 129 133 261 522 554 b
1 2 4 8 16 32 64 128 129 144 148 277 554 a
1 2 4 8 16 32 64 128 129 144 273 277 554 a
1 2 4 8 16 32 64 128 129 144 273 281 554 a
1 2 4 8 16 32 64 128 129 144 273 546 554 a
1 2 4 8 16 32 64 128 129 145 149 277 554 b
1 2 4 8 16 32 64 128 129 145 273 277 554 b
1 2 4 8 16 32 64 128 129 145 273 281 554 b
1 2 4 8 16 32 64 128 129 145 273 546 554 b
1 2 4 8 16 32 64 128 129 257 261 277 554 b
1 2 4 8 16 32 64 128 129 257 261 293 554 b
1 2 4 8 16 32 64 128 129 257 261 522 554 b
1 2 4 8 16 32 64 128 129 257 265 289 554 a
1 2 4 8 16 32 64 128 129 257 265 297 554 b
1 2 4 8 16 32 64 128 129 257 265 522 554 b
1 2 4 8 16 32 64 128 129 257 273 277 554 b
1 2 4 8 16 32 64 128 129 257 273 281 554 b
1 2 4 8 16 32 64 128 129 257 273 546 554 b
1 2 4 8 16 32 64 128 129 257 289 297 554 b
1 2 4 8 16 32 64 128 129 257 289 546 554 b
1 2 4 8 16 32 64 128 129 257 514 522 554 b
1 2 4 8 16 32 64 128 129 257 514 546 554 b
1 2 4 8 16 32 64 128 130 131 146 277 554 a
1 2 4 8 16 32 64 128 130 131 147 277 554 b
1 2 4 8 16 32 64 128 130 131 261 277 554 b
1 2 4 8 16 32 64 128 130 131 261 293 554 b
1 2 4 8 16 32 64 128 130 131 261 522 554 b
1 2 4 8 16 32 64 128 130 138 139 277 554 b
1 2 4 8 16 32 64 128 130 138 276 277 554 b
1 2 4 8 16 32 64 128 130 138 276 278 554 b
1 2 4 8 16 32 64 128 130 138 276 552 554 b
1 2 4 8 16 32 64 128 130 146 147 277 554 b
1 2 4 8 16 32 64 128 130 146 276 277 554 b
1 2 4 8 16 32 64 128 130 146 276 278 554 b
1 2 4 8 16 32 64 128 130 146 276 552 554 b
1 2 4 8 16 32 64 128 130 260 261 277 554 b
1 2 4 8 16 32 64 128 130 260 261 293 554 b
1 2 4 8 16 32 64 128 130 260 261 522 554 b
1 2 4 8 16 32 64 128 130 260 262 292 554 a
1 2 4 8 16 32 64 128 130 260 262 294 554 b
1 2 4 8 16 32 64 128 130 260 262 522 554 b
1 2 4 8 16 32 64 128 130 260 276 277 554 b
1 2 4 8 16 32 64 128 130 260 276 278 554 b
1 2 4 8 16 32 64 128 130 260 276 552 554 b
1 2 4 8 16 32 64 128 130 260 292 294 554 b
1 2 4 8 16 32 64 128 130 260 292 552 554 b
1 2 4 8 16 32 64 128 130 260 520 522 554 b
1 2 4 8 16 32 64 128 130 260 520 552 554 b
1 2 4 8 16 32 64 128 132 133 144 277 554 a
1 2 4 8 16 32 64 128 132 133 149 277 554 b
1 2 4 8 16 32 64 128 132 133 261 277 554 b
1 2 4 8 16 32 64 128 132 133 261 293 554 b
1 2 4 8 16 32 64 128 132 133 261 522 554 b
1 2 4 8 16 32 64 128 132 144 145 277 554 a
1 2 4 8 16 32 64 128 132 144 276 277 554 a
1 2 4 8 16 32 64 128 132 144 276 278 554 a
1 2 4 8 16 32 64 128 132 144 276 552 554 a
1 2 4 8 16 32 64 128 132 148 149 277 554 b
1 2 4 8 16 32 64 128 132 148 276 277 554 b
1 2 4 8 16 32 64 128 132 148 276 278 554 b
1 2 4 8 16 32 64 128 132 148 276 552 554 b
1 2 4 8 16 32 64 128 132 260 261 277 554 b
1 2 4 8 16 32 64 128 132 260 261 293 554 b
1 2 4 8 16 32 64 128 132 260 261 522 554 b
1 2 4 8 16 32 64 128 132 260 262 292 554 a
1 2 4 8 16 32 64 128 132 260 262 294 554 b
1 2 4 8 16 32 64 128 132 260 262 522 554 b
1 2 4 8 16 32 64 128 132 260 276 277 554 b
1 2 4 8 16 32 64 128 132 260 276 278 554 b
1 2 4 8 16 32 64 128 132 260 276 552 554 b
1 2 4 8 16 32 64 128 132 260 292 294 554 b
1 2 4 8 16 32 64 128 132 260 292 552 554 b
1 2 4 8 16 32 64 128 132 260 520 522 554 b
1 2 4 8 16 32 64 128 132 260 520 552 554 b
1 2 4 8 16 32 64 128 136 137 140 277 554 a
1 2 4 8 16 32 64 128 136 137 141 277 554 b
1 2 4 8 16 32 64 128 136 137 273 277 554 b
1 2 4 8 16 32 64 128 136 137 273 281 554 b
1 2 4 8 16 32 64 128 136 137 273 546 554 b
1 2 4 8 16 32 64 128 136 138 139 277 554 b
1 2 4 8 16 32 64 128 136 138 276 277 554 b
1 2 4 8 16 32 64 128 136 138 276 278 554 b
1 2 4 8 16 32 64 128 136 138 276 552 554 b
1 2 4 8 16 32 64 128 136 140 141 277 554 b
1 2 4 8 16 32 64 128 136 140 276 277 554 b
1 2 4 8 16 32 64 128 136 140 276 278 554 b
1 2 4 8 16 32 64 128 136 140 276 552 554 b
1 2 4 8 16 32 64 128 136 272 273 277 554 b
1 2 4 8 16 32 64 128 136 272 273 281 554 b
1 2 4 8 16 32 64 128 136 272 273 546 554 b
1 2 4 8 16 32 64 128 136 272 274 280 554 a
1 2 4 8 16 32 64 128 136 272 274 282 554 b
1 2 4 8 16 32 64 128 136 272 274 546 554 b
1 2 4 8 16 32 64 128 136 272 276 277 554 b
1 2 4 8 16 32 64 128 136 272 276 278 554 b
1 2 4 8 16 32 64 128 136 272 276 552 554 b
1 2 4 8 16 32 64 128 136 272 280 282 554 b
1 2 4 8 16 32 64 128 136 272 280 552 554 b
1 2 4 8 16 32 64 128 136 272 544 546 554 b
1 2 4 8 16 32 64 128 136 272 544 552 554 b
1 2 4 8 16 32 64 128 144 145 149 277 554 b
1 2 4 8 16 32 64 128 144 145 273 277 554 b
1 2 4 8 16 32 64 128 144 145 273 281 554 b
1 2 4 8 16 32 64 128 144 145 273 546 554 b
1 2 4 8 16 32 64 128 144 148 149 277 554 b
1 2 4 8 16 32 64 128 144 148 276 277 554 b
1 2 4 8 16 32 64 128 144 148 276 278 554 b
1 2 4 8 16 32 64 128 144 148 276 552 554 b
1 2 4 8 16 32 64 128 144 272 273 277 554 b
1 2 4 8 16 32 64 128 144 272 273 281 554 b
1 2 4 8 16 32 64 128 144 272 273 546 554 b
1 2 4 8 16 32 64 128 144 272 274 280 554 a
1 2 4 8 16 32 64 128 144 272 274 282 554 b
1 2 4 8 16 32 64 128 144 272 274 546 554 b
1 2 4 8 16 32 64 128 144 272 276 277 554 b
1 2 4 8 16 32 64 128 144 272 276 278 554 b
1 2 4 8 16 32 64 128 144 272 276 552 554 b
1 2 4 8 16 32 64 128 144 272 280 282 554 b
1 2 4 8 16 32 64 128 144 272 280 552 554 b
1 2 4 8 16 32 64 128 144 272 544 546 554 b
1 2 4 8 16 32 64 128 144 272 544 552 554 b
1 2 4 8 16 32 64 128 256 257 261 277 554 b
1 2 4 8 16 32 64 128 256 257 261 293 554 b
1 2 4 8 16 32 64 128 256 257 261 522 554 b
1 2 4 8 16 32 64 128 256 257 265 289 554 a
1 2 4 8 16 32 64 128 256 257 265 297 554 b
1 2 4 8 16 32 64 128 256 257 265 522 554 b
1 2 4 8 16 32 64 128 256 257 273 277 554 b
1 2 4 8 16 32 64 128 256 257 273 281 554 b
1 2 4 8 16 32 64 128 256 257 273 546 554 b
1 2 4 8 16 32 64 128 256 257 289 297 554 b
1 2 4 8 16 32 64 128 256 257 289 546 554 b
1 2 4 8 16 32 64 128 256 257 514 522 554 b
1 2 4 8 16 32 64 128 256 257 514 546 554 b
1 2 4 8 16 32 64 128 256 258 264 290 554 a
1 2 4 8 16 32 64 128 256 258 264 296 554 a
1 2 4 8 16 32 64 128 256 258 264 522 554 a
1 2 4 8 16 32 64 128 256 258 266 288 554 a
1 2 4 8 16 32 64 128 256 258 266 298 554 b
1 2 4 8 16 32 64 128 256 258 266 522 554 b
1 2 4 8 16 32 64 128 256 258 288 296 554 a
1 2 4 8 16 32 64 128 256 258 288 546 554 a
1 2 4 8 16 32 64 128 256 258 290 298 554 b
1 2 4 8 16 32 64 128 256 258 290 546 554 b
1 2 4 8 16 32 64 128 256 258 514 522 554 b
1 2 4 8 16 32 64 128 256 258 514 546 554 b
1 2 4 8 16 32 64 128 256 260 261 277 554 b
1 2 4 8 16 32 64 128 256 260 261 293 554 b
1 2 4 8 16 32 64 128 256 260 261 522 554 b
1 2 4 8 16 32 64 128 256 260 262 292 554 a
1 2 4 8 16 32 64 128 256 260 262 294 554 b
1 2 4 8 16 32 64 128 256 260 262 522 554 b
1 2 4 8 16 32 64 128 256 260 276 277 554 b
1 2 4 8 16 32 64 128 256 260 276 278 554 b
1 2 4 8 16 32 64 128 256 260 276 552 554 b
1 2 4 8 16 32 64 128 256 260 292 294 554 b
1 2 4 8 16 32 64 128 256 260 292 552 554 b
1 2 4 8 16 32 64 128 256 260 520 522 554 b
1 2 4 8 16 32 64 128 256 260 520 552 554 b
1 2 4 8 16 32 64 128 256 264 266 288 554 a
1 2 4 8 16 32 64 128 256 264 266 298 554 b
1 2 4 8 16 32 64 128 256 264 266 522 554 b
1 2 4 8 16 32 64 128 256 264 288 290 554 a
1 2 4 8 16 32 64 128 256 264 288 552 554 a
1 2 4 8 16 32 64 128 256 264 296 298 554 b
1 2 4 8 16 32 64 128 256 264 296 552 554 b
1 2 4 8 16 32 64 128 256 264 520 522 554 b
1 2 4 8 16 32 64 128 256 264 520 552 554 b
1 2 4 8 16 32 64 128 256 272 273 277 554 b
1 2 4 8 16 32 64 128 256 272 273 281 554 b
1 2 4 8 16 32 64 128 256 272 273 546 554 b
1 2 4 8 16 32 64 128 256 272 274 280 554 a
1 2 4 8 16 32 64 128 256 272 274 282 554 b
1 2 4 8 16 32 64 128 256 272 274 546 554 b
1 2 4 8 16 32 64 128 256 272 276 277 554 b
1 2 4 8 16 32 64 128 256 272 276 278 554 b
1 2 4 8 16 32 64 128 256 272 276 552 554 b
1 2 4 8 16 32 64 128 256 272 280 282 554 b
1 2 4 8 16 32 64 128 256 272 280 552 554 b
1 2 4 8 16 32 64 128 256 272 544 546 554 b
1 2 4 8 16 32 64 128 256 272 544 552 554 b
1 2 4 8 16 32 64 128 256 288 290 298 554 b
1 2 4 8 16 32 64 128 256 288 290 546 554 b
1 2 4 8 16 32 64 128 256 288 296 298 554 b
1 2 4 8 16 32 64 128 256 288 296 552 554 b
1 2 4 8 16 32 64 128 256 288 544 546 554 b
1 2 4 8 16 32 64 128 256 288 544 552 554 b
1 2 4 8 16 32 64 128 256 512 514 522 554 b
1 2 4 8 16 32 64 128 256 512 514 546 554 b
1 2 4 8 16 32 64 128 256 512 520 522 554 b
1 2 4 8 16 32 64 128 256 512 520 552 554 b
1 2 4 8 16 32 64 128 256 512 544 546 554 b
1 2 4 8 16 32 64 128 256 512 544 552 554 b
