1 2 3 5 10 15 25 50 75 150 300 305 605 b
1 2 3 5 10 15 25 50 75 150 300 600 605 b
1 2 3 5 10 15 25 50 100 150 300 305 605 b
1 2 3 5 10 15 25 50 100 150 300 600 605 b
1 2 3 5 10 15 25 50 100 200 205 400 605 a
1 2 3 5 10 15 25 50 100 200 205 405 605 b
1 2 3 5 10 15 25 50 100 200 300 305 605 b
1 2 3 5 10 15 25 50 100 200 300 600 605 b
1 2 3 5 10 15 25 50 100 200 400 405 605 b
1 2 3 5 10 15 25 50 100 200 400 600 605 b
1 2 3 5 10 15 30 45 75 150 300 305 605 b
1 2 3 5 10 15 30 45 75 150 300 600 605 b
1 2 3 5 10 15 30 60 61 121 242 363 605 b
1 2 3 5 10 15 30 60 61 121 242 484 605 b
1 2 3 5 10 15 30 60 75 150 300 305 605 b
1 2 3 5 10 15 30 60 75 150 300 600 605 b
1 2 3 5 10 15 30 60 90 150 300 305 605 b
1 2 3 5 10 15 30 60 90 150 300 600 605 b
1 2 3 5 10 15 30 60 120 121 242 363 605 b
1 2 3 5 10 15 30 60 120 121 242 484 605 b
1 2 3 5 10 15 30 60 120 125 240 365 605 a
1 2 3 5 10 15 30 60 120 125 240 480 605 a
1 2 3 5 10 15 30 60 120 150 300 305 605 b
1 2 3 5 10 15 30 60 120 150 300 600 605 b
1 2 3 5 10 15 30 60 120 180 300 305 605 b
1 2 3 5 10 15 30 60 120 180 300 600 605 b
1 2 3 5 10 15 30 60 120 240 245 360 605 a
1 2 3 5 10 15 30 60 120 240 245 365 605 b
1 2 3 5 10 15 30 60 120 240 245 485 605 b
1 2 3 5 10 15 30 60 120 240 300 305 605 b
1 2 3 5 10 15 30 60 120 240 300 600 605 b
1 2 3 5 10 15 30 60 120 240 360 365 605 b
1 2 3 5 10 15 30 60 120 240 360 600 605 b
1 2 3 5 10 15 30 60 120 240 480 485 605 b
1 2 3 5 10 15 30 60 120 240 480 600 605 b
1 2 3 5 10 20 25 45 70 140 280 325 605 b
1 2 3 5 10 20 25 45 70 140 280 560 605 b
1 2 3 5 10 20 25 50 75 150 300 305 605 b
1 2 3 5 10 20 25 50 75 150 300 600 605 b
1 2 3 5 10 20 25 50 100 150 300 305 605 b
1 2 3 5 10 20 25 50 100 150 300 600 605 b
1 2 3 5 10 20 25 50 100 200 205 400 605 a
1 2 3 5 10 20 25 50 100 200 205 405 605 b
1 2 3 5 10 20 25 50 100 200 300 305 605 b
1 2 3 5 10 20 25 50 100 200 300 600 605 b
1 2 3 5 10 20 25 50 100 200 400 405 605 b
1 2 3 5 10 20 25 50 100 200 400 600 605 b
1 2 3 5 10 20 30 50 100 150 300 305 605 b
1 2 3 5 10 20 30 50 100 150 300 600 605 b
1 2 3 5 10 20 30 50 100 200 205 400 605 a
1 2 3 5 10 20 30 50 100 200 205 405 605 b
1 2 3 5 10 20 30 50 100 200 300 305 605 b
1 2 3 5 10 20 30 50 100 200 300 600 605 b
1 2 3 5 10 20 30 50 100 200 400 405 605 b
1 2 3 5 10 20 30 50 100 200 400 600 605 b
1 2 3 5 10 20 30 60 61 121 242 363 605 b
1 2 3 5 10 20 30 60 61 121 242 484 605 b
1 2 3 5 10 20 30 60 90 150 300 305 605 b
1 2 3 5 10 20 30 60 90 150 300 600 605 b
1 2 3 5 10 20 30 60 120 121 242 363 605 b
1 2 3 5 10 20 30 60 120 121 242 484 605 b
1 2 3 5 10 20 30 60 120 125 240 365 605 a
1 2 3 5 10 20 30 60 120 125 240 480 605 a
1 2 3 5 10 20 30 60 120 150 300 305 605 b
1 2 3 5 10 20 30 60 120 150 300 600 605 b
1 2 3 5 10 20 30 60 120 180 300 305 605 b
1 2 3 5 10 20 30 60 120 180 300 600 605 b
1 2 3 5 10 20 30 60 120 240 245 360 605 a
1 2 3 5 10 20 30 60 120 240 245 365 605 b
1 2 3 5 10 20 30 60 120 240 245 485 605 b
1 2 3 5 10 20 30 60 120 240 300 305 605 b
1 2 3 5 10 20 30 60 120 240 300 600 605 b
1 2 3 5 10 20 30 60 120 240 360 365 605 b
1 2 3 5 10 20 30 60 120 240 360 600 605 b
1 2 3 5 10 20 30 60 120 240 480 485 605 b
1 2 3 5 10 20 30 60 120 240 480 600 605 b
1 2 3 5 10 20 40 41 80 121 242 363 605 a
1 2 3 5 10 20 40 41 80 121 242 484 605 a
1 2 3 5 10 20 40 41 81 121 242 363 605 b
1 2 3 5 10 20 40 41 81 121 242 484 605 b
1 2 3 5 10 20 40 45 85 130 260 345 605 b
1 2 3 5 10 20 40 45 85 130 260 520 605 b
1 2 3 5 10 20 40 50 100 150 300 305 605 b
1 2 3 5 10 20 40 50 100 150 300 600 605 b
1 2 3 5 10 20 40 50 100 200 205 400 605 a
1 2 3 5 10 20 40 50 100 200 205 405 605 b
1 2 3 5 10 20 40 50 100 200 300 305 605 b
1 2 3 5 10 20 40 50 100 200 300 600 605 b
1 2 3 5 10 20 40 50 100 200 400 405 605 b
1 2 3 5 10 20 40 50 100 200 400 600 605 b
1 2 3 5 10 20 40 60 61 121 242 363 605 b
1 2 3 5 10 20 40 60 61 121 242 484 605 b
1 2 3 5 10 20 40 60 100 200 205 400 605 a
1 2 3 5 10 20 40 60 100 200 205 405 605 b
1 2 3 5 10 20 40 60 100 200 300 305 605 b
1 2 3 5 10 20 40 60 100 200 300 600 605 b
1 2 3 5 10 20 40 60 100 200 400 405 605 b
1 2 3 5 10 20 40 60 100 200 400 600 605 b
1 2 3 5 10 20 40 60 120 121 242 363 605 b
1 2 3 5 10 20 40 60 120 121 242 484 605 b
1 2 3 5 10 20 40 60 120 125 240 365 605 a
1 2 3 5 10 20 40 60 120 125 240 480 605 a
1 2 3 5 10 20 40 60 120 180 300 305 605 b
1 2 3 5 10 20 40 60 120 180 300 600 605 b
1 2 3 5 10 20 40 60 120 240 245 360 605 a
1 2 3 5 10 20 40 60 120 240 245 365 605 b
1 2 3 5 10 20 40 60 120 240 245 485 605 b
1 2 3 5 10 20 40 60 120 240 300 305 605 b
1 2 3 5 10 20 40 60 120 240 300 600 605 b
1 2 3 5 10 20 40 60 120 240 360 365 605 b
1 2 3 5 10 20 40 60 120 240 360 600 605 b
1 2 3 5 10 20 40 60 120 240 480 485 605 b
1 2 3 5 10 20 40 60 120 240 480 600 605 b
1 2 3 5 10 20 40 80 81 121 242 363 605 b
1 2 3 5 10 20 40 80 81 121 242 484 605 b
1 2 3 5 10 20 40 80 100 200 205 400 605 a
1 2 3 5 10 20 40 80 100 200 205 405 605 b
1 2 3 5 10 20 40 80 100 200 300 305 605 b
1 2 3 5 10 20 40 80 100 200 300 600 605 b
1 2 3 5 10 20 40 80 100 200 400 405 605 b
1 2 3 5 10 20 40 80 100 200 400 600 605 b
1 2 3 5 10 20 40 80 120 121 242 363 605 b
1 2 3 5 10 20 40 80 120 121 242 484 605 b
1 2 3 5 10 20 40 80 120 125 240 365 605 a
1 2 3 5 10 20 40 80 120 125 240 480 605 a
1 2 3 5 10 20 40 80 120 200 205 400 605 a
1 2 3 5 10 20 40 80 120 200 205 405 605 b
1 2 3 5 10 20 40 80 120 200 400 405 605 b
1 2 3 5 10 20 40 80 120 200 400 600 605 b
1 2 3 5 10 20 40 80 120 240 245 360 605 a
1 2 3 5 10 20 40 80 120 240 245 365 605 b
1 2 3 5 10 20 40 80 120 240 245 485 605 b
1 2 3 5 10 20 40 80 120 240 360 365 605 b
1 2 3 5 10 20 40 80 120 240 360 600 605 b
1 2 3 5 10 20 40 80 120 240 480 485 605 b
1 2 3 5 10 20 40 80 120 240 480 600 605 b
1 2 3 5 10 20 40 80 160 200 205 400 605 a
1 2 3 5 10 20 40 80 160 200 205 405 605 b
1 2 3 5 10 20 40 80 160 200 400 405 605 b
1 2 3 5 10 20 40 80 160 200 400 600 605 b
1 2 3 6 9 15 30 60 61 121 242 363 605 b
1 2 3 6 9 15 30 60 61 121 242 484 605 b
1 2 3 6 9 15 30 60 120 121 242 363 605 b
1 2 3 6 9 15 30 60 120 121 242 484 605 b
1 2 3 6 12 13 24 37 74 148 296 309 605 a
1 2 3 6 12 13 24 37 74 148 296 592 605 a
1 2 3 6 12 13 25 37 74 148 296 309 605 b
1 2 3 6 12 13 25 37 74 148 296 592 605 b
1 2 3 6 12 15 30 60 61 121 242 363 605 b
1 2 3 6 12 15 30 60 61 121 242 484 605 b
1 2 3 6 12 15 30 60 120 121 242 363 605 b
1 2 3 6 12 15 30 60 120 121 242 484 605 b
1 2 3 6 12 18 30 60 61 121 242 363 605 b
1 2 3 6 12 18 30 60 61 121 242 484 605 b
1 2 3 6 12 18 30 60 120 121 242 363 605 b
1 2 3 6 12 18 30 60 120 121 242 484 605 b
1 2 3 6 12 24 25 48 73 121 242 363 605 a
1 2 3 6 12 24 25 48 73 121 242 484 605 a
1 2 3 6 12 24 25 48 96 121 242 363 605 a
1 2 3 6 12 24 25 48 96 121 242 484 605 a
1 2 3 6 12 24 30 60 61 121 242 363 605 b
1 2 3 6 12 24 30 60 61 121 242 484 605 b
1 2 3 6 12 24 30 60 120 121 242 363 605 b
1 2 3 6 12 24 30 60 120 121 242 484 605 b
1 2 3 6 12 24 36 60 61 121 242 363 605 b
1 2 3 6 12 24 36 60 61 121 242 484 605 b
1 2 3 6 12 24 36 60 120 121 242 363 605 b
1 2 3 6 12 24 36 60 120 121 242 484 605 b
1 2 3 6 12 24 48 49 72 121 242 363 605 a
1 2 3 6 12 24 48 49 72 121 242 484 605 a
1 2 3 6 12 24 48 49 73 121 242 363 605 b
1 2 3 6 12 24 48 49 73 121 242 484 605 b
1 2 3 6 12 24 48 49 97 121 242 363 605 b
1 2 3 6 12 24 48 49 97 121 242 484 605 b
1 2 3 6 12 24 48 60 61 121 242 363 605 b
1 2 3 6 12 24 48 60 61 121 242 484 605 b
1 2 3 6 12 24 48 60 120 121 242 363 605 b
1 2 3 6 12 24 48 60 120 121 242 484 605 b
1 2 3 6 12 24 48 72 73 121 242 363 605 b
1 2 3 6 12 24 48 72 73 121 242 484 605 b
1 2 3 6 12 24 48 72 120 121 242 363 605 b
1 2 3 6 12 24 48 72 120 121 242 484 605 b
1 2 3 6 12 24 48 96 97 121 242 363 605 b
1 2 3 6 12 24 48 96 97 121 242 484 605 b
1 2 3 6 12 24 48 96 120 121 242 363 605 b
1 2 3 6 12 24 48 96 120 121 242 484 605 b
1 2 4 5 9 14 28 56 65 121 242 363 605 b
1 2 4 5 9 14 28 56 65 121 242 484 605 b
1 2 4 5 9 14 28 56 112 121 242 363 605 b
1 2 4 5 9 14 28 56 112 121 242 484 605 b
1 2 4 5 9 18 36 72 77 149 298 307 605 b
1 2 4 5 9 18 36 72 77 149 298 596 605 b
1 2 4 5 9 18 36 72 144 149 298 307 605 b
1 2 4 5 9 18 36 72 144 149 298 596 605 b
1 2 4 5 10 15 25 50 75 150 300 305 605 b
1 2 4 5 10 15 25 50 75 150 300 600 605 b
1 2 4 5 10 15 25 50 100 150 300 305 605 b
1 2 4 5 10 15 25 50 100 150 300 600 605 b
1 2 4 5 10 15 25 50 100 200 205 400 605 a
1 2 4 5 10 15 25 50 100 200 205 405 605 b
1 2 4 5 10 15 25 50 100 200 300 305 605 b
1 2 4 5 10 15 25 50 100 200 300 600 605 b
1 2 4 5 10 15 25 50 100 200 400 405 605 b
1 2 4 5 10 15 25 50 100 200 400 600 605 b
1 2 4 5 10 15 30 45 75 150 300 305 605 b
1 2 4 5 10 15 30 45 75 150 300 600 605 b
1 2 4 5 10 15 30 60 61 121 242 363 605 b
1 2 4 5 10 15 30 60 61 121 242 484 605 b
1 2 4 5 10 15 30 60 75 150 300 305 605 b
1 2 4 5 10 15 30 60 75 150 300 600 605 b
1 2 4 5 10 15 30 60 90 150 300 305 605 b
1 2 4 5 10 15 30 60 90 150 300 600 605 b
1 2 4 5 10 15 30 60 120 121 242 363 605 b
1 2 4 5 10 15 30 60 120 121 242 484 605 b
1 2 4 5 10 15 30 60 120 125 240 365 605 a
1 2 4 5 10 15 30 60 120 125 240 480 605 a
1 2 4 5 10 15 30 60 120 150 300 305 605 b
1 2 4 5 10 15 30 60 120 150 300 600 605 b
1 2 4 5 10 15 30 60 120 180 300 305 605 b
1 2 4 5 10 15 30 60 120 180 300 600 605 b
1 2 4 5 10 15 30 60 120 240 245 360 605 a
1 2 4 5 10 15 30 60 120 240 245 365 605 b
1 2 4 5 10 15 30 60 120 240 245 485 605 b
1 2 4 5 10 15 30 60 120 240 300 305 605 b
1 2 4 5 10 15 30 60 120 240 300 600 605 b
1 2 4 5 10 15 30 60 120 240 360 365 605 b
1 2 4 5 10 15 30 60 120 240 360 600 605 b
1 2 4 5 10 15 30 60 120 240 480 485 605 b
1 2 4 5 10 15 30 60 120 240 480 600 605 b
1 2 4 5 10 20 25 45 70 140 280 325 605 b
1 2 4 5 10 20 25 45 70 140 280 560 605 b
1 2 4 5 10 20 25 50 75 150 300 305 605 b
1 2 4 5 10 20 25 50 75 150 300 600 605 b
1 2 4 5 10 20 25 50 100 150 300 305 605 b
1 2 4 5 10 20 25 50 100 150 300 600 605 b
1 2 4 5 10 20 25 50 100 200 205 400 605 a
1 2 4 5 10 20 25 50 100 200 205 405 605 b
1 2 4 5 10 20 25 50 100 200 300 305 605 b
1 2 4 5 10 20 25 50 100 200 300 600 605 b
1 2 4 5 10 20 25 50 100 200 400 405 605 b
1 2 4 5 10 20 25 50 100 200 400 600 605 b
1 2 4 5 10 20 30 50 100 150 300 305 605 b
1 2 4 5 10 20 30 50 100 150 300 600 605 b
1 2 4 5 10 20 30 50 100 200 205 400 605 a
1 2 4 5 10 20 30 50 100 200 205 405 605 b
1 2 4 5 10 20 30 50 100 200 300 305 605 b
1 2 4 5 10 20 30 50 100 200 300 600 605 b
1 2 4 5 10 20 30 50 100 200 400 405 605 b
1 2 4 5 10 20 30 50 100 200 400 600 605 b
1 2 4 5 10 20 30 60 61 121 242 363 605 b
1 2 4 5 10 20 30 60 61 121 242 484 605 b
1 2 4 5 10 20 30 60 90 150 300 305 605 b
1 2 4 5 10 20 30 60 90 150 300 600 605 b
1 2 4 5 10 20 30 60 120 121 242 363 605 b
1 2 4 5 10 20 30 60 120 121 242 484 605 b
1 2 4 5 10 20 30 60 120 125 240 365 605 a
1 2 4 5 10 20 30 60 120 125 240 480 605 a
1 2 4 5 10 20 30 60 120 150 300 305 605 b
1 2 4 5 10 20 30 60 120 150 300 600 605 b
1 2 4 5 10 20 30 60 120 180 300 305 605 b
1 2 4 5 10 20 30 60 120 180 300 600 605 b
1 2 4 5 10 20 30 60 120 240 245 360 605 a
1 2 4 5 10 20 30 60 120 240 245 365 605 b
1 2 4 5 10 20 30 60 120 240 245 485 605 b
1 2 4 5 10 20 30 60 120 240 300 305 605 b
1 2 4 5 10 20 30 60 120 240 300 600 605 b
1 2 4 5 10 20 30 60 120 240 360 365 605 b
1 2 4 5 10 20 30 60 120 240 360 600 605 b
1 2 4 5 10 20 30 60 120 240 480 485 605 b
1 2 4 5 10 20 30 60 120 240 480 600 605 b
1 2 4 5 10 20 40 41 80 121 242 363 605 a
1 2 4 5 10 20 40 41 80 121 242 484 605 a
1 2 4 5 10 20 40 41 81 121 242 363 605 b
1 2 4 5 10 20 40 41 81 121 242 484 605 b
1 2 4 5 10 20 40 45 85 130 260 345 605 b
1 2 4 5 10 20 40 45 85 130 260 520 605 b
1 2 4 5 10 20 40 50 100 150 300 305 605 b
1 2 4 5 10 20 40 50 100 150 300 600 605 b
1 2 4 5 10 20 40 50 100 200 205 400 605 a
1 2 4 5 10 20 40 50 100 200 205 405 605 b
1 2 4 5 10 20 40 50 100 200 300 305 605 b
1 2 4 5 10 20 40 50 100 200 300 600 605 b
1 2 4 5 10 20 40 50 100 200 400 405 605 b
1 2 4 5 10 20 40 50 100 200 400 600 605 b
1 2 4 5 10 20 40 60 61 121 242 363 605 b
1 2 4 5 10 20 40 60 61 121 242 484 605 b
1 2 4 5 10 20 40 60 100 200 205 400 605 a
1 2 4 5 10 20 40 60 100 200 205 405 605 b
1 2 4 5 10 20 40 60 100 200 300 305 605 b
1 2 4 5 10 20 40 60 100 200 300 600 605 b
1 2 4 5 10 20 40 60 100 200 400 405 605 b
1 2 4 5 10 20 40 60 100 200 400 600 605 b
1 2 4 5 10 20 40 60 120 121 242 363 605 b
1 2 4 5 10 20 40 60 120 121 242 484 605 b
1 2 4 5 10 20 40 60 120 125 240 365 605 a
1 2 4 5 10 20 40 60 120 125 240 480 605 a
1 2 4 5 10 20 40 60 120 180 300 305 605 b
1 2 4 5 10 20 40 60 120 180 300 600 605 b
1 2 4 5 10 20 40 60 120 240 245 360 605 a
1 2 4 5 10 20 40 60 120 240 245 365 605 b
1 2 4 5 10 20 40 60 120 240 245 485 605 b
1 2 4 5 10 20 40 60 120 240 300 305 605 b
1 2 4 5 10 20 40 60 120 240 300 600 605 b
1 2 4 5 10 20 40 60 120 240 360 365 605 b
1 2 4 5 10 20 40 60 120 240 360 600 605 b
1 2 4 5 10 20 40 60 120 240 480 485 605 b
1 2 4 5 10 20 40 60 120 240 480 600 605 b
1 2 4 5 10 20 40 80 81 121 242 363 605 b
1 2 4 5 10 20 40 80 81 121 242 484 605 b
1 2 4 5 10 20 40 80 100 200 205 400 605 a
1 2 4 5 10 20 40 80 100 200 205 405 605 b
1 2 4 5 10 20 40 80 100 200 300 305 605 b
1 2 4 5 10 20 40 80 100 200 300 600 605 b
1 2 4 5 10 20 40 80 100 200 400 405 605 b
1 2 4 5 10 20 40 80 100 200 400 600 605 b
1 2 4 5 10 20 40 80 120 121 242 363 605 b
1 2 4 5 10 20 40 80 120 121 242 484 605 b
1 2 4 5 10 20 40 80 120 125 240 365 605 a
1 2 4 5 10 20 40 80 120 125 240 480 605 a
1 2 4 5 10 20 40 80 120 200 205 400 605 a
1 2 4 5 10 20 40 80 120 200 205 405 605 b
1 2 4 5 10 20 40 80 120 200 400 405 605 b
1 2 4 5 10 20 40 80 120 200 400 600 605 b
1 2 4 5 10 20 40 80 120 240 245 360 605 a
1 2 4 5 10 20 40 80 120 240 245 365 605 b
1 2 4 5 10 20 40 80 120 240 245 485 605 b
1 2 4 5 10 20 40 80 120 240 360 365 605 b
1 2 4 5 10 20 40 80 120 240 360 600 605 b
1 2 4 5 10 20 40 80 120 240 480 485 605 b
1 2 4 5 10 20 40 80 120 240 480 600 605 b
1 2 4 5 10 20 40 80 160 200 205 400 605 a
1 2 4 5 10 20 40 80 160 200 205 405 605 b
1 2 4 5 10 20 40 80 160 200 400 405 605 b
1 2 4 5 10 20 40 80 160 200 400 600 605 b
1 2 4 6 10 20 30 60 61 121 242 363 605 b
1 2 4 6 10 20 30 60 61 121 242 484 605 b
1 2 4 6 10 20 30 60 120 121 242 363 605 b
1 2 4 6 10 20 30 60 120 121 242 484 605 b
1 2 4 6 10 20 40 41 80 121 242 363 605 a
1 2 4 6 10 20 40 41 80 121 242 484 605 a
1 2 4 6 10 20 40 41 81 121 242 363 605 b
1 2 4 6 10 20 40 41 81 121 242 484 605 b
1 2 4 6 10 20 40 60 61 121 242 363 605 b
1 2 4 6 10 20 40 60 61 121 242 484 605 b
1 2 4 6 10 20 40 60 120 121 242 363 605 b
1 2 4 6 10 20 40 60 120 121 242 484 605 b
1 2 4 6 10 20 40 80 81 121 242 363 605 b
1 2 4 6 10 20 40 80 81 121 242 484 605 b
1 2 4 6 10 20 40 80 120 121 242 363 605 b
1 2 4 6 10 20 40 80 120 121 242 484 605 b
1 2 4 6 12 13 24 37 74 148 296 309 605 a
1 2 4 6 12 13 24 37 74 148 296 592 605 a
1 2 4 6 12 13 25 37 74 148 296 309 605 b
1 2 4 6 12 13 25 37 74 148 296 592 605 b
1 2 4 6 12 18 30 60 61 121 242 363 605 b
1 2 4 6 12 18 30 60 61 121 242 484 605 b
1 2 4 6 12 18 30 60 120 121 242 363 605 b
1 2 4 6 12 18 30 60 120 121 242 484 605 b
1 2 4 6 12 24 25 48 73 121 242 363 605 a
1 2 4 6 12 24 25 48 73 121 242 484 605 a
1 2 4 6 12 24 25 48 96 121 242 363 605 a
1 2 4 6 12 24 25 48 96 121 242 484 605 a
1 2 4 6 12 24 30 60 61 121 242 363 605 b
1 2 4 6 12 24 30 60 61 121 242 484 605 b
1 2 4 6 12 24 30 60 120 121 242 363 605 b
1 2 4 6 12 24 30 60 120 121 242 484 605 b
1 2 4 6 12 24 36 60 61 121 242 363 605 b
1 2 4 6 12 24 36 60 61 121 242 484 605 b
1 2 4 6 12 24 36 60 120 121 242 363 605 b
1 2 4 6 12 24 36 60 120 121 242 484 605 b
1 2 4 6 12 24 48 49 72 121 242 363 605 a
1 2 4 6 12 24 48 49 72 121 242 484 605 a
1 2 4 6 12 24 48 49 73 121 242 363 605 b
1 2 4 6 12 24 48 49 73 121 242 484 605 b
1 2 4 6 12 24 48 49 97 121 242 363 605 b
1 2 4 6 12 24 48 49 97 121 242 484 605 b
1 2 4 6 12 24 48 60 61 121 242 363 605 b
1 2 4 6 12 24 48 60 61 121 242 484 605 b
1 2 4 6 12 24 48 60 120 121 242 363 605 b
1 2 4 6 12 24 48 60 120 121 242 484 605 b
1 2 4 6 12 24 48 72 73 121 242 363 605 b
1 2 4 6 12 24 48 72 73 121 242 484 605 b
1 2 4 6 12 24 48 72 120 121 242 363 605 b
1 2 4 6 12 24 48 72 120 121 242 484 605 b
1 2 4 6 12 24 48 96 97 121 242 363 605 b
1 2 4 6 12 24 48 96 97 121 242 484 605 b
1 2 4 6 12 24 48 96 120 121 242 363 605 b
1 2 4 6 12 24 48 96 120 121 242 484 605 b
1 2 4 8 9 17 26 52 69 121 242 363 605 b
1 2 4 8 9 17 26 52 69 121 242 484 605 b
1 2 4 8 9 17 26 52 104 121 242 363 605 b
1 2 4 8 9 17 26 52 104 121 242 484 605 b
1 2 4 8 10 20 30 60 61 121 242 363 605 b
1 2 4 8 10 20 30 60 61 121 242 484 605 b
1 2 4 8 10 20 30 60 120 121 242 363 605 b
1 2 4 8 10 20 30 60 120 121 242 484 605 b
1 2 4 8 10 20 40 41 80 121 242 363 605 a
1 2 4 8 10 20 40 41 80 121 242 484 605 a
1 2 4 8 10 20 40 41 81 121 242 363 605 b
1 2 4 8 10 20 40 41 81 121 242 484 605 b
1 2 4 8 10 20 40 60 61 121 242 363 605 b
1 2 4 8 10 20 40 60 61 121 242 484 605 b
1 2 4 8 10 20 40 60 120 121 242 363 605 b
1 2 4 8 10 20 40 60 120 121 242 484 605 b
1 2 4 8 10 20 40 80 81 121 242 363 605 b
1 2 4 8 10 20 40 80 81 121 242 484 605 b
1 2 4 8 10 20 40 80 120 121 242 363 605 b
1 2 4 8 10 20 40 80 120 121 242 484 605 b
1 2 4 8 12 13 24 37 74 148 296 309 605 a
1 2 4 8 12 13 24 37 74 148 296 592 605 a
1 2 4 8 12 13 25 37 74 148 296 309 605 b
1 2 4 8 12 13 25 37 74 148 296 592 605 b
1 2 4 8 12 20 40 41 80 121 242 363 605 a
1 2 4 8 12 20 40 41 80 121 242 484 605 a
1 2 4 8 12 20 40 41 81 121 242 363 605 b
1 2 4 8 12 20 40 41 81 121 242 484 605 b
1 2 4 8 12 20 40 60 61 121 242 363 605 b
1 2 4 8 12 20 40 60 61 121 242 484 605 b
1 2 4 8 12 20 40 60 120 121 242 363 605 b
1 2 4 8 12 20 40 60 120 121 242 484 605 b
1 2 4 8 12 20 40 80 81 121 242 363 605 b
1 2 4 8 12 20 40 80 81 121 242 484 605 b
1 2 4 8 12 20 40 80 120 121 242 363 605 b
1 2 4 8 12 20 40 80 120 121 242 484 605 b
1 2 4 8 12 24 25 48 73 121 242 363 605 a
1 2 4 8 12 24 25 48 73 121 242 484 605 a
1 2 4 8 12 24 25 48 96 121 242 363 605 a
1 2 4 8 12 24 25 48 96 121 242 484 605 a
1 2 4 8 12 24 36 60 61 121 242 363 605 b
1 2 4 8 12 24 36 60 61 121 242 484 605 b
1 2 4 8 12 24 36 60 120 121 242 363 605 b
1 2 4 8 12 24 36 60 120 121 242 484 605 b
1 2 4 8 12 24 48 49 72 121 242 363 605 a
1 2 4 8 12 24 48 49 72 121 242 484 605 a
1 2 4 8 12 24 48 49 73 121 242 363 605 b
1 2 4 8 12 24 48 49 73 121 242 484 605 b
1 2 4 8 12 24 48 49 97 121 242 363 605 b
1 2 4 8 12 24 48 49 97 121 242 484 605 b
1 2 4 8 12 24 48 60 61 121 242 363 605 b
1 2 4 8 12 24 48 60 61 121 242 484 605 b
1 2 4 8 12 24 48 60 120 121 242 363 605 b
1 2 4 8 12 24 48 60 120 121 242 484 605 b
1 2 4 8 12 24 48 72 73 121 242 363 605 b
1 2 4 8 12 24 48 72 73 121 242 484 605 b
1 2 4 8 12 24 48 72 120 121 242 363 605 b
1 2 4 8 12 24 48 72 120 121 242 484 605 b
1 2 4 8 12 24 48 96 97 121 242 363 605 b
1 2 4 8 12 24 48 96 97 121 242 484 605 b
1 2 4 8 12 24 48 96 120 121 242 363 605 b
1 2 4 8 12 24 48 96 120 121 242 484 605 b
1 2 4 8 16 17 32 49 98 147 294 311 605 a
1 2 4 8 16 17 32 49 98 147 294 588 605 a
1 2 4 8 16 17 32 49 98 196 213 392 605 a
1 2 4 8 16 17 32 49 98 196 213 409 605 a
1 2 4 8 16 17 32 49 98 196 294 311 605 a
1 2 4 8 16 17 32 49 98 196 294 588 605 a
1 2 4 8 16 17 32 49 98 196 392 409 605 a
1 2 4 8 16 17 32 49 98 196 392 588 605 a
1 2 4 8 16 17 33 49 98 147 294 311 605 b
1 2 4 8 16 17 33 49 98 147 294 588 605 b
1 2 4 8 16 17 33 49 98 196 213 392 605 a
1 2 4 8 16 17 33 49 98 196 213 409 605 b
1 2 4 8 16 17 33 49 98 196 294 311 605 b
1 2 4 8 16 17 33 49 98 196 294 588 605 b
1 2 4 8 16 17 33 49 98 196 392 409 605 b
1 2 4 8 16 17 33 49 98 196 392 588 605 b
1 2 4 8 16 20 40 41 80 121 242 363 605 a
1 2 4 8 16 20 40 41 80 121 242 484 605 a
1 2 4 8 16 20 40 41 81 121 242 363 605 b
1 2 4 8 16 20 40 41 81 121 242 484 605 b
1 2 4 8 16 20 40 60 61 121 242 363 605 b
1 2 4 8 16 20 40 60 61 121 242 484 605 b
1 2 4 8 16 20 40 60 120 121 242 363 605 b
1 2 4 8 16 20 40 60 120 121 242 484 605 b
1 2 4 8 16 20 40 80 81 121 242 363 605 b
1 2 4 8 16 20 40 80 81 121 242 484 605 b
1 2 4 8 16 20 40 80 120 121 242 363 605 b
1 2 4 8 16 20 40 80 120 121 242 484 605 b
1 2 4 8 16 24 25 48 73 121 242 363 605 a
1 2 4 8 16 24 25 48 73 121 242 484 605 a
1 2 4 8 16 24 25 48 96 121 242 363 605 a
1 2 4 8 16 24 25 48 96 121 242 484 605 a
1 2 4 8 16 24 40 41 80 121 242 363 605 a
1 2 4 8 16 24 40 41 80 121 242 484 605 a
1 2 4 8 16 24 40 41 81 121 242 363 605 b
1 2 4 8 16 24 40 41 81 121 242 484 605 b
1 2 4 8 16 24 40 80 81 121 242 363 605 b
1 2 4 8 16 24 40 80 81 121 242 484 605 b
1 2 4 8 16 24 40 80 120 121 242 363 605 b
1 2 4 8 16 24 40 80 120 121 242 484 605 b
1 2 4 8 16 24 48 49 72 121 242 363 605 a
1 2 4 8 16 24 48 49 72 121 242 484 605 a
1 2 4 8 16 24 48 49 73 121 242 363 605 b
1 2 4 8 16 24 48 49 73 121 242 484 605 b
1 2 4 8 16 24 48 49 97 121 242 363 605 b
1 2 4 8 16 24 48 49 97 121 242 484 605 b
1 2 4 8 16 24 48 72 73 121 242 363 605 b
1 2 4 8 16 24 48 72 73 121 242 484 605 b
1 2 4 8 16 24 48 72 120 121 242 363 605 b
1 2 4 8 16 24 48 72 120 121 242 484 605 b
1 2 4 8 16 24 48 96 97 121 242 363 605 b
1 2 4 8 16 24 48 96 97 121 242 484 605 b
1 2 4 8 16 24 48 96 120 121 242 363 605 b
1 2 4 8 16 24 48 96 120 121 242 484 605 b
1 2 4 8 16 32 33 65 69 134 268 337 605 b
1 2 4 8 16 32 33 65 69 134 268 536 605 b
1 2 4 8 16 32 40 41 80 121 242 363 605 a
1 2 4 8 16 32 40 41 80 121 242 484 605 a
1 2 4 8 16 32 40 41 81 121 242 363 605 b
1 2 4 8 16 32 40 41 81 121 242 484 605 b
1 2 4 8 16 32 40 80 81 121 242 363 605 b
1 2 4 8 16 32 40 80 81 121 242 484 605 b
1 2 4 8 16 32 40 80 120 121 242 363 605 b
1 2 4 8 16 32 40 80 120 121 242 484 605 b
1 2 4 8 16 32 64 65 69 134 268 337 605 b
1 2 4 8 16 32 64 65 69 134 268 536 605 b
