1 2 3 5 10 20 21 41 82 164 328 656 b
1 2 3 5 10 20 40 41 82 164 328 656 b
1 2 3 5 10 20 40 42 82 164 328 656 b
1 2 3 5 10 20 40 80 82 164 328 656 b
1 2 4 5 9 18 23 41 82 164 328 656 b
1 2 4 5 9 18 36 41 82 164 328 656 b
1 2 4 5 10 20 21 41 82 164 328 656 b
1 2 4 5 10 20 40 41 82 164 328 656 b
1 2 4 5 10 20 40 42 82 164 328 656 b
1 2 4 5 10 20 40 80 82 164 328 656 b
1 2 4 5 10 20 40 80 84 164 328 656 b
1 2 4 5 10 20 40 80 160 164 328 656 b
1 2 4 6 10 20 21 41 82 164 328 656 b
1 2 4 6 10 20 40 41 82 164 328 656 b
1 2 4 6 10 20 40 42 82 164 328 656 b
1 2 4 6 10 20 40 80 82 164 328 656 b
1 2 4 6 10 20 40 80 84 164 328 656 b
1 2 4 6 10 20 40 80 160 164 328 656 b
1 2 4 8 9 16 25 41 82 164 328 656 a
1 2 4 8 9 16 32 41 82 164 328 656 a
1 2 4 8 10 18 36 46 82 164 328 656 b
1 2 4 8 10 18 36 72 82 164 328 656 b
1 2 4 8 10 20 21 41 82 164 328 656 b
1 2 4 8 10 20 40 41 82 164 328 656 b
1 2 4 8 10 20 40 42 82 164 328 656 b
1 2 4 8 10 20 40 80 82 164 328 656 b
1 2 4 8 10 20 40 80 84 164 328 656 b
1 2 4 8 10 20 40 80 160 164 328 656 b
1 2 4 8 10 20 40 80 160 168 328 656 b
1 2 4 8 10 20 40 80 160 320 328 656 b
1 2 4 8 12 20 21 41 82 164 328 656 b
1 2 4 8 12 20 40 41 82 164 328 656 b
1 2 4 8 12 20 40 42 82 164 328 656 b
1 2 4 8 12 20 40 80 82 164 328 656 b
1 2 4 8 12 20 40 80 84 164 328 656 b
1 2 4 8 12 20 40 80 160 164 328 656 b
1 2 4 8 12 20 40 80 160 168 328 656 b
1 2 4 8 12 20 40 80 160 320 328 656 b
1 2 4 8 16 17 24 41 82 164 328 656 a
1 2 4 8 16 17 25 41 82 164 328 656 b
1 2 4 8 16 17 33 41 82 164 328 656 b
1 2 4 8 16 17 33 49 82 164 328 656 b
1 2 4 8 16 17 33 66 82 164 328 656 b
1 2 4 8 16 18 32 50 82 164 328 656 a
1 2 4 8 16 18 32 64 82 164 328 656 a
1 2 4 8 16 20 21 41 82 164 328 656 b
1 2 4 8 16 20 36 72 92 164 328 656 b
1 2 4 8 16 20 36 72 144 164 328 656 b
1 2 4 8 16 20 40 41 82 164 328 656 b
1 2 4 8 16 20 40 42 82 164 328 656 b
1 2 4 8 16 20 40 80 82 164 328 656 b
1 2 4 8 16 20 40 80 84 164 328 656 b
1 2 4 8 16 20 40 80 160 164 328 656 b
1 2 4 8 16 20 40 80 160 168 328 656 b
1 2 4 8 16 20 40 80 160 320 328 656 b
1 2 4 8 16 20 40 80 160 320 336 656 b
1 2 4 8 16 20 40 80 160 320 640 656 b
1 2 4 8 16 24 25 41 82 164 328 656 b
1 2 4 8 16 24 40 41 82 164 328 656 b
1 2 4 8 16 24 40 42 82 164 328 656 b
1 2 4 8 16 24 40 80 82 164 328 656 b
1 2 4 8 16 24 40 80 84 164 328 656 b
1 2 4 8 16 24 40 80 160 164 328 656 b
1 2 4 8 16 24 40 80 160 168 328 656 b
1 2 4 8 16 24 40 80 160 320 328 656 b
1 2 4 8 16 24 40 80 160 320 336 656 b
1 2 4 8 16 24 40 80 160 320 640 656 b
1 2 4 8 16 32 33 41 82 164 328 656 b
1 2 4 8 16 32 33 49 82 164 328 656 b
1 2 4 8 16 32 33 66 82 164 328 656 b
1 2 4 8 16 32 33 66 98 164 328 656 b
1 2 4 8 16 32 33 66 132 164 328 656 b
1 2 4 8 16 32 34 48 82 164 328 656 a
1 2 4 8 16 32 34 50 82 164 328 656 b
1 2 4 8 16 32 34 66 82 164 328 656 b
1 2 4 8 16 32 34 66 98 164 328 656 b
1 2 4 8 16 32 34 66 132 164 328 656 b
1 2 4 8 16 32 36 64 100 164 328 656 a
1 2 4 8 16 32 36 64 128 164 328 656 a
1 2 4 8 16 32 40 41 82 164 328 656 b
1 2 4 8 16 32 40 42 82 164 328 656 b
1 2 4 8 16 32 40 72 144 184 328 656 b
1 2 4 8 16 32 40 72 144 288 328 656 b
1 2 4 8 16 32 40 80 82 164 328 656 b
1 2 4 8 16 32 40 80 84 164 328 656 b
1 2 4 8 16 32 40 80 160 164 328 656 b
1 2 4 8 16 32 40 80 160 168 328 656 b
1 2 4 8 16 32 40 80 160 320 328 656 b
1 2 4 8 16 32 40 80 160 320 336 656 b
1 2 4 8 16 32 40 80 160 320 640 656 b
1 2 4 8 16 32 48 50 82 164 328 656 b
1 2 4 8 16 32 48 80 82 164 328 656 b
1 2 4 8 16 32 48 80 84 164 328 656 b
1 2 4 8 16 32 48 80 160 164 328 656 b
1 2 4 8 16 32 48 80 160 168 328 656 b
1 2 4 8 16 32 48 80 160 320 328 656 b
1 2 4 8 16 32 48 80 160 320 336 656 b
1 2 4 8 16 32 48 80 160 320 640 656 b
1 2 4 8 16 32 64 66 82 164 328 656 b
1 2 4 8 16 32 64 66 98 164 328 656 b
1 2 4 8 16 32 64 66 132 164 328 656 b
1 2 4 8 16 32 64 66 132 196 328 656 b
1 2 4 8 16 32 64 66 132 264 328 656 b
1 2 4 8 16 32 64 68 96 164 328 656 a
1 2 4 8 16 32 64 68 100 164 328 656 b
1 2 4 8 16 32 64 68 132 164 328 656 b
1 2 4 8 16 32 64 68 132 196 328 656 b
1 2 4 8 16 32 64 68 132 264 328 656 b
1 2 4 8 16 32 64 72 128 200 328 656 a
1 2 4 8 16 32 64 72 128 256 328 656 a
1 2 4 8 16 32 64 80 82 164 328 656 b
1 2 4 8 16 32 64 80 84 164 328 656 b
1 2 4 8 16 32 64 80 144 288 368 656 b
1 2 4 8 16 32 64 80 144 288 576 656 b
1 2 4 8 16 32 64 80 160 164 328 656 b
1 2 4 8 16 32 64 80 160 168 328 656 b
1 2 4 8 16 32 64 80 160 320 328 656 b
1 2 4 8 16 32 64 80 160 320 336 656 b
1 2 4 8 16 32 64 80 160 320 640 656 b
1 2 4 8 16 32 64 96 100 164 328 656 b
1 2 4 8 16 32 64 96 160 164 328 656 b
1 2 4 8 16 32 64 96 160 168 328 656 b
1 2 4 8 16 32 64 96 160 320 328 656 b
1 2 4 8 16 32 64 96 160 320 336 656 b
1 2 4 8 16 32 64 96 160 320 640 656 b
1 2 4 8 16 32 64 128 132 164 328 656 b
1 2 4 8 16 32 64 128 132 196 328 656 b
1 2 4 8 16 32 64 128 132 264 328 656 b
1 2 4 8 16 32 64 128 132 264 392 656 b
1 2 4 8 16 32 64 128 132 264 528 656 b
1 2 4 8 16 32 64 128 136 192 328 656 a
1 2 4 8 16 32 64 128 136 200 328 656 b
1 2 4 8 16 32 64 128 136 264 328 656 b
1 2 4 8 16 32 64 128 136 264 392 656 b
1 2 4 8 16 32 64 128 136 264 528 656 b
1 2 4 8 16 32 64 128 144 256 400 656 a
1 2 4 8 16 32 64 128 144 256 512 656 a
1 2 4 8 16 32 64 128 160 164 328 656 b
1 2 4 8 16 32 64 128 160 168 328 656 b
1 2 4 8 16 32 64 128 160 320 328 656 b
1 2 4 8 16 32 64 128 160 320 336 656 b
1 2 4 8 16 32 64 128 160 320 640 656 b
1 2 4 8 16 32 64 128 192 200 328 656 b
1 2 4 8 16 32 64 128 192 320 328 656 b
1 2 4 8 16 32 64 128 192 320 336 656 b
1 2 4 8 16 32 64 128 192 320 640 656 b
1 2 4 8 16 32 64 128 256 264 328 656 b
1 2 4 8 16 32 64 128 256 264 392 656 b
1 2 4 8 16 32 64 128 256 264 528 656 b
1 2 4 8 16 32 64 128 256 272 384 656 a
1 2 4 8 16 32 64 128 256 272 400 656 b
1 2 4 8 16 32 64 128 256 272 528 656 b
1 2 4 8 16 32 64 128 256 320 328 656 b
1 2 4 8 16 32 64 128 256 320 336 656 b
1 2 4 8 16 32 64 128 256 320 640 656 b
1 2 4 8 16 32 64 128 256 384 400 656 b
1 2 4 8 16 32 64 128 256 384 640 656 b
1 2 4 8 16 32 64 128 256 512 528 656 b
1 2 4 8 16 32 64 128 256 512 640 656 b
