1 2 3 6 7 13 26 39 78 156 312 319 631 b
1 2 3 6 7 13 26 39 78 156 312 624 631 b
1 2 3 6 7 13 26 52 78 156 312 319 631 b
1 2 3 6 7 13 26 52 78 156 312 624 631 b
1 2 3 6 7 13 26 52 104 156 312 319 631 b
1 2 3 6 7 13 26 52 104 156 312 624 631 b
1 2 3 6 7 13 26 52 104 208 215 416 631 a
1 2 3 6 7 13 26 52 104 208 215 423 631 b
1 2 3 6 7 13 26 52 104 208 312 319 631 b
1 2 3 6 7 13 26 52 104 208 312 624 631 b
1 2 3 6 7 13 26 52 104 208 416 423 631 b
1 2 3 6 7 13 26 52 104 208 416 624 631 b
1 2 3 6 12 24 48 49 97 194 243 388 631 a
1 2 3 6 12 24 48 49 97 194 243 437 631 b
1 2 3 6 12 24 48 49 97 194 291 340 631 b
1 2 3 6 12 24 48 49 97 194 291 582 631 b
1 2 3 6 12 24 48 49 97 194 388 437 631 b
1 2 3 6 12 24 48 49 97 194 388 582 631 b
1 2 4 6 7 13 26 39 78 156 312 319 631 b
1 2 4 6 7 13 26 39 78 156 312 624 631 b
1 2 4 6 7 13 26 52 78 156 312 319 631 b
1 2 4 6 7 13 26 52 78 156 312 624 631 b
1 2 4 6 7 13 26 52 104 156 312 319 631 b
1 2 4 6 7 13 26 52 104 156 312 624 631 b
1 2 4 6 7 13 26 52 104 208 215 416 631 a
1 2 4 6 7 13 26 52 104 208 215 423 631 b
1 2 4 6 7 13 26 52 104 208 312 319 631 b
1 2 4 6 7 13 26 52 104 208 312 624 631 b
1 2 4 6 7 13 26 52 104 208 416 423 631 b
1 2 4 6 7 13 26 52 104 208 416 624 631 b
1 2 4 6 12 24 48 49 97 194 243 388 631 a
1 2 4 6 12 24 48 49 97 194 243 437 631 b
1 2 4 6 12 24 48 49 97 194 291 340 631 b
1 2 4 6 12 24 48 49 97 194 291 582 631 b
1 2 4 6 12 24 48 49 97 194 388 437 631 b
1 2 4 6 12 24 48 49 97 194 388 582 631 b
1 2 4 8 12 24 48 49 97 194 243 388 631 a
1 2 4 8 12 24 48 49 97 194 243 437 631 b
1 2 4 8 12 24 48 49 97 194 291 340 631 b
1 2 4 8 12 24 48 49 97 194 291 582 631 b
1 2 4 8 12 24 48 49 97 194 388 437 631 b
1 2 4 8 12 24 48 49 97 194 388 582 631 b
1 2 4 8 16 24 48 49 97 194 243 388 631 a
1 2 4 8 16 24 48 49 97 194 243 437 631 b
1 2 4 8 16 24 48 49 97 194 291 340 631 b
1 2 4 8 16 24 48 49 97 194 291 582 631 b
1 2 4 8 16 24 48 49 97 194 388 437 631 b
1 2 4 8 16 24 48 49 97 194 388 582 631 b
1 2 4 8 16 32 48 49 97 194 243 388 631 a
1 2 4 8 16 32 48 49 97 194 243 437 631 b
1 2 4 8 16 32 48 49 97 194 291 340 631 b
1 2 4 8 16 32 48 49 97 194 291 582 631 b
1 2 4 8 16 32 48 49 97 194 388 437 631 b
1 2 4 8 16 32 48 49 97 194 388 582 631 b
