1 2 3 5 10 20 23 43 86 172 344 345 689 b
1 2 3 5 10 20 23 43 86 172 344 688 689 b
1 2 3 5 10 20 40 41 81 162 324 365 689 b
1 2 3 5 10 20 40 41 81 162 324 648 689 b
1 2 3 5 10 20 40 43 86 172 344 345 689 b
1 2 3 5 10 20 40 43 86 172 344 688 689 b
1 2 4 5 10 20 40 41 81 162 324 365 689 b
1 2 4 5 10 20 40 41 81 162 324 648 689 b
1 2 4 6 10 20 40 41 81 162 324 365 689 b
1 2 4 6 10 20 40 41 81 162 324 648 689 b
1 2 4 6 10 20 40 46 86 172 344 345 689 b
1 2 4 6 10 20 40 46 86 172 344 688 689 b
1 2 4 6 10 20 40 80 86 172 344 345 689 b
1 2 4 6 10 20 40 80 86 172 344 688 689 b
1 2 4 8 9 17 21 42 84 168 336 353 689 b
1 2 4 8 9 17 21 42 84 168 336 672 689 b
1 2 4 8 9 17 25 42 84 168 336 353 689 b
1 2 4 8 9 17 25 42 84 168 336 672 689 b
1 2 4 8 9 17 26 43 86 172 344 345 689 b
1 2 4 8 9 17 26 43 86 172 344 688 689 b
1 2 4 8 9 17 34 42 84 168 336 353 689 b
1 2 4 8 9 17 34 42 84 168 336 672 689 b
1 2 4 8 9 17 34 43 86 172 344 345 689 b
1 2 4 8 9 17 34 43 86 172 344 688 689 b
1 2 4 8 9 17 34 51 85 170 340 349 689 b
1 2 4 8 9 17 34 51 85 170 340 680 689 b
1 2 4 8 9 17 34 68 85 170 340 349 689 b
1 2 4 8 9 17 34 68 85 170 340 680 689 b
1 2 4 8 9 17 34 68 102 170 340 349 689 b
1 2 4 8 9 17 34 68 102 170 340 680 689 b
1 2 4 8 9 17 34 68 136 145 272 417 689 a
1 2 4 8 9 17 34 68 136 145 272 544 689 a
1 2 4 8 9 17 34 68 136 170 340 349 689 b
1 2 4 8 9 17 34 68 136 170 340 680 689 b
1 2 4 8 9 17 34 68 136 204 340 349 689 b
1 2 4 8 9 17 34 68 136 204 340 680 689 b
1 2 4 8 9 17 34 68 136 272 281 408 689 a
1 2 4 8 9 17 34 68 136 272 281 417 689 b
1 2 4 8 9 17 34 68 136 272 281 553 689 b
1 2 4 8 9 17 34 68 136 272 340 349 689 b
1 2 4 8 9 17 34 68 136 272 340 680 689 b
1 2 4 8 9 17 34 68 136 272 408 417 689 b
1 2 4 8 9 17 34 68 136 272 408 680 689 b
1 2 4 8 9 17 34 68 136 272 544 553 689 b
1 2 4 8 9 17 34 68 136 272 544 680 689 b
1 2 4 8 10 20 40 41 81 162 324 365 689 b
1 2 4 8 10 20 40 41 81 162 324 648 689 b
1 2 4 8 12 20 40 41 81 162 324 365 689 b
1 2 4 8 12 20 40 41 81 162 324 648 689 b
1 2 4 8 12 20 40 80 92 172 344 345 689 b
1 2 4 8 12 20 40 80 92 172 344 688 689 b
1 2 4 8 12 20 40 80 160 172 344 345 689 b
1 2 4 8 12 20 40 80 160 172 344 688 689 b
1 2 4 8 16 17 21 42 84 168 336 353 689 b
1 2 4 8 16 17 21 42 84 168 336 672 689 b
1 2 4 8 16 17 25 42 84 168 336 353 689 b
1 2 4 8 16 17 25 42 84 168 336 672 689 b
1 2 4 8 16 17 33 41 82 164 328 361 689 b
1 2 4 8 16 17 33 41 82 164 328 656 689 b
1 2 4 8 16 17 33 49 82 164 328 361 689 b
1 2 4 8 16 17 33 49 82 164 328 656 689 b
1 2 4 8 16 17 33 66 82 164 328 361 689 b
1 2 4 8 16 17 33 66 82 164 328 656 689 b
1 2 4 8 16 17 34 42 84 168 336 353 689 b
1 2 4 8 16 17 34 42 84 168 336 672 689 b
1 2 4 8 16 17 34 50 84 168 336 353 689 b
1 2 4 8 16 17 34 50 84 168 336 672 689 b
1 2 4 8 16 17 34 68 84 168 336 353 689 b
1 2 4 8 16 17 34 68 84 168 336 672 689 b
1 2 4 8 16 18 34 52 86 172 344 345 689 b
1 2 4 8 16 18 34 52 86 172 344 688 689 b
1 2 4 8 16 18 34 68 86 172 344 345 689 b
1 2 4 8 16 18 34 68 86 172 344 688 689 b
1 2 4 8 16 20 40 41 81 162 324 365 689 b
1 2 4 8 16 20 40 41 81 162 324 648 689 b
1 2 4 8 16 24 40 41 81 162 324 365 689 b
1 2 4 8 16 24 40 41 81 162 324 648 689 b
1 2 4 8 16 24 40 80 160 184 344 345 689 b
1 2 4 8 16 24 40 80 160 184 344 688 689 b
1 2 4 8 16 24 40 80 160 320 344 345 689 b
1 2 4 8 16 24 40 80 160 320 344 688 689 b
1 2 4 8 16 32 33 41 82 164 328 361 689 b
1 2 4 8 16 32 33 41 82 164 328 656 689 b
1 2 4 8 16 32 33 49 82 164 328 361 689 b
1 2 4 8 16 32 33 49 82 164 328 656 689 b
1 2 4 8 16 32 33 66 82 164 328 361 689 b
1 2 4 8 16 32 33 66 82 164 328 656 689 b
1 2 4 8 16 32 33 66 98 164 328 361 689 b
1 2 4 8 16 32 33 66 98 164 328 656 689 b
1 2 4 8 16 32 33 66 132 164 328 361 689 b
1 2 4 8 16 32 33 66 132 164 328 656 689 b
1 2 4 8 16 32 36 68 104 172 344 345 689 b
1 2 4 8 16 32 36 68 104 172 344 688 689 b
1 2 4 8 16 32 36 68 136 172 344 345 689 b
1 2 4 8 16 32 36 68 136 172 344 688 689 b
1 2 4 8 16 32 40 41 81 162 324 365 689 b
1 2 4 8 16 32 40 41 81 162 324 648 689 b
1 2 4 8 16 32 48 49 80 160 320 369 689 a
1 2 4 8 16 32 48 49 80 160 320 640 689 a
1 2 4 8 16 32 48 80 160 320 321 368 689 a
1 2 4 8 16 32 48 80 160 320 321 369 689 b
1 2 4 8 16 32 48 80 160 320 321 641 689 b
1 2 4 8 16 32 48 80 160 320 368 369 689 b
1 2 4 8 16 32 48 80 160 320 368 688 689 b
1 2 4 8 16 32 48 80 160 320 640 641 689 b
1 2 4 8 16 32 48 80 160 320 640 688 689 b
1 2 4 8 16 32 64 72 136 208 344 345 689 b
1 2 4 8 16 32 64 72 136 208 344 688 689 b
1 2 4 8 16 32 64 72 136 272 344 345 689 b
1 2 4 8 16 32 64 72 136 272 344 688 689 b
1 2 4 8 16 32 64 128 144 145 272 417 689 a
1 2 4 8 16 32 64 128 144 145 272 544 689 a
1 2 4 8 16 32 64 128 144 272 273 416 689 a
1 2 4 8 16 32 64 128 144 272 273 417 689 b
1 2 4 8 16 32 64 128 144 272 273 545 689 b
1 2 4 8 16 32 64 128 144 272 416 417 689 b
1 2 4 8 16 32 64 128 144 272 416 688 689 b
1 2 4 8 16 32 64 128 144 272 544 545 689 b
1 2 4 8 16 32 64 128 144 272 544 688 689 b
