1 2 3 5 7 14 21 42 84 168 173 341 682 b
1 2 3 5 7 14 21 42 84 168 336 341 682 b
1 2 3 5 7 14 28 42 84 168 173 341 682 b
1 2 3 5 7 14 28 42 84 168 336 341 682 b
1 2 3 5 7 14 28 56 84 168 173 341 682 b
1 2 3 5 7 14 28 56 84 168 336 341 682 b
1 2 3 5 7 14 28 56 112 117 224 341 682 a
1 2 3 5 7 14 28 56 112 117 229 341 682 b
1 2 3 5 7 14 28 56 112 168 173 341 682 b
1 2 3 5 7 14 28 56 112 168 336 341 682 b
1 2 3 5 7 14 28 56 112 224 229 341 682 b
1 2 3 5 7 14 28 56 112 224 229 453 682 b
1 2 3 5 7 14 28 56 112 224 229 458 682 b
1 2 3 5 7 14 28 56 112 224 336 341 682 b
1 2 3 5 8 13 21 42 84 168 173 341 682 b
1 2 3 5 8 13 21 42 84 168 336 341 682 b
1 2 3 5 8 16 21 42 84 168 173 341 682 b
1 2 3 5 8 16 21 42 84 168 336 341 682 b
1 2 3 5 10 11 21 42 84 168 173 341 682 b
1 2 3 5 10 11 21 42 84 168 336 341 682 b
1 2 3 5 10 11 21 42 84 168 336 346 682 b
1 2 3 5 10 11 21 42 84 168 336 672 682 b
1 2 3 5 10 20 21 40 80 160 181 341 682 a
1 2 3 5 10 20 21 40 80 160 320 341 682 a
1 2 3 5 10 20 21 42 84 168 173 341 682 b
1 2 3 5 10 20 21 42 84 168 336 341 682 b
1 2 3 5 10 20 21 42 84 168 336 346 682 b
1 2 3 5 10 20 21 42 84 168 336 672 682 b
1 2 3 5 10 20 22 42 84 168 173 341 682 b
1 2 3 5 10 20 22 42 84 168 336 341 682 b
1 2 3 5 10 20 22 42 84 168 336 346 682 b
1 2 3 5 10 20 22 42 84 168 336 672 682 b
1 2 3 5 10 20 40 42 80 160 320 362 682 a
1 2 3 5 10 20 40 42 80 160 320 640 682 a
1 2 3 5 10 20 40 42 84 168 173 341 682 b
1 2 3 5 10 20 40 42 84 168 336 341 682 b
1 2 3 5 10 20 40 42 84 168 336 346 682 b
1 2 3 5 10 20 40 42 84 168 336 672 682 b
1 2 3 5 10 20 40 45 85 170 171 341 682 b
1 2 3 5 10 20 40 45 85 170 340 341 682 b
1 2 3 5 10 20 40 45 85 170 340 342 682 b
1 2 3 5 10 20 40 45 85 170 340 680 682 b
1 2 3 5 10 20 40 80 85 170 171 341 682 b
1 2 3 5 10 20 40 80 85 170 340 341 682 b
1 2 3 5 10 20 40 80 85 170 340 342 682 b
1 2 3 5 10 20 40 80 85 170 340 680 682 b
1 2 3 5 10 20 40 80 90 170 171 341 682 b
1 2 3 5 10 20 40 80 90 170 340 341 682 b
1 2 3 5 10 20 40 80 90 170 340 342 682 b
1 2 3 5 10 20 40 80 90 170 340 680 682 b
1 2 3 5 10 20 40 80 160 161 180 341 682 a
1 2 3 5 10 20 40 80 160 161 181 341 682 b
1 2 3 5 10 20 40 80 160 161 321 341 682 b
1 2 3 5 10 20 40 80 160 161 321 361 682 b
1 2 3 5 10 20 40 80 160 161 321 642 682 b
1 2 3 5 10 20 40 80 160 170 171 341 682 b
1 2 3 5 10 20 40 80 160 170 340 341 682 b
1 2 3 5 10 20 40 80 160 170 340 342 682 b
1 2 3 5 10 20 40 80 160 170 340 680 682 b
1 2 3 5 10 20 40 80 160 180 181 341 682 b
1 2 3 5 10 20 40 80 160 180 340 341 682 b
1 2 3 5 10 20 40 80 160 180 340 342 682 b
1 2 3 5 10 20 40 80 160 180 340 680 682 b
1 2 3 5 10 20 40 80 160 320 321 341 682 b
1 2 3 5 10 20 40 80 160 320 321 361 682 b
1 2 3 5 10 20 40 80 160 320 321 642 682 b
1 2 3 5 10 20 40 80 160 320 322 360 682 a
1 2 3 5 10 20 40 80 160 320 322 362 682 b
1 2 3 5 10 20 40 80 160 320 322 642 682 b
1 2 3 5 10 20 40 80 160 320 340 341 682 b
1 2 3 5 10 20 40 80 160 320 340 342 682 b
1 2 3 5 10 20 40 80 160 320 340 680 682 b
1 2 3 5 10 20 40 80 160 320 360 362 682 b
1 2 3 5 10 20 40 80 160 320 360 680 682 b
1 2 3 5 10 20 40 80 160 320 640 642 682 b
1 2 3 5 10 20 40 80 160 320 640 680 682 b
1 2 3 6 12 24 25 49 73 146 195 341 682 b
1 2 3 6 12 24 25 49 73 146 292 341 682 b
1 2 3 6 12 24 48 49 73 146 195 341 682 b
1 2 3 6 12 24 48 49 73 146 292 341 682 b
1 2 3 6 12 24 48 49 97 146 195 341 682 b
1 2 3 6 12 24 48 49 97 146 292 341 682 b
1 2 3 6 12 24 48 49 98 146 195 341 682 b
1 2 3 6 12 24 48 49 98 146 292 341 682 b
1 2 3 6 12 24 48 49 98 146 292 390 682 b
1 2 3 6 12 24 48 49 98 146 292 584 682 b
1 2 3 6 12 24 48 50 98 146 292 390 682 b
1 2 3 6 12 24 48 50 98 146 292 584 682 b
1 2 3 6 12 24 48 96 98 146 292 390 682 b
1 2 3 6 12 24 48 96 98 146 292 584 682 b
1 2 3 6 12 24 48 96 98 194 292 390 682 b
1 2 3 6 12 24 48 96 98 194 292 584 682 b
1 2 3 6 12 24 48 96 98 196 292 390 682 b
1 2 3 6 12 24 48 96 98 196 292 584 682 b
1 2 4 5 7 14 21 42 84 168 173 341 682 b
1 2 4 5 7 14 21 42 84 168 336 341 682 b
1 2 4 5 7 14 28 42 84 168 173 341 682 b
1 2 4 5 7 14 28 42 84 168 336 341 682 b
1 2 4 5 7 14 28 56 84 168 173 341 682 b
1 2 4 5 7 14 28 56 84 168 336 341 682 b
1 2 4 5 7 14 28 56 112 117 224 341 682 a
1 2 4 5 7 14 28 56 112 117 229 341 682 b
1 2 4 5 7 14 28 56 112 168 173 341 682 b
1 2 4 5 7 14 28 56 112 168 336 341 682 b
1 2 4 5 7 14 28 56 112 224 229 341 682 b
1 2 4 5 7 14 28 56 112 224 229 453 682 b
1 2 4 5 7 14 28 56 112 224 229 458 682 b
1 2 4 5 7 14 28 56 112 224 336 341 682 b
1 2 4 5 8 13 21 42 84 168 173 341 682 a
1 2 4 5 8 13 21 42 84 168 336 341 682 a
1 2 4 5 8 16 21 42 84 168 173 341 682 a
1 2 4 5 8 16 21 42 84 168 336 341 682 a
1 2 4 5 9 14 28 42 84 168 173 341 682 b
1 2 4 5 9 14 28 42 84 168 336 341 682 b
1 2 4 5 9 14 28 56 84 168 173 341 682 b
1 2 4 5 9 14 28 56 84 168 336 341 682 b
1 2 4 5 9 14 28 56 112 117 224 341 682 a
1 2 4 5 9 14 28 56 112 117 229 341 682 b
1 2 4 5 9 14 28 56 112 168 173 341 682 b
1 2 4 5 9 14 28 56 112 168 336 341 682 b
1 2 4 5 9 14 28 56 112 224 229 341 682 b
1 2 4 5 9 14 28 56 112 224 229 453 682 b
1 2 4 5 9 14 28 56 112 224 229 458 682 b
1 2 4 5 9 14 28 56 112 224 336 341 682 b
1 2 4 5 10 11 21 42 84 168 173 341 682 b
1 2 4 5 10 11 21 42 84 168 336 341 682 b
1 2 4 5 10 11 21 42 84 168 336 346 682 b
1 2 4 5 10 11 21 42 84 168 336 672 682 b
1 2 4 5 10 14 28 42 84 168 173 341 682 b
1 2 4 5 10 14 28 42 84 168 336 341 682 b
1 2 4 5 10 14 28 42 84 168 336 346 682 b
1 2 4 5 10 14 28 42 84 168 336 672 682 b
1 2 4 5 10 14 28 56 84 168 173 341 682 b
1 2 4 5 10 14 28 56 84 168 336 341 682 b
1 2 4 5 10 14 28 56 84 168 336 346 682 b
1 2 4 5 10 14 28 56 84 168 336 672 682 b
1 2 4 5 10 14 28 56 112 117 224 341 682 a
1 2 4 5 10 14 28 56 112 117 229 341 682 b
1 2 4 5 10 14 28 56 112 168 173 341 682 b
1 2 4 5 10 14 28 56 112 168 336 341 682 b
1 2 4 5 10 14 28 56 112 168 336 346 682 b
1 2 4 5 10 14 28 56 112 168 336 672 682 b
1 2 4 5 10 14 28 56 112 224 229 341 682 b
1 2 4 5 10 14 28 56 112 224 229 453 682 b
1 2 4 5 10 14 28 56 112 224 229 458 682 b
1 2 4 5 10 14 28 56 112 224 234 448 682 a
1 2 4 5 10 14 28 56 112 224 234 458 682 b
1 2 4 5 10 14 28 56 112 224 336 341 682 b
1 2 4 5 10 14 28 56 112 224 336 346 682 b
1 2 4 5 10 14 28 56 112 224 336 672 682 b
1 2 4 5 10 14 28 56 112 224 448 458 682 b
1 2 4 5 10 14 28 56 112 224 448 672 682 b
1 2 4 5 10 20 21 40 80 160 181 341 682 a
1 2 4 5 10 20 21 40 80 160 320 341 682 a
1 2 4 5 10 20 21 42 84 168 173 341 682 b
1 2 4 5 10 20 21 42 84 168 336 341 682 b
1 2 4 5 10 20 21 42 84 168 336 346 682 b
1 2 4 5 10 20 21 42 84 168 336 672 682 b
1 2 4 5 10 20 22 42 84 168 173 341 682 b
1 2 4 5 10 20 22 42 84 168 336 341 682 b
1 2 4 5 10 20 22 42 84 168 336 346 682 b
1 2 4 5 10 20 22 42 84 168 336 672 682 b
1 2 4 5 10 20 40 42 80 160 320 362 682 a
1 2 4 5 10 20 40 42 80 160 320 640 682 a
1 2 4 5 10 20 40 42 84 168 173 341 682 b
1 2 4 5 10 20 40 42 84 168 336 341 682 b
1 2 4 5 10 20 40 42 84 168 336 346 682 b
1 2 4 5 10 20 40 42 84 168 336 672 682 b
1 2 4 5 10 20 40 44 84 168 173 341 682 b
1 2 4 5 10 20 40 44 84 168 336 341 682 b
1 2 4 5 10 20 40 44 84 168 336 346 682 b
1 2 4 5 10 20 40 44 84 168 336 672 682 b
1 2 4 5 10 20 40 45 85 170 171 341 682 b
1 2 4 5 10 20 40 45 85 170 340 341 682 b
1 2 4 5 10 20 40 45 85 170 340 342 682 b
1 2 4 5 10 20 40 45 85 170 340 680 682 b
1 2 4 5 10 20 40 80 84 168 173 341 682 b
1 2 4 5 10 20 40 80 84 168 336 341 682 b
1 2 4 5 10 20 40 80 84 168 336 346 682 b
1 2 4 5 10 20 40 80 84 168 336 672 682 b
1 2 4 5 10 20 40 80 85 170 171 341 682 b
1 2 4 5 10 20 40 80 85 170 340 341 682 b
1 2 4 5 10 20 40 80 85 170 340 342 682 b
1 2 4 5 10 20 40 80 85 170 340 680 682 b
1 2 4 5 10 20 40 80 90 170 171 341 682 b
1 2 4 5 10 20 40 80 90 170 340 341 682 b
1 2 4 5 10 20 40 80 90 170 340 342 682 b
1 2 4 5 10 20 40 80 90 170 340 680 682 b
1 2 4 5 10 20 40 80 160 161 180 341 682 a
1 2 4 5 10 20 40 80 160 161 181 341 682 b
1 2 4 5 10 20 40 80 160 161 321 341 682 b
1 2 4 5 10 20 40 80 160 161 321 361 682 b
1 2 4 5 10 20 40 80 160 161 321 642 682 b
1 2 4 5 10 20 40 80 160 170 171 341 682 b
1 2 4 5 10 20 40 80 160 170 340 341 682 b
1 2 4 5 10 20 40 80 160 170 340 342 682 b
1 2 4 5 10 20 40 80 160 170 340 680 682 b
1 2 4 5 10 20 40 80 160 180 181 341 682 b
1 2 4 5 10 20 40 80 160 180 340 341 682 b
1 2 4 5 10 20 40 80 160 180 340 342 682 b
1 2 4 5 10 20 40 80 160 180 340 680 682 b
1 2 4 5 10 20 40 80 160 320 321 341 682 b
1 2 4 5 10 20 40 80 160 320 321 361 682 b
1 2 4 5 10 20 40 80 160 320 321 642 682 b
1 2 4 5 10 20 40 80 160 320 322 360 682 a
1 2 4 5 10 20 40 80 160 320 322 362 682 b
1 2 4 5 10 20 40 80 160 320 322 642 682 b
1 2 4 5 10 20 40 80 160 320 340 341 682 b
1 2 4 5 10 20 40 80 160 320 340 342 682 b
1 2 4 5 10 20 40 80 160 320 340 680 682 b
1 2 4 5 10 20 40 80 160 320 360 362 682 b
1 2 4 5 10 20 40 80 160 320 360 680 682 b
1 2 4 5 10 20 40 80 160 320 640 642 682 b
1 2 4 5 10 20 40 80 160 320 640 680 682 b
1 2 4 6 10 11 21 42 84 168 336 346 682 b
1 2 4 6 10 11 21 42 84 168 336 672 682 b
1 2 4 6 10 14 28 42 84 168 336 346 682 b
1 2 4 6 10 14 28 42 84 168 336 672 682 b
1 2 4 6 10 14 28 56 84 168 336 346 682 b
1 2 4 6 10 14 28 56 84 168 336 672 682 b
1 2 4 6 10 14 28 56 112 168 336 346 682 b
1 2 4 6 10 14 28 56 112 168 336 672 682 b
1 2 4 6 10 14 28 56 112 224 234 448 682 a
1 2 4 6 10 14 28 56 112 224 234 458 682 b
1 2 4 6 10 14 28 56 112 224 336 346 682 b
1 2 4 6 10 14 28 56 112 224 336 672 682 b
1 2 4 6 10 14 28 56 112 224 448 458 682 b
1 2 4 6 10 14 28 56 112 224 448 672 682 b
1 2 4 6 10 16 26 42 84 168 336 346 682 b
1 2 4 6 10 16 26 42 84 168 336 672 682 b
1 2 4 6 10 16 32 42 84 168 336 346 682 b
1 2 4 6 10 16 32 42 84 168 336 672 682 b
1 2 4 6 10 20 21 40 80 160 181 341 682 a
1 2 4 6 10 20 21 40 80 160 320 341 682 a
1 2 4 6 10 20 21 42 84 168 336 346 682 b
1 2 4 6 10 20 21 42 84 168 336 672 682 b
1 2 4 6 10 20 22 42 84 168 336 346 682 b
1 2 4 6 10 20 22 42 84 168 336 672 682 b
1 2 4 6 10 20 40 42 80 160 320 362 682 a
1 2 4 6 10 20 40 42 80 160 320 640 682 a
1 2 4 6 10 20 40 42 84 168 336 346 682 b
1 2 4 6 10 20 40 42 84 168 336 672 682 b
1 2 4 6 10 20 40 44 84 168 336 346 682 b
1 2 4 6 10 20 40 44 84 168 336 672 682 b
1 2 4 6 10 20 40 80 84 168 336 346 682 b
1 2 4 6 10 20 40 80 84 168 336 672 682 b
1 2 4 6 10 20 40 80 90 170 171 341 682 b
1 2 4 6 10 20 40 80 90 170 340 341 682 b
1 2 4 6 10 20 40 80 90 170 340 342 682 b
1 2 4 6 10 20 40 80 90 170 340 680 682 b
1 2 4 6 10 20 40 80 160 161 180 341 682 a
1 2 4 6 10 20 40 80 160 161 181 341 682 b
1 2 4 6 10 20 40 80 160 161 321 341 682 b
1 2 4 6 10 20 40 80 160 161 321 361 682 b
1 2 4 6 10 20 40 80 160 161 321 642 682 b
1 2 4 6 10 20 40 80 160 170 171 341 682 b
1 2 4 6 10 20 40 80 160 170 340 341 682 b
1 2 4 6 10 20 40 80 160 170 340 342 682 b
1 2 4 6 10 20 40 80 160 170 340 680 682 b
1 2 4 6 10 20 40 80 160 180 181 341 682 b
1 2 4 6 10 20 40 80 160 180 340 341 682 b
1 2 4 6 10 20 40 80 160 180 340 342 682 b
1 2 4 6 10 20 40 80 160 180 340 680 682 b
1 2 4 6 10 20 40 80 160 320 321 341 682 b
1 2 4 6 10 20 40 80 160 320 321 361 682 b
1 2 4 6 10 20 40 80 160 320 321 642 682 b
1 2 4 6 10 20 40 80 160 320 322 360 682 a
1 2 4 6 10 20 40 80 160 320 322 362 682 b
1 2 4 6 10 20 40 80 160 320 322 642 682 b
1 2 4 6 10 20 40 80 160 320 340 341 682 b
1 2 4 6 10 20 40 80 160 320 340 342 682 b
1 2 4 6 10 20 40 80 160 320 340 680 682 b
1 2 4 6 10 20 40 80 160 320 360 362 682 b
1 2 4 6 10 20 40 80 160 320 360 680 682 b
1 2 4 6 10 20 40 80 160 320 640 642 682 b
1 2 4 6 10 20 40 80 160 320 640 680 682 b
1 2 4 6 12 24 25 49 73 146 195 341 682 b
1 2 4 6 12 24 25 49 73 146 292 341 682 b
1 2 4 6 12 24 48 49 73 146 195 341 682 b
1 2 4 6 12 24 48 49 73 146 292 341 682 b
1 2 4 6 12 24 48 49 97 146 195 341 682 b
1 2 4 6 12 24 48 49 97 146 292 341 682 b
1 2 4 6 12 24 48 49 98 146 195 341 682 b
1 2 4 6 12 24 48 49 98 146 292 341 682 b
1 2 4 6 12 24 48 49 98 146 292 390 682 b
1 2 4 6 12 24 48 49 98 146 292 584 682 b
1 2 4 6 12 24 48 50 98 146 292 390 682 b
1 2 4 6 12 24 48 50 98 146 292 584 682 b
1 2 4 6 12 24 48 96 98 146 292 390 682 b
1 2 4 6 12 24 48 96 98 146 292 584 682 b
1 2 4 6 12 24 48 96 98 194 292 390 682 b
1 2 4 6 12 24 48 96 98 194 292 584 682 b
1 2 4 6 12 24 48 96 98 196 292 390 682 b
1 2 4 6 12 24 48 96 98 196 292 584 682 b
1 2 4 8 9 17 34 51 85 170 171 341 682 b
1 2 4 8 9 17 34 51 85 170 340 341 682 b
1 2 4 8 9 17 34 51 85 170 340 342 682 b
1 2 4 8 9 17 34 51 85 170 340 680 682 b
1 2 4 8 9 17 34 68 69 136 205 341 682 a
1 2 4 8 9 17 34 68 69 136 272 341 682 a
1 2 4 8 9 17 34 68 85 170 171 341 682 b
1 2 4 8 9 17 34 68 85 170 340 341 682 b
1 2 4 8 9 17 34 68 85 170 340 342 682 b
1 2 4 8 9 17 34 68 85 170 340 680 682 b
1 2 4 8 9 17 34 68 102 170 171 341 682 b
1 2 4 8 9 17 34 68 102 170 340 341 682 b
1 2 4 8 9 17 34 68 102 170 340 342 682 b
1 2 4 8 9 17 34 68 102 170 340 680 682 b
1 2 4 8 9 17 34 68 136 137 204 341 682 a
1 2 4 8 9 17 34 68 136 137 205 341 682 b
1 2 4 8 9 17 34 68 136 137 273 341 682 b
1 2 4 8 9 17 34 68 136 137 273 409 682 b
1 2 4 8 9 17 34 68 136 137 273 546 682 b
1 2 4 8 9 17 34 68 136 138 272 410 682 a
1 2 4 8 9 17 34 68 136 138 272 544 682 a
1 2 4 8 9 17 34 68 136 170 171 341 682 b
1 2 4 8 9 17 34 68 136 170 340 341 682 b
1 2 4 8 9 17 34 68 136 170 340 342 682 b
1 2 4 8 9 17 34 68 136 170 340 680 682 b
1 2 4 8 9 17 34 68 136 204 205 341 682 b
1 2 4 8 9 17 34 68 136 204 340 341 682 b
1 2 4 8 9 17 34 68 136 204 340 342 682 b
1 2 4 8 9 17 34 68 136 204 340 680 682 b
1 2 4 8 9 17 34 68 136 272 273 341 682 b
1 2 4 8 9 17 34 68 136 272 273 409 682 b
1 2 4 8 9 17 34 68 136 272 273 546 682 b
1 2 4 8 9 17 34 68 136 272 274 408 682 a
1 2 4 8 9 17 34 68 136 272 274 410 682 b
1 2 4 8 9 17 34 68 136 272 274 546 682 b
1 2 4 8 9 17 34 68 136 272 340 341 682 b
1 2 4 8 9 17 34 68 136 272 340 342 682 b
1 2 4 8 9 17 34 68 136 272 340 680 682 b
1 2 4 8 9 17 34 68 136 272 408 410 682 b
1 2 4 8 9 17 34 68 136 272 408 680 682 b
1 2 4 8 9 17 34 68 136 272 544 546 682 b
1 2 4 8 9 17 34 68 136 272 544 680 682 b
1 2 4 8 10 11 21 42 84 168 336 346 682 b
1 2 4 8 10 11 21 42 84 168 336 672 682 b
1 2 4 8 10 14 28 42 84 168 336 346 682 b
1 2 4 8 10 14 28 42 84 168 336 672 682 b
1 2 4 8 10 14 28 56 84 168 336 346 682 b
1 2 4 8 10 14 28 56 84 168 336 672 682 b
1 2 4 8 10 14 28 56 112 168 336 346 682 b
1 2 4 8 10 14 28 56 112 168 336 672 682 b
1 2 4 8 10 14 28 56 112 224 234 448 682 a
1 2 4 8 10 14 28 56 112 224 234 458 682 b
1 2 4 8 10 14 28 56 112 224 336 346 682 b
1 2 4 8 10 14 28 56 112 224 336 672 682 b
1 2 4 8 10 14 28 56 112 224 448 458 682 b
1 2 4 8 10 14 28 56 112 224 448 672 682 b
1 2 4 8 10 16 26 42 84 168 336 346 682 a
1 2 4 8 10 16 26 42 84 168 336 672 682 a
1 2 4 8 10 16 32 42 84 168 336 346 682 a
1 2 4 8 10 16 32 42 84 168 336 672 682 a
1 2 4 8 10 18 28 56 84 168 336 346 682 b
1 2 4 8 10 18 28 56 84 168 336 672 682 b
1 2 4 8 10 18 28 56 112 168 336 346 682 b
1 2 4 8 10 18 28 56 112 168 336 672 682 b
1 2 4 8 10 18 28 56 112 224 234 448 682 a
1 2 4 8 10 18 28 56 112 224 234 458 682 b
1 2 4 8 10 18 28 56 112 224 336 346 682 b
1 2 4 8 10 18 28 56 112 224 336 672 682 b
1 2 4 8 10 18 28 56 112 224 448 458 682 b
1 2 4 8 10 18 28 56 112 224 448 672 682 b
1 2 4 8 10 20 21 40 80 160 181 341 682 a
1 2 4 8 10 20 21 40 80 160 320 341 682 a
1 2 4 8 10 20 21 42 84 168 336 346 682 b
1 2 4 8 10 20 21 42 84 168 336 672 682 b
1 2 4 8 10 20 22 42 84 168 336 346 682 b
1 2 4 8 10 20 22 42 84 168 336 672 682 b
1 2 4 8 10 20 28 56 84 168 336 346 682 b
1 2 4 8 10 20 28 56 84 168 336 672 682 b
1 2 4 8 10 20 28 56 112 168 336 346 682 b
1 2 4 8 10 20 28 56 112 168 336 672 682 b
1 2 4 8 10 20 28 56 112 224 234 448 682 a
1 2 4 8 10 20 28 56 112 224 234 458 682 b
1 2 4 8 10 20 28 56 112 224 336 346 682 b
1 2 4 8 10 20 28 56 112 224 336 672 682 b
1 2 4 8 10 20 28 56 112 224 448 458 682 b
1 2 4 8 10 20 28 56 112 224 448 672 682 b
1 2 4 8 10 20 40 42 80 160 320 362 682 a
1 2 4 8 10 20 40 42 80 160 320 640 682 a
1 2 4 8 10 20 40 42 84 168 336 346 682 b
1 2 4 8 10 20 40 42 84 168 336 672 682 b
1 2 4 8 10 20 40 44 84 168 336 346 682 b
1 2 4 8 10 20 40 44 84 168 336 672 682 b
1 2 4 8 10 20 40 80 84 168 336 346 682 b
1 2 4 8 10 20 40 80 84 168 336 672 682 b
1 2 4 8 10 20 40 80 88 168 336 346 682 b
1 2 4 8 10 20 40 80 88 168 336 672 682 b
1 2 4 8 10 20 40 80 90 170 171 341 682 b
1 2 4 8 10 20 40 80 90 170 340 341 682 b
1 2 4 8 10 20 40 80 90 170 340 342 682 b
1 2 4 8 10 20 40 80 90 170 340 680 682 b
1 2 4 8 10 20 40 80 160 161 180 341 682 a
1 2 4 8 10 20 40 80 160 161 181 341 682 b
1 2 4 8 10 20 40 80 160 161 321 341 682 b
1 2 4 8 10 20 40 80 160 161 321 361 682 b
1 2 4 8 10 20 40 80 160 161 321 642 682 b
1 2 4 8 10 20 40 80 160 168 336 346 682 b
1 2 4 8 10 20 40 80 160 168 336 672 682 b
1 2 4 8 10 20 40 80 160 170 171 341 682 b
1 2 4 8 10 20 40 80 160 170 340 341 682 b
1 2 4 8 10 20 40 80 160 170 340 342 682 b
1 2 4 8 10 20 40 80 160 170 340 680 682 b
1 2 4 8 10 20 40 80 160 180 181 341 682 b
1 2 4 8 10 20 40 80 160 180 340 341 682 b
1 2 4 8 10 20 40 80 160 180 340 342 682 b
1 2 4 8 10 20 40 80 160 180 340 680 682 b
1 2 4 8 10 20 40 80 160 320 321 341 682 b
1 2 4 8 10 20 40 80 160 320 321 361 682 b
1 2 4 8 10 20 40 80 160 320 321 642 682 b
1 2 4 8 10 20 40 80 160 320 322 360 682 a
1 2 4 8 10 20 40 80 160 320 322 362 682 b
1 2 4 8 10 20 40 80 160 320 322 642 682 b
1 2 4 8 10 20 40 80 160 320 340 341 682 b
1 2 4 8 10 20 40 80 160 320 340 342 682 b
1 2 4 8 10 20 40 80 160 320 340 680 682 b
1 2 4 8 10 20 40 80 160 320 360 362 682 b
1 2 4 8 10 20 40 80 160 320 360 680 682 b
1 2 4 8 10 20 40 80 160 320 640 642 682 b
1 2 4 8 10 20 40 80 160 320 640 680 682 b
1 2 4 8 12 20 21 40 80 160 181 341 682 a
1 2 4 8 12 20 21 40 80 160 320 341 682 a
1 2 4 8 12 20 40 42 80 160 320 362 682 a
1 2 4 8 12 20 40 42 80 160 320 640 682 a
1 2 4 8 12 20 40 80 160 161 180 341 682 a
1 2 4 8 12 20 40 80 160 161 181 341 682 b
1 2 4 8 12 20 40 80 160 161 321 341 682 b
1 2 4 8 12 20 40 80 160 161 321 361 682 b
1 2 4 8 12 20 40 80 160 161 321 642 682 b
1 2 4 8 12 20 40 80 160 180 181 341 682 b
1 2 4 8 12 20 40 80 160 180 340 341 682 b
1 2 4 8 12 20 40 80 160 180 340 342 682 b
1 2 4 8 12 20 40 80 160 180 340 680 682 b
1 2 4 8 12 20 40 80 160 320 321 341 682 b
1 2 4 8 12 20 40 80 160 320 321 361 682 b
1 2 4 8 12 20 40 80 160 320 321 642 682 b
1 2 4 8 12 20 40 80 160 320 322 360 682 a
1 2 4 8 12 20 40 80 160 320 322 362 682 b
1 2 4 8 12 20 40 80 160 320 322 642 682 b
1 2 4 8 12 20 40 80 160 320 340 341 682 b
1 2 4 8 12 20 40 80 160 320 340 342 682 b
1 2 4 8 12 20 40 80 160 320 340 680 682 b
1 2 4 8 12 20 40 80 160 320 360 362 682 b
1 2 4 8 12 20 40 80 160 320 360 680 682 b
1 2 4 8 12 20 40 80 160 320 640 642 682 b
1 2 4 8 12 20 40 80 160 320 640 680 682 b
1 2 4 8 12 24 25 49 73 146 195 341 682 b
1 2 4 8 12 24 25 49 73 146 292 341 682 b
1 2 4 8 12 24 48 49 73 146 195 341 682 b
1 2 4 8 12 24 48 49 73 146 292 341 682 b
1 2 4 8 12 24 48 49 97 146 195 341 682 b
1 2 4 8 12 24 48 49 97 146 292 341 682 b
1 2 4 8 12 24 48 49 98 146 195 341 682 b
1 2 4 8 12 24 48 49 98 146 292 341 682 b
1 2 4 8 12 24 48 49 98 146 292 390 682 b
1 2 4 8 12 24 48 49 98 146 292 584 682 b
1 2 4 8 12 24 48 50 98 146 292 390 682 b
1 2 4 8 12 24 48 50 98 146 292 584 682 b
1 2 4 8 12 24 48 96 98 146 292 390 682 b
1 2 4 8 12 24 48 96 98 146 292 584 682 b
1 2 4 8 12 24 48 96 98 194 292 390 682 b
1 2 4 8 12 24 48 96 98 194 292 584 682 b
1 2 4 8 12 24 48 96 98 196 292 390 682 b
1 2 4 8 12 24 48 96 98 196 292 584 682 b
1 2 4 8 16 17 32 49 81 130 211 341 682 a
1 2 4 8 16 17 32 49 81 130 260 341 682 a
1 2 4 8 16 17 32 49 81 162 179 341 682 a
1 2 4 8 16 17 32 49 81 162 324 341 682 a
1 2 4 8 16 17 32 64 81 162 179 341 682 a
1 2 4 8 16 17 32 64 81 162 324 341 682 a
1 2 4 8 16 17 34 51 85 170 171 341 682 b
1 2 4 8 16 17 34 51 85 170 340 341 682 b
1 2 4 8 16 17 34 51 85 170 340 342 682 b
1 2 4 8 16 17 34 51 85 170 340 680 682 b
1 2 4 8 16 17 34 68 69 136 205 341 682 a
1 2 4 8 16 17 34 68 69 136 272 341 682 a
1 2 4 8 16 17 34 68 85 170 171 341 682 b
1 2 4 8 16 17 34 68 85 170 340 341 682 b
1 2 4 8 16 17 34 68 85 170 340 342 682 b
1 2 4 8 16 17 34 68 85 170 340 680 682 b
1 2 4 8 16 17 34 68 102 170 171 341 682 b
1 2 4 8 16 17 34 68 102 170 340 341 682 b
1 2 4 8 16 17 34 68 102 170 340 342 682 b
1 2 4 8 16 17 34 68 102 170 340 680 682 b
1 2 4 8 16 17 34 68 136 137 204 341 682 a
1 2 4 8 16 17 34 68 136 137 205 341 682 b
1 2 4 8 16 17 34 68 136 137 273 341 682 b
1 2 4 8 16 17 34 68 136 137 273 409 682 b
1 2 4 8 16 17 34 68 136 137 273 546 682 b
1 2 4 8 16 17 34 68 136 138 272 410 682 a
1 2 4 8 16 17 34 68 136 138 272 544 682 a
1 2 4 8 16 17 34 68 136 170 171 341 682 b
1 2 4 8 16 17 34 68 136 170 340 341 682 b
1 2 4 8 16 17 34 68 136 170 340 342 682 b
1 2 4 8 16 17 34 68 136 170 340 680 682 b
1 2 4 8 16 17 34 68 136 204 205 341 682 b
1 2 4 8 16 17 34 68 136 204 340 341 682 b
1 2 4 8 16 17 34 68 136 204 340 342 682 b
1 2 4 8 16 17 34 68 136 204 340 680 682 b
1 2 4 8 16 17 34 68 136 272 273 341 682 b
1 2 4 8 16 17 34 68 136 272 273 409 682 b
1 2 4 8 16 17 34 68 136 272 273 546 682 b
1 2 4 8 16 17 34 68 136 272 274 408 682 a
1 2 4 8 16 17 34 68 136 272 274 410 682 b
1 2 4 8 16 17 34 68 136 272 274 546 682 b
1 2 4 8 16 17 34 68 136 272 340 341 682 b
1 2 4 8 16 17 34 68 136 272 340 342 682 b
1 2 4 8 16 17 34 68 136 272 340 680 682 b
1 2 4 8 16 17 34 68 136 272 408 410 682 b
1 2 4 8 16 17 34 68 136 272 408 680 682 b
1 2 4 8 16 17 34 68 136 272 544 546 682 b
1 2 4 8 16 17 34 68 136 272 544 680 682 b
1 2 4 8 16 18 34 68 69 136 205 341 682 a
1 2 4 8 16 18 34 68 69 136 272 341 682 a
1 2 4 8 16 18 34 68 102 170 171 341 682 b
1 2 4 8 16 18 34 68 102 170 340 341 682 b
1 2 4 8 16 18 34 68 102 170 340 342 682 b
1 2 4 8 16 18 34 68 102 170 340 680 682 b
1 2 4 8 16 18 34 68 136 137 204 341 682 a
1 2 4 8 16 18 34 68 136 137 205 341 682 b
1 2 4 8 16 18 34 68 136 137 273 341 682 b
1 2 4 8 16 18 34 68 136 137 273 409 682 b
1 2 4 8 16 18 34 68 136 137 273 546 682 b
1 2 4 8 16 18 34 68 136 138 272 410 682 a
1 2 4 8 16 18 34 68 136 138 272 544 682 a
1 2 4 8 16 18 34 68 136 170 171 341 682 b
1 2 4 8 16 18 34 68 136 170 340 341 682 b
1 2 4 8 16 18 34 68 136 170 340 342 682 b
1 2 4 8 16 18 34 68 136 170 340 680 682 b
1 2 4 8 16 18 34 68 136 204 205 341 682 b
1 2 4 8 16 18 34 68 136 204 340 341 682 b
1 2 4 8 16 18 34 68 136 204 340 342 682 b
1 2 4 8 16 18 34 68 136 204 340 680 682 b
1 2 4 8 16 18 34 68 136 272 273 341 682 b
1 2 4 8 16 18 34 68 136 272 273 409 682 b
1 2 4 8 16 18 34 68 136 272 273 546 682 b
1 2 4 8 16 18 34 68 136 272 274 408 682 a
1 2 4 8 16 18 34 68 136 272 274 410 682 b
1 2 4 8 16 18 34 68 136 272 274 546 682 b
1 2 4 8 16 18 34 68 136 272 340 341 682 b
1 2 4 8 16 18 34 68 136 272 340 342 682 b
1 2 4 8 16 18 34 68 136 272 340 680 682 b
1 2 4 8 16 18 34 68 136 272 408 410 682 b
1 2 4 8 16 18 34 68 136 272 408 680 682 b
1 2 4 8 16 18 34 68 136 272 544 546 682 b
1 2 4 8 16 18 34 68 136 272 544 680 682 b
1 2 4 8 16 20 21 40 80 160 181 341 682 a
1 2 4 8 16 20 21 40 80 160 320 341 682 a
1 2 4 8 16 20 40 42 80 160 320 362 682 a
1 2 4 8 16 20 40 42 80 160 320 640 682 a
1 2 4 8 16 20 40 80 160 161 180 341 682 a
1 2 4 8 16 20 40 80 160 161 181 341 682 b
1 2 4 8 16 20 40 80 160 161 321 341 682 b
1 2 4 8 16 20 40 80 160 161 321 361 682 b
1 2 4 8 16 20 40 80 160 161 321 642 682 b
1 2 4 8 16 20 40 80 160 180 181 341 682 b
1 2 4 8 16 20 40 80 160 180 340 341 682 b
1 2 4 8 16 20 40 80 160 180 340 342 682 b
1 2 4 8 16 20 40 80 160 180 340 680 682 b
1 2 4 8 16 20 40 80 160 320 321 341 682 b
1 2 4 8 16 20 40 80 160 320 321 361 682 b
1 2 4 8 16 20 40 80 160 320 321 642 682 b
1 2 4 8 16 20 40 80 160 320 322 360 682 a
1 2 4 8 16 20 40 80 160 320 322 362 682 b
1 2 4 8 16 20 40 80 160 320 322 642 682 b
1 2 4 8 16 20 40 80 160 320 340 341 682 b
1 2 4 8 16 20 40 80 160 320 340 342 682 b
1 2 4 8 16 20 40 80 160 320 340 680 682 b
1 2 4 8 16 20 40 80 160 320 360 362 682 b
1 2 4 8 16 20 40 80 160 320 360 680 682 b
1 2 4 8 16 20 40 80 160 320 640 642 682 b
1 2 4 8 16 20 40 80 160 320 640 680 682 b
1 2 4 8 16 24 25 49 73 146 195 341 682 b
1 2 4 8 16 24 25 49 73 146 292 341 682 b
1 2 4 8 16 24 40 42 80 160 320 362 682 a
1 2 4 8 16 24 40 42 80 160 320 640 682 a
1 2 4 8 16 24 40 80 160 161 321 361 682 b
1 2 4 8 16 24 40 80 160 161 321 642 682 b
1 2 4 8 16 24 40 80 160 320 321 361 682 b
1 2 4 8 16 24 40 80 160 320 321 642 682 b
1 2 4 8 16 24 40 80 160 320 322 360 682 a
1 2 4 8 16 24 40 80 160 320 322 362 682 b
1 2 4 8 16 24 40 80 160 320 322 642 682 b
1 2 4 8 16 24 40 80 160 320 360 362 682 b
1 2 4 8 16 24 40 80 160 320 360 680 682 b
1 2 4 8 16 24 40 80 160 320 640 642 682 b
1 2 4 8 16 24 40 80 160 320 640 680 682 b
1 2 4 8 16 24 48 49 73 146 195 341 682 b
1 2 4 8 16 24 48 49 73 146 292 341 682 b
1 2 4 8 16 24 48 49 97 146 195 341 682 b
1 2 4 8 16 24 48 49 97 146 292 341 682 b
1 2 4 8 16 24 48 49 98 146 195 341 682 b
1 2 4 8 16 24 48 49 98 146 292 341 682 b
1 2 4 8 16 24 48 49 98 146 292 390 682 b
1 2 4 8 16 24 48 49 98 146 292 584 682 b
1 2 4 8 16 24 48 50 98 146 292 390 682 b
1 2 4 8 16 24 48 50 98 146 292 584 682 b
1 2 4 8 16 24 48 96 98 146 292 390 682 b
1 2 4 8 16 24 48 96 98 146 292 584 682 b
1 2 4 8 16 24 48 96 98 194 292 390 682 b
1 2 4 8 16 24 48 96 98 194 292 584 682 b
1 2 4 8 16 24 48 96 98 196 292 390 682 b
1 2 4 8 16 24 48 96 98 196 292 584 682 b
1 2 4 8 16 32 33 49 81 130 211 341 682 b
1 2 4 8 16 32 33 49 81 130 260 341 682 b
1 2 4 8 16 32 33 65 69 138 203 341 682 b
1 2 4 8 16 32 33 65 69 138 276 341 682 b
1 2 4 8 16 32 33 65 73 138 203 341 682 b
1 2 4 8 16 32 33 65 73 138 276 341 682 b
1 2 4 8 16 32 33 65 81 130 211 341 682 a
1 2 4 8 16 32 33 65 81 130 260 341 682 a
1 2 4 8 16 32 33 65 130 138 203 341 682 b
1 2 4 8 16 32 33 65 130 138 276 341 682 b
1 2 4 8 16 32 33 65 130 138 276 406 682 b
1 2 4 8 16 32 33 65 130 138 276 552 682 b
1 2 4 8 16 32 33 65 130 146 195 341 682 a
1 2 4 8 16 32 33 65 130 146 211 341 682 b
1 2 4 8 16 32 33 65 130 146 276 341 682 b
1 2 4 8 16 32 33 65 130 146 276 406 682 b
1 2 4 8 16 32 33 65 130 146 276 552 682 b
1 2 4 8 16 32 33 65 130 162 260 422 682 a
1 2 4 8 16 32 33 65 130 162 260 520 682 a
1 2 4 8 16 32 33 65 130 195 211 341 682 b
1 2 4 8 16 32 33 65 130 195 325 341 682 b
1 2 4 8 16 32 33 65 130 195 325 357 682 b
1 2 4 8 16 32 33 65 130 195 325 650 682 b
1 2 4 8 16 32 33 65 130 260 276 341 682 b
1 2 4 8 16 32 33 65 130 260 276 406 682 b
1 2 4 8 16 32 33 65 130 260 276 552 682 b
1 2 4 8 16 32 33 65 130 260 292 390 682 a
1 2 4 8 16 32 33 65 130 260 292 422 682 b
1 2 4 8 16 32 33 65 130 260 292 552 682 b
1 2 4 8 16 32 33 65 130 260 325 341 682 b
1 2 4 8 16 32 33 65 130 260 325 357 682 b
1 2 4 8 16 32 33 65 130 260 325 650 682 b
1 2 4 8 16 32 33 65 130 260 390 422 682 b
1 2 4 8 16 32 33 65 130 260 390 650 682 b
1 2 4 8 16 32 33 65 130 260 520 552 682 b
1 2 4 8 16 32 33 65 130 260 520 650 682 b
1 2 4 8 16 32 34 64 98 162 260 422 682 a
1 2 4 8 16 32 34 64 98 162 260 520 682 a
1 2 4 8 16 32 34 64 98 162 324 358 682 a
1 2 4 8 16 32 34 64 98 162 324 648 682 a
1 2 4 8 16 32 34 64 128 162 324 358 682 a
1 2 4 8 16 32 34 64 128 162 324 648 682 a
1 2 4 8 16 32 34 68 69 136 205 341 682 a
1 2 4 8 16 32 34 68 69 136 272 341 682 a
1 2 4 8 16 32 34 68 102 170 171 341 682 b
1 2 4 8 16 32 34 68 102 170 340 341 682 b
1 2 4 8 16 32 34 68 102 170 340 342 682 b
1 2 4 8 16 32 34 68 102 170 340 680 682 b
1 2 4 8 16 32 34 68 136 137 204 341 682 a
1 2 4 8 16 32 34 68 136 137 205 341 682 b
1 2 4 8 16 32 34 68 136 137 273 341 682 b
1 2 4 8 16 32 34 68 136 137 273 409 682 b
1 2 4 8 16 32 34 68 136 137 273 546 682 b
1 2 4 8 16 32 34 68 136 138 272 410 682 a
1 2 4 8 16 32 34 68 136 138 272 544 682 a
1 2 4 8 16 32 34 68 136 170 171 341 682 b
1 2 4 8 16 32 34 68 136 170 340 341 682 b
1 2 4 8 16 32 34 68 136 170 340 342 682 b
1 2 4 8 16 32 34 68 136 170 340 680 682 b
1 2 4 8 16 32 34 68 136 204 205 341 682 b
1 2 4 8 16 32 34 68 136 204 340 341 682 b
1 2 4 8 16 32 34 68 136 204 340 342 682 b
1 2 4 8 16 32 34 68 136 204 340 680 682 b
1 2 4 8 16 32 34 68 136 272 273 341 682 b
1 2 4 8 16 32 34 68 136 272 273 409 682 b
1 2 4 8 16 32 34 68 136 272 273 546 682 b
1 2 4 8 16 32 34 68 136 272 274 408 682 a
1 2 4 8 16 32 34 68 136 272 274 410 682 b
1 2 4 8 16 32 34 68 136 272 274 546 682 b
1 2 4 8 16 32 34 68 136 272 340 341 682 b
1 2 4 8 16 32 34 68 136 272 340 342 682 b
1 2 4 8 16 32 34 68 136 272 340 680 682 b
1 2 4 8 16 32 34 68 136 272 408 410 682 b
1 2 4 8 16 32 34 68 136 272 408 680 682 b
1 2 4 8 16 32 34 68 136 272 544 546 682 b
1 2 4 8 16 32 34 68 136 272 544 680 682 b
1 2 4 8 16 32 36 68 69 136 205 341 682 a
1 2 4 8 16 32 36 68 69 136 272 341 682 a
1 2 4 8 16 32 36 68 136 137 204 341 682 a
1 2 4 8 16 32 36 68 136 137 205 341 682 b
1 2 4 8 16 32 36 68 136 137 273 341 682 b
1 2 4 8 16 32 36 68 136 137 273 409 682 b
1 2 4 8 16 32 36 68 136 137 273 546 682 b
1 2 4 8 16 32 36 68 136 138 272 410 682 a
1 2 4 8 16 32 36 68 136 138 272 544 682 a
1 2 4 8 16 32 36 68 136 204 205 341 682 b
1 2 4 8 16 32 36 68 136 204 340 341 682 b
1 2 4 8 16 32 36 68 136 204 340 342 682 b
1 2 4 8 16 32 36 68 136 204 340 680 682 b
1 2 4 8 16 32 36 68 136 272 273 341 682 b
1 2 4 8 16 32 36 68 136 272 273 409 682 b
1 2 4 8 16 32 36 68 136 272 273 546 682 b
1 2 4 8 16 32 36 68 136 272 274 408 682 a
1 2 4 8 16 32 36 68 136 272 274 410 682 b
1 2 4 8 16 32 36 68 136 272 274 546 682 b
1 2 4 8 16 32 36 68 136 272 340 341 682 b
1 2 4 8 16 32 36 68 136 272 340 342 682 b
1 2 4 8 16 32 36 68 136 272 340 680 682 b
1 2 4 8 16 32 36 68 136 272 408 410 682 b
1 2 4 8 16 32 36 68 136 272 408 680 682 b
1 2 4 8 16 32 36 68 136 272 544 546 682 b
1 2 4 8 16 32 36 68 136 272 544 680 682 b
1 2 4 8 16 32 40 42 80 160 320 362 682 a
1 2 4 8 16 32 40 42 80 160 320 640 682 a
1 2 4 8 16 32 40 80 160 161 321 361 682 b
1 2 4 8 16 32 40 80 160 161 321 642 682 b
1 2 4 8 16 32 40 80 160 320 321 361 682 b
1 2 4 8 16 32 40 80 160 320 321 642 682 b
1 2 4 8 16 32 40 80 160 320 322 360 682 a
1 2 4 8 16 32 40 80 160 320 322 362 682 b
1 2 4 8 16 32 40 80 160 320 322 642 682 b
1 2 4 8 16 32 40 80 160 320 360 362 682 b
1 2 4 8 16 32 40 80 160 320 360 680 682 b
1 2 4 8 16 32 40 80 160 320 640 642 682 b
1 2 4 8 16 32 40 80 160 320 640 680 682 b
1 2 4 8 16 32 48 49 81 130 211 341 682 b
1 2 4 8 16 32 48 49 81 130 260 341 682 b
1 2 4 8 16 32 48 49 97 146 195 341 682 b
1 2 4 8 16 32 48 49 97 146 292 341 682 b
1 2 4 8 16 32 48 49 98 146 195 341 682 b
1 2 4 8 16 32 48 49 98 146 292 341 682 b
1 2 4 8 16 32 48 49 98 146 292 390 682 b
1 2 4 8 16 32 48 49 98 146 292 584 682 b
1 2 4 8 16 32 48 50 98 146 292 390 682 b
1 2 4 8 16 32 48 50 98 146 292 584 682 b
1 2 4 8 16 32 48 96 98 146 292 390 682 b
1 2 4 8 16 32 48 96 98 146 292 584 682 b
1 2 4 8 16 32 48 96 98 194 292 390 682 b
1 2 4 8 16 32 48 96 98 194 292 584 682 b
1 2 4 8 16 32 48 96 98 196 292 390 682 b
1 2 4 8 16 32 48 96 98 196 292 584 682 b
1 2 4 8 16 32 64 65 69 138 203 341 682 b
1 2 4 8 16 32 64 65 69 138 276 341 682 b
1 2 4 8 16 32 64 65 73 138 203 341 682 b
1 2 4 8 16 32 64 65 73 138 276 341 682 b
1 2 4 8 16 32 64 65 81 130 211 341 682 a
1 2 4 8 16 32 64 65 81 130 260 341 682 a
1 2 4 8 16 32 64 65 130 138 203 341 682 b
1 2 4 8 16 32 64 65 130 138 276 341 682 b
1 2 4 8 16 32 64 65 130 138 276 406 682 b
1 2 4 8 16 32 64 65 130 138 276 552 682 b
1 2 4 8 16 32 64 65 130 146 195 341 682 a
1 2 4 8 16 32 64 65 130 146 211 341 682 b
1 2 4 8 16 32 64 65 130 146 276 341 682 b
1 2 4 8 16 32 64 65 130 146 276 406 682 b
1 2 4 8 16 32 64 65 130 146 276 552 682 b
1 2 4 8 16 32 64 65 130 162 260 422 682 a
1 2 4 8 16 32 64 65 130 162 260 520 682 a
1 2 4 8 16 32 64 65 130 195 211 341 682 b
1 2 4 8 16 32 64 65 130 195 325 341 682 b
1 2 4 8 16 32 64 65 130 195 325 357 682 b
1 2 4 8 16 32 64 65 130 195 325 650 682 b
1 2 4 8 16 32 64 65 130 260 276 341 682 b
1 2 4 8 16 32 64 65 130 260 276 406 682 b
1 2 4 8 16 32 64 65 130 260 276 552 682 b
1 2 4 8 16 32 64 65 130 260 292 390 682 a
1 2 4 8 16 32 64 65 130 260 292 422 682 b
1 2 4 8 16 32 64 65 130 260 292 552 682 b
1 2 4 8 16 32 64 65 130 260 325 341 682 b
1 2 4 8 16 32 64 65 130 260 325 357 682 b
1 2 4 8 16 32 64 65 130 260 325 650 682 b
1 2 4 8 16 32 64 65 130 260 390 422 682 b
1 2 4 8 16 32 64 65 130 260 390 650 682 b
1 2 4 8 16 32 64 65 130 260 520 552 682 b
1 2 4 8 16 32 64 65 130 260 520 650 682 b
1 2 4 8 16 32 64 66 98 162 260 422 682 b
1 2 4 8 16 32 64 66 98 162 260 520 682 b
1 2 4 8 16 32 64 66 130 138 276 406 682 b
1 2 4 8 16 32 64 66 130 138 276 552 682 b
1 2 4 8 16 32 64 66 130 146 276 406 682 b
1 2 4 8 16 32 64 66 130 146 276 552 682 b
1 2 4 8 16 32 64 66 130 162 260 422 682 a
1 2 4 8 16 32 64 66 130 162 260 520 682 a
1 2 4 8 16 32 64 66 130 260 276 406 682 b
1 2 4 8 16 32 64 66 130 260 276 552 682 b
1 2 4 8 16 32 64 66 130 260 292 390 682 a
1 2 4 8 16 32 64 66 130 260 292 422 682 b
1 2 4 8 16 32 64 66 130 260 292 552 682 b
1 2 4 8 16 32 64 66 130 260 390 422 682 b
1 2 4 8 16 32 64 66 130 260 390 650 682 b
1 2 4 8 16 32 64 66 130 260 520 552 682 b
1 2 4 8 16 32 64 66 130 260 520 650 682 b
1 2 4 8 16 32 64 68 69 136 205 341 682 a
1 2 4 8 16 32 64 68 69 136 272 341 682 a
1 2 4 8 16 32 64 68 136 137 204 341 682 a
1 2 4 8 16 32 64 68 136 137 205 341 682 b
1 2 4 8 16 32 64 68 136 137 273 341 682 b
1 2 4 8 16 32 64 68 136 137 273 409 682 b
1 2 4 8 16 32 64 68 136 137 273 546 682 b
1 2 4 8 16 32 64 68 136 138 272 410 682 a
1 2 4 8 16 32 64 68 136 138 272 544 682 a
1 2 4 8 16 32 64 68 136 204 205 341 682 b
1 2 4 8 16 32 64 68 136 204 340 341 682 b
1 2 4 8 16 32 64 68 136 204 340 342 682 b
1 2 4 8 16 32 64 68 136 204 340 680 682 b
1 2 4 8 16 32 64 68 136 272 273 341 682 b
1 2 4 8 16 32 64 68 136 272 273 409 682 b
1 2 4 8 16 32 64 68 136 272 273 546 682 b
1 2 4 8 16 32 64 68 136 272 274 408 682 a
1 2 4 8 16 32 64 68 136 272 274 410 682 b
1 2 4 8 16 32 64 68 136 272 274 546 682 b
1 2 4 8 16 32 64 68 136 272 340 341 682 b
1 2 4 8 16 32 64 68 136 272 340 342 682 b
1 2 4 8 16 32 64 68 136 272 340 680 682 b
1 2 4 8 16 32 64 68 136 272 408 410 682 b
1 2 4 8 16 32 64 68 136 272 408 680 682 b
1 2 4 8 16 32 64 68 136 272 544 546 682 b
1 2 4 8 16 32 64 68 136 272 544 680 682 b
1 2 4 8 16 32 64 72 136 137 273 409 682 b
1 2 4 8 16 32 64 72 136 137 273 546 682 b
1 2 4 8 16 32 64 72 136 138 272 410 682 a
1 2 4 8 16 32 64 72 136 138 272 544 682 a
1 2 4 8 16 32 64 72 136 272 273 409 682 b
1 2 4 8 16 32 64 72 136 272 273 546 682 b
1 2 4 8 16 32 64 72 136 272 274 408 682 a
1 2 4 8 16 32 64 72 136 272 274 410 682 b
1 2 4 8 16 32 64 72 136 272 274 546 682 b
1 2 4 8 16 32 64 72 136 272 408 410 682 b
1 2 4 8 16 32 64 72 136 272 408 680 682 b
1 2 4 8 16 32 64 72 136 272 544 546 682 b
1 2 4 8 16 32 64 72 136 272 544 680 682 b
1 2 4 8 16 32 64 96 98 162 260 422 682 b
1 2 4 8 16 32 64 96 98 162 260 520 682 b
1 2 4 8 16 32 64 96 98 194 292 390 682 b
1 2 4 8 16 32 64 96 98 194 292 584 682 b
1 2 4 8 16 32 64 96 98 196 292 390 682 b
1 2 4 8 16 32 64 96 98 196 292 584 682 b
1 2 4 8 16 32 64 128 130 138 276 406 682 b
1 2 4 8 16 32 64 128 130 138 276 552 682 b
1 2 4 8 16 32 64 128 130 146 276 406 682 b
1 2 4 8 16 32 64 128 130 146 276 552 682 b
1 2 4 8 16 32 64 128 130 162 260 422 682 a
1 2 4 8 16 32 64 128 130 162 260 520 682 a
1 2 4 8 16 32 64 128 130 260 276 406 682 b
1 2 4 8 16 32 64 128 130 260 276 552 682 b
1 2 4 8 16 32 64 128 130 260 292 390 682 a
1 2 4 8 16 32 64 128 130 260 292 422 682 b
1 2 4 8 16 32 64 128 130 260 292 552 682 b
1 2 4 8 16 32 64 128 130 260 390 422 682 b
1 2 4 8 16 32 64 128 130 260 390 650 682 b
1 2 4 8 16 32 64 128 130 260 520 552 682 b
1 2 4 8 16 32 64 128 130 260 520 650 682 b
1 2 4 8 16 32 64 128 136 137 273 409 682 b
1 2 4 8 16 32 64 128 136 137 273 546 682 b
1 2 4 8 16 32 64 128 136 138 272 410 682 a
1 2 4 8 16 32 64 128 136 138 272 544 682 a
1 2 4 8 16 32 64 128 136 272 273 409 682 b
1 2 4 8 16 32 64 128 136 272 273 546 682 b
1 2 4 8 16 32 64 128 136 272 274 408 682 a
1 2 4 8 16 32 64 128 136 272 274 410 682 b
1 2 4 8 16 32 64 128 136 272 274 546 682 b
1 2 4 8 16 32 64 128 136 272 408 410 682 b
1 2 4 8 16 32 64 128 136 272 408 680 682 b
1 2 4 8 16 32 64 128 136 272 544 546 682 b
1 2 4 8 16 32 64 128 136 272 544 680 682 b
