1 2 3 4 8 11 19 38 76 152 155 307 614 b
1 2 3 4 8 11 19 38 76 152 304 307 614 b
1 2 3 4 8 16 19 38 76 152 155 307 614 b
1 2 3 4 8 16 19 38 76 152 304 307 614 b
1 2 3 5 7 12 19 38 76 152 155 307 614 b
1 2 3 5 7 12 19 38 76 152 304 307 614 b
1 2 3 5 7 14 19 38 76 152 155 307 614 b
1 2 3 5 7 14 19 38 76 152 304 307 614 b
1 2 3 5 8 11 19 38 76 152 155 307 614 b
1 2 3 5 8 11 19 38 76 152 304 307 614 b
1 2 3 5 8 16 19 38 76 152 155 307 614 b
1 2 3 5 8 16 19 38 76 152 304 307 614 b
1 2 3 5 10 20 23 43 66 132 175 307 614 b
1 2 3 5 10 20 23 43 66 132 264 307 614 b
1 2 3 6 7 12 19 38 76 152 155 307 614 a
1 2 3 6 7 12 19 38 76 152 304 307 614 a
1 2 3 6 7 12 19 38 76 152 304 310 614 a
1 2 3 6 7 12 19 38 76 152 304 608 614 a
1 2 3 6 7 13 19 38 76 152 155 307 614 b
1 2 3 6 7 13 19 38 76 152 304 307 614 b
1 2 3 6 7 13 19 38 76 152 304 310 614 b
1 2 3 6 7 13 19 38 76 152 304 608 614 b
1 2 3 6 8 11 19 38 76 152 155 307 614 b
1 2 3 6 8 11 19 38 76 152 304 307 614 b
1 2 3 6 8 11 19 38 76 152 304 310 614 b
1 2 3 6 8 11 19 38 76 152 304 608 614 b
1 2 3 6 8 16 19 38 76 152 155 307 614 b
1 2 3 6 8 16 19 38 76 152 304 307 614 b
1 2 3 6 8 16 19 38 76 152 304 310 614 b
1 2 3 6 8 16 19 38 76 152 304 608 614 b
1 2 3 6 8 16 22 38 76 152 155 307 614 b
1 2 3 6 8 16 22 38 76 152 304 307 614 b
1 2 3 6 8 16 22 38 76 152 304 310 614 b
1 2 3 6 8 16 22 38 76 152 304 608 614 b
1 2 3 6 8 16 32 38 76 152 155 307 614 b
1 2 3 6 8 16 32 38 76 152 304 307 614 b
1 2 3 6 8 16 32 38 76 152 304 310 614 b
1 2 3 6 8 16 32 38 76 152 304 608 614 b
1 2 3 6 9 10 19 38 76 152 155 307 614 b
1 2 3 6 9 10 19 38 76 152 304 307 614 b
1 2 3 6 9 10 19 38 76 152 304 310 614 b
1 2 3 6 9 10 19 38 76 152 304 608 614 b
1 2 3 6 9 18 19 36 72 144 163 307 614 a
1 2 3 6 9 18 19 36 72 144 288 307 614 a
1 2 3 6 9 18 19 38 76 152 155 307 614 b
1 2 3 6 9 18 19 38 76 152 304 307 614 b
1 2 3 6 9 18 19 38 76 152 304 310 614 b
1 2 3 6 9 18 19 38 76 152 304 608 614 b
1 2 3 6 9 18 20 38 76 152 155 307 614 b
1 2 3 6 9 18 20 38 76 152 304 307 614 b
1 2 3 6 9 18 20 38 76 152 304 310 614 b
1 2 3 6 9 18 20 38 76 152 304 608 614 b
1 2 3 6 9 18 36 38 72 144 288 326 614 a
1 2 3 6 9 18 36 38 72 144 288 576 614 a
1 2 3 6 9 18 36 38 76 152 155 307 614 b
1 2 3 6 9 18 36 38 76 152 304 307 614 b
1 2 3 6 9 18 36 38 76 152 304 310 614 b
1 2 3 6 9 18 36 38 76 152 304 608 614 b
1 2 3 6 9 18 36 72 81 153 154 307 614 b
1 2 3 6 9 18 36 72 81 153 306 307 614 b
1 2 3 6 9 18 36 72 81 153 306 308 614 b
1 2 3 6 9 18 36 72 81 153 306 612 614 b
1 2 3 6 9 18 36 72 144 145 162 307 614 a
1 2 3 6 9 18 36 72 144 145 163 307 614 b
1 2 3 6 9 18 36 72 144 145 289 307 614 b
1 2 3 6 9 18 36 72 144 145 289 325 614 b
1 2 3 6 9 18 36 72 144 145 289 578 614 b
1 2 3 6 9 18 36 72 144 153 154 307 614 b
1 2 3 6 9 18 36 72 144 153 306 307 614 b
1 2 3 6 9 18 36 72 144 153 306 308 614 b
1 2 3 6 9 18 36 72 144 153 306 612 614 b
1 2 3 6 9 18 36 72 144 162 163 307 614 b
1 2 3 6 9 18 36 72 144 162 306 307 614 b
1 2 3 6 9 18 36 72 144 162 306 308 614 b
1 2 3 6 9 18 36 72 144 162 306 612 614 b
1 2 3 6 9 18 36 72 144 288 289 307 614 b
1 2 3 6 9 18 36 72 144 288 289 325 614 b
1 2 3 6 9 18 36 72 144 288 289 578 614 b
1 2 3 6 9 18 36 72 144 288 290 324 614 a
1 2 3 6 9 18 36 72 144 288 290 326 614 b
1 2 3 6 9 18 36 72 144 288 290 578 614 b
1 2 3 6 9 18 36 72 144 288 306 307 614 b
1 2 3 6 9 18 36 72 144 288 306 308 614 b
1 2 3 6 9 18 36 72 144 288 306 612 614 b
1 2 3 6 9 18 36 72 144 288 324 326 614 b
1 2 3 6 9 18 36 72 144 288 324 612 614 b
1 2 3 6 9 18 36 72 144 288 576 578 614 b
1 2 3 6 9 18 36 72 144 288 576 612 614 b
1 2 3 6 12 13 19 38 76 152 155 307 614 b
1 2 3 6 12 13 19 38 76 152 304 307 614 b
1 2 3 6 12 13 19 38 76 152 304 310 614 b
1 2 3 6 12 13 19 38 76 152 304 608 614 b
1 2 3 6 12 13 25 38 76 152 155 307 614 b
1 2 3 6 12 13 25 38 76 152 304 307 614 b
1 2 3 6 12 13 25 38 76 152 304 310 614 b
1 2 3 6 12 13 25 38 76 152 304 608 614 b
1 2 3 6 12 13 26 38 76 152 155 307 614 b
1 2 3 6 12 13 26 38 76 152 304 307 614 b
1 2 3 6 12 13 26 38 76 152 304 310 614 b
1 2 3 6 12 13 26 38 76 152 304 608 614 b
1 2 3 6 12 14 24 38 76 152 155 307 614 a
1 2 3 6 12 14 24 38 76 152 304 307 614 a
1 2 3 6 12 14 24 38 76 152 304 310 614 a
1 2 3 6 12 14 24 38 76 152 304 608 614 a
1 2 3 6 12 14 26 38 76 152 155 307 614 b
1 2 3 6 12 14 26 38 76 152 304 307 614 b
1 2 3 6 12 14 26 38 76 152 304 310 614 b
1 2 3 6 12 14 26 38 76 152 304 608 614 b
1 2 3 6 12 18 19 36 72 144 163 307 614 a
1 2 3 6 12 18 19 36 72 144 288 307 614 a
1 2 3 6 12 18 19 38 76 152 155 307 614 b
1 2 3 6 12 18 19 38 76 152 304 307 614 b
1 2 3 6 12 18 19 38 76 152 304 310 614 b
1 2 3 6 12 18 19 38 76 152 304 608 614 b
1 2 3 6 12 18 20 38 76 152 155 307 614 b
1 2 3 6 12 18 20 38 76 152 304 307 614 b
1 2 3 6 12 18 20 38 76 152 304 310 614 b
1 2 3 6 12 18 20 38 76 152 304 608 614 b
1 2 3 6 12 18 36 38 72 144 288 326 614 a
1 2 3 6 12 18 36 38 72 144 288 576 614 a
1 2 3 6 12 18 36 38 76 152 155 307 614 b
1 2 3 6 12 18 36 38 76 152 304 307 614 b
1 2 3 6 12 18 36 38 76 152 304 310 614 b
1 2 3 6 12 18 36 38 76 152 304 608 614 b
1 2 3 6 12 18 36 72 144 145 162 307 614 a
1 2 3 6 12 18 36 72 144 145 163 307 614 b
1 2 3 6 12 18 36 72 144 145 289 307 614 b
1 2 3 6 12 18 36 72 144 145 289 325 614 b
1 2 3 6 12 18 36 72 144 145 289 578 614 b
1 2 3 6 12 18 36 72 144 162 163 307 614 b
1 2 3 6 12 18 36 72 144 162 306 307 614 b
1 2 3 6 12 18 36 72 144 162 306 308 614 b
1 2 3 6 12 18 36 72 144 162 306 612 614 b
1 2 3 6 12 18 36 72 144 288 289 307 614 b
1 2 3 6 12 18 36 72 144 288 289 325 614 b
1 2 3 6 12 18 36 72 144 288 289 578 614 b
1 2 3 6 12 18 36 72 144 288 290 324 614 a
1 2 3 6 12 18 36 72 144 288 290 326 614 b
1 2 3 6 12 18 36 72 144 288 290 578 614 b
1 2 3 6 12 18 36 72 144 288 306 307 614 b
1 2 3 6 12 18 36 72 144 288 306 308 614 b
1 2 3 6 12 18 36 72 144 288 306 612 614 b
1 2 3 6 12 18 36 72 144 288 324 326 614 b
1 2 3 6 12 18 36 72 144 288 324 612 614 b
1 2 3 6 12 18 36 72 144 288 576 578 614 b
1 2 3 6 12 18 36 72 144 288 576 612 614 b
1 2 3 6 12 24 26 38 76 152 155 307 614 b
1 2 3 6 12 24 26 38 76 152 304 307 614 b
1 2 3 6 12 24 26 38 76 152 304 310 614 b
1 2 3 6 12 24 26 38 76 152 304 608 614 b
1 2 3 6 12 24 26 50 76 152 155 307 614 b
1 2 3 6 12 24 26 50 76 152 304 307 614 b
1 2 3 6 12 24 26 50 76 152 304 310 614 b
1 2 3 6 12 24 26 50 76 152 304 608 614 b
1 2 3 6 12 24 26 52 76 152 155 307 614 b
1 2 3 6 12 24 26 52 76 152 304 307 614 b
1 2 3 6 12 24 26 52 76 152 304 310 614 b
1 2 3 6 12 24 26 52 76 152 304 608 614 b
1 2 3 6 12 24 27 51 102 103 204 307 614 a
1 2 3 6 12 24 27 51 102 103 205 307 614 b
1 2 3 6 12 24 27 51 102 153 154 307 614 b
1 2 3 6 12 24 27 51 102 153 306 307 614 b
1 2 3 6 12 24 27 51 102 153 306 308 614 b
1 2 3 6 12 24 27 51 102 153 306 612 614 b
1 2 3 6 12 24 27 51 102 204 205 307 614 b
1 2 3 6 12 24 27 51 102 204 205 409 614 b
1 2 3 6 12 24 27 51 102 204 205 410 614 b
1 2 3 6 12 24 27 51 102 204 206 408 614 a
1 2 3 6 12 24 27 51 102 204 206 410 614 b
1 2 3 6 12 24 27 51 102 204 306 307 614 b
1 2 3 6 12 24 27 51 102 204 306 308 614 b
1 2 3 6 12 24 27 51 102 204 306 612 614 b
1 2 3 6 12 24 27 51 102 204 408 410 614 b
1 2 3 6 12 24 27 51 102 204 408 612 614 b
1 2 3 6 12 24 36 38 72 144 288 326 614 a
1 2 3 6 12 24 36 38 72 144 288 576 614 a
1 2 3 6 12 24 36 38 76 152 155 307 614 b
1 2 3 6 12 24 36 38 76 152 304 307 614 b
1 2 3 6 12 24 36 38 76 152 304 310 614 b
1 2 3 6 12 24 36 38 76 152 304 608 614 b
1 2 3 6 12 24 36 72 144 145 289 325 614 b
1 2 3 6 12 24 36 72 144 145 289 578 614 b
1 2 3 6 12 24 36 72 144 288 289 325 614 b
1 2 3 6 12 24 36 72 144 288 289 578 614 b
1 2 3 6 12 24 36 72 144 288 290 324 614 a
1 2 3 6 12 24 36 72 144 288 290 326 614 b
1 2 3 6 12 24 36 72 144 288 290 578 614 b
1 2 3 6 12 24 36 72 144 288 324 326 614 b
1 2 3 6 12 24 36 72 144 288 324 612 614 b
1 2 3 6 12 24 36 72 144 288 576 578 614 b
1 2 3 6 12 24 36 72 144 288 576 612 614 b
1 2 3 6 12 24 48 51 102 103 204 307 614 a
1 2 3 6 12 24 48 51 102 103 205 307 614 b
1 2 3 6 12 24 48 51 102 153 154 307 614 b
1 2 3 6 12 24 48 51 102 153 306 307 614 b
1 2 3 6 12 24 48 51 102 153 306 308 614 b
1 2 3 6 12 24 48 51 102 153 306 612 614 b
1 2 3 6 12 24 48 51 102 204 205 307 614 b
1 2 3 6 12 24 48 51 102 204 205 409 614 b
1 2 3 6 12 24 48 51 102 204 205 410 614 b
1 2 3 6 12 24 48 51 102 204 206 408 614 a
1 2 3 6 12 24 48 51 102 204 206 410 614 b
1 2 3 6 12 24 48 51 102 204 306 307 614 b
1 2 3 6 12 24 48 51 102 204 306 308 614 b
1 2 3 6 12 24 48 51 102 204 306 612 614 b
1 2 3 6 12 24 48 51 102 204 408 410 614 b
1 2 3 6 12 24 48 51 102 204 408 612 614 b
1 2 3 6 12 24 48 54 102 103 204 307 614 a
1 2 3 6 12 24 48 54 102 103 205 307 614 b
1 2 3 6 12 24 48 54 102 204 205 307 614 b
1 2 3 6 12 24 48 54 102 204 205 409 614 b
1 2 3 6 12 24 48 54 102 204 205 410 614 b
1 2 3 6 12 24 48 54 102 204 206 408 614 a
1 2 3 6 12 24 48 54 102 204 206 410 614 b
1 2 3 6 12 24 48 54 102 204 306 307 614 b
1 2 3 6 12 24 48 54 102 204 306 308 614 b
1 2 3 6 12 24 48 54 102 204 306 612 614 b
1 2 3 6 12 24 48 54 102 204 408 410 614 b
1 2 3 6 12 24 48 54 102 204 408 612 614 b
1 2 3 6 12 24 48 96 102 103 204 307 614 a
1 2 3 6 12 24 48 96 102 103 205 307 614 b
1 2 3 6 12 24 48 96 102 204 205 307 614 b
1 2 3 6 12 24 48 96 102 204 205 409 614 b
1 2 3 6 12 24 48 96 102 204 205 410 614 b
1 2 3 6 12 24 48 96 102 204 206 408 614 a
1 2 3 6 12 24 48 96 102 204 206 410 614 b
1 2 3 6 12 24 48 96 102 204 306 307 614 b
1 2 3 6 12 24 48 96 102 204 306 308 614 b
1 2 3 6 12 24 48 96 102 204 306 612 614 b
1 2 3 6 12 24 48 96 102 204 408 410 614 b
1 2 3 6 12 24 48 96 102 204 408 612 614 b
1 2 3 6 12 24 48 96 108 204 205 409 614 b
1 2 3 6 12 24 48 96 108 204 205 410 614 b
1 2 3 6 12 24 48 96 108 204 206 408 614 a
1 2 3 6 12 24 48 96 108 204 206 410 614 b
1 2 3 6 12 24 48 96 108 204 408 410 614 b
1 2 3 6 12 24 48 96 108 204 408 612 614 b
1 2 3 6 12 24 48 96 192 204 205 409 614 b
1 2 3 6 12 24 48 96 192 204 205 410 614 b
1 2 3 6 12 24 48 96 192 204 206 408 614 a
1 2 3 6 12 24 48 96 192 204 206 410 614 b
1 2 3 6 12 24 48 96 192 204 408 410 614 b
1 2 3 6 12 24 48 96 192 204 408 612 614 b
1 2 4 5 9 14 28 56 65 121 186 307 614 b
1 2 4 5 9 14 28 56 65 121 242 307 614 b
1 2 4 5 9 18 19 36 72 144 163 307 614 a
1 2 4 5 9 18 19 36 72 144 288 307 614 a
1 2 4 5 9 18 36 38 72 144 288 326 614 a
1 2 4 5 9 18 36 38 72 144 288 576 614 a
1 2 4 5 9 18 36 72 77 149 158 307 614 b
1 2 4 5 9 18 36 72 77 149 298 307 614 b
1 2 4 5 9 18 36 72 77 149 298 316 614 b
1 2 4 5 9 18 36 72 77 149 298 596 614 b
1 2 4 5 9 18 36 72 81 153 154 307 614 b
1 2 4 5 9 18 36 72 81 153 306 307 614 b
1 2 4 5 9 18 36 72 81 153 306 308 614 b
1 2 4 5 9 18 36 72 81 153 306 612 614 b
1 2 4 5 9 18 36 72 144 145 162 307 614 a
1 2 4 5 9 18 36 72 144 145 163 307 614 b
1 2 4 5 9 18 36 72 144 145 289 307 614 b
1 2 4 5 9 18 36 72 144 145 289 325 614 b
1 2 4 5 9 18 36 72 144 145 289 578 614 b
1 2 4 5 9 18 36 72 144 149 158 307 614 b
1 2 4 5 9 18 36 72 144 149 298 307 614 b
1 2 4 5 9 18 36 72 144 149 298 316 614 b
1 2 4 5 9 18 36 72 144 149 298 596 614 b
1 2 4 5 9 18 36 72 144 153 154 307 614 b
1 2 4 5 9 18 36 72 144 153 306 307 614 b
1 2 4 5 9 18 36 72 144 153 306 308 614 b
1 2 4 5 9 18 36 72 144 153 306 612 614 b
1 2 4 5 9 18 36 72 144 162 163 307 614 b
1 2 4 5 9 18 36 72 144 162 306 307 614 b
1 2 4 5 9 18 36 72 144 162 306 308 614 b
1 2 4 5 9 18 36 72 144 162 306 612 614 b
1 2 4 5 9 18 36 72 144 288 289 307 614 b
1 2 4 5 9 18 36 72 144 288 289 325 614 b
1 2 4 5 9 18 36 72 144 288 289 578 614 b
1 2 4 5 9 18 36 72 144 288 290 324 614 a
1 2 4 5 9 18 36 72 144 288 290 326 614 b
1 2 4 5 9 18 36 72 144 288 290 578 614 b
1 2 4 5 9 18 36 72 144 288 306 307 614 b
1 2 4 5 9 18 36 72 144 288 306 308 614 b
1 2 4 5 9 18 36 72 144 288 306 612 614 b
1 2 4 5 9 18 36 72 144 288 324 326 614 b
1 2 4 5 9 18 36 72 144 288 324 612 614 b
1 2 4 5 9 18 36 72 144 288 576 578 614 b
1 2 4 5 9 18 36 72 144 288 576 612 614 b
1 2 4 6 7 12 19 38 76 152 304 310 614 a
1 2 4 6 7 12 19 38 76 152 304 608 614 a
1 2 4 6 7 13 19 38 76 152 304 310 614 b
1 2 4 6 7 13 19 38 76 152 304 608 614 b
1 2 4 6 8 16 22 38 76 152 304 310 614 b
1 2 4 6 8 16 22 38 76 152 304 608 614 b
1 2 4 6 8 16 32 38 76 152 304 310 614 b
1 2 4 6 8 16 32 38 76 152 304 608 614 b
1 2 4 6 10 14 24 38 76 152 304 310 614 b
1 2 4 6 10 14 24 38 76 152 304 608 614 b
1 2 4 6 10 14 28 38 76 152 304 310 614 b
1 2 4 6 10 14 28 38 76 152 304 608 614 b
1 2 4 6 10 16 22 38 76 152 304 310 614 b
1 2 4 6 10 16 22 38 76 152 304 608 614 b
1 2 4 6 10 16 32 38 76 152 304 310 614 b
1 2 4 6 10 16 32 38 76 152 304 608 614 b
1 2 4 6 10 20 40 46 86 132 264 350 614 b
1 2 4 6 10 20 40 46 86 132 264 528 614 b
1 2 4 6 12 13 19 38 76 152 304 310 614 b
1 2 4 6 12 13 19 38 76 152 304 608 614 b
1 2 4 6 12 13 25 38 76 152 304 310 614 b
1 2 4 6 12 13 25 38 76 152 304 608 614 b
1 2 4 6 12 13 26 38 76 152 304 310 614 b
1 2 4 6 12 13 26 38 76 152 304 608 614 b
1 2 4 6 12 14 24 38 76 152 304 310 614 a
1 2 4 6 12 14 24 38 76 152 304 608 614 a
1 2 4 6 12 14 26 38 76 152 304 310 614 b
1 2 4 6 12 14 26 38 76 152 304 608 614 b
1 2 4 6 12 16 22 38 76 152 304 310 614 b
1 2 4 6 12 16 22 38 76 152 304 608 614 b
1 2 4 6 12 16 32 38 76 152 304 310 614 b
1 2 4 6 12 16 32 38 76 152 304 608 614 b
1 2 4 6 12 16 32 44 76 152 304 310 614 b
1 2 4 6 12 16 32 44 76 152 304 608 614 b
1 2 4 6 12 16 32 64 76 152 304 310 614 b
1 2 4 6 12 16 32 64 76 152 304 608 614 b
1 2 4 6 12 18 19 36 72 144 163 307 614 a
1 2 4 6 12 18 19 36 72 144 288 307 614 a
1 2 4 6 12 18 19 38 76 152 304 310 614 b
1 2 4 6 12 18 19 38 76 152 304 608 614 b
1 2 4 6 12 18 20 38 76 152 304 310 614 b
1 2 4 6 12 18 20 38 76 152 304 608 614 b
1 2 4 6 12 18 36 38 72 144 288 326 614 a
1 2 4 6 12 18 36 38 72 144 288 576 614 a
1 2 4 6 12 18 36 38 76 152 304 310 614 b
1 2 4 6 12 18 36 38 76 152 304 608 614 b
1 2 4 6 12 18 36 40 76 152 304 310 614 b
1 2 4 6 12 18 36 40 76 152 304 608 614 b
1 2 4 6 12 18 36 72 76 152 304 310 614 b
1 2 4 6 12 18 36 72 76 152 304 608 614 b
1 2 4 6 12 18 36 72 144 145 162 307 614 a
1 2 4 6 12 18 36 72 144 145 163 307 614 b
1 2 4 6 12 18 36 72 144 145 289 307 614 b
1 2 4 6 12 18 36 72 144 145 289 325 614 b
1 2 4 6 12 18 36 72 144 145 289 578 614 b
1 2 4 6 12 18 36 72 144 162 163 307 614 b
1 2 4 6 12 18 36 72 144 162 306 307 614 b
1 2 4 6 12 18 36 72 144 162 306 308 614 b
1 2 4 6 12 18 36 72 144 162 306 612 614 b
1 2 4 6 12 18 36 72 144 288 289 307 614 b
1 2 4 6 12 18 36 72 144 288 289 325 614 b
1 2 4 6 12 18 36 72 144 288 289 578 614 b
1 2 4 6 12 18 36 72 144 288 290 324 614 a
1 2 4 6 12 18 36 72 144 288 290 326 614 b
1 2 4 6 12 18 36 72 144 288 290 578 614 b
1 2 4 6 12 18 36 72 144 288 306 307 614 b
1 2 4 6 12 18 36 72 144 288 306 308 614 b
1 2 4 6 12 18 36 72 144 288 306 612 614 b
1 2 4 6 12 18 36 72 144 288 324 326 614 b
1 2 4 6 12 18 36 72 144 288 324 612 614 b
1 2 4 6 12 18 36 72 144 288 576 578 614 b
1 2 4 6 12 18 36 72 144 288 576 612 614 b
1 2 4 6 12 24 26 38 76 152 304 310 614 b
1 2 4 6 12 24 26 38 76 152 304 608 614 b
1 2 4 6 12 24 26 50 76 152 304 310 614 b
1 2 4 6 12 24 26 50 76 152 304 608 614 b
1 2 4 6 12 24 26 52 76 152 304 310 614 b
1 2 4 6 12 24 26 52 76 152 304 608 614 b
1 2 4 6 12 24 28 48 76 152 304 310 614 a
1 2 4 6 12 24 28 48 76 152 304 608 614 a
1 2 4 6 12 24 28 52 76 152 304 310 614 b
1 2 4 6 12 24 28 52 76 152 304 608 614 b
1 2 4 6 12 24 36 38 72 144 288 326 614 a
1 2 4 6 12 24 36 38 72 144 288 576 614 a
1 2 4 6 12 24 36 38 76 152 304 310 614 b
1 2 4 6 12 24 36 38 76 152 304 608 614 b
1 2 4 6 12 24 36 40 76 152 304 310 614 b
1 2 4 6 12 24 36 40 76 152 304 608 614 b
1 2 4 6 12 24 36 72 76 152 304 310 614 b
1 2 4 6 12 24 36 72 76 152 304 608 614 b
1 2 4 6 12 24 36 72 144 145 289 325 614 b
1 2 4 6 12 24 36 72 144 145 289 578 614 b
1 2 4 6 12 24 36 72 144 288 289 325 614 b
1 2 4 6 12 24 36 72 144 288 289 578 614 b
1 2 4 6 12 24 36 72 144 288 290 324 614 a
1 2 4 6 12 24 36 72 144 288 290 326 614 b
1 2 4 6 12 24 36 72 144 288 290 578 614 b
1 2 4 6 12 24 36 72 144 288 324 326 614 b
1 2 4 6 12 24 36 72 144 288 324 612 614 b
1 2 4 6 12 24 36 72 144 288 576 578 614 b
1 2 4 6 12 24 36 72 144 288 576 612 614 b
1 2 4 6 12 24 48 52 76 152 304 310 614 b
1 2 4 6 12 24 48 52 76 152 304 608 614 b
1 2 4 6 12 24 48 52 100 152 304 310 614 b
1 2 4 6 12 24 48 52 100 152 304 608 614 b
1 2 4 6 12 24 48 52 104 152 304 310 614 b
1 2 4 6 12 24 48 52 104 152 304 608 614 b
1 2 4 6 12 24 48 54 102 103 204 307 614 a
1 2 4 6 12 24 48 54 102 103 205 307 614 b
1 2 4 6 12 24 48 54 102 204 205 307 614 b
1 2 4 6 12 24 48 54 102 204 205 409 614 b
1 2 4 6 12 24 48 54 102 204 205 410 614 b
1 2 4 6 12 24 48 54 102 204 206 408 614 a
1 2 4 6 12 24 48 54 102 204 206 410 614 b
1 2 4 6 12 24 48 54 102 204 306 307 614 b
1 2 4 6 12 24 48 54 102 204 306 308 614 b
1 2 4 6 12 24 48 54 102 204 306 612 614 b
1 2 4 6 12 24 48 54 102 204 408 410 614 b
1 2 4 6 12 24 48 54 102 204 408 612 614 b
1 2 4 6 12 24 48 72 76 152 304 310 614 b
1 2 4 6 12 24 48 72 76 152 304 608 614 b
1 2 4 6 12 24 48 96 102 103 204 307 614 a
1 2 4 6 12 24 48 96 102 103 205 307 614 b
1 2 4 6 12 24 48 96 102 204 205 307 614 b
1 2 4 6 12 24 48 96 102 204 205 409 614 b
1 2 4 6 12 24 48 96 102 204 205 410 614 b
1 2 4 6 12 24 48 96 102 204 206 408 614 a
1 2 4 6 12 24 48 96 102 204 206 410 614 b
1 2 4 6 12 24 48 96 102 204 306 307 614 b
1 2 4 6 12 24 48 96 102 204 306 308 614 b
1 2 4 6 12 24 48 96 102 204 306 612 614 b
1 2 4 6 12 24 48 96 102 204 408 410 614 b
1 2 4 6 12 24 48 96 102 204 408 612 614 b
1 2 4 6 12 24 48 96 108 204 205 409 614 b
1 2 4 6 12 24 48 96 108 204 205 410 614 b
1 2 4 6 12 24 48 96 108 204 206 408 614 a
1 2 4 6 12 24 48 96 108 204 206 410 614 b
1 2 4 6 12 24 48 96 108 204 408 410 614 b
1 2 4 6 12 24 48 96 108 204 408 612 614 b
1 2 4 6 12 24 48 96 192 204 205 409 614 b
1 2 4 6 12 24 48 96 192 204 205 410 614 b
1 2 4 6 12 24 48 96 192 204 206 408 614 a
1 2 4 6 12 24 48 96 192 204 206 410 614 b
1 2 4 6 12 24 48 96 192 204 408 410 614 b
1 2 4 6 12 24 48 96 192 204 408 612 614 b
1 2 4 8 9 17 19 36 72 144 163 307 614 b
1 2 4 8 9 17 19 36 72 144 288 307 614 b
1 2 4 8 9 17 34 35 68 136 171 307 614 a
1 2 4 8 9 17 34 35 68 136 272 307 614 a
1 2 4 8 9 17 34 38 72 144 288 326 614 b
1 2 4 8 9 17 34 38 72 144 288 576 614 b
1 2 4 8 9 17 34 51 102 103 204 307 614 a
1 2 4 8 9 17 34 51 102 103 205 307 614 b
1 2 4 8 9 17 34 51 102 153 154 307 614 b
1 2 4 8 9 17 34 51 102 153 306 307 614 b
1 2 4 8 9 17 34 51 102 153 306 308 614 b
1 2 4 8 9 17 34 51 102 153 306 612 614 b
1 2 4 8 9 17 34 51 102 204 205 307 614 b
1 2 4 8 9 17 34 51 102 204 205 409 614 b
1 2 4 8 9 17 34 51 102 204 205 410 614 b
1 2 4 8 9 17 34 51 102 204 206 408 614 a
1 2 4 8 9 17 34 51 102 204 206 410 614 b
1 2 4 8 9 17 34 51 102 204 306 307 614 b
1 2 4 8 9 17 34 51 102 204 306 308 614 b
1 2 4 8 9 17 34 51 102 204 306 612 614 b
1 2 4 8 9 17 34 51 102 204 408 410 614 b
1 2 4 8 9 17 34 51 102 204 408 612 614 b
1 2 4 8 9 17 34 68 70 136 272 342 614 a
1 2 4 8 9 17 34 68 70 136 272 544 614 a
1 2 4 8 9 17 34 68 77 145 162 307 614 b
1 2 4 8 9 17 34 68 77 145 290 307 614 b
1 2 4 8 9 17 34 68 77 145 290 324 614 b
1 2 4 8 9 17 34 68 77 145 290 580 614 b
1 2 4 8 9 17 34 68 85 153 154 307 614 b
1 2 4 8 9 17 34 68 85 153 306 307 614 b
1 2 4 8 9 17 34 68 85 153 306 308 614 b
1 2 4 8 9 17 34 68 85 153 306 612 614 b
1 2 4 8 9 17 34 68 102 103 204 307 614 a
1 2 4 8 9 17 34 68 102 103 205 307 614 b
1 2 4 8 9 17 34 68 102 204 205 307 614 b
1 2 4 8 9 17 34 68 102 204 205 409 614 b
1 2 4 8 9 17 34 68 102 204 205 410 614 b
1 2 4 8 9 17 34 68 102 204 206 408 614 a
1 2 4 8 9 17 34 68 102 204 206 410 614 b
1 2 4 8 9 17 34 68 102 204 306 307 614 b
1 2 4 8 9 17 34 68 102 204 306 308 614 b
1 2 4 8 9 17 34 68 102 204 306 612 614 b
1 2 4 8 9 17 34 68 102 204 408 410 614 b
1 2 4 8 9 17 34 68 102 204 408 612 614 b
1 2 4 8 9 17 34 68 136 137 170 307 614 a
1 2 4 8 9 17 34 68 136 137 171 307 614 b
1 2 4 8 9 17 34 68 136 137 273 307 614 b
1 2 4 8 9 17 34 68 136 137 273 341 614 b
1 2 4 8 9 17 34 68 136 137 273 546 614 b
1 2 4 8 9 17 34 68 136 145 162 307 614 b
1 2 4 8 9 17 34 68 136 145 290 307 614 b
1 2 4 8 9 17 34 68 136 145 290 324 614 b
1 2 4 8 9 17 34 68 136 145 290 580 614 b
1 2 4 8 9 17 34 68 136 153 154 307 614 b
1 2 4 8 9 17 34 68 136 153 306 307 614 b
1 2 4 8 9 17 34 68 136 153 306 308 614 b
1 2 4 8 9 17 34 68 136 153 306 612 614 b
1 2 4 8 9 17 34 68 136 170 171 307 614 b
1 2 4 8 9 17 34 68 136 170 306 307 614 b
1 2 4 8 9 17 34 68 136 170 306 308 614 b
1 2 4 8 9 17 34 68 136 170 306 612 614 b
1 2 4 8 9 17 34 68 136 204 205 409 614 b
1 2 4 8 9 17 34 68 136 204 205 410 614 b
1 2 4 8 9 17 34 68 136 204 206 408 614 a
1 2 4 8 9 17 34 68 136 204 206 410 614 b
1 2 4 8 9 17 34 68 136 204 408 410 614 b
1 2 4 8 9 17 34 68 136 204 408 612 614 b
1 2 4 8 9 17 34 68 136 272 273 307 614 b
1 2 4 8 9 17 34 68 136 272 273 341 614 b
1 2 4 8 9 17 34 68 136 272 273 546 614 b
1 2 4 8 9 17 34 68 136 272 274 340 614 a
1 2 4 8 9 17 34 68 136 272 274 342 614 b
1 2 4 8 9 17 34 68 136 272 274 546 614 b
1 2 4 8 9 17 34 68 136 272 306 307 614 b
1 2 4 8 9 17 34 68 136 272 306 308 614 b
1 2 4 8 9 17 34 68 136 272 306 612 614 b
1 2 4 8 9 17 34 68 136 272 340 342 614 b
1 2 4 8 9 17 34 68 136 272 340 612 614 b
1 2 4 8 9 17 34 68 136 272 544 546 614 b
1 2 4 8 9 17 34 68 136 272 544 612 614 b
1 2 4 8 9 18 19 36 72 144 163 307 614 a
1 2 4 8 9 18 19 36 72 144 288 307 614 a
1 2 4 8 9 18 27 35 70 140 167 307 614 b
1 2 4 8 9 18 27 35 70 140 280 307 614 b
1 2 4 8 9 18 36 38 72 144 288 326 614 a
1 2 4 8 9 18 36 38 72 144 288 576 614 a
1 2 4 8 9 18 36 72 81 153 154 307 614 b
1 2 4 8 9 18 36 72 81 153 306 307 614 b
1 2 4 8 9 18 36 72 81 153 306 308 614 b
1 2 4 8 9 18 36 72 81 153 306 612 614 b
1 2 4 8 9 18 36 72 144 145 162 307 614 a
1 2 4 8 9 18 36 72 144 145 163 307 614 b
1 2 4 8 9 18 36 72 144 145 289 307 614 b
1 2 4 8 9 18 36 72 144 145 289 325 614 b
1 2 4 8 9 18 36 72 144 145 289 578 614 b
1 2 4 8 9 18 36 72 144 153 154 307 614 b
1 2 4 8 9 18 36 72 144 153 306 307 614 b
1 2 4 8 9 18 36 72 144 153 306 308 614 b
1 2 4 8 9 18 36 72 144 153 306 612 614 b
1 2 4 8 9 18 36 72 144 162 163 307 614 b
1 2 4 8 9 18 36 72 144 162 306 307 614 b
1 2 4 8 9 18 36 72 144 162 306 308 614 b
1 2 4 8 9 18 36 72 144 162 306 612 614 b
1 2 4 8 9 18 36 72 144 288 289 307 614 b
1 2 4 8 9 18 36 72 144 288 289 325 614 b
1 2 4 8 9 18 36 72 144 288 289 578 614 b
1 2 4 8 9 18 36 72 144 288 290 324 614 a
1 2 4 8 9 18 36 72 144 288 290 326 614 b
1 2 4 8 9 18 36 72 144 288 290 578 614 b
1 2 4 8 9 18 36 72 144 288 306 307 614 b
1 2 4 8 9 18 36 72 144 288 306 308 614 b
1 2 4 8 9 18 36 72 144 288 306 612 614 b
1 2 4 8 9 18 36 72 144 288 324 326 614 b
1 2 4 8 9 18 36 72 144 288 324 612 614 b
1 2 4 8 9 18 36 72 144 288 576 578 614 b
1 2 4 8 9 18 36 72 144 288 576 612 614 b
1 2 4 8 10 18 19 36 72 144 163 307 614 a
1 2 4 8 10 18 19 36 72 144 288 307 614 a
1 2 4 8 10 18 28 56 112 130 242 372 614 b
1 2 4 8 10 18 28 56 112 130 242 484 614 b
1 2 4 8 10 18 36 38 72 144 288 326 614 a
1 2 4 8 10 18 36 38 72 144 288 576 614 a
1 2 4 8 10 18 36 72 144 145 162 307 614 a
1 2 4 8 10 18 36 72 144 145 163 307 614 b
1 2 4 8 10 18 36 72 144 145 289 307 614 b
1 2 4 8 10 18 36 72 144 145 289 325 614 b
1 2 4 8 10 18 36 72 144 145 289 578 614 b
1 2 4 8 10 18 36 72 144 154 298 316 614 b
1 2 4 8 10 18 36 72 144 154 298 596 614 b
1 2 4 8 10 18 36 72 144 162 163 307 614 b
1 2 4 8 10 18 36 72 144 162 306 307 614 b
1 2 4 8 10 18 36 72 144 162 306 308 614 b
1 2 4 8 10 18 36 72 144 162 306 612 614 b
1 2 4 8 10 18 36 72 144 288 289 307 614 b
1 2 4 8 10 18 36 72 144 288 289 325 614 b
1 2 4 8 10 18 36 72 144 288 289 578 614 b
1 2 4 8 10 18 36 72 144 288 290 324 614 a
1 2 4 8 10 18 36 72 144 288 290 326 614 b
1 2 4 8 10 18 36 72 144 288 290 578 614 b
1 2 4 8 10 18 36 72 144 288 298 316 614 b
1 2 4 8 10 18 36 72 144 288 298 596 614 b
1 2 4 8 10 18 36 72 144 288 306 307 614 b
1 2 4 8 10 18 36 72 144 288 306 308 614 b
1 2 4 8 10 18 36 72 144 288 306 612 614 b
1 2 4 8 10 18 36 72 144 288 324 326 614 b
1 2 4 8 10 18 36 72 144 288 324 612 614 b
1 2 4 8 10 18 36 72 144 288 576 578 614 b
1 2 4 8 10 18 36 72 144 288 576 612 614 b
1 2 4 8 12 24 36 38 72 144 288 326 614 a
1 2 4 8 12 24 36 38 72 144 288 576 614 a
1 2 4 8 12 24 36 72 144 145 289 325 614 b
1 2 4 8 12 24 36 72 144 145 289 578 614 b
1 2 4 8 12 24 36 72 144 288 289 325 614 b
1 2 4 8 12 24 36 72 144 288 289 578 614 b
1 2 4 8 12 24 36 72 144 288 290 324 614 a
1 2 4 8 12 24 36 72 144 288 290 326 614 b
1 2 4 8 12 24 36 72 144 288 290 578 614 b
1 2 4 8 12 24 36 72 144 288 324 326 614 b
1 2 4 8 12 24 36 72 144 288 324 612 614 b
1 2 4 8 12 24 36 72 144 288 576 578 614 b
1 2 4 8 12 24 36 72 144 288 576 612 614 b
1 2 4 8 12 24 48 49 97 105 202 307 614 b
1 2 4 8 12 24 48 49 97 105 210 307 614 b
1 2 4 8 12 24 48 96 97 105 202 307 614 b
1 2 4 8 12 24 48 96 97 105 210 307 614 b
1 2 4 8 12 24 48 96 108 204 205 409 614 b
1 2 4 8 12 24 48 96 108 204 205 410 614 b
1 2 4 8 12 24 48 96 108 204 206 408 614 a
1 2 4 8 12 24 48 96 108 204 206 410 614 b
1 2 4 8 12 24 48 96 108 204 408 410 614 b
1 2 4 8 12 24 48 96 108 204 408 612 614 b
1 2 4 8 12 24 48 96 192 204 205 409 614 b
1 2 4 8 12 24 48 96 192 204 205 410 614 b
1 2 4 8 12 24 48 96 192 204 206 408 614 a
1 2 4 8 12 24 48 96 192 204 206 410 614 b
1 2 4 8 12 24 48 96 192 204 408 410 614 b
1 2 4 8 12 24 48 96 192 204 408 612 614 b
1 2 4 8 16 17 19 36 72 144 163 307 614 b
1 2 4 8 16 17 19 36 72 144 288 307 614 b
1 2 4 8 16 17 32 49 81 113 194 307 614 a
1 2 4 8 16 17 32 49 81 113 226 307 614 a
1 2 4 8 16 17 32 64 81 113 194 307 614 a
1 2 4 8 16 17 32 64 81 113 226 307 614 a
1 2 4 8 16 17 32 64 81 145 162 307 614 a
1 2 4 8 16 17 32 64 81 145 226 307 614 a
1 2 4 8 16 17 32 64 81 145 290 307 614 a
1 2 4 8 16 17 32 64 81 162 226 307 614 a
1 2 4 8 16 17 32 64 81 162 226 388 614 a
1 2 4 8 16 17 32 64 81 162 226 452 614 a
1 2 4 8 16 17 32 64 81 162 243 307 614 a
1 2 4 8 16 17 32 64 128 145 162 307 614 a
1 2 4 8 16 17 32 64 128 145 290 307 614 a
1 2 4 8 16 17 33 35 68 136 171 307 614 b
1 2 4 8 16 17 33 35 68 136 272 307 614 b
1 2 4 8 16 17 33 66 70 136 272 342 614 b
1 2 4 8 16 17 33 66 70 136 272 544 614 b
1 2 4 8 16 17 34 35 68 136 171 307 614 a
1 2 4 8 16 17 34 35 68 136 272 307 614 a
1 2 4 8 16 17 34 38 72 144 288 326 614 b
1 2 4 8 16 17 34 38 72 144 288 576 614 b
1 2 4 8 16 17 34 51 102 103 204 307 614 a
1 2 4 8 16 17 34 51 102 103 205 307 614 b
1 2 4 8 16 17 34 51 102 153 154 307 614 b
1 2 4 8 16 17 34 51 102 153 306 307 614 b
1 2 4 8 16 17 34 51 102 153 306 308 614 b
1 2 4 8 16 17 34 51 102 153 306 612 614 b
1 2 4 8 16 17 34 51 102 204 205 307 614 b
1 2 4 8 16 17 34 51 102 204 205 409 614 b
1 2 4 8 16 17 34 51 102 204 205 410 614 b
1 2 4 8 16 17 34 51 102 204 206 408 614 a
1 2 4 8 16 17 34 51 102 204 206 410 614 b
1 2 4 8 16 17 34 51 102 204 306 307 614 b
1 2 4 8 16 17 34 51 102 204 306 308 614 b
1 2 4 8 16 17 34 51 102 204 306 612 614 b
1 2 4 8 16 17 34 51 102 204 408 410 614 b
1 2 4 8 16 17 34 51 102 204 408 612 614 b
1 2 4 8 16 17 34 68 70 136 272 342 614 a
1 2 4 8 16 17 34 68 70 136 272 544 614 a
1 2 4 8 16 17 34 68 85 153 154 307 614 b
1 2 4 8 16 17 34 68 85 153 306 307 614 b
1 2 4 8 16 17 34 68 85 153 306 308 614 b
1 2 4 8 16 17 34 68 85 153 306 612 614 b
1 2 4 8 16 17 34 68 102 103 204 307 614 a
1 2 4 8 16 17 34 68 102 103 205 307 614 b
1 2 4 8 16 17 34 68 102 204 205 307 614 b
1 2 4 8 16 17 34 68 102 204 205 409 614 b
1 2 4 8 16 17 34 68 102 204 205 410 614 b
1 2 4 8 16 17 34 68 102 204 206 408 614 a
1 2 4 8 16 17 34 68 102 204 206 410 614 b
1 2 4 8 16 17 34 68 102 204 306 307 614 b
1 2 4 8 16 17 34 68 102 204 306 308 614 b
1 2 4 8 16 17 34 68 102 204 306 612 614 b
1 2 4 8 16 17 34 68 102 204 408 410 614 b
1 2 4 8 16 17 34 68 102 204 408 612 614 b
1 2 4 8 16 17 34 68 136 137 170 307 614 a
1 2 4 8 16 17 34 68 136 137 171 307 614 b
1 2 4 8 16 17 34 68 136 137 273 307 614 b
1 2 4 8 16 17 34 68 136 137 273 341 614 b
1 2 4 8 16 17 34 68 136 137 273 546 614 b
1 2 4 8 16 17 34 68 136 153 154 307 614 b
1 2 4 8 16 17 34 68 136 153 306 307 614 b
1 2 4 8 16 17 34 68 136 153 306 308 614 b
1 2 4 8 16 17 34 68 136 153 306 612 614 b
1 2 4 8 16 17 34 68 136 170 171 307 614 b
1 2 4 8 16 17 34 68 136 170 306 307 614 b
1 2 4 8 16 17 34 68 136 170 306 308 614 b
1 2 4 8 16 17 34 68 136 170 306 612 614 b
1 2 4 8 16 17 34 68 136 204 205 409 614 b
1 2 4 8 16 17 34 68 136 204 205 410 614 b
1 2 4 8 16 17 34 68 136 204 206 408 614 a
1 2 4 8 16 17 34 68 136 204 206 410 614 b
1 2 4 8 16 17 34 68 136 204 408 410 614 b
1 2 4 8 16 17 34 68 136 204 408 612 614 b
1 2 4 8 16 17 34 68 136 272 273 307 614 b
1 2 4 8 16 17 34 68 136 272 273 341 614 b
1 2 4 8 16 17 34 68 136 272 273 546 614 b
1 2 4 8 16 17 34 68 136 272 274 340 614 a
1 2 4 8 16 17 34 68 136 272 274 342 614 b
1 2 4 8 16 17 34 68 136 272 274 546 614 b
1 2 4 8 16 17 34 68 136 272 306 307 614 b
1 2 4 8 16 17 34 68 136 272 306 308 614 b
1 2 4 8 16 17 34 68 136 272 306 612 614 b
1 2 4 8 16 17 34 68 136 272 340 342 614 b
1 2 4 8 16 17 34 68 136 272 340 612 614 b
1 2 4 8 16 17 34 68 136 272 544 546 614 b
1 2 4 8 16 17 34 68 136 272 544 612 614 b
1 2 4 8 16 18 19 36 72 144 163 307 614 a
1 2 4 8 16 18 19 36 72 144 288 307 614 a
1 2 4 8 16 18 34 35 68 136 171 307 614 a
1 2 4 8 16 18 34 35 68 136 272 307 614 a
1 2 4 8 16 18 34 38 72 144 288 326 614 b
1 2 4 8 16 18 34 38 72 144 288 576 614 b
1 2 4 8 16 18 34 68 70 136 272 342 614 a
1 2 4 8 16 18 34 68 70 136 272 544 614 a
1 2 4 8 16 18 34 68 102 103 204 307 614 a
1 2 4 8 16 18 34 68 102 103 205 307 614 b
1 2 4 8 16 18 34 68 102 204 205 307 614 b
1 2 4 8 16 18 34 68 102 204 205 409 614 b
1 2 4 8 16 18 34 68 102 204 205 410 614 b
1 2 4 8 16 18 34 68 102 204 206 408 614 a
1 2 4 8 16 18 34 68 102 204 206 410 614 b
1 2 4 8 16 18 34 68 102 204 306 307 614 b
1 2 4 8 16 18 34 68 102 204 306 308 614 b
1 2 4 8 16 18 34 68 102 204 306 612 614 b
1 2 4 8 16 18 34 68 102 204 408 410 614 b
1 2 4 8 16 18 34 68 102 204 408 612 614 b
1 2 4 8 16 18 34 68 136 137 170 307 614 a
1 2 4 8 16 18 34 68 136 137 171 307 614 b
1 2 4 8 16 18 34 68 136 137 273 307 614 b
1 2 4 8 16 18 34 68 136 137 273 341 614 b
1 2 4 8 16 18 34 68 136 137 273 546 614 b
1 2 4 8 16 18 34 68 136 154 290 324 614 b
1 2 4 8 16 18 34 68 136 154 290 580 614 b
1 2 4 8 16 18 34 68 136 170 171 307 614 b
1 2 4 8 16 18 34 68 136 170 306 307 614 b
1 2 4 8 16 18 34 68 136 170 306 308 614 b
1 2 4 8 16 18 34 68 136 170 306 612 614 b
1 2 4 8 16 18 34 68 136 204 205 409 614 b
1 2 4 8 16 18 34 68 136 204 205 410 614 b
1 2 4 8 16 18 34 68 136 204 206 408 614 a
1 2 4 8 16 18 34 68 136 204 206 410 614 b
1 2 4 8 16 18 34 68 136 204 408 410 614 b
1 2 4 8 16 18 34 68 136 204 408 612 614 b
1 2 4 8 16 18 34 68 136 272 273 307 614 b
1 2 4 8 16 18 34 68 136 272 273 341 614 b
1 2 4 8 16 18 34 68 136 272 273 546 614 b
1 2 4 8 16 18 34 68 136 272 274 340 614 a
1 2 4 8 16 18 34 68 136 272 274 342 614 b
1 2 4 8 16 18 34 68 136 272 274 546 614 b
1 2 4 8 16 18 34 68 136 272 290 324 614 b
1 2 4 8 16 18 34 68 136 272 290 580 614 b
1 2 4 8 16 18 34 68 136 272 306 307 614 b
1 2 4 8 16 18 34 68 136 272 306 308 614 b
1 2 4 8 16 18 34 68 136 272 306 612 614 b
1 2 4 8 16 18 34 68 136 272 340 342 614 b
1 2 4 8 16 18 34 68 136 272 340 612 614 b
1 2 4 8 16 18 34 68 136 272 544 546 614 b
1 2 4 8 16 18 34 68 136 272 544 612 614 b
1 2 4 8 16 18 36 38 72 144 288 326 614 a
1 2 4 8 16 18 36 38 72 144 288 576 614 a
1 2 4 8 16 18 36 54 70 140 280 334 614 b
1 2 4 8 16 18 36 54 70 140 280 560 614 b
1 2 4 8 16 18 36 72 144 145 162 307 614 a
1 2 4 8 16 18 36 72 144 145 163 307 614 b
1 2 4 8 16 18 36 72 144 145 289 307 614 b
1 2 4 8 16 18 36 72 144 145 289 325 614 b
1 2 4 8 16 18 36 72 144 145 289 578 614 b
1 2 4 8 16 18 36 72 144 162 163 307 614 b
1 2 4 8 16 18 36 72 144 162 306 307 614 b
1 2 4 8 16 18 36 72 144 162 306 308 614 b
1 2 4 8 16 18 36 72 144 162 306 612 614 b
1 2 4 8 16 18 36 72 144 288 289 307 614 b
1 2 4 8 16 18 36 72 144 288 289 325 614 b
1 2 4 8 16 18 36 72 144 288 289 578 614 b
1 2 4 8 16 18 36 72 144 288 290 324 614 a
1 2 4 8 16 18 36 72 144 288 290 326 614 b
1 2 4 8 16 18 36 72 144 288 290 578 614 b
1 2 4 8 16 18 36 72 144 288 306 307 614 b
1 2 4 8 16 18 36 72 144 288 306 308 614 b
1 2 4 8 16 18 36 72 144 288 306 612 614 b
1 2 4 8 16 18 36 72 144 288 324 326 614 b
1 2 4 8 16 18 36 72 144 288 324 612 614 b
1 2 4 8 16 18 36 72 144 288 576 578 614 b
1 2 4 8 16 18 36 72 144 288 576 612 614 b
1 2 4 8 16 20 36 38 72 144 288 326 614 a
1 2 4 8 16 20 36 38 72 144 288 576 614 a
1 2 4 8 16 20 36 72 144 145 289 325 614 b
1 2 4 8 16 20 36 72 144 145 289 578 614 b
1 2 4 8 16 20 36 72 144 288 289 325 614 b
1 2 4 8 16 20 36 72 144 288 289 578 614 b
1 2 4 8 16 20 36 72 144 288 290 324 614 a
1 2 4 8 16 20 36 72 144 288 290 326 614 b
1 2 4 8 16 20 36 72 144 288 290 578 614 b
1 2 4 8 16 20 36 72 144 288 324 326 614 b
1 2 4 8 16 20 36 72 144 288 324 612 614 b
1 2 4 8 16 20 36 72 144 288 576 578 614 b
1 2 4 8 16 20 36 72 144 288 576 612 614 b
1 2 4 8 16 24 48 49 97 105 202 307 614 b
1 2 4 8 16 24 48 49 97 105 210 307 614 b
1 2 4 8 16 24 48 49 97 113 194 307 614 a
1 2 4 8 16 24 48 49 97 113 210 307 614 b
1 2 4 8 16 24 48 49 97 194 210 307 614 b
1 2 4 8 16 24 48 49 97 194 210 404 614 b
1 2 4 8 16 24 48 49 97 194 210 420 614 b
1 2 4 8 16 24 48 49 97 194 291 307 614 b
1 2 4 8 16 24 48 96 97 105 202 307 614 b
1 2 4 8 16 24 48 96 97 105 210 307 614 b
1 2 4 8 16 24 48 96 97 113 194 307 614 a
1 2 4 8 16 24 48 96 97 113 210 307 614 b
1 2 4 8 16 24 48 96 97 194 210 307 614 b
1 2 4 8 16 24 48 96 97 194 210 404 614 b
1 2 4 8 16 24 48 96 97 194 210 420 614 b
1 2 4 8 16 24 48 96 97 194 291 307 614 b
1 2 4 8 16 24 48 96 98 194 210 404 614 b
1 2 4 8 16 24 48 96 98 194 210 420 614 b
1 2 4 8 16 24 48 96 192 194 210 404 614 b
1 2 4 8 16 24 48 96 192 194 210 420 614 b
1 2 4 8 16 32 33 35 68 136 171 307 614 b
1 2 4 8 16 32 33 35 68 136 272 307 614 b
1 2 4 8 16 32 33 48 81 113 194 307 614 a
1 2 4 8 16 32 33 48 81 113 226 307 614 a
1 2 4 8 16 32 33 49 81 113 194 307 614 b
1 2 4 8 16 32 33 49 81 113 226 307 614 b
1 2 4 8 16 32 33 64 97 105 202 307 614 a
1 2 4 8 16 32 33 64 97 105 210 307 614 a
1 2 4 8 16 32 33 64 97 113 194 307 614 a
1 2 4 8 16 32 33 64 97 113 210 307 614 a
1 2 4 8 16 32 33 64 97 194 210 307 614 a
1 2 4 8 16 32 33 64 97 194 210 404 614 a
1 2 4 8 16 32 33 64 97 194 210 420 614 a
1 2 4 8 16 32 33 64 97 194 226 388 614 a
1 2 4 8 16 32 33 64 97 194 226 420 614 a
1 2 4 8 16 32 33 64 97 194 291 307 614 a
1 2 4 8 16 32 33 64 97 194 291 323 614 a
1 2 4 8 16 32 33 64 97 194 291 582 614 a
1 2 4 8 16 32 33 64 97 194 388 420 614 a
1 2 4 8 16 32 33 64 97 194 388 582 614 a
1 2 4 8 16 32 33 65 81 113 194 307 614 b
1 2 4 8 16 32 33 65 81 113 226 307 614 b
1 2 4 8 16 32 33 65 97 105 202 307 614 b
1 2 4 8 16 32 33 65 97 105 210 307 614 b
1 2 4 8 16 32 33 65 97 113 194 307 614 a
1 2 4 8 16 32 33 65 97 113 210 307 614 b
1 2 4 8 16 32 33 65 97 194 210 307 614 b
1 2 4 8 16 32 33 65 97 194 210 404 614 b
1 2 4 8 16 32 33 65 97 194 210 420 614 b
1 2 4 8 16 32 33 65 97 194 226 388 614 a
1 2 4 8 16 32 33 65 97 194 226 420 614 b
1 2 4 8 16 32 33 65 97 194 291 307 614 b
1 2 4 8 16 32 33 65 97 194 291 323 614 b
1 2 4 8 16 32 33 65 97 194 291 582 614 b
1 2 4 8 16 32 33 65 97 194 388 420 614 b
1 2 4 8 16 32 33 65 97 194 388 582 614 b
1 2 4 8 16 32 33 66 70 136 272 342 614 b
1 2 4 8 16 32 33 66 70 136 272 544 614 b
1 2 4 8 16 32 34 35 68 136 171 307 614 a
1 2 4 8 16 32 34 35 68 136 272 307 614 a
1 2 4 8 16 32 34 38 72 144 288 326 614 b
1 2 4 8 16 32 34 38 72 144 288 576 614 b
1 2 4 8 16 32 34 64 98 162 226 388 614 a
1 2 4 8 16 32 34 64 98 162 226 452 614 a
1 2 4 8 16 32 34 64 128 162 226 388 614 a
1 2 4 8 16 32 34 64 128 162 226 452 614 a
1 2 4 8 16 32 34 64 128 162 290 324 614 a
1 2 4 8 16 32 34 64 128 162 290 452 614 a
1 2 4 8 16 32 34 64 128 162 290 580 614 a
1 2 4 8 16 32 34 64 128 162 324 452 614 a
1 2 4 8 16 32 34 64 128 162 324 486 614 a
1 2 4 8 16 32 34 64 128 256 290 324 614 a
1 2 4 8 16 32 34 64 128 256 290 580 614 a
1 2 4 8 16 32 34 66 70 136 272 342 614 b
1 2 4 8 16 32 34 66 70 136 272 544 614 b
1 2 4 8 16 32 34 68 70 136 272 342 614 a
1 2 4 8 16 32 34 68 70 136 272 544 614 a
1 2 4 8 16 32 34 68 102 103 204 307 614 a
1 2 4 8 16 32 34 68 102 103 205 307 614 b
1 2 4 8 16 32 34 68 102 204 205 307 614 b
1 2 4 8 16 32 34 68 102 204 205 409 614 b
1 2 4 8 16 32 34 68 102 204 205 410 614 b
1 2 4 8 16 32 34 68 102 204 206 408 614 a
1 2 4 8 16 32 34 68 102 204 206 410 614 b
1 2 4 8 16 32 34 68 102 204 306 307 614 b
1 2 4 8 16 32 34 68 102 204 306 308 614 b
1 2 4 8 16 32 34 68 102 204 306 612 614 b
1 2 4 8 16 32 34 68 102 204 408 410 614 b
1 2 4 8 16 32 34 68 102 204 408 612 614 b
1 2 4 8 16 32 34 68 136 137 170 307 614 a
1 2 4 8 16 32 34 68 136 137 171 307 614 b
1 2 4 8 16 32 34 68 136 137 273 307 614 b
1 2 4 8 16 32 34 68 136 137 273 341 614 b
1 2 4 8 16 32 34 68 136 137 273 546 614 b
1 2 4 8 16 32 34 68 136 170 171 307 614 b
1 2 4 8 16 32 34 68 136 170 306 307 614 b
1 2 4 8 16 32 34 68 136 170 306 308 614 b
1 2 4 8 16 32 34 68 136 170 306 612 614 b
1 2 4 8 16 32 34 68 136 204 205 409 614 b
1 2 4 8 16 32 34 68 136 204 205 410 614 b
1 2 4 8 16 32 34 68 136 204 206 408 614 a
1 2 4 8 16 32 34 68 136 204 206 410 614 b
1 2 4 8 16 32 34 68 136 204 408 410 614 b
1 2 4 8 16 32 34 68 136 204 408 612 614 b
1 2 4 8 16 32 34 68 136 272 273 307 614 b
1 2 4 8 16 32 34 68 136 272 273 341 614 b
1 2 4 8 16 32 34 68 136 272 273 546 614 b
1 2 4 8 16 32 34 68 136 272 274 340 614 a
1 2 4 8 16 32 34 68 136 272 274 342 614 b
1 2 4 8 16 32 34 68 136 272 274 546 614 b
1 2 4 8 16 32 34 68 136 272 306 307 614 b
1 2 4 8 16 32 34 68 136 272 306 308 614 b
1 2 4 8 16 32 34 68 136 272 306 612 614 b
1 2 4 8 16 32 34 68 136 272 340 342 614 b
1 2 4 8 16 32 34 68 136 272 340 612 614 b
1 2 4 8 16 32 34 68 136 272 544 546 614 b
1 2 4 8 16 32 34 68 136 272 544 612 614 b
1 2 4 8 16 32 36 38 72 144 288 326 614 a
1 2 4 8 16 32 36 38 72 144 288 576 614 a
1 2 4 8 16 32 36 68 70 136 272 342 614 a
1 2 4 8 16 32 36 68 70 136 272 544 614 a
1 2 4 8 16 32 36 68 136 137 273 341 614 b
1 2 4 8 16 32 36 68 136 137 273 546 614 b
1 2 4 8 16 32 36 68 136 204 205 409 614 b
1 2 4 8 16 32 36 68 136 204 205 410 614 b
1 2 4 8 16 32 36 68 136 204 206 408 614 a
1 2 4 8 16 32 36 68 136 204 206 410 614 b
1 2 4 8 16 32 36 68 136 204 408 410 614 b
1 2 4 8 16 32 36 68 136 204 408 612 614 b
1 2 4 8 16 32 36 68 136 272 273 341 614 b
1 2 4 8 16 32 36 68 136 272 273 546 614 b
1 2 4 8 16 32 36 68 136 272 274 340 614 a
1 2 4 8 16 32 36 68 136 272 274 342 614 b
1 2 4 8 16 32 36 68 136 272 274 546 614 b
1 2 4 8 16 32 36 68 136 272 340 342 614 b
1 2 4 8 16 32 36 68 136 272 340 612 614 b
1 2 4 8 16 32 36 68 136 272 544 546 614 b
1 2 4 8 16 32 36 68 136 272 544 612 614 b
1 2 4 8 16 32 36 72 144 145 289 325 614 b
1 2 4 8 16 32 36 72 144 145 289 578 614 b
1 2 4 8 16 32 36 72 144 288 289 325 614 b
1 2 4 8 16 32 36 72 144 288 289 578 614 b
1 2 4 8 16 32 36 72 144 288 290 324 614 a
1 2 4 8 16 32 36 72 144 288 290 326 614 b
1 2 4 8 16 32 36 72 144 288 290 578 614 b
1 2 4 8 16 32 36 72 144 288 324 326 614 b
1 2 4 8 16 32 36 72 144 288 324 612 614 b
1 2 4 8 16 32 36 72 144 288 576 578 614 b
1 2 4 8 16 32 36 72 144 288 576 612 614 b
1 2 4 8 16 32 40 41 81 113 194 307 614 b
1 2 4 8 16 32 40 41 81 113 226 307 614 b
1 2 4 8 16 32 40 80 81 113 194 307 614 b
1 2 4 8 16 32 40 80 81 113 226 307 614 b
1 2 4 8 16 32 48 49 80 129 178 307 614 a
1 2 4 8 16 32 48 49 80 129 258 307 614 a
1 2 4 8 16 32 48 49 81 113 194 307 614 b
1 2 4 8 16 32 48 49 81 113 226 307 614 b
1 2 4 8 16 32 48 49 81 129 178 307 614 b
1 2 4 8 16 32 48 49 81 129 258 307 614 b
1 2 4 8 16 32 48 49 97 105 202 307 614 b
1 2 4 8 16 32 48 49 97 105 210 307 614 b
1 2 4 8 16 32 48 49 97 113 194 307 614 a
1 2 4 8 16 32 48 49 97 113 210 307 614 b
1 2 4 8 16 32 48 49 97 129 178 307 614 b
1 2 4 8 16 32 48 49 97 129 258 307 614 b
1 2 4 8 16 32 48 49 97 194 210 307 614 b
1 2 4 8 16 32 48 49 97 194 210 404 614 b
1 2 4 8 16 32 48 49 97 194 210 420 614 b
1 2 4 8 16 32 48 49 97 194 226 388 614 a
1 2 4 8 16 32 48 49 97 194 226 420 614 b
1 2 4 8 16 32 48 49 97 194 291 307 614 b
1 2 4 8 16 32 48 49 97 194 291 323 614 b
1 2 4 8 16 32 48 49 97 194 291 582 614 b
1 2 4 8 16 32 48 49 97 194 388 420 614 b
1 2 4 8 16 32 48 49 97 194 388 582 614 b
1 2 4 8 16 32 48 80 81 113 194 307 614 b
1 2 4 8 16 32 48 80 81 113 226 307 614 b
1 2 4 8 16 32 48 96 97 105 202 307 614 b
1 2 4 8 16 32 48 96 97 105 210 307 614 b
1 2 4 8 16 32 48 96 97 113 194 307 614 a
1 2 4 8 16 32 48 96 97 113 210 307 614 b
1 2 4 8 16 32 48 96 97 194 210 307 614 b
1 2 4 8 16 32 48 96 97 194 210 404 614 b
1 2 4 8 16 32 48 96 97 194 210 420 614 b
1 2 4 8 16 32 48 96 97 194 226 388 614 a
1 2 4 8 16 32 48 96 97 194 226 420 614 b
1 2 4 8 16 32 48 96 97 194 291 307 614 b
1 2 4 8 16 32 48 96 97 194 291 323 614 b
1 2 4 8 16 32 48 96 97 194 291 582 614 b
1 2 4 8 16 32 48 96 97 194 388 420 614 b
1 2 4 8 16 32 48 96 97 194 388 582 614 b
1 2 4 8 16 32 48 96 98 194 210 404 614 b
1 2 4 8 16 32 48 96 98 194 210 420 614 b
1 2 4 8 16 32 48 96 98 194 226 388 614 a
1 2 4 8 16 32 48 96 98 194 226 420 614 b
1 2 4 8 16 32 48 96 98 194 388 420 614 b
1 2 4 8 16 32 48 96 98 194 388 582 614 b
1 2 4 8 16 32 48 96 192 194 210 404 614 b
1 2 4 8 16 32 48 96 192 194 210 420 614 b
1 2 4 8 16 32 48 96 192 194 226 388 614 a
1 2 4 8 16 32 48 96 192 194 226 420 614 b
1 2 4 8 16 32 48 96 192 194 388 420 614 b
1 2 4 8 16 32 48 96 192 194 388 582 614 b
1 2 4 8 16 32 64 65 81 113 194 307 614 b
1 2 4 8 16 32 64 65 81 113 226 307 614 b
1 2 4 8 16 32 64 65 81 145 162 307 614 a
1 2 4 8 16 32 64 65 81 145 226 307 614 b
1 2 4 8 16 32 64 65 81 162 226 307 614 b
1 2 4 8 16 32 64 65 81 162 226 388 614 b
1 2 4 8 16 32 64 65 81 162 226 452 614 b
1 2 4 8 16 32 64 65 81 162 243 307 614 b
1 2 4 8 16 32 64 65 97 105 202 307 614 b
1 2 4 8 16 32 64 65 97 105 210 307 614 b
1 2 4 8 16 32 64 65 97 113 194 307 614 a
1 2 4 8 16 32 64 65 97 113 210 307 614 b
1 2 4 8 16 32 64 65 97 162 226 388 614 b
1 2 4 8 16 32 64 65 97 162 226 452 614 b
1 2 4 8 16 32 64 65 97 194 210 307 614 b
1 2 4 8 16 32 64 65 97 194 210 404 614 b
1 2 4 8 16 32 64 65 97 194 210 420 614 b
1 2 4 8 16 32 64 65 97 194 226 388 614 a
1 2 4 8 16 32 64 65 97 194 226 420 614 b
1 2 4 8 16 32 64 65 97 194 291 307 614 b
1 2 4 8 16 32 64 65 97 194 291 323 614 b
1 2 4 8 16 32 64 65 97 194 291 582 614 b
1 2 4 8 16 32 64 65 97 194 388 420 614 b
1 2 4 8 16 32 64 65 97 194 388 582 614 b
1 2 4 8 16 32 64 65 129 194 210 404 614 b
1 2 4 8 16 32 64 65 129 194 210 420 614 b
1 2 4 8 16 32 64 65 129 194 226 388 614 a
1 2 4 8 16 32 64 65 129 194 226 420 614 b
1 2 4 8 16 32 64 65 129 194 388 420 614 b
1 2 4 8 16 32 64 65 129 194 388 582 614 b
1 2 4 8 16 32 64 65 130 162 226 388 614 b
1 2 4 8 16 32 64 65 130 162 226 452 614 b
1 2 4 8 16 32 64 65 130 194 210 404 614 b
1 2 4 8 16 32 64 65 130 194 210 420 614 b
1 2 4 8 16 32 64 65 130 194 226 388 614 a
1 2 4 8 16 32 64 65 130 194 226 420 614 b
1 2 4 8 16 32 64 65 130 194 388 420 614 b
1 2 4 8 16 32 64 65 130 194 388 582 614 b
1 2 4 8 16 32 64 66 70 136 272 342 614 b
1 2 4 8 16 32 64 66 70 136 272 544 614 b
1 2 4 8 16 32 64 66 96 162 226 388 614 a
1 2 4 8 16 32 64 66 96 162 226 452 614 a
1 2 4 8 16 32 64 66 98 162 226 388 614 b
1 2 4 8 16 32 64 66 98 162 226 452 614 b
1 2 4 8 16 32 64 66 128 194 210 404 614 a
1 2 4 8 16 32 64 66 128 194 210 420 614 a
1 2 4 8 16 32 64 66 128 194 226 388 614 a
1 2 4 8 16 32 64 66 128 194 226 420 614 a
1 2 4 8 16 32 64 66 128 194 388 420 614 a
1 2 4 8 16 32 64 66 128 194 388 582 614 a
1 2 4 8 16 32 64 66 130 162 226 388 614 b
1 2 4 8 16 32 64 66 130 162 226 452 614 b
1 2 4 8 16 32 64 66 130 194 210 404 614 b
1 2 4 8 16 32 64 66 130 194 210 420 614 b
1 2 4 8 16 32 64 66 130 194 226 388 614 a
1 2 4 8 16 32 64 66 130 194 226 420 614 b
1 2 4 8 16 32 64 66 130 194 388 420 614 b
1 2 4 8 16 32 64 66 130 194 388 582 614 b
1 2 4 8 16 32 64 68 70 136 272 342 614 a
1 2 4 8 16 32 64 68 70 136 272 544 614 a
1 2 4 8 16 32 64 68 136 137 273 341 614 b
1 2 4 8 16 32 64 68 136 137 273 546 614 b
1 2 4 8 16 32 64 68 136 204 205 409 614 b
1 2 4 8 16 32 64 68 136 204 205 410 614 b
1 2 4 8 16 32 64 68 136 204 206 408 614 a
1 2 4 8 16 32 64 68 136 204 206 410 614 b
1 2 4 8 16 32 64 68 136 204 408 410 614 b
1 2 4 8 16 32 64 68 136 204 408 612 614 b
1 2 4 8 16 32 64 68 136 272 273 341 614 b
1 2 4 8 16 32 64 68 136 272 273 546 614 b
1 2 4 8 16 32 64 68 136 272 274 340 614 a
1 2 4 8 16 32 64 68 136 272 274 342 614 b
1 2 4 8 16 32 64 68 136 272 274 546 614 b
1 2 4 8 16 32 64 68 136 272 340 342 614 b
1 2 4 8 16 32 64 68 136 272 340 612 614 b
1 2 4 8 16 32 64 68 136 272 544 546 614 b
1 2 4 8 16 32 64 68 136 272 544 612 614 b
1 2 4 8 16 32 64 80 81 113 194 307 614 b
1 2 4 8 16 32 64 80 81 113 226 307 614 b
1 2 4 8 16 32 64 80 81 145 162 307 614 a
1 2 4 8 16 32 64 80 81 145 226 307 614 b
1 2 4 8 16 32 64 80 81 162 226 307 614 b
1 2 4 8 16 32 64 80 81 162 226 388 614 b
1 2 4 8 16 32 64 80 81 162 226 452 614 b
1 2 4 8 16 32 64 80 81 162 243 307 614 b
1 2 4 8 16 32 64 80 82 162 226 388 614 b
1 2 4 8 16 32 64 80 82 162 226 452 614 b
1 2 4 8 16 32 64 80 160 162 226 388 614 b
1 2 4 8 16 32 64 80 160 162 226 452 614 b
1 2 4 8 16 32 64 96 97 105 202 307 614 b
1 2 4 8 16 32 64 96 97 105 210 307 614 b
1 2 4 8 16 32 64 96 97 113 194 307 614 a
1 2 4 8 16 32 64 96 97 113 210 307 614 b
1 2 4 8 16 32 64 96 97 194 210 307 614 b
1 2 4 8 16 32 64 96 97 194 210 404 614 b
1 2 4 8 16 32 64 96 97 194 210 420 614 b
1 2 4 8 16 32 64 96 97 194 226 388 614 a
1 2 4 8 16 32 64 96 97 194 226 420 614 b
1 2 4 8 16 32 64 96 97 194 291 307 614 b
1 2 4 8 16 32 64 96 97 194 291 323 614 b
1 2 4 8 16 32 64 96 97 194 291 582 614 b
1 2 4 8 16 32 64 96 97 194 388 420 614 b
1 2 4 8 16 32 64 96 97 194 388 582 614 b
1 2 4 8 16 32 64 96 98 160 258 356 614 a
1 2 4 8 16 32 64 96 98 160 258 516 614 a
1 2 4 8 16 32 64 96 98 162 226 388 614 b
1 2 4 8 16 32 64 96 98 162 226 452 614 b
1 2 4 8 16 32 64 96 98 162 258 356 614 b
1 2 4 8 16 32 64 96 98 162 258 516 614 b
1 2 4 8 16 32 64 96 98 194 210 404 614 b
1 2 4 8 16 32 64 96 98 194 210 420 614 b
1 2 4 8 16 32 64 96 98 194 226 388 614 a
1 2 4 8 16 32 64 96 98 194 226 420 614 b
1 2 4 8 16 32 64 96 98 194 258 356 614 b
1 2 4 8 16 32 64 96 98 194 258 516 614 b
1 2 4 8 16 32 64 96 98 194 388 420 614 b
1 2 4 8 16 32 64 96 98 194 388 582 614 b
1 2 4 8 16 32 64 96 160 162 226 388 614 b
1 2 4 8 16 32 64 96 160 162 226 452 614 b
1 2 4 8 16 32 64 96 192 194 210 404 614 b
1 2 4 8 16 32 64 96 192 194 210 420 614 b
1 2 4 8 16 32 64 96 192 194 226 388 614 a
1 2 4 8 16 32 64 96 192 194 226 420 614 b
1 2 4 8 16 32 64 96 192 194 388 420 614 b
1 2 4 8 16 32 64 96 192 194 388 582 614 b
1 2 4 8 16 32 64 128 130 162 226 388 614 b
1 2 4 8 16 32 64 128 130 162 226 452 614 b
1 2 4 8 16 32 64 128 130 162 290 324 614 a
1 2 4 8 16 32 64 128 130 162 290 452 614 b
1 2 4 8 16 32 64 128 130 162 324 452 614 b
1 2 4 8 16 32 64 128 130 162 324 486 614 b
1 2 4 8 16 32 64 128 130 194 210 404 614 b
1 2 4 8 16 32 64 128 130 194 210 420 614 b
1 2 4 8 16 32 64 128 130 194 226 388 614 a
1 2 4 8 16 32 64 128 130 194 226 420 614 b
1 2 4 8 16 32 64 128 130 194 388 420 614 b
1 2 4 8 16 32 64 128 130 194 388 582 614 b
1 2 4 8 16 32 64 128 160 162 226 388 614 b
1 2 4 8 16 32 64 128 160 162 226 452 614 b
1 2 4 8 16 32 64 128 160 162 290 324 614 a
1 2 4 8 16 32 64 128 160 162 290 452 614 b
1 2 4 8 16 32 64 128 160 162 324 452 614 b
1 2 4 8 16 32 64 128 160 162 324 486 614 b
1 2 4 8 16 32 64 128 192 194 210 404 614 b
1 2 4 8 16 32 64 128 192 194 210 420 614 b
1 2 4 8 16 32 64 128 192 194 226 388 614 a
1 2 4 8 16 32 64 128 192 194 226 420 614 b
1 2 4 8 16 32 64 128 192 194 388 420 614 b
1 2 4 8 16 32 64 128 192 194 388 582 614 b
