1 2 3 5 7 12 19 38 76 152 159 311 622 b
1 2 3 5 7 12 19 38 76 152 304 311 622 b
1 2 3 5 7 14 19 38 76 152 159 311 622 b
1 2 3 5 7 14 19 38 76 152 304 311 622 b
1 2 3 5 7 14 19 38 76 152 304 318 622 b
1 2 3 5 7 14 19 38 76 152 304 608 622 b
1 2 3 5 10 13 23 36 72 144 167 311 622 b
1 2 3 5 10 13 23 36 72 144 288 311 622 b
1 2 3 6 7 12 19 38 76 152 159 311 622 a
1 2 3 6 7 12 19 38 76 152 304 311 622 a
1 2 3 6 7 13 19 38 76 152 159 311 622 b
1 2 3 6 7 13 19 38 76 152 304 311 622 b
1 2 3 6 12 14 24 38 76 152 304 318 622 a
1 2 3 6 12 14 24 38 76 152 304 608 622 a
1 2 3 6 12 14 26 38 76 152 304 318 622 b
1 2 3 6 12 14 26 38 76 152 304 608 622 b
1 2 4 5 7 12 19 38 76 152 159 311 622 b
1 2 4 5 7 12 19 38 76 152 304 311 622 b
1 2 4 5 7 14 19 38 76 152 159 311 622 b
1 2 4 5 7 14 19 38 76 152 304 311 622 b
1 2 4 5 7 14 19 38 76 152 304 318 622 b
1 2 4 5 7 14 19 38 76 152 304 608 622 b
1 2 4 5 9 14 19 38 76 152 304 318 622 b
1 2 4 5 9 14 19 38 76 152 304 608 622 b
1 2 4 5 9 18 23 36 72 144 167 311 622 a
1 2 4 5 9 18 23 36 72 144 288 311 622 a
1 2 4 5 9 18 36 72 81 153 158 311 622 b
1 2 4 5 9 18 36 72 81 153 306 311 622 b
1 2 4 5 9 18 36 72 144 149 162 311 622 a
1 2 4 5 9 18 36 72 144 149 167 311 622 b
1 2 4 5 9 18 36 72 144 149 293 311 622 b
1 2 4 5 9 18 36 72 144 149 293 329 622 b
1 2 4 5 9 18 36 72 144 149 293 586 622 b
1 2 4 5 9 18 36 72 144 153 158 311 622 b
1 2 4 5 9 18 36 72 144 153 306 311 622 b
1 2 4 5 9 18 36 72 144 162 167 311 622 b
1 2 4 5 9 18 36 72 144 162 306 311 622 b
1 2 4 5 9 18 36 72 144 288 293 311 622 b
1 2 4 5 9 18 36 72 144 288 293 329 622 b
1 2 4 5 9 18 36 72 144 288 293 586 622 b
1 2 4 5 9 18 36 72 144 288 306 311 622 b
1 2 4 5 10 14 19 38 76 152 304 318 622 b
1 2 4 5 10 14 19 38 76 152 304 608 622 b
1 2 4 5 10 14 24 38 76 152 304 318 622 b
1 2 4 5 10 14 24 38 76 152 304 608 622 b
1 2 4 5 10 14 28 38 76 152 304 318 622 b
1 2 4 5 10 14 28 38 76 152 304 608 622 b
1 2 4 6 7 12 19 38 76 152 159 311 622 a
1 2 4 6 7 12 19 38 76 152 304 311 622 a
1 2 4 6 7 13 19 38 76 152 159 311 622 b
1 2 4 6 7 13 19 38 76 152 304 311 622 b
1 2 4 6 10 14 24 38 76 152 304 318 622 b
1 2 4 6 10 14 24 38 76 152 304 608 622 b
1 2 4 6 10 14 28 38 76 152 304 318 622 b
1 2 4 6 10 14 28 38 76 152 304 608 622 b
1 2 4 6 10 20 26 46 72 144 288 334 622 b
1 2 4 6 10 20 26 46 72 144 288 576 622 b
1 2 4 6 12 14 24 38 76 152 304 318 622 a
1 2 4 6 12 14 24 38 76 152 304 608 622 a
1 2 4 6 12 14 26 38 76 152 304 318 622 b
1 2 4 6 12 14 26 38 76 152 304 608 622 b
1 2 4 8 9 17 26 52 69 121 190 311 622 b
1 2 4 8 9 17 26 52 69 121 242 311 622 b
1 2 4 8 9 17 34 35 69 138 173 311 622 b
1 2 4 8 9 17 34 35 69 138 276 311 622 b
1 2 4 8 9 17 34 68 70 138 276 346 622 b
1 2 4 8 9 17 34 68 70 138 276 552 622 b
1 2 4 8 10 14 24 38 76 152 304 318 622 b
1 2 4 8 10 14 24 38 76 152 304 608 622 b
1 2 4 8 10 14 28 38 76 152 304 318 622 b
1 2 4 8 10 14 28 38 76 152 304 608 622 b
1 2 4 8 10 18 36 46 72 144 288 334 622 a
1 2 4 8 10 18 36 46 72 144 288 576 622 a
1 2 4 8 10 18 36 72 144 162 306 316 622 b
1 2 4 8 10 18 36 72 144 162 306 612 622 b
1 2 4 8 10 18 36 72 144 288 298 324 622 a
1 2 4 8 10 18 36 72 144 288 298 334 622 b
1 2 4 8 10 18 36 72 144 288 298 586 622 b
1 2 4 8 10 18 36 72 144 288 306 316 622 b
1 2 4 8 10 18 36 72 144 288 306 612 622 b
1 2 4 8 10 18 36 72 144 288 324 334 622 b
1 2 4 8 10 18 36 72 144 288 324 612 622 b
1 2 4 8 10 18 36 72 144 288 576 586 622 b
1 2 4 8 10 18 36 72 144 288 576 612 622 b
1 2 4 8 12 14 24 38 76 152 304 318 622 a
1 2 4 8 12 14 24 38 76 152 304 608 622 a
1 2 4 8 12 14 26 38 76 152 304 318 622 b
1 2 4 8 12 14 26 38 76 152 304 608 622 b
1 2 4 8 16 17 32 49 98 115 196 311 622 a
1 2 4 8 16 17 32 49 98 115 213 311 622 a
1 2 4 8 16 17 32 49 98 147 164 311 622 a
1 2 4 8 16 17 32 49 98 147 294 311 622 a
1 2 4 8 16 17 32 49 98 196 213 311 622 a
1 2 4 8 16 17 32 49 98 196 213 409 622 a
1 2 4 8 16 17 32 49 98 196 213 426 622 a
1 2 4 8 16 17 32 49 98 196 294 311 622 a
1 2 4 8 16 17 33 49 82 131 180 311 622 b
1 2 4 8 16 17 33 49 82 131 262 311 622 b
1 2 4 8 16 17 33 49 98 115 196 311 622 a
1 2 4 8 16 17 33 49 98 115 213 311 622 b
1 2 4 8 16 17 33 49 98 131 180 311 622 b
1 2 4 8 16 17 33 49 98 131 262 311 622 b
1 2 4 8 16 17 33 49 98 131 262 360 622 b
1 2 4 8 16 17 33 49 98 131 262 524 622 b
1 2 4 8 16 17 33 49 98 147 164 311 622 b
1 2 4 8 16 17 33 49 98 147 294 311 622 b
1 2 4 8 16 17 33 49 98 196 213 311 622 b
1 2 4 8 16 17 33 49 98 196 213 409 622 b
1 2 4 8 16 17 33 49 98 196 213 426 622 b
1 2 4 8 16 17 33 49 98 196 294 311 622 b
1 2 4 8 16 17 34 35 69 138 173 311 622 b
1 2 4 8 16 17 34 35 69 138 276 311 622 b
1 2 4 8 16 17 34 68 70 138 276 346 622 b
1 2 4 8 16 17 34 68 70 138 276 552 622 b
1 2 4 8 16 18 34 35 69 138 173 311 622 b
1 2 4 8 16 18 34 35 69 138 276 311 622 b
1 2 4 8 16 18 34 52 104 138 242 380 622 b
1 2 4 8 16 18 34 52 104 138 242 484 622 b
1 2 4 8 16 18 34 68 70 138 276 346 622 b
1 2 4 8 16 18 34 68 70 138 276 552 622 b
1 2 4 8 16 32 33 49 82 131 180 311 622 b
1 2 4 8 16 32 33 49 82 131 262 311 622 b
1 2 4 8 16 32 33 49 98 131 180 311 622 b
1 2 4 8 16 32 33 49 98 131 262 311 622 b
1 2 4 8 16 32 33 49 98 131 262 360 622 b
1 2 4 8 16 32 33 49 98 131 262 524 622 b
1 2 4 8 16 32 33 65 98 131 262 360 622 b
1 2 4 8 16 32 33 65 98 131 262 524 622 b
1 2 4 8 16 32 33 66 98 131 262 360 622 b
1 2 4 8 16 32 33 66 98 131 262 524 622 b
1 2 4 8 16 32 33 66 98 164 262 360 622 b
1 2 4 8 16 32 33 66 98 164 262 524 622 b
1 2 4 8 16 32 33 66 98 196 262 360 622 b
1 2 4 8 16 32 33 66 98 196 262 524 622 b
1 2 4 8 16 32 34 35 69 138 173 311 622 b
1 2 4 8 16 32 34 35 69 138 276 311 622 b
1 2 4 8 16 32 34 64 98 196 230 392 622 a
1 2 4 8 16 32 34 64 98 196 230 426 622 a
1 2 4 8 16 32 34 64 98 196 294 328 622 a
1 2 4 8 16 32 34 64 98 196 294 588 622 a
1 2 4 8 16 32 34 64 98 196 392 426 622 a
1 2 4 8 16 32 34 64 98 196 392 588 622 a
1 2 4 8 16 32 34 66 98 164 262 360 622 b
1 2 4 8 16 32 34 66 98 164 262 524 622 b
1 2 4 8 16 32 34 66 98 196 230 392 622 a
1 2 4 8 16 32 34 66 98 196 230 426 622 b
1 2 4 8 16 32 34 66 98 196 262 360 622 b
1 2 4 8 16 32 34 66 98 196 262 524 622 b
1 2 4 8 16 32 34 66 98 196 294 328 622 b
1 2 4 8 16 32 34 66 98 196 294 588 622 b
1 2 4 8 16 32 34 66 98 196 392 426 622 b
1 2 4 8 16 32 34 66 98 196 392 588 622 b
1 2 4 8 16 32 34 68 70 138 276 346 622 b
1 2 4 8 16 32 34 68 70 138 276 552 622 b
1 2 4 8 16 32 36 68 70 138 276 346 622 b
1 2 4 8 16 32 36 68 70 138 276 552 622 b
1 2 4 8 16 32 64 66 98 164 262 360 622 b
1 2 4 8 16 32 64 66 98 164 262 524 622 b
1 2 4 8 16 32 64 66 98 196 262 360 622 b
1 2 4 8 16 32 64 66 98 196 262 524 622 b
1 2 4 8 16 32 64 68 70 138 276 346 622 b
1 2 4 8 16 32 64 68 70 138 276 552 622 b
