1 2 3 4 7 10 20 40 80 160 320 327 647 b
1 2 3 4 7 10 20 40 80 160 320 640 647 b
1 2 3 5 7 10 20 40 80 160 320 327 647 b
1 2 3 5 7 10 20 40 80 160 320 640 647 b
1 2 3 5 10 20 40 80 81 161 322 325 647 b
1 2 3 5 10 20 40 80 81 161 322 644 647 b
1 2 3 5 10 20 40 80 160 161 321 326 647 b
1 2 3 5 10 20 40 80 160 161 321 642 647 b
1 2 3 5 10 20 40 80 160 161 322 325 647 b
1 2 3 5 10 20 40 80 160 161 322 644 647 b
1 2 3 5 10 20 40 80 160 162 322 325 647 b
1 2 3 5 10 20 40 80 160 162 322 644 647 b
1 2 3 5 10 20 40 80 160 163 323 324 647 b
1 2 3 5 10 20 40 80 160 163 323 646 647 b
1 2 3 5 10 20 40 80 160 320 321 326 647 b
1 2 3 5 10 20 40 80 160 320 321 642 647 b
1 2 3 5 10 20 40 80 160 320 322 325 647 b
1 2 3 5 10 20 40 80 160 320 322 327 647 b
1 2 3 5 10 20 40 80 160 320 322 642 647 b
1 2 3 5 10 20 40 80 160 320 322 644 647 b
1 2 3 5 10 20 40 80 160 320 323 324 647 b
1 2 3 5 10 20 40 80 160 320 323 646 647 b
1 2 3 5 10 20 40 80 160 320 325 327 647 b
1 2 3 5 10 20 40 80 160 320 325 645 647 b
1 2 3 5 10 20 40 80 160 320 640 642 647 b
1 2 3 5 10 20 40 80 160 320 640 645 647 b
1 2 3 6 7 10 20 40 80 160 320 327 647 b
1 2 3 6 7 10 20 40 80 160 320 640 647 b
1 2 3 6 7 13 20 40 80 160 320 327 647 b
1 2 3 6 7 13 20 40 80 160 320 640 647 b
1 2 3 6 7 14 20 40 80 160 320 327 647 b
1 2 3 6 7 14 20 40 80 160 320 640 647 b
1 2 4 5 7 10 20 40 80 160 320 327 647 a
1 2 4 5 7 10 20 40 80 160 320 640 647 a
1 2 4 5 10 20 40 80 160 161 321 326 647 b
1 2 4 5 10 20 40 80 160 161 321 642 647 b
1 2 4 5 10 20 40 80 160 320 321 326 647 b
1 2 4 5 10 20 40 80 160 320 321 642 647 b
1 2 4 5 10 20 40 80 160 320 322 325 647 a
1 2 4 5 10 20 40 80 160 320 322 327 647 b
1 2 4 5 10 20 40 80 160 320 322 642 647 b
1 2 4 5 10 20 40 80 160 320 325 327 647 b
1 2 4 5 10 20 40 80 160 320 325 645 647 b
1 2 4 5 10 20 40 80 160 320 640 642 647 b
1 2 4 5 10 20 40 80 160 320 640 645 647 b
1 2 4 6 7 10 20 40 80 160 320 327 647 a
1 2 4 6 7 10 20 40 80 160 320 640 647 a
1 2 4 6 7 13 20 40 80 160 320 327 647 b
1 2 4 6 7 13 20 40 80 160 320 640 647 b
1 2 4 6 7 14 20 40 80 160 320 327 647 b
1 2 4 6 7 14 20 40 80 160 320 640 647 b
1 2 4 6 10 20 40 80 160 320 321 326 647 a
1 2 4 6 10 20 40 80 160 320 321 327 647 b
1 2 4 6 10 20 40 80 160 320 321 641 647 b
1 2 4 6 10 20 40 80 160 320 326 327 647 b
1 2 4 6 10 20 40 80 160 320 326 646 647 b
1 2 4 6 10 20 40 80 160 320 640 641 647 b
1 2 4 6 10 20 40 80 160 320 640 646 647 b
1 2 4 8 16 32 33 65 97 194 259 388 647 a
1 2 4 8 16 32 33 65 97 194 259 453 647 b
1 2 4 8 16 32 33 65 97 194 291 356 647 b
1 2 4 8 16 32 33 65 97 194 291 582 647 b
1 2 4 8 16 32 33 65 97 194 388 453 647 b
1 2 4 8 16 32 33 65 97 194 388 582 647 b
1 2 4 8 16 32 64 65 97 194 259 388 647 a
1 2 4 8 16 32 64 65 97 194 259 453 647 b
1 2 4 8 16 32 64 65 97 194 291 356 647 b
1 2 4 8 16 32 64 65 97 194 291 582 647 b
1 2 4 8 16 32 64 65 97 194 388 453 647 b
1 2 4 8 16 32 64 65 97 194 388 582 647 b
1 2 4 8 16 32 64 65 129 130 259 388 647 b
1 2 4 8 16 32 64 65 129 130 259 518 647 b
1 2 4 8 16 32 64 65 129 131 258 389 647 a
1 2 4 8 16 32 64 65 129 131 258 516 647 a
1 2 4 8 16 32 64 65 129 194 259 388 647 b
1 2 4 8 16 32 64 65 129 194 259 453 647 b
1 2 4 8 16 32 64 65 129 194 259 518 647 b
1 2 4 8 16 32 64 65 129 194 323 324 647 b
1 2 4 8 16 32 64 65 129 194 323 646 647 b
1 2 4 8 16 32 64 65 129 194 388 453 647 b
1 2 4 8 16 32 64 65 129 194 388 582 647 b
1 2 4 8 16 32 64 65 129 258 259 388 647 b
1 2 4 8 16 32 64 65 129 258 259 518 647 b
1 2 4 8 16 32 64 65 129 258 260 387 647 a
1 2 4 8 16 32 64 65 129 258 260 389 647 b
1 2 4 8 16 32 64 65 129 258 260 518 647 b
1 2 4 8 16 32 64 65 129 258 323 324 647 b
1 2 4 8 16 32 64 65 129 258 323 646 647 b
1 2 4 8 16 32 64 65 129 258 387 389 647 b
1 2 4 8 16 32 64 65 129 258 387 645 647 b
1 2 4 8 16 32 64 65 129 258 516 518 647 b
1 2 4 8 16 32 64 65 129 258 516 645 647 b
1 2 4 8 16 32 64 65 130 194 259 388 647 a
1 2 4 8 16 32 64 65 130 194 259 453 647 b
1 2 4 8 16 32 64 65 130 194 388 453 647 b
1 2 4 8 16 32 64 65 130 194 388 582 647 b
1 2 4 8 16 32 64 128 129 130 259 388 647 b
1 2 4 8 16 32 64 128 129 130 259 518 647 b
1 2 4 8 16 32 64 128 129 131 258 389 647 a
1 2 4 8 16 32 64 128 129 131 258 516 647 a
1 2 4 8 16 32 64 128 129 131 259 388 647 b
1 2 4 8 16 32 64 128 129 131 259 518 647 b
1 2 4 8 16 32 64 128 129 133 257 390 647 a
1 2 4 8 16 32 64 128 129 133 257 514 647 a
1 2 4 8 16 32 64 128 129 257 259 388 647 b
1 2 4 8 16 32 64 128 129 257 259 518 647 b
1 2 4 8 16 32 64 128 129 257 261 386 647 a
1 2 4 8 16 32 64 128 129 257 261 390 647 b
1 2 4 8 16 32 64 128 129 257 261 518 647 b
1 2 4 8 16 32 64 128 129 257 386 390 647 b
1 2 4 8 16 32 64 128 129 257 386 643 647 b
1 2 4 8 16 32 64 128 129 257 514 518 647 b
1 2 4 8 16 32 64 128 129 257 514 643 647 b
1 2 4 8 16 32 64 128 129 258 259 388 647 b
1 2 4 8 16 32 64 128 129 258 259 518 647 b
1 2 4 8 16 32 64 128 129 258 260 387 647 a
1 2 4 8 16 32 64 128 129 258 260 389 647 b
1 2 4 8 16 32 64 128 129 258 260 518 647 b
1 2 4 8 16 32 64 128 129 258 387 389 647 b
1 2 4 8 16 32 64 128 129 258 387 645 647 b
1 2 4 8 16 32 64 128 129 258 516 518 647 b
1 2 4 8 16 32 64 128 129 258 516 645 647 b
1 2 4 8 16 32 64 128 130 131 258 389 647 a
1 2 4 8 16 32 64 128 130 131 258 516 647 a
1 2 4 8 16 32 64 128 130 258 259 388 647 a
1 2 4 8 16 32 64 128 130 258 259 389 647 b
1 2 4 8 16 32 64 128 130 258 259 517 647 b
1 2 4 8 16 32 64 128 130 258 388 389 647 b
1 2 4 8 16 32 64 128 130 258 388 646 647 b
1 2 4 8 16 32 64 128 130 258 516 517 647 b
1 2 4 8 16 32 64 128 130 258 516 646 647 b
