1 2 3 5 7 14 21 42 84 89 173 346 692 b
1 2 3 5 7 14 21 42 84 168 173 346 692 b
1 2 3 5 7 14 28 42 84 89 173 346 692 b
1 2 3 5 7 14 28 42 84 168 173 346 692 b
1 2 3 5 7 14 28 56 61 112 173 346 692 a
1 2 3 5 7 14 28 56 61 117 173 346 692 b
1 2 3 5 7 14 28 56 84 89 173 346 692 b
1 2 3 5 7 14 28 56 84 168 173 346 692 b
1 2 3 5 7 14 28 56 112 117 173 346 692 b
1 2 3 5 7 14 28 56 112 117 229 346 692 b
1 2 3 5 7 14 28 56 112 117 234 346 692 b
1 2 3 5 7 14 28 56 112 168 173 346 692 b
1 2 3 5 8 13 21 42 84 89 173 346 692 b
1 2 3 5 8 13 21 42 84 168 173 346 692 b
1 2 3 5 8 16 21 42 84 89 173 346 692 b
1 2 3 5 8 16 21 42 84 168 173 346 692 b
1 2 3 5 10 11 21 42 84 89 173 346 692 b
1 2 3 5 10 11 21 42 84 168 173 346 692 b
1 2 3 5 10 11 21 42 84 168 178 346 692 b
1 2 3 5 10 11 21 42 84 168 336 346 692 b
1 2 3 5 10 13 20 40 80 93 173 346 692 a
1 2 3 5 10 13 20 40 80 160 173 346 692 a
1 2 3 5 10 20 21 42 84 89 173 346 692 b
1 2 3 5 10 20 21 42 84 168 173 346 692 b
1 2 3 5 10 20 21 42 84 168 178 346 692 b
1 2 3 5 10 20 21 42 84 168 336 346 692 b
1 2 3 5 10 20 21 42 84 168 336 356 692 b
1 2 3 5 10 20 21 42 84 168 336 672 692 b
1 2 3 5 10 20 22 42 84 89 173 346 692 b
1 2 3 5 10 20 22 42 84 168 173 346 692 b
1 2 3 5 10 20 22 42 84 168 178 346 692 b
1 2 3 5 10 20 22 42 84 168 336 346 692 b
1 2 3 5 10 20 22 42 84 168 336 356 692 b
1 2 3 5 10 20 22 42 84 168 336 672 692 b
1 2 3 5 10 20 23 43 86 87 173 346 692 b
1 2 3 5 10 20 23 43 86 172 173 346 692 b
1 2 3 5 10 20 23 43 86 172 174 346 692 b
1 2 3 5 10 20 23 43 86 172 344 346 692 b
1 2 3 5 10 20 40 42 84 89 173 346 692 b
1 2 3 5 10 20 40 42 84 168 173 346 692 b
1 2 3 5 10 20 40 42 84 168 178 346 692 b
1 2 3 5 10 20 40 42 84 168 336 346 692 b
1 2 3 5 10 20 40 42 84 168 336 356 692 b
1 2 3 5 10 20 40 42 84 168 336 672 692 b
1 2 3 5 10 20 40 43 86 87 173 346 692 b
1 2 3 5 10 20 40 43 86 172 173 346 692 b
1 2 3 5 10 20 40 43 86 172 174 346 692 b
1 2 3 5 10 20 40 43 86 172 344 346 692 b
1 2 3 5 10 20 40 45 85 88 173 346 692 b
1 2 3 5 10 20 40 45 85 170 173 346 692 b
1 2 3 5 10 20 40 80 83 90 173 346 692 a
1 2 3 5 10 20 40 80 83 93 173 346 692 b
1 2 3 5 10 20 40 80 83 163 173 346 692 b
1 2 3 5 10 20 40 80 83 163 183 346 692 b
1 2 3 5 10 20 40 80 83 163 326 346 692 b
1 2 3 5 10 20 40 80 83 163 326 366 692 b
1 2 3 5 10 20 40 80 83 163 326 652 692 b
1 2 3 5 10 20 40 80 85 88 173 346 692 b
1 2 3 5 10 20 40 80 85 170 173 346 692 b
1 2 3 5 10 20 40 80 90 93 173 346 692 b
1 2 3 5 10 20 40 80 90 170 173 346 692 b
1 2 3 5 10 20 40 80 160 163 173 346 692 b
1 2 3 5 10 20 40 80 160 163 183 346 692 b
1 2 3 5 10 20 40 80 160 163 326 346 692 b
1 2 3 5 10 20 40 80 160 163 326 366 692 b
1 2 3 5 10 20 40 80 160 163 326 652 692 b
1 2 3 5 10 20 40 80 160 170 173 346 692 b
1 2 3 6 7 13 20 40 80 93 173 346 692 b
1 2 3 6 7 13 20 40 80 160 173 346 692 b
1 2 3 6 12 13 25 37 74 99 173 346 692 b
1 2 3 6 12 13 25 37 74 148 173 346 692 b
1 2 3 6 12 14 26 40 80 160 186 346 692 b
1 2 3 6 12 14 26 40 80 160 320 346 692 b
1 2 3 6 12 24 25 37 74 99 173 346 692 b
1 2 3 6 12 24 25 37 74 148 173 346 692 b
1 2 3 6 12 24 25 49 74 99 173 346 692 b
1 2 3 6 12 24 25 49 74 148 173 346 692 b
1 2 3 6 12 24 25 50 74 99 173 346 692 b
1 2 3 6 12 24 25 50 74 148 173 346 692 b
1 2 3 6 12 24 25 50 74 148 198 346 692 b
1 2 3 6 12 24 25 50 74 148 296 346 692 b
1 2 3 6 12 24 26 50 74 148 198 346 692 b
1 2 3 6 12 24 26 50 74 148 296 346 692 b
1 2 3 6 12 24 48 50 74 148 198 346 692 b
1 2 3 6 12 24 48 50 74 148 296 346 692 b
1 2 3 6 12 24 48 50 98 148 198 346 692 b
1 2 3 6 12 24 48 50 98 148 296 346 692 b
1 2 3 6 12 24 48 50 100 148 198 346 692 b
1 2 3 6 12 24 48 50 100 148 296 346 692 b
1 2 3 6 12 24 48 50 100 148 296 396 692 b
1 2 3 6 12 24 48 50 100 148 296 592 692 b
1 2 4 5 7 14 21 42 84 89 173 346 692 b
1 2 4 5 7 14 21 42 84 168 173 346 692 b
1 2 4 5 7 14 28 42 84 89 173 346 692 b
1 2 4 5 7 14 28 42 84 168 173 346 692 b
1 2 4 5 7 14 28 56 61 112 173 346 692 a
1 2 4 5 7 14 28 56 61 117 173 346 692 b
1 2 4 5 7 14 28 56 84 89 173 346 692 b
1 2 4 5 7 14 28 56 84 168 173 346 692 b
1 2 4 5 7 14 28 56 112 117 173 346 692 b
1 2 4 5 7 14 28 56 112 117 229 346 692 b
1 2 4 5 7 14 28 56 112 117 234 346 692 b
1 2 4 5 7 14 28 56 112 168 173 346 692 b
1 2 4 5 8 13 21 42 84 89 173 346 692 a
1 2 4 5 8 13 21 42 84 168 173 346 692 a
1 2 4 5 8 16 21 42 84 89 173 346 692 a
1 2 4 5 8 16 21 42 84 168 173 346 692 a
1 2 4 5 9 14 28 42 84 89 173 346 692 b
1 2 4 5 9 14 28 42 84 168 173 346 692 b
1 2 4 5 9 14 28 56 61 112 173 346 692 a
1 2 4 5 9 14 28 56 61 117 173 346 692 b
1 2 4 5 9 14 28 56 84 89 173 346 692 b
1 2 4 5 9 14 28 56 84 168 173 346 692 b
1 2 4 5 9 14 28 56 112 117 173 346 692 b
1 2 4 5 9 14 28 56 112 117 229 346 692 b
1 2 4 5 9 14 28 56 112 117 234 346 692 b
1 2 4 5 9 14 28 56 112 168 173 346 692 b
1 2 4 5 9 18 23 41 82 91 173 346 692 b
1 2 4 5 9 18 23 41 82 164 173 346 692 b
1 2 4 5 9 18 23 41 82 164 182 346 692 b
1 2 4 5 9 18 23 41 82 164 328 346 692 b
1 2 4 5 9 18 36 41 82 91 173 346 692 b
1 2 4 5 9 18 36 41 82 164 173 346 692 b
1 2 4 5 9 18 36 41 82 164 182 346 692 b
1 2 4 5 9 18 36 41 82 164 328 346 692 b
1 2 4 5 9 18 36 41 82 164 328 364 692 b
1 2 4 5 9 18 36 41 82 164 328 656 692 b
1 2 4 5 10 11 21 42 84 89 173 346 692 b
1 2 4 5 10 11 21 42 84 168 173 346 692 b
1 2 4 5 10 11 21 42 84 168 178 346 692 b
1 2 4 5 10 11 21 42 84 168 336 346 692 b
1 2 4 5 10 14 28 42 84 89 173 346 692 b
1 2 4 5 10 14 28 42 84 168 173 346 692 b
1 2 4 5 10 14 28 42 84 168 178 346 692 b
1 2 4 5 10 14 28 42 84 168 336 346 692 b
1 2 4 5 10 14 28 56 61 112 173 346 692 a
1 2 4 5 10 14 28 56 61 117 173 346 692 b
1 2 4 5 10 14 28 56 84 89 173 346 692 b
1 2 4 5 10 14 28 56 84 168 173 346 692 b
1 2 4 5 10 14 28 56 84 168 178 346 692 b
1 2 4 5 10 14 28 56 84 168 336 346 692 b
1 2 4 5 10 14 28 56 112 117 173 346 692 b
1 2 4 5 10 14 28 56 112 117 229 346 692 b
1 2 4 5 10 14 28 56 112 117 234 346 692 b
1 2 4 5 10 14 28 56 112 122 224 346 692 a
1 2 4 5 10 14 28 56 112 122 234 346 692 b
1 2 4 5 10 14 28 56 112 168 173 346 692 b
1 2 4 5 10 14 28 56 112 168 178 346 692 b
1 2 4 5 10 14 28 56 112 168 336 346 692 b
1 2 4 5 10 14 28 56 112 224 234 346 692 b
1 2 4 5 10 14 28 56 112 224 234 458 692 b
1 2 4 5 10 14 28 56 112 224 234 468 692 b
1 2 4 5 10 14 28 56 112 224 336 346 692 b
1 2 4 5 10 20 21 42 84 89 173 346 692 b
1 2 4 5 10 20 21 42 84 168 173 346 692 b
1 2 4 5 10 20 21 42 84 168 178 346 692 b
1 2 4 5 10 20 21 42 84 168 336 346 692 b
1 2 4 5 10 20 21 42 84 168 336 356 692 b
1 2 4 5 10 20 21 42 84 168 336 672 692 b
1 2 4 5 10 20 22 42 84 89 173 346 692 b
1 2 4 5 10 20 22 42 84 168 173 346 692 b
1 2 4 5 10 20 22 42 84 168 178 346 692 b
1 2 4 5 10 20 22 42 84 168 336 346 692 b
1 2 4 5 10 20 22 42 84 168 336 356 692 b
1 2 4 5 10 20 22 42 84 168 336 672 692 b
1 2 4 5 10 20 40 42 84 89 173 346 692 b
1 2 4 5 10 20 40 42 84 168 173 346 692 b
1 2 4 5 10 20 40 42 84 168 178 346 692 b
1 2 4 5 10 20 40 42 84 168 336 346 692 b
1 2 4 5 10 20 40 42 84 168 336 356 692 b
1 2 4 5 10 20 40 42 84 168 336 672 692 b
1 2 4 5 10 20 40 44 84 89 173 346 692 b
1 2 4 5 10 20 40 44 84 168 173 346 692 b
1 2 4 5 10 20 40 44 84 168 178 346 692 b
1 2 4 5 10 20 40 44 84 168 336 346 692 b
1 2 4 5 10 20 40 44 84 168 336 356 692 b
1 2 4 5 10 20 40 44 84 168 336 672 692 b
1 2 4 5 10 20 40 80 84 89 173 346 692 b
1 2 4 5 10 20 40 80 84 168 173 346 692 b
1 2 4 5 10 20 40 80 84 168 178 346 692 b
1 2 4 5 10 20 40 80 84 168 336 346 692 b
1 2 4 5 10 20 40 80 84 168 336 356 692 b
1 2 4 5 10 20 40 80 84 168 336 672 692 b
1 2 4 6 7 13 20 40 80 93 173 346 692 b
1 2 4 6 7 13 20 40 80 160 173 346 692 b
1 2 4 6 10 11 21 42 84 168 178 346 692 b
1 2 4 6 10 11 21 42 84 168 336 346 692 b
1 2 4 6 10 14 28 42 84 168 178 346 692 b
1 2 4 6 10 14 28 42 84 168 336 346 692 b
1 2 4 6 10 14 28 56 84 168 178 346 692 b
1 2 4 6 10 14 28 56 84 168 336 346 692 b
1 2 4 6 10 14 28 56 112 122 224 346 692 a
1 2 4 6 10 14 28 56 112 122 234 346 692 b
1 2 4 6 10 14 28 56 112 168 178 346 692 b
1 2 4 6 10 14 28 56 112 168 336 346 692 b
1 2 4 6 10 14 28 56 112 224 234 346 692 b
1 2 4 6 10 14 28 56 112 224 234 458 692 b
1 2 4 6 10 14 28 56 112 224 234 468 692 b
1 2 4 6 10 14 28 56 112 224 336 346 692 b
1 2 4 6 10 16 26 42 84 168 178 346 692 b
1 2 4 6 10 16 26 42 84 168 336 346 692 b
1 2 4 6 10 16 32 42 84 168 178 346 692 b
1 2 4 6 10 16 32 42 84 168 336 346 692 b
1 2 4 6 10 20 21 42 84 168 178 346 692 b
1 2 4 6 10 20 21 42 84 168 336 346 692 b
1 2 4 6 10 20 21 42 84 168 336 356 692 b
1 2 4 6 10 20 21 42 84 168 336 672 692 b
1 2 4 6 10 20 22 42 84 168 178 346 692 b
1 2 4 6 10 20 22 42 84 168 336 346 692 b
1 2 4 6 10 20 22 42 84 168 336 356 692 b
1 2 4 6 10 20 22 42 84 168 336 672 692 b
1 2 4 6 10 20 26 40 80 160 186 346 692 a
1 2 4 6 10 20 26 40 80 160 320 346 692 a
1 2 4 6 10 20 40 42 84 168 178 346 692 b
1 2 4 6 10 20 40 42 84 168 336 346 692 b
1 2 4 6 10 20 40 42 84 168 336 356 692 b
1 2 4 6 10 20 40 42 84 168 336 672 692 b
1 2 4 6 10 20 40 44 84 168 178 346 692 b
1 2 4 6 10 20 40 44 84 168 336 346 692 b
1 2 4 6 10 20 40 44 84 168 336 356 692 b
1 2 4 6 10 20 40 44 84 168 336 672 692 b
1 2 4 6 10 20 40 46 86 87 173 346 692 b
1 2 4 6 10 20 40 46 86 172 173 346 692 b
1 2 4 6 10 20 40 46 86 172 174 346 692 b
1 2 4 6 10 20 40 46 86 172 344 346 692 b
1 2 4 6 10 20 40 46 86 172 344 348 692 b
1 2 4 6 10 20 40 46 86 172 344 688 692 b
1 2 4 6 10 20 40 80 84 168 178 346 692 b
1 2 4 6 10 20 40 80 84 168 336 346 692 b
1 2 4 6 10 20 40 80 84 168 336 356 692 b
1 2 4 6 10 20 40 80 84 168 336 672 692 b
1 2 4 6 10 20 40 80 86 87 173 346 692 b
1 2 4 6 10 20 40 80 86 172 173 346 692 b
1 2 4 6 10 20 40 80 86 172 174 346 692 b
1 2 4 6 10 20 40 80 86 172 344 346 692 b
1 2 4 6 10 20 40 80 86 172 344 348 692 b
1 2 4 6 10 20 40 80 86 172 344 688 692 b
1 2 4 6 10 20 40 80 90 170 176 346 692 b
1 2 4 6 10 20 40 80 90 170 340 346 692 b
1 2 4 6 10 20 40 80 160 166 180 346 692 a
1 2 4 6 10 20 40 80 160 166 186 346 692 b
1 2 4 6 10 20 40 80 160 166 326 346 692 b
1 2 4 6 10 20 40 80 160 166 326 366 692 b
1 2 4 6 10 20 40 80 160 166 326 652 692 b
1 2 4 6 10 20 40 80 160 170 176 346 692 b
1 2 4 6 10 20 40 80 160 170 340 346 692 b
1 2 4 6 10 20 40 80 160 180 186 346 692 b
1 2 4 6 10 20 40 80 160 180 340 346 692 b
1 2 4 6 10 20 40 80 160 320 326 346 692 b
1 2 4 6 10 20 40 80 160 320 326 366 692 b
1 2 4 6 10 20 40 80 160 320 326 652 692 b
1 2 4 6 10 20 40 80 160 320 340 346 692 b
1 2 4 6 12 13 25 37 74 99 173 346 692 b
1 2 4 6 12 13 25 37 74 148 173 346 692 b
1 2 4 6 12 14 26 40 80 160 186 346 692 b
1 2 4 6 12 14 26 40 80 160 320 346 692 b
1 2 4 6 12 24 25 37 74 99 173 346 692 b
1 2 4 6 12 24 25 37 74 148 173 346 692 b
1 2 4 6 12 24 25 49 74 99 173 346 692 b
1 2 4 6 12 24 25 49 74 148 173 346 692 b
1 2 4 6 12 24 25 50 74 99 173 346 692 b
1 2 4 6 12 24 25 50 74 148 173 346 692 b
1 2 4 6 12 24 25 50 74 148 198 346 692 b
1 2 4 6 12 24 25 50 74 148 296 346 692 b
1 2 4 6 12 24 26 50 74 148 198 346 692 b
1 2 4 6 12 24 26 50 74 148 296 346 692 b
1 2 4 6 12 24 28 52 80 160 320 372 692 b
1 2 4 6 12 24 28 52 80 160 320 640 692 b
1 2 4 6 12 24 48 50 74 148 198 346 692 b
1 2 4 6 12 24 48 50 74 148 296 346 692 b
1 2 4 6 12 24 48 50 98 148 198 346 692 b
1 2 4 6 12 24 48 50 98 148 296 346 692 b
1 2 4 6 12 24 48 50 100 148 198 346 692 b
1 2 4 6 12 24 48 50 100 148 296 346 692 b
1 2 4 6 12 24 48 50 100 148 296 396 692 b
1 2 4 6 12 24 48 50 100 148 296 592 692 b
1 2 4 6 12 24 48 52 100 148 296 396 692 b
1 2 4 6 12 24 48 52 100 148 296 592 692 b
1 2 4 6 12 24 48 96 100 148 296 396 692 b
1 2 4 6 12 24 48 96 100 148 296 592 692 b
1 2 4 6 12 24 48 96 100 196 296 396 692 b
1 2 4 6 12 24 48 96 100 196 296 592 692 b
1 2 4 6 12 24 48 96 100 200 296 396 692 b
1 2 4 6 12 24 48 96 100 200 296 592 692 b
1 2 4 8 9 16 25 41 66 107 173 346 692 a
1 2 4 8 9 16 25 41 66 132 173 346 692 a
1 2 4 8 9 16 25 41 82 91 173 346 692 a
1 2 4 8 9 16 25 41 82 164 173 346 692 a
1 2 4 8 9 16 32 41 82 91 173 346 692 a
1 2 4 8 9 16 32 41 82 164 173 346 692 a
1 2 4 8 9 17 21 38 76 97 173 346 692 b
1 2 4 8 9 17 21 38 76 152 173 346 692 b
1 2 4 8 9 17 26 43 86 87 173 346 692 b
1 2 4 8 9 17 26 43 86 172 173 346 692 b
1 2 4 8 9 17 26 43 86 172 174 346 692 b
1 2 4 8 9 17 26 43 86 172 344 346 692 b
1 2 4 8 9 17 26 43 86 172 344 348 692 b
1 2 4 8 9 17 26 43 86 172 344 688 692 b
1 2 4 8 9 17 26 52 69 104 173 346 692 a
1 2 4 8 9 17 26 52 69 121 173 346 692 b
1 2 4 8 9 17 26 52 78 95 173 346 692 b
1 2 4 8 9 17 26 52 78 156 173 346 692 b
1 2 4 8 9 17 26 52 104 121 173 346 692 b
1 2 4 8 9 17 26 52 104 121 225 346 692 b
1 2 4 8 9 17 26 52 104 121 242 346 692 b
1 2 4 8 9 17 26 52 104 156 173 346 692 b
1 2 4 8 9 17 34 35 69 104 173 346 692 b
1 2 4 8 9 17 34 35 69 138 173 346 692 b
1 2 4 8 9 17 34 42 76 152 194 346 692 b
1 2 4 8 9 17 34 42 76 152 304 346 692 b
1 2 4 8 9 17 34 43 86 87 173 346 692 b
1 2 4 8 9 17 34 43 86 172 173 346 692 b
1 2 4 8 9 17 34 43 86 172 174 346 692 b
1 2 4 8 9 17 34 43 86 172 344 346 692 b
1 2 4 8 9 17 34 43 86 172 344 348 692 b
1 2 4 8 9 17 34 43 86 172 344 688 692 b
1 2 4 8 9 17 34 68 70 138 208 346 692 b
1 2 4 8 9 17 34 68 70 138 276 346 692 b
1 2 4 8 9 17 34 68 136 140 276 416 692 b
1 2 4 8 9 17 34 68 136 140 276 552 692 b
1 2 4 8 10 11 21 42 84 168 178 346 692 b
1 2 4 8 10 11 21 42 84 168 336 346 692 b
1 2 4 8 10 14 28 42 84 168 178 346 692 b
1 2 4 8 10 14 28 42 84 168 336 346 692 b
1 2 4 8 10 14 28 56 84 168 178 346 692 b
1 2 4 8 10 14 28 56 84 168 336 346 692 b
1 2 4 8 10 14 28 56 112 122 224 346 692 a
1 2 4 8 10 14 28 56 112 122 234 346 692 b
1 2 4 8 10 14 28 56 112 168 178 346 692 b
1 2 4 8 10 14 28 56 112 168 336 346 692 b
1 2 4 8 10 14 28 56 112 224 234 346 692 b
1 2 4 8 10 14 28 56 112 224 234 458 692 b
1 2 4 8 10 14 28 56 112 224 234 468 692 b
1 2 4 8 10 14 28 56 112 224 336 346 692 b
1 2 4 8 10 16 26 42 84 168 178 346 692 a
1 2 4 8 10 16 26 42 84 168 336 346 692 a
1 2 4 8 10 16 32 42 84 168 178 346 692 a
1 2 4 8 10 16 32 42 84 168 336 346 692 a
1 2 4 8 10 18 28 56 84 168 178 346 692 b
1 2 4 8 10 18 28 56 84 168 336 346 692 b
1 2 4 8 10 18 28 56 112 122 224 346 692 a
1 2 4 8 10 18 28 56 112 122 234 346 692 b
1 2 4 8 10 18 28 56 112 168 178 346 692 b
1 2 4 8 10 18 28 56 112 168 336 346 692 b
1 2 4 8 10 18 28 56 112 224 234 346 692 b
1 2 4 8 10 18 28 56 112 224 234 458 692 b
1 2 4 8 10 18 28 56 112 224 234 468 692 b
1 2 4 8 10 18 28 56 112 224 336 346 692 b
1 2 4 8 10 18 36 46 82 164 182 346 692 b
1 2 4 8 10 18 36 46 82 164 328 346 692 b
1 2 4 8 10 18 36 46 82 164 328 364 692 b
1 2 4 8 10 18 36 46 82 164 328 656 692 b
1 2 4 8 10 18 36 72 82 164 182 346 692 b
1 2 4 8 10 18 36 72 82 164 328 346 692 b
1 2 4 8 10 18 36 72 82 164 328 364 692 b
1 2 4 8 10 18 36 72 82 164 328 656 692 b
1 2 4 8 10 20 21 42 84 168 178 346 692 b
1 2 4 8 10 20 21 42 84 168 336 346 692 b
1 2 4 8 10 20 21 42 84 168 336 356 692 b
1 2 4 8 10 20 21 42 84 168 336 672 692 b
1 2 4 8 10 20 22 42 84 168 178 346 692 b
1 2 4 8 10 20 22 42 84 168 336 346 692 b
1 2 4 8 10 20 22 42 84 168 336 356 692 b
1 2 4 8 10 20 22 42 84 168 336 672 692 b
1 2 4 8 10 20 28 56 84 168 178 346 692 b
1 2 4 8 10 20 28 56 84 168 336 346 692 b
1 2 4 8 10 20 28 56 84 168 336 356 692 b
1 2 4 8 10 20 28 56 84 168 336 672 692 b
1 2 4 8 10 20 28 56 112 122 224 346 692 a
1 2 4 8 10 20 28 56 112 122 234 346 692 b
1 2 4 8 10 20 28 56 112 168 178 346 692 b
1 2 4 8 10 20 28 56 112 168 336 346 692 b
1 2 4 8 10 20 28 56 112 168 336 356 692 b
1 2 4 8 10 20 28 56 112 168 336 672 692 b
1 2 4 8 10 20 28 56 112 224 234 346 692 b
1 2 4 8 10 20 28 56 112 224 234 458 692 b
1 2 4 8 10 20 28 56 112 224 234 468 692 b
1 2 4 8 10 20 28 56 112 224 244 448 692 a
1 2 4 8 10 20 28 56 112 224 244 468 692 b
1 2 4 8 10 20 28 56 112 224 336 346 692 b
1 2 4 8 10 20 28 56 112 224 336 356 692 b
1 2 4 8 10 20 28 56 112 224 336 672 692 b
1 2 4 8 10 20 28 56 112 224 448 468 692 b
1 2 4 8 10 20 28 56 112 224 448 672 692 b
1 2 4 8 10 20 40 42 84 168 178 346 692 b
1 2 4 8 10 20 40 42 84 168 336 346 692 b
1 2 4 8 10 20 40 42 84 168 336 356 692 b
1 2 4 8 10 20 40 42 84 168 336 672 692 b
1 2 4 8 10 20 40 44 84 168 178 346 692 b
1 2 4 8 10 20 40 44 84 168 336 346 692 b
1 2 4 8 10 20 40 44 84 168 336 356 692 b
1 2 4 8 10 20 40 44 84 168 336 672 692 b
1 2 4 8 10 20 40 80 84 168 178 346 692 b
1 2 4 8 10 20 40 80 84 168 336 346 692 b
1 2 4 8 10 20 40 80 84 168 336 356 692 b
1 2 4 8 10 20 40 80 84 168 336 672 692 b
1 2 4 8 10 20 40 80 88 168 178 346 692 b
1 2 4 8 10 20 40 80 88 168 336 346 692 b
1 2 4 8 10 20 40 80 88 168 336 356 692 b
1 2 4 8 10 20 40 80 88 168 336 672 692 b
1 2 4 8 10 20 40 80 160 168 178 346 692 b
1 2 4 8 10 20 40 80 160 168 336 346 692 b
1 2 4 8 10 20 40 80 160 168 336 356 692 b
1 2 4 8 10 20 40 80 160 168 336 672 692 b
1 2 4 8 12 13 20 40 80 93 173 346 692 a
1 2 4 8 12 13 20 40 80 160 173 346 692 a
1 2 4 8 12 13 25 37 74 99 173 346 692 b
1 2 4 8 12 13 25 37 74 148 173 346 692 b
1 2 4 8 12 14 26 40 80 160 186 346 692 b
1 2 4 8 12 14 26 40 80 160 320 346 692 b
1 2 4 8 12 20 21 42 84 168 336 356 692 b
1 2 4 8 12 20 21 42 84 168 336 672 692 b
1 2 4 8 12 20 22 42 84 168 336 356 692 b
1 2 4 8 12 20 22 42 84 168 336 672 692 b
1 2 4 8 12 20 28 56 84 168 336 356 692 b
1 2 4 8 12 20 28 56 84 168 336 672 692 b
1 2 4 8 12 20 28 56 112 168 336 356 692 b
1 2 4 8 12 20 28 56 112 168 336 672 692 b
1 2 4 8 12 20 28 56 112 224 244 448 692 a
1 2 4 8 12 20 28 56 112 224 244 468 692 b
1 2 4 8 12 20 28 56 112 224 336 356 692 b
1 2 4 8 12 20 28 56 112 224 336 672 692 b
1 2 4 8 12 20 28 56 112 224 448 468 692 b
1 2 4 8 12 20 28 56 112 224 448 672 692 b
1 2 4 8 12 20 32 52 84 168 336 356 692 b
1 2 4 8 12 20 32 52 84 168 336 672 692 b
1 2 4 8 12 20 32 64 84 168 336 356 692 b
1 2 4 8 12 20 32 64 84 168 336 672 692 b
1 2 4 8 12 20 40 42 84 168 336 356 692 b
1 2 4 8 12 20 40 42 84 168 336 672 692 b
1 2 4 8 12 20 40 44 84 168 336 356 692 b
1 2 4 8 12 20 40 44 84 168 336 672 692 b
1 2 4 8 12 20 40 52 80 160 320 372 692 a
1 2 4 8 12 20 40 52 80 160 320 640 692 a
1 2 4 8 12 20 40 80 81 92 173 346 692 a
1 2 4 8 12 20 40 80 81 93 173 346 692 b
1 2 4 8 12 20 40 80 81 161 173 346 692 b
1 2 4 8 12 20 40 80 84 168 336 356 692 b
1 2 4 8 12 20 40 80 84 168 336 672 692 b
1 2 4 8 12 20 40 80 88 168 336 356 692 b
1 2 4 8 12 20 40 80 88 168 336 672 692 b
1 2 4 8 12 20 40 80 92 93 173 346 692 b
1 2 4 8 12 20 40 80 92 172 173 346 692 b
1 2 4 8 12 20 40 80 92 172 174 346 692 b
1 2 4 8 12 20 40 80 92 172 344 346 692 b
1 2 4 8 12 20 40 80 92 172 344 348 692 b
1 2 4 8 12 20 40 80 92 172 344 688 692 b
1 2 4 8 12 20 40 80 160 161 173 346 692 b
1 2 4 8 12 20 40 80 160 168 336 356 692 b
1 2 4 8 12 20 40 80 160 168 336 672 692 b
1 2 4 8 12 20 40 80 160 172 173 346 692 b
1 2 4 8 12 20 40 80 160 172 174 346 692 b
1 2 4 8 12 20 40 80 160 172 344 346 692 b
1 2 4 8 12 20 40 80 160 172 344 348 692 b
1 2 4 8 12 20 40 80 160 172 344 688 692 b
1 2 4 8 12 20 40 80 160 180 340 352 692 b
1 2 4 8 12 20 40 80 160 180 340 680 692 b
1 2 4 8 12 20 40 80 160 320 332 360 692 a
1 2 4 8 12 20 40 80 160 320 332 372 692 b
1 2 4 8 12 20 40 80 160 320 332 652 692 b
1 2 4 8 12 20 40 80 160 320 340 352 692 b
1 2 4 8 12 20 40 80 160 320 340 680 692 b
1 2 4 8 12 20 40 80 160 320 360 372 692 b
1 2 4 8 12 20 40 80 160 320 360 680 692 b
1 2 4 8 12 20 40 80 160 320 640 652 692 b
1 2 4 8 12 20 40 80 160 320 640 680 692 b
1 2 4 8 12 24 25 37 74 99 173 346 692 b
1 2 4 8 12 24 25 37 74 148 173 346 692 b
1 2 4 8 12 24 25 49 74 99 173 346 692 b
1 2 4 8 12 24 25 49 74 148 173 346 692 b
1 2 4 8 12 24 25 50 74 99 173 346 692 b
1 2 4 8 12 24 25 50 74 148 173 346 692 b
1 2 4 8 12 24 25 50 74 148 198 346 692 b
1 2 4 8 12 24 25 50 74 148 296 346 692 b
1 2 4 8 12 24 26 50 74 148 198 346 692 b
1 2 4 8 12 24 26 50 74 148 296 346 692 b
1 2 4 8 12 24 28 52 80 160 320 372 692 b
1 2 4 8 12 24 28 52 80 160 320 640 692 b
1 2 4 8 12 24 48 50 74 148 198 346 692 b
1 2 4 8 12 24 48 50 74 148 296 346 692 b
1 2 4 8 12 24 48 50 98 148 198 346 692 b
1 2 4 8 12 24 48 50 98 148 296 346 692 b
1 2 4 8 12 24 48 50 100 148 198 346 692 b
1 2 4 8 12 24 48 50 100 148 296 346 692 b
1 2 4 8 12 24 48 50 100 148 296 396 692 b
1 2 4 8 12 24 48 50 100 148 296 592 692 b
1 2 4 8 12 24 48 52 100 148 296 396 692 b
1 2 4 8 12 24 48 52 100 148 296 592 692 b
1 2 4 8 12 24 48 96 100 148 296 396 692 b
1 2 4 8 12 24 48 96 100 148 296 592 692 b
1 2 4 8 12 24 48 96 100 196 296 396 692 b
1 2 4 8 12 24 48 96 100 196 296 592 692 b
1 2 4 8 12 24 48 96 100 200 296 396 692 b
1 2 4 8 12 24 48 96 100 200 296 592 692 b
1 2 4 8 16 17 21 38 76 97 173 346 692 b
1 2 4 8 16 17 21 38 76 152 173 346 692 b
1 2 4 8 16 17 25 41 66 107 173 346 692 b
1 2 4 8 16 17 25 41 66 132 173 346 692 b
1 2 4 8 16 17 33 35 70 103 173 346 692 b
1 2 4 8 16 17 33 35 70 140 173 346 692 b
1 2 4 8 16 17 33 37 70 103 173 346 692 b
1 2 4 8 16 17 33 37 70 140 173 346 692 b
1 2 4 8 16 17 33 41 66 107 173 346 692 a
1 2 4 8 16 17 33 41 66 132 173 346 692 a
1 2 4 8 16 17 33 66 70 103 173 346 692 b
1 2 4 8 16 17 33 66 70 140 173 346 692 b
1 2 4 8 16 17 33 66 70 140 206 346 692 b
1 2 4 8 16 17 33 66 70 140 280 346 692 b
1 2 4 8 16 17 33 66 74 99 173 346 692 a
1 2 4 8 16 17 33 66 74 107 173 346 692 b
1 2 4 8 16 17 33 66 74 140 173 346 692 b
1 2 4 8 16 17 33 66 74 140 206 346 692 b
1 2 4 8 16 17 33 66 74 140 280 346 692 b
1 2 4 8 16 17 33 66 82 132 214 346 692 a
1 2 4 8 16 17 33 66 82 132 264 346 692 a
1 2 4 8 16 17 33 66 99 107 173 346 692 b
1 2 4 8 16 17 33 66 99 165 173 346 692 b
1 2 4 8 16 17 33 66 99 165 181 346 692 b
1 2 4 8 16 17 33 66 99 165 330 346 692 b
1 2 4 8 16 17 33 66 132 140 173 346 692 b
1 2 4 8 16 17 33 66 132 140 206 346 692 b
1 2 4 8 16 17 33 66 132 140 280 346 692 b
1 2 4 8 16 17 33 66 132 140 280 412 692 b
1 2 4 8 16 17 33 66 132 140 280 560 692 b
1 2 4 8 16 17 33 66 132 148 198 346 692 a
1 2 4 8 16 17 33 66 132 148 214 346 692 b
1 2 4 8 16 17 33 66 132 148 280 346 692 b
1 2 4 8 16 17 33 66 132 148 280 412 692 b
1 2 4 8 16 17 33 66 132 148 280 560 692 b
1 2 4 8 16 17 33 66 132 165 173 346 692 b
1 2 4 8 16 17 33 66 132 165 181 346 692 b
1 2 4 8 16 17 33 66 132 165 330 346 692 b
1 2 4 8 16 17 33 66 132 198 214 346 692 b
1 2 4 8 16 17 33 66 132 198 330 346 692 b
1 2 4 8 16 17 33 66 132 264 280 346 692 b
1 2 4 8 16 17 33 66 132 264 280 412 692 b
1 2 4 8 16 17 33 66 132 264 280 560 692 b
1 2 4 8 16 17 33 66 132 264 330 346 692 b
1 2 4 8 16 17 34 35 69 104 173 346 692 b
1 2 4 8 16 17 34 35 69 138 173 346 692 b
1 2 4 8 16 17 34 42 76 152 194 346 692 b
1 2 4 8 16 17 34 42 76 152 304 346 692 b
1 2 4 8 16 17 34 68 70 138 208 346 692 b
1 2 4 8 16 17 34 68 70 138 276 346 692 b
1 2 4 8 16 17 34 68 84 152 304 388 692 b
1 2 4 8 16 17 34 68 84 152 304 608 692 b
1 2 4 8 16 17 34 68 136 140 276 416 692 b
1 2 4 8 16 17 34 68 136 140 276 552 692 b
1 2 4 8 16 18 32 50 82 132 214 346 692 a
1 2 4 8 16 18 32 50 82 132 264 346 692 a
1 2 4 8 16 18 32 50 82 164 182 346 692 a
1 2 4 8 16 18 32 50 82 164 328 346 692 a
1 2 4 8 16 18 32 64 82 164 182 346 692 a
1 2 4 8 16 18 32 64 82 164 328 346 692 a
1 2 4 8 16 18 34 35 69 104 173 346 692 b
1 2 4 8 16 18 34 35 69 138 173 346 692 b
1 2 4 8 16 18 34 42 76 152 194 346 692 b
1 2 4 8 16 18 34 42 76 152 304 346 692 b
1 2 4 8 16 18 34 52 86 87 173 346 692 b
1 2 4 8 16 18 34 52 86 172 173 346 692 b
1 2 4 8 16 18 34 52 86 172 174 346 692 b
1 2 4 8 16 18 34 52 86 172 344 346 692 b
1 2 4 8 16 18 34 52 86 172 344 348 692 b
1 2 4 8 16 18 34 52 86 172 344 688 692 b
1 2 4 8 16 18 34 52 104 138 208 346 692 a
1 2 4 8 16 18 34 52 104 138 242 346 692 b
1 2 4 8 16 18 34 52 104 156 190 346 692 b
1 2 4 8 16 18 34 52 104 156 312 346 692 b
1 2 4 8 16 18 34 52 104 208 242 346 692 b
1 2 4 8 16 18 34 52 104 208 242 450 692 b
1 2 4 8 16 18 34 52 104 208 242 484 692 b
1 2 4 8 16 18 34 52 104 208 312 346 692 b
1 2 4 8 16 18 34 68 70 138 208 346 692 b
1 2 4 8 16 18 34 68 70 138 276 346 692 b
1 2 4 8 16 18 34 68 84 152 304 388 692 b
1 2 4 8 16 18 34 68 84 152 304 608 692 b
1 2 4 8 16 18 34 68 86 87 173 346 692 b
1 2 4 8 16 18 34 68 86 172 173 346 692 b
1 2 4 8 16 18 34 68 86 172 174 346 692 b
1 2 4 8 16 18 34 68 86 172 344 346 692 b
1 2 4 8 16 18 34 68 86 172 344 348 692 b
1 2 4 8 16 18 34 68 86 172 344 688 692 b
1 2 4 8 16 18 34 68 136 140 276 416 692 b
1 2 4 8 16 18 34 68 136 140 276 552 692 b
1 2 4 8 16 20 21 42 84 168 336 356 692 b
1 2 4 8 16 20 21 42 84 168 336 672 692 b
1 2 4 8 16 20 22 42 84 168 336 356 692 b
1 2 4 8 16 20 22 42 84 168 336 672 692 b
1 2 4 8 16 20 28 56 84 168 336 356 692 b
1 2 4 8 16 20 28 56 84 168 336 672 692 b
1 2 4 8 16 20 28 56 112 168 336 356 692 b
1 2 4 8 16 20 28 56 112 168 336 672 692 b
1 2 4 8 16 20 28 56 112 224 244 448 692 a
1 2 4 8 16 20 28 56 112 224 244 468 692 b
1 2 4 8 16 20 28 56 112 224 336 356 692 b
1 2 4 8 16 20 28 56 112 224 336 672 692 b
1 2 4 8 16 20 28 56 112 224 448 468 692 b
1 2 4 8 16 20 28 56 112 224 448 672 692 b
1 2 4 8 16 20 32 52 84 168 336 356 692 a
1 2 4 8 16 20 32 52 84 168 336 672 692 a
1 2 4 8 16 20 32 64 84 168 336 356 692 a
1 2 4 8 16 20 32 64 84 168 336 672 692 a
1 2 4 8 16 20 36 56 112 168 336 356 692 b
1 2 4 8 16 20 36 56 112 168 336 672 692 b
1 2 4 8 16 20 36 56 112 224 244 448 692 a
1 2 4 8 16 20 36 56 112 224 244 468 692 b
1 2 4 8 16 20 36 56 112 224 336 356 692 b
1 2 4 8 16 20 36 56 112 224 336 672 692 b
1 2 4 8 16 20 36 56 112 224 448 468 692 b
1 2 4 8 16 20 36 56 112 224 448 672 692 b
1 2 4 8 16 20 36 72 92 164 328 364 692 b
1 2 4 8 16 20 36 72 92 164 328 656 692 b
1 2 4 8 16 20 36 72 144 164 328 364 692 b
1 2 4 8 16 20 36 72 144 164 328 656 692 b
1 2 4 8 16 20 40 42 84 168 336 356 692 b
1 2 4 8 16 20 40 42 84 168 336 672 692 b
1 2 4 8 16 20 40 44 84 168 336 356 692 b
1 2 4 8 16 20 40 44 84 168 336 672 692 b
1 2 4 8 16 20 40 56 112 168 336 356 692 b
1 2 4 8 16 20 40 56 112 168 336 672 692 b
1 2 4 8 16 20 40 56 112 224 244 448 692 a
1 2 4 8 16 20 40 56 112 224 244 468 692 b
1 2 4 8 16 20 40 56 112 224 336 356 692 b
1 2 4 8 16 20 40 56 112 224 336 672 692 b
1 2 4 8 16 20 40 56 112 224 448 468 692 b
1 2 4 8 16 20 40 56 112 224 448 672 692 b
1 2 4 8 16 20 40 80 84 168 336 356 692 b
1 2 4 8 16 20 40 80 84 168 336 672 692 b
1 2 4 8 16 20 40 80 88 168 336 356 692 b
1 2 4 8 16 20 40 80 88 168 336 672 692 b
1 2 4 8 16 20 40 80 160 168 336 356 692 b
1 2 4 8 16 20 40 80 160 168 336 672 692 b
1 2 4 8 16 20 40 80 160 176 336 356 692 b
1 2 4 8 16 20 40 80 160 176 336 672 692 b
1 2 4 8 16 20 40 80 160 320 336 356 692 b
1 2 4 8 16 20 40 80 160 320 336 672 692 b
1 2 4 8 16 24 25 41 66 107 173 346 692 b
1 2 4 8 16 24 25 41 66 132 173 346 692 b
1 2 4 8 16 24 25 49 74 99 173 346 692 b
1 2 4 8 16 24 25 49 74 148 173 346 692 b
1 2 4 8 16 24 25 50 74 99 173 346 692 b
1 2 4 8 16 24 25 50 74 148 173 346 692 b
1 2 4 8 16 24 25 50 74 148 198 346 692 b
1 2 4 8 16 24 25 50 74 148 296 346 692 b
1 2 4 8 16 24 26 40 80 160 186 346 692 a
1 2 4 8 16 24 26 40 80 160 320 346 692 a
1 2 4 8 16 24 26 50 74 148 198 346 692 b
1 2 4 8 16 24 26 50 74 148 296 346 692 b
1 2 4 8 16 24 28 52 80 160 320 372 692 b
1 2 4 8 16 24 28 52 80 160 320 640 692 b
1 2 4 8 16 24 40 80 81 161 185 346 692 b
1 2 4 8 16 24 40 80 81 161 322 346 692 b
1 2 4 8 16 24 40 80 160 161 185 346 692 b
1 2 4 8 16 24 40 80 160 161 322 346 692 b
1 2 4 8 16 24 40 80 160 162 184 346 692 a
1 2 4 8 16 24 40 80 160 162 186 346 692 b
1 2 4 8 16 24 40 80 160 162 322 346 692 b
1 2 4 8 16 24 40 80 160 184 186 346 692 b
1 2 4 8 16 24 40 80 160 184 344 346 692 b
1 2 4 8 16 24 40 80 160 184 344 348 692 b
1 2 4 8 16 24 40 80 160 184 344 688 692 b
1 2 4 8 16 24 40 80 160 320 322 346 692 b
1 2 4 8 16 24 40 80 160 320 344 346 692 b
1 2 4 8 16 24 40 80 160 320 344 348 692 b
1 2 4 8 16 24 40 80 160 320 344 688 692 b
1 2 4 8 16 24 48 50 74 148 198 346 692 b
1 2 4 8 16 24 48 50 74 148 296 346 692 b
1 2 4 8 16 24 48 50 98 148 198 346 692 b
1 2 4 8 16 24 48 50 98 148 296 346 692 b
1 2 4 8 16 24 48 50 100 148 198 346 692 b
1 2 4 8 16 24 48 50 100 148 296 346 692 b
1 2 4 8 16 24 48 50 100 148 296 396 692 b
1 2 4 8 16 24 48 50 100 148 296 592 692 b
1 2 4 8 16 24 48 52 100 148 296 396 692 b
1 2 4 8 16 24 48 52 100 148 296 592 692 b
1 2 4 8 16 24 48 96 100 148 296 396 692 b
1 2 4 8 16 24 48 96 100 148 296 592 692 b
1 2 4 8 16 24 48 96 100 196 296 396 692 b
1 2 4 8 16 24 48 96 100 196 296 592 692 b
1 2 4 8 16 24 48 96 100 200 296 396 692 b
1 2 4 8 16 24 48 96 100 200 296 592 692 b
1 2 4 8 16 32 33 35 70 103 173 346 692 b
1 2 4 8 16 32 33 35 70 140 173 346 692 b
1 2 4 8 16 32 33 37 70 103 173 346 692 b
1 2 4 8 16 32 33 37 70 140 173 346 692 b
1 2 4 8 16 32 33 41 66 107 173 346 692 a
1 2 4 8 16 32 33 41 66 132 173 346 692 a
1 2 4 8 16 32 33 66 70 103 173 346 692 b
1 2 4 8 16 32 33 66 70 140 173 346 692 b
1 2 4 8 16 32 33 66 70 140 206 346 692 b
1 2 4 8 16 32 33 66 70 140 280 346 692 b
1 2 4 8 16 32 33 66 74 99 173 346 692 a
1 2 4 8 16 32 33 66 74 107 173 346 692 b
1 2 4 8 16 32 33 66 74 140 173 346 692 b
1 2 4 8 16 32 33 66 74 140 206 346 692 b
1 2 4 8 16 32 33 66 74 140 280 346 692 b
1 2 4 8 16 32 33 66 82 132 214 346 692 a
1 2 4 8 16 32 33 66 82 132 264 346 692 a
1 2 4 8 16 32 33 66 99 107 173 346 692 b
1 2 4 8 16 32 33 66 99 165 173 346 692 b
1 2 4 8 16 32 33 66 99 165 181 346 692 b
1 2 4 8 16 32 33 66 99 165 330 346 692 b
1 2 4 8 16 32 33 66 99 165 330 362 692 b
1 2 4 8 16 32 33 66 99 165 330 660 692 b
1 2 4 8 16 32 33 66 132 140 173 346 692 b
1 2 4 8 16 32 33 66 132 140 206 346 692 b
1 2 4 8 16 32 33 66 132 140 280 346 692 b
1 2 4 8 16 32 33 66 132 140 280 412 692 b
1 2 4 8 16 32 33 66 132 140 280 560 692 b
1 2 4 8 16 32 33 66 132 148 198 346 692 a
1 2 4 8 16 32 33 66 132 148 214 346 692 b
1 2 4 8 16 32 33 66 132 148 280 346 692 b
1 2 4 8 16 32 33 66 132 148 280 412 692 b
1 2 4 8 16 32 33 66 132 148 280 560 692 b
1 2 4 8 16 32 33 66 132 164 264 428 692 a
1 2 4 8 16 32 33 66 132 164 264 528 692 a
1 2 4 8 16 32 33 66 132 165 173 346 692 b
1 2 4 8 16 32 33 66 132 165 181 346 692 b
1 2 4 8 16 32 33 66 132 165 330 346 692 b
1 2 4 8 16 32 33 66 132 165 330 362 692 b
1 2 4 8 16 32 33 66 132 165 330 660 692 b
1 2 4 8 16 32 33 66 132 198 214 346 692 b
1 2 4 8 16 32 33 66 132 198 330 346 692 b
1 2 4 8 16 32 33 66 132 198 330 362 692 b
1 2 4 8 16 32 33 66 132 198 330 660 692 b
1 2 4 8 16 32 33 66 132 264 280 346 692 b
1 2 4 8 16 32 33 66 132 264 280 412 692 b
1 2 4 8 16 32 33 66 132 264 280 560 692 b
1 2 4 8 16 32 33 66 132 264 296 396 692 a
1 2 4 8 16 32 33 66 132 264 296 428 692 b
1 2 4 8 16 32 33 66 132 264 296 560 692 b
1 2 4 8 16 32 33 66 132 264 330 346 692 b
1 2 4 8 16 32 33 66 132 264 330 362 692 b
1 2 4 8 16 32 33 66 132 264 330 660 692 b
1 2 4 8 16 32 33 66 132 264 396 428 692 b
1 2 4 8 16 32 33 66 132 264 396 660 692 b
1 2 4 8 16 32 33 66 132 264 528 560 692 b
1 2 4 8 16 32 33 66 132 264 528 660 692 b
1 2 4 8 16 32 34 35 69 104 173 346 692 b
1 2 4 8 16 32 34 35 69 138 173 346 692 b
1 2 4 8 16 32 34 42 76 152 194 346 692 b
1 2 4 8 16 32 34 42 76 152 304 346 692 b
1 2 4 8 16 32 34 50 82 132 214 346 692 b
1 2 4 8 16 32 34 50 82 132 264 346 692 b
1 2 4 8 16 32 34 66 70 140 206 346 692 b
1 2 4 8 16 32 34 66 70 140 280 346 692 b
1 2 4 8 16 32 34 66 74 140 206 346 692 b
1 2 4 8 16 32 34 66 74 140 280 346 692 b
1 2 4 8 16 32 34 66 82 132 214 346 692 a
1 2 4 8 16 32 34 66 82 132 264 346 692 a
1 2 4 8 16 32 34 66 132 140 206 346 692 b
1 2 4 8 16 32 34 66 132 140 280 346 692 b
1 2 4 8 16 32 34 66 132 140 280 412 692 b
1 2 4 8 16 32 34 66 132 140 280 560 692 b
1 2 4 8 16 32 34 66 132 148 198 346 692 a
1 2 4 8 16 32 34 66 132 148 214 346 692 b
1 2 4 8 16 32 34 66 132 148 280 346 692 b
1 2 4 8 16 32 34 66 132 148 280 412 692 b
1 2 4 8 16 32 34 66 132 148 280 560 692 b
1 2 4 8 16 32 34 66 132 164 264 428 692 a
1 2 4 8 16 32 34 66 132 164 264 528 692 a
1 2 4 8 16 32 34 66 132 198 214 346 692 b
1 2 4 8 16 32 34 66 132 198 330 346 692 b
1 2 4 8 16 32 34 66 132 198 330 362 692 b
1 2 4 8 16 32 34 66 132 198 330 660 692 b
1 2 4 8 16 32 34 66 132 264 280 346 692 b
1 2 4 8 16 32 34 66 132 264 280 412 692 b
1 2 4 8 16 32 34 66 132 264 280 560 692 b
1 2 4 8 16 32 34 66 132 264 296 396 692 a
1 2 4 8 16 32 34 66 132 264 296 428 692 b
1 2 4 8 16 32 34 66 132 264 296 560 692 b
1 2 4 8 16 32 34 66 132 264 330 346 692 b
1 2 4 8 16 32 34 66 132 264 330 362 692 b
1 2 4 8 16 32 34 66 132 264 330 660 692 b
1 2 4 8 16 32 34 66 132 264 396 428 692 b
1 2 4 8 16 32 34 66 132 264 396 660 692 b
1 2 4 8 16 32 34 66 132 264 528 560 692 b
1 2 4 8 16 32 34 66 132 264 528 660 692 b
1 2 4 8 16 32 34 68 70 138 208 346 692 b
1 2 4 8 16 32 34 68 70 138 276 346 692 b
1 2 4 8 16 32 34 68 84 152 304 388 692 b
1 2 4 8 16 32 34 68 84 152 304 608 692 b
1 2 4 8 16 32 34 68 136 140 276 416 692 b
1 2 4 8 16 32 34 68 136 140 276 552 692 b
1 2 4 8 16 32 36 37 68 105 173 346 692 a
1 2 4 8 16 32 36 37 68 136 173 346 692 a
1 2 4 8 16 32 36 64 100 164 264 428 692 a
1 2 4 8 16 32 36 64 100 164 264 528 692 a
1 2 4 8 16 32 36 64 100 164 328 364 692 a
1 2 4 8 16 32 36 64 100 164 328 656 692 a
1 2 4 8 16 32 36 64 128 164 328 364 692 a
1 2 4 8 16 32 36 64 128 164 328 656 692 a
1 2 4 8 16 32 36 68 69 104 173 346 692 a
1 2 4 8 16 32 36 68 69 105 173 346 692 b
1 2 4 8 16 32 36 68 69 137 173 346 692 b
1 2 4 8 16 32 36 68 70 138 208 346 692 b
1 2 4 8 16 32 36 68 70 138 276 346 692 b
1 2 4 8 16 32 36 68 84 152 304 388 692 b
1 2 4 8 16 32 36 68 84 152 304 608 692 b
1 2 4 8 16 32 36 68 104 105 173 346 692 b
1 2 4 8 16 32 36 68 104 172 173 346 692 b
1 2 4 8 16 32 36 68 104 172 174 346 692 b
1 2 4 8 16 32 36 68 104 172 344 346 692 b
1 2 4 8 16 32 36 68 104 172 344 348 692 b
1 2 4 8 16 32 36 68 104 172 344 688 692 b
1 2 4 8 16 32 36 68 104 208 276 416 692 a
1 2 4 8 16 32 36 68 104 208 276 484 692 b
1 2 4 8 16 32 36 68 104 208 312 380 692 b
1 2 4 8 16 32 36 68 104 208 312 624 692 b
1 2 4 8 16 32 36 68 104 208 416 484 692 b
1 2 4 8 16 32 36 68 104 208 416 624 692 b
1 2 4 8 16 32 36 68 136 137 173 346 692 b
1 2 4 8 16 32 36 68 136 140 276 416 692 b
1 2 4 8 16 32 36 68 136 140 276 552 692 b
1 2 4 8 16 32 36 68 136 172 173 346 692 b
1 2 4 8 16 32 36 68 136 172 174 346 692 b
1 2 4 8 16 32 36 68 136 172 344 346 692 b
1 2 4 8 16 32 36 68 136 172 344 348 692 b
1 2 4 8 16 32 36 68 136 172 344 688 692 b
1 2 4 8 16 32 48 50 82 132 214 346 692 b
1 2 4 8 16 32 48 50 82 132 264 346 692 b
1 2 4 8 16 32 48 50 98 148 198 346 692 b
1 2 4 8 16 32 48 50 98 148 296 346 692 b
1 2 4 8 16 32 48 50 100 148 198 346 692 b
1 2 4 8 16 32 48 50 100 148 296 346 692 b
1 2 4 8 16 32 48 50 100 148 296 396 692 b
1 2 4 8 16 32 48 50 100 148 296 592 692 b
1 2 4 8 16 32 48 52 80 160 320 372 692 a
1 2 4 8 16 32 48 52 80 160 320 640 692 a
1 2 4 8 16 32 48 52 100 148 296 396 692 b
1 2 4 8 16 32 48 52 100 148 296 592 692 b
1 2 4 8 16 32 48 80 81 161 322 370 692 b
1 2 4 8 16 32 48 80 81 161 322 644 692 b
1 2 4 8 16 32 48 80 160 161 322 370 692 b
1 2 4 8 16 32 48 80 160 161 322 644 692 b
1 2 4 8 16 32 48 80 160 162 322 370 692 b
1 2 4 8 16 32 48 80 160 162 322 644 692 b
1 2 4 8 16 32 48 80 160 320 322 370 692 b
1 2 4 8 16 32 48 80 160 320 322 644 692 b
1 2 4 8 16 32 48 80 160 320 324 368 692 a
1 2 4 8 16 32 48 80 160 320 324 372 692 b
1 2 4 8 16 32 48 80 160 320 324 644 692 b
1 2 4 8 16 32 48 80 160 320 368 372 692 b
1 2 4 8 16 32 48 80 160 320 368 688 692 b
1 2 4 8 16 32 48 80 160 320 640 644 692 b
1 2 4 8 16 32 48 80 160 320 640 688 692 b
1 2 4 8 16 32 48 96 100 148 296 396 692 b
1 2 4 8 16 32 48 96 100 148 296 592 692 b
1 2 4 8 16 32 48 96 100 196 296 396 692 b
1 2 4 8 16 32 48 96 100 196 296 592 692 b
1 2 4 8 16 32 48 96 100 200 296 396 692 b
1 2 4 8 16 32 48 96 100 200 296 592 692 b
1 2 4 8 16 32 64 65 72 137 209 346 692 a
1 2 4 8 16 32 64 65 72 137 274 346 692 a
1 2 4 8 16 32 64 66 70 140 206 346 692 b
1 2 4 8 16 32 64 66 70 140 280 346 692 b
1 2 4 8 16 32 64 66 74 140 206 346 692 b
1 2 4 8 16 32 64 66 74 140 280 346 692 b
1 2 4 8 16 32 64 66 82 132 214 346 692 a
1 2 4 8 16 32 64 66 82 132 264 346 692 a
1 2 4 8 16 32 64 66 132 140 206 346 692 b
1 2 4 8 16 32 64 66 132 140 280 346 692 b
1 2 4 8 16 32 64 66 132 140 280 412 692 b
1 2 4 8 16 32 64 66 132 140 280 560 692 b
1 2 4 8 16 32 64 66 132 148 198 346 692 a
1 2 4 8 16 32 64 66 132 148 214 346 692 b
1 2 4 8 16 32 64 66 132 148 280 346 692 b
1 2 4 8 16 32 64 66 132 148 280 412 692 b
1 2 4 8 16 32 64 66 132 148 280 560 692 b
1 2 4 8 16 32 64 66 132 164 264 428 692 a
1 2 4 8 16 32 64 66 132 164 264 528 692 a
1 2 4 8 16 32 64 66 132 198 214 346 692 b
1 2 4 8 16 32 64 66 132 198 330 346 692 b
1 2 4 8 16 32 64 66 132 198 330 362 692 b
1 2 4 8 16 32 64 66 132 198 330 660 692 b
1 2 4 8 16 32 64 66 132 264 280 346 692 b
1 2 4 8 16 32 64 66 132 264 280 412 692 b
1 2 4 8 16 32 64 66 132 264 280 560 692 b
1 2 4 8 16 32 64 66 132 264 296 396 692 a
1 2 4 8 16 32 64 66 132 264 296 428 692 b
1 2 4 8 16 32 64 66 132 264 296 560 692 b
1 2 4 8 16 32 64 66 132 264 330 346 692 b
1 2 4 8 16 32 64 66 132 264 330 362 692 b
1 2 4 8 16 32 64 66 132 264 330 660 692 b
1 2 4 8 16 32 64 66 132 264 396 428 692 b
1 2 4 8 16 32 64 66 132 264 396 660 692 b
1 2 4 8 16 32 64 66 132 264 528 560 692 b
1 2 4 8 16 32 64 66 132 264 528 660 692 b
1 2 4 8 16 32 64 68 70 138 208 346 692 b
1 2 4 8 16 32 64 68 70 138 276 346 692 b
1 2 4 8 16 32 64 68 84 152 304 388 692 b
1 2 4 8 16 32 64 68 84 152 304 608 692 b
1 2 4 8 16 32 64 68 100 164 264 428 692 b
1 2 4 8 16 32 64 68 100 164 264 528 692 b
1 2 4 8 16 32 64 68 132 140 280 412 692 b
1 2 4 8 16 32 64 68 132 140 280 560 692 b
1 2 4 8 16 32 64 68 132 148 280 412 692 b
1 2 4 8 16 32 64 68 132 148 280 560 692 b
1 2 4 8 16 32 64 68 132 164 264 428 692 a
1 2 4 8 16 32 64 68 132 164 264 528 692 a
1 2 4 8 16 32 64 68 132 264 280 412 692 b
1 2 4 8 16 32 64 68 132 264 280 560 692 b
1 2 4 8 16 32 64 68 132 264 296 396 692 a
1 2 4 8 16 32 64 68 132 264 296 428 692 b
1 2 4 8 16 32 64 68 132 264 296 560 692 b
1 2 4 8 16 32 64 68 132 264 396 428 692 b
1 2 4 8 16 32 64 68 132 264 396 660 692 b
1 2 4 8 16 32 64 68 132 264 528 560 692 b
1 2 4 8 16 32 64 68 132 264 528 660 692 b
1 2 4 8 16 32 64 68 136 140 276 416 692 b
1 2 4 8 16 32 64 68 136 140 276 552 692 b
1 2 4 8 16 32 64 72 73 137 209 346 692 b
1 2 4 8 16 32 64 72 73 137 274 346 692 b
1 2 4 8 16 32 64 72 74 136 210 346 692 a
1 2 4 8 16 32 64 72 74 136 272 346 692 a
1 2 4 8 16 32 64 72 136 137 209 346 692 b
1 2 4 8 16 32 64 72 136 137 274 346 692 b
1 2 4 8 16 32 64 72 136 138 208 346 692 a
1 2 4 8 16 32 64 72 136 138 210 346 692 b
1 2 4 8 16 32 64 72 136 138 274 346 692 b
1 2 4 8 16 32 64 72 136 140 276 416 692 b
1 2 4 8 16 32 64 72 136 140 276 552 692 b
1 2 4 8 16 32 64 72 136 208 210 346 692 b
1 2 4 8 16 32 64 72 136 208 344 346 692 b
1 2 4 8 16 32 64 72 136 208 344 348 692 b
1 2 4 8 16 32 64 72 136 208 344 688 692 b
1 2 4 8 16 32 64 72 136 272 274 346 692 b
1 2 4 8 16 32 64 72 136 272 344 346 692 b
1 2 4 8 16 32 64 72 136 272 344 348 692 b
1 2 4 8 16 32 64 72 136 272 344 688 692 b
1 2 4 8 16 32 64 96 100 164 264 428 692 b
1 2 4 8 16 32 64 96 100 164 264 528 692 b
1 2 4 8 16 32 64 96 100 196 296 396 692 b
1 2 4 8 16 32 64 96 100 196 296 592 692 b
1 2 4 8 16 32 64 96 100 200 296 396 692 b
1 2 4 8 16 32 64 96 100 200 296 592 692 b
1 2 4 8 16 32 64 128 130 144 274 418 692 a
1 2 4 8 16 32 64 128 130 144 274 548 692 a
1 2 4 8 16 32 64 128 132 140 280 412 692 b
1 2 4 8 16 32 64 128 132 140 280 560 692 b
1 2 4 8 16 32 64 128 132 148 280 412 692 b
1 2 4 8 16 32 64 128 132 148 280 560 692 b
1 2 4 8 16 32 64 128 132 164 264 428 692 a
1 2 4 8 16 32 64 128 132 164 264 528 692 a
1 2 4 8 16 32 64 128 132 264 280 412 692 b
1 2 4 8 16 32 64 128 132 264 280 560 692 b
1 2 4 8 16 32 64 128 132 264 296 396 692 a
1 2 4 8 16 32 64 128 132 264 296 428 692 b
1 2 4 8 16 32 64 128 132 264 296 560 692 b
1 2 4 8 16 32 64 128 132 264 396 428 692 b
1 2 4 8 16 32 64 128 132 264 396 660 692 b
1 2 4 8 16 32 64 128 132 264 528 560 692 b
1 2 4 8 16 32 64 128 132 264 528 660 692 b
1 2 4 8 16 32 64 128 136 140 276 416 692 b
1 2 4 8 16 32 64 128 136 140 276 552 692 b
1 2 4 8 16 32 64 128 144 146 274 418 692 b
1 2 4 8 16 32 64 128 144 146 274 548 692 b
1 2 4 8 16 32 64 128 144 148 272 420 692 a
1 2 4 8 16 32 64 128 144 148 272 544 692 a
1 2 4 8 16 32 64 128 144 272 274 418 692 b
1 2 4 8 16 32 64 128 144 272 274 548 692 b
1 2 4 8 16 32 64 128 144 272 276 416 692 a
1 2 4 8 16 32 64 128 144 272 276 420 692 b
1 2 4 8 16 32 64 128 144 272 276 548 692 b
1 2 4 8 16 32 64 128 144 272 416 420 692 b
1 2 4 8 16 32 64 128 144 272 416 688 692 b
1 2 4 8 16 32 64 128 144 272 544 548 692 b
1 2 4 8 16 32 64 128 144 272 544 688 692 b
