1 2 3 5 8 13 26 39 78 156 312 317 629 b
1 2 3 5 8 13 26 39 78 156 312 624 629 b
1 2 3 5 8 13 26 52 78 156 312 317 629 b
1 2 3 5 8 13 26 52 78 156 312 624 629 b
1 2 3 5 8 13 26 52 104 156 312 317 629 b
1 2 3 5 8 13 26 52 104 156 312 624 629 b
1 2 3 5 8 13 26 52 104 208 213 416 629 a
1 2 3 5 8 13 26 52 104 208 213 421 629 b
1 2 3 5 8 13 26 52 104 208 312 317 629 b
1 2 3 5 8 13 26 52 104 208 312 624 629 b
1 2 3 5 8 13 26 52 104 208 416 421 629 b
1 2 3 5 8 13 26 52 104 208 416 624 629 b
1 2 3 5 8 16 21 37 74 148 296 333 629 b
1 2 3 5 8 16 21 37 74 148 296 592 629 b
1 2 3 5 8 16 32 37 74 148 296 333 629 b
1 2 3 5 8 16 32 37 74 148 296 592 629 b
1 2 3 5 10 13 26 39 78 156 312 317 629 b
1 2 3 5 10 13 26 39 78 156 312 624 629 b
1 2 3 5 10 13 26 52 78 156 312 317 629 b
1 2 3 5 10 13 26 52 78 156 312 624 629 b
1 2 3 5 10 13 26 52 104 156 312 317 629 b
1 2 3 5 10 13 26 52 104 156 312 624 629 b
1 2 3 5 10 13 26 52 104 208 213 416 629 a
1 2 3 5 10 13 26 52 104 208 213 421 629 b
1 2 3 5 10 13 26 52 104 208 312 317 629 b
1 2 3 5 10 13 26 52 104 208 312 624 629 b
1 2 3 5 10 13 26 52 104 208 416 421 629 b
1 2 3 5 10 13 26 52 104 208 416 624 629 b
1 2 3 6 9 18 19 37 74 148 296 333 629 b
1 2 3 6 9 18 19 37 74 148 296 592 629 b
1 2 3 6 9 18 36 37 74 148 296 333 629 b
1 2 3 6 9 18 36 37 74 148 296 592 629 b
1 2 3 6 12 13 24 37 74 148 296 333 629 a
1 2 3 6 12 13 24 37 74 148 296 592 629 a
1 2 3 6 12 13 25 37 74 148 296 333 629 b
1 2 3 6 12 13 25 37 74 148 296 592 629 b
1 2 3 6 12 18 19 37 74 148 296 333 629 b
1 2 3 6 12 18 19 37 74 148 296 592 629 b
1 2 3 6 12 18 36 37 74 148 296 333 629 b
1 2 3 6 12 18 36 37 74 148 296 592 629 b
1 2 3 6 12 24 25 37 74 148 296 333 629 b
1 2 3 6 12 24 25 37 74 148 296 592 629 b
1 2 3 6 12 24 36 37 74 148 296 333 629 b
1 2 3 6 12 24 36 37 74 148 296 592 629 b
1 2 3 6 12 24 48 49 96 145 290 339 629 a
1 2 3 6 12 24 48 49 96 145 290 580 629 a
1 2 3 6 12 24 48 49 97 145 242 387 629 b
1 2 3 6 12 24 48 49 97 145 242 484 629 b
1 2 3 6 12 24 48 49 97 145 290 339 629 b
1 2 3 6 12 24 48 49 97 145 290 580 629 b
1 2 3 6 12 24 48 96 97 145 242 387 629 b
1 2 3 6 12 24 48 96 97 145 242 484 629 b
1 2 4 5 8 13 26 39 78 156 312 317 629 a
1 2 4 5 8 13 26 39 78 156 312 624 629 a
1 2 4 5 8 13 26 52 78 156 312 317 629 a
1 2 4 5 8 13 26 52 78 156 312 624 629 a
1 2 4 5 8 13 26 52 104 156 312 317 629 a
1 2 4 5 8 13 26 52 104 156 312 624 629 a
1 2 4 5 8 13 26 52 104 208 213 416 629 a
1 2 4 5 8 13 26 52 104 208 213 421 629 a
1 2 4 5 8 13 26 52 104 208 312 317 629 a
1 2 4 5 8 13 26 52 104 208 312 624 629 a
1 2 4 5 8 13 26 52 104 208 416 421 629 a
1 2 4 5 8 13 26 52 104 208 416 624 629 a
1 2 4 5 8 16 21 37 74 148 296 333 629 a
1 2 4 5 8 16 21 37 74 148 296 592 629 a
1 2 4 5 8 16 32 37 74 148 296 333 629 a
1 2 4 5 8 16 32 37 74 148 296 592 629 a
1 2 4 5 9 13 26 39 78 156 312 317 629 b
1 2 4 5 9 13 26 39 78 156 312 624 629 b
1 2 4 5 9 13 26 52 78 156 312 317 629 b
1 2 4 5 9 13 26 52 78 156 312 624 629 b
1 2 4 5 9 13 26 52 104 156 312 317 629 b
1 2 4 5 9 13 26 52 104 156 312 624 629 b
1 2 4 5 9 13 26 52 104 208 213 416 629 a
1 2 4 5 9 13 26 52 104 208 213 421 629 b
1 2 4 5 9 13 26 52 104 208 312 317 629 b
1 2 4 5 9 13 26 52 104 208 312 624 629 b
1 2 4 5 9 13 26 52 104 208 416 421 629 b
1 2 4 5 9 13 26 52 104 208 416 624 629 b
1 2 4 5 9 14 23 37 74 148 296 333 629 b
1 2 4 5 9 14 23 37 74 148 296 592 629 b
1 2 4 5 9 14 28 37 74 148 296 333 629 b
1 2 4 5 9 14 28 37 74 148 296 592 629 b
1 2 4 5 9 18 19 37 74 148 296 333 629 b
1 2 4 5 9 18 19 37 74 148 296 592 629 b
1 2 4 5 9 18 36 37 74 148 296 333 629 b
1 2 4 5 9 18 36 37 74 148 296 592 629 b
1 2 4 6 12 13 24 37 74 148 296 333 629 a
1 2 4 6 12 13 24 37 74 148 296 592 629 a
1 2 4 6 12 13 25 37 74 148 296 333 629 b
1 2 4 6 12 13 25 37 74 148 296 592 629 b
1 2 4 6 12 18 19 37 74 148 296 333 629 b
1 2 4 6 12 18 19 37 74 148 296 592 629 b
1 2 4 6 12 18 36 37 74 148 296 333 629 b
1 2 4 6 12 18 36 37 74 148 296 592 629 b
1 2 4 6 12 24 25 37 74 148 296 333 629 b
1 2 4 6 12 24 25 37 74 148 296 592 629 b
1 2 4 6 12 24 36 37 74 148 296 333 629 b
1 2 4 6 12 24 36 37 74 148 296 592 629 b
1 2 4 6 12 24 48 49 96 145 290 339 629 a
1 2 4 6 12 24 48 49 96 145 290 580 629 a
1 2 4 6 12 24 48 49 97 145 242 387 629 b
1 2 4 6 12 24 48 49 97 145 242 484 629 b
1 2 4 6 12 24 48 49 97 145 290 339 629 b
1 2 4 6 12 24 48 49 97 145 290 580 629 b
1 2 4 6 12 24 48 96 97 145 242 387 629 b
1 2 4 6 12 24 48 96 97 145 242 484 629 b
1 2 4 8 9 17 21 38 76 152 304 325 629 b
1 2 4 8 9 17 21 38 76 152 304 608 629 b
1 2 4 8 9 17 34 51 85 136 272 357 629 b
1 2 4 8 9 17 34 51 85 136 272 544 629 b
1 2 4 8 9 17 34 51 102 153 306 323 629 b
1 2 4 8 9 17 34 51 102 153 306 612 629 b
1 2 4 8 9 17 34 51 102 204 221 408 629 a
1 2 4 8 9 17 34 51 102 204 221 425 629 b
1 2 4 8 9 17 34 51 102 204 306 323 629 b
1 2 4 8 9 17 34 51 102 204 306 612 629 b
1 2 4 8 9 17 34 51 102 204 408 425 629 b
1 2 4 8 9 17 34 51 102 204 408 612 629 b
1 2 4 8 9 17 34 68 85 136 272 357 629 a
1 2 4 8 9 17 34 68 85 136 272 544 629 a
1 2 4 8 9 17 34 68 85 153 238 391 629 b
1 2 4 8 9 17 34 68 85 153 238 476 629 b
1 2 4 8 9 17 34 68 85 153 306 323 629 b
1 2 4 8 9 17 34 68 85 153 306 612 629 b
1 2 4 8 9 17 34 68 102 204 221 408 629 a
1 2 4 8 9 17 34 68 102 204 221 425 629 b
1 2 4 8 9 17 34 68 102 204 306 323 629 b
1 2 4 8 9 17 34 68 102 204 306 612 629 b
1 2 4 8 9 17 34 68 102 204 408 425 629 b
1 2 4 8 9 17 34 68 102 204 408 612 629 b
1 2 4 8 9 17 34 68 136 153 306 323 629 b
1 2 4 8 9 17 34 68 136 153 306 612 629 b
1 2 4 8 9 17 34 68 136 170 306 323 629 b
1 2 4 8 9 17 34 68 136 170 306 612 629 b
1 2 4 8 9 17 34 68 136 204 221 408 629 a
1 2 4 8 9 17 34 68 136 204 221 425 629 b
1 2 4 8 9 17 34 68 136 204 408 425 629 b
1 2 4 8 9 17 34 68 136 204 408 612 629 b
1 2 4 8 9 17 34 68 136 272 289 340 629 a
1 2 4 8 9 17 34 68 136 272 289 357 629 b
1 2 4 8 9 17 34 68 136 272 289 561 629 b
1 2 4 8 9 17 34 68 136 272 306 323 629 b
1 2 4 8 9 17 34 68 136 272 306 612 629 b
1 2 4 8 9 17 34 68 136 272 340 357 629 b
1 2 4 8 9 17 34 68 136 272 340 612 629 b
1 2 4 8 9 17 34 68 136 272 544 561 629 b
1 2 4 8 9 17 34 68 136 272 544 612 629 b
1 2 4 8 9 18 19 37 74 148 296 333 629 b
1 2 4 8 9 18 19 37 74 148 296 592 629 b
1 2 4 8 9 18 36 37 74 148 296 333 629 b
1 2 4 8 9 18 36 37 74 148 296 592 629 b
1 2 4 8 10 18 19 37 74 148 296 333 629 b
1 2 4 8 10 18 19 37 74 148 296 592 629 b
1 2 4 8 10 18 36 37 74 148 296 333 629 b
1 2 4 8 10 18 36 37 74 148 296 592 629 b
1 2 4 8 12 13 24 37 74 148 296 333 629 a
1 2 4 8 12 13 24 37 74 148 296 592 629 a
1 2 4 8 12 13 25 37 74 148 296 333 629 b
1 2 4 8 12 13 25 37 74 148 296 592 629 b
1 2 4 8 12 24 25 37 74 148 296 333 629 b
1 2 4 8 12 24 25 37 74 148 296 592 629 b
1 2 4 8 12 24 36 37 74 148 296 333 629 b
1 2 4 8 12 24 36 37 74 148 296 592 629 b
1 2 4 8 12 24 48 49 96 145 290 339 629 a
1 2 4 8 12 24 48 49 96 145 290 580 629 a
1 2 4 8 12 24 48 49 97 145 242 387 629 b
1 2 4 8 12 24 48 49 97 145 242 484 629 b
1 2 4 8 12 24 48 49 97 145 290 339 629 b
1 2 4 8 12 24 48 49 97 145 290 580 629 b
1 2 4 8 12 24 48 96 97 145 242 387 629 b
1 2 4 8 12 24 48 96 97 145 242 484 629 b
1 2 4 8 16 17 20 37 74 148 296 333 629 a
1 2 4 8 16 17 20 37 74 148 296 592 629 a
1 2 4 8 16 17 21 37 74 148 296 333 629 b
1 2 4 8 16 17 21 37 74 148 296 592 629 b
1 2 4 8 16 17 21 38 76 152 304 325 629 b
1 2 4 8 16 17 21 38 76 152 304 608 629 b
1 2 4 8 16 17 33 37 74 148 296 333 629 b
1 2 4 8 16 17 33 37 74 148 296 592 629 b
1 2 4 8 16 17 33 66 83 149 298 331 629 b
1 2 4 8 16 17 33 66 83 149 298 596 629 b
1 2 4 8 16 17 33 66 132 149 298 331 629 b
1 2 4 8 16 17 33 66 132 149 298 596 629 b
1 2 4 8 16 17 34 51 85 136 272 357 629 b
1 2 4 8 16 17 34 51 85 136 272 544 629 b
1 2 4 8 16 17 34 51 102 153 306 323 629 b
1 2 4 8 16 17 34 51 102 153 306 612 629 b
1 2 4 8 16 17 34 51 102 204 221 408 629 a
1 2 4 8 16 17 34 51 102 204 221 425 629 b
1 2 4 8 16 17 34 51 102 204 306 323 629 b
1 2 4 8 16 17 34 51 102 204 306 612 629 b
1 2 4 8 16 17 34 51 102 204 408 425 629 b
1 2 4 8 16 17 34 51 102 204 408 612 629 b
1 2 4 8 16 17 34 68 85 136 272 357 629 a
1 2 4 8 16 17 34 68 85 136 272 544 629 a
1 2 4 8 16 17 34 68 85 153 238 391 629 b
1 2 4 8 16 17 34 68 85 153 238 476 629 b
1 2 4 8 16 17 34 68 85 153 306 323 629 b
1 2 4 8 16 17 34 68 85 153 306 612 629 b
1 2 4 8 16 17 34 68 102 204 221 408 629 a
1 2 4 8 16 17 34 68 102 204 221 425 629 b
1 2 4 8 16 17 34 68 102 204 306 323 629 b
1 2 4 8 16 17 34 68 102 204 306 612 629 b
1 2 4 8 16 17 34 68 102 204 408 425 629 b
1 2 4 8 16 17 34 68 102 204 408 612 629 b
1 2 4 8 16 17 34 68 136 153 306 323 629 b
1 2 4 8 16 17 34 68 136 153 306 612 629 b
1 2 4 8 16 17 34 68 136 170 306 323 629 b
1 2 4 8 16 17 34 68 136 170 306 612 629 b
1 2 4 8 16 17 34 68 136 204 221 408 629 a
1 2 4 8 16 17 34 68 136 204 221 425 629 b
1 2 4 8 16 17 34 68 136 204 408 425 629 b
1 2 4 8 16 17 34 68 136 204 408 612 629 b
1 2 4 8 16 17 34 68 136 272 289 340 629 a
1 2 4 8 16 17 34 68 136 272 289 357 629 b
1 2 4 8 16 17 34 68 136 272 289 561 629 b
1 2 4 8 16 17 34 68 136 272 306 323 629 b
1 2 4 8 16 17 34 68 136 272 306 612 629 b
1 2 4 8 16 17 34 68 136 272 340 357 629 b
1 2 4 8 16 17 34 68 136 272 340 612 629 b
1 2 4 8 16 17 34 68 136 272 544 561 629 b
1 2 4 8 16 17 34 68 136 272 544 612 629 b
1 2 4 8 16 18 19 37 74 148 296 333 629 b
1 2 4 8 16 18 19 37 74 148 296 592 629 b
1 2 4 8 16 18 36 37 74 148 296 333 629 b
1 2 4 8 16 18 36 37 74 148 296 592 629 b
1 2 4 8 16 20 21 37 74 148 296 333 629 b
1 2 4 8 16 20 21 37 74 148 296 592 629 b
1 2 4 8 16 20 36 37 74 148 296 333 629 b
1 2 4 8 16 20 36 37 74 148 296 592 629 b
1 2 4 8 16 24 48 49 96 145 290 339 629 a
1 2 4 8 16 24 48 49 96 145 290 580 629 a
1 2 4 8 16 24 48 49 97 145 242 387 629 b
1 2 4 8 16 24 48 49 97 145 242 484 629 b
1 2 4 8 16 24 48 49 97 145 290 339 629 b
1 2 4 8 16 24 48 49 97 145 290 580 629 b
1 2 4 8 16 24 48 96 97 145 242 387 629 b
1 2 4 8 16 24 48 96 97 145 242 484 629 b
1 2 4 8 16 32 33 37 74 148 296 333 629 b
1 2 4 8 16 32 33 37 74 148 296 592 629 b
1 2 4 8 16 32 36 37 74 148 296 333 629 b
1 2 4 8 16 32 36 37 74 148 296 592 629 b
1 2 4 8 16 32 48 49 96 145 290 339 629 a
1 2 4 8 16 32 48 49 96 145 290 580 629 a
1 2 4 8 16 32 48 49 97 145 242 387 629 b
1 2 4 8 16 32 48 49 97 145 242 484 629 b
1 2 4 8 16 32 48 49 97 145 290 339 629 b
1 2 4 8 16 32 48 49 97 145 290 580 629 b
1 2 4 8 16 32 48 96 97 145 242 387 629 b
1 2 4 8 16 32 48 96 97 145 242 484 629 b
