1 2 3 4 8 16 32 35 67 134 201 402 603 b
1 2 3 4 8 16 32 35 67 134 268 335 603 b
1 2 3 4 8 16 32 35 67 134 268 536 603 b
1 2 3 4 8 16 32 64 67 134 201 402 603 b
1 2 3 4 8 16 32 64 67 134 268 335 603 b
1 2 3 4 8 16 32 64 67 134 268 536 603 b
1 2 3 5 8 16 32 35 67 134 201 402 603 b
1 2 3 5 8 16 32 35 67 134 268 335 603 b
1 2 3 5 8 16 32 35 67 134 268 536 603 b
1 2 3 5 8 16 32 64 67 134 201 402 603 b
1 2 3 5 8 16 32 64 67 134 268 335 603 b
1 2 3 5 8 16 32 64 67 134 268 536 603 b
1 2 3 5 10 15 25 50 75 150 300 303 603 b
1 2 3 5 10 15 25 50 75 150 300 600 603 b
1 2 3 5 10 15 25 50 100 101 201 402 603 b
1 2 3 5 10 15 25 50 100 150 300 303 603 b
1 2 3 5 10 15 25 50 100 150 300 600 603 b
1 2 3 5 10 15 25 50 100 200 201 402 603 b
1 2 3 5 10 15 25 50 100 200 203 400 603 a
1 2 3 5 10 15 25 50 100 200 203 403 603 b
1 2 3 5 10 15 25 50 100 200 300 303 603 b
1 2 3 5 10 15 25 50 100 200 300 600 603 b
1 2 3 5 10 15 25 50 100 200 400 403 603 b
1 2 3 5 10 15 25 50 100 200 400 600 603 b
1 2 3 5 10 15 30 45 75 150 300 303 603 b
1 2 3 5 10 15 30 45 75 150 300 600 603 b
1 2 3 5 10 15 30 60 75 150 300 303 603 b
1 2 3 5 10 15 30 60 75 150 300 600 603 b
1 2 3 5 10 15 30 60 90 150 300 303 603 b
1 2 3 5 10 15 30 60 90 150 300 600 603 b
1 2 3 5 10 15 30 60 120 121 241 362 603 b
1 2 3 5 10 15 30 60 120 121 241 482 603 b
1 2 3 5 10 15 30 60 120 123 240 363 603 a
1 2 3 5 10 15 30 60 120 123 240 480 603 a
1 2 3 5 10 15 30 60 120 150 300 303 603 b
1 2 3 5 10 15 30 60 120 150 300 600 603 b
1 2 3 5 10 15 30 60 120 180 300 303 603 b
1 2 3 5 10 15 30 60 120 180 300 600 603 b
1 2 3 5 10 15 30 60 120 240 243 360 603 a
1 2 3 5 10 15 30 60 120 240 243 363 603 b
1 2 3 5 10 15 30 60 120 240 243 483 603 b
1 2 3 5 10 15 30 60 120 240 300 303 603 b
1 2 3 5 10 15 30 60 120 240 300 600 603 b
1 2 3 5 10 15 30 60 120 240 360 363 603 b
1 2 3 5 10 15 30 60 120 240 360 600 603 b
1 2 3 5 10 15 30 60 120 240 480 483 603 b
1 2 3 5 10 15 30 60 120 240 480 600 603 b
1 2 3 5 10 20 25 50 75 150 300 303 603 b
1 2 3 5 10 20 25 50 75 150 300 600 603 b
1 2 3 5 10 20 25 50 100 101 201 402 603 b
1 2 3 5 10 20 25 50 100 150 300 303 603 b
1 2 3 5 10 20 25 50 100 150 300 600 603 b
1 2 3 5 10 20 25 50 100 200 201 402 603 b
1 2 3 5 10 20 25 50 100 200 203 400 603 a
1 2 3 5 10 20 25 50 100 200 203 403 603 b
1 2 3 5 10 20 25 50 100 200 300 303 603 b
1 2 3 5 10 20 25 50 100 200 300 600 603 b
1 2 3 5 10 20 25 50 100 200 400 403 603 b
1 2 3 5 10 20 25 50 100 200 400 600 603 b
1 2 3 5 10 20 30 50 100 101 201 402 603 b
1 2 3 5 10 20 30 50 100 150 300 303 603 b
1 2 3 5 10 20 30 50 100 150 300 600 603 b
1 2 3 5 10 20 30 50 100 200 201 402 603 b
1 2 3 5 10 20 30 50 100 200 203 400 603 a
1 2 3 5 10 20 30 50 100 200 203 403 603 b
1 2 3 5 10 20 30 50 100 200 300 303 603 b
1 2 3 5 10 20 30 50 100 200 300 600 603 b
1 2 3 5 10 20 30 50 100 200 400 403 603 b
1 2 3 5 10 20 30 50 100 200 400 600 603 b
1 2 3 5 10 20 30 60 90 150 300 303 603 b
1 2 3 5 10 20 30 60 90 150 300 600 603 b
1 2 3 5 10 20 30 60 120 121 241 362 603 b
1 2 3 5 10 20 30 60 120 121 241 482 603 b
1 2 3 5 10 20 30 60 120 123 240 363 603 a
1 2 3 5 10 20 30 60 120 123 240 480 603 a
1 2 3 5 10 20 30 60 120 150 300 303 603 b
1 2 3 5 10 20 30 60 120 150 300 600 603 b
1 2 3 5 10 20 30 60 120 180 300 303 603 b
1 2 3 5 10 20 30 60 120 180 300 600 603 b
1 2 3 5 10 20 30 60 120 240 243 360 603 a
1 2 3 5 10 20 30 60 120 240 243 363 603 b
1 2 3 5 10 20 30 60 120 240 243 483 603 b
1 2 3 5 10 20 30 60 120 240 300 303 603 b
1 2 3 5 10 20 30 60 120 240 300 600 603 b
1 2 3 5 10 20 30 60 120 240 360 363 603 b
1 2 3 5 10 20 30 60 120 240 360 600 603 b
1 2 3 5 10 20 30 60 120 240 480 483 603 b
1 2 3 5 10 20 30 60 120 240 480 600 603 b
1 2 3 5 10 20 40 41 80 121 201 402 603 a
1 2 3 5 10 20 40 41 80 160 201 402 603 a
1 2 3 5 10 20 40 50 100 101 201 402 603 b
1 2 3 5 10 20 40 50 100 150 300 303 603 b
1 2 3 5 10 20 40 50 100 150 300 600 603 b
1 2 3 5 10 20 40 50 100 200 201 402 603 b
1 2 3 5 10 20 40 50 100 200 203 400 603 a
1 2 3 5 10 20 40 50 100 200 203 403 603 b
1 2 3 5 10 20 40 50 100 200 300 303 603 b
1 2 3 5 10 20 40 50 100 200 300 600 603 b
1 2 3 5 10 20 40 50 100 200 400 403 603 b
1 2 3 5 10 20 40 50 100 200 400 600 603 b
1 2 3 5 10 20 40 60 100 101 201 402 603 b
1 2 3 5 10 20 40 60 100 200 201 402 603 b
1 2 3 5 10 20 40 60 100 200 203 400 603 a
1 2 3 5 10 20 40 60 100 200 203 403 603 b
1 2 3 5 10 20 40 60 100 200 300 303 603 b
1 2 3 5 10 20 40 60 100 200 300 600 603 b
1 2 3 5 10 20 40 60 100 200 400 403 603 b
1 2 3 5 10 20 40 60 100 200 400 600 603 b
1 2 3 5 10 20 40 60 120 121 241 362 603 b
1 2 3 5 10 20 40 60 120 121 241 482 603 b
1 2 3 5 10 20 40 60 120 123 240 363 603 a
1 2 3 5 10 20 40 60 120 123 240 480 603 a
1 2 3 5 10 20 40 60 120 180 300 303 603 b
1 2 3 5 10 20 40 60 120 180 300 600 603 b
1 2 3 5 10 20 40 60 120 240 243 360 603 a
1 2 3 5 10 20 40 60 120 240 243 363 603 b
1 2 3 5 10 20 40 60 120 240 243 483 603 b
1 2 3 5 10 20 40 60 120 240 300 303 603 b
1 2 3 5 10 20 40 60 120 240 300 600 603 b
1 2 3 5 10 20 40 60 120 240 360 363 603 b
1 2 3 5 10 20 40 60 120 240 360 600 603 b
1 2 3 5 10 20 40 60 120 240 480 483 603 b
1 2 3 5 10 20 40 60 120 240 480 600 603 b
1 2 3 5 10 20 40 80 81 120 201 402 603 a
1 2 3 5 10 20 40 80 81 121 201 402 603 b
1 2 3 5 10 20 40 80 81 161 201 402 603 b
1 2 3 5 10 20 40 80 100 101 201 402 603 b
1 2 3 5 10 20 40 80 100 200 201 402 603 b
1 2 3 5 10 20 40 80 100 200 203 400 603 a
1 2 3 5 10 20 40 80 100 200 203 403 603 b
1 2 3 5 10 20 40 80 100 200 300 303 603 b
1 2 3 5 10 20 40 80 100 200 300 600 603 b
1 2 3 5 10 20 40 80 100 200 400 403 603 b
1 2 3 5 10 20 40 80 100 200 400 600 603 b
1 2 3 5 10 20 40 80 120 121 201 402 603 b
1 2 3 5 10 20 40 80 120 121 241 362 603 b
1 2 3 5 10 20 40 80 120 121 241 482 603 b
1 2 3 5 10 20 40 80 120 123 240 363 603 a
1 2 3 5 10 20 40 80 120 123 240 480 603 a
1 2 3 5 10 20 40 80 120 200 201 402 603 b
1 2 3 5 10 20 40 80 120 200 203 400 603 a
1 2 3 5 10 20 40 80 120 200 203 403 603 b
1 2 3 5 10 20 40 80 120 200 400 403 603 b
1 2 3 5 10 20 40 80 120 200 400 600 603 b
1 2 3 5 10 20 40 80 120 240 243 360 603 a
1 2 3 5 10 20 40 80 120 240 243 363 603 b
1 2 3 5 10 20 40 80 120 240 243 483 603 b
1 2 3 5 10 20 40 80 120 240 360 363 603 b
1 2 3 5 10 20 40 80 120 240 360 600 603 b
1 2 3 5 10 20 40 80 120 240 480 483 603 b
1 2 3 5 10 20 40 80 120 240 480 600 603 b
1 2 3 5 10 20 40 80 160 161 201 402 603 b
1 2 3 5 10 20 40 80 160 200 201 402 603 b
1 2 3 5 10 20 40 80 160 200 203 400 603 a
1 2 3 5 10 20 40 80 160 200 203 403 603 b
1 2 3 5 10 20 40 80 160 200 400 403 603 b
1 2 3 5 10 20 40 80 160 200 400 600 603 b
1 2 3 6 8 16 32 35 67 134 201 402 603 b
1 2 3 6 8 16 32 35 67 134 268 335 603 b
1 2 3 6 8 16 32 35 67 134 268 536 603 b
1 2 3 6 8 16 32 64 67 134 201 402 603 b
1 2 3 6 8 16 32 64 67 134 268 335 603 b
1 2 3 6 8 16 32 64 67 134 268 536 603 b
1 2 3 6 9 12 24 48 96 105 201 402 603 b
1 2 3 6 9 12 24 48 96 192 201 402 603 b
1 2 3 6 9 15 24 48 96 105 201 402 603 b
1 2 3 6 9 15 24 48 96 192 201 402 603 b
1 2 3 6 9 15 30 45 75 150 300 303 603 b
1 2 3 6 9 15 30 45 75 150 300 600 603 b
1 2 3 6 9 15 30 60 75 150 300 303 603 b
1 2 3 6 9 15 30 60 75 150 300 600 603 b
1 2 3 6 9 15 30 60 90 150 300 303 603 b
1 2 3 6 9 15 30 60 90 150 300 600 603 b
1 2 3 6 9 15 30 60 120 121 241 362 603 b
1 2 3 6 9 15 30 60 120 121 241 482 603 b
1 2 3 6 9 15 30 60 120 123 240 363 603 a
1 2 3 6 9 15 30 60 120 123 240 480 603 a
1 2 3 6 9 15 30 60 120 150 300 303 603 b
1 2 3 6 9 15 30 60 120 150 300 600 603 b
1 2 3 6 9 15 30 60 120 180 300 303 603 b
1 2 3 6 9 15 30 60 120 180 300 600 603 b
1 2 3 6 9 15 30 60 120 240 243 360 603 a
1 2 3 6 9 15 30 60 120 240 243 363 603 b
1 2 3 6 9 15 30 60 120 240 243 483 603 b
1 2 3 6 9 15 30 60 120 240 300 303 603 b
1 2 3 6 9 15 30 60 120 240 300 600 603 b
1 2 3 6 9 15 30 60 120 240 360 363 603 b
1 2 3 6 9 15 30 60 120 240 360 600 603 b
1 2 3 6 9 15 30 60 120 240 480 483 603 b
1 2 3 6 9 15 30 60 120 240 480 600 603 b
1 2 3 6 9 18 24 48 96 105 201 402 603 b
1 2 3 6 9 18 24 48 96 192 201 402 603 b
1 2 3 6 9 18 27 36 72 144 288 315 603 b
1 2 3 6 9 18 27 36 72 144 288 576 603 b
1 2 3 6 9 18 27 45 72 144 288 315 603 b
1 2 3 6 9 18 27 45 72 144 288 576 603 b
1 2 3 6 9 18 27 54 72 144 288 315 603 b
1 2 3 6 9 18 27 54 72 144 288 576 603 b
1 2 3 6 9 18 36 39 75 150 300 303 603 b
1 2 3 6 9 18 36 39 75 150 300 600 603 b
1 2 3 6 9 18 36 72 75 150 300 303 603 b
1 2 3 6 9 18 36 72 75 150 300 600 603 b
1 2 3 6 9 18 36 72 78 150 300 303 603 b
1 2 3 6 9 18 36 72 78 150 300 600 603 b
1 2 3 6 9 18 36 72 81 153 225 378 603 b
1 2 3 6 9 18 36 72 81 153 225 450 603 b
1 2 3 6 9 18 36 72 144 150 300 303 603 b
1 2 3 6 9 18 36 72 144 150 300 600 603 b
1 2 3 6 9 18 36 72 144 153 225 378 603 b
1 2 3 6 9 18 36 72 144 153 225 450 603 b
1 2 3 6 9 18 36 72 144 153 297 306 603 b
1 2 3 6 9 18 36 72 144 153 297 450 603 b
1 2 3 6 9 18 36 72 144 153 297 594 603 b
1 2 3 6 9 18 36 72 144 153 306 450 603 b
1 2 3 6 9 18 36 72 144 153 306 459 603 b
1 2 3 6 9 18 36 72 144 288 297 306 603 b
1 2 3 6 9 18 36 72 144 288 297 315 603 b
1 2 3 6 9 18 36 72 144 288 297 585 603 b
1 2 3 6 9 18 36 72 144 288 297 594 603 b
1 2 3 6 9 18 36 72 144 288 306 315 603 b
1 2 3 6 9 18 36 72 144 288 306 594 603 b
1 2 3 6 9 18 36 72 144 288 576 585 603 b
1 2 3 6 9 18 36 72 144 288 576 594 603 b
1 2 3 6 12 13 25 50 75 150 300 303 603 b
1 2 3 6 12 13 25 50 75 150 300 600 603 b
1 2 3 6 12 13 25 50 100 101 201 402 603 b
1 2 3 6 12 13 25 50 100 150 300 303 603 b
1 2 3 6 12 13 25 50 100 150 300 600 603 b
1 2 3 6 12 13 25 50 100 200 201 402 603 b
1 2 3 6 12 13 25 50 100 200 203 400 603 a
1 2 3 6 12 13 25 50 100 200 203 403 603 b
1 2 3 6 12 13 25 50 100 200 300 303 603 b
1 2 3 6 12 13 25 50 100 200 300 600 603 b
1 2 3 6 12 13 25 50 100 200 400 403 603 b
1 2 3 6 12 13 25 50 100 200 400 600 603 b
1 2 3 6 12 15 30 45 75 150 300 303 603 b
1 2 3 6 12 15 30 45 75 150 300 600 603 b
1 2 3 6 12 15 30 60 75 150 300 303 603 b
1 2 3 6 12 15 30 60 75 150 300 600 603 b
1 2 3 6 12 15 30 60 90 150 300 303 603 b
1 2 3 6 12 15 30 60 90 150 300 600 603 b
1 2 3 6 12 15 30 60 120 121 241 362 603 b
1 2 3 6 12 15 30 60 120 121 241 482 603 b
1 2 3 6 12 15 30 60 120 123 240 363 603 a
1 2 3 6 12 15 30 60 120 123 240 480 603 a
1 2 3 6 12 15 30 60 120 150 300 303 603 b
1 2 3 6 12 15 30 60 120 150 300 600 603 b
1 2 3 6 12 15 30 60 120 180 300 303 603 b
1 2 3 6 12 15 30 60 120 180 300 600 603 b
1 2 3 6 12 15 30 60 120 240 243 360 603 a
1 2 3 6 12 15 30 60 120 240 243 363 603 b
1 2 3 6 12 15 30 60 120 240 243 483 603 b
1 2 3 6 12 15 30 60 120 240 300 303 603 b
1 2 3 6 12 15 30 60 120 240 300 600 603 b
1 2 3 6 12 15 30 60 120 240 360 363 603 b
1 2 3 6 12 15 30 60 120 240 360 600 603 b
1 2 3 6 12 15 30 60 120 240 480 483 603 b
1 2 3 6 12 15 30 60 120 240 480 600 603 b
1 2 3 6 12 18 30 60 90 150 300 303 603 b
1 2 3 6 12 18 30 60 90 150 300 600 603 b
1 2 3 6 12 18 30 60 120 121 241 362 603 b
1 2 3 6 12 18 30 60 120 121 241 482 603 b
1 2 3 6 12 18 30 60 120 123 240 363 603 a
1 2 3 6 12 18 30 60 120 123 240 480 603 a
1 2 3 6 12 18 30 60 120 150 300 303 603 b
1 2 3 6 12 18 30 60 120 150 300 600 603 b
1 2 3 6 12 18 30 60 120 180 300 303 603 b
1 2 3 6 12 18 30 60 120 180 300 600 603 b
1 2 3 6 12 18 30 60 120 240 243 360 603 a
1 2 3 6 12 18 30 60 120 240 243 363 603 b
1 2 3 6 12 18 30 60 120 240 243 483 603 b
1 2 3 6 12 18 30 60 120 240 300 303 603 b
1 2 3 6 12 18 30 60 120 240 300 600 603 b
1 2 3 6 12 18 30 60 120 240 360 363 603 b
1 2 3 6 12 18 30 60 120 240 360 600 603 b
1 2 3 6 12 18 30 60 120 240 480 483 603 b
1 2 3 6 12 18 30 60 120 240 480 600 603 b
1 2 3 6 12 18 36 39 75 150 300 303 603 b
1 2 3 6 12 18 36 39 75 150 300 600 603 b
1 2 3 6 12 18 36 72 75 150 300 303 603 b
1 2 3 6 12 18 36 72 75 150 300 600 603 b
1 2 3 6 12 18 36 72 78 150 300 303 603 b
1 2 3 6 12 18 36 72 78 150 300 600 603 b
1 2 3 6 12 18 36 72 144 150 300 303 603 b
1 2 3 6 12 18 36 72 144 150 300 600 603 b
1 2 3 6 12 18 36 72 144 156 300 303 603 b
1 2 3 6 12 18 36 72 144 156 300 600 603 b
1 2 3 6 12 18 36 72 144 288 300 303 603 b
1 2 3 6 12 18 36 72 144 288 300 600 603 b
1 2 3 6 12 24 25 50 75 150 300 303 603 b
1 2 3 6 12 24 25 50 75 150 300 600 603 b
1 2 3 6 12 24 25 50 100 101 201 402 603 b
1 2 3 6 12 24 25 50 100 150 300 303 603 b
1 2 3 6 12 24 25 50 100 150 300 600 603 b
1 2 3 6 12 24 25 50 100 200 201 402 603 b
1 2 3 6 12 24 25 50 100 200 203 400 603 a
1 2 3 6 12 24 25 50 100 200 203 403 603 b
1 2 3 6 12 24 25 50 100 200 300 303 603 b
1 2 3 6 12 24 25 50 100 200 300 600 603 b
1 2 3 6 12 24 25 50 100 200 400 403 603 b
1 2 3 6 12 24 25 50 100 200 400 600 603 b
1 2 3 6 12 24 26 50 100 101 201 402 603 b
1 2 3 6 12 24 26 50 100 150 300 303 603 b
1 2 3 6 12 24 26 50 100 150 300 600 603 b
1 2 3 6 12 24 26 50 100 200 201 402 603 b
1 2 3 6 12 24 26 50 100 200 203 400 603 a
1 2 3 6 12 24 26 50 100 200 203 403 603 b
1 2 3 6 12 24 26 50 100 200 300 303 603 b
1 2 3 6 12 24 26 50 100 200 300 600 603 b
1 2 3 6 12 24 26 50 100 200 400 403 603 b
1 2 3 6 12 24 26 50 100 200 400 600 603 b
1 2 3 6 12 24 27 36 72 144 288 315 603 a
1 2 3 6 12 24 27 36 72 144 288 576 603 a
1 2 3 6 12 24 27 48 72 144 288 315 603 a
1 2 3 6 12 24 27 48 72 144 288 576 603 a
1 2 3 6 12 24 27 48 75 150 300 303 603 a
1 2 3 6 12 24 27 48 75 150 300 600 603 a
1 2 3 6 12 24 27 48 96 144 288 315 603 a
1 2 3 6 12 24 27 48 96 144 288 576 603 a
1 2 3 6 12 24 27 48 96 192 219 384 603 a
1 2 3 6 12 24 27 48 96 192 219 411 603 a
1 2 3 6 12 24 27 48 96 192 288 315 603 a
1 2 3 6 12 24 27 48 96 192 288 576 603 a
1 2 3 6 12 24 27 48 96 192 384 411 603 a
1 2 3 6 12 24 27 48 96 192 384 576 603 a
1 2 3 6 12 24 27 51 75 126 201 402 603 b
1 2 3 6 12 24 27 51 75 150 201 402 603 b
1 2 3 6 12 24 27 51 75 150 300 303 603 b
1 2 3 6 12 24 27 51 75 150 300 600 603 b
1 2 3 6 12 24 30 60 90 150 300 303 603 b
1 2 3 6 12 24 30 60 90 150 300 600 603 b
1 2 3 6 12 24 30 60 120 121 241 362 603 b
1 2 3 6 12 24 30 60 120 121 241 482 603 b
1 2 3 6 12 24 30 60 120 123 240 363 603 a
1 2 3 6 12 24 30 60 120 123 240 480 603 a
1 2 3 6 12 24 30 60 120 150 300 303 603 b
1 2 3 6 12 24 30 60 120 150 300 600 603 b
1 2 3 6 12 24 30 60 120 180 300 303 603 b
1 2 3 6 12 24 30 60 120 180 300 600 603 b
1 2 3 6 12 24 30 60 120 240 243 360 603 a
1 2 3 6 12 24 30 60 120 240 243 363 603 b
1 2 3 6 12 24 30 60 120 240 243 483 603 b
1 2 3 6 12 24 30 60 120 240 300 303 603 b
1 2 3 6 12 24 30 60 120 240 300 600 603 b
1 2 3 6 12 24 30 60 120 240 360 363 603 b
1 2 3 6 12 24 30 60 120 240 360 600 603 b
1 2 3 6 12 24 30 60 120 240 480 483 603 b
1 2 3 6 12 24 30 60 120 240 480 600 603 b
1 2 3 6 12 24 36 39 75 150 300 303 603 b
1 2 3 6 12 24 36 39 75 150 300 600 603 b
1 2 3 6 12 24 36 60 120 121 241 362 603 b
1 2 3 6 12 24 36 60 120 121 241 482 603 b
1 2 3 6 12 24 36 60 120 123 240 363 603 a
1 2 3 6 12 24 36 60 120 123 240 480 603 a
1 2 3 6 12 24 36 60 120 180 300 303 603 b
1 2 3 6 12 24 36 60 120 180 300 600 603 b
1 2 3 6 12 24 36 60 120 240 243 360 603 a
1 2 3 6 12 24 36 60 120 240 243 363 603 b
1 2 3 6 12 24 36 60 120 240 243 483 603 b
1 2 3 6 12 24 36 60 120 240 300 303 603 b
1 2 3 6 12 24 36 60 120 240 300 600 603 b
1 2 3 6 12 24 36 60 120 240 360 363 603 b
1 2 3 6 12 24 36 60 120 240 360 600 603 b
1 2 3 6 12 24 36 60 120 240 480 483 603 b
1 2 3 6 12 24 36 60 120 240 480 600 603 b
1 2 3 6 12 24 36 72 75 150 300 303 603 b
1 2 3 6 12 24 36 72 75 150 300 600 603 b
1 2 3 6 12 24 36 72 78 150 300 303 603 b
1 2 3 6 12 24 36 72 78 150 300 600 603 b
1 2 3 6 12 24 36 72 144 150 300 303 603 b
1 2 3 6 12 24 36 72 144 150 300 600 603 b
1 2 3 6 12 24 36 72 144 156 300 303 603 b
1 2 3 6 12 24 36 72 144 156 300 600 603 b
1 2 3 6 12 24 36 72 144 288 291 312 603 a
1 2 3 6 12 24 36 72 144 288 291 315 603 b
1 2 3 6 12 24 36 72 144 288 291 579 603 b
1 2 3 6 12 24 36 72 144 288 300 303 603 b
1 2 3 6 12 24 36 72 144 288 300 600 603 b
1 2 3 6 12 24 36 72 144 288 312 315 603 b
1 2 3 6 12 24 36 72 144 288 312 600 603 b
1 2 3 6 12 24 36 72 144 288 576 579 603 b
1 2 3 6 12 24 36 72 144 288 576 600 603 b
1 2 3 6 12 24 48 50 100 101 201 402 603 b
1 2 3 6 12 24 48 50 100 150 300 303 603 b
1 2 3 6 12 24 48 50 100 150 300 600 603 b
1 2 3 6 12 24 48 50 100 200 201 402 603 b
1 2 3 6 12 24 48 50 100 200 203 400 603 a
1 2 3 6 12 24 48 50 100 200 203 403 603 b
1 2 3 6 12 24 48 50 100 200 300 303 603 b
1 2 3 6 12 24 48 50 100 200 300 600 603 b
1 2 3 6 12 24 48 50 100 200 400 403 603 b
1 2 3 6 12 24 48 50 100 200 400 600 603 b
1 2 3 6 12 24 48 51 75 126 201 402 603 b
1 2 3 6 12 24 48 51 75 150 201 402 603 b
1 2 3 6 12 24 48 51 75 150 300 303 603 b
1 2 3 6 12 24 48 51 75 150 300 600 603 b
1 2 3 6 12 24 48 51 99 102 201 402 603 b
1 2 3 6 12 24 48 51 99 150 201 402 603 b
1 2 3 6 12 24 48 51 99 150 300 303 603 b
1 2 3 6 12 24 48 51 99 150 300 600 603 b
1 2 3 6 12 24 48 51 99 198 201 402 603 b
1 2 3 6 12 24 48 51 102 150 201 402 603 b
1 2 3 6 12 24 48 51 102 150 300 303 603 b
1 2 3 6 12 24 48 51 102 150 300 600 603 b
1 2 3 6 12 24 48 51 102 153 201 402 603 b
1 2 3 6 12 24 48 54 96 150 300 303 603 a
1 2 3 6 12 24 48 54 96 150 300 600 603 a
1 2 3 6 12 24 48 54 102 150 300 303 603 b
1 2 3 6 12 24 48 54 102 150 300 600 603 b
1 2 3 6 12 24 48 60 120 121 241 362 603 b
1 2 3 6 12 24 48 60 120 121 241 482 603 b
1 2 3 6 12 24 48 60 120 123 240 363 603 a
1 2 3 6 12 24 48 60 120 123 240 480 603 a
1 2 3 6 12 24 48 60 120 180 300 303 603 b
1 2 3 6 12 24 48 60 120 180 300 600 603 b
1 2 3 6 12 24 48 60 120 240 243 360 603 a
1 2 3 6 12 24 48 60 120 240 243 363 603 b
1 2 3 6 12 24 48 60 120 240 243 483 603 b
1 2 3 6 12 24 48 60 120 240 300 303 603 b
1 2 3 6 12 24 48 60 120 240 300 600 603 b
1 2 3 6 12 24 48 60 120 240 360 363 603 b
1 2 3 6 12 24 48 60 120 240 360 600 603 b
1 2 3 6 12 24 48 60 120 240 480 483 603 b
1 2 3 6 12 24 48 60 120 240 480 600 603 b
1 2 3 6 12 24 48 72 75 150 300 303 603 b
1 2 3 6 12 24 48 72 75 150 300 600 603 b
1 2 3 6 12 24 48 72 78 150 300 303 603 b
1 2 3 6 12 24 48 72 78 150 300 600 603 b
1 2 3 6 12 24 48 72 120 121 241 362 603 b
1 2 3 6 12 24 48 72 120 121 241 482 603 b
1 2 3 6 12 24 48 72 120 123 240 363 603 a
1 2 3 6 12 24 48 72 120 123 240 480 603 a
1 2 3 6 12 24 48 72 120 240 243 360 603 a
1 2 3 6 12 24 48 72 120 240 243 363 603 b
1 2 3 6 12 24 48 72 120 240 243 483 603 b
1 2 3 6 12 24 48 72 120 240 360 363 603 b
1 2 3 6 12 24 48 72 120 240 360 600 603 b
1 2 3 6 12 24 48 72 120 240 480 483 603 b
1 2 3 6 12 24 48 72 120 240 480 600 603 b
1 2 3 6 12 24 48 72 144 150 300 303 603 b
1 2 3 6 12 24 48 72 144 150 300 600 603 b
1 2 3 6 12 24 48 72 144 156 300 303 603 b
1 2 3 6 12 24 48 72 144 156 300 600 603 b
1 2 3 6 12 24 48 72 144 288 291 312 603 a
1 2 3 6 12 24 48 72 144 288 291 315 603 b
1 2 3 6 12 24 48 72 144 288 291 579 603 b
1 2 3 6 12 24 48 72 144 288 300 303 603 b
1 2 3 6 12 24 48 72 144 288 300 600 603 b
1 2 3 6 12 24 48 72 144 288 312 315 603 b
1 2 3 6 12 24 48 72 144 288 312 600 603 b
1 2 3 6 12 24 48 72 144 288 576 579 603 b
1 2 3 6 12 24 48 72 144 288 576 600 603 b
1 2 3 6 12 24 48 96 97 193 205 398 603 b
1 2 3 6 12 24 48 96 97 193 205 410 603 b
1 2 3 6 12 24 48 96 97 193 217 386 603 a
1 2 3 6 12 24 48 96 97 193 217 410 603 b
1 2 3 6 12 24 48 96 97 193 386 410 603 b
1 2 3 6 12 24 48 96 97 193 386 579 603 b
1 2 3 6 12 24 48 96 99 102 201 402 603 b
1 2 3 6 12 24 48 96 99 105 201 402 603 b
1 2 3 6 12 24 48 96 99 195 201 402 603 b
1 2 3 6 12 24 48 96 99 198 201 402 603 b
1 2 3 6 12 24 48 96 102 105 201 402 603 b
1 2 3 6 12 24 48 96 102 150 300 303 603 b
1 2 3 6 12 24 48 96 102 150 300 600 603 b
1 2 3 6 12 24 48 96 102 198 201 402 603 b
1 2 3 6 12 24 48 96 102 198 300 303 603 b
1 2 3 6 12 24 48 96 102 198 300 600 603 b
1 2 3 6 12 24 48 96 102 204 300 303 603 b
1 2 3 6 12 24 48 96 102 204 300 600 603 b
1 2 3 6 12 24 48 96 108 192 300 303 603 a
1 2 3 6 12 24 48 96 108 192 300 600 603 a
1 2 3 6 12 24 48 96 108 204 300 303 603 b
1 2 3 6 12 24 48 96 108 204 300 600 603 b
1 2 3 6 12 24 48 96 120 121 241 362 603 b
1 2 3 6 12 24 48 96 120 121 241 482 603 b
1 2 3 6 12 24 48 96 120 123 240 363 603 a
1 2 3 6 12 24 48 96 120 123 240 480 603 a
1 2 3 6 12 24 48 96 120 240 243 360 603 a
1 2 3 6 12 24 48 96 120 240 243 363 603 b
1 2 3 6 12 24 48 96 120 240 243 483 603 b
1 2 3 6 12 24 48 96 120 240 360 363 603 b
1 2 3 6 12 24 48 96 120 240 360 600 603 b
1 2 3 6 12 24 48 96 120 240 480 483 603 b
1 2 3 6 12 24 48 96 120 240 480 600 603 b
1 2 3 6 12 24 48 96 144 150 300 303 603 b
1 2 3 6 12 24 48 96 144 150 300 600 603 b
1 2 3 6 12 24 48 96 144 156 300 303 603 b
1 2 3 6 12 24 48 96 144 156 300 600 603 b
1 2 3 6 12 24 48 96 144 288 291 312 603 a
1 2 3 6 12 24 48 96 144 288 291 315 603 b
1 2 3 6 12 24 48 96 144 288 291 579 603 b
1 2 3 6 12 24 48 96 144 288 300 303 603 b
1 2 3 6 12 24 48 96 144 288 300 600 603 b
1 2 3 6 12 24 48 96 144 288 312 315 603 b
1 2 3 6 12 24 48 96 144 288 312 600 603 b
1 2 3 6 12 24 48 96 144 288 576 579 603 b
1 2 3 6 12 24 48 96 144 288 576 600 603 b
1 2 3 6 12 24 48 96 192 193 205 398 603 b
1 2 3 6 12 24 48 96 192 193 205 410 603 b
1 2 3 6 12 24 48 96 192 193 217 386 603 a
1 2 3 6 12 24 48 96 192 193 217 410 603 b
1 2 3 6 12 24 48 96 192 193 386 410 603 b
1 2 3 6 12 24 48 96 192 193 386 579 603 b
1 2 3 6 12 24 48 96 192 195 201 402 603 b
1 2 3 6 12 24 48 96 192 195 204 399 603 a
1 2 3 6 12 24 48 96 192 195 204 408 603 a
1 2 3 6 12 24 48 96 192 195 216 387 603 a
1 2 3 6 12 24 48 96 192 195 216 408 603 a
1 2 3 6 12 24 48 96 192 195 216 411 603 a
1 2 3 6 12 24 48 96 192 195 219 384 603 a
1 2 3 6 12 24 48 96 192 195 219 411 603 b
1 2 3 6 12 24 48 96 192 195 384 408 603 a
1 2 3 6 12 24 48 96 192 195 384 579 603 a
1 2 3 6 12 24 48 96 192 195 387 411 603 b
1 2 3 6 12 24 48 96 192 195 387 579 603 b
1 2 3 6 12 24 48 96 192 198 201 402 603 b
1 2 3 6 12 24 48 96 192 204 207 396 603 a
1 2 3 6 12 24 48 96 192 204 207 399 603 b
1 2 3 6 12 24 48 96 192 204 207 411 603 b
1 2 3 6 12 24 48 96 192 204 300 303 603 b
1 2 3 6 12 24 48 96 192 204 300 600 603 b
1 2 3 6 12 24 48 96 192 204 396 399 603 b
1 2 3 6 12 24 48 96 192 204 396 600 603 b
1 2 3 6 12 24 48 96 192 204 408 411 603 b
1 2 3 6 12 24 48 96 192 204 408 600 603 b
1 2 3 6 12 24 48 96 192 216 219 384 603 a
1 2 3 6 12 24 48 96 192 216 219 411 603 b
1 2 3 6 12 24 48 96 192 216 384 387 603 a
1 2 3 6 12 24 48 96 192 216 384 600 603 a
1 2 3 6 12 24 48 96 192 216 408 411 603 b
1 2 3 6 12 24 48 96 192 216 408 600 603 b
1 2 3 6 12 24 48 96 192 288 291 312 603 a
1 2 3 6 12 24 48 96 192 288 291 315 603 b
1 2 3 6 12 24 48 96 192 288 291 579 603 b
1 2 3 6 12 24 48 96 192 288 300 303 603 b
1 2 3 6 12 24 48 96 192 288 300 600 603 b
1 2 3 6 12 24 48 96 192 288 312 315 603 b
1 2 3 6 12 24 48 96 192 288 312 600 603 b
1 2 3 6 12 24 48 96 192 288 576 579 603 b
1 2 3 6 12 24 48 96 192 288 576 600 603 b
1 2 3 6 12 24 48 96 192 384 387 411 603 b
1 2 3 6 12 24 48 96 192 384 387 579 603 b
1 2 3 6 12 24 48 96 192 384 408 411 603 b
1 2 3 6 12 24 48 96 192 384 408 600 603 b
1 2 3 6 12 24 48 96 192 384 576 579 603 b
1 2 3 6 12 24 48 96 192 384 576 600 603 b
1 2 4 5 9 18 27 36 72 144 288 315 603 b
1 2 4 5 9 18 27 36 72 144 288 576 603 b
1 2 4 5 9 18 27 45 72 144 288 315 603 b
1 2 4 5 9 18 27 45 72 144 288 576 603 b
1 2 4 5 9 18 27 54 72 144 288 315 603 b
1 2 4 5 9 18 27 54 72 144 288 576 603 b
1 2 4 5 9 18 36 72 81 153 225 378 603 b
1 2 4 5 9 18 36 72 81 153 225 450 603 b
1 2 4 5 9 18 36 72 144 153 225 378 603 b
1 2 4 5 9 18 36 72 144 153 225 450 603 b
1 2 4 5 9 18 36 72 144 153 297 306 603 b
1 2 4 5 9 18 36 72 144 153 297 450 603 b
1 2 4 5 9 18 36 72 144 153 297 594 603 b
1 2 4 5 9 18 36 72 144 153 306 450 603 b
1 2 4 5 9 18 36 72 144 153 306 459 603 b
1 2 4 5 9 18 36 72 144 288 297 306 603 b
1 2 4 5 9 18 36 72 144 288 297 315 603 b
1 2 4 5 9 18 36 72 144 288 297 585 603 b
1 2 4 5 9 18 36 72 144 288 297 594 603 b
1 2 4 5 9 18 36 72 144 288 306 315 603 b
1 2 4 5 9 18 36 72 144 288 306 594 603 b
1 2 4 5 9 18 36 72 144 288 576 585 603 b
1 2 4 5 9 18 36 72 144 288 576 594 603 b
1 2 4 5 10 15 25 50 100 101 201 402 603 b
1 2 4 5 10 15 25 50 100 200 201 402 603 b
1 2 4 5 10 15 30 60 120 121 241 362 603 b
1 2 4 5 10 15 30 60 120 121 241 482 603 b
1 2 4 5 10 20 25 50 100 101 201 402 603 b
1 2 4 5 10 20 25 50 100 200 201 402 603 b
1 2 4 5 10 20 30 50 100 101 201 402 603 b
1 2 4 5 10 20 30 50 100 200 201 402 603 b
1 2 4 5 10 20 30 60 120 121 241 362 603 b
1 2 4 5 10 20 30 60 120 121 241 482 603 b
1 2 4 5 10 20 40 41 80 121 201 402 603 a
1 2 4 5 10 20 40 41 80 160 201 402 603 a
1 2 4 5 10 20 40 50 100 101 201 402 603 b
1 2 4 5 10 20 40 50 100 200 201 402 603 b
1 2 4 5 10 20 40 60 100 101 201 402 603 b
1 2 4 5 10 20 40 60 100 200 201 402 603 b
1 2 4 5 10 20 40 60 120 121 241 362 603 b
1 2 4 5 10 20 40 60 120 121 241 482 603 b
1 2 4 5 10 20 40 80 81 120 201 402 603 a
1 2 4 5 10 20 40 80 81 121 201 402 603 b
1 2 4 5 10 20 40 80 81 161 201 402 603 b
1 2 4 5 10 20 40 80 100 101 201 402 603 b
1 2 4 5 10 20 40 80 100 200 201 402 603 b
1 2 4 5 10 20 40 80 120 121 201 402 603 b
1 2 4 5 10 20 40 80 120 121 241 362 603 b
1 2 4 5 10 20 40 80 120 121 241 482 603 b
1 2 4 5 10 20 40 80 120 200 201 402 603 b
1 2 4 5 10 20 40 80 160 161 201 402 603 b
1 2 4 5 10 20 40 80 160 200 201 402 603 b
1 2 4 6 10 20 30 50 100 101 201 402 603 b
1 2 4 6 10 20 30 50 100 200 201 402 603 b
1 2 4 6 10 20 30 60 120 121 241 362 603 b
1 2 4 6 10 20 30 60 120 121 241 482 603 b
1 2 4 6 10 20 40 41 80 121 201 402 603 a
1 2 4 6 10 20 40 41 80 160 201 402 603 a
1 2 4 6 10 20 40 50 100 101 201 402 603 b
1 2 4 6 10 20 40 50 100 200 201 402 603 b
1 2 4 6 10 20 40 60 100 101 201 402 603 b
1 2 4 6 10 20 40 60 100 200 201 402 603 b
1 2 4 6 10 20 40 60 120 121 241 362 603 b
1 2 4 6 10 20 40 60 120 121 241 482 603 b
1 2 4 6 10 20 40 80 81 120 201 402 603 a
1 2 4 6 10 20 40 80 81 121 201 402 603 b
1 2 4 6 10 20 40 80 81 161 201 402 603 b
1 2 4 6 10 20 40 80 100 101 201 402 603 b
1 2 4 6 10 20 40 80 100 200 201 402 603 b
1 2 4 6 10 20 40 80 120 121 201 402 603 b
1 2 4 6 10 20 40 80 120 121 241 362 603 b
1 2 4 6 10 20 40 80 120 121 241 482 603 b
1 2 4 6 10 20 40 80 120 200 201 402 603 b
1 2 4 6 10 20 40 80 160 161 201 402 603 b
1 2 4 6 10 20 40 80 160 200 201 402 603 b
1 2 4 6 12 13 25 50 100 101 201 402 603 b
1 2 4 6 12 13 25 50 100 200 201 402 603 b
1 2 4 6 12 18 30 60 120 121 241 362 603 b
1 2 4 6 12 18 30 60 120 121 241 482 603 b
1 2 4 6 12 24 25 50 100 101 201 402 603 b
1 2 4 6 12 24 25 50 100 200 201 402 603 b
1 2 4 6 12 24 26 50 100 101 201 402 603 b
1 2 4 6 12 24 26 50 100 200 201 402 603 b
1 2 4 6 12 24 30 60 120 121 241 362 603 b
1 2 4 6 12 24 30 60 120 121 241 482 603 b
1 2 4 6 12 24 36 60 120 121 241 362 603 b
1 2 4 6 12 24 36 60 120 121 241 482 603 b
1 2 4 6 12 24 48 50 100 101 201 402 603 b
1 2 4 6 12 24 48 50 100 200 201 402 603 b
1 2 4 6 12 24 48 52 100 101 201 402 603 b
1 2 4 6 12 24 48 52 100 200 201 402 603 b
1 2 4 6 12 24 48 60 120 121 241 362 603 b
1 2 4 6 12 24 48 60 120 121 241 482 603 b
1 2 4 6 12 24 48 72 120 121 241 362 603 b
1 2 4 6 12 24 48 72 120 121 241 482 603 b
1 2 4 6 12 24 48 96 97 193 205 398 603 b
1 2 4 6 12 24 48 96 97 193 205 410 603 b
1 2 4 6 12 24 48 96 97 193 217 386 603 a
1 2 4 6 12 24 48 96 97 193 217 410 603 b
1 2 4 6 12 24 48 96 97 193 386 410 603 b
1 2 4 6 12 24 48 96 97 193 386 579 603 b
1 2 4 6 12 24 48 96 100 101 201 402 603 b
1 2 4 6 12 24 48 96 100 200 201 402 603 b
1 2 4 6 12 24 48 96 120 121 241 362 603 b
1 2 4 6 12 24 48 96 120 121 241 482 603 b
1 2 4 6 12 24 48 96 192 193 205 398 603 b
1 2 4 6 12 24 48 96 192 193 205 410 603 b
1 2 4 6 12 24 48 96 192 193 217 386 603 a
1 2 4 6 12 24 48 96 192 193 217 410 603 b
1 2 4 6 12 24 48 96 192 193 386 410 603 b
1 2 4 6 12 24 48 96 192 193 386 579 603 b
1 2 4 8 9 12 24 48 96 105 201 402 603 a
1 2 4 8 9 12 24 48 96 192 201 402 603 a
1 2 4 8 9 16 24 48 96 105 201 402 603 a
1 2 4 8 9 16 24 48 96 192 201 402 603 a
1 2 4 8 9 16 25 50 100 101 201 402 603 a
1 2 4 8 9 16 25 50 100 200 201 402 603 a
1 2 4 8 9 16 32 48 96 105 201 402 603 a
1 2 4 8 9 16 32 48 96 192 201 402 603 a
1 2 4 8 9 16 32 64 73 128 201 402 603 a
1 2 4 8 9 16 32 64 73 137 201 402 603 a
1 2 4 8 9 16 32 64 96 105 201 402 603 a
1 2 4 8 9 16 32 64 96 192 201 402 603 a
1 2 4 8 9 16 32 64 128 137 201 402 603 a
1 2 4 8 9 16 32 64 128 192 201 402 603 a
1 2 4 8 9 17 25 42 67 134 201 402 603 b
1 2 4 8 9 17 25 42 67 134 268 335 603 b
1 2 4 8 9 17 25 42 67 134 268 536 603 b
1 2 4 8 9 17 25 50 67 134 201 402 603 b
1 2 4 8 9 17 25 50 67 134 268 335 603 b
1 2 4 8 9 17 25 50 67 134 268 536 603 b
1 2 4 8 9 17 25 50 100 101 201 402 603 b
1 2 4 8 9 17 25 50 100 200 201 402 603 b
1 2 4 8 9 18 27 36 72 144 288 315 603 b
1 2 4 8 9 18 27 36 72 144 288 576 603 b
1 2 4 8 9 18 27 45 72 144 288 315 603 b
1 2 4 8 9 18 27 45 72 144 288 576 603 b
1 2 4 8 9 18 27 54 72 144 288 315 603 b
1 2 4 8 9 18 27 54 72 144 288 576 603 b
1 2 4 8 9 18 36 72 81 153 225 378 603 b
1 2 4 8 9 18 36 72 81 153 225 450 603 b
1 2 4 8 9 18 36 72 144 153 225 378 603 b
1 2 4 8 9 18 36 72 144 153 225 450 603 b
1 2 4 8 9 18 36 72 144 153 297 306 603 b
1 2 4 8 9 18 36 72 144 153 297 450 603 b
1 2 4 8 9 18 36 72 144 153 297 594 603 b
1 2 4 8 9 18 36 72 144 153 306 450 603 b
1 2 4 8 9 18 36 72 144 153 306 459 603 b
1 2 4 8 9 18 36 72 144 288 297 306 603 b
1 2 4 8 9 18 36 72 144 288 297 315 603 b
1 2 4 8 9 18 36 72 144 288 297 585 603 b
1 2 4 8 9 18 36 72 144 288 297 594 603 b
1 2 4 8 9 18 36 72 144 288 306 315 603 b
1 2 4 8 9 18 36 72 144 288 306 594 603 b
1 2 4 8 9 18 36 72 144 288 576 585 603 b
1 2 4 8 9 18 36 72 144 288 576 594 603 b
1 2 4 8 10 20 30 50 100 101 201 402 603 b
1 2 4 8 10 20 30 50 100 200 201 402 603 b
1 2 4 8 10 20 30 60 120 121 241 362 603 b
1 2 4 8 10 20 30 60 120 121 241 482 603 b
1 2 4 8 10 20 40 41 80 121 201 402 603 a
1 2 4 8 10 20 40 41 80 160 201 402 603 a
1 2 4 8 10 20 40 50 100 101 201 402 603 b
1 2 4 8 10 20 40 50 100 200 201 402 603 b
1 2 4 8 10 20 40 60 100 101 201 402 603 b
1 2 4 8 10 20 40 60 100 200 201 402 603 b
1 2 4 8 10 20 40 60 120 121 241 362 603 b
1 2 4 8 10 20 40 60 120 121 241 482 603 b
1 2 4 8 10 20 40 80 81 120 201 402 603 a
1 2 4 8 10 20 40 80 81 121 201 402 603 b
1 2 4 8 10 20 40 80 81 161 201 402 603 b
1 2 4 8 10 20 40 80 100 101 201 402 603 b
1 2 4 8 10 20 40 80 100 200 201 402 603 b
1 2 4 8 10 20 40 80 120 121 201 402 603 b
1 2 4 8 10 20 40 80 120 121 241 362 603 b
1 2 4 8 10 20 40 80 120 121 241 482 603 b
1 2 4 8 10 20 40 80 120 200 201 402 603 b
1 2 4 8 10 20 40 80 160 161 201 402 603 b
1 2 4 8 10 20 40 80 160 200 201 402 603 b
1 2 4 8 12 13 25 50 100 101 201 402 603 b
1 2 4 8 12 13 25 50 100 200 201 402 603 b
1 2 4 8 12 20 40 41 80 121 201 402 603 a
1 2 4 8 12 20 40 41 80 160 201 402 603 a
1 2 4 8 12 20 40 60 100 101 201 402 603 b
1 2 4 8 12 20 40 60 100 200 201 402 603 b
1 2 4 8 12 20 40 60 120 121 241 362 603 b
1 2 4 8 12 20 40 60 120 121 241 482 603 b
1 2 4 8 12 20 40 80 81 120 201 402 603 a
1 2 4 8 12 20 40 80 81 121 201 402 603 b
1 2 4 8 12 20 40 80 81 161 201 402 603 b
1 2 4 8 12 20 40 80 100 101 201 402 603 b
1 2 4 8 12 20 40 80 100 200 201 402 603 b
1 2 4 8 12 20 40 80 120 121 201 402 603 b
1 2 4 8 12 20 40 80 120 121 241 362 603 b
1 2 4 8 12 20 40 80 120 121 241 482 603 b
1 2 4 8 12 20 40 80 120 200 201 402 603 b
1 2 4 8 12 20 40 80 160 161 201 402 603 b
1 2 4 8 12 20 40 80 160 200 201 402 603 b
1 2 4 8 12 24 25 50 100 101 201 402 603 b
1 2 4 8 12 24 25 50 100 200 201 402 603 b
1 2 4 8 12 24 26 50 100 101 201 402 603 b
1 2 4 8 12 24 26 50 100 200 201 402 603 b
1 2 4 8 12 24 36 60 120 121 241 362 603 b
1 2 4 8 12 24 36 60 120 121 241 482 603 b
1 2 4 8 12 24 48 50 100 101 201 402 603 b
1 2 4 8 12 24 48 50 100 200 201 402 603 b
1 2 4 8 12 24 48 52 100 101 201 402 603 b
1 2 4 8 12 24 48 52 100 200 201 402 603 b
1 2 4 8 12 24 48 60 120 121 241 362 603 b
1 2 4 8 12 24 48 60 120 121 241 482 603 b
1 2 4 8 12 24 48 72 120 121 241 362 603 b
1 2 4 8 12 24 48 72 120 121 241 482 603 b
1 2 4 8 12 24 48 96 97 104 201 402 603 a
1 2 4 8 12 24 48 96 97 105 201 402 603 b
1 2 4 8 12 24 48 96 97 193 201 402 603 b
1 2 4 8 12 24 48 96 97 193 205 398 603 b
1 2 4 8 12 24 48 96 97 193 205 410 603 b
1 2 4 8 12 24 48 96 97 193 217 386 603 a
1 2 4 8 12 24 48 96 97 193 217 410 603 b
1 2 4 8 12 24 48 96 97 193 386 410 603 b
1 2 4 8 12 24 48 96 97 193 386 579 603 b
1 2 4 8 12 24 48 96 100 101 201 402 603 b
1 2 4 8 12 24 48 96 100 200 201 402 603 b
1 2 4 8 12 24 48 96 104 105 201 402 603 b
1 2 4 8 12 24 48 96 104 200 201 402 603 b
1 2 4 8 12 24 48 96 120 121 241 362 603 b
1 2 4 8 12 24 48 96 120 121 241 482 603 b
1 2 4 8 12 24 48 96 192 193 201 402 603 b
1 2 4 8 12 24 48 96 192 193 205 398 603 b
1 2 4 8 12 24 48 96 192 193 205 410 603 b
1 2 4 8 12 24 48 96 192 193 217 386 603 a
1 2 4 8 12 24 48 96 192 193 217 410 603 b
1 2 4 8 12 24 48 96 192 193 386 410 603 b
1 2 4 8 12 24 48 96 192 193 386 579 603 b
1 2 4 8 12 24 48 96 192 200 201 402 603 b
1 2 4 8 16 17 25 42 67 134 201 402 603 b
1 2 4 8 16 17 25 42 67 134 268 335 603 b
1 2 4 8 16 17 25 42 67 134 268 536 603 b
1 2 4 8 16 17 25 50 67 134 201 402 603 b
1 2 4 8 16 17 25 50 67 134 268 335 603 b
1 2 4 8 16 17 25 50 67 134 268 536 603 b
1 2 4 8 16 17 25 50 100 101 201 402 603 b
1 2 4 8 16 17 25 50 100 200 201 402 603 b
1 2 4 8 16 17 33 34 67 134 201 402 603 b
1 2 4 8 16 17 33 34 67 134 268 335 603 b
1 2 4 8 16 17 33 34 67 134 268 536 603 b
1 2 4 8 16 17 33 50 67 134 201 402 603 b
1 2 4 8 16 17 33 50 67 134 268 335 603 b
1 2 4 8 16 17 33 50 67 134 268 536 603 b
1 2 4 8 16 17 33 50 100 101 201 402 603 b
1 2 4 8 16 17 33 50 100 200 201 402 603 b
1 2 4 8 16 17 33 66 67 134 201 402 603 b
1 2 4 8 16 17 33 66 67 134 268 335 603 b
1 2 4 8 16 17 33 66 67 134 268 536 603 b
1 2 4 8 16 17 34 50 67 134 201 402 603 b
1 2 4 8 16 17 34 50 67 134 268 335 603 b
1 2 4 8 16 17 34 50 67 134 268 536 603 b
1 2 4 8 16 17 34 50 100 101 201 402 603 b
1 2 4 8 16 17 34 50 100 200 201 402 603 b
1 2 4 8 16 17 34 51 67 134 201 402 603 b
1 2 4 8 16 17 34 51 67 134 268 335 603 b
1 2 4 8 16 17 34 51 67 134 268 536 603 b
1 2 4 8 16 18 32 50 100 101 201 402 603 a
1 2 4 8 16 18 32 50 100 200 201 402 603 a
1 2 4 8 16 18 34 50 100 101 201 402 603 b
1 2 4 8 16 18 34 50 100 200 201 402 603 b
1 2 4 8 16 20 40 41 80 121 201 402 603 a
1 2 4 8 16 20 40 41 80 160 201 402 603 a
1 2 4 8 16 20 40 60 100 101 201 402 603 b
1 2 4 8 16 20 40 60 100 200 201 402 603 b
1 2 4 8 16 20 40 60 120 121 241 362 603 b
1 2 4 8 16 20 40 60 120 121 241 482 603 b
1 2 4 8 16 20 40 80 81 120 201 402 603 a
1 2 4 8 16 20 40 80 81 121 201 402 603 b
1 2 4 8 16 20 40 80 81 161 201 402 603 b
1 2 4 8 16 20 40 80 100 101 201 402 603 b
1 2 4 8 16 20 40 80 100 200 201 402 603 b
1 2 4 8 16 20 40 80 120 121 201 402 603 b
1 2 4 8 16 20 40 80 120 121 241 362 603 b
1 2 4 8 16 20 40 80 120 121 241 482 603 b
1 2 4 8 16 20 40 80 120 200 201 402 603 b
1 2 4 8 16 20 40 80 160 161 201 402 603 b
1 2 4 8 16 20 40 80 160 200 201 402 603 b
1 2 4 8 16 24 25 50 100 101 201 402 603 b
1 2 4 8 16 24 25 50 100 200 201 402 603 b
1 2 4 8 16 24 26 50 100 101 201 402 603 b
1 2 4 8 16 24 26 50 100 200 201 402 603 b
1 2 4 8 16 24 40 41 80 121 201 402 603 a
1 2 4 8 16 24 40 41 80 160 201 402 603 a
1 2 4 8 16 24 40 80 81 120 201 402 603 a
1 2 4 8 16 24 40 80 81 121 201 402 603 b
1 2 4 8 16 24 40 80 81 161 201 402 603 b
1 2 4 8 16 24 40 80 120 121 201 402 603 b
1 2 4 8 16 24 40 80 120 121 241 362 603 b
1 2 4 8 16 24 40 80 120 121 241 482 603 b
1 2 4 8 16 24 40 80 120 200 201 402 603 b
1 2 4 8 16 24 40 80 160 161 201 402 603 b
1 2 4 8 16 24 40 80 160 200 201 402 603 b
1 2 4 8 16 24 48 50 100 101 201 402 603 b
1 2 4 8 16 24 48 50 100 200 201 402 603 b
1 2 4 8 16 24 48 52 100 101 201 402 603 b
1 2 4 8 16 24 48 52 100 200 201 402 603 b
1 2 4 8 16 24 48 72 120 121 241 362 603 b
1 2 4 8 16 24 48 72 120 121 241 482 603 b
1 2 4 8 16 24 48 96 97 104 201 402 603 a
1 2 4 8 16 24 48 96 97 105 201 402 603 b
1 2 4 8 16 24 48 96 97 193 201 402 603 b
1 2 4 8 16 24 48 96 97 193 217 386 603 a
1 2 4 8 16 24 48 96 97 193 217 410 603 b
1 2 4 8 16 24 48 96 97 193 386 410 603 b
1 2 4 8 16 24 48 96 97 193 386 579 603 b
1 2 4 8 16 24 48 96 100 101 201 402 603 b
1 2 4 8 16 24 48 96 100 200 201 402 603 b
1 2 4 8 16 24 48 96 104 105 201 402 603 b
1 2 4 8 16 24 48 96 104 200 201 402 603 b
1 2 4 8 16 24 48 96 120 121 241 362 603 b
1 2 4 8 16 24 48 96 120 121 241 482 603 b
1 2 4 8 16 24 48 96 192 193 201 402 603 b
1 2 4 8 16 24 48 96 192 193 217 386 603 a
1 2 4 8 16 24 48 96 192 193 217 410 603 b
1 2 4 8 16 24 48 96 192 193 386 410 603 b
1 2 4 8 16 24 48 96 192 193 386 579 603 b
1 2 4 8 16 24 48 96 192 200 201 402 603 b
1 2 4 8 16 32 33 34 67 134 201 402 603 b
1 2 4 8 16 32 33 34 67 134 268 335 603 b
1 2 4 8 16 32 33 34 67 134 268 536 603 b
1 2 4 8 16 32 33 35 67 134 201 402 603 b
1 2 4 8 16 32 33 35 67 134 268 335 603 b
1 2 4 8 16 32 33 35 67 134 268 536 603 b
1 2 4 8 16 32 33 65 67 134 201 402 603 b
1 2 4 8 16 32 33 65 67 134 268 335 603 b
1 2 4 8 16 32 33 65 67 134 268 536 603 b
1 2 4 8 16 32 33 66 67 134 201 402 603 b
1 2 4 8 16 32 33 66 67 134 268 335 603 b
1 2 4 8 16 32 33 66 67 134 268 536 603 b
1 2 4 8 16 32 34 35 67 134 201 402 603 b
1 2 4 8 16 32 34 35 67 134 268 335 603 b
1 2 4 8 16 32 34 35 67 134 268 536 603 b
1 2 4 8 16 32 34 50 100 101 201 402 603 b
1 2 4 8 16 32 34 50 100 200 201 402 603 b
1 2 4 8 16 32 34 66 67 134 201 402 603 b
1 2 4 8 16 32 34 66 67 134 268 335 603 b
1 2 4 8 16 32 34 66 67 134 268 536 603 b
1 2 4 8 16 32 34 66 100 101 201 402 603 b
1 2 4 8 16 32 34 66 100 200 201 402 603 b
1 2 4 8 16 32 34 68 100 101 201 402 603 b
1 2 4 8 16 32 34 68 100 200 201 402 603 b
1 2 4 8 16 32 36 64 100 101 201 402 603 a
1 2 4 8 16 32 36 64 100 200 201 402 603 a
1 2 4 8 16 32 36 68 100 101 201 402 603 b
1 2 4 8 16 32 36 68 100 200 201 402 603 b
1 2 4 8 16 32 40 41 80 121 201 402 603 a
1 2 4 8 16 32 40 41 80 160 201 402 603 a
1 2 4 8 16 32 40 80 81 120 201 402 603 a
1 2 4 8 16 32 40 80 81 121 201 402 603 b
1 2 4 8 16 32 40 80 81 161 201 402 603 b
1 2 4 8 16 32 40 80 120 121 201 402 603 b
1 2 4 8 16 32 40 80 120 121 241 362 603 b
1 2 4 8 16 32 40 80 120 121 241 482 603 b
1 2 4 8 16 32 40 80 120 200 201 402 603 b
1 2 4 8 16 32 40 80 160 161 201 402 603 b
1 2 4 8 16 32 40 80 160 200 201 402 603 b
1 2 4 8 16 32 48 50 100 101 201 402 603 b
1 2 4 8 16 32 48 50 100 200 201 402 603 b
1 2 4 8 16 32 48 52 100 101 201 402 603 b
1 2 4 8 16 32 48 52 100 200 201 402 603 b
1 2 4 8 16 32 48 96 97 104 201 402 603 a
1 2 4 8 16 32 48 96 97 105 201 402 603 b
1 2 4 8 16 32 48 96 97 193 201 402 603 b
1 2 4 8 16 32 48 96 100 101 201 402 603 b
1 2 4 8 16 32 48 96 100 200 201 402 603 b
1 2 4 8 16 32 48 96 104 105 201 402 603 b
1 2 4 8 16 32 48 96 104 200 201 402 603 b
1 2 4 8 16 32 48 96 192 193 201 402 603 b
1 2 4 8 16 32 48 96 192 200 201 402 603 b
1 2 4 8 16 32 64 65 67 134 201 402 603 b
1 2 4 8 16 32 64 65 67 134 268 335 603 b
1 2 4 8 16 32 64 65 67 134 268 536 603 b
1 2 4 8 16 32 64 65 68 133 201 402 603 a
1 2 4 8 16 32 64 65 68 136 201 402 603 a
1 2 4 8 16 32 64 65 72 129 201 402 603 a
1 2 4 8 16 32 64 65 72 136 201 402 603 a
1 2 4 8 16 32 64 65 72 137 201 402 603 a
1 2 4 8 16 32 64 65 73 128 201 402 603 a
1 2 4 8 16 32 64 65 73 137 201 402 603 b
1 2 4 8 16 32 64 65 128 136 201 402 603 a
1 2 4 8 16 32 64 65 128 193 201 402 603 a
1 2 4 8 16 32 64 65 129 137 201 402 603 b
1 2 4 8 16 32 64 65 129 193 201 402 603 b
1 2 4 8 16 32 64 66 67 134 201 402 603 b
1 2 4 8 16 32 64 66 67 134 268 335 603 b
1 2 4 8 16 32 64 66 67 134 268 536 603 b
1 2 4 8 16 32 64 68 69 132 201 402 603 a
1 2 4 8 16 32 64 68 69 133 201 402 603 b
1 2 4 8 16 32 64 68 69 137 201 402 603 b
1 2 4 8 16 32 64 68 100 101 201 402 603 b
1 2 4 8 16 32 64 68 100 200 201 402 603 b
1 2 4 8 16 32 64 68 132 133 201 402 603 b
1 2 4 8 16 32 64 68 132 200 201 402 603 b
1 2 4 8 16 32 64 68 136 137 201 402 603 b
1 2 4 8 16 32 64 68 136 200 201 402 603 b
1 2 4 8 16 32 64 72 73 128 201 402 603 a
1 2 4 8 16 32 64 72 73 137 201 402 603 b
1 2 4 8 16 32 64 72 128 129 201 402 603 a
1 2 4 8 16 32 64 72 128 200 201 402 603 a
1 2 4 8 16 32 64 72 136 137 201 402 603 b
1 2 4 8 16 32 64 72 136 200 201 402 603 b
1 2 4 8 16 32 64 96 97 104 201 402 603 a
1 2 4 8 16 32 64 96 97 105 201 402 603 b
1 2 4 8 16 32 64 96 97 193 201 402 603 b
1 2 4 8 16 32 64 96 100 101 201 402 603 b
1 2 4 8 16 32 64 96 100 200 201 402 603 b
1 2 4 8 16 32 64 96 104 105 201 402 603 b
1 2 4 8 16 32 64 96 104 200 201 402 603 b
1 2 4 8 16 32 64 96 192 193 201 402 603 b
1 2 4 8 16 32 64 96 192 200 201 402 603 b
1 2 4 8 16 32 64 128 129 137 201 402 603 b
1 2 4 8 16 32 64 128 129 193 201 402 603 b
1 2 4 8 16 32 64 128 136 137 201 402 603 b
1 2 4 8 16 32 64 128 136 200 201 402 603 b
1 2 4 8 16 32 64 128 192 193 201 402 603 b
1 2 4 8 16 32 64 128 192 200 201 402 603 b
