1 2 3 5 10 20 40 80 160 161 321 642 b
1 2 3 5 10 20 40 80 160 320 321 642 b
1 2 3 5 10 20 40 80 160 320 322 642 b
1 2 3 5 10 20 40 80 160 320 640 642 b
1 2 4 5 10 20 40 80 160 161 321 642 b
1 2 4 5 10 20 40 80 160 320 321 642 b
1 2 4 5 10 20 40 80 160 320 322 642 b
1 2 4 5 10 20 40 80 160 320 640 642 b
1 2 4 6 10 20 40 80 160 161 321 642 b
1 2 4 6 10 20 40 80 160 320 321 642 b
1 2 4 6 10 20 40 80 160 320 322 642 b
1 2 4 6 10 20 40 80 160 320 640 642 b
1 2 4 8 10 20 40 80 160 161 321 642 b
1 2 4 8 10 20 40 80 160 320 321 642 b
1 2 4 8 10 20 40 80 160 320 322 642 b
1 2 4 8 10 20 40 80 160 320 640 642 b
1 2 4 8 12 20 40 80 160 161 321 642 b
1 2 4 8 12 20 40 80 160 320 321 642 b
1 2 4 8 12 20 40 80 160 320 322 642 b
1 2 4 8 12 20 40 80 160 320 640 642 b
1 2 4 8 16 20 40 80 160 161 321 642 b
1 2 4 8 16 20 40 80 160 320 321 642 b
1 2 4 8 16 20 40 80 160 320 322 642 b
1 2 4 8 16 20 40 80 160 320 640 642 b
1 2 4 8 16 24 40 80 160 161 321 642 b
1 2 4 8 16 24 40 80 160 320 321 642 b
1 2 4 8 16 24 40 80 160 320 322 642 b
1 2 4 8 16 24 40 80 160 320 640 642 b
1 2 4 8 16 32 40 80 160 161 321 642 b
1 2 4 8 16 32 40 80 160 320 321 642 b
1 2 4 8 16 32 40 80 160 320 322 642 b
1 2 4 8 16 32 40 80 160 320 640 642 b
1 2 4 8 16 32 48 80 160 161 321 642 b
1 2 4 8 16 32 48 80 160 320 321 642 b
1 2 4 8 16 32 48 80 160 320 322 642 b
1 2 4 8 16 32 48 80 160 320 640 642 b
1 2 4 8 16 32 64 65 128 193 321 642 a
1 2 4 8 16 32 64 65 128 256 321 642 a
1 2 4 8 16 32 64 80 160 161 321 642 b
1 2 4 8 16 32 64 80 160 320 321 642 b
1 2 4 8 16 32 64 80 160 320 322 642 b
1 2 4 8 16 32 64 80 160 320 640 642 b
1 2 4 8 16 32 64 96 160 161 321 642 b
1 2 4 8 16 32 64 96 160 320 321 642 b
1 2 4 8 16 32 64 96 160 320 322 642 b
1 2 4 8 16 32 64 96 160 320 640 642 b
1 2 4 8 16 32 64 128 129 192 321 642 a
1 2 4 8 16 32 64 128 129 193 321 642 b
1 2 4 8 16 32 64 128 129 257 321 642 b
1 2 4 8 16 32 64 128 129 257 385 642 b
1 2 4 8 16 32 64 128 129 257 514 642 b
1 2 4 8 16 32 64 128 130 256 386 642 a
1 2 4 8 16 32 64 128 130 256 512 642 a
1 2 4 8 16 32 64 128 160 161 321 642 b
1 2 4 8 16 32 64 128 160 320 321 642 b
1 2 4 8 16 32 64 128 160 320 322 642 b
1 2 4 8 16 32 64 128 160 320 640 642 b
1 2 4 8 16 32 64 128 192 193 321 642 b
1 2 4 8 16 32 64 128 192 320 321 642 b
1 2 4 8 16 32 64 128 192 320 322 642 b
1 2 4 8 16 32 64 128 192 320 640 642 b
1 2 4 8 16 32 64 128 256 257 321 642 b
1 2 4 8 16 32 64 128 256 257 385 642 b
1 2 4 8 16 32 64 128 256 257 514 642 b
1 2 4 8 16 32 64 128 256 258 384 642 a
1 2 4 8 16 32 64 128 256 258 386 642 b
1 2 4 8 16 32 64 128 256 258 514 642 b
1 2 4 8 16 32 64 128 256 320 321 642 b
1 2 4 8 16 32 64 128 256 320 322 642 b
1 2 4 8 16 32 64 128 256 320 640 642 b
1 2 4 8 16 32 64 128 256 384 386 642 b
1 2 4 8 16 32 64 128 256 384 640 642 b
1 2 4 8 16 32 64 128 256 512 514 642 b
1 2 4 8 16 32 64 128 256 512 640 642 b
