1 2 3 4 7 14 21 42 84 168 336 357 693 b
1 2 3 4 7 14 21 42 84 168 336 672 693 b
1 2 3 4 7 14 28 56 112 119 231 462 693 b
1 2 3 4 7 14 28 56 112 224 231 462 693 b
1 2 3 5 7 14 21 42 84 168 336 357 693 b
1 2 3 5 7 14 21 42 84 168 336 672 693 b
1 2 3 5 7 14 28 56 112 119 231 462 693 b
1 2 3 5 7 14 28 56 112 224 231 462 693 b
1 2 3 5 8 13 21 42 84 168 336 357 693 b
1 2 3 5 8 13 21 42 84 168 336 672 693 b
1 2 3 5 8 16 21 42 84 168 336 357 693 b
1 2 3 5 8 16 21 42 84 168 336 672 693 b
1 2 3 5 10 11 21 42 84 168 336 357 693 b
1 2 3 5 10 11 21 42 84 168 336 672 693 b
1 2 3 5 10 20 21 42 84 168 336 357 693 b
1 2 3 5 10 20 21 42 84 168 336 672 693 b
1 2 3 5 10 20 23 43 86 172 344 349 693 b
1 2 3 5 10 20 23 43 86 172 344 688 693 b
1 2 3 5 10 20 40 43 86 172 344 349 693 b
1 2 3 5 10 20 40 43 86 172 344 688 693 b
1 2 3 6 7 14 21 42 84 168 336 357 693 b
1 2 3 6 7 14 21 42 84 168 336 672 693 b
1 2 3 6 7 14 28 56 112 119 231 462 693 b
1 2 3 6 7 14 28 56 112 224 231 462 693 b
1 2 3 6 9 12 21 42 84 168 336 357 693 b
1 2 3 6 9 12 21 42 84 168 336 672 693 b
1 2 3 6 9 15 21 42 84 168 336 357 693 b
1 2 3 6 9 15 21 42 84 168 336 672 693 b
1 2 3 6 9 18 21 42 84 168 336 357 693 b
1 2 3 6 9 18 21 42 84 168 336 672 693 b
1 2 3 6 9 18 36 45 81 162 324 369 693 b
1 2 3 6 9 18 36 45 81 162 324 648 693 b
1 2 3 6 9 18 36 72 81 153 306 387 693 b
1 2 3 6 9 18 36 72 81 153 306 612 693 b
1 2 3 6 12 15 21 42 84 168 336 357 693 b
1 2 3 6 12 15 21 42 84 168 336 672 693 b
1 2 3 6 12 15 27 54 108 123 231 462 693 b
1 2 3 6 12 15 27 54 108 216 231 462 693 b
1 2 3 6 12 18 21 42 84 168 336 357 693 b
1 2 3 6 12 18 21 42 84 168 336 672 693 b
1 2 3 6 12 24 27 51 102 129 231 462 693 b
1 2 3 6 12 24 27 51 102 204 231 462 693 b
1 2 3 6 12 24 48 51 99 198 297 396 693 b
1 2 3 6 12 24 48 51 99 198 297 495 693 b
1 2 3 6 12 24 48 51 99 198 297 594 693 b
1 2 3 6 12 24 48 51 99 198 396 495 693 b
1 2 3 6 12 24 48 51 99 198 396 594 693 b
1 2 3 6 12 24 48 96 99 198 297 396 693 b
1 2 3 6 12 24 48 96 99 198 297 495 693 b
1 2 3 6 12 24 48 96 99 198 297 594 693 b
1 2 3 6 12 24 48 96 99 198 396 495 693 b
1 2 3 6 12 24 48 96 99 198 396 594 693 b
1 2 4 5 7 14 21 42 84 168 336 357 693 b
1 2 4 5 7 14 21 42 84 168 336 672 693 b
1 2 4 5 7 14 28 56 112 119 231 462 693 b
1 2 4 5 7 14 28 56 112 224 231 462 693 b
1 2 4 5 8 13 21 42 84 168 336 357 693 a
1 2 4 5 8 13 21 42 84 168 336 672 693 a
1 2 4 5 8 16 21 42 84 168 336 357 693 a
1 2 4 5 8 16 21 42 84 168 336 672 693 a
1 2 4 5 9 18 36 41 77 154 231 462 693 b
1 2 4 5 9 18 36 41 77 154 308 385 693 b
1 2 4 5 9 18 36 41 77 154 308 616 693 b
1 2 4 5 9 18 36 45 81 162 324 369 693 b
1 2 4 5 9 18 36 45 81 162 324 648 693 b
1 2 4 5 9 18 36 72 77 154 231 462 693 b
1 2 4 5 9 18 36 72 77 154 308 385 693 b
1 2 4 5 9 18 36 72 77 154 308 616 693 b
1 2 4 5 9 18 36 72 81 153 306 387 693 b
1 2 4 5 9 18 36 72 81 153 306 612 693 b
1 2 4 5 10 11 21 42 84 168 336 357 693 b
1 2 4 5 10 11 21 42 84 168 336 672 693 b
1 2 4 5 10 20 21 42 84 168 336 357 693 b
1 2 4 5 10 20 21 42 84 168 336 672 693 b
1 2 4 6 7 14 21 42 84 168 336 357 693 b
1 2 4 6 7 14 21 42 84 168 336 672 693 b
1 2 4 6 7 14 28 56 112 119 231 462 693 b
1 2 4 6 7 14 28 56 112 224 231 462 693 b
1 2 4 6 10 11 21 42 84 168 336 357 693 b
1 2 4 6 10 11 21 42 84 168 336 672 693 b
1 2 4 6 10 20 21 42 84 168 336 357 693 b
1 2 4 6 10 20 21 42 84 168 336 672 693 b
1 2 4 8 9 12 21 42 84 168 336 357 693 a
1 2 4 8 9 12 21 42 84 168 336 672 693 a
1 2 4 8 9 13 21 42 84 168 336 357 693 b
1 2 4 8 9 13 21 42 84 168 336 672 693 b
1 2 4 8 9 17 21 42 84 168 336 357 693 b
1 2 4 8 9 17 21 42 84 168 336 672 693 b
1 2 4 8 9 17 34 43 77 154 231 462 693 b
1 2 4 8 9 17 34 43 77 154 308 385 693 b
1 2 4 8 9 17 34 43 77 154 308 616 693 b
1 2 4 8 9 17 34 68 77 154 231 462 693 b
1 2 4 8 9 17 34 68 77 154 308 385 693 b
1 2 4 8 9 17 34 68 77 154 308 616 693 b
1 2 4 8 9 18 36 45 81 162 324 369 693 b
1 2 4 8 9 18 36 45 81 162 324 648 693 b
1 2 4 8 9 18 36 72 81 153 306 387 693 b
1 2 4 8 9 18 36 72 81 153 306 612 693 b
1 2 4 8 10 11 21 42 84 168 336 357 693 b
1 2 4 8 10 11 21 42 84 168 336 672 693 b
1 2 4 8 10 20 21 42 84 168 336 357 693 b
1 2 4 8 10 20 21 42 84 168 336 672 693 b
1 2 4 8 12 13 21 42 84 168 336 357 693 b
1 2 4 8 12 13 21 42 84 168 336 672 693 b
1 2 4 8 12 20 21 42 84 168 336 357 693 b
1 2 4 8 12 20 21 42 84 168 336 672 693 b
1 2 4 8 16 17 21 42 84 168 336 357 693 b
1 2 4 8 16 17 21 42 84 168 336 672 693 b
1 2 4 8 16 17 33 66 99 132 231 462 693 b
1 2 4 8 16 17 33 66 99 165 231 462 693 b
1 2 4 8 16 17 33 66 99 165 264 429 693 b
1 2 4 8 16 17 33 66 99 165 264 528 693 b
1 2 4 8 16 17 33 66 99 165 330 363 693 b
1 2 4 8 16 17 33 66 99 165 330 660 693 b
1 2 4 8 16 17 33 66 99 198 231 462 693 b
1 2 4 8 16 17 33 66 99 198 297 396 693 b
1 2 4 8 16 17 33 66 99 198 297 495 693 b
1 2 4 8 16 17 33 66 99 198 297 594 693 b
1 2 4 8 16 17 33 66 99 198 396 495 693 b
1 2 4 8 16 17 33 66 99 198 396 594 693 b
1 2 4 8 16 17 33 66 132 165 231 462 693 b
1 2 4 8 16 17 33 66 132 165 264 429 693 a
1 2 4 8 16 17 33 66 132 165 264 528 693 a
1 2 4 8 16 17 33 66 132 165 330 363 693 b
1 2 4 8 16 17 33 66 132 165 330 660 693 b
1 2 4 8 16 17 33 66 132 198 231 462 693 b
1 2 4 8 16 17 33 66 132 198 330 363 693 b
1 2 4 8 16 17 33 66 132 198 330 660 693 b
1 2 4 8 16 17 33 66 132 264 297 396 693 a
1 2 4 8 16 17 33 66 132 264 297 429 693 b
1 2 4 8 16 17 33 66 132 264 297 561 693 b
1 2 4 8 16 17 33 66 132 264 330 363 693 b
1 2 4 8 16 17 33 66 132 264 330 660 693 b
1 2 4 8 16 17 33 66 132 264 396 429 693 b
1 2 4 8 16 17 33 66 132 264 396 660 693 b
1 2 4 8 16 17 33 66 132 264 528 561 693 b
1 2 4 8 16 17 33 66 132 264 528 660 693 b
1 2 4 8 16 20 21 42 84 168 336 357 693 b
1 2 4 8 16 20 21 42 84 168 336 672 693 b
1 2 4 8 16 32 33 66 99 132 231 462 693 b
1 2 4 8 16 32 33 66 99 165 231 462 693 b
1 2 4 8 16 32 33 66 99 165 264 429 693 b
1 2 4 8 16 32 33 66 99 165 264 528 693 b
1 2 4 8 16 32 33 66 99 165 330 363 693 b
1 2 4 8 16 32 33 66 99 165 330 660 693 b
1 2 4 8 16 32 33 66 99 198 231 462 693 b
1 2 4 8 16 32 33 66 99 198 297 396 693 b
1 2 4 8 16 32 33 66 99 198 297 495 693 b
1 2 4 8 16 32 33 66 99 198 297 594 693 b
1 2 4 8 16 32 33 66 99 198 396 495 693 b
1 2 4 8 16 32 33 66 99 198 396 594 693 b
1 2 4 8 16 32 33 66 132 165 231 462 693 b
1 2 4 8 16 32 33 66 132 165 264 429 693 a
1 2 4 8 16 32 33 66 132 165 264 528 693 a
1 2 4 8 16 32 33 66 132 165 330 363 693 b
1 2 4 8 16 32 33 66 132 165 330 660 693 b
1 2 4 8 16 32 33 66 132 198 231 462 693 b
1 2 4 8 16 32 33 66 132 198 330 363 693 b
1 2 4 8 16 32 33 66 132 198 330 660 693 b
1 2 4 8 16 32 33 66 132 264 297 396 693 a
1 2 4 8 16 32 33 66 132 264 297 429 693 b
1 2 4 8 16 32 33 66 132 264 297 561 693 b
1 2 4 8 16 32 33 66 132 264 330 363 693 b
1 2 4 8 16 32 33 66 132 264 330 660 693 b
1 2 4 8 16 32 33 66 132 264 396 429 693 b
1 2 4 8 16 32 33 66 132 264 396 660 693 b
1 2 4 8 16 32 33 66 132 264 528 561 693 b
1 2 4 8 16 32 33 66 132 264 528 660 693 b
1 2 4 8 16 32 64 65 129 145 274 419 693 b
1 2 4 8 16 32 64 65 129 145 274 548 693 b
1 2 4 8 16 32 64 128 129 145 274 419 693 b
1 2 4 8 16 32 64 128 129 145 274 548 693 b
