1 2 3 5 10 13 23 46 92 184 187 371 742 b
1 2 3 5 10 13 23 46 92 184 368 371 742 b
1 2 3 5 10 20 23 46 92 184 187 371 742 b
1 2 3 5 10 20 23 46 92 184 368 371 742 b
1 2 4 6 10 20 26 46 92 184 368 374 742 b
1 2 4 6 10 20 26 46 92 184 368 736 742 b
1 2 4 6 10 20 40 46 92 184 368 374 742 b
1 2 4 6 10 20 40 46 92 184 368 736 742 b
1 2 4 8 16 17 32 64 81 145 226 371 742 a
1 2 4 8 16 17 32 64 81 145 290 371 742 a
1 2 4 8 16 32 34 64 128 162 290 452 742 a
1 2 4 8 16 32 34 64 128 162 290 580 742 a
1 2 4 8 16 32 64 65 81 145 226 371 742 b
1 2 4 8 16 32 64 65 81 145 290 371 742 b
1 2 4 8 16 32 64 80 81 145 226 371 742 b
1 2 4 8 16 32 64 80 81 145 290 371 742 b
1 2 4 8 16 32 64 128 130 162 290 452 742 b
1 2 4 8 16 32 64 128 130 162 290 580 742 b
1 2 4 8 16 32 64 128 160 162 290 452 742 b
1 2 4 8 16 32 64 128 160 162 290 580 742 b
