1 2 3 5 8 16 21 37 74 111 185 370 740 b
1 2 3 5 8 16 21 37 74 148 185 370 740 b
1 2 3 5 8 16 21 37 74 148 222 370 740 b
1 2 3 5 8 16 21 37 74 148 296 370 740 b
1 2 3 5 8 16 21 37 74 148 296 444 740 b
1 2 3 5 8 16 21 37 74 148 296 592 740 b
1 2 3 5 8 16 32 37 74 111 185 370 740 b
1 2 3 5 8 16 32 37 74 148 185 370 740 b
1 2 3 5 8 16 32 37 74 148 222 370 740 b
1 2 3 5 8 16 32 37 74 148 296 370 740 b
1 2 3 5 8 16 32 37 74 148 296 444 740 b
1 2 3 5 8 16 32 37 74 148 296 592 740 b
1 2 3 5 10 13 23 46 92 93 185 370 740 b
1 2 3 5 10 13 23 46 92 184 185 370 740 b
1 2 3 5 10 13 23 46 92 184 186 370 740 b
1 2 3 5 10 13 23 46 92 184 368 370 740 b
1 2 3 5 10 15 25 40 80 105 185 370 740 b
1 2 3 5 10 15 25 40 80 160 185 370 740 b
1 2 3 5 10 15 30 45 90 95 185 370 740 b
1 2 3 5 10 15 30 45 90 180 185 370 740 b
1 2 3 5 10 15 30 45 90 180 190 370 740 b
1 2 3 5 10 15 30 45 90 180 360 370 740 b
1 2 3 5 10 15 30 60 65 120 185 370 740 a
1 2 3 5 10 15 30 60 65 125 185 370 740 b
1 2 3 5 10 15 30 60 90 95 185 370 740 b
1 2 3 5 10 15 30 60 90 180 185 370 740 b
1 2 3 5 10 15 30 60 90 180 190 370 740 b
1 2 3 5 10 15 30 60 90 180 360 370 740 b
1 2 3 5 10 15 30 60 120 125 185 370 740 b
1 2 3 5 10 15 30 60 120 125 245 370 740 b
1 2 3 5 10 15 30 60 120 125 250 370 740 b
1 2 3 5 10 15 30 60 120 130 240 370 740 a
1 2 3 5 10 15 30 60 120 130 250 370 740 b
1 2 3 5 10 15 30 60 120 180 185 370 740 b
1 2 3 5 10 15 30 60 120 180 190 370 740 b
1 2 3 5 10 15 30 60 120 180 360 370 740 b
1 2 3 5 10 15 30 60 120 240 250 370 740 b
1 2 3 5 10 15 30 60 120 240 250 490 740 b
1 2 3 5 10 15 30 60 120 240 250 500 740 b
1 2 3 5 10 15 30 60 120 240 360 370 740 b
1 2 3 5 10 20 21 41 82 103 185 370 740 b
1 2 3 5 10 20 21 41 82 164 185 370 740 b
1 2 3 5 10 20 23 46 92 93 185 370 740 b
1 2 3 5 10 20 23 46 92 184 185 370 740 b
1 2 3 5 10 20 23 46 92 184 186 370 740 b
1 2 3 5 10 20 23 46 92 184 368 370 740 b
1 2 3 5 10 20 25 40 80 105 185 370 740 a
1 2 3 5 10 20 25 40 80 160 185 370 740 a
1 2 3 5 10 20 25 45 70 115 185 370 740 b
1 2 3 5 10 20 25 45 70 140 185 370 740 b
1 2 3 5 10 20 25 45 90 95 185 370 740 b
1 2 3 5 10 20 25 45 90 180 185 370 740 b
1 2 3 5 10 20 25 45 90 180 190 370 740 b
1 2 3 5 10 20 25 45 90 180 360 370 740 b
1 2 3 5 10 20 25 45 90 180 360 380 740 b
1 2 3 5 10 20 25 45 90 180 360 720 740 b
1 2 3 5 10 20 30 50 80 160 210 370 740 b
1 2 3 5 10 20 30 50 80 160 320 370 740 b
1 2 3 5 10 20 30 60 65 120 185 370 740 a
1 2 3 5 10 20 30 60 65 125 185 370 740 b
1 2 3 5 10 20 30 60 90 95 185 370 740 b
1 2 3 5 10 20 30 60 90 180 185 370 740 b
1 2 3 5 10 20 30 60 90 180 190 370 740 b
1 2 3 5 10 20 30 60 90 180 360 370 740 b
1 2 3 5 10 20 30 60 90 180 360 380 740 b
1 2 3 5 10 20 30 60 90 180 360 720 740 b
1 2 3 5 10 20 30 60 120 125 185 370 740 b
1 2 3 5 10 20 30 60 120 125 245 370 740 b
1 2 3 5 10 20 30 60 120 125 250 370 740 b
1 2 3 5 10 20 30 60 120 130 240 370 740 a
1 2 3 5 10 20 30 60 120 130 250 370 740 b
1 2 3 5 10 20 30 60 120 180 185 370 740 b
1 2 3 5 10 20 30 60 120 180 190 370 740 b
1 2 3 5 10 20 30 60 120 180 360 370 740 b
1 2 3 5 10 20 30 60 120 180 360 380 740 b
1 2 3 5 10 20 30 60 120 180 360 720 740 b
1 2 3 5 10 20 30 60 120 240 250 370 740 b
1 2 3 5 10 20 30 60 120 240 250 490 740 b
1 2 3 5 10 20 30 60 120 240 250 500 740 b
1 2 3 5 10 20 30 60 120 240 260 480 740 a
1 2 3 5 10 20 30 60 120 240 260 500 740 b
1 2 3 5 10 20 30 60 120 240 360 370 740 b
1 2 3 5 10 20 30 60 120 240 360 380 740 b
1 2 3 5 10 20 30 60 120 240 360 720 740 b
1 2 3 5 10 20 30 60 120 240 480 500 740 b
1 2 3 5 10 20 30 60 120 240 480 720 740 b
1 2 3 5 10 20 40 42 82 164 206 370 740 b
1 2 3 5 10 20 40 42 82 164 328 370 740 b
1 2 3 5 10 20 40 45 90 95 185 370 740 b
1 2 3 5 10 20 40 45 90 180 185 370 740 b
1 2 3 5 10 20 40 45 90 180 190 370 740 b
1 2 3 5 10 20 40 45 90 180 360 370 740 b
1 2 3 5 10 20 40 45 90 180 360 380 740 b
1 2 3 5 10 20 40 45 90 180 360 720 740 b
1 2 3 5 10 20 40 50 80 160 210 370 740 a
1 2 3 5 10 20 40 50 80 160 320 370 740 a
1 2 3 5 10 20 40 50 90 95 185 370 740 b
1 2 3 5 10 20 40 50 90 140 230 370 740 b
1 2 3 5 10 20 40 50 90 140 280 370 740 b
1 2 3 5 10 20 40 50 90 180 185 370 740 b
1 2 3 5 10 20 40 50 90 180 190 370 740 b
1 2 3 5 10 20 40 50 90 180 360 370 740 b
1 2 3 5 10 20 40 50 90 180 360 380 740 b
1 2 3 5 10 20 40 50 90 180 360 720 740 b
1 2 3 5 10 20 40 60 65 120 185 370 740 a
1 2 3 5 10 20 40 60 65 125 185 370 740 b
1 2 3 5 10 20 40 60 100 160 320 420 740 b
1 2 3 5 10 20 40 60 100 160 320 640 740 b
1 2 3 5 10 20 40 60 120 125 185 370 740 b
1 2 3 5 10 20 40 60 120 125 245 370 740 b
1 2 3 5 10 20 40 60 120 125 250 370 740 b
1 2 3 5 10 20 40 60 120 130 240 370 740 a
1 2 3 5 10 20 40 60 120 130 250 370 740 b
1 2 3 5 10 20 40 60 120 180 185 370 740 b
1 2 3 5 10 20 40 60 120 180 190 370 740 b
1 2 3 5 10 20 40 60 120 180 360 370 740 b
1 2 3 5 10 20 40 60 120 180 360 380 740 b
1 2 3 5 10 20 40 60 120 180 360 720 740 b
1 2 3 5 10 20 40 60 120 240 250 370 740 b
1 2 3 5 10 20 40 60 120 240 250 490 740 b
1 2 3 5 10 20 40 60 120 240 250 500 740 b
1 2 3 5 10 20 40 60 120 240 260 480 740 a
1 2 3 5 10 20 40 60 120 240 260 500 740 b
1 2 3 5 10 20 40 60 120 240 360 370 740 b
1 2 3 5 10 20 40 60 120 240 360 380 740 b
1 2 3 5 10 20 40 60 120 240 360 720 740 b
1 2 3 5 10 20 40 60 120 240 480 500 740 b
1 2 3 5 10 20 40 60 120 240 480 720 740 b
1 2 3 5 10 20 40 80 85 100 185 370 740 a
1 2 3 5 10 20 40 80 85 105 185 370 740 b
1 2 3 5 10 20 40 80 85 165 185 370 740 b
1 2 3 5 10 20 40 80 85 165 205 370 740 b
1 2 3 5 10 20 40 80 85 165 330 370 740 b
1 2 3 5 10 20 40 80 85 165 330 410 740 b
1 2 3 5 10 20 40 80 85 165 330 660 740 b
1 2 3 5 10 20 40 80 90 95 185 370 740 b
1 2 3 5 10 20 40 80 90 180 185 370 740 b
1 2 3 5 10 20 40 80 90 180 190 370 740 b
1 2 3 5 10 20 40 80 90 180 360 370 740 b
1 2 3 5 10 20 40 80 90 180 360 380 740 b
1 2 3 5 10 20 40 80 90 180 360 720 740 b
1 2 3 5 10 20 40 80 100 105 185 370 740 b
1 2 3 5 10 20 40 80 100 160 320 420 740 a
1 2 3 5 10 20 40 80 100 160 320 640 740 a
1 2 3 5 10 20 40 80 100 180 185 370 740 b
1 2 3 5 10 20 40 80 100 180 190 370 740 b
1 2 3 5 10 20 40 80 100 180 280 460 740 b
1 2 3 5 10 20 40 80 100 180 280 560 740 b
1 2 3 5 10 20 40 80 100 180 360 370 740 b
1 2 3 5 10 20 40 80 100 180 360 380 740 b
1 2 3 5 10 20 40 80 100 180 360 720 740 b
1 2 3 5 10 20 40 80 120 125 245 370 740 b
1 2 3 5 10 20 40 80 120 125 250 370 740 b
1 2 3 5 10 20 40 80 120 130 240 370 740 a
1 2 3 5 10 20 40 80 120 130 250 370 740 b
1 2 3 5 10 20 40 80 120 240 250 370 740 b
1 2 3 5 10 20 40 80 120 240 250 490 740 b
1 2 3 5 10 20 40 80 120 240 250 500 740 b
1 2 3 5 10 20 40 80 120 240 260 480 740 a
1 2 3 5 10 20 40 80 120 240 260 500 740 b
1 2 3 5 10 20 40 80 120 240 360 370 740 b
1 2 3 5 10 20 40 80 120 240 360 380 740 b
1 2 3 5 10 20 40 80 120 240 360 720 740 b
1 2 3 5 10 20 40 80 120 240 480 500 740 b
1 2 3 5 10 20 40 80 120 240 480 720 740 b
1 2 3 5 10 20 40 80 160 165 185 370 740 b
1 2 3 5 10 20 40 80 160 165 205 370 740 b
1 2 3 5 10 20 40 80 160 165 330 370 740 b
1 2 3 5 10 20 40 80 160 165 330 410 740 b
1 2 3 5 10 20 40 80 160 165 330 660 740 b
1 2 3 5 10 20 40 80 160 170 200 370 740 a
1 2 3 5 10 20 40 80 160 170 210 370 740 b
1 2 3 5 10 20 40 80 160 170 330 370 740 b
1 2 3 5 10 20 40 80 160 170 330 410 740 b
1 2 3 5 10 20 40 80 160 170 330 660 740 b
1 2 3 5 10 20 40 80 160 180 185 370 740 b
1 2 3 5 10 20 40 80 160 180 190 370 740 b
1 2 3 5 10 20 40 80 160 180 360 370 740 b
1 2 3 5 10 20 40 80 160 180 360 380 740 b
1 2 3 5 10 20 40 80 160 180 360 720 740 b
1 2 3 5 10 20 40 80 160 200 210 370 740 b
1 2 3 5 10 20 40 80 160 200 360 370 740 b
1 2 3 5 10 20 40 80 160 200 360 380 740 b
1 2 3 5 10 20 40 80 160 200 360 720 740 b
1 2 3 5 10 20 40 80 160 240 250 490 740 b
1 2 3 5 10 20 40 80 160 240 250 500 740 b
1 2 3 5 10 20 40 80 160 240 260 480 740 a
1 2 3 5 10 20 40 80 160 240 260 500 740 b
1 2 3 5 10 20 40 80 160 240 480 500 740 b
1 2 3 5 10 20 40 80 160 240 480 720 740 b
1 2 3 5 10 20 40 80 160 320 330 370 740 b
1 2 3 5 10 20 40 80 160 320 330 410 740 b
1 2 3 5 10 20 40 80 160 320 330 660 740 b
1 2 3 5 10 20 40 80 160 320 340 400 740 a
1 2 3 5 10 20 40 80 160 320 340 420 740 b
1 2 3 5 10 20 40 80 160 320 340 660 740 b
1 2 3 5 10 20 40 80 160 320 360 370 740 b
1 2 3 5 10 20 40 80 160 320 360 380 740 b
1 2 3 5 10 20 40 80 160 320 360 720 740 b
1 2 3 5 10 20 40 80 160 320 400 420 740 b
1 2 3 5 10 20 40 80 160 320 400 720 740 b
1 2 3 5 10 20 40 80 160 320 640 660 740 b
1 2 3 5 10 20 40 80 160 320 640 720 740 b
1 2 3 6 9 11 22 44 88 97 185 370 740 b
1 2 3 6 9 11 22 44 88 176 185 370 740 b
1 2 3 6 9 18 19 37 74 111 185 370 740 b
1 2 3 6 9 18 19 37 74 148 185 370 740 b
1 2 3 6 9 18 19 37 74 148 222 370 740 b
1 2 3 6 9 18 19 37 74 148 296 370 740 b
1 2 3 6 9 18 19 37 74 148 296 444 740 b
1 2 3 6 9 18 19 37 74 148 296 592 740 b
1 2 3 6 9 18 36 37 74 111 185 370 740 b
1 2 3 6 9 18 36 37 74 148 185 370 740 b
1 2 3 6 9 18 36 37 74 148 222 370 740 b
1 2 3 6 9 18 36 37 74 148 296 370 740 b
1 2 3 6 9 18 36 37 74 148 296 444 740 b
1 2 3 6 9 18 36 37 74 148 296 592 740 b
1 2 3 6 9 18 36 38 74 148 222 370 740 b
1 2 3 6 9 18 36 38 74 148 296 370 740 b
1 2 3 6 9 18 36 38 74 148 296 444 740 b
1 2 3 6 9 18 36 38 74 148 296 592 740 b
1 2 3 6 9 18 36 72 74 148 222 370 740 b
1 2 3 6 9 18 36 72 74 148 296 370 740 b
1 2 3 6 9 18 36 72 74 148 296 444 740 b
1 2 3 6 9 18 36 72 74 148 296 592 740 b
1 2 3 6 12 13 24 37 74 111 185 370 740 a
1 2 3 6 12 13 24 37 74 148 185 370 740 a
1 2 3 6 12 13 24 37 74 148 222 370 740 a
1 2 3 6 12 13 24 37 74 148 296 370 740 a
1 2 3 6 12 13 24 37 74 148 296 444 740 a
1 2 3 6 12 13 24 37 74 148 296 592 740 a
1 2 3 6 12 13 25 37 74 111 185 370 740 b
1 2 3 6 12 13 25 37 74 148 185 370 740 b
1 2 3 6 12 13 25 37 74 148 222 370 740 b
1 2 3 6 12 13 25 37 74 148 296 370 740 b
1 2 3 6 12 13 25 37 74 148 296 444 740 b
1 2 3 6 12 13 25 37 74 148 296 592 740 b
1 2 3 6 12 18 19 37 74 111 185 370 740 b
1 2 3 6 12 18 19 37 74 148 185 370 740 b
1 2 3 6 12 18 19 37 74 148 222 370 740 b
1 2 3 6 12 18 19 37 74 148 296 370 740 b
1 2 3 6 12 18 19 37 74 148 296 444 740 b
1 2 3 6 12 18 19 37 74 148 296 592 740 b
1 2 3 6 12 18 36 37 74 111 185 370 740 b
1 2 3 6 12 18 36 37 74 148 185 370 740 b
1 2 3 6 12 18 36 37 74 148 222 370 740 b
1 2 3 6 12 18 36 37 74 148 296 370 740 b
1 2 3 6 12 18 36 37 74 148 296 444 740 b
1 2 3 6 12 18 36 37 74 148 296 592 740 b
1 2 3 6 12 18 36 38 74 148 222 370 740 b
1 2 3 6 12 18 36 38 74 148 296 370 740 b
1 2 3 6 12 18 36 38 74 148 296 444 740 b
1 2 3 6 12 18 36 38 74 148 296 592 740 b
1 2 3 6 12 18 36 72 74 148 222 370 740 b
1 2 3 6 12 18 36 72 74 148 296 370 740 b
1 2 3 6 12 18 36 72 74 148 296 444 740 b
1 2 3 6 12 18 36 72 74 148 296 592 740 b
1 2 3 6 12 24 25 37 74 111 185 370 740 b
1 2 3 6 12 24 25 37 74 148 185 370 740 b
1 2 3 6 12 24 25 37 74 148 222 370 740 b
1 2 3 6 12 24 25 37 74 148 296 370 740 b
1 2 3 6 12 24 25 37 74 148 296 444 740 b
1 2 3 6 12 24 25 37 74 148 296 592 740 b
1 2 3 6 12 24 25 49 74 148 222 370 740 b
1 2 3 6 12 24 25 49 74 148 296 370 740 b
1 2 3 6 12 24 25 49 74 148 296 444 740 b
1 2 3 6 12 24 25 49 74 148 296 592 740 b
1 2 3 6 12 24 25 50 74 148 222 370 740 b
1 2 3 6 12 24 25 50 74 148 296 370 740 b
1 2 3 6 12 24 25 50 74 148 296 444 740 b
1 2 3 6 12 24 25 50 74 148 296 592 740 b
1 2 3 6 12 24 26 48 74 148 222 370 740 a
1 2 3 6 12 24 26 48 74 148 296 370 740 a
1 2 3 6 12 24 26 48 74 148 296 444 740 a
1 2 3 6 12 24 26 48 74 148 296 592 740 a
1 2 3 6 12 24 26 50 74 148 222 370 740 b
1 2 3 6 12 24 26 50 74 148 296 370 740 b
1 2 3 6 12 24 26 50 74 148 296 444 740 b
1 2 3 6 12 24 26 50 74 148 296 592 740 b
1 2 3 6 12 24 36 37 74 111 185 370 740 b
1 2 3 6 12 24 36 37 74 148 185 370 740 b
1 2 3 6 12 24 36 37 74 148 222 370 740 b
1 2 3 6 12 24 36 37 74 148 296 370 740 b
1 2 3 6 12 24 36 37 74 148 296 444 740 b
1 2 3 6 12 24 36 37 74 148 296 592 740 b
1 2 3 6 12 24 36 38 74 148 222 370 740 b
1 2 3 6 12 24 36 38 74 148 296 370 740 b
1 2 3 6 12 24 36 38 74 148 296 444 740 b
1 2 3 6 12 24 36 38 74 148 296 592 740 b
1 2 3 6 12 24 36 72 74 148 222 370 740 b
1 2 3 6 12 24 36 72 74 148 296 370 740 b
1 2 3 6 12 24 36 72 74 148 296 444 740 b
1 2 3 6 12 24 36 72 74 148 296 592 740 b
1 2 3 6 12 24 48 50 74 148 222 370 740 b
1 2 3 6 12 24 48 50 74 148 296 370 740 b
1 2 3 6 12 24 48 50 74 148 296 444 740 b
1 2 3 6 12 24 48 50 74 148 296 592 740 b
1 2 3 6 12 24 48 50 98 148 296 444 740 b
1 2 3 6 12 24 48 50 98 148 296 592 740 b
1 2 3 6 12 24 48 50 100 148 296 444 740 b
1 2 3 6 12 24 48 50 100 148 296 592 740 b
1 2 3 6 12 24 48 72 74 148 222 370 740 b
1 2 3 6 12 24 48 72 74 148 296 370 740 b
1 2 3 6 12 24 48 72 74 148 296 444 740 b
1 2 3 6 12 24 48 72 74 148 296 592 740 b
1 2 4 5 8 16 21 37 74 111 185 370 740 a
1 2 4 5 8 16 21 37 74 148 185 370 740 a
1 2 4 5 8 16 21 37 74 148 222 370 740 a
1 2 4 5 8 16 21 37 74 148 296 370 740 a
1 2 4 5 8 16 21 37 74 148 296 444 740 a
1 2 4 5 8 16 21 37 74 148 296 592 740 a
1 2 4 5 8 16 32 37 74 111 185 370 740 a
1 2 4 5 8 16 32 37 74 148 185 370 740 a
1 2 4 5 8 16 32 37 74 148 222 370 740 a
1 2 4 5 8 16 32 37 74 148 296 370 740 a
1 2 4 5 8 16 32 37 74 148 296 444 740 a
1 2 4 5 8 16 32 37 74 148 296 592 740 a
1 2 4 5 9 11 22 44 88 97 185 370 740 b
1 2 4 5 9 11 22 44 88 176 185 370 740 b
1 2 4 5 9 13 22 44 88 97 185 370 740 b
1 2 4 5 9 13 22 44 88 176 185 370 740 b
1 2 4 5 9 14 23 37 74 111 185 370 740 b
1 2 4 5 9 14 23 37 74 148 185 370 740 b
1 2 4 5 9 14 23 37 74 148 222 370 740 b
1 2 4 5 9 14 23 37 74 148 296 370 740 b
1 2 4 5 9 14 23 37 74 148 296 444 740 b
1 2 4 5 9 14 23 37 74 148 296 592 740 b
1 2 4 5 9 14 23 46 92 93 185 370 740 b
1 2 4 5 9 14 23 46 92 184 185 370 740 b
1 2 4 5 9 14 23 46 92 184 186 370 740 b
1 2 4 5 9 14 23 46 92 184 368 370 740 b
1 2 4 5 9 14 23 46 92 184 368 372 740 b
1 2 4 5 9 14 23 46 92 184 368 736 740 b
1 2 4 5 9 14 28 37 74 111 185 370 740 b
1 2 4 5 9 14 28 37 74 148 185 370 740 b
1 2 4 5 9 14 28 37 74 148 222 370 740 b
1 2 4 5 9 14 28 37 74 148 296 370 740 b
1 2 4 5 9 14 28 37 74 148 296 444 740 b
1 2 4 5 9 14 28 37 74 148 296 592 740 b
1 2 4 5 9 18 19 37 74 111 185 370 740 b
1 2 4 5 9 18 19 37 74 148 185 370 740 b
1 2 4 5 9 18 19 37 74 148 222 370 740 b
1 2 4 5 9 18 19 37 74 148 296 370 740 b
1 2 4 5 9 18 19 37 74 148 296 444 740 b
1 2 4 5 9 18 19 37 74 148 296 592 740 b
1 2 4 5 9 18 22 44 88 97 185 370 740 b
1 2 4 5 9 18 22 44 88 176 185 370 740 b
1 2 4 5 9 18 22 44 88 176 194 370 740 b
1 2 4 5 9 18 22 44 88 176 352 370 740 b
1 2 4 5 9 18 23 46 92 93 185 370 740 b
1 2 4 5 9 18 23 46 92 184 185 370 740 b
1 2 4 5 9 18 23 46 92 184 186 370 740 b
1 2 4 5 9 18 23 46 92 184 368 370 740 b
1 2 4 5 9 18 23 46 92 184 368 372 740 b
1 2 4 5 9 18 23 46 92 184 368 736 740 b
1 2 4 5 9 18 27 45 90 95 185 370 740 b
1 2 4 5 9 18 27 45 90 180 185 370 740 b
1 2 4 5 9 18 36 37 74 111 185 370 740 b
1 2 4 5 9 18 36 37 74 148 185 370 740 b
1 2 4 5 9 18 36 37 74 148 222 370 740 b
1 2 4 5 9 18 36 37 74 148 296 370 740 b
1 2 4 5 9 18 36 37 74 148 296 444 740 b
1 2 4 5 9 18 36 37 74 148 296 592 740 b
1 2 4 5 9 18 36 38 74 148 222 370 740 b
1 2 4 5 9 18 36 38 74 148 296 370 740 b
1 2 4 5 9 18 36 38 74 148 296 444 740 b
1 2 4 5 9 18 36 38 74 148 296 592 740 b
1 2 4 5 9 18 36 41 72 113 185 370 740 a
1 2 4 5 9 18 36 41 72 144 185 370 740 a
1 2 4 5 9 18 36 45 90 95 185 370 740 b
1 2 4 5 9 18 36 45 90 180 185 370 740 b
1 2 4 5 9 18 36 54 90 95 185 370 740 b
1 2 4 5 9 18 36 54 90 180 185 370 740 b
1 2 4 5 9 18 36 72 74 148 222 370 740 b
1 2 4 5 9 18 36 72 74 148 296 370 740 b
1 2 4 5 9 18 36 72 74 148 296 444 740 b
1 2 4 5 9 18 36 72 74 148 296 592 740 b
1 2 4 5 9 18 36 72 76 148 296 444 740 b
1 2 4 5 9 18 36 72 76 148 296 592 740 b
1 2 4 5 9 18 36 72 77 108 185 370 740 a
1 2 4 5 9 18 36 72 77 113 185 370 740 b
1 2 4 5 9 18 36 72 77 149 185 370 740 b
1 2 4 5 9 18 36 72 77 149 221 370 740 b
1 2 4 5 9 18 36 72 77 149 298 370 740 b
1 2 4 5 9 18 36 72 90 95 185 370 740 b
1 2 4 5 9 18 36 72 90 180 185 370 740 b
1 2 4 5 9 18 36 72 108 113 185 370 740 b
1 2 4 5 9 18 36 72 108 180 185 370 740 b
1 2 4 5 9 18 36 72 144 148 296 444 740 b
1 2 4 5 9 18 36 72 144 148 296 592 740 b
1 2 4 5 9 18 36 72 144 149 185 370 740 b
1 2 4 5 9 18 36 72 144 149 221 370 740 b
1 2 4 5 9 18 36 72 144 149 298 370 740 b
1 2 4 5 9 18 36 72 144 149 298 442 740 b
1 2 4 5 9 18 36 72 144 149 298 596 740 b
1 2 4 5 9 18 36 72 144 180 185 370 740 b
1 2 4 5 10 15 25 40 80 105 185 370 740 b
1 2 4 5 10 15 25 40 80 160 185 370 740 b
1 2 4 5 10 15 30 45 90 95 185 370 740 b
1 2 4 5 10 15 30 45 90 180 185 370 740 b
1 2 4 5 10 15 30 45 90 180 190 370 740 b
1 2 4 5 10 15 30 45 90 180 360 370 740 b
1 2 4 5 10 15 30 60 65 120 185 370 740 a
1 2 4 5 10 15 30 60 65 125 185 370 740 b
1 2 4 5 10 15 30 60 90 95 185 370 740 b
1 2 4 5 10 15 30 60 90 180 185 370 740 b
1 2 4 5 10 15 30 60 90 180 190 370 740 b
1 2 4 5 10 15 30 60 90 180 360 370 740 b
1 2 4 5 10 15 30 60 120 125 185 370 740 b
1 2 4 5 10 15 30 60 120 125 245 370 740 b
1 2 4 5 10 15 30 60 120 125 250 370 740 b
1 2 4 5 10 15 30 60 120 130 240 370 740 a
1 2 4 5 10 15 30 60 120 130 250 370 740 b
1 2 4 5 10 15 30 60 120 180 185 370 740 b
1 2 4 5 10 15 30 60 120 180 190 370 740 b
1 2 4 5 10 15 30 60 120 180 360 370 740 b
1 2 4 5 10 15 30 60 120 240 250 370 740 b
1 2 4 5 10 15 30 60 120 240 250 490 740 b
1 2 4 5 10 15 30 60 120 240 250 500 740 b
1 2 4 5 10 15 30 60 120 240 360 370 740 b
1 2 4 5 10 20 21 41 82 103 185 370 740 b
1 2 4 5 10 20 21 41 82 164 185 370 740 b
1 2 4 5 10 20 25 40 80 105 185 370 740 a
1 2 4 5 10 20 25 40 80 160 185 370 740 a
1 2 4 5 10 20 25 45 70 115 185 370 740 b
1 2 4 5 10 20 25 45 70 140 185 370 740 b
1 2 4 5 10 20 25 45 90 95 185 370 740 b
1 2 4 5 10 20 25 45 90 180 185 370 740 b
1 2 4 5 10 20 25 45 90 180 190 370 740 b
1 2 4 5 10 20 25 45 90 180 360 370 740 b
1 2 4 5 10 20 25 45 90 180 360 380 740 b
1 2 4 5 10 20 25 45 90 180 360 720 740 b
1 2 4 5 10 20 30 50 80 160 210 370 740 b
1 2 4 5 10 20 30 50 80 160 320 370 740 b
1 2 4 5 10 20 30 60 65 120 185 370 740 a
1 2 4 5 10 20 30 60 65 125 185 370 740 b
1 2 4 5 10 20 30 60 90 95 185 370 740 b
1 2 4 5 10 20 30 60 90 180 185 370 740 b
1 2 4 5 10 20 30 60 90 180 190 370 740 b
1 2 4 5 10 20 30 60 90 180 360 370 740 b
1 2 4 5 10 20 30 60 90 180 360 380 740 b
1 2 4 5 10 20 30 60 90 180 360 720 740 b
1 2 4 5 10 20 30 60 120 125 185 370 740 b
1 2 4 5 10 20 30 60 120 125 245 370 740 b
1 2 4 5 10 20 30 60 120 125 250 370 740 b
1 2 4 5 10 20 30 60 120 130 240 370 740 a
1 2 4 5 10 20 30 60 120 130 250 370 740 b
1 2 4 5 10 20 30 60 120 180 185 370 740 b
1 2 4 5 10 20 30 60 120 180 190 370 740 b
1 2 4 5 10 20 30 60 120 180 360 370 740 b
1 2 4 5 10 20 30 60 120 180 360 380 740 b
1 2 4 5 10 20 30 60 120 180 360 720 740 b
1 2 4 5 10 20 30 60 120 240 250 370 740 b
1 2 4 5 10 20 30 60 120 240 250 490 740 b
1 2 4 5 10 20 30 60 120 240 250 500 740 b
1 2 4 5 10 20 30 60 120 240 260 480 740 a
1 2 4 5 10 20 30 60 120 240 260 500 740 b
1 2 4 5 10 20 30 60 120 240 360 370 740 b
1 2 4 5 10 20 30 60 120 240 360 380 740 b
1 2 4 5 10 20 30 60 120 240 360 720 740 b
1 2 4 5 10 20 30 60 120 240 480 500 740 b
1 2 4 5 10 20 30 60 120 240 480 720 740 b
1 2 4 5 10 20 40 42 82 164 206 370 740 b
1 2 4 5 10 20 40 42 82 164 328 370 740 b
1 2 4 5 10 20 40 45 90 95 185 370 740 b
1 2 4 5 10 20 40 45 90 180 185 370 740 b
1 2 4 5 10 20 40 45 90 180 190 370 740 b
1 2 4 5 10 20 40 45 90 180 360 370 740 b
1 2 4 5 10 20 40 45 90 180 360 380 740 b
1 2 4 5 10 20 40 45 90 180 360 720 740 b
1 2 4 5 10 20 40 50 80 160 210 370 740 a
1 2 4 5 10 20 40 50 80 160 320 370 740 a
1 2 4 5 10 20 40 50 90 95 185 370 740 b
1 2 4 5 10 20 40 50 90 140 230 370 740 b
1 2 4 5 10 20 40 50 90 140 280 370 740 b
1 2 4 5 10 20 40 50 90 180 185 370 740 b
1 2 4 5 10 20 40 50 90 180 190 370 740 b
1 2 4 5 10 20 40 50 90 180 360 370 740 b
1 2 4 5 10 20 40 50 90 180 360 380 740 b
1 2 4 5 10 20 40 50 90 180 360 720 740 b
1 2 4 5 10 20 40 60 65 120 185 370 740 a
1 2 4 5 10 20 40 60 65 125 185 370 740 b
1 2 4 5 10 20 40 60 100 160 320 420 740 b
1 2 4 5 10 20 40 60 100 160 320 640 740 b
1 2 4 5 10 20 40 60 120 125 185 370 740 b
1 2 4 5 10 20 40 60 120 125 245 370 740 b
1 2 4 5 10 20 40 60 120 125 250 370 740 b
1 2 4 5 10 20 40 60 120 130 240 370 740 a
1 2 4 5 10 20 40 60 120 130 250 370 740 b
1 2 4 5 10 20 40 60 120 180 185 370 740 b
1 2 4 5 10 20 40 60 120 180 190 370 740 b
1 2 4 5 10 20 40 60 120 180 360 370 740 b
1 2 4 5 10 20 40 60 120 180 360 380 740 b
1 2 4 5 10 20 40 60 120 180 360 720 740 b
1 2 4 5 10 20 40 60 120 240 250 370 740 b
1 2 4 5 10 20 40 60 120 240 250 490 740 b
1 2 4 5 10 20 40 60 120 240 250 500 740 b
1 2 4 5 10 20 40 60 120 240 260 480 740 a
1 2 4 5 10 20 40 60 120 240 260 500 740 b
1 2 4 5 10 20 40 60 120 240 360 370 740 b
1 2 4 5 10 20 40 60 120 240 360 380 740 b
1 2 4 5 10 20 40 60 120 240 360 720 740 b
1 2 4 5 10 20 40 60 120 240 480 500 740 b
1 2 4 5 10 20 40 60 120 240 480 720 740 b
1 2 4 5 10 20 40 80 84 164 328 412 740 b
1 2 4 5 10 20 40 80 84 164 328 656 740 b
1 2 4 5 10 20 40 80 85 100 185 370 740 a
1 2 4 5 10 20 40 80 85 105 185 370 740 b
1 2 4 5 10 20 40 80 85 165 185 370 740 b
1 2 4 5 10 20 40 80 85 165 205 370 740 b
1 2 4 5 10 20 40 80 85 165 330 370 740 b
1 2 4 5 10 20 40 80 85 165 330 410 740 b
1 2 4 5 10 20 40 80 85 165 330 660 740 b
1 2 4 5 10 20 40 80 90 95 185 370 740 b
1 2 4 5 10 20 40 80 90 180 185 370 740 b
1 2 4 5 10 20 40 80 90 180 190 370 740 b
1 2 4 5 10 20 40 80 90 180 360 370 740 b
1 2 4 5 10 20 40 80 90 180 360 380 740 b
1 2 4 5 10 20 40 80 90 180 360 720 740 b
1 2 4 5 10 20 40 80 100 105 185 370 740 b
1 2 4 5 10 20 40 80 100 160 320 420 740 a
1 2 4 5 10 20 40 80 100 160 320 640 740 a
1 2 4 5 10 20 40 80 100 180 185 370 740 b
1 2 4 5 10 20 40 80 100 180 190 370 740 b
1 2 4 5 10 20 40 80 100 180 280 460 740 b
1 2 4 5 10 20 40 80 100 180 280 560 740 b
1 2 4 5 10 20 40 80 100 180 360 370 740 b
1 2 4 5 10 20 40 80 100 180 360 380 740 b
1 2 4 5 10 20 40 80 100 180 360 720 740 b
1 2 4 5 10 20 40 80 120 125 245 370 740 b
1 2 4 5 10 20 40 80 120 125 250 370 740 b
1 2 4 5 10 20 40 80 120 130 240 370 740 a
1 2 4 5 10 20 40 80 120 130 250 370 740 b
1 2 4 5 10 20 40 80 120 240 250 370 740 b
1 2 4 5 10 20 40 80 120 240 250 490 740 b
1 2 4 5 10 20 40 80 120 240 250 500 740 b
1 2 4 5 10 20 40 80 120 240 260 480 740 a
1 2 4 5 10 20 40 80 120 240 260 500 740 b
1 2 4 5 10 20 40 80 120 240 360 370 740 b
1 2 4 5 10 20 40 80 120 240 360 380 740 b
1 2 4 5 10 20 40 80 120 240 360 720 740 b
1 2 4 5 10 20 40 80 120 240 480 500 740 b
1 2 4 5 10 20 40 80 120 240 480 720 740 b
1 2 4 5 10 20 40 80 160 165 185 370 740 b
1 2 4 5 10 20 40 80 160 165 205 370 740 b
1 2 4 5 10 20 40 80 160 165 330 370 740 b
1 2 4 5 10 20 40 80 160 165 330 410 740 b
1 2 4 5 10 20 40 80 160 165 330 660 740 b
1 2 4 5 10 20 40 80 160 170 200 370 740 a
1 2 4 5 10 20 40 80 160 170 210 370 740 b
1 2 4 5 10 20 40 80 160 170 330 370 740 b
1 2 4 5 10 20 40 80 160 170 330 410 740 b
1 2 4 5 10 20 40 80 160 170 330 660 740 b
1 2 4 5 10 20 40 80 160 180 185 370 740 b
1 2 4 5 10 20 40 80 160 180 190 370 740 b
1 2 4 5 10 20 40 80 160 180 360 370 740 b
1 2 4 5 10 20 40 80 160 180 360 380 740 b
1 2 4 5 10 20 40 80 160 180 360 720 740 b
1 2 4 5 10 20 40 80 160 200 210 370 740 b
1 2 4 5 10 20 40 80 160 200 360 370 740 b
1 2 4 5 10 20 40 80 160 200 360 380 740 b
1 2 4 5 10 20 40 80 160 200 360 720 740 b
1 2 4 5 10 20 40 80 160 240 250 490 740 b
1 2 4 5 10 20 40 80 160 240 250 500 740 b
1 2 4 5 10 20 40 80 160 240 260 480 740 a
1 2 4 5 10 20 40 80 160 240 260 500 740 b
1 2 4 5 10 20 40 80 160 240 480 500 740 b
1 2 4 5 10 20 40 80 160 240 480 720 740 b
1 2 4 5 10 20 40 80 160 320 330 370 740 b
1 2 4 5 10 20 40 80 160 320 330 410 740 b
1 2 4 5 10 20 40 80 160 320 330 660 740 b
1 2 4 5 10 20 40 80 160 320 340 400 740 a
1 2 4 5 10 20 40 80 160 320 340 420 740 b
1 2 4 5 10 20 40 80 160 320 340 660 740 b
1 2 4 5 10 20 40 80 160 320 360 370 740 b
1 2 4 5 10 20 40 80 160 320 360 380 740 b
1 2 4 5 10 20 40 80 160 320 360 720 740 b
1 2 4 5 10 20 40 80 160 320 400 420 740 b
1 2 4 5 10 20 40 80 160 320 400 720 740 b
1 2 4 5 10 20 40 80 160 320 640 660 740 b
1 2 4 5 10 20 40 80 160 320 640 720 740 b
1 2 4 6 10 16 32 42 74 148 222 370 740 b
1 2 4 6 10 16 32 42 74 148 296 370 740 b
1 2 4 6 10 16 32 42 74 148 296 444 740 b
1 2 4 6 10 16 32 42 74 148 296 592 740 b
1 2 4 6 10 16 32 64 74 148 222 370 740 b
1 2 4 6 10 16 32 64 74 148 296 370 740 b
1 2 4 6 10 16 32 64 74 148 296 444 740 b
1 2 4 6 10 16 32 64 74 148 296 592 740 b
1 2 4 6 10 20 21 41 82 103 185 370 740 b
1 2 4 6 10 20 21 41 82 164 185 370 740 b
1 2 4 6 10 20 26 46 92 93 185 370 740 b
1 2 4 6 10 20 26 46 92 184 185 370 740 b
1 2 4 6 10 20 26 46 92 184 186 370 740 b
1 2 4 6 10 20 26 46 92 184 368 370 740 b
1 2 4 6 10 20 26 46 92 184 368 372 740 b
1 2 4 6 10 20 26 46 92 184 368 736 740 b
1 2 4 6 10 20 30 50 80 160 210 370 740 b
1 2 4 6 10 20 30 50 80 160 320 370 740 b
1 2 4 6 10 20 30 60 90 180 190 370 740 b
1 2 4 6 10 20 30 60 90 180 360 370 740 b
1 2 4 6 10 20 30 60 90 180 360 380 740 b
1 2 4 6 10 20 30 60 90 180 360 720 740 b
1 2 4 6 10 20 30 60 120 130 240 370 740 a
1 2 4 6 10 20 30 60 120 130 250 370 740 b
1 2 4 6 10 20 30 60 120 180 190 370 740 b
1 2 4 6 10 20 30 60 120 180 360 370 740 b
1 2 4 6 10 20 30 60 120 180 360 380 740 b
1 2 4 6 10 20 30 60 120 180 360 720 740 b
1 2 4 6 10 20 30 60 120 240 250 370 740 b
1 2 4 6 10 20 30 60 120 240 250 490 740 b
1 2 4 6 10 20 30 60 120 240 250 500 740 b
1 2 4 6 10 20 30 60 120 240 260 480 740 a
1 2 4 6 10 20 30 60 120 240 260 500 740 b
1 2 4 6 10 20 30 60 120 240 360 370 740 b
1 2 4 6 10 20 30 60 120 240 360 380 740 b
1 2 4 6 10 20 30 60 120 240 360 720 740 b
1 2 4 6 10 20 30 60 120 240 480 500 740 b
1 2 4 6 10 20 30 60 120 240 480 720 740 b
1 2 4 6 10 20 40 42 82 164 206 370 740 b
1 2 4 6 10 20 40 42 82 164 328 370 740 b
1 2 4 6 10 20 40 46 92 93 185 370 740 b
1 2 4 6 10 20 40 46 92 184 185 370 740 b
1 2 4 6 10 20 40 46 92 184 186 370 740 b
1 2 4 6 10 20 40 46 92 184 368 370 740 b
1 2 4 6 10 20 40 46 92 184 368 372 740 b
1 2 4 6 10 20 40 46 92 184 368 736 740 b
1 2 4 6 10 20 40 50 80 160 210 370 740 a
1 2 4 6 10 20 40 50 80 160 320 370 740 a
1 2 4 6 10 20 40 50 90 140 230 370 740 b
1 2 4 6 10 20 40 50 90 140 280 370 740 b
1 2 4 6 10 20 40 50 90 180 190 370 740 b
1 2 4 6 10 20 40 50 90 180 360 370 740 b
1 2 4 6 10 20 40 50 90 180 360 380 740 b
1 2 4 6 10 20 40 50 90 180 360 720 740 b
1 2 4 6 10 20 40 60 100 160 320 420 740 b
1 2 4 6 10 20 40 60 100 160 320 640 740 b
1 2 4 6 10 20 40 60 120 130 240 370 740 a
1 2 4 6 10 20 40 60 120 130 250 370 740 b
1 2 4 6 10 20 40 60 120 180 190 370 740 b
1 2 4 6 10 20 40 60 120 180 360 370 740 b
1 2 4 6 10 20 40 60 120 180 360 380 740 b
1 2 4 6 10 20 40 60 120 180 360 720 740 b
1 2 4 6 10 20 40 60 120 240 250 370 740 b
1 2 4 6 10 20 40 60 120 240 250 490 740 b
1 2 4 6 10 20 40 60 120 240 250 500 740 b
1 2 4 6 10 20 40 60 120 240 260 480 740 a
1 2 4 6 10 20 40 60 120 240 260 500 740 b
1 2 4 6 10 20 40 60 120 240 360 370 740 b
1 2 4 6 10 20 40 60 120 240 360 380 740 b
1 2 4 6 10 20 40 60 120 240 360 720 740 b
1 2 4 6 10 20 40 60 120 240 480 500 740 b
1 2 4 6 10 20 40 60 120 240 480 720 740 b
1 2 4 6 10 20 40 80 84 164 328 412 740 b
1 2 4 6 10 20 40 80 84 164 328 656 740 b
1 2 4 6 10 20 40 80 90 180 190 370 740 b
1 2 4 6 10 20 40 80 90 180 360 370 740 b
1 2 4 6 10 20 40 80 90 180 360 380 740 b
1 2 4 6 10 20 40 80 90 180 360 720 740 b
1 2 4 6 10 20 40 80 100 160 320 420 740 a
1 2 4 6 10 20 40 80 100 160 320 640 740 a
1 2 4 6 10 20 40 80 100 180 190 370 740 b
1 2 4 6 10 20 40 80 100 180 280 460 740 b
1 2 4 6 10 20 40 80 100 180 280 560 740 b
1 2 4 6 10 20 40 80 100 180 360 370 740 b
1 2 4 6 10 20 40 80 100 180 360 380 740 b
1 2 4 6 10 20 40 80 100 180 360 720 740 b
1 2 4 6 10 20 40 80 120 130 240 370 740 a
1 2 4 6 10 20 40 80 120 130 250 370 740 b
1 2 4 6 10 20 40 80 120 240 250 370 740 b
1 2 4 6 10 20 40 80 120 240 250 490 740 b
1 2 4 6 10 20 40 80 120 240 250 500 740 b
1 2 4 6 10 20 40 80 120 240 260 480 740 a
1 2 4 6 10 20 40 80 120 240 260 500 740 b
1 2 4 6 10 20 40 80 120 240 360 370 740 b
1 2 4 6 10 20 40 80 120 240 360 380 740 b
1 2 4 6 10 20 40 80 120 240 360 720 740 b
1 2 4 6 10 20 40 80 120 240 480 500 740 b
1 2 4 6 10 20 40 80 120 240 480 720 740 b
1 2 4 6 10 20 40 80 160 170 200 370 740 a
1 2 4 6 10 20 40 80 160 170 210 370 740 b
1 2 4 6 10 20 40 80 160 170 330 370 740 b
1 2 4 6 10 20 40 80 160 170 330 410 740 b
1 2 4 6 10 20 40 80 160 170 330 660 740 b
1 2 4 6 10 20 40 80 160 180 190 370 740 b
1 2 4 6 10 20 40 80 160 180 360 370 740 b
1 2 4 6 10 20 40 80 160 180 360 380 740 b
1 2 4 6 10 20 40 80 160 180 360 720 740 b
1 2 4 6 10 20 40 80 160 200 210 370 740 b
1 2 4 6 10 20 40 80 160 200 360 370 740 b
1 2 4 6 10 20 40 80 160 200 360 380 740 b
1 2 4 6 10 20 40 80 160 200 360 720 740 b
1 2 4 6 10 20 40 80 160 240 250 490 740 b
1 2 4 6 10 20 40 80 160 240 250 500 740 b
1 2 4 6 10 20 40 80 160 240 260 480 740 a
1 2 4 6 10 20 40 80 160 240 260 500 740 b
1 2 4 6 10 20 40 80 160 240 480 500 740 b
1 2 4 6 10 20 40 80 160 240 480 720 740 b
1 2 4 6 10 20 40 80 160 320 330 370 740 b
1 2 4 6 10 20 40 80 160 320 330 410 740 b
1 2 4 6 10 20 40 80 160 320 330 660 740 b
1 2 4 6 10 20 40 80 160 320 340 400 740 a
1 2 4 6 10 20 40 80 160 320 340 420 740 b
1 2 4 6 10 20 40 80 160 320 340 660 740 b
1 2 4 6 10 20 40 80 160 320 360 370 740 b
1 2 4 6 10 20 40 80 160 320 360 380 740 b
1 2 4 6 10 20 40 80 160 320 360 720 740 b
1 2 4 6 10 20 40 80 160 320 400 420 740 b
1 2 4 6 10 20 40 80 160 320 400 720 740 b
1 2 4 6 10 20 40 80 160 320 640 660 740 b
1 2 4 6 10 20 40 80 160 320 640 720 740 b
1 2 4 6 12 13 24 37 74 111 185 370 740 a
1 2 4 6 12 13 24 37 74 148 185 370 740 a
1 2 4 6 12 13 24 37 74 148 222 370 740 a
1 2 4 6 12 13 24 37 74 148 296 370 740 a
1 2 4 6 12 13 24 37 74 148 296 444 740 a
1 2 4 6 12 13 24 37 74 148 296 592 740 a
1 2 4 6 12 13 25 37 74 111 185 370 740 b
1 2 4 6 12 13 25 37 74 148 185 370 740 b
1 2 4 6 12 13 25 37 74 148 222 370 740 b
1 2 4 6 12 13 25 37 74 148 296 370 740 b
1 2 4 6 12 13 25 37 74 148 296 444 740 b
1 2 4 6 12 13 25 37 74 148 296 592 740 b
1 2 4 6 12 18 19 37 74 111 185 370 740 b
1 2 4 6 12 18 19 37 74 148 185 370 740 b
1 2 4 6 12 18 19 37 74 148 222 370 740 b
1 2 4 6 12 18 19 37 74 148 296 370 740 b
1 2 4 6 12 18 19 37 74 148 296 444 740 b
1 2 4 6 12 18 19 37 74 148 296 592 740 b
1 2 4 6 12 18 22 44 88 176 194 370 740 b
1 2 4 6 12 18 22 44 88 176 352 370 740 b
1 2 4 6 12 18 36 37 74 111 185 370 740 b
1 2 4 6 12 18 36 37 74 148 185 370 740 b
1 2 4 6 12 18 36 37 74 148 222 370 740 b
1 2 4 6 12 18 36 37 74 148 296 370 740 b
1 2 4 6 12 18 36 37 74 148 296 444 740 b
1 2 4 6 12 18 36 37 74 148 296 592 740 b
1 2 4 6 12 18 36 38 74 148 222 370 740 b
1 2 4 6 12 18 36 38 74 148 296 370 740 b
1 2 4 6 12 18 36 38 74 148 296 444 740 b
1 2 4 6 12 18 36 38 74 148 296 592 740 b
1 2 4 6 12 18 36 72 74 148 222 370 740 b
1 2 4 6 12 18 36 72 74 148 296 370 740 b
1 2 4 6 12 18 36 72 74 148 296 444 740 b
1 2 4 6 12 18 36 72 74 148 296 592 740 b
1 2 4 6 12 18 36 72 76 148 296 444 740 b
1 2 4 6 12 18 36 72 76 148 296 592 740 b
1 2 4 6 12 18 36 72 144 148 296 444 740 b
1 2 4 6 12 18 36 72 144 148 296 592 740 b
1 2 4 6 12 24 25 37 74 111 185 370 740 b
1 2 4 6 12 24 25 37 74 148 185 370 740 b
1 2 4 6 12 24 25 37 74 148 222 370 740 b
1 2 4 6 12 24 25 37 74 148 296 370 740 b
1 2 4 6 12 24 25 37 74 148 296 444 740 b
1 2 4 6 12 24 25 37 74 148 296 592 740 b
1 2 4 6 12 24 25 49 74 148 222 370 740 b
1 2 4 6 12 24 25 49 74 148 296 370 740 b
1 2 4 6 12 24 25 49 74 148 296 444 740 b
1 2 4 6 12 24 25 49 74 148 296 592 740 b
1 2 4 6 12 24 25 50 74 148 222 370 740 b
1 2 4 6 12 24 25 50 74 148 296 370 740 b
1 2 4 6 12 24 25 50 74 148 296 444 740 b
1 2 4 6 12 24 25 50 74 148 296 592 740 b
1 2 4 6 12 24 26 48 74 148 222 370 740 a
1 2 4 6 12 24 26 48 74 148 296 370 740 a
1 2 4 6 12 24 26 48 74 148 296 444 740 a
1 2 4 6 12 24 26 48 74 148 296 592 740 a
1 2 4 6 12 24 26 50 74 148 222 370 740 b
1 2 4 6 12 24 26 50 74 148 296 370 740 b
1 2 4 6 12 24 26 50 74 148 296 444 740 b
1 2 4 6 12 24 26 50 74 148 296 592 740 b
1 2 4 6 12 24 36 37 74 111 185 370 740 b
1 2 4 6 12 24 36 37 74 148 185 370 740 b
1 2 4 6 12 24 36 37 74 148 222 370 740 b
1 2 4 6 12 24 36 37 74 148 296 370 740 b
1 2 4 6 12 24 36 37 74 148 296 444 740 b
1 2 4 6 12 24 36 37 74 148 296 592 740 b
1 2 4 6 12 24 36 38 74 148 222 370 740 b
1 2 4 6 12 24 36 38 74 148 296 370 740 b
1 2 4 6 12 24 36 38 74 148 296 444 740 b
1 2 4 6 12 24 36 38 74 148 296 592 740 b
1 2 4 6 12 24 36 72 74 148 222 370 740 b
1 2 4 6 12 24 36 72 74 148 296 370 740 b
1 2 4 6 12 24 36 72 74 148 296 444 740 b
1 2 4 6 12 24 36 72 74 148 296 592 740 b
1 2 4 6 12 24 36 72 76 148 296 444 740 b
1 2 4 6 12 24 36 72 76 148 296 592 740 b
1 2 4 6 12 24 36 72 144 148 296 444 740 b
1 2 4 6 12 24 36 72 144 148 296 592 740 b
1 2 4 6 12 24 48 50 74 148 222 370 740 b
1 2 4 6 12 24 48 50 74 148 296 370 740 b
1 2 4 6 12 24 48 50 74 148 296 444 740 b
1 2 4 6 12 24 48 50 74 148 296 592 740 b
1 2 4 6 12 24 48 50 98 148 296 444 740 b
1 2 4 6 12 24 48 50 98 148 296 592 740 b
1 2 4 6 12 24 48 50 100 148 296 444 740 b
1 2 4 6 12 24 48 50 100 148 296 592 740 b
1 2 4 6 12 24 48 52 96 148 296 444 740 a
1 2 4 6 12 24 48 52 96 148 296 592 740 a
1 2 4 6 12 24 48 52 100 148 296 444 740 b
1 2 4 6 12 24 48 52 100 148 296 592 740 b
1 2 4 6 12 24 48 72 74 148 222 370 740 b
1 2 4 6 12 24 48 72 74 148 296 370 740 b
1 2 4 6 12 24 48 72 74 148 296 444 740 b
1 2 4 6 12 24 48 72 74 148 296 592 740 b
1 2 4 6 12 24 48 72 76 148 296 444 740 b
1 2 4 6 12 24 48 72 76 148 296 592 740 b
1 2 4 6 12 24 48 72 144 148 296 444 740 b
1 2 4 6 12 24 48 72 144 148 296 592 740 b
1 2 4 6 12 24 48 96 100 148 296 444 740 b
1 2 4 6 12 24 48 96 100 148 296 592 740 b
1 2 4 6 12 24 48 96 144 148 296 444 740 b
1 2 4 6 12 24 48 96 144 148 296 592 740 b
1 2 4 8 9 11 22 44 88 97 185 370 740 b
1 2 4 8 9 11 22 44 88 176 185 370 740 b
1 2 4 8 9 13 22 44 88 97 185 370 740 b
1 2 4 8 9 13 22 44 88 176 185 370 740 b
1 2 4 8 9 17 21 42 84 101 185 370 740 b
1 2 4 8 9 17 21 42 84 168 185 370 740 b
1 2 4 8 9 17 25 42 84 101 185 370 740 b
1 2 4 8 9 17 25 42 84 168 185 370 740 b
1 2 4 8 9 17 26 43 86 172 198 370 740 b
1 2 4 8 9 17 26 43 86 172 344 370 740 b
1 2 4 8 9 17 34 42 84 101 185 370 740 b
1 2 4 8 9 17 34 42 84 168 185 370 740 b
1 2 4 8 9 17 34 42 84 168 202 370 740 b
1 2 4 8 9 17 34 42 84 168 336 370 740 b
1 2 4 8 9 18 19 37 74 111 185 370 740 b
1 2 4 8 9 18 19 37 74 148 185 370 740 b
1 2 4 8 9 18 19 37 74 148 222 370 740 b
1 2 4 8 9 18 19 37 74 148 296 370 740 b
1 2 4 8 9 18 19 37 74 148 296 444 740 b
1 2 4 8 9 18 19 37 74 148 296 592 740 b
1 2 4 8 9 18 22 44 88 97 185 370 740 b
1 2 4 8 9 18 22 44 88 176 185 370 740 b
1 2 4 8 9 18 22 44 88 176 194 370 740 b
1 2 4 8 9 18 22 44 88 176 352 370 740 b
1 2 4 8 9 18 26 44 88 97 185 370 740 b
1 2 4 8 9 18 26 44 88 176 185 370 740 b
1 2 4 8 9 18 26 44 88 176 194 370 740 b
1 2 4 8 9 18 26 44 88 176 352 370 740 b
1 2 4 8 9 18 36 37 74 111 185 370 740 b
1 2 4 8 9 18 36 37 74 148 185 370 740 b
1 2 4 8 9 18 36 37 74 148 222 370 740 b
1 2 4 8 9 18 36 37 74 148 296 370 740 b
1 2 4 8 9 18 36 37 74 148 296 444 740 b
1 2 4 8 9 18 36 37 74 148 296 592 740 b
1 2 4 8 9 18 36 38 74 148 222 370 740 b
1 2 4 8 9 18 36 38 74 148 296 370 740 b
1 2 4 8 9 18 36 38 74 148 296 444 740 b
1 2 4 8 9 18 36 38 74 148 296 592 740 b
1 2 4 8 9 18 36 44 88 97 185 370 740 b
1 2 4 8 9 18 36 44 88 176 185 370 740 b
1 2 4 8 9 18 36 44 88 176 194 370 740 b
1 2 4 8 9 18 36 44 88 176 352 370 740 b
1 2 4 8 9 18 36 44 88 176 352 388 740 b
1 2 4 8 9 18 36 44 88 176 352 704 740 b
1 2 4 8 9 18 36 72 74 148 222 370 740 b
1 2 4 8 9 18 36 72 74 148 296 370 740 b
1 2 4 8 9 18 36 72 74 148 296 444 740 b
1 2 4 8 9 18 36 72 74 148 296 592 740 b
1 2 4 8 9 18 36 72 76 148 296 444 740 b
1 2 4 8 9 18 36 72 76 148 296 592 740 b
1 2 4 8 9 18 36 72 144 148 296 444 740 b
1 2 4 8 9 18 36 72 144 148 296 592 740 b
1 2 4 8 10 16 32 42 74 148 222 370 740 a
1 2 4 8 10 16 32 42 74 148 296 370 740 a
1 2 4 8 10 16 32 42 74 148 296 444 740 a
1 2 4 8 10 16 32 42 74 148 296 592 740 a
1 2 4 8 10 16 32 64 74 148 222 370 740 a
1 2 4 8 10 16 32 64 74 148 296 370 740 a
1 2 4 8 10 16 32 64 74 148 296 444 740 a
1 2 4 8 10 16 32 64 74 148 296 592 740 a
1 2 4 8 10 18 19 37 74 111 185 370 740 b
1 2 4 8 10 18 19 37 74 148 185 370 740 b
1 2 4 8 10 18 19 37 74 148 222 370 740 b
1 2 4 8 10 18 19 37 74 148 296 370 740 b
1 2 4 8 10 18 19 37 74 148 296 444 740 b
1 2 4 8 10 18 19 37 74 148 296 592 740 b
1 2 4 8 10 18 22 44 88 176 194 370 740 b
1 2 4 8 10 18 22 44 88 176 352 370 740 b
1 2 4 8 10 18 26 44 88 176 194 370 740 b
1 2 4 8 10 18 26 44 88 176 352 370 740 b
1 2 4 8 10 18 28 46 74 148 222 370 740 b
1 2 4 8 10 18 28 46 74 148 296 370 740 b
1 2 4 8 10 18 28 46 74 148 296 444 740 b
1 2 4 8 10 18 28 46 74 148 296 592 740 b
1 2 4 8 10 18 28 46 92 93 185 370 740 b
1 2 4 8 10 18 28 46 92 184 185 370 740 b
1 2 4 8 10 18 28 46 92 184 186 370 740 b
1 2 4 8 10 18 28 46 92 184 368 370 740 b
1 2 4 8 10 18 28 46 92 184 368 372 740 b
1 2 4 8 10 18 28 46 92 184 368 736 740 b
1 2 4 8 10 18 28 56 74 148 222 370 740 b
1 2 4 8 10 18 28 56 74 148 296 370 740 b
1 2 4 8 10 18 28 56 74 148 296 444 740 b
1 2 4 8 10 18 28 56 74 148 296 592 740 b
1 2 4 8 10 18 36 37 74 111 185 370 740 b
1 2 4 8 10 18 36 37 74 148 185 370 740 b
1 2 4 8 10 18 36 37 74 148 222 370 740 b
1 2 4 8 10 18 36 37 74 148 296 370 740 b
1 2 4 8 10 18 36 37 74 148 296 444 740 b
1 2 4 8 10 18 36 37 74 148 296 592 740 b
1 2 4 8 10 18 36 38 74 148 222 370 740 b
1 2 4 8 10 18 36 38 74 148 296 370 740 b
1 2 4 8 10 18 36 38 74 148 296 444 740 b
1 2 4 8 10 18 36 38 74 148 296 592 740 b
1 2 4 8 10 18 36 44 88 176 194 370 740 b
1 2 4 8 10 18 36 44 88 176 352 370 740 b
1 2 4 8 10 18 36 44 88 176 352 388 740 b
1 2 4 8 10 18 36 44 88 176 352 704 740 b
1 2 4 8 10 18 36 46 92 93 185 370 740 b
1 2 4 8 10 18 36 46 92 184 185 370 740 b
1 2 4 8 10 18 36 46 92 184 186 370 740 b
1 2 4 8 10 18 36 46 92 184 368 370 740 b
1 2 4 8 10 18 36 46 92 184 368 372 740 b
1 2 4 8 10 18 36 46 92 184 368 736 740 b
1 2 4 8 10 18 36 54 90 180 190 370 740 b
1 2 4 8 10 18 36 54 90 180 360 370 740 b
1 2 4 8 10 18 36 72 74 148 222 370 740 b
1 2 4 8 10 18 36 72 74 148 296 370 740 b
1 2 4 8 10 18 36 72 74 148 296 444 740 b
1 2 4 8 10 18 36 72 74 148 296 592 740 b
1 2 4 8 10 18 36 72 76 148 296 444 740 b
1 2 4 8 10 18 36 72 76 148 296 592 740 b
1 2 4 8 10 18 36 72 82 144 226 370 740 a
1 2 4 8 10 18 36 72 82 144 288 370 740 a
1 2 4 8 10 18 36 72 90 180 190 370 740 b
1 2 4 8 10 18 36 72 90 180 360 370 740 b
1 2 4 8 10 18 36 72 108 180 190 370 740 b
1 2 4 8 10 18 36 72 108 180 360 370 740 b
1 2 4 8 10 18 36 72 144 148 296 444 740 b
1 2 4 8 10 18 36 72 144 148 296 592 740 b
1 2 4 8 10 18 36 72 144 154 216 370 740 a
1 2 4 8 10 18 36 72 144 154 226 370 740 b
1 2 4 8 10 18 36 72 144 154 298 370 740 b
1 2 4 8 10 18 36 72 144 154 298 442 740 b
1 2 4 8 10 18 36 72 144 154 298 596 740 b
1 2 4 8 10 18 36 72 144 180 190 370 740 b
1 2 4 8 10 18 36 72 144 180 360 370 740 b
1 2 4 8 10 18 36 72 144 216 226 370 740 b
1 2 4 8 10 18 36 72 144 216 360 370 740 b
1 2 4 8 10 18 36 72 144 288 298 370 740 b
1 2 4 8 10 18 36 72 144 288 298 442 740 b
1 2 4 8 10 18 36 72 144 288 298 596 740 b
1 2 4 8 10 18 36 72 144 288 360 370 740 b
1 2 4 8 10 20 21 41 82 103 185 370 740 b
1 2 4 8 10 20 21 41 82 164 185 370 740 b
1 2 4 8 10 20 30 50 80 160 210 370 740 b
1 2 4 8 10 20 30 50 80 160 320 370 740 b
1 2 4 8 10 20 30 60 90 180 190 370 740 b
1 2 4 8 10 20 30 60 90 180 360 370 740 b
1 2 4 8 10 20 30 60 90 180 360 380 740 b
1 2 4 8 10 20 30 60 90 180 360 720 740 b
1 2 4 8 10 20 30 60 120 130 240 370 740 a
1 2 4 8 10 20 30 60 120 130 250 370 740 b
1 2 4 8 10 20 30 60 120 180 190 370 740 b
1 2 4 8 10 20 30 60 120 180 360 370 740 b
1 2 4 8 10 20 30 60 120 180 360 380 740 b
1 2 4 8 10 20 30 60 120 180 360 720 740 b
1 2 4 8 10 20 30 60 120 240 250 370 740 b
1 2 4 8 10 20 30 60 120 240 250 490 740 b
1 2 4 8 10 20 30 60 120 240 250 500 740 b
1 2 4 8 10 20 30 60 120 240 260 480 740 a
1 2 4 8 10 20 30 60 120 240 260 500 740 b
1 2 4 8 10 20 30 60 120 240 360 370 740 b
1 2 4 8 10 20 30 60 120 240 360 380 740 b
1 2 4 8 10 20 30 60 120 240 360 720 740 b
1 2 4 8 10 20 30 60 120 240 480 500 740 b
1 2 4 8 10 20 30 60 120 240 480 720 740 b
1 2 4 8 10 20 40 42 82 164 206 370 740 b
1 2 4 8 10 20 40 42 82 164 328 370 740 b
1 2 4 8 10 20 40 50 80 160 210 370 740 a
1 2 4 8 10 20 40 50 80 160 320 370 740 a
1 2 4 8 10 20 40 50 90 140 230 370 740 b
1 2 4 8 10 20 40 50 90 140 280 370 740 b
1 2 4 8 10 20 40 50 90 180 190 370 740 b
1 2 4 8 10 20 40 50 90 180 360 370 740 b
1 2 4 8 10 20 40 50 90 180 360 380 740 b
1 2 4 8 10 20 40 50 90 180 360 720 740 b
1 2 4 8 10 20 40 60 100 160 320 420 740 b
1 2 4 8 10 20 40 60 100 160 320 640 740 b
1 2 4 8 10 20 40 60 120 130 240 370 740 a
1 2 4 8 10 20 40 60 120 130 250 370 740 b
1 2 4 8 10 20 40 60 120 180 190 370 740 b
1 2 4 8 10 20 40 60 120 180 360 370 740 b
1 2 4 8 10 20 40 60 120 180 360 380 740 b
1 2 4 8 10 20 40 60 120 180 360 720 740 b
1 2 4 8 10 20 40 60 120 240 250 370 740 b
1 2 4 8 10 20 40 60 120 240 250 490 740 b
1 2 4 8 10 20 40 60 120 240 250 500 740 b
1 2 4 8 10 20 40 60 120 240 260 480 740 a
1 2 4 8 10 20 40 60 120 240 260 500 740 b
1 2 4 8 10 20 40 60 120 240 360 370 740 b
1 2 4 8 10 20 40 60 120 240 360 380 740 b
1 2 4 8 10 20 40 60 120 240 360 720 740 b
1 2 4 8 10 20 40 60 120 240 480 500 740 b
1 2 4 8 10 20 40 60 120 240 480 720 740 b
1 2 4 8 10 20 40 80 84 164 328 412 740 b
1 2 4 8 10 20 40 80 84 164 328 656 740 b
1 2 4 8 10 20 40 80 90 180 190 370 740 b
1 2 4 8 10 20 40 80 90 180 360 370 740 b
1 2 4 8 10 20 40 80 90 180 360 380 740 b
1 2 4 8 10 20 40 80 90 180 360 720 740 b
1 2 4 8 10 20 40 80 100 160 320 420 740 a
1 2 4 8 10 20 40 80 100 160 320 640 740 a
1 2 4 8 10 20 40 80 100 180 190 370 740 b
1 2 4 8 10 20 40 80 100 180 280 460 740 b
1 2 4 8 10 20 40 80 100 180 280 560 740 b
1 2 4 8 10 20 40 80 100 180 360 370 740 b
1 2 4 8 10 20 40 80 100 180 360 380 740 b
1 2 4 8 10 20 40 80 100 180 360 720 740 b
1 2 4 8 10 20 40 80 120 130 240 370 740 a
1 2 4 8 10 20 40 80 120 130 250 370 740 b
1 2 4 8 10 20 40 80 120 240 250 370 740 b
1 2 4 8 10 20 40 80 120 240 250 490 740 b
1 2 4 8 10 20 40 80 120 240 250 500 740 b
1 2 4 8 10 20 40 80 120 240 260 480 740 a
1 2 4 8 10 20 40 80 120 240 260 500 740 b
1 2 4 8 10 20 40 80 120 240 360 370 740 b
1 2 4 8 10 20 40 80 120 240 360 380 740 b
1 2 4 8 10 20 40 80 120 240 360 720 740 b
1 2 4 8 10 20 40 80 120 240 480 500 740 b
1 2 4 8 10 20 40 80 120 240 480 720 740 b
1 2 4 8 10 20 40 80 160 170 200 370 740 a
1 2 4 8 10 20 40 80 160 170 210 370 740 b
1 2 4 8 10 20 40 80 160 170 330 370 740 b
1 2 4 8 10 20 40 80 160 170 330 410 740 b
1 2 4 8 10 20 40 80 160 170 330 660 740 b
1 2 4 8 10 20 40 80 160 180 190 370 740 b
1 2 4 8 10 20 40 80 160 180 360 370 740 b
1 2 4 8 10 20 40 80 160 180 360 380 740 b
1 2 4 8 10 20 40 80 160 180 360 720 740 b
1 2 4 8 10 20 40 80 160 200 210 370 740 b
1 2 4 8 10 20 40 80 160 200 360 370 740 b
1 2 4 8 10 20 40 80 160 200 360 380 740 b
1 2 4 8 10 20 40 80 160 200 360 720 740 b
1 2 4 8 10 20 40 80 160 240 250 490 740 b
1 2 4 8 10 20 40 80 160 240 250 500 740 b
1 2 4 8 10 20 40 80 160 240 260 480 740 a
1 2 4 8 10 20 40 80 160 240 260 500 740 b
1 2 4 8 10 20 40 80 160 240 480 500 740 b
1 2 4 8 10 20 40 80 160 240 480 720 740 b
1 2 4 8 10 20 40 80 160 320 330 370 740 b
1 2 4 8 10 20 40 80 160 320 330 410 740 b
1 2 4 8 10 20 40 80 160 320 330 660 740 b
1 2 4 8 10 20 40 80 160 320 340 400 740 a
1 2 4 8 10 20 40 80 160 320 340 420 740 b
1 2 4 8 10 20 40 80 160 320 340 660 740 b
1 2 4 8 10 20 40 80 160 320 360 370 740 b
1 2 4 8 10 20 40 80 160 320 360 380 740 b
1 2 4 8 10 20 40 80 160 320 360 720 740 b
1 2 4 8 10 20 40 80 160 320 400 420 740 b
1 2 4 8 10 20 40 80 160 320 400 720 740 b
1 2 4 8 10 20 40 80 160 320 640 660 740 b
1 2 4 8 10 20 40 80 160 320 640 720 740 b
1 2 4 8 12 13 24 37 74 111 185 370 740 a
1 2 4 8 12 13 24 37 74 148 185 370 740 a
1 2 4 8 12 13 24 37 74 148 222 370 740 a
1 2 4 8 12 13 24 37 74 148 296 370 740 a
1 2 4 8 12 13 24 37 74 148 296 444 740 a
1 2 4 8 12 13 24 37 74 148 296 592 740 a
1 2 4 8 12 13 25 37 74 111 185 370 740 b
1 2 4 8 12 13 25 37 74 148 185 370 740 b
1 2 4 8 12 13 25 37 74 148 222 370 740 b
1 2 4 8 12 13 25 37 74 148 296 370 740 b
1 2 4 8 12 13 25 37 74 148 296 444 740 b
1 2 4 8 12 13 25 37 74 148 296 592 740 b
1 2 4 8 12 20 21 41 82 103 185 370 740 b
1 2 4 8 12 20 21 41 82 164 185 370 740 b
1 2 4 8 12 20 32 64 84 148 296 444 740 b
1 2 4 8 12 20 32 64 84 148 296 592 740 b
1 2 4 8 12 20 32 64 128 148 296 444 740 b
1 2 4 8 12 20 32 64 128 148 296 592 740 b
1 2 4 8 12 20 40 42 82 164 206 370 740 b
1 2 4 8 12 20 40 42 82 164 328 370 740 b
1 2 4 8 12 20 40 52 92 93 185 370 740 b
1 2 4 8 12 20 40 52 92 184 185 370 740 b
1 2 4 8 12 20 40 52 92 184 186 370 740 b
1 2 4 8 12 20 40 52 92 184 368 370 740 b
1 2 4 8 12 20 40 52 92 184 368 372 740 b
1 2 4 8 12 20 40 52 92 184 368 736 740 b
1 2 4 8 12 20 40 60 100 160 320 420 740 b
1 2 4 8 12 20 40 60 100 160 320 640 740 b
1 2 4 8 12 20 40 60 120 180 360 380 740 b
1 2 4 8 12 20 40 60 120 180 360 720 740 b
1 2 4 8 12 20 40 60 120 240 260 480 740 a
1 2 4 8 12 20 40 60 120 240 260 500 740 b
1 2 4 8 12 20 40 60 120 240 360 380 740 b
1 2 4 8 12 20 40 60 120 240 360 720 740 b
1 2 4 8 12 20 40 60 120 240 480 500 740 b
1 2 4 8 12 20 40 60 120 240 480 720 740 b
1 2 4 8 12 20 40 80 84 164 328 412 740 b
1 2 4 8 12 20 40 80 84 164 328 656 740 b
1 2 4 8 12 20 40 80 92 93 185 370 740 b
1 2 4 8 12 20 40 80 92 184 185 370 740 b
1 2 4 8 12 20 40 80 92 184 186 370 740 b
1 2 4 8 12 20 40 80 92 184 368 370 740 b
1 2 4 8 12 20 40 80 92 184 368 372 740 b
1 2 4 8 12 20 40 80 92 184 368 736 740 b
1 2 4 8 12 20 40 80 100 160 320 420 740 a
1 2 4 8 12 20 40 80 100 160 320 640 740 a
1 2 4 8 12 20 40 80 100 180 280 460 740 b
1 2 4 8 12 20 40 80 100 180 280 560 740 b
1 2 4 8 12 20 40 80 100 180 360 380 740 b
1 2 4 8 12 20 40 80 100 180 360 720 740 b
1 2 4 8 12 20 40 80 120 240 260 480 740 a
1 2 4 8 12 20 40 80 120 240 260 500 740 b
1 2 4 8 12 20 40 80 120 240 360 380 740 b
1 2 4 8 12 20 40 80 120 240 360 720 740 b
1 2 4 8 12 20 40 80 120 240 480 500 740 b
1 2 4 8 12 20 40 80 120 240 480 720 740 b
1 2 4 8 12 20 40 80 160 180 360 380 740 b
1 2 4 8 12 20 40 80 160 180 360 720 740 b
1 2 4 8 12 20 40 80 160 200 360 380 740 b
1 2 4 8 12 20 40 80 160 200 360 720 740 b
1 2 4 8 12 20 40 80 160 240 260 480 740 a
1 2 4 8 12 20 40 80 160 240 260 500 740 b
1 2 4 8 12 20 40 80 160 240 480 500 740 b
1 2 4 8 12 20 40 80 160 240 480 720 740 b
1 2 4 8 12 20 40 80 160 320 340 400 740 a
1 2 4 8 12 20 40 80 160 320 340 420 740 b
1 2 4 8 12 20 40 80 160 320 340 660 740 b
1 2 4 8 12 20 40 80 160 320 360 380 740 b
1 2 4 8 12 20 40 80 160 320 360 720 740 b
1 2 4 8 12 20 40 80 160 320 400 420 740 b
1 2 4 8 12 20 40 80 160 320 400 720 740 b
1 2 4 8 12 20 40 80 160 320 640 660 740 b
1 2 4 8 12 20 40 80 160 320 640 720 740 b
1 2 4 8 12 24 25 37 74 111 185 370 740 b
1 2 4 8 12 24 25 37 74 148 185 370 740 b
1 2 4 8 12 24 25 37 74 148 222 370 740 b
1 2 4 8 12 24 25 37 74 148 296 370 740 b
1 2 4 8 12 24 25 37 74 148 296 444 740 b
1 2 4 8 12 24 25 37 74 148 296 592 740 b
1 2 4 8 12 24 25 49 74 148 222 370 740 b
1 2 4 8 12 24 25 49 74 148 296 370 740 b
1 2 4 8 12 24 25 49 74 148 296 444 740 b
1 2 4 8 12 24 25 49 74 148 296 592 740 b
1 2 4 8 12 24 25 50 74 148 222 370 740 b
1 2 4 8 12 24 25 50 74 148 296 370 740 b
1 2 4 8 12 24 25 50 74 148 296 444 740 b
1 2 4 8 12 24 25 50 74 148 296 592 740 b
1 2 4 8 12 24 26 48 74 148 222 370 740 a
1 2 4 8 12 24 26 48 74 148 296 370 740 a
1 2 4 8 12 24 26 48 74 148 296 444 740 a
1 2 4 8 12 24 26 48 74 148 296 592 740 a
1 2 4 8 12 24 26 50 74 148 222 370 740 b
1 2 4 8 12 24 26 50 74 148 296 370 740 b
1 2 4 8 12 24 26 50 74 148 296 444 740 b
1 2 4 8 12 24 26 50 74 148 296 592 740 b
1 2 4 8 12 24 36 37 74 111 185 370 740 b
1 2 4 8 12 24 36 37 74 148 185 370 740 b
1 2 4 8 12 24 36 37 74 148 222 370 740 b
1 2 4 8 12 24 36 37 74 148 296 370 740 b
1 2 4 8 12 24 36 37 74 148 296 444 740 b
1 2 4 8 12 24 36 37 74 148 296 592 740 b
1 2 4 8 12 24 36 38 74 148 222 370 740 b
1 2 4 8 12 24 36 38 74 148 296 370 740 b
1 2 4 8 12 24 36 38 74 148 296 444 740 b
1 2 4 8 12 24 36 38 74 148 296 592 740 b
1 2 4 8 12 24 36 44 88 176 352 388 740 b
1 2 4 8 12 24 36 44 88 176 352 704 740 b
1 2 4 8 12 24 36 72 74 148 222 370 740 b
1 2 4 8 12 24 36 72 74 148 296 370 740 b
1 2 4 8 12 24 36 72 74 148 296 444 740 b
1 2 4 8 12 24 36 72 74 148 296 592 740 b
1 2 4 8 12 24 36 72 76 148 296 444 740 b
1 2 4 8 12 24 36 72 76 148 296 592 740 b
1 2 4 8 12 24 36 72 144 148 296 444 740 b
1 2 4 8 12 24 36 72 144 148 296 592 740 b
1 2 4 8 12 24 48 50 74 148 222 370 740 b
1 2 4 8 12 24 48 50 74 148 296 370 740 b
1 2 4 8 12 24 48 50 74 148 296 444 740 b
1 2 4 8 12 24 48 50 74 148 296 592 740 b
1 2 4 8 12 24 48 50 98 148 296 444 740 b
1 2 4 8 12 24 48 50 98 148 296 592 740 b
1 2 4 8 12 24 48 50 100 148 296 444 740 b
1 2 4 8 12 24 48 50 100 148 296 592 740 b
1 2 4 8 12 24 48 52 96 148 296 444 740 a
1 2 4 8 12 24 48 52 96 148 296 592 740 a
1 2 4 8 12 24 48 52 100 148 296 444 740 b
1 2 4 8 12 24 48 52 100 148 296 592 740 b
1 2 4 8 12 24 48 72 74 148 222 370 740 b
1 2 4 8 12 24 48 72 74 148 296 370 740 b
1 2 4 8 12 24 48 72 74 148 296 444 740 b
1 2 4 8 12 24 48 72 74 148 296 592 740 b
1 2 4 8 12 24 48 72 76 148 296 444 740 b
1 2 4 8 12 24 48 72 76 148 296 592 740 b
1 2 4 8 12 24 48 72 144 148 296 444 740 b
1 2 4 8 12 24 48 72 144 148 296 592 740 b
1 2 4 8 12 24 48 96 100 148 296 444 740 b
1 2 4 8 12 24 48 96 100 148 296 592 740 b
1 2 4 8 12 24 48 96 144 148 296 444 740 b
1 2 4 8 12 24 48 96 144 148 296 592 740 b
1 2 4 8 16 17 20 37 74 111 185 370 740 a
1 2 4 8 16 17 20 37 74 148 185 370 740 a
1 2 4 8 16 17 20 37 74 148 222 370 740 a
1 2 4 8 16 17 20 37 74 148 296 370 740 a
1 2 4 8 16 17 20 37 74 148 296 444 740 a
1 2 4 8 16 17 20 37 74 148 296 592 740 a
1 2 4 8 16 17 21 37 74 111 185 370 740 b
1 2 4 8 16 17 21 37 74 148 185 370 740 b
1 2 4 8 16 17 21 37 74 148 222 370 740 b
1 2 4 8 16 17 21 37 74 148 296 370 740 b
1 2 4 8 16 17 21 37 74 148 296 444 740 b
1 2 4 8 16 17 21 37 74 148 296 592 740 b
1 2 4 8 16 17 21 42 84 101 185 370 740 b
1 2 4 8 16 17 21 42 84 168 185 370 740 b
1 2 4 8 16 17 25 42 84 101 185 370 740 b
1 2 4 8 16 17 25 42 84 168 185 370 740 b
1 2 4 8 16 17 33 37 74 111 185 370 740 b
1 2 4 8 16 17 33 37 74 148 185 370 740 b
1 2 4 8 16 17 33 37 74 148 222 370 740 b
1 2 4 8 16 17 33 37 74 148 296 370 740 b
1 2 4 8 16 17 33 37 74 148 296 444 740 b
1 2 4 8 16 17 33 37 74 148 296 592 740 b
1 2 4 8 16 17 33 41 74 148 222 370 740 b
1 2 4 8 16 17 33 41 74 148 296 370 740 b
1 2 4 8 16 17 33 41 74 148 296 444 740 b
1 2 4 8 16 17 33 41 74 148 296 592 740 b
1 2 4 8 16 17 33 66 74 148 222 370 740 b
1 2 4 8 16 17 33 66 74 148 296 370 740 b
1 2 4 8 16 17 33 66 74 148 296 444 740 b
1 2 4 8 16 17 33 66 74 148 296 592 740 b
1 2 4 8 16 17 33 66 82 148 296 444 740 b
1 2 4 8 16 17 33 66 82 148 296 592 740 b
1 2 4 8 16 17 33 66 132 148 296 444 740 b
1 2 4 8 16 17 33 66 132 148 296 592 740 b
1 2 4 8 16 17 34 42 84 101 185 370 740 b
1 2 4 8 16 17 34 42 84 168 185 370 740 b
1 2 4 8 16 17 34 42 84 168 202 370 740 b
1 2 4 8 16 17 34 42 84 168 336 370 740 b
1 2 4 8 16 17 34 50 84 101 185 370 740 b
1 2 4 8 16 17 34 50 84 168 185 370 740 b
1 2 4 8 16 17 34 50 84 168 202 370 740 b
1 2 4 8 16 17 34 50 84 168 336 370 740 b
1 2 4 8 16 17 34 51 67 118 185 370 740 b
1 2 4 8 16 17 34 51 67 134 185 370 740 b
1 2 4 8 16 17 34 68 84 101 185 370 740 b
1 2 4 8 16 17 34 68 84 168 185 370 740 b
1 2 4 8 16 17 34 68 84 168 202 370 740 b
1 2 4 8 16 17 34 68 84 168 336 370 740 b
1 2 4 8 16 17 34 68 84 168 336 404 740 b
1 2 4 8 16 17 34 68 84 168 336 672 740 b
1 2 4 8 16 18 19 37 74 111 185 370 740 b
1 2 4 8 16 18 19 37 74 148 185 370 740 b
1 2 4 8 16 18 19 37 74 148 222 370 740 b
1 2 4 8 16 18 19 37 74 148 296 370 740 b
1 2 4 8 16 18 19 37 74 148 296 444 740 b
1 2 4 8 16 18 19 37 74 148 296 592 740 b
1 2 4 8 16 18 22 44 88 176 194 370 740 b
1 2 4 8 16 18 22 44 88 176 352 370 740 b
1 2 4 8 16 18 26 44 88 176 194 370 740 b
1 2 4 8 16 18 26 44 88 176 352 370 740 b
1 2 4 8 16 18 34 42 84 168 202 370 740 b
1 2 4 8 16 18 34 42 84 168 336 370 740 b
1 2 4 8 16 18 34 50 84 168 202 370 740 b
1 2 4 8 16 18 34 50 84 168 336 370 740 b
1 2 4 8 16 18 34 52 86 172 344 396 740 b
1 2 4 8 16 18 34 52 86 172 344 688 740 b
1 2 4 8 16 18 34 68 84 168 202 370 740 b
1 2 4 8 16 18 34 68 84 168 336 370 740 b
1 2 4 8 16 18 34 68 84 168 336 404 740 b
1 2 4 8 16 18 34 68 84 168 336 672 740 b
1 2 4 8 16 18 36 37 74 111 185 370 740 b
1 2 4 8 16 18 36 37 74 148 185 370 740 b
1 2 4 8 16 18 36 37 74 148 222 370 740 b
1 2 4 8 16 18 36 37 74 148 296 370 740 b
1 2 4 8 16 18 36 37 74 148 296 444 740 b
1 2 4 8 16 18 36 37 74 148 296 592 740 b
1 2 4 8 16 18 36 38 74 148 222 370 740 b
1 2 4 8 16 18 36 38 74 148 296 370 740 b
1 2 4 8 16 18 36 38 74 148 296 444 740 b
1 2 4 8 16 18 36 38 74 148 296 592 740 b
1 2 4 8 16 18 36 44 88 176 194 370 740 b
1 2 4 8 16 18 36 44 88 176 352 370 740 b
1 2 4 8 16 18 36 44 88 176 352 388 740 b
1 2 4 8 16 18 36 44 88 176 352 704 740 b
1 2 4 8 16 18 36 52 88 176 194 370 740 b
1 2 4 8 16 18 36 52 88 176 352 370 740 b
1 2 4 8 16 18 36 52 88 176 352 388 740 b
1 2 4 8 16 18 36 52 88 176 352 704 740 b
1 2 4 8 16 18 36 72 74 148 222 370 740 b
1 2 4 8 16 18 36 72 74 148 296 370 740 b
1 2 4 8 16 18 36 72 74 148 296 444 740 b
1 2 4 8 16 18 36 72 74 148 296 592 740 b
1 2 4 8 16 18 36 72 76 148 296 444 740 b
1 2 4 8 16 18 36 72 76 148 296 592 740 b
1 2 4 8 16 18 36 72 88 176 194 370 740 b
1 2 4 8 16 18 36 72 88 176 352 370 740 b
1 2 4 8 16 18 36 72 88 176 352 388 740 b
1 2 4 8 16 18 36 72 88 176 352 704 740 b
1 2 4 8 16 18 36 72 144 148 296 444 740 b
1 2 4 8 16 18 36 72 144 148 296 592 740 b
1 2 4 8 16 20 21 37 74 111 185 370 740 b
1 2 4 8 16 20 21 37 74 148 185 370 740 b
1 2 4 8 16 20 21 37 74 148 222 370 740 b
1 2 4 8 16 20 21 37 74 148 296 370 740 b
1 2 4 8 16 20 21 37 74 148 296 444 740 b
1 2 4 8 16 20 21 37 74 148 296 592 740 b
1 2 4 8 16 20 21 41 82 103 185 370 740 b
1 2 4 8 16 20 21 41 82 164 185 370 740 b
1 2 4 8 16 20 32 64 84 148 296 444 740 a
1 2 4 8 16 20 32 64 84 148 296 592 740 a
1 2 4 8 16 20 32 64 128 148 296 444 740 a
1 2 4 8 16 20 32 64 128 148 296 592 740 a
1 2 4 8 16 20 36 37 74 111 185 370 740 b
1 2 4 8 16 20 36 37 74 148 185 370 740 b
1 2 4 8 16 20 36 37 74 148 222 370 740 b
1 2 4 8 16 20 36 37 74 148 296 370 740 b
1 2 4 8 16 20 36 37 74 148 296 444 740 b
1 2 4 8 16 20 36 37 74 148 296 592 740 b
1 2 4 8 16 20 36 38 74 148 222 370 740 b
1 2 4 8 16 20 36 38 74 148 296 370 740 b
1 2 4 8 16 20 36 38 74 148 296 444 740 b
1 2 4 8 16 20 36 38 74 148 296 592 740 b
1 2 4 8 16 20 36 44 88 176 352 388 740 b
1 2 4 8 16 20 36 44 88 176 352 704 740 b
1 2 4 8 16 20 36 52 88 176 352 388 740 b
1 2 4 8 16 20 36 52 88 176 352 704 740 b
1 2 4 8 16 20 36 56 92 93 185 370 740 b
1 2 4 8 16 20 36 56 92 148 296 444 740 b
1 2 4 8 16 20 36 56 92 148 296 592 740 b
1 2 4 8 16 20 36 56 92 184 185 370 740 b
1 2 4 8 16 20 36 56 92 184 186 370 740 b
1 2 4 8 16 20 36 56 92 184 368 370 740 b
1 2 4 8 16 20 36 56 92 184 368 372 740 b
1 2 4 8 16 20 36 56 92 184 368 736 740 b
1 2 4 8 16 20 36 56 112 148 296 444 740 b
1 2 4 8 16 20 36 56 112 148 296 592 740 b
1 2 4 8 16 20 36 72 74 148 222 370 740 b
1 2 4 8 16 20 36 72 74 148 296 370 740 b
1 2 4 8 16 20 36 72 74 148 296 444 740 b
1 2 4 8 16 20 36 72 74 148 296 592 740 b
1 2 4 8 16 20 36 72 76 148 296 444 740 b
1 2 4 8 16 20 36 72 76 148 296 592 740 b
1 2 4 8 16 20 36 72 88 176 352 388 740 b
1 2 4 8 16 20 36 72 88 176 352 704 740 b
1 2 4 8 16 20 36 72 92 93 185 370 740 b
1 2 4 8 16 20 36 72 92 184 185 370 740 b
1 2 4 8 16 20 36 72 92 184 186 370 740 b
1 2 4 8 16 20 36 72 92 184 368 370 740 b
1 2 4 8 16 20 36 72 92 184 368 372 740 b
1 2 4 8 16 20 36 72 92 184 368 736 740 b
1 2 4 8 16 20 36 72 108 180 360 380 740 b
1 2 4 8 16 20 36 72 108 180 360 720 740 b
1 2 4 8 16 20 36 72 144 148 296 444 740 b
1 2 4 8 16 20 36 72 144 148 296 592 740 b
1 2 4 8 16 20 36 72 144 164 288 452 740 a
1 2 4 8 16 20 36 72 144 164 288 576 740 a
1 2 4 8 16 20 36 72 144 180 360 380 740 b
1 2 4 8 16 20 36 72 144 180 360 720 740 b
1 2 4 8 16 20 36 72 144 216 360 380 740 b
1 2 4 8 16 20 36 72 144 216 360 720 740 b
1 2 4 8 16 20 36 72 144 288 308 432 740 a
1 2 4 8 16 20 36 72 144 288 308 452 740 b
1 2 4 8 16 20 36 72 144 288 308 596 740 b
1 2 4 8 16 20 36 72 144 288 360 380 740 b
1 2 4 8 16 20 36 72 144 288 360 720 740 b
1 2 4 8 16 20 36 72 144 288 432 452 740 b
1 2 4 8 16 20 36 72 144 288 432 720 740 b
1 2 4 8 16 20 36 72 144 288 576 596 740 b
1 2 4 8 16 20 36 72 144 288 576 720 740 b
1 2 4 8 16 20 40 42 82 164 206 370 740 b
1 2 4 8 16 20 40 42 82 164 328 370 740 b
1 2 4 8 16 20 40 60 100 160 320 420 740 b
1 2 4 8 16 20 40 60 100 160 320 640 740 b
1 2 4 8 16 20 40 60 120 180 360 380 740 b
1 2 4 8 16 20 40 60 120 180 360 720 740 b
1 2 4 8 16 20 40 60 120 240 260 480 740 a
1 2 4 8 16 20 40 60 120 240 260 500 740 b
1 2 4 8 16 20 40 60 120 240 360 380 740 b
1 2 4 8 16 20 40 60 120 240 360 720 740 b
1 2 4 8 16 20 40 60 120 240 480 500 740 b
1 2 4 8 16 20 40 60 120 240 480 720 740 b
1 2 4 8 16 20 40 80 84 164 328 412 740 b
1 2 4 8 16 20 40 80 84 164 328 656 740 b
1 2 4 8 16 20 40 80 100 160 320 420 740 a
1 2 4 8 16 20 40 80 100 160 320 640 740 a
1 2 4 8 16 20 40 80 100 180 280 460 740 b
1 2 4 8 16 20 40 80 100 180 280 560 740 b
1 2 4 8 16 20 40 80 100 180 360 380 740 b
1 2 4 8 16 20 40 80 100 180 360 720 740 b
1 2 4 8 16 20 40 80 120 240 260 480 740 a
1 2 4 8 16 20 40 80 120 240 260 500 740 b
1 2 4 8 16 20 40 80 120 240 360 380 740 b
1 2 4 8 16 20 40 80 120 240 360 720 740 b
1 2 4 8 16 20 40 80 120 240 480 500 740 b
1 2 4 8 16 20 40 80 120 240 480 720 740 b
1 2 4 8 16 20 40 80 160 180 360 380 740 b
1 2 4 8 16 20 40 80 160 180 360 720 740 b
1 2 4 8 16 20 40 80 160 200 360 380 740 b
1 2 4 8 16 20 40 80 160 200 360 720 740 b
1 2 4 8 16 20 40 80 160 240 260 480 740 a
1 2 4 8 16 20 40 80 160 240 260 500 740 b
1 2 4 8 16 20 40 80 160 240 480 500 740 b
1 2 4 8 16 20 40 80 160 240 480 720 740 b
1 2 4 8 16 20 40 80 160 320 340 400 740 a
1 2 4 8 16 20 40 80 160 320 340 420 740 b
1 2 4 8 16 20 40 80 160 320 340 660 740 b
1 2 4 8 16 20 40 80 160 320 360 380 740 b
1 2 4 8 16 20 40 80 160 320 360 720 740 b
1 2 4 8 16 20 40 80 160 320 400 420 740 b
1 2 4 8 16 20 40 80 160 320 400 720 740 b
1 2 4 8 16 20 40 80 160 320 640 660 740 b
1 2 4 8 16 20 40 80 160 320 640 720 740 b
1 2 4 8 16 24 25 40 80 105 185 370 740 a
1 2 4 8 16 24 25 40 80 160 185 370 740 a
1 2 4 8 16 24 25 49 74 148 222 370 740 b
1 2 4 8 16 24 25 49 74 148 296 370 740 b
1 2 4 8 16 24 25 49 74 148 296 444 740 b
1 2 4 8 16 24 25 49 74 148 296 592 740 b
1 2 4 8 16 24 25 50 74 148 222 370 740 b
1 2 4 8 16 24 25 50 74 148 296 370 740 b
1 2 4 8 16 24 25 50 74 148 296 444 740 b
1 2 4 8 16 24 25 50 74 148 296 592 740 b
1 2 4 8 16 24 26 48 74 148 222 370 740 a
1 2 4 8 16 24 26 48 74 148 296 370 740 a
1 2 4 8 16 24 26 48 74 148 296 444 740 a
1 2 4 8 16 24 26 48 74 148 296 592 740 a
1 2 4 8 16 24 26 50 74 148 222 370 740 b
1 2 4 8 16 24 26 50 74 148 296 370 740 b
1 2 4 8 16 24 26 50 74 148 296 444 740 b
1 2 4 8 16 24 26 50 74 148 296 592 740 b
1 2 4 8 16 24 40 42 82 164 206 370 740 b
1 2 4 8 16 24 40 42 82 164 328 370 740 b
1 2 4 8 16 24 40 80 81 104 185 370 740 a
1 2 4 8 16 24 40 80 81 105 185 370 740 b
1 2 4 8 16 24 40 80 81 161 185 370 740 b
1 2 4 8 16 24 40 80 84 164 328 412 740 b
1 2 4 8 16 24 40 80 84 164 328 656 740 b
1 2 4 8 16 24 40 80 104 105 185 370 740 b
1 2 4 8 16 24 40 80 104 184 185 370 740 b
1 2 4 8 16 24 40 80 104 184 186 370 740 b
1 2 4 8 16 24 40 80 104 184 368 370 740 b
1 2 4 8 16 24 40 80 104 184 368 372 740 b
1 2 4 8 16 24 40 80 104 184 368 736 740 b
1 2 4 8 16 24 40 80 160 161 185 370 740 b
1 2 4 8 16 24 40 80 160 184 185 370 740 b
1 2 4 8 16 24 40 80 160 184 186 370 740 b
1 2 4 8 16 24 40 80 160 184 368 370 740 b
1 2 4 8 16 24 40 80 160 184 368 372 740 b
1 2 4 8 16 24 40 80 160 184 368 736 740 b
1 2 4 8 16 24 48 50 74 148 222 370 740 b
1 2 4 8 16 24 48 50 74 148 296 370 740 b
1 2 4 8 16 24 48 50 74 148 296 444 740 b
1 2 4 8 16 24 48 50 74 148 296 592 740 b
1 2 4 8 16 24 48 50 98 148 296 444 740 b
1 2 4 8 16 24 48 50 98 148 296 592 740 b
1 2 4 8 16 24 48 50 100 148 296 444 740 b
1 2 4 8 16 24 48 50 100 148 296 592 740 b
1 2 4 8 16 24 48 52 96 148 296 444 740 a
1 2 4 8 16 24 48 52 96 148 296 592 740 a
1 2 4 8 16 24 48 52 100 148 296 444 740 b
1 2 4 8 16 24 48 52 100 148 296 592 740 b
1 2 4 8 16 24 48 72 74 148 222 370 740 b
1 2 4 8 16 24 48 72 74 148 296 370 740 b
1 2 4 8 16 24 48 72 74 148 296 444 740 b
1 2 4 8 16 24 48 72 74 148 296 592 740 b
1 2 4 8 16 24 48 72 76 148 296 444 740 b
1 2 4 8 16 24 48 72 76 148 296 592 740 b
1 2 4 8 16 24 48 72 144 148 296 444 740 b
1 2 4 8 16 24 48 72 144 148 296 592 740 b
1 2 4 8 16 24 48 96 100 148 296 444 740 b
1 2 4 8 16 24 48 96 100 148 296 592 740 b
1 2 4 8 16 24 48 96 144 148 296 444 740 b
1 2 4 8 16 24 48 96 144 148 296 592 740 b
1 2 4 8 16 32 33 37 74 111 185 370 740 b
1 2 4 8 16 32 33 37 74 148 185 370 740 b
1 2 4 8 16 32 33 37 74 148 222 370 740 b
1 2 4 8 16 32 33 37 74 148 296 370 740 b
1 2 4 8 16 32 33 37 74 148 296 444 740 b
1 2 4 8 16 32 33 37 74 148 296 592 740 b
1 2 4 8 16 32 33 41 74 148 222 370 740 b
1 2 4 8 16 32 33 41 74 148 296 370 740 b
1 2 4 8 16 32 33 41 74 148 296 444 740 b
1 2 4 8 16 32 33 41 74 148 296 592 740 b
1 2 4 8 16 32 33 66 74 148 222 370 740 b
1 2 4 8 16 32 33 66 74 148 296 370 740 b
1 2 4 8 16 32 33 66 74 148 296 444 740 b
1 2 4 8 16 32 33 66 74 148 296 592 740 b
1 2 4 8 16 32 33 66 82 148 296 444 740 b
1 2 4 8 16 32 33 66 82 148 296 592 740 b
1 2 4 8 16 32 33 66 132 148 296 444 740 b
1 2 4 8 16 32 33 66 132 148 296 592 740 b
1 2 4 8 16 32 34 40 74 148 222 370 740 a
1 2 4 8 16 32 34 40 74 148 296 370 740 a
1 2 4 8 16 32 34 40 74 148 296 444 740 a
1 2 4 8 16 32 34 40 74 148 296 592 740 a
1 2 4 8 16 32 34 42 74 148 222 370 740 b
1 2 4 8 16 32 34 42 74 148 296 370 740 b
1 2 4 8 16 32 34 42 74 148 296 444 740 b
1 2 4 8 16 32 34 42 74 148 296 592 740 b
1 2 4 8 16 32 34 42 84 168 202 370 740 b
1 2 4 8 16 32 34 42 84 168 336 370 740 b
1 2 4 8 16 32 34 50 84 168 202 370 740 b
1 2 4 8 16 32 34 50 84 168 336 370 740 b
1 2 4 8 16 32 34 66 74 148 222 370 740 b
1 2 4 8 16 32 34 66 74 148 296 370 740 b
1 2 4 8 16 32 34 66 74 148 296 444 740 b
1 2 4 8 16 32 34 66 74 148 296 592 740 b
1 2 4 8 16 32 34 66 82 148 296 444 740 b
1 2 4 8 16 32 34 66 82 148 296 592 740 b
1 2 4 8 16 32 34 66 132 148 296 444 740 b
1 2 4 8 16 32 34 66 132 148 296 592 740 b
1 2 4 8 16 32 34 68 84 168 202 370 740 b
1 2 4 8 16 32 34 68 84 168 336 370 740 b
1 2 4 8 16 32 34 68 84 168 336 404 740 b
1 2 4 8 16 32 34 68 84 168 336 672 740 b
1 2 4 8 16 32 34 68 100 168 202 370 740 b
1 2 4 8 16 32 34 68 100 168 336 370 740 b
1 2 4 8 16 32 34 68 100 168 336 404 740 b
1 2 4 8 16 32 34 68 100 168 336 672 740 b
1 2 4 8 16 32 34 68 102 134 236 370 740 b
1 2 4 8 16 32 34 68 102 134 268 370 740 b
1 2 4 8 16 32 34 68 136 168 202 370 740 b
1 2 4 8 16 32 34 68 136 168 336 370 740 b
1 2 4 8 16 32 34 68 136 168 336 404 740 b
1 2 4 8 16 32 34 68 136 168 336 672 740 b
1 2 4 8 16 32 36 37 74 111 185 370 740 b
1 2 4 8 16 32 36 37 74 148 185 370 740 b
1 2 4 8 16 32 36 37 74 148 222 370 740 b
1 2 4 8 16 32 36 37 74 148 296 370 740 b
1 2 4 8 16 32 36 37 74 148 296 444 740 b
1 2 4 8 16 32 36 37 74 148 296 592 740 b
1 2 4 8 16 32 36 38 74 148 222 370 740 b
1 2 4 8 16 32 36 38 74 148 296 370 740 b
1 2 4 8 16 32 36 38 74 148 296 444 740 b
1 2 4 8 16 32 36 38 74 148 296 592 740 b
1 2 4 8 16 32 36 44 88 176 352 388 740 b
1 2 4 8 16 32 36 44 88 176 352 704 740 b
1 2 4 8 16 32 36 52 88 176 352 388 740 b
1 2 4 8 16 32 36 52 88 176 352 704 740 b
1 2 4 8 16 32 36 68 84 168 336 404 740 b
1 2 4 8 16 32 36 68 84 168 336 672 740 b
1 2 4 8 16 32 36 68 100 168 336 404 740 b
1 2 4 8 16 32 36 68 100 168 336 672 740 b
1 2 4 8 16 32 36 68 136 168 336 404 740 b
1 2 4 8 16 32 36 68 136 168 336 672 740 b
1 2 4 8 16 32 36 72 74 148 222 370 740 b
1 2 4 8 16 32 36 72 74 148 296 370 740 b
1 2 4 8 16 32 36 72 74 148 296 444 740 b
1 2 4 8 16 32 36 72 74 148 296 592 740 b
1 2 4 8 16 32 36 72 76 148 296 444 740 b
1 2 4 8 16 32 36 72 76 148 296 592 740 b
1 2 4 8 16 32 36 72 88 176 352 388 740 b
1 2 4 8 16 32 36 72 88 176 352 704 740 b
1 2 4 8 16 32 36 72 104 176 352 388 740 b
1 2 4 8 16 32 36 72 104 176 352 704 740 b
1 2 4 8 16 32 36 72 144 148 296 444 740 b
1 2 4 8 16 32 36 72 144 148 296 592 740 b
1 2 4 8 16 32 36 72 144 176 352 388 740 b
1 2 4 8 16 32 36 72 144 176 352 704 740 b
1 2 4 8 16 32 40 41 72 113 185 370 740 a
1 2 4 8 16 32 40 41 72 144 185 370 740 a
1 2 4 8 16 32 40 42 74 148 222 370 740 b
1 2 4 8 16 32 40 42 74 148 296 370 740 b
1 2 4 8 16 32 40 42 74 148 296 444 740 b
1 2 4 8 16 32 40 42 74 148 296 592 740 b
1 2 4 8 16 32 40 42 82 164 206 370 740 b
1 2 4 8 16 32 40 42 82 164 328 370 740 b
1 2 4 8 16 32 40 72 73 112 185 370 740 a
1 2 4 8 16 32 40 72 73 113 185 370 740 b
1 2 4 8 16 32 40 72 73 145 185 370 740 b
1 2 4 8 16 32 40 72 74 148 222 370 740 b
1 2 4 8 16 32 40 72 74 148 296 370 740 b
1 2 4 8 16 32 40 72 74 148 296 444 740 b
1 2 4 8 16 32 40 72 74 148 296 592 740 b
1 2 4 8 16 32 40 72 76 148 296 444 740 b
1 2 4 8 16 32 40 72 76 148 296 592 740 b
1 2 4 8 16 32 40 72 112 113 185 370 740 b
1 2 4 8 16 32 40 72 112 184 185 370 740 b
1 2 4 8 16 32 40 72 112 184 186 370 740 b
1 2 4 8 16 32 40 72 112 184 368 370 740 b
1 2 4 8 16 32 40 72 112 184 368 372 740 b
1 2 4 8 16 32 40 72 112 184 368 736 740 b
1 2 4 8 16 32 40 72 144 145 185 370 740 b
1 2 4 8 16 32 40 72 144 148 296 444 740 b
1 2 4 8 16 32 40 72 144 148 296 592 740 b
1 2 4 8 16 32 40 72 144 184 185 370 740 b
1 2 4 8 16 32 40 72 144 184 186 370 740 b
1 2 4 8 16 32 40 72 144 184 368 370 740 b
1 2 4 8 16 32 40 72 144 184 368 372 740 b
1 2 4 8 16 32 40 72 144 184 368 736 740 b
1 2 4 8 16 32 40 80 84 164 328 412 740 b
1 2 4 8 16 32 40 80 84 164 328 656 740 b
1 2 4 8 16 32 48 50 80 160 210 370 740 a
1 2 4 8 16 32 48 50 80 160 320 370 740 a
1 2 4 8 16 32 48 50 98 148 296 444 740 b
1 2 4 8 16 32 48 50 98 148 296 592 740 b
1 2 4 8 16 32 48 50 100 148 296 444 740 b
1 2 4 8 16 32 48 50 100 148 296 592 740 b
1 2 4 8 16 32 48 52 96 148 296 444 740 a
1 2 4 8 16 32 48 52 96 148 296 592 740 a
1 2 4 8 16 32 48 52 100 148 296 444 740 b
1 2 4 8 16 32 48 52 100 148 296 592 740 b
1 2 4 8 16 32 48 80 81 161 209 370 740 b
1 2 4 8 16 32 48 80 81 161 322 370 740 b
1 2 4 8 16 32 48 80 84 164 328 412 740 b
1 2 4 8 16 32 48 80 84 164 328 656 740 b
1 2 4 8 16 32 48 80 160 161 209 370 740 b
1 2 4 8 16 32 48 80 160 161 322 370 740 b
1 2 4 8 16 32 48 80 160 162 208 370 740 a
1 2 4 8 16 32 48 80 160 162 210 370 740 b
1 2 4 8 16 32 48 80 160 162 322 370 740 b
1 2 4 8 16 32 48 80 160 208 210 370 740 b
1 2 4 8 16 32 48 80 160 208 368 370 740 b
1 2 4 8 16 32 48 80 160 208 368 372 740 b
1 2 4 8 16 32 48 80 160 208 368 736 740 b
1 2 4 8 16 32 48 80 160 320 322 370 740 b
1 2 4 8 16 32 48 80 160 320 368 370 740 b
1 2 4 8 16 32 48 80 160 320 368 372 740 b
1 2 4 8 16 32 48 80 160 320 368 736 740 b
1 2 4 8 16 32 48 96 100 148 296 444 740 b
1 2 4 8 16 32 48 96 100 148 296 592 740 b
1 2 4 8 16 32 48 96 144 148 296 444 740 b
1 2 4 8 16 32 48 96 144 148 296 592 740 b
1 2 4 8 16 32 64 65 80 145 225 370 740 a
1 2 4 8 16 32 64 65 80 145 290 370 740 a
1 2 4 8 16 32 64 65 96 161 322 418 740 a
1 2 4 8 16 32 64 65 96 161 322 644 740 a
1 2 4 8 16 32 64 66 74 148 222 370 740 b
1 2 4 8 16 32 64 66 74 148 296 370 740 b
1 2 4 8 16 32 64 66 74 148 296 444 740 b
1 2 4 8 16 32 64 66 74 148 296 592 740 b
1 2 4 8 16 32 64 66 82 148 296 444 740 b
1 2 4 8 16 32 64 66 82 148 296 592 740 b
1 2 4 8 16 32 64 66 132 148 296 444 740 b
1 2 4 8 16 32 64 66 132 148 296 592 740 b
1 2 4 8 16 32 64 68 80 148 296 444 740 a
1 2 4 8 16 32 64 68 80 148 296 592 740 a
1 2 4 8 16 32 64 68 84 148 296 444 740 b
1 2 4 8 16 32 64 68 84 148 296 592 740 b
1 2 4 8 16 32 64 68 84 168 336 404 740 b
1 2 4 8 16 32 64 68 84 168 336 672 740 b
1 2 4 8 16 32 64 68 100 168 336 404 740 b
1 2 4 8 16 32 64 68 100 168 336 672 740 b
1 2 4 8 16 32 64 68 132 148 296 444 740 b
1 2 4 8 16 32 64 68 132 148 296 592 740 b
1 2 4 8 16 32 64 68 136 168 336 404 740 b
1 2 4 8 16 32 64 68 136 168 336 672 740 b
1 2 4 8 16 32 64 68 136 200 336 404 740 b
1 2 4 8 16 32 64 68 136 200 336 672 740 b
1 2 4 8 16 32 64 68 136 204 268 472 740 b
1 2 4 8 16 32 64 68 136 204 268 536 740 b
1 2 4 8 16 32 64 68 136 272 336 404 740 b
1 2 4 8 16 32 64 68 136 272 336 672 740 b
1 2 4 8 16 32 64 72 74 148 222 370 740 b
1 2 4 8 16 32 64 72 74 148 296 370 740 b
1 2 4 8 16 32 64 72 74 148 296 444 740 b
1 2 4 8 16 32 64 72 74 148 296 592 740 b
1 2 4 8 16 32 64 72 76 148 296 444 740 b
1 2 4 8 16 32 64 72 76 148 296 592 740 b
1 2 4 8 16 32 64 72 144 148 296 444 740 b
1 2 4 8 16 32 64 72 144 148 296 592 740 b
1 2 4 8 16 32 64 80 81 145 225 370 740 b
1 2 4 8 16 32 64 80 81 145 290 370 740 b
1 2 4 8 16 32 64 80 82 144 226 370 740 a
1 2 4 8 16 32 64 80 82 144 288 370 740 a
1 2 4 8 16 32 64 80 84 148 296 444 740 b
1 2 4 8 16 32 64 80 84 148 296 592 740 b
1 2 4 8 16 32 64 80 84 164 328 412 740 b
1 2 4 8 16 32 64 80 84 164 328 656 740 b
1 2 4 8 16 32 64 80 144 145 225 370 740 b
1 2 4 8 16 32 64 80 144 145 290 370 740 b
1 2 4 8 16 32 64 80 144 146 224 370 740 a
1 2 4 8 16 32 64 80 144 146 226 370 740 b
1 2 4 8 16 32 64 80 144 146 290 370 740 b
1 2 4 8 16 32 64 80 144 148 296 444 740 b
1 2 4 8 16 32 64 80 144 148 296 592 740 b
1 2 4 8 16 32 64 80 144 224 226 370 740 b
1 2 4 8 16 32 64 80 144 224 368 370 740 b
1 2 4 8 16 32 64 80 144 224 368 372 740 b
1 2 4 8 16 32 64 80 144 224 368 736 740 b
1 2 4 8 16 32 64 80 144 288 290 370 740 b
1 2 4 8 16 32 64 80 144 288 368 370 740 b
1 2 4 8 16 32 64 80 144 288 368 372 740 b
1 2 4 8 16 32 64 80 144 288 368 736 740 b
1 2 4 8 16 32 64 96 97 161 322 418 740 b
1 2 4 8 16 32 64 96 97 161 322 644 740 b
1 2 4 8 16 32 64 96 100 160 320 420 740 a
1 2 4 8 16 32 64 96 100 160 320 640 740 a
1 2 4 8 16 32 64 96 160 161 322 418 740 b
1 2 4 8 16 32 64 96 160 161 322 644 740 b
1 2 4 8 16 32 64 96 160 162 322 418 740 b
1 2 4 8 16 32 64 96 160 162 322 644 740 b
1 2 4 8 16 32 64 96 160 320 322 418 740 b
1 2 4 8 16 32 64 96 160 320 322 644 740 b
1 2 4 8 16 32 64 96 160 320 324 416 740 a
1 2 4 8 16 32 64 96 160 320 324 420 740 b
1 2 4 8 16 32 64 96 160 320 324 644 740 b
1 2 4 8 16 32 64 96 160 320 416 420 740 b
1 2 4 8 16 32 64 96 160 320 416 736 740 b
1 2 4 8 16 32 64 96 160 320 640 644 740 b
1 2 4 8 16 32 64 96 160 320 640 736 740 b
1 2 4 8 16 32 64 128 130 160 290 450 740 a
1 2 4 8 16 32 64 128 130 160 290 580 740 a
1 2 4 8 16 32 64 128 132 148 296 444 740 b
1 2 4 8 16 32 64 128 132 148 296 592 740 b
1 2 4 8 16 32 64 128 144 148 296 444 740 b
1 2 4 8 16 32 64 128 144 148 296 592 740 b
1 2 4 8 16 32 64 128 160 162 290 450 740 b
1 2 4 8 16 32 64 128 160 162 290 580 740 b
1 2 4 8 16 32 64 128 160 164 288 452 740 a
1 2 4 8 16 32 64 128 160 164 288 576 740 a
1 2 4 8 16 32 64 128 160 288 290 450 740 b
1 2 4 8 16 32 64 128 160 288 290 580 740 b
1 2 4 8 16 32 64 128 160 288 292 448 740 a
1 2 4 8 16 32 64 128 160 288 292 452 740 b
1 2 4 8 16 32 64 128 160 288 292 580 740 b
1 2 4 8 16 32 64 128 160 288 448 452 740 b
1 2 4 8 16 32 64 128 160 288 448 736 740 b
1 2 4 8 16 32 64 128 160 288 576 580 740 b
1 2 4 8 16 32 64 128 160 288 576 736 740 b
