1 2 3 5 10 15 30 45 90 180 360 361 721 b
1 2 3 5 10 15 30 45 90 180 360 720 721 b
1 2 3 5 10 15 30 60 90 180 360 361 721 b
1 2 3 5 10 15 30 60 90 180 360 720 721 b
1 2 3 5 10 15 30 60 120 180 360 361 721 b
1 2 3 5 10 15 30 60 120 180 360 720 721 b
1 2 3 5 10 15 30 60 120 240 241 480 721 a
1 2 3 5 10 15 30 60 120 240 241 481 721 b
1 2 3 5 10 15 30 60 120 240 360 361 721 b
1 2 3 5 10 15 30 60 120 240 360 720 721 b
1 2 3 5 10 15 30 60 120 240 480 481 721 b
1 2 3 5 10 15 30 60 120 240 480 720 721 b
1 2 3 5 10 20 25 45 90 180 360 361 721 b
1 2 3 5 10 20 25 45 90 180 360 720 721 b
1 2 3 5 10 20 30 60 90 180 360 361 721 b
1 2 3 5 10 20 30 60 90 180 360 720 721 b
1 2 3 5 10 20 30 60 120 180 360 361 721 b
1 2 3 5 10 20 30 60 120 180 360 720 721 b
1 2 3 5 10 20 30 60 120 240 241 480 721 a
1 2 3 5 10 20 30 60 120 240 241 481 721 b
1 2 3 5 10 20 30 60 120 240 360 361 721 b
1 2 3 5 10 20 30 60 120 240 360 720 721 b
1 2 3 5 10 20 30 60 120 240 480 481 721 b
1 2 3 5 10 20 30 60 120 240 480 720 721 b
1 2 3 5 10 20 40 45 90 180 360 361 721 b
1 2 3 5 10 20 40 45 90 180 360 720 721 b
1 2 3 5 10 20 40 50 90 180 360 361 721 b
1 2 3 5 10 20 40 50 90 180 360 720 721 b
1 2 3 5 10 20 40 60 120 180 360 361 721 b
1 2 3 5 10 20 40 60 120 180 360 720 721 b
1 2 3 5 10 20 40 60 120 240 241 480 721 a
1 2 3 5 10 20 40 60 120 240 241 481 721 b
1 2 3 5 10 20 40 60 120 240 360 361 721 b
1 2 3 5 10 20 40 60 120 240 360 720 721 b
1 2 3 5 10 20 40 60 120 240 480 481 721 b
1 2 3 5 10 20 40 60 120 240 480 720 721 b
1 2 3 5 10 20 40 80 81 160 320 401 721 a
1 2 3 5 10 20 40 80 81 160 320 640 721 a
1 2 3 5 10 20 40 80 90 180 360 361 721 b
1 2 3 5 10 20 40 80 90 180 360 720 721 b
1 2 3 5 10 20 40 80 100 180 360 361 721 b
1 2 3 5 10 20 40 80 100 180 360 720 721 b
1 2 3 5 10 20 40 80 120 240 241 480 721 a
1 2 3 5 10 20 40 80 120 240 241 481 721 b
1 2 3 5 10 20 40 80 120 240 360 361 721 b
1 2 3 5 10 20 40 80 120 240 360 720 721 b
1 2 3 5 10 20 40 80 120 240 480 481 721 b
1 2 3 5 10 20 40 80 120 240 480 720 721 b
1 2 3 5 10 20 40 80 160 180 360 361 721 b
1 2 3 5 10 20 40 80 160 180 360 720 721 b
1 2 3 5 10 20 40 80 160 200 360 361 721 b
1 2 3 5 10 20 40 80 160 200 360 720 721 b
1 2 3 5 10 20 40 80 160 240 241 480 721 a
1 2 3 5 10 20 40 80 160 240 241 481 721 b
1 2 3 5 10 20 40 80 160 240 480 481 721 b
1 2 3 5 10 20 40 80 160 240 480 720 721 b
1 2 3 5 10 20 40 80 160 320 321 400 721 a
1 2 3 5 10 20 40 80 160 320 321 401 721 b
1 2 3 5 10 20 40 80 160 320 321 641 721 b
1 2 3 5 10 20 40 80 160 320 360 361 721 b
1 2 3 5 10 20 40 80 160 320 360 720 721 b
1 2 3 5 10 20 40 80 160 320 400 401 721 b
1 2 3 5 10 20 40 80 160 320 400 720 721 b
1 2 3 5 10 20 40 80 160 320 640 641 721 b
1 2 3 5 10 20 40 80 160 320 640 720 721 b
1 2 3 6 9 15 30 45 90 180 360 361 721 b
1 2 3 6 9 15 30 45 90 180 360 720 721 b
1 2 3 6 9 15 30 60 90 180 360 361 721 b
1 2 3 6 9 15 30 60 90 180 360 720 721 b
1 2 3 6 9 15 30 60 120 180 360 361 721 b
1 2 3 6 9 15 30 60 120 180 360 720 721 b
1 2 3 6 9 15 30 60 120 240 241 480 721 a
1 2 3 6 9 15 30 60 120 240 241 481 721 b
1 2 3 6 9 15 30 60 120 240 360 361 721 b
1 2 3 6 9 15 30 60 120 240 360 720 721 b
1 2 3 6 9 15 30 60 120 240 480 481 721 b
1 2 3 6 9 15 30 60 120 240 480 720 721 b
1 2 3 6 9 18 27 45 90 180 360 361 721 b
1 2 3 6 9 18 27 45 90 180 360 720 721 b
1 2 3 6 9 18 36 45 90 180 360 361 721 b
1 2 3 6 9 18 36 45 90 180 360 720 721 b
1 2 3 6 9 18 36 54 90 180 360 361 721 b
1 2 3 6 9 18 36 54 90 180 360 720 721 b
1 2 3 6 9 18 36 72 90 180 360 361 721 b
1 2 3 6 9 18 36 72 90 180 360 720 721 b
1 2 3 6 9 18 36 72 108 180 360 361 721 b
1 2 3 6 9 18 36 72 108 180 360 720 721 b
1 2 3 6 9 18 36 72 144 145 288 433 721 a
1 2 3 6 9 18 36 72 144 145 288 576 721 a
1 2 3 6 9 18 36 72 144 180 360 361 721 b
1 2 3 6 9 18 36 72 144 180 360 720 721 b
1 2 3 6 9 18 36 72 144 216 360 361 721 b
1 2 3 6 9 18 36 72 144 216 360 720 721 b
1 2 3 6 9 18 36 72 144 288 289 432 721 a
1 2 3 6 9 18 36 72 144 288 289 433 721 b
1 2 3 6 9 18 36 72 144 288 289 577 721 b
1 2 3 6 9 18 36 72 144 288 360 361 721 b
1 2 3 6 9 18 36 72 144 288 360 720 721 b
1 2 3 6 9 18 36 72 144 288 432 433 721 b
1 2 3 6 9 18 36 72 144 288 432 720 721 b
1 2 3 6 9 18 36 72 144 288 576 577 721 b
1 2 3 6 9 18 36 72 144 288 576 720 721 b
1 2 3 6 12 15 30 45 90 180 360 361 721 b
1 2 3 6 12 15 30 45 90 180 360 720 721 b
1 2 3 6 12 15 30 60 90 180 360 361 721 b
1 2 3 6 12 15 30 60 90 180 360 720 721 b
1 2 3 6 12 15 30 60 120 180 360 361 721 b
1 2 3 6 12 15 30 60 120 180 360 720 721 b
1 2 3 6 12 15 30 60 120 240 241 480 721 a
1 2 3 6 12 15 30 60 120 240 241 481 721 b
1 2 3 6 12 15 30 60 120 240 360 361 721 b
1 2 3 6 12 15 30 60 120 240 360 720 721 b
1 2 3 6 12 15 30 60 120 240 480 481 721 b
1 2 3 6 12 15 30 60 120 240 480 720 721 b
1 2 3 6 12 18 30 60 90 180 360 361 721 b
1 2 3 6 12 18 30 60 90 180 360 720 721 b
1 2 3 6 12 18 30 60 120 180 360 361 721 b
1 2 3 6 12 18 30 60 120 180 360 720 721 b
1 2 3 6 12 18 30 60 120 240 241 480 721 a
1 2 3 6 12 18 30 60 120 240 241 481 721 b
1 2 3 6 12 18 30 60 120 240 360 361 721 b
1 2 3 6 12 18 30 60 120 240 360 720 721 b
1 2 3 6 12 18 30 60 120 240 480 481 721 b
1 2 3 6 12 18 30 60 120 240 480 720 721 b
1 2 3 6 12 18 36 54 90 180 360 361 721 b
1 2 3 6 12 18 36 54 90 180 360 720 721 b
1 2 3 6 12 18 36 72 90 180 360 361 721 b
1 2 3 6 12 18 36 72 90 180 360 720 721 b
1 2 3 6 12 18 36 72 108 180 360 361 721 b
1 2 3 6 12 18 36 72 108 180 360 720 721 b
1 2 3 6 12 18 36 72 144 145 288 433 721 a
1 2 3 6 12 18 36 72 144 145 288 576 721 a
1 2 3 6 12 18 36 72 144 180 360 361 721 b
1 2 3 6 12 18 36 72 144 180 360 720 721 b
1 2 3 6 12 18 36 72 144 216 360 361 721 b
1 2 3 6 12 18 36 72 144 216 360 720 721 b
1 2 3 6 12 18 36 72 144 288 289 432 721 a
1 2 3 6 12 18 36 72 144 288 289 433 721 b
1 2 3 6 12 18 36 72 144 288 289 577 721 b
1 2 3 6 12 18 36 72 144 288 360 361 721 b
1 2 3 6 12 18 36 72 144 288 360 720 721 b
1 2 3 6 12 18 36 72 144 288 432 433 721 b
1 2 3 6 12 18 36 72 144 288 432 720 721 b
1 2 3 6 12 18 36 72 144 288 576 577 721 b
1 2 3 6 12 18 36 72 144 288 576 720 721 b
1 2 3 6 12 24 30 60 90 180 360 361 721 b
1 2 3 6 12 24 30 60 90 180 360 720 721 b
1 2 3 6 12 24 30 60 120 180 360 361 721 b
1 2 3 6 12 24 30 60 120 180 360 720 721 b
1 2 3 6 12 24 30 60 120 240 241 480 721 a
1 2 3 6 12 24 30 60 120 240 241 481 721 b
1 2 3 6 12 24 30 60 120 240 360 361 721 b
1 2 3 6 12 24 30 60 120 240 360 720 721 b
1 2 3 6 12 24 30 60 120 240 480 481 721 b
1 2 3 6 12 24 30 60 120 240 480 720 721 b
1 2 3 6 12 24 36 60 120 180 360 361 721 b
1 2 3 6 12 24 36 60 120 180 360 720 721 b
1 2 3 6 12 24 36 60 120 240 241 480 721 a
1 2 3 6 12 24 36 60 120 240 241 481 721 b
1 2 3 6 12 24 36 60 120 240 360 361 721 b
1 2 3 6 12 24 36 60 120 240 360 720 721 b
1 2 3 6 12 24 36 60 120 240 480 481 721 b
1 2 3 6 12 24 36 60 120 240 480 720 721 b
1 2 3 6 12 24 36 72 108 180 360 361 721 b
1 2 3 6 12 24 36 72 108 180 360 720 721 b
1 2 3 6 12 24 36 72 144 145 288 433 721 a
1 2 3 6 12 24 36 72 144 145 288 576 721 a
1 2 3 6 12 24 36 72 144 180 360 361 721 b
1 2 3 6 12 24 36 72 144 180 360 720 721 b
1 2 3 6 12 24 36 72 144 216 360 361 721 b
1 2 3 6 12 24 36 72 144 216 360 720 721 b
1 2 3 6 12 24 36 72 144 288 289 432 721 a
1 2 3 6 12 24 36 72 144 288 289 433 721 b
1 2 3 6 12 24 36 72 144 288 289 577 721 b
1 2 3 6 12 24 36 72 144 288 360 361 721 b
1 2 3 6 12 24 36 72 144 288 360 720 721 b
1 2 3 6 12 24 36 72 144 288 432 433 721 b
1 2 3 6 12 24 36 72 144 288 432 720 721 b
1 2 3 6 12 24 36 72 144 288 576 577 721 b
1 2 3 6 12 24 36 72 144 288 576 720 721 b
1 2 3 6 12 24 48 60 120 180 360 361 721 b
1 2 3 6 12 24 48 60 120 180 360 720 721 b
1 2 3 6 12 24 48 60 120 240 241 480 721 a
1 2 3 6 12 24 48 60 120 240 241 481 721 b
1 2 3 6 12 24 48 60 120 240 360 361 721 b
1 2 3 6 12 24 48 60 120 240 360 720 721 b
1 2 3 6 12 24 48 60 120 240 480 481 721 b
1 2 3 6 12 24 48 60 120 240 480 720 721 b
1 2 3 6 12 24 48 72 120 240 241 480 721 a
1 2 3 6 12 24 48 72 120 240 241 481 721 b
1 2 3 6 12 24 48 72 120 240 360 361 721 b
1 2 3 6 12 24 48 72 120 240 360 720 721 b
1 2 3 6 12 24 48 72 120 240 480 481 721 b
1 2 3 6 12 24 48 72 120 240 480 720 721 b
1 2 3 6 12 24 48 72 144 145 288 433 721 a
1 2 3 6 12 24 48 72 144 145 288 576 721 a
1 2 3 6 12 24 48 72 144 216 360 361 721 b
1 2 3 6 12 24 48 72 144 216 360 720 721 b
1 2 3 6 12 24 48 72 144 288 289 432 721 a
1 2 3 6 12 24 48 72 144 288 289 433 721 b
1 2 3 6 12 24 48 72 144 288 289 577 721 b
1 2 3 6 12 24 48 72 144 288 360 361 721 b
1 2 3 6 12 24 48 72 144 288 360 720 721 b
1 2 3 6 12 24 48 72 144 288 432 433 721 b
1 2 3 6 12 24 48 72 144 288 432 720 721 b
1 2 3 6 12 24 48 72 144 288 576 577 721 b
1 2 3 6 12 24 48 72 144 288 576 720 721 b
1 2 3 6 12 24 48 96 120 240 241 480 721 a
1 2 3 6 12 24 48 96 120 240 241 481 721 b
1 2 3 6 12 24 48 96 120 240 360 361 721 b
1 2 3 6 12 24 48 96 120 240 360 720 721 b
1 2 3 6 12 24 48 96 120 240 480 481 721 b
1 2 3 6 12 24 48 96 120 240 480 720 721 b
1 2 3 6 12 24 48 96 144 145 288 433 721 a
1 2 3 6 12 24 48 96 144 145 288 576 721 a
1 2 3 6 12 24 48 96 144 240 241 480 721 a
1 2 3 6 12 24 48 96 144 240 241 481 721 b
1 2 3 6 12 24 48 96 144 240 480 481 721 b
1 2 3 6 12 24 48 96 144 240 480 720 721 b
1 2 3 6 12 24 48 96 144 288 289 432 721 a
1 2 3 6 12 24 48 96 144 288 289 433 721 b
1 2 3 6 12 24 48 96 144 288 289 577 721 b
1 2 3 6 12 24 48 96 144 288 432 433 721 b
1 2 3 6 12 24 48 96 144 288 432 720 721 b
1 2 3 6 12 24 48 96 144 288 576 577 721 b
1 2 3 6 12 24 48 96 144 288 576 720 721 b
1 2 3 6 12 24 48 96 192 240 241 480 721 a
1 2 3 6 12 24 48 96 192 240 241 481 721 b
1 2 3 6 12 24 48 96 192 240 480 481 721 b
1 2 3 6 12 24 48 96 192 240 480 720 721 b
1 2 4 5 9 18 27 45 90 180 360 361 721 b
1 2 4 5 9 18 27 45 90 180 360 720 721 b
1 2 4 5 9 18 36 45 90 180 360 361 721 b
1 2 4 5 9 18 36 45 90 180 360 720 721 b
1 2 4 5 9 18 36 54 90 180 360 361 721 b
1 2 4 5 9 18 36 54 90 180 360 720 721 b
1 2 4 5 9 18 36 72 90 180 360 361 721 b
1 2 4 5 9 18 36 72 90 180 360 720 721 b
1 2 4 5 9 18 36 72 108 180 360 361 721 b
1 2 4 5 9 18 36 72 108 180 360 720 721 b
1 2 4 5 9 18 36 72 144 145 288 433 721 a
1 2 4 5 9 18 36 72 144 145 288 576 721 a
1 2 4 5 9 18 36 72 144 180 360 361 721 b
1 2 4 5 9 18 36 72 144 180 360 720 721 b
1 2 4 5 9 18 36 72 144 216 360 361 721 b
1 2 4 5 9 18 36 72 144 216 360 720 721 b
1 2 4 5 9 18 36 72 144 288 289 432 721 a
1 2 4 5 9 18 36 72 144 288 289 433 721 b
1 2 4 5 9 18 36 72 144 288 289 577 721 b
1 2 4 5 9 18 36 72 144 288 360 361 721 b
1 2 4 5 9 18 36 72 144 288 360 720 721 b
1 2 4 5 9 18 36 72 144 288 432 433 721 b
1 2 4 5 9 18 36 72 144 288 432 720 721 b
1 2 4 5 9 18 36 72 144 288 576 577 721 b
1 2 4 5 9 18 36 72 144 288 576 720 721 b
1 2 4 5 10 15 30 45 90 180 360 361 721 b
1 2 4 5 10 15 30 45 90 180 360 720 721 b
1 2 4 5 10 15 30 60 90 180 360 361 721 b
1 2 4 5 10 15 30 60 90 180 360 720 721 b
1 2 4 5 10 15 30 60 120 180 360 361 721 b
1 2 4 5 10 15 30 60 120 180 360 720 721 b
1 2 4 5 10 15 30 60 120 240 241 480 721 a
1 2 4 5 10 15 30 60 120 240 241 481 721 b
1 2 4 5 10 15 30 60 120 240 360 361 721 b
1 2 4 5 10 15 30 60 120 240 360 720 721 b
1 2 4 5 10 15 30 60 120 240 480 481 721 b
1 2 4 5 10 15 30 60 120 240 480 720 721 b
1 2 4 5 10 20 25 45 90 180 360 361 721 b
1 2 4 5 10 20 25 45 90 180 360 720 721 b
1 2 4 5 10 20 30 60 90 180 360 361 721 b
1 2 4 5 10 20 30 60 90 180 360 720 721 b
1 2 4 5 10 20 30 60 120 180 360 361 721 b
1 2 4 5 10 20 30 60 120 180 360 720 721 b
1 2 4 5 10 20 30 60 120 240 241 480 721 a
1 2 4 5 10 20 30 60 120 240 241 481 721 b
1 2 4 5 10 20 30 60 120 240 360 361 721 b
1 2 4 5 10 20 30 60 120 240 360 720 721 b
1 2 4 5 10 20 30 60 120 240 480 481 721 b
1 2 4 5 10 20 30 60 120 240 480 720 721 b
1 2 4 5 10 20 40 45 90 180 360 361 721 b
1 2 4 5 10 20 40 45 90 180 360 720 721 b
1 2 4 5 10 20 40 50 90 180 360 361 721 b
1 2 4 5 10 20 40 50 90 180 360 720 721 b
1 2 4 5 10 20 40 60 120 180 360 361 721 b
1 2 4 5 10 20 40 60 120 180 360 720 721 b
1 2 4 5 10 20 40 60 120 240 241 480 721 a
1 2 4 5 10 20 40 60 120 240 241 481 721 b
1 2 4 5 10 20 40 60 120 240 360 361 721 b
1 2 4 5 10 20 40 60 120 240 360 720 721 b
1 2 4 5 10 20 40 60 120 240 480 481 721 b
1 2 4 5 10 20 40 60 120 240 480 720 721 b
1 2 4 5 10 20 40 80 81 160 320 401 721 a
1 2 4 5 10 20 40 80 81 160 320 640 721 a
1 2 4 5 10 20 40 80 90 180 360 361 721 b
1 2 4 5 10 20 40 80 90 180 360 720 721 b
1 2 4 5 10 20 40 80 100 180 360 361 721 b
1 2 4 5 10 20 40 80 100 180 360 720 721 b
1 2 4 5 10 20 40 80 120 240 241 480 721 a
1 2 4 5 10 20 40 80 120 240 241 481 721 b
1 2 4 5 10 20 40 80 120 240 360 361 721 b
1 2 4 5 10 20 40 80 120 240 360 720 721 b
1 2 4 5 10 20 40 80 120 240 480 481 721 b
1 2 4 5 10 20 40 80 120 240 480 720 721 b
1 2 4 5 10 20 40 80 160 180 360 361 721 b
1 2 4 5 10 20 40 80 160 180 360 720 721 b
1 2 4 5 10 20 40 80 160 200 360 361 721 b
1 2 4 5 10 20 40 80 160 200 360 720 721 b
1 2 4 5 10 20 40 80 160 240 241 480 721 a
1 2 4 5 10 20 40 80 160 240 241 481 721 b
1 2 4 5 10 20 40 80 160 240 480 481 721 b
1 2 4 5 10 20 40 80 160 240 480 720 721 b
1 2 4 5 10 20 40 80 160 320 321 400 721 a
1 2 4 5 10 20 40 80 160 320 321 401 721 b
1 2 4 5 10 20 40 80 160 320 321 641 721 b
1 2 4 5 10 20 40 80 160 320 360 361 721 b
1 2 4 5 10 20 40 80 160 320 360 720 721 b
1 2 4 5 10 20 40 80 160 320 400 401 721 b
1 2 4 5 10 20 40 80 160 320 400 720 721 b
1 2 4 5 10 20 40 80 160 320 640 641 721 b
1 2 4 5 10 20 40 80 160 320 640 720 721 b
1 2 4 6 10 20 30 60 90 180 360 361 721 b
1 2 4 6 10 20 30 60 90 180 360 720 721 b
1 2 4 6 10 20 30 60 120 180 360 361 721 b
1 2 4 6 10 20 30 60 120 180 360 720 721 b
1 2 4 6 10 20 30 60 120 240 241 480 721 a
1 2 4 6 10 20 30 60 120 240 241 481 721 b
1 2 4 6 10 20 30 60 120 240 360 361 721 b
1 2 4 6 10 20 30 60 120 240 360 720 721 b
1 2 4 6 10 20 30 60 120 240 480 481 721 b
1 2 4 6 10 20 30 60 120 240 480 720 721 b
1 2 4 6 10 20 40 50 90 180 360 361 721 b
1 2 4 6 10 20 40 50 90 180 360 720 721 b
1 2 4 6 10 20 40 60 120 180 360 361 721 b
1 2 4 6 10 20 40 60 120 180 360 720 721 b
1 2 4 6 10 20 40 60 120 240 241 480 721 a
1 2 4 6 10 20 40 60 120 240 241 481 721 b
1 2 4 6 10 20 40 60 120 240 360 361 721 b
1 2 4 6 10 20 40 60 120 240 360 720 721 b
1 2 4 6 10 20 40 60 120 240 480 481 721 b
1 2 4 6 10 20 40 60 120 240 480 720 721 b
1 2 4 6 10 20 40 80 81 160 320 401 721 a
1 2 4 6 10 20 40 80 81 160 320 640 721 a
1 2 4 6 10 20 40 80 90 180 360 361 721 b
1 2 4 6 10 20 40 80 90 180 360 720 721 b
1 2 4 6 10 20 40 80 100 180 360 361 721 b
1 2 4 6 10 20 40 80 100 180 360 720 721 b
1 2 4 6 10 20 40 80 120 240 241 480 721 a
1 2 4 6 10 20 40 80 120 240 241 481 721 b
1 2 4 6 10 20 40 80 120 240 360 361 721 b
1 2 4 6 10 20 40 80 120 240 360 720 721 b
1 2 4 6 10 20 40 80 120 240 480 481 721 b
1 2 4 6 10 20 40 80 120 240 480 720 721 b
1 2 4 6 10 20 40 80 160 180 360 361 721 b
1 2 4 6 10 20 40 80 160 180 360 720 721 b
1 2 4 6 10 20 40 80 160 200 360 361 721 b
1 2 4 6 10 20 40 80 160 200 360 720 721 b
1 2 4 6 10 20 40 80 160 240 241 480 721 a
1 2 4 6 10 20 40 80 160 240 241 481 721 b
1 2 4 6 10 20 40 80 160 240 480 481 721 b
1 2 4 6 10 20 40 80 160 240 480 720 721 b
1 2 4 6 10 20 40 80 160 320 321 400 721 a
1 2 4 6 10 20 40 80 160 320 321 401 721 b
1 2 4 6 10 20 40 80 160 320 321 641 721 b
1 2 4 6 10 20 40 80 160 320 360 361 721 b
1 2 4 6 10 20 40 80 160 320 360 720 721 b
1 2 4 6 10 20 40 80 160 320 400 401 721 b
1 2 4 6 10 20 40 80 160 320 400 720 721 b
1 2 4 6 10 20 40 80 160 320 640 641 721 b
1 2 4 6 10 20 40 80 160 320 640 720 721 b
1 2 4 6 12 18 30 60 90 180 360 361 721 b
1 2 4 6 12 18 30 60 90 180 360 720 721 b
1 2 4 6 12 18 30 60 120 180 360 361 721 b
1 2 4 6 12 18 30 60 120 180 360 720 721 b
1 2 4 6 12 18 30 60 120 240 241 480 721 a
1 2 4 6 12 18 30 60 120 240 241 481 721 b
1 2 4 6 12 18 30 60 120 240 360 361 721 b
1 2 4 6 12 18 30 60 120 240 360 720 721 b
1 2 4 6 12 18 30 60 120 240 480 481 721 b
1 2 4 6 12 18 30 60 120 240 480 720 721 b
1 2 4 6 12 18 36 54 90 180 360 361 721 b
1 2 4 6 12 18 36 54 90 180 360 720 721 b
1 2 4 6 12 18 36 72 90 180 360 361 721 b
1 2 4 6 12 18 36 72 90 180 360 720 721 b
1 2 4 6 12 18 36 72 108 180 360 361 721 b
1 2 4 6 12 18 36 72 108 180 360 720 721 b
1 2 4 6 12 18 36 72 144 145 288 433 721 a
1 2 4 6 12 18 36 72 144 145 288 576 721 a
1 2 4 6 12 18 36 72 144 180 360 361 721 b
1 2 4 6 12 18 36 72 144 180 360 720 721 b
1 2 4 6 12 18 36 72 144 216 360 361 721 b
1 2 4 6 12 18 36 72 144 216 360 720 721 b
1 2 4 6 12 18 36 72 144 288 289 432 721 a
1 2 4 6 12 18 36 72 144 288 289 433 721 b
1 2 4 6 12 18 36 72 144 288 289 577 721 b
1 2 4 6 12 18 36 72 144 288 360 361 721 b
1 2 4 6 12 18 36 72 144 288 360 720 721 b
1 2 4 6 12 18 36 72 144 288 432 433 721 b
1 2 4 6 12 18 36 72 144 288 432 720 721 b
1 2 4 6 12 18 36 72 144 288 576 577 721 b
1 2 4 6 12 18 36 72 144 288 576 720 721 b
1 2 4 6 12 24 30 60 90 180 360 361 721 b
1 2 4 6 12 24 30 60 90 180 360 720 721 b
1 2 4 6 12 24 30 60 120 180 360 361 721 b
1 2 4 6 12 24 30 60 120 180 360 720 721 b
1 2 4 6 12 24 30 60 120 240 241 480 721 a
1 2 4 6 12 24 30 60 120 240 241 481 721 b
1 2 4 6 12 24 30 60 120 240 360 361 721 b
1 2 4 6 12 24 30 60 120 240 360 720 721 b
1 2 4 6 12 24 30 60 120 240 480 481 721 b
1 2 4 6 12 24 30 60 120 240 480 720 721 b
1 2 4 6 12 24 36 60 120 180 360 361 721 b
1 2 4 6 12 24 36 60 120 180 360 720 721 b
1 2 4 6 12 24 36 60 120 240 241 480 721 a
1 2 4 6 12 24 36 60 120 240 241 481 721 b
1 2 4 6 12 24 36 60 120 240 360 361 721 b
1 2 4 6 12 24 36 60 120 240 360 720 721 b
1 2 4 6 12 24 36 60 120 240 480 481 721 b
1 2 4 6 12 24 36 60 120 240 480 720 721 b
1 2 4 6 12 24 36 72 108 180 360 361 721 b
1 2 4 6 12 24 36 72 108 180 360 720 721 b
1 2 4 6 12 24 36 72 144 145 288 433 721 a
1 2 4 6 12 24 36 72 144 145 288 576 721 a
1 2 4 6 12 24 36 72 144 180 360 361 721 b
1 2 4 6 12 24 36 72 144 180 360 720 721 b
1 2 4 6 12 24 36 72 144 216 360 361 721 b
1 2 4 6 12 24 36 72 144 216 360 720 721 b
1 2 4 6 12 24 36 72 144 288 289 432 721 a
1 2 4 6 12 24 36 72 144 288 289 433 721 b
1 2 4 6 12 24 36 72 144 288 289 577 721 b
1 2 4 6 12 24 36 72 144 288 360 361 721 b
1 2 4 6 12 24 36 72 144 288 360 720 721 b
1 2 4 6 12 24 36 72 144 288 432 433 721 b
1 2 4 6 12 24 36 72 144 288 432 720 721 b
1 2 4 6 12 24 36 72 144 288 576 577 721 b
1 2 4 6 12 24 36 72 144 288 576 720 721 b
1 2 4 6 12 24 48 60 120 180 360 361 721 b
1 2 4 6 12 24 48 60 120 180 360 720 721 b
1 2 4 6 12 24 48 60 120 240 241 480 721 a
1 2 4 6 12 24 48 60 120 240 241 481 721 b
1 2 4 6 12 24 48 60 120 240 360 361 721 b
1 2 4 6 12 24 48 60 120 240 360 720 721 b
1 2 4 6 12 24 48 60 120 240 480 481 721 b
1 2 4 6 12 24 48 60 120 240 480 720 721 b
1 2 4 6 12 24 48 72 120 240 241 480 721 a
1 2 4 6 12 24 48 72 120 240 241 481 721 b
1 2 4 6 12 24 48 72 120 240 360 361 721 b
1 2 4 6 12 24 48 72 120 240 360 720 721 b
1 2 4 6 12 24 48 72 120 240 480 481 721 b
1 2 4 6 12 24 48 72 120 240 480 720 721 b
1 2 4 6 12 24 48 72 144 145 288 433 721 a
1 2 4 6 12 24 48 72 144 145 288 576 721 a
1 2 4 6 12 24 48 72 144 216 360 361 721 b
1 2 4 6 12 24 48 72 144 216 360 720 721 b
1 2 4 6 12 24 48 72 144 288 289 432 721 a
1 2 4 6 12 24 48 72 144 288 289 433 721 b
1 2 4 6 12 24 48 72 144 288 289 577 721 b
1 2 4 6 12 24 48 72 144 288 360 361 721 b
1 2 4 6 12 24 48 72 144 288 360 720 721 b
1 2 4 6 12 24 48 72 144 288 432 433 721 b
1 2 4 6 12 24 48 72 144 288 432 720 721 b
1 2 4 6 12 24 48 72 144 288 576 577 721 b
1 2 4 6 12 24 48 72 144 288 576 720 721 b
1 2 4 6 12 24 48 96 120 240 241 480 721 a
1 2 4 6 12 24 48 96 120 240 241 481 721 b
1 2 4 6 12 24 48 96 120 240 360 361 721 b
1 2 4 6 12 24 48 96 120 240 360 720 721 b
1 2 4 6 12 24 48 96 120 240 480 481 721 b
1 2 4 6 12 24 48 96 120 240 480 720 721 b
1 2 4 6 12 24 48 96 144 145 288 433 721 a
1 2 4 6 12 24 48 96 144 145 288 576 721 a
1 2 4 6 12 24 48 96 144 240 241 480 721 a
1 2 4 6 12 24 48 96 144 240 241 481 721 b
1 2 4 6 12 24 48 96 144 240 480 481 721 b
1 2 4 6 12 24 48 96 144 240 480 720 721 b
1 2 4 6 12 24 48 96 144 288 289 432 721 a
1 2 4 6 12 24 48 96 144 288 289 433 721 b
1 2 4 6 12 24 48 96 144 288 289 577 721 b
1 2 4 6 12 24 48 96 144 288 432 433 721 b
1 2 4 6 12 24 48 96 144 288 432 720 721 b
1 2 4 6 12 24 48 96 144 288 576 577 721 b
1 2 4 6 12 24 48 96 144 288 576 720 721 b
1 2 4 6 12 24 48 96 192 240 241 480 721 a
1 2 4 6 12 24 48 96 192 240 241 481 721 b
1 2 4 6 12 24 48 96 192 240 480 481 721 b
1 2 4 6 12 24 48 96 192 240 480 720 721 b
1 2 4 8 9 18 27 45 90 180 360 361 721 b
1 2 4 8 9 18 27 45 90 180 360 720 721 b
1 2 4 8 9 18 36 45 90 180 360 361 721 b
1 2 4 8 9 18 36 45 90 180 360 720 721 b
1 2 4 8 9 18 36 54 90 180 360 361 721 b
1 2 4 8 9 18 36 54 90 180 360 720 721 b
1 2 4 8 9 18 36 72 90 180 360 361 721 b
1 2 4 8 9 18 36 72 90 180 360 720 721 b
1 2 4 8 9 18 36 72 108 180 360 361 721 b
1 2 4 8 9 18 36 72 108 180 360 720 721 b
1 2 4 8 9 18 36 72 144 145 288 433 721 a
1 2 4 8 9 18 36 72 144 145 288 576 721 a
1 2 4 8 9 18 36 72 144 180 360 361 721 b
1 2 4 8 9 18 36 72 144 180 360 720 721 b
1 2 4 8 9 18 36 72 144 216 360 361 721 b
1 2 4 8 9 18 36 72 144 216 360 720 721 b
1 2 4 8 9 18 36 72 144 288 289 432 721 a
1 2 4 8 9 18 36 72 144 288 289 433 721 b
1 2 4 8 9 18 36 72 144 288 289 577 721 b
1 2 4 8 9 18 36 72 144 288 360 361 721 b
1 2 4 8 9 18 36 72 144 288 360 720 721 b
1 2 4 8 9 18 36 72 144 288 432 433 721 b
1 2 4 8 9 18 36 72 144 288 432 720 721 b
1 2 4 8 9 18 36 72 144 288 576 577 721 b
1 2 4 8 9 18 36 72 144 288 576 720 721 b
1 2 4 8 10 18 36 54 90 180 360 361 721 b
1 2 4 8 10 18 36 54 90 180 360 720 721 b
1 2 4 8 10 18 36 72 90 180 360 361 721 b
1 2 4 8 10 18 36 72 90 180 360 720 721 b
1 2 4 8 10 18 36 72 108 180 360 361 721 b
1 2 4 8 10 18 36 72 108 180 360 720 721 b
1 2 4 8 10 18 36 72 144 145 288 433 721 a
1 2 4 8 10 18 36 72 144 145 288 576 721 a
1 2 4 8 10 18 36 72 144 180 360 361 721 b
1 2 4 8 10 18 36 72 144 180 360 720 721 b
1 2 4 8 10 18 36 72 144 216 360 361 721 b
1 2 4 8 10 18 36 72 144 216 360 720 721 b
1 2 4 8 10 18 36 72 144 288 289 432 721 a
1 2 4 8 10 18 36 72 144 288 289 433 721 b
1 2 4 8 10 18 36 72 144 288 289 577 721 b
1 2 4 8 10 18 36 72 144 288 360 361 721 b
1 2 4 8 10 18 36 72 144 288 360 720 721 b
1 2 4 8 10 18 36 72 144 288 432 433 721 b
1 2 4 8 10 18 36 72 144 288 432 720 721 b
1 2 4 8 10 18 36 72 144 288 576 577 721 b
1 2 4 8 10 18 36 72 144 288 576 720 721 b
1 2 4 8 10 20 30 60 90 180 360 361 721 b
1 2 4 8 10 20 30 60 90 180 360 720 721 b
1 2 4 8 10 20 30 60 120 180 360 361 721 b
1 2 4 8 10 20 30 60 120 180 360 720 721 b
1 2 4 8 10 20 30 60 120 240 241 480 721 a
1 2 4 8 10 20 30 60 120 240 241 481 721 b
1 2 4 8 10 20 30 60 120 240 360 361 721 b
1 2 4 8 10 20 30 60 120 240 360 720 721 b
1 2 4 8 10 20 30 60 120 240 480 481 721 b
1 2 4 8 10 20 30 60 120 240 480 720 721 b
1 2 4 8 10 20 40 50 90 180 360 361 721 b
1 2 4 8 10 20 40 50 90 180 360 720 721 b
1 2 4 8 10 20 40 60 120 180 360 361 721 b
1 2 4 8 10 20 40 60 120 180 360 720 721 b
1 2 4 8 10 20 40 60 120 240 241 480 721 a
1 2 4 8 10 20 40 60 120 240 241 481 721 b
1 2 4 8 10 20 40 60 120 240 360 361 721 b
1 2 4 8 10 20 40 60 120 240 360 720 721 b
1 2 4 8 10 20 40 60 120 240 480 481 721 b
1 2 4 8 10 20 40 60 120 240 480 720 721 b
1 2 4 8 10 20 40 80 81 160 320 401 721 a
1 2 4 8 10 20 40 80 81 160 320 640 721 a
1 2 4 8 10 20 40 80 90 180 360 361 721 b
1 2 4 8 10 20 40 80 90 180 360 720 721 b
1 2 4 8 10 20 40 80 100 180 360 361 721 b
1 2 4 8 10 20 40 80 100 180 360 720 721 b
1 2 4 8 10 20 40 80 120 240 241 480 721 a
1 2 4 8 10 20 40 80 120 240 241 481 721 b
1 2 4 8 10 20 40 80 120 240 360 361 721 b
1 2 4 8 10 20 40 80 120 240 360 720 721 b
1 2 4 8 10 20 40 80 120 240 480 481 721 b
1 2 4 8 10 20 40 80 120 240 480 720 721 b
1 2 4 8 10 20 40 80 160 180 360 361 721 b
1 2 4 8 10 20 40 80 160 180 360 720 721 b
1 2 4 8 10 20 40 80 160 200 360 361 721 b
1 2 4 8 10 20 40 80 160 200 360 720 721 b
1 2 4 8 10 20 40 80 160 240 241 480 721 a
1 2 4 8 10 20 40 80 160 240 241 481 721 b
1 2 4 8 10 20 40 80 160 240 480 481 721 b
1 2 4 8 10 20 40 80 160 240 480 720 721 b
1 2 4 8 10 20 40 80 160 320 321 400 721 a
1 2 4 8 10 20 40 80 160 320 321 401 721 b
1 2 4 8 10 20 40 80 160 320 321 641 721 b
1 2 4 8 10 20 40 80 160 320 360 361 721 b
1 2 4 8 10 20 40 80 160 320 360 720 721 b
1 2 4 8 10 20 40 80 160 320 400 401 721 b
1 2 4 8 10 20 40 80 160 320 400 720 721 b
1 2 4 8 10 20 40 80 160 320 640 641 721 b
1 2 4 8 10 20 40 80 160 320 640 720 721 b
1 2 4 8 12 20 40 60 120 180 360 361 721 b
1 2 4 8 12 20 40 60 120 180 360 720 721 b
1 2 4 8 12 20 40 60 120 240 241 480 721 a
1 2 4 8 12 20 40 60 120 240 241 481 721 b
1 2 4 8 12 20 40 60 120 240 360 361 721 b
1 2 4 8 12 20 40 60 120 240 360 720 721 b
1 2 4 8 12 20 40 60 120 240 480 481 721 b
1 2 4 8 12 20 40 60 120 240 480 720 721 b
1 2 4 8 12 20 40 80 81 160 320 401 721 a
1 2 4 8 12 20 40 80 81 160 320 640 721 a
1 2 4 8 12 20 40 80 100 180 360 361 721 b
1 2 4 8 12 20 40 80 100 180 360 720 721 b
1 2 4 8 12 20 40 80 120 240 241 480 721 a
1 2 4 8 12 20 40 80 120 240 241 481 721 b
1 2 4 8 12 20 40 80 120 240 360 361 721 b
1 2 4 8 12 20 40 80 120 240 360 720 721 b
1 2 4 8 12 20 40 80 120 240 480 481 721 b
1 2 4 8 12 20 40 80 120 240 480 720 721 b
1 2 4 8 12 20 40 80 160 180 360 361 721 b
1 2 4 8 12 20 40 80 160 180 360 720 721 b
1 2 4 8 12 20 40 80 160 200 360 361 721 b
1 2 4 8 12 20 40 80 160 200 360 720 721 b
1 2 4 8 12 20 40 80 160 240 241 480 721 a
1 2 4 8 12 20 40 80 160 240 241 481 721 b
1 2 4 8 12 20 40 80 160 240 480 481 721 b
1 2 4 8 12 20 40 80 160 240 480 720 721 b
1 2 4 8 12 20 40 80 160 320 321 400 721 a
1 2 4 8 12 20 40 80 160 320 321 401 721 b
1 2 4 8 12 20 40 80 160 320 321 641 721 b
1 2 4 8 12 20 40 80 160 320 360 361 721 b
1 2 4 8 12 20 40 80 160 320 360 720 721 b
1 2 4 8 12 20 40 80 160 320 400 401 721 b
1 2 4 8 12 20 40 80 160 320 400 720 721 b
1 2 4 8 12 20 40 80 160 320 640 641 721 b
1 2 4 8 12 20 40 80 160 320 640 720 721 b
1 2 4 8 12 24 36 60 120 180 360 361 721 b
1 2 4 8 12 24 36 60 120 180 360 720 721 b
1 2 4 8 12 24 36 60 120 240 241 480 721 a
1 2 4 8 12 24 36 60 120 240 241 481 721 b
1 2 4 8 12 24 36 60 120 240 360 361 721 b
1 2 4 8 12 24 36 60 120 240 360 720 721 b
1 2 4 8 12 24 36 60 120 240 480 481 721 b
1 2 4 8 12 24 36 60 120 240 480 720 721 b
1 2 4 8 12 24 36 72 108 180 360 361 721 b
1 2 4 8 12 24 36 72 108 180 360 720 721 b
1 2 4 8 12 24 36 72 144 145 288 433 721 a
1 2 4 8 12 24 36 72 144 145 288 576 721 a
1 2 4 8 12 24 36 72 144 180 360 361 721 b
1 2 4 8 12 24 36 72 144 180 360 720 721 b
1 2 4 8 12 24 36 72 144 216 360 361 721 b
1 2 4 8 12 24 36 72 144 216 360 720 721 b
1 2 4 8 12 24 36 72 144 288 289 432 721 a
1 2 4 8 12 24 36 72 144 288 289 433 721 b
1 2 4 8 12 24 36 72 144 288 289 577 721 b
1 2 4 8 12 24 36 72 144 288 360 361 721 b
1 2 4 8 12 24 36 72 144 288 360 720 721 b
1 2 4 8 12 24 36 72 144 288 432 433 721 b
1 2 4 8 12 24 36 72 144 288 432 720 721 b
1 2 4 8 12 24 36 72 144 288 576 577 721 b
1 2 4 8 12 24 36 72 144 288 576 720 721 b
1 2 4 8 12 24 48 60 120 180 360 361 721 b
1 2 4 8 12 24 48 60 120 180 360 720 721 b
1 2 4 8 12 24 48 60 120 240 241 480 721 a
1 2 4 8 12 24 48 60 120 240 241 481 721 b
1 2 4 8 12 24 48 60 120 240 360 361 721 b
1 2 4 8 12 24 48 60 120 240 360 720 721 b
1 2 4 8 12 24 48 60 120 240 480 481 721 b
1 2 4 8 12 24 48 60 120 240 480 720 721 b
1 2 4 8 12 24 48 72 120 240 241 480 721 a
1 2 4 8 12 24 48 72 120 240 241 481 721 b
1 2 4 8 12 24 48 72 120 240 360 361 721 b
1 2 4 8 12 24 48 72 120 240 360 720 721 b
1 2 4 8 12 24 48 72 120 240 480 481 721 b
1 2 4 8 12 24 48 72 120 240 480 720 721 b
1 2 4 8 12 24 48 72 144 145 288 433 721 a
1 2 4 8 12 24 48 72 144 145 288 576 721 a
1 2 4 8 12 24 48 72 144 216 360 361 721 b
1 2 4 8 12 24 48 72 144 216 360 720 721 b
1 2 4 8 12 24 48 72 144 288 289 432 721 a
1 2 4 8 12 24 48 72 144 288 289 433 721 b
1 2 4 8 12 24 48 72 144 288 289 577 721 b
1 2 4 8 12 24 48 72 144 288 360 361 721 b
1 2 4 8 12 24 48 72 144 288 360 720 721 b
1 2 4 8 12 24 48 72 144 288 432 433 721 b
1 2 4 8 12 24 48 72 144 288 432 720 721 b
1 2 4 8 12 24 48 72 144 288 576 577 721 b
1 2 4 8 12 24 48 72 144 288 576 720 721 b
1 2 4 8 12 24 48 96 120 240 241 480 721 a
1 2 4 8 12 24 48 96 120 240 241 481 721 b
1 2 4 8 12 24 48 96 120 240 360 361 721 b
1 2 4 8 12 24 48 96 120 240 360 720 721 b
1 2 4 8 12 24 48 96 120 240 480 481 721 b
1 2 4 8 12 24 48 96 120 240 480 720 721 b
1 2 4 8 12 24 48 96 144 145 288 433 721 a
1 2 4 8 12 24 48 96 144 145 288 576 721 a
1 2 4 8 12 24 48 96 144 240 241 480 721 a
1 2 4 8 12 24 48 96 144 240 241 481 721 b
1 2 4 8 12 24 48 96 144 240 480 481 721 b
1 2 4 8 12 24 48 96 144 240 480 720 721 b
1 2 4 8 12 24 48 96 144 288 289 432 721 a
1 2 4 8 12 24 48 96 144 288 289 433 721 b
1 2 4 8 12 24 48 96 144 288 289 577 721 b
1 2 4 8 12 24 48 96 144 288 432 433 721 b
1 2 4 8 12 24 48 96 144 288 432 720 721 b
1 2 4 8 12 24 48 96 144 288 576 577 721 b
1 2 4 8 12 24 48 96 144 288 576 720 721 b
1 2 4 8 12 24 48 96 192 240 241 480 721 a
1 2 4 8 12 24 48 96 192 240 241 481 721 b
1 2 4 8 12 24 48 96 192 240 480 481 721 b
1 2 4 8 12 24 48 96 192 240 480 720 721 b
1 2 4 8 16 18 36 54 90 180 360 361 721 b
1 2 4 8 16 18 36 54 90 180 360 720 721 b
1 2 4 8 16 18 36 72 90 180 360 361 721 b
1 2 4 8 16 18 36 72 90 180 360 720 721 b
1 2 4 8 16 18 36 72 108 180 360 361 721 b
1 2 4 8 16 18 36 72 108 180 360 720 721 b
1 2 4 8 16 18 36 72 144 145 288 433 721 a
1 2 4 8 16 18 36 72 144 145 288 576 721 a
1 2 4 8 16 18 36 72 144 180 360 361 721 b
1 2 4 8 16 18 36 72 144 180 360 720 721 b
1 2 4 8 16 18 36 72 144 216 360 361 721 b
1 2 4 8 16 18 36 72 144 216 360 720 721 b
1 2 4 8 16 18 36 72 144 288 289 432 721 a
1 2 4 8 16 18 36 72 144 288 289 433 721 b
1 2 4 8 16 18 36 72 144 288 289 577 721 b
1 2 4 8 16 18 36 72 144 288 360 361 721 b
1 2 4 8 16 18 36 72 144 288 360 720 721 b
1 2 4 8 16 18 36 72 144 288 432 433 721 b
1 2 4 8 16 18 36 72 144 288 432 720 721 b
1 2 4 8 16 18 36 72 144 288 576 577 721 b
1 2 4 8 16 18 36 72 144 288 576 720 721 b
1 2 4 8 16 20 36 72 108 180 360 361 721 b
1 2 4 8 16 20 36 72 108 180 360 720 721 b
1 2 4 8 16 20 36 72 144 145 288 433 721 a
1 2 4 8 16 20 36 72 144 145 288 576 721 a
1 2 4 8 16 20 36 72 144 180 360 361 721 b
1 2 4 8 16 20 36 72 144 180 360 720 721 b
1 2 4 8 16 20 36 72 144 216 360 361 721 b
1 2 4 8 16 20 36 72 144 216 360 720 721 b
1 2 4 8 16 20 36 72 144 288 289 432 721 a
1 2 4 8 16 20 36 72 144 288 289 433 721 b
1 2 4 8 16 20 36 72 144 288 289 577 721 b
1 2 4 8 16 20 36 72 144 288 360 361 721 b
1 2 4 8 16 20 36 72 144 288 360 720 721 b
1 2 4 8 16 20 36 72 144 288 432 433 721 b
1 2 4 8 16 20 36 72 144 288 432 720 721 b
1 2 4 8 16 20 36 72 144 288 576 577 721 b
1 2 4 8 16 20 36 72 144 288 576 720 721 b
1 2 4 8 16 20 40 60 120 180 360 361 721 b
1 2 4 8 16 20 40 60 120 180 360 720 721 b
1 2 4 8 16 20 40 60 120 240 241 480 721 a
1 2 4 8 16 20 40 60 120 240 241 481 721 b
1 2 4 8 16 20 40 60 120 240 360 361 721 b
1 2 4 8 16 20 40 60 120 240 360 720 721 b
1 2 4 8 16 20 40 60 120 240 480 481 721 b
1 2 4 8 16 20 40 60 120 240 480 720 721 b
1 2 4 8 16 20 40 80 81 160 320 401 721 a
1 2 4 8 16 20 40 80 81 160 320 640 721 a
1 2 4 8 16 20 40 80 100 180 360 361 721 b
1 2 4 8 16 20 40 80 100 180 360 720 721 b
1 2 4 8 16 20 40 80 120 240 241 480 721 a
1 2 4 8 16 20 40 80 120 240 241 481 721 b
1 2 4 8 16 20 40 80 120 240 360 361 721 b
1 2 4 8 16 20 40 80 120 240 360 720 721 b
1 2 4 8 16 20 40 80 120 240 480 481 721 b
1 2 4 8 16 20 40 80 120 240 480 720 721 b
1 2 4 8 16 20 40 80 160 180 360 361 721 b
1 2 4 8 16 20 40 80 160 180 360 720 721 b
1 2 4 8 16 20 40 80 160 200 360 361 721 b
1 2 4 8 16 20 40 80 160 200 360 720 721 b
1 2 4 8 16 20 40 80 160 240 241 480 721 a
1 2 4 8 16 20 40 80 160 240 241 481 721 b
1 2 4 8 16 20 40 80 160 240 480 481 721 b
1 2 4 8 16 20 40 80 160 240 480 720 721 b
1 2 4 8 16 20 40 80 160 320 321 400 721 a
1 2 4 8 16 20 40 80 160 320 321 401 721 b
1 2 4 8 16 20 40 80 160 320 321 641 721 b
1 2 4 8 16 20 40 80 160 320 360 361 721 b
1 2 4 8 16 20 40 80 160 320 360 720 721 b
1 2 4 8 16 20 40 80 160 320 400 401 721 b
1 2 4 8 16 20 40 80 160 320 400 720 721 b
1 2 4 8 16 20 40 80 160 320 640 641 721 b
1 2 4 8 16 20 40 80 160 320 640 720 721 b
1 2 4 8 16 24 40 80 81 160 320 401 721 a
1 2 4 8 16 24 40 80 81 160 320 640 721 a
1 2 4 8 16 24 40 80 120 240 241 480 721 a
1 2 4 8 16 24 40 80 120 240 241 481 721 b
1 2 4 8 16 24 40 80 120 240 360 361 721 b
1 2 4 8 16 24 40 80 120 240 360 720 721 b
1 2 4 8 16 24 40 80 120 240 480 481 721 b
1 2 4 8 16 24 40 80 120 240 480 720 721 b
1 2 4 8 16 24 40 80 160 200 360 361 721 b
1 2 4 8 16 24 40 80 160 200 360 720 721 b
1 2 4 8 16 24 40 80 160 240 241 480 721 a
1 2 4 8 16 24 40 80 160 240 241 481 721 b
1 2 4 8 16 24 40 80 160 240 480 481 721 b
1 2 4 8 16 24 40 80 160 240 480 720 721 b
1 2 4 8 16 24 40 80 160 320 321 400 721 a
1 2 4 8 16 24 40 80 160 320 321 401 721 b
1 2 4 8 16 24 40 80 160 320 321 641 721 b
1 2 4 8 16 24 40 80 160 320 360 361 721 b
1 2 4 8 16 24 40 80 160 320 360 720 721 b
1 2 4 8 16 24 40 80 160 320 400 401 721 b
1 2 4 8 16 24 40 80 160 320 400 720 721 b
1 2 4 8 16 24 40 80 160 320 640 641 721 b
1 2 4 8 16 24 40 80 160 320 640 720 721 b
1 2 4 8 16 24 48 72 120 240 241 480 721 a
1 2 4 8 16 24 48 72 120 240 241 481 721 b
1 2 4 8 16 24 48 72 120 240 360 361 721 b
1 2 4 8 16 24 48 72 120 240 360 720 721 b
1 2 4 8 16 24 48 72 120 240 480 481 721 b
1 2 4 8 16 24 48 72 120 240 480 720 721 b
1 2 4 8 16 24 48 72 144 145 288 433 721 a
1 2 4 8 16 24 48 72 144 145 288 576 721 a
1 2 4 8 16 24 48 72 144 216 360 361 721 b
1 2 4 8 16 24 48 72 144 216 360 720 721 b
1 2 4 8 16 24 48 72 144 288 289 432 721 a
1 2 4 8 16 24 48 72 144 288 289 433 721 b
1 2 4 8 16 24 48 72 144 288 289 577 721 b
1 2 4 8 16 24 48 72 144 288 360 361 721 b
1 2 4 8 16 24 48 72 144 288 360 720 721 b
1 2 4 8 16 24 48 72 144 288 432 433 721 b
1 2 4 8 16 24 48 72 144 288 432 720 721 b
1 2 4 8 16 24 48 72 144 288 576 577 721 b
1 2 4 8 16 24 48 72 144 288 576 720 721 b
1 2 4 8 16 24 48 96 120 240 241 480 721 a
1 2 4 8 16 24 48 96 120 240 241 481 721 b
1 2 4 8 16 24 48 96 120 240 360 361 721 b
1 2 4 8 16 24 48 96 120 240 360 720 721 b
1 2 4 8 16 24 48 96 120 240 480 481 721 b
1 2 4 8 16 24 48 96 120 240 480 720 721 b
1 2 4 8 16 24 48 96 144 145 288 433 721 a
1 2 4 8 16 24 48 96 144 145 288 576 721 a
1 2 4 8 16 24 48 96 144 240 241 480 721 a
1 2 4 8 16 24 48 96 144 240 241 481 721 b
1 2 4 8 16 24 48 96 144 240 480 481 721 b
1 2 4 8 16 24 48 96 144 240 480 720 721 b
1 2 4 8 16 24 48 96 144 288 289 432 721 a
1 2 4 8 16 24 48 96 144 288 289 433 721 b
1 2 4 8 16 24 48 96 144 288 289 577 721 b
1 2 4 8 16 24 48 96 144 288 432 433 721 b
1 2 4 8 16 24 48 96 144 288 432 720 721 b
1 2 4 8 16 24 48 96 144 288 576 577 721 b
1 2 4 8 16 24 48 96 144 288 576 720 721 b
1 2 4 8 16 24 48 96 192 240 241 480 721 a
1 2 4 8 16 24 48 96 192 240 241 481 721 b
1 2 4 8 16 24 48 96 192 240 480 481 721 b
1 2 4 8 16 24 48 96 192 240 480 720 721 b
1 2 4 8 16 32 36 72 108 180 360 361 721 b
1 2 4 8 16 32 36 72 108 180 360 720 721 b
1 2 4 8 16 32 36 72 144 145 288 433 721 a
1 2 4 8 16 32 36 72 144 145 288 576 721 a
1 2 4 8 16 32 36 72 144 180 360 361 721 b
1 2 4 8 16 32 36 72 144 180 360 720 721 b
1 2 4 8 16 32 36 72 144 216 360 361 721 b
1 2 4 8 16 32 36 72 144 216 360 720 721 b
1 2 4 8 16 32 36 72 144 288 289 432 721 a
1 2 4 8 16 32 36 72 144 288 289 433 721 b
1 2 4 8 16 32 36 72 144 288 289 577 721 b
1 2 4 8 16 32 36 72 144 288 360 361 721 b
1 2 4 8 16 32 36 72 144 288 360 720 721 b
1 2 4 8 16 32 36 72 144 288 432 433 721 b
1 2 4 8 16 32 36 72 144 288 432 720 721 b
1 2 4 8 16 32 36 72 144 288 576 577 721 b
1 2 4 8 16 32 36 72 144 288 576 720 721 b
1 2 4 8 16 32 40 72 144 145 288 433 721 a
1 2 4 8 16 32 40 72 144 145 288 576 721 a
1 2 4 8 16 32 40 72 144 216 360 361 721 b
1 2 4 8 16 32 40 72 144 216 360 720 721 b
1 2 4 8 16 32 40 72 144 288 289 432 721 a
1 2 4 8 16 32 40 72 144 288 289 433 721 b
1 2 4 8 16 32 40 72 144 288 289 577 721 b
1 2 4 8 16 32 40 72 144 288 360 361 721 b
1 2 4 8 16 32 40 72 144 288 360 720 721 b
1 2 4 8 16 32 40 72 144 288 432 433 721 b
1 2 4 8 16 32 40 72 144 288 432 720 721 b
1 2 4 8 16 32 40 72 144 288 576 577 721 b
1 2 4 8 16 32 40 72 144 288 576 720 721 b
1 2 4 8 16 32 40 80 81 160 320 401 721 a
1 2 4 8 16 32 40 80 81 160 320 640 721 a
1 2 4 8 16 32 40 80 120 240 241 480 721 a
1 2 4 8 16 32 40 80 120 240 241 481 721 b
1 2 4 8 16 32 40 80 120 240 360 361 721 b
1 2 4 8 16 32 40 80 120 240 360 720 721 b
1 2 4 8 16 32 40 80 120 240 480 481 721 b
1 2 4 8 16 32 40 80 120 240 480 720 721 b
1 2 4 8 16 32 40 80 160 200 360 361 721 b
1 2 4 8 16 32 40 80 160 200 360 720 721 b
1 2 4 8 16 32 40 80 160 240 241 480 721 a
1 2 4 8 16 32 40 80 160 240 241 481 721 b
1 2 4 8 16 32 40 80 160 240 480 481 721 b
1 2 4 8 16 32 40 80 160 240 480 720 721 b
1 2 4 8 16 32 40 80 160 320 321 400 721 a
1 2 4 8 16 32 40 80 160 320 321 401 721 b
1 2 4 8 16 32 40 80 160 320 321 641 721 b
1 2 4 8 16 32 40 80 160 320 360 361 721 b
1 2 4 8 16 32 40 80 160 320 360 720 721 b
1 2 4 8 16 32 40 80 160 320 400 401 721 b
1 2 4 8 16 32 40 80 160 320 400 720 721 b
1 2 4 8 16 32 40 80 160 320 640 641 721 b
1 2 4 8 16 32 40 80 160 320 640 720 721 b
1 2 4 8 16 32 48 80 81 160 320 401 721 a
1 2 4 8 16 32 48 80 81 160 320 640 721 a
1 2 4 8 16 32 48 80 160 240 241 480 721 a
1 2 4 8 16 32 48 80 160 240 241 481 721 b
1 2 4 8 16 32 48 80 160 240 480 481 721 b
1 2 4 8 16 32 48 80 160 240 480 720 721 b
1 2 4 8 16 32 48 80 160 320 321 400 721 a
1 2 4 8 16 32 48 80 160 320 321 401 721 b
1 2 4 8 16 32 48 80 160 320 321 641 721 b
1 2 4 8 16 32 48 80 160 320 400 401 721 b
1 2 4 8 16 32 48 80 160 320 400 720 721 b
1 2 4 8 16 32 48 80 160 320 640 641 721 b
1 2 4 8 16 32 48 80 160 320 640 720 721 b
1 2 4 8 16 32 48 96 144 145 288 433 721 a
1 2 4 8 16 32 48 96 144 145 288 576 721 a
1 2 4 8 16 32 48 96 144 240 241 480 721 a
1 2 4 8 16 32 48 96 144 240 241 481 721 b
1 2 4 8 16 32 48 96 144 240 480 481 721 b
1 2 4 8 16 32 48 96 144 240 480 720 721 b
1 2 4 8 16 32 48 96 144 288 289 432 721 a
1 2 4 8 16 32 48 96 144 288 289 433 721 b
1 2 4 8 16 32 48 96 144 288 289 577 721 b
1 2 4 8 16 32 48 96 144 288 432 433 721 b
1 2 4 8 16 32 48 96 144 288 432 720 721 b
1 2 4 8 16 32 48 96 144 288 576 577 721 b
1 2 4 8 16 32 48 96 144 288 576 720 721 b
1 2 4 8 16 32 48 96 192 240 241 480 721 a
1 2 4 8 16 32 48 96 192 240 241 481 721 b
1 2 4 8 16 32 48 96 192 240 480 481 721 b
1 2 4 8 16 32 48 96 192 240 480 720 721 b
1 2 4 8 16 32 64 72 144 145 288 433 721 a
1 2 4 8 16 32 64 72 144 145 288 576 721 a
1 2 4 8 16 32 64 72 144 216 360 361 721 b
1 2 4 8 16 32 64 72 144 216 360 720 721 b
1 2 4 8 16 32 64 72 144 288 289 432 721 a
1 2 4 8 16 32 64 72 144 288 289 433 721 b
1 2 4 8 16 32 64 72 144 288 289 577 721 b
1 2 4 8 16 32 64 72 144 288 360 361 721 b
1 2 4 8 16 32 64 72 144 288 360 720 721 b
1 2 4 8 16 32 64 72 144 288 432 433 721 b
1 2 4 8 16 32 64 72 144 288 432 720 721 b
1 2 4 8 16 32 64 72 144 288 576 577 721 b
1 2 4 8 16 32 64 72 144 288 576 720 721 b
1 2 4 8 16 32 64 80 81 160 320 401 721 a
1 2 4 8 16 32 64 80 81 160 320 640 721 a
1 2 4 8 16 32 64 80 144 145 288 433 721 a
1 2 4 8 16 32 64 80 144 145 288 576 721 a
1 2 4 8 16 32 64 80 144 288 289 432 721 a
1 2 4 8 16 32 64 80 144 288 289 433 721 b
1 2 4 8 16 32 64 80 144 288 289 577 721 b
1 2 4 8 16 32 64 80 144 288 432 433 721 b
1 2 4 8 16 32 64 80 144 288 432 720 721 b
1 2 4 8 16 32 64 80 144 288 576 577 721 b
1 2 4 8 16 32 64 80 144 288 576 720 721 b
1 2 4 8 16 32 64 80 160 240 241 480 721 a
1 2 4 8 16 32 64 80 160 240 241 481 721 b
1 2 4 8 16 32 64 80 160 240 480 481 721 b
1 2 4 8 16 32 64 80 160 240 480 720 721 b
1 2 4 8 16 32 64 80 160 320 321 400 721 a
1 2 4 8 16 32 64 80 160 320 321 401 721 b
1 2 4 8 16 32 64 80 160 320 321 641 721 b
1 2 4 8 16 32 64 80 160 320 400 401 721 b
1 2 4 8 16 32 64 80 160 320 400 720 721 b
1 2 4 8 16 32 64 80 160 320 640 641 721 b
1 2 4 8 16 32 64 80 160 320 640 720 721 b
1 2 4 8 16 32 64 128 144 145 288 433 721 a
1 2 4 8 16 32 64 128 144 145 288 576 721 a
1 2 4 8 16 32 64 128 144 288 289 432 721 a
1 2 4 8 16 32 64 128 144 288 289 433 721 b
1 2 4 8 16 32 64 128 144 288 289 577 721 b
1 2 4 8 16 32 64 128 144 288 432 433 721 b
1 2 4 8 16 32 64 128 144 288 432 720 721 b
1 2 4 8 16 32 64 128 144 288 576 577 721 b
1 2 4 8 16 32 64 128 144 288 576 720 721 b
