1 2 3 6 9 11 22 44 88 176 352 361 713 b
1 2 3 6 9 11 22 44 88 176 352 704 713 b
1 2 4 5 9 11 22 44 88 176 352 361 713 b
1 2 4 5 9 11 22 44 88 176 352 704 713 b
1 2 4 5 9 13 22 44 88 176 352 361 713 b
1 2 4 5 9 13 22 44 88 176 352 704 713 b
1 2 4 5 9 18 22 44 88 176 352 361 713 b
1 2 4 5 9 18 22 44 88 176 352 704 713 b
1 2 4 8 9 11 22 44 88 176 352 361 713 b
1 2 4 8 9 11 22 44 88 176 352 704 713 b
1 2 4 8 9 13 22 44 88 176 352 361 713 b
1 2 4 8 9 13 22 44 88 176 352 704 713 b
1 2 4 8 9 18 22 44 88 176 352 361 713 b
1 2 4 8 9 18 22 44 88 176 352 704 713 b
1 2 4 8 9 18 26 44 88 176 352 361 713 b
1 2 4 8 9 18 26 44 88 176 352 704 713 b
1 2 4 8 9 18 36 44 88 176 352 361 713 b
1 2 4 8 9 18 36 44 88 176 352 704 713 b
1 2 4 8 16 32 33 65 81 162 324 389 713 b
1 2 4 8 16 32 33 65 81 162 324 648 713 b
1 2 4 8 16 32 33 65 97 162 324 389 713 b
1 2 4 8 16 32 33 65 97 162 324 648 713 b
1 2 4 8 16 32 33 65 130 162 324 389 713 b
1 2 4 8 16 32 33 65 130 162 324 648 713 b
1 2 4 8 16 32 64 65 81 162 324 389 713 b
1 2 4 8 16 32 64 65 81 162 324 648 713 b
1 2 4 8 16 32 64 65 97 162 324 389 713 b
1 2 4 8 16 32 64 65 97 162 324 648 713 b
1 2 4 8 16 32 64 65 130 162 324 389 713 b
1 2 4 8 16 32 64 65 130 162 324 648 713 b
1 2 4 8 16 32 64 65 130 194 324 389 713 b
1 2 4 8 16 32 64 65 130 194 324 648 713 b
1 2 4 8 16 32 64 65 130 195 259 454 713 b
1 2 4 8 16 32 64 65 130 195 259 518 713 b
1 2 4 8 16 32 64 65 130 260 324 389 713 b
1 2 4 8 16 32 64 65 130 260 324 648 713 b
