1 2 3 4 7 11 22 44 88 176 352 353 705 b
1 2 3 4 7 11 22 44 88 176 352 704 705 b
1 2 3 4 8 11 22 44 88 176 352 353 705 b
1 2 3 4 8 11 22 44 88 176 352 704 705 b
1 2 3 5 6 11 22 44 88 176 352 353 705 b
1 2 3 5 6 11 22 44 88 176 352 704 705 b
1 2 3 5 8 11 22 44 88 176 352 353 705 b
1 2 3 5 8 11 22 44 88 176 352 704 705 b
1 2 3 5 10 11 22 44 88 176 352 353 705 b
1 2 3 5 10 11 22 44 88 176 352 704 705 b
1 2 3 5 10 12 22 44 88 176 352 353 705 b
1 2 3 5 10 12 22 44 88 176 352 704 705 b
1 2 3 5 10 20 22 44 88 176 352 353 705 b
1 2 3 5 10 20 22 44 88 176 352 704 705 b
1 2 3 6 8 11 22 44 88 176 352 353 705 b
1 2 3 6 8 11 22 44 88 176 352 704 705 b
1 2 3 6 8 14 22 44 88 176 352 353 705 b
1 2 3 6 8 14 22 44 88 176 352 704 705 b
1 2 3 6 8 16 22 44 88 176 352 353 705 b
1 2 3 6 8 16 22 44 88 176 352 704 705 b
1 2 3 6 9 11 22 44 88 176 352 353 705 b
1 2 3 6 9 11 22 44 88 176 352 704 705 b
1 2 4 5 6 11 22 44 88 176 352 353 705 b
1 2 4 5 6 11 22 44 88 176 352 704 705 b
1 2 4 5 7 11 22 44 88 176 352 353 705 b
1 2 4 5 7 11 22 44 88 176 352 704 705 b
1 2 4 5 9 11 22 44 88 176 352 353 705 b
1 2 4 5 9 11 22 44 88 176 352 704 705 b
1 2 4 5 9 13 22 44 88 176 352 353 705 b
1 2 4 5 9 13 22 44 88 176 352 704 705 b
1 2 4 5 9 18 22 44 88 176 352 353 705 b
1 2 4 5 9 18 22 44 88 176 352 704 705 b
1 2 4 5 10 11 22 44 88 176 352 353 705 b
1 2 4 5 10 11 22 44 88 176 352 704 705 b
1 2 4 5 10 12 22 44 88 176 352 353 705 b
1 2 4 5 10 12 22 44 88 176 352 704 705 b
1 2 4 5 10 20 22 44 88 176 352 353 705 b
1 2 4 5 10 20 22 44 88 176 352 704 705 b
1 2 4 5 10 20 24 44 88 176 352 353 705 b
1 2 4 5 10 20 24 44 88 176 352 704 705 b
1 2 4 5 10 20 40 44 88 176 352 353 705 b
1 2 4 5 10 20 40 44 88 176 352 704 705 b
1 2 4 6 7 11 22 44 88 176 352 353 705 b
1 2 4 6 7 11 22 44 88 176 352 704 705 b
1 2 4 6 8 14 22 44 88 176 352 353 705 b
1 2 4 6 8 14 22 44 88 176 352 704 705 b
1 2 4 6 8 16 22 44 88 176 352 353 705 b
1 2 4 6 8 16 22 44 88 176 352 704 705 b
1 2 4 6 10 11 22 44 88 176 352 353 705 b
1 2 4 6 10 11 22 44 88 176 352 704 705 b
1 2 4 6 10 12 22 44 88 176 352 353 705 b
1 2 4 6 10 12 22 44 88 176 352 704 705 b
1 2 4 6 10 16 22 44 88 176 352 353 705 b
1 2 4 6 10 16 22 44 88 176 352 704 705 b
1 2 4 6 10 20 22 44 88 176 352 353 705 b
1 2 4 6 10 20 22 44 88 176 352 704 705 b
1 2 4 6 10 20 24 44 88 176 352 353 705 b
1 2 4 6 10 20 24 44 88 176 352 704 705 b
1 2 4 6 10 20 40 44 88 176 352 353 705 b
1 2 4 6 10 20 40 44 88 176 352 704 705 b
1 2 4 6 12 16 22 44 88 176 352 353 705 b
1 2 4 6 12 16 22 44 88 176 352 704 705 b
1 2 4 6 12 16 28 44 88 176 352 353 705 b
1 2 4 6 12 16 28 44 88 176 352 704 705 b
1 2 4 6 12 16 32 44 88 176 352 353 705 b
1 2 4 6 12 16 32 44 88 176 352 704 705 b
1 2 4 6 12 18 22 44 88 176 352 353 705 b
1 2 4 6 12 18 22 44 88 176 352 704 705 b
1 2 4 8 9 11 22 44 88 176 352 353 705 b
1 2 4 8 9 11 22 44 88 176 352 704 705 b
1 2 4 8 9 13 22 44 88 176 352 353 705 b
1 2 4 8 9 13 22 44 88 176 352 704 705 b
1 2 4 8 9 17 26 43 86 172 344 361 705 b
1 2 4 8 9 17 26 43 86 172 344 688 705 b
1 2 4 8 9 17 34 43 86 172 344 361 705 b
1 2 4 8 9 17 34 43 86 172 344 688 705 b
1 2 4 8 9 18 22 44 88 176 352 353 705 b
1 2 4 8 9 18 22 44 88 176 352 704 705 b
1 2 4 8 9 18 26 44 88 176 352 353 705 b
1 2 4 8 9 18 26 44 88 176 352 704 705 b
1 2 4 8 9 18 36 44 88 176 352 353 705 b
1 2 4 8 9 18 36 44 88 176 352 704 705 b
1 2 4 8 10 11 22 44 88 176 352 353 705 b
1 2 4 8 10 11 22 44 88 176 352 704 705 b
1 2 4 8 10 12 22 44 88 176 352 353 705 b
1 2 4 8 10 12 22 44 88 176 352 704 705 b
1 2 4 8 10 14 22 44 88 176 352 353 705 b
1 2 4 8 10 14 22 44 88 176 352 704 705 b
1 2 4 8 10 18 22 44 88 176 352 353 705 b
1 2 4 8 10 18 22 44 88 176 352 704 705 b
1 2 4 8 10 18 26 44 88 176 352 353 705 b
1 2 4 8 10 18 26 44 88 176 352 704 705 b
1 2 4 8 10 18 36 44 88 176 352 353 705 b
1 2 4 8 10 18 36 44 88 176 352 704 705 b
1 2 4 8 10 20 22 44 88 176 352 353 705 b
1 2 4 8 10 20 22 44 88 176 352 704 705 b
1 2 4 8 10 20 24 44 88 176 352 353 705 b
1 2 4 8 10 20 24 44 88 176 352 704 705 b
1 2 4 8 10 20 40 44 88 176 352 353 705 b
1 2 4 8 10 20 40 44 88 176 352 704 705 b
1 2 4 8 10 20 40 48 88 176 352 353 705 b
1 2 4 8 10 20 40 48 88 176 352 704 705 b
1 2 4 8 10 20 40 80 88 176 352 353 705 b
1 2 4 8 10 20 40 80 88 176 352 704 705 b
1 2 4 8 12 14 22 44 88 176 352 353 705 b
1 2 4 8 12 14 22 44 88 176 352 704 705 b
1 2 4 8 12 16 28 44 88 176 352 353 705 b
1 2 4 8 12 16 28 44 88 176 352 704 705 b
1 2 4 8 12 16 32 44 88 176 352 353 705 b
1 2 4 8 12 16 32 44 88 176 352 704 705 b
1 2 4 8 12 20 22 44 88 176 352 353 705 b
1 2 4 8 12 20 22 44 88 176 352 704 705 b
1 2 4 8 12 20 24 44 88 176 352 353 705 b
1 2 4 8 12 20 24 44 88 176 352 704 705 b
1 2 4 8 12 20 32 44 88 176 352 353 705 b
1 2 4 8 12 20 32 44 88 176 352 704 705 b
1 2 4 8 12 20 40 44 88 176 352 353 705 b
1 2 4 8 12 20 40 44 88 176 352 704 705 b
1 2 4 8 12 20 40 48 88 176 352 353 705 b
1 2 4 8 12 20 40 48 88 176 352 704 705 b
1 2 4 8 12 20 40 80 88 176 352 353 705 b
1 2 4 8 12 20 40 80 88 176 352 704 705 b
1 2 4 8 12 24 32 44 88 176 352 353 705 b
1 2 4 8 12 24 32 44 88 176 352 704 705 b
1 2 4 8 12 24 32 56 88 176 352 353 705 b
1 2 4 8 12 24 32 56 88 176 352 704 705 b
1 2 4 8 12 24 32 64 88 176 352 353 705 b
1 2 4 8 12 24 32 64 88 176 352 704 705 b
1 2 4 8 12 24 36 44 88 176 352 353 705 b
1 2 4 8 12 24 36 44 88 176 352 704 705 b
1 2 4 8 16 17 33 49 82 164 328 377 705 b
1 2 4 8 16 17 33 49 82 164 328 656 705 b
1 2 4 8 16 18 22 44 88 176 352 353 705 b
1 2 4 8 16 18 22 44 88 176 352 704 705 b
1 2 4 8 16 18 26 44 88 176 352 353 705 b
1 2 4 8 16 18 26 44 88 176 352 704 705 b
1 2 4 8 16 18 36 44 88 176 352 353 705 b
1 2 4 8 16 18 36 44 88 176 352 704 705 b
1 2 4 8 16 18 36 52 88 176 352 353 705 b
1 2 4 8 16 18 36 52 88 176 352 704 705 b
1 2 4 8 16 18 36 72 88 176 352 353 705 b
1 2 4 8 16 18 36 72 88 176 352 704 705 b
1 2 4 8 16 20 22 44 88 176 352 353 705 b
1 2 4 8 16 20 22 44 88 176 352 704 705 b
1 2 4 8 16 20 24 44 88 176 352 353 705 b
1 2 4 8 16 20 24 44 88 176 352 704 705 b
1 2 4 8 16 20 28 44 88 176 352 353 705 b
1 2 4 8 16 20 28 44 88 176 352 704 705 b
1 2 4 8 16 20 36 44 88 176 352 353 705 b
1 2 4 8 16 20 36 44 88 176 352 704 705 b
1 2 4 8 16 20 36 52 88 176 352 353 705 b
1 2 4 8 16 20 36 52 88 176 352 704 705 b
1 2 4 8 16 20 36 72 88 176 352 353 705 b
1 2 4 8 16 20 36 72 88 176 352 704 705 b
1 2 4 8 16 20 40 44 88 176 352 353 705 b
1 2 4 8 16 20 40 44 88 176 352 704 705 b
1 2 4 8 16 20 40 48 88 176 352 353 705 b
1 2 4 8 16 20 40 48 88 176 352 704 705 b
1 2 4 8 16 20 40 80 88 176 352 353 705 b
1 2 4 8 16 20 40 80 88 176 352 704 705 b
1 2 4 8 16 20 40 80 96 176 352 353 705 b
1 2 4 8 16 20 40 80 96 176 352 704 705 b
1 2 4 8 16 20 40 80 160 176 352 353 705 b
1 2 4 8 16 20 40 80 160 176 352 704 705 b
1 2 4 8 16 24 28 44 88 176 352 353 705 b
1 2 4 8 16 24 28 44 88 176 352 704 705 b
1 2 4 8 16 24 32 56 88 176 352 353 705 b
1 2 4 8 16 24 32 56 88 176 352 704 705 b
1 2 4 8 16 24 32 64 88 176 352 353 705 b
1 2 4 8 16 24 32 64 88 176 352 704 705 b
1 2 4 8 16 24 40 44 88 176 352 353 705 b
1 2 4 8 16 24 40 44 88 176 352 704 705 b
1 2 4 8 16 24 40 48 88 176 352 353 705 b
1 2 4 8 16 24 40 48 88 176 352 704 705 b
1 2 4 8 16 24 40 64 88 176 352 353 705 b
1 2 4 8 16 24 40 64 88 176 352 704 705 b
1 2 4 8 16 24 40 80 88 176 352 353 705 b
1 2 4 8 16 24 40 80 88 176 352 704 705 b
1 2 4 8 16 24 40 80 96 176 352 353 705 b
1 2 4 8 16 24 40 80 96 176 352 704 705 b
1 2 4 8 16 24 40 80 160 176 352 353 705 b
1 2 4 8 16 24 40 80 160 176 352 704 705 b
1 2 4 8 16 24 48 64 88 176 352 353 705 b
1 2 4 8 16 24 48 64 88 176 352 704 705 b
1 2 4 8 16 24 48 64 112 176 352 353 705 b
1 2 4 8 16 24 48 64 112 176 352 704 705 b
1 2 4 8 16 24 48 64 128 176 352 353 705 b
1 2 4 8 16 24 48 64 128 176 352 704 705 b
1 2 4 8 16 24 48 72 88 176 352 353 705 b
1 2 4 8 16 24 48 72 88 176 352 704 705 b
1 2 4 8 16 32 33 49 82 164 328 377 705 b
1 2 4 8 16 32 33 49 82 164 328 656 705 b
1 2 4 8 16 32 36 44 88 176 352 353 705 b
1 2 4 8 16 32 36 44 88 176 352 704 705 b
1 2 4 8 16 32 36 52 88 176 352 353 705 b
1 2 4 8 16 32 36 52 88 176 352 704 705 b
1 2 4 8 16 32 36 72 88 176 352 353 705 b
1 2 4 8 16 32 36 72 88 176 352 704 705 b
1 2 4 8 16 32 36 72 104 176 352 353 705 b
1 2 4 8 16 32 36 72 104 176 352 704 705 b
1 2 4 8 16 32 36 72 144 176 352 353 705 b
1 2 4 8 16 32 36 72 144 176 352 704 705 b
1 2 4 8 16 32 40 44 88 176 352 353 705 b
1 2 4 8 16 32 40 44 88 176 352 704 705 b
1 2 4 8 16 32 40 48 88 176 352 353 705 b
1 2 4 8 16 32 40 48 88 176 352 704 705 b
1 2 4 8 16 32 40 56 88 176 352 353 705 b
1 2 4 8 16 32 40 56 88 176 352 704 705 b
1 2 4 8 16 32 40 72 88 176 352 353 705 b
1 2 4 8 16 32 40 72 88 176 352 704 705 b
1 2 4 8 16 32 40 72 104 176 352 353 705 b
1 2 4 8 16 32 40 72 104 176 352 704 705 b
1 2 4 8 16 32 40 72 144 176 352 353 705 b
1 2 4 8 16 32 40 72 144 176 352 704 705 b
1 2 4 8 16 32 40 80 88 176 352 353 705 b
1 2 4 8 16 32 40 80 88 176 352 704 705 b
1 2 4 8 16 32 40 80 96 176 352 353 705 b
1 2 4 8 16 32 40 80 96 176 352 704 705 b
1 2 4 8 16 32 40 80 160 176 352 353 705 b
1 2 4 8 16 32 40 80 160 176 352 704 705 b
1 2 4 8 16 32 40 80 160 192 352 353 705 b
1 2 4 8 16 32 40 80 160 192 352 704 705 b
1 2 4 8 16 32 40 80 160 320 352 353 705 b
1 2 4 8 16 32 40 80 160 320 352 704 705 b
1 2 4 8 16 32 48 56 88 176 352 353 705 b
1 2 4 8 16 32 48 56 88 176 352 704 705 b
1 2 4 8 16 32 48 64 112 176 352 353 705 b
1 2 4 8 16 32 48 64 112 176 352 704 705 b
1 2 4 8 16 32 48 64 128 176 352 353 705 b
1 2 4 8 16 32 48 64 128 176 352 704 705 b
1 2 4 8 16 32 48 80 88 176 352 353 705 b
1 2 4 8 16 32 48 80 88 176 352 704 705 b
1 2 4 8 16 32 48 80 96 176 352 353 705 b
1 2 4 8 16 32 48 80 96 176 352 704 705 b
1 2 4 8 16 32 48 80 128 176 352 353 705 b
1 2 4 8 16 32 48 80 128 176 352 704 705 b
1 2 4 8 16 32 48 80 160 176 352 353 705 b
1 2 4 8 16 32 48 80 160 176 352 704 705 b
1 2 4 8 16 32 48 80 160 192 352 353 705 b
1 2 4 8 16 32 48 80 160 192 352 704 705 b
1 2 4 8 16 32 48 80 160 320 352 353 705 b
1 2 4 8 16 32 48 80 160 320 352 704 705 b
1 2 4 8 16 32 48 96 128 176 352 353 705 b
1 2 4 8 16 32 48 96 128 176 352 704 705 b
1 2 4 8 16 32 48 96 128 224 352 353 705 b
1 2 4 8 16 32 48 96 128 224 352 704 705 b
1 2 4 8 16 32 48 96 128 256 352 353 705 b
1 2 4 8 16 32 48 96 128 256 352 704 705 b
1 2 4 8 16 32 48 96 144 176 352 353 705 b
1 2 4 8 16 32 48 96 144 176 352 704 705 b
1 2 4 8 16 32 64 65 80 160 320 385 705 a
1 2 4 8 16 32 64 65 80 160 320 640 705 a
1 2 4 8 16 32 64 65 96 160 320 385 705 a
1 2 4 8 16 32 64 65 96 160 320 640 705 a
1 2 4 8 16 32 64 65 128 160 320 385 705 a
1 2 4 8 16 32 64 65 128 160 320 640 705 a
1 2 4 8 16 32 64 65 128 192 320 385 705 a
1 2 4 8 16 32 64 65 128 192 320 640 705 a
1 2 4 8 16 32 64 65 128 193 256 449 705 a
1 2 4 8 16 32 64 65 128 193 256 512 705 a
1 2 4 8 16 32 64 65 128 256 320 385 705 a
1 2 4 8 16 32 64 65 128 256 320 640 705 a
1 2 4 8 16 32 64 65 128 256 321 384 705 a
1 2 4 8 16 32 64 65 128 256 321 449 705 a
1 2 4 8 16 32 64 65 128 256 321 577 705 a
1 2 4 8 16 32 64 65 128 256 384 449 705 a
1 2 4 8 16 32 64 65 128 256 384 640 705 a
1 2 4 8 16 32 64 65 128 256 512 577 705 a
1 2 4 8 16 32 64 65 128 256 512 640 705 a
1 2 4 8 16 32 64 72 88 176 352 353 705 b
1 2 4 8 16 32 64 72 88 176 352 704 705 b
1 2 4 8 16 32 64 72 104 176 352 353 705 b
1 2 4 8 16 32 64 72 104 176 352 704 705 b
1 2 4 8 16 32 64 72 144 176 352 353 705 b
1 2 4 8 16 32 64 72 144 176 352 704 705 b
1 2 4 8 16 32 64 72 144 208 352 353 705 b
1 2 4 8 16 32 64 72 144 208 352 704 705 b
1 2 4 8 16 32 64 72 144 288 352 353 705 b
1 2 4 8 16 32 64 72 144 288 352 704 705 b
1 2 4 8 16 32 64 80 88 176 352 353 705 b
1 2 4 8 16 32 64 80 88 176 352 704 705 b
1 2 4 8 16 32 64 80 96 176 352 353 705 b
1 2 4 8 16 32 64 80 96 176 352 704 705 b
1 2 4 8 16 32 64 80 112 176 352 353 705 b
1 2 4 8 16 32 64 80 112 176 352 704 705 b
1 2 4 8 16 32 64 80 144 176 352 353 705 b
1 2 4 8 16 32 64 80 144 176 352 704 705 b
1 2 4 8 16 32 64 80 144 208 352 353 705 b
1 2 4 8 16 32 64 80 144 208 352 704 705 b
1 2 4 8 16 32 64 80 144 288 352 353 705 b
1 2 4 8 16 32 64 80 144 288 352 704 705 b
1 2 4 8 16 32 64 80 160 176 352 353 705 b
1 2 4 8 16 32 64 80 160 176 352 704 705 b
1 2 4 8 16 32 64 80 160 192 352 353 705 b
1 2 4 8 16 32 64 80 160 192 352 704 705 b
1 2 4 8 16 32 64 80 160 320 321 384 705 a
1 2 4 8 16 32 64 80 160 320 321 385 705 b
1 2 4 8 16 32 64 80 160 320 321 641 705 b
1 2 4 8 16 32 64 80 160 320 352 353 705 b
1 2 4 8 16 32 64 80 160 320 352 704 705 b
1 2 4 8 16 32 64 80 160 320 384 385 705 b
1 2 4 8 16 32 64 80 160 320 384 704 705 b
1 2 4 8 16 32 64 80 160 320 640 641 705 b
1 2 4 8 16 32 64 80 160 320 640 704 705 b
1 2 4 8 16 32 64 96 112 176 352 353 705 b
1 2 4 8 16 32 64 96 112 176 352 704 705 b
1 2 4 8 16 32 64 96 128 224 352 353 705 b
1 2 4 8 16 32 64 96 128 224 352 704 705 b
1 2 4 8 16 32 64 96 128 256 352 353 705 b
1 2 4 8 16 32 64 96 128 256 352 704 705 b
1 2 4 8 16 32 64 96 160 176 352 353 705 b
1 2 4 8 16 32 64 96 160 176 352 704 705 b
1 2 4 8 16 32 64 96 160 192 352 353 705 b
1 2 4 8 16 32 64 96 160 192 352 704 705 b
1 2 4 8 16 32 64 96 160 256 352 353 705 b
1 2 4 8 16 32 64 96 160 256 352 704 705 b
1 2 4 8 16 32 64 96 160 320 321 384 705 a
1 2 4 8 16 32 64 96 160 320 321 385 705 b
1 2 4 8 16 32 64 96 160 320 321 641 705 b
1 2 4 8 16 32 64 96 160 320 352 353 705 b
1 2 4 8 16 32 64 96 160 320 352 704 705 b
1 2 4 8 16 32 64 96 160 320 384 385 705 b
1 2 4 8 16 32 64 96 160 320 384 704 705 b
1 2 4 8 16 32 64 96 160 320 640 641 705 b
1 2 4 8 16 32 64 96 160 320 640 704 705 b
1 2 4 8 16 32 64 96 192 193 256 449 705 a
1 2 4 8 16 32 64 96 192 193 256 512 705 a
1 2 4 8 16 32 64 96 192 256 257 448 705 a
1 2 4 8 16 32 64 96 192 256 257 449 705 b
1 2 4 8 16 32 64 96 192 256 257 513 705 b
1 2 4 8 16 32 64 96 192 256 352 353 705 b
1 2 4 8 16 32 64 96 192 256 352 704 705 b
1 2 4 8 16 32 64 96 192 256 448 449 705 b
1 2 4 8 16 32 64 96 192 256 448 704 705 b
1 2 4 8 16 32 64 96 192 256 512 513 705 b
1 2 4 8 16 32 64 96 192 256 512 704 705 b
1 2 4 8 16 32 64 96 192 288 352 353 705 b
1 2 4 8 16 32 64 96 192 288 352 704 705 b
1 2 4 8 16 32 64 128 129 144 288 417 705 a
1 2 4 8 16 32 64 128 129 144 288 576 705 a
1 2 4 8 16 32 64 128 129 160 288 417 705 a
1 2 4 8 16 32 64 128 129 160 288 576 705 a
1 2 4 8 16 32 64 128 129 192 321 384 705 a
1 2 4 8 16 32 64 128 129 192 321 513 705 a
1 2 4 8 16 32 64 128 129 192 384 513 705 a
1 2 4 8 16 32 64 128 129 192 384 576 705 a
1 2 4 8 16 32 64 128 129 193 256 449 705 a
1 2 4 8 16 32 64 128 129 193 256 512 705 a
1 2 4 8 16 32 64 128 129 256 288 417 705 a
1 2 4 8 16 32 64 128 129 256 288 576 705 a
1 2 4 8 16 32 64 128 129 256 320 385 705 a
1 2 4 8 16 32 64 128 129 256 320 449 705 a
1 2 4 8 16 32 64 128 129 256 320 576 705 a
1 2 4 8 16 32 64 128 129 256 385 449 705 a
1 2 4 8 16 32 64 128 129 256 385 641 705 a
1 2 4 8 16 32 64 128 129 256 512 576 705 a
1 2 4 8 16 32 64 128 129 256 512 641 705 a
1 2 4 8 16 32 64 128 144 176 352 353 705 b
1 2 4 8 16 32 64 128 144 176 352 704 705 b
1 2 4 8 16 32 64 128 144 208 352 353 705 b
1 2 4 8 16 32 64 128 144 208 352 704 705 b
1 2 4 8 16 32 64 128 144 288 289 416 705 a
1 2 4 8 16 32 64 128 144 288 289 417 705 b
1 2 4 8 16 32 64 128 144 288 289 577 705 b
1 2 4 8 16 32 64 128 144 288 352 353 705 b
1 2 4 8 16 32 64 128 144 288 352 704 705 b
1 2 4 8 16 32 64 128 144 288 416 417 705 b
1 2 4 8 16 32 64 128 144 288 416 704 705 b
1 2 4 8 16 32 64 128 144 288 576 577 705 b
1 2 4 8 16 32 64 128 144 288 576 704 705 b
1 2 4 8 16 32 64 128 160 176 352 353 705 b
1 2 4 8 16 32 64 128 160 176 352 704 705 b
1 2 4 8 16 32 64 128 160 192 352 353 705 b
1 2 4 8 16 32 64 128 160 192 352 704 705 b
1 2 4 8 16 32 64 128 160 224 352 353 705 b
1 2 4 8 16 32 64 128 160 224 352 704 705 b
1 2 4 8 16 32 64 128 160 288 289 416 705 a
1 2 4 8 16 32 64 128 160 288 289 417 705 b
1 2 4 8 16 32 64 128 160 288 289 577 705 b
1 2 4 8 16 32 64 128 160 288 352 353 705 b
1 2 4 8 16 32 64 128 160 288 352 704 705 b
1 2 4 8 16 32 64 128 160 288 416 417 705 b
1 2 4 8 16 32 64 128 160 288 416 704 705 b
1 2 4 8 16 32 64 128 160 288 576 577 705 b
1 2 4 8 16 32 64 128 160 288 576 704 705 b
1 2 4 8 16 32 64 128 160 320 321 384 705 a
1 2 4 8 16 32 64 128 160 320 321 385 705 b
1 2 4 8 16 32 64 128 160 320 321 641 705 b
1 2 4 8 16 32 64 128 160 320 352 353 705 b
1 2 4 8 16 32 64 128 160 320 352 704 705 b
1 2 4 8 16 32 64 128 160 320 384 385 705 b
1 2 4 8 16 32 64 128 160 320 384 704 705 b
1 2 4 8 16 32 64 128 160 320 640 641 705 b
1 2 4 8 16 32 64 128 160 320 640 704 705 b
1 2 4 8 16 32 64 128 192 193 256 449 705 a
1 2 4 8 16 32 64 128 192 193 256 512 705 a
1 2 4 8 16 32 64 128 192 193 320 385 705 a
1 2 4 8 16 32 64 128 192 193 320 512 705 a
1 2 4 8 16 32 64 128 192 193 320 513 705 a
1 2 4 8 16 32 64 128 192 193 321 384 705 a
1 2 4 8 16 32 64 128 192 193 321 513 705 b
1 2 4 8 16 32 64 128 192 193 384 512 705 a
1 2 4 8 16 32 64 128 192 193 384 577 705 a
1 2 4 8 16 32 64 128 192 193 385 513 705 b
1 2 4 8 16 32 64 128 192 193 385 577 705 b
1 2 4 8 16 32 64 128 192 224 352 353 705 b
1 2 4 8 16 32 64 128 192 224 352 704 705 b
1 2 4 8 16 32 64 128 192 256 257 448 705 a
1 2 4 8 16 32 64 128 192 256 257 449 705 b
1 2 4 8 16 32 64 128 192 256 257 513 705 b
1 2 4 8 16 32 64 128 192 256 448 449 705 b
1 2 4 8 16 32 64 128 192 256 448 704 705 b
1 2 4 8 16 32 64 128 192 256 512 513 705 b
1 2 4 8 16 32 64 128 192 256 512 704 705 b
1 2 4 8 16 32 64 128 192 320 321 384 705 a
1 2 4 8 16 32 64 128 192 320 321 385 705 b
1 2 4 8 16 32 64 128 192 320 321 513 705 b
1 2 4 8 16 32 64 128 192 320 321 641 705 b
1 2 4 8 16 32 64 128 192 320 352 353 705 b
1 2 4 8 16 32 64 128 192 320 352 704 705 b
1 2 4 8 16 32 64 128 192 320 384 385 705 b
1 2 4 8 16 32 64 128 192 320 384 704 705 b
1 2 4 8 16 32 64 128 192 320 512 513 705 b
1 2 4 8 16 32 64 128 192 320 512 704 705 b
1 2 4 8 16 32 64 128 192 320 640 641 705 b
1 2 4 8 16 32 64 128 192 320 640 704 705 b
1 2 4 8 16 32 64 128 192 384 385 513 705 b
1 2 4 8 16 32 64 128 192 384 385 577 705 b
1 2 4 8 16 32 64 128 192 384 512 513 705 b
1 2 4 8 16 32 64 128 192 384 512 704 705 b
1 2 4 8 16 32 64 128 192 384 576 577 705 b
1 2 4 8 16 32 64 128 192 384 576 704 705 b
1 2 4 8 16 32 64 128 256 257 320 385 705 a
1 2 4 8 16 32 64 128 256 257 320 448 705 a
1 2 4 8 16 32 64 128 256 257 320 577 705 a
1 2 4 8 16 32 64 128 256 257 321 384 705 a
1 2 4 8 16 32 64 128 256 257 321 449 705 b
1 2 4 8 16 32 64 128 256 257 321 577 705 b
1 2 4 8 16 32 64 128 256 257 384 448 705 a
1 2 4 8 16 32 64 128 256 257 384 641 705 a
1 2 4 8 16 32 64 128 256 257 385 449 705 b
1 2 4 8 16 32 64 128 256 257 385 641 705 b
1 2 4 8 16 32 64 128 256 257 513 577 705 b
1 2 4 8 16 32 64 128 256 257 513 641 705 b
1 2 4 8 16 32 64 128 256 288 289 416 705 a
1 2 4 8 16 32 64 128 256 288 289 417 705 b
1 2 4 8 16 32 64 128 256 288 289 577 705 b
1 2 4 8 16 32 64 128 256 288 352 353 705 b
1 2 4 8 16 32 64 128 256 288 352 704 705 b
1 2 4 8 16 32 64 128 256 288 416 417 705 b
1 2 4 8 16 32 64 128 256 288 416 704 705 b
1 2 4 8 16 32 64 128 256 288 576 577 705 b
1 2 4 8 16 32 64 128 256 288 576 704 705 b
1 2 4 8 16 32 64 128 256 320 321 384 705 a
1 2 4 8 16 32 64 128 256 320 321 385 705 b
1 2 4 8 16 32 64 128 256 320 321 449 705 b
1 2 4 8 16 32 64 128 256 320 321 577 705 b
1 2 4 8 16 32 64 128 256 320 321 641 705 b
1 2 4 8 16 32 64 128 256 320 352 353 705 b
1 2 4 8 16 32 64 128 256 320 352 704 705 b
1 2 4 8 16 32 64 128 256 320 384 385 705 b
1 2 4 8 16 32 64 128 256 320 384 704 705 b
1 2 4 8 16 32 64 128 256 320 448 449 705 b
1 2 4 8 16 32 64 128 256 320 448 704 705 b
1 2 4 8 16 32 64 128 256 320 576 577 705 b
1 2 4 8 16 32 64 128 256 320 576 704 705 b
1 2 4 8 16 32 64 128 256 320 640 641 705 b
1 2 4 8 16 32 64 128 256 320 640 704 705 b
1 2 4 8 16 32 64 128 256 384 385 449 705 b
1 2 4 8 16 32 64 128 256 384 385 641 705 b
1 2 4 8 16 32 64 128 256 384 448 449 705 b
1 2 4 8 16 32 64 128 256 384 448 704 705 b
1 2 4 8 16 32 64 128 256 384 640 641 705 b
1 2 4 8 16 32 64 128 256 384 640 704 705 b
1 2 4 8 16 32 64 128 256 512 513 577 705 b
1 2 4 8 16 32 64 128 256 512 513 641 705 b
1 2 4 8 16 32 64 128 256 512 576 577 705 b
1 2 4 8 16 32 64 128 256 512 576 704 705 b
1 2 4 8 16 32 64 128 256 512 640 641 705 b
1 2 4 8 16 32 64 128 256 512 640 704 705 b
