1 2 3 6 12 24 25 49 98 196 392 393 785 b
1 2 3 6 12 24 25 49 98 196 392 784 785 b
1 2 3 6 12 24 48 49 98 196 392 393 785 b
1 2 3 6 12 24 48 49 98 196 392 784 785 b
1 2 3 6 12 24 48 50 98 196 392 393 785 b
1 2 3 6 12 24 48 50 98 196 392 784 785 b
1 2 3 6 12 24 48 96 98 196 392 393 785 b
1 2 3 6 12 24 48 96 98 196 392 784 785 b
1 2 4 6 12 24 25 49 98 196 392 393 785 b
1 2 4 6 12 24 25 49 98 196 392 784 785 b
1 2 4 6 12 24 48 49 98 196 392 393 785 b
1 2 4 6 12 24 48 49 98 196 392 784 785 b
1 2 4 6 12 24 48 50 98 196 392 393 785 b
1 2 4 6 12 24 48 50 98 196 392 784 785 b
1 2 4 6 12 24 48 96 98 196 392 393 785 b
1 2 4 6 12 24 48 96 98 196 392 784 785 b
1 2 4 6 12 24 48 96 100 196 392 393 785 b
1 2 4 6 12 24 48 96 100 196 392 784 785 b
1 2 4 6 12 24 48 96 192 196 392 393 785 b
1 2 4 6 12 24 48 96 192 196 392 784 785 b
1 2 4 8 12 24 25 49 98 196 392 393 785 b
1 2 4 8 12 24 25 49 98 196 392 784 785 b
1 2 4 8 12 24 48 49 98 196 392 393 785 b
1 2 4 8 12 24 48 49 98 196 392 784 785 b
1 2 4 8 12 24 48 50 98 196 392 393 785 b
1 2 4 8 12 24 48 50 98 196 392 784 785 b
1 2 4 8 12 24 48 96 98 196 392 393 785 b
1 2 4 8 12 24 48 96 98 196 392 784 785 b
1 2 4 8 12 24 48 96 100 196 392 393 785 b
1 2 4 8 12 24 48 96 100 196 392 784 785 b
1 2 4 8 12 24 48 96 192 196 392 393 785 b
1 2 4 8 12 24 48 96 192 196 392 784 785 b
1 2 4 8 12 24 48 96 192 200 392 393 785 b
1 2 4 8 12 24 48 96 192 200 392 784 785 b
1 2 4 8 12 24 48 96 192 384 392 393 785 b
1 2 4 8 12 24 48 96 192 384 392 784 785 b
1 2 4 8 16 17 24 48 96 192 384 401 785 a
1 2 4 8 16 17 24 48 96 192 384 768 785 a
1 2 4 8 16 17 32 48 96 192 384 401 785 a
1 2 4 8 16 17 32 48 96 192 384 768 785 a
1 2 4 8 16 17 32 49 98 196 392 393 785 a
1 2 4 8 16 17 32 49 98 196 392 784 785 a
1 2 4 8 16 17 32 64 96 192 384 401 785 a
1 2 4 8 16 17 32 64 96 192 384 768 785 a
1 2 4 8 16 17 32 64 128 192 384 401 785 a
1 2 4 8 16 17 32 64 128 192 384 768 785 a
1 2 4 8 16 17 32 64 128 256 273 512 785 a
1 2 4 8 16 17 32 64 128 256 273 529 785 a
1 2 4 8 16 17 32 64 128 256 384 401 785 a
1 2 4 8 16 17 32 64 128 256 384 768 785 a
1 2 4 8 16 17 32 64 128 256 512 529 785 a
1 2 4 8 16 17 32 64 128 256 512 768 785 a
1 2 4 8 16 17 33 49 98 196 392 393 785 b
1 2 4 8 16 17 33 49 98 196 392 784 785 b
1 2 4 8 16 24 25 49 98 196 392 393 785 b
1 2 4 8 16 24 25 49 98 196 392 784 785 b
1 2 4 8 16 24 48 49 98 196 392 393 785 b
1 2 4 8 16 24 48 49 98 196 392 784 785 b
1 2 4 8 16 24 48 50 98 196 392 393 785 b
1 2 4 8 16 24 48 50 98 196 392 784 785 b
1 2 4 8 16 24 48 96 98 196 392 393 785 b
1 2 4 8 16 24 48 96 98 196 392 784 785 b
1 2 4 8 16 24 48 96 100 196 392 393 785 b
1 2 4 8 16 24 48 96 100 196 392 784 785 b
1 2 4 8 16 24 48 96 192 196 392 393 785 b
1 2 4 8 16 24 48 96 192 196 392 784 785 b
1 2 4 8 16 24 48 96 192 200 392 393 785 b
1 2 4 8 16 24 48 96 192 200 392 784 785 b
1 2 4 8 16 24 48 96 192 384 385 400 785 a
1 2 4 8 16 24 48 96 192 384 385 401 785 b
1 2 4 8 16 24 48 96 192 384 385 769 785 b
1 2 4 8 16 24 48 96 192 384 392 393 785 b
1 2 4 8 16 24 48 96 192 384 392 784 785 b
1 2 4 8 16 24 48 96 192 384 400 401 785 b
1 2 4 8 16 24 48 96 192 384 400 784 785 b
1 2 4 8 16 24 48 96 192 384 768 769 785 b
1 2 4 8 16 24 48 96 192 384 768 784 785 b
1 2 4 8 16 32 33 49 98 196 392 393 785 b
1 2 4 8 16 32 33 49 98 196 392 784 785 b
1 2 4 8 16 32 33 65 98 196 392 393 785 b
1 2 4 8 16 32 33 65 98 196 392 784 785 b
1 2 4 8 16 32 33 66 98 196 392 393 785 b
1 2 4 8 16 32 33 66 98 196 392 784 785 b
1 2 4 8 16 32 34 64 98 196 392 393 785 a
1 2 4 8 16 32 34 64 98 196 392 784 785 a
1 2 4 8 16 32 34 66 98 196 392 393 785 b
1 2 4 8 16 32 34 66 98 196 392 784 785 b
1 2 4 8 16 32 48 49 98 196 392 393 785 b
1 2 4 8 16 32 48 49 98 196 392 784 785 b
1 2 4 8 16 32 48 50 98 196 392 393 785 b
1 2 4 8 16 32 48 50 98 196 392 784 785 b
1 2 4 8 16 32 48 96 98 196 392 393 785 b
1 2 4 8 16 32 48 96 98 196 392 784 785 b
1 2 4 8 16 32 48 96 100 196 392 393 785 b
1 2 4 8 16 32 48 96 100 196 392 784 785 b
1 2 4 8 16 32 48 96 192 196 392 393 785 b
1 2 4 8 16 32 48 96 192 196 392 784 785 b
1 2 4 8 16 32 48 96 192 200 392 393 785 b
1 2 4 8 16 32 48 96 192 200 392 784 785 b
1 2 4 8 16 32 48 96 192 384 385 400 785 a
1 2 4 8 16 32 48 96 192 384 385 401 785 b
1 2 4 8 16 32 48 96 192 384 385 769 785 b
1 2 4 8 16 32 48 96 192 384 392 393 785 b
1 2 4 8 16 32 48 96 192 384 392 784 785 b
1 2 4 8 16 32 48 96 192 384 400 401 785 b
1 2 4 8 16 32 48 96 192 384 400 784 785 b
1 2 4 8 16 32 48 96 192 384 768 769 785 b
1 2 4 8 16 32 48 96 192 384 768 784 785 b
1 2 4 8 16 32 64 66 98 196 392 393 785 b
1 2 4 8 16 32 64 66 98 196 392 784 785 b
1 2 4 8 16 32 64 66 130 196 392 393 785 b
1 2 4 8 16 32 64 66 130 196 392 784 785 b
1 2 4 8 16 32 64 66 132 196 392 393 785 b
1 2 4 8 16 32 64 66 132 196 392 784 785 b
1 2 4 8 16 32 64 68 128 196 392 393 785 a
1 2 4 8 16 32 64 68 128 196 392 784 785 a
1 2 4 8 16 32 64 68 132 196 392 393 785 b
1 2 4 8 16 32 64 68 132 196 392 784 785 b
1 2 4 8 16 32 64 96 98 196 392 393 785 b
1 2 4 8 16 32 64 96 98 196 392 784 785 b
1 2 4 8 16 32 64 96 100 196 392 393 785 b
1 2 4 8 16 32 64 96 100 196 392 784 785 b
1 2 4 8 16 32 64 96 192 196 392 393 785 b
1 2 4 8 16 32 64 96 192 196 392 784 785 b
1 2 4 8 16 32 64 96 192 200 392 393 785 b
1 2 4 8 16 32 64 96 192 200 392 784 785 b
1 2 4 8 16 32 64 96 192 384 385 400 785 a
1 2 4 8 16 32 64 96 192 384 385 401 785 b
1 2 4 8 16 32 64 96 192 384 385 769 785 b
1 2 4 8 16 32 64 96 192 384 392 393 785 b
1 2 4 8 16 32 64 96 192 384 392 784 785 b
1 2 4 8 16 32 64 96 192 384 400 401 785 b
1 2 4 8 16 32 64 96 192 384 400 784 785 b
1 2 4 8 16 32 64 96 192 384 768 769 785 b
1 2 4 8 16 32 64 96 192 384 768 784 785 b
1 2 4 8 16 32 64 128 132 196 392 393 785 b
1 2 4 8 16 32 64 128 132 196 392 784 785 b
1 2 4 8 16 32 64 128 132 260 392 393 785 b
1 2 4 8 16 32 64 128 132 260 392 784 785 b
1 2 4 8 16 32 64 128 132 264 392 393 785 b
1 2 4 8 16 32 64 128 132 264 392 784 785 b
1 2 4 8 16 32 64 128 136 256 392 393 785 a
1 2 4 8 16 32 64 128 136 256 392 784 785 a
1 2 4 8 16 32 64 128 136 264 392 393 785 b
1 2 4 8 16 32 64 128 136 264 392 784 785 b
1 2 4 8 16 32 64 128 192 196 392 393 785 b
1 2 4 8 16 32 64 128 192 196 392 784 785 b
1 2 4 8 16 32 64 128 192 200 392 393 785 b
1 2 4 8 16 32 64 128 192 200 392 784 785 b
1 2 4 8 16 32 64 128 192 384 385 400 785 a
1 2 4 8 16 32 64 128 192 384 385 401 785 b
1 2 4 8 16 32 64 128 192 384 385 769 785 b
1 2 4 8 16 32 64 128 192 384 392 393 785 b
1 2 4 8 16 32 64 128 192 384 392 784 785 b
1 2 4 8 16 32 64 128 192 384 400 401 785 b
1 2 4 8 16 32 64 128 192 384 400 784 785 b
1 2 4 8 16 32 64 128 192 384 768 769 785 b
1 2 4 8 16 32 64 128 192 384 768 784 785 b
1 2 4 8 16 32 64 128 256 257 264 521 785 a
1 2 4 8 16 32 64 128 256 257 264 528 785 a
1 2 4 8 16 32 64 128 256 257 272 513 785 a
1 2 4 8 16 32 64 128 256 257 272 528 785 a
1 2 4 8 16 32 64 128 256 257 272 529 785 a
1 2 4 8 16 32 64 128 256 257 273 512 785 a
1 2 4 8 16 32 64 128 256 257 273 529 785 b
1 2 4 8 16 32 64 128 256 257 512 528 785 a
1 2 4 8 16 32 64 128 256 257 512 769 785 a
1 2 4 8 16 32 64 128 256 257 513 529 785 b
1 2 4 8 16 32 64 128 256 257 513 769 785 b
1 2 4 8 16 32 64 128 256 264 265 520 785 a
1 2 4 8 16 32 64 128 256 264 265 521 785 b
1 2 4 8 16 32 64 128 256 264 265 529 785 b
1 2 4 8 16 32 64 128 256 264 392 393 785 b
1 2 4 8 16 32 64 128 256 264 392 784 785 b
1 2 4 8 16 32 64 128 256 264 520 521 785 b
1 2 4 8 16 32 64 128 256 264 520 784 785 b
1 2 4 8 16 32 64 128 256 264 528 529 785 b
1 2 4 8 16 32 64 128 256 264 528 784 785 b
1 2 4 8 16 32 64 128 256 272 273 512 785 a
1 2 4 8 16 32 64 128 256 272 273 529 785 b
1 2 4 8 16 32 64 128 256 272 512 513 785 a
1 2 4 8 16 32 64 128 256 272 512 784 785 a
1 2 4 8 16 32 64 128 256 272 528 529 785 b
1 2 4 8 16 32 64 128 256 272 528 784 785 b
1 2 4 8 16 32 64 128 256 384 385 400 785 a
1 2 4 8 16 32 64 128 256 384 385 401 785 b
1 2 4 8 16 32 64 128 256 384 385 769 785 b
1 2 4 8 16 32 64 128 256 384 392 393 785 b
1 2 4 8 16 32 64 128 256 384 392 784 785 b
1 2 4 8 16 32 64 128 256 384 400 401 785 b
1 2 4 8 16 32 64 128 256 384 400 784 785 b
1 2 4 8 16 32 64 128 256 384 768 769 785 b
1 2 4 8 16 32 64 128 256 384 768 784 785 b
1 2 4 8 16 32 64 128 256 512 513 529 785 b
1 2 4 8 16 32 64 128 256 512 513 769 785 b
1 2 4 8 16 32 64 128 256 512 528 529 785 b
1 2 4 8 16 32 64 128 256 512 528 784 785 b
1 2 4 8 16 32 64 128 256 512 768 769 785 b
1 2 4 8 16 32 64 128 256 512 768 784 785 b
