1 2 3 4 7 11 22 44 88 89 177 354 708 b
1 2 3 4 7 11 22 44 88 176 177 354 708 b
1 2 3 4 7 11 22 44 88 176 178 354 708 b
1 2 3 4 7 11 22 44 88 176 352 354 708 b
1 2 3 4 7 11 22 44 88 176 352 356 708 b
1 2 3 4 7 11 22 44 88 176 352 704 708 b
1 2 3 4 7 14 28 31 59 118 177 354 708 b
1 2 3 4 7 14 28 31 59 118 236 354 708 b
1 2 3 4 7 14 28 31 59 118 236 472 708 b
1 2 3 4 7 14 28 56 59 118 177 354 708 b
1 2 3 4 7 14 28 56 59 118 236 354 708 b
1 2 3 4 7 14 28 56 59 118 236 472 708 b
1 2 3 4 8 11 22 44 88 89 177 354 708 b
1 2 3 4 8 11 22 44 88 176 177 354 708 b
1 2 3 4 8 11 22 44 88 176 178 354 708 b
1 2 3 4 8 11 22 44 88 176 352 354 708 b
1 2 3 4 8 11 22 44 88 176 352 356 708 b
1 2 3 4 8 11 22 44 88 176 352 704 708 b
1 2 3 5 6 11 22 44 88 89 177 354 708 b
1 2 3 5 6 11 22 44 88 176 177 354 708 b
1 2 3 5 6 11 22 44 88 176 178 354 708 b
1 2 3 5 6 11 22 44 88 176 352 354 708 b
1 2 3 5 7 14 28 31 59 118 177 354 708 b
1 2 3 5 7 14 28 31 59 118 236 354 708 b
1 2 3 5 7 14 28 31 59 118 236 472 708 b
1 2 3 5 7 14 28 56 59 118 177 354 708 b
1 2 3 5 7 14 28 56 59 118 236 354 708 b
1 2 3 5 7 14 28 56 59 118 236 472 708 b
1 2 3 5 8 11 22 44 88 89 177 354 708 b
1 2 3 5 8 11 22 44 88 176 177 354 708 b
1 2 3 5 8 11 22 44 88 176 178 354 708 b
1 2 3 5 8 11 22 44 88 176 352 354 708 b
1 2 3 5 10 11 22 44 88 89 177 354 708 b
1 2 3 5 10 11 22 44 88 176 177 354 708 b
1 2 3 5 10 11 22 44 88 176 178 354 708 b
1 2 3 5 10 11 22 44 88 176 352 354 708 b
1 2 3 5 10 12 22 44 88 89 177 354 708 b
1 2 3 5 10 12 22 44 88 176 177 354 708 b
1 2 3 5 10 12 22 44 88 176 178 354 708 b
1 2 3 5 10 12 22 44 88 176 352 354 708 b
1 2 3 5 10 13 23 36 59 118 177 354 708 b
1 2 3 5 10 13 23 36 59 118 236 354 708 b
1 2 3 5 10 13 23 36 59 118 236 472 708 b
1 2 3 5 10 13 23 46 59 118 177 354 708 b
1 2 3 5 10 13 23 46 59 118 236 354 708 b
1 2 3 5 10 13 23 46 59 118 236 472 708 b
1 2 3 5 10 20 22 44 88 89 177 354 708 b
1 2 3 5 10 20 22 44 88 176 177 354 708 b
1 2 3 5 10 20 22 44 88 176 178 354 708 b
1 2 3 5 10 20 22 44 88 176 352 354 708 b
1 2 3 5 10 20 23 43 86 91 177 354 708 b
1 2 3 5 10 20 23 43 86 172 177 354 708 b
1 2 3 5 10 20 23 43 86 172 182 354 708 b
1 2 3 5 10 20 23 43 86 172 344 354 708 b
1 2 3 5 10 20 23 43 86 172 344 364 708 b
1 2 3 5 10 20 23 43 86 172 344 688 708 b
1 2 3 5 10 20 40 43 86 91 177 354 708 b
1 2 3 5 10 20 40 43 86 172 177 354 708 b
1 2 3 5 10 20 40 43 86 172 182 354 708 b
1 2 3 5 10 20 40 43 86 172 344 354 708 b
1 2 3 5 10 20 40 43 86 172 344 364 708 b
1 2 3 5 10 20 40 43 86 172 344 688 708 b
1 2 3 6 7 13 26 33 59 118 177 354 708 b
1 2 3 6 7 13 26 33 59 118 236 354 708 b
1 2 3 6 7 13 26 33 59 118 236 472 708 b
1 2 3 6 7 13 26 52 59 118 177 354 708 b
1 2 3 6 7 13 26 52 59 118 236 354 708 b
1 2 3 6 7 13 26 52 59 118 236 472 708 b
1 2 3 6 7 14 28 31 59 118 177 354 708 b
1 2 3 6 7 14 28 31 59 118 236 354 708 b
1 2 3 6 7 14 28 31 59 118 236 472 708 b
1 2 3 6 7 14 28 56 59 118 177 354 708 b
1 2 3 6 7 14 28 56 59 118 236 354 708 b
1 2 3 6 7 14 28 56 59 118 236 472 708 b
1 2 3 6 7 14 28 56 62 118 236 354 708 b
1 2 3 6 7 14 28 56 62 118 236 472 708 b
1 2 3 6 7 14 28 56 112 118 236 354 708 b
1 2 3 6 7 14 28 56 112 118 236 472 708 b
1 2 3 6 8 11 22 44 88 89 177 354 708 b
1 2 3 6 8 11 22 44 88 176 177 354 708 b
1 2 3 6 8 11 22 44 88 176 178 354 708 b
1 2 3 6 8 11 22 44 88 176 352 354 708 b
1 2 3 6 8 14 22 44 88 89 177 354 708 b
1 2 3 6 8 14 22 44 88 176 177 354 708 b
1 2 3 6 8 14 22 44 88 176 178 354 708 b
1 2 3 6 8 14 22 44 88 176 352 354 708 b
1 2 3 6 8 14 28 31 59 118 177 354 708 b
1 2 3 6 8 14 28 31 59 118 236 354 708 b
1 2 3 6 8 14 28 31 59 118 236 472 708 b
1 2 3 6 8 14 28 56 59 118 177 354 708 b
1 2 3 6 8 14 28 56 59 118 236 354 708 b
1 2 3 6 8 14 28 56 59 118 236 472 708 b
1 2 3 6 8 14 28 56 62 118 236 354 708 b
1 2 3 6 8 14 28 56 62 118 236 472 708 b
1 2 3 6 8 14 28 56 112 118 236 354 708 b
1 2 3 6 8 14 28 56 112 118 236 472 708 b
1 2 3 6 8 16 22 44 88 89 177 354 708 b
1 2 3 6 8 16 22 44 88 176 177 354 708 b
1 2 3 6 8 16 22 44 88 176 178 354 708 b
1 2 3 6 8 16 22 44 88 176 352 354 708 b
1 2 3 6 9 11 22 44 88 89 177 354 708 b
1 2 3 6 9 11 22 44 88 176 177 354 708 b
1 2 3 6 9 11 22 44 88 176 178 354 708 b
1 2 3 6 9 11 22 44 88 176 352 354 708 b
1 2 3 6 9 12 21 42 84 93 177 354 708 b
1 2 3 6 9 12 21 42 84 168 177 354 708 b
1 2 3 6 9 15 21 42 84 93 177 354 708 b
1 2 3 6 9 15 21 42 84 168 177 354 708 b
1 2 3 6 9 15 30 39 69 108 177 354 708 b
1 2 3 6 9 15 30 39 69 138 177 354 708 b
1 2 3 6 9 18 21 39 78 99 177 354 708 b
1 2 3 6 9 18 21 39 78 156 177 354 708 b
1 2 3 6 9 18 21 42 84 93 177 354 708 b
1 2 3 6 9 18 21 42 84 168 177 354 708 b
1 2 3 6 9 18 21 42 84 168 186 354 708 b
1 2 3 6 9 18 21 42 84 168 336 354 708 b
1 2 3 6 9 18 24 42 84 93 177 354 708 b
1 2 3 6 9 18 24 42 84 168 177 354 708 b
1 2 3 6 9 18 24 42 84 168 186 354 708 b
1 2 3 6 9 18 24 42 84 168 336 354 708 b
1 2 3 6 9 18 36 42 78 156 198 354 708 b
1 2 3 6 9 18 36 42 78 156 312 354 708 b
1 2 3 6 9 18 36 42 84 93 177 354 708 b
1 2 3 6 9 18 36 42 84 168 177 354 708 b
1 2 3 6 9 18 36 42 84 168 186 354 708 b
1 2 3 6 9 18 36 42 84 168 336 354 708 b
1 2 3 6 9 18 36 42 84 168 336 372 708 b
1 2 3 6 9 18 36 42 84 168 336 672 708 b
1 2 3 6 12 13 25 38 76 101 177 354 708 b
1 2 3 6 12 13 25 38 76 152 177 354 708 b
1 2 3 6 12 14 26 52 66 118 236 354 708 b
1 2 3 6 12 14 26 52 66 118 236 472 708 b
1 2 3 6 12 14 26 52 104 118 236 354 708 b
1 2 3 6 12 14 26 52 104 118 236 472 708 b
1 2 3 6 12 14 28 31 59 118 177 354 708 b
1 2 3 6 12 14 28 31 59 118 236 354 708 b
1 2 3 6 12 14 28 31 59 118 236 472 708 b
1 2 3 6 12 14 28 56 59 118 177 354 708 b
1 2 3 6 12 14 28 56 59 118 236 354 708 b
1 2 3 6 12 14 28 56 59 118 236 472 708 b
1 2 3 6 12 14 28 56 62 118 236 354 708 b
1 2 3 6 12 14 28 56 62 118 236 472 708 b
1 2 3 6 12 14 28 56 112 118 236 354 708 b
1 2 3 6 12 14 28 56 112 118 236 472 708 b
1 2 3 6 12 14 28 56 112 124 236 472 708 b
1 2 3 6 12 14 28 56 112 224 236 472 708 b
1 2 3 6 12 15 27 54 69 108 177 354 708 a
1 2 3 6 12 15 27 54 69 123 177 354 708 b
1 2 3 6 12 15 27 54 81 96 177 354 708 b
1 2 3 6 12 15 27 54 81 162 177 354 708 b
1 2 3 6 12 15 27 54 108 123 177 354 708 b
1 2 3 6 12 15 27 54 108 123 231 354 708 b
1 2 3 6 12 15 27 54 108 123 246 354 708 b
1 2 3 6 12 15 27 54 108 162 177 354 708 b
1 2 3 6 12 18 21 39 78 99 177 354 708 b
1 2 3 6 12 18 21 39 78 156 177 354 708 b
1 2 3 6 12 18 21 42 84 168 186 354 708 b
1 2 3 6 12 18 21 42 84 168 336 354 708 b
1 2 3 6 12 18 24 42 84 168 186 354 708 b
1 2 3 6 12 18 24 42 84 168 336 354 708 b
1 2 3 6 12 18 30 42 84 168 186 354 708 b
1 2 3 6 12 18 30 42 84 168 336 354 708 b
1 2 3 6 12 18 30 60 78 138 216 354 708 b
1 2 3 6 12 18 30 60 78 138 276 354 708 b
1 2 3 6 12 18 36 42 78 156 198 354 708 b
1 2 3 6 12 18 36 42 78 156 312 354 708 b
1 2 3 6 12 18 36 42 84 168 186 354 708 b
1 2 3 6 12 18 36 42 84 168 336 354 708 b
1 2 3 6 12 18 36 42 84 168 336 372 708 b
1 2 3 6 12 18 36 42 84 168 336 672 708 b
1 2 3 6 12 18 36 48 84 168 186 354 708 b
1 2 3 6 12 18 36 48 84 168 336 354 708 b
1 2 3 6 12 18 36 48 84 168 336 372 708 b
1 2 3 6 12 18 36 48 84 168 336 672 708 b
1 2 3 6 12 18 36 72 84 156 312 396 708 b
1 2 3 6 12 18 36 72 84 156 312 624 708 b
1 2 3 6 12 18 36 72 84 168 186 354 708 b
1 2 3 6 12 18 36 72 84 168 336 354 708 b
1 2 3 6 12 18 36 72 84 168 336 372 708 b
1 2 3 6 12 18 36 72 84 168 336 672 708 b
1 2 3 6 12 24 26 50 76 152 202 354 708 b
1 2 3 6 12 24 26 50 76 152 304 354 708 b
1 2 3 6 12 24 27 48 75 102 177 354 708 a
1 2 3 6 12 24 27 48 75 150 177 354 708 a
1 2 3 6 12 24 27 51 63 114 177 354 708 b
1 2 3 6 12 24 27 51 63 126 177 354 708 b
1 2 3 6 12 24 27 51 75 102 177 354 708 b
1 2 3 6 12 24 27 51 75 126 177 354 708 b
1 2 3 6 12 24 27 51 75 150 177 354 708 b
1 2 3 6 12 24 27 51 102 126 177 354 708 b
1 2 3 6 12 24 27 51 102 126 228 354 708 b
1 2 3 6 12 24 27 51 102 126 252 354 708 b
1 2 3 6 12 24 27 51 102 153 177 354 708 b
1 2 3 6 12 24 30 54 108 138 216 354 708 a
1 2 3 6 12 24 30 54 108 138 246 354 708 b
1 2 3 6 12 24 30 54 108 162 192 354 708 b
1 2 3 6 12 24 30 54 108 162 324 354 708 b
1 2 3 6 12 24 30 54 108 216 246 354 708 b
1 2 3 6 12 24 30 54 108 216 246 462 708 b
1 2 3 6 12 24 30 54 108 216 246 492 708 b
1 2 3 6 12 24 30 54 108 216 324 354 708 b
1 2 3 6 12 24 36 42 78 156 198 354 708 b
1 2 3 6 12 24 36 42 78 156 312 354 708 b
1 2 3 6 12 24 36 42 84 168 336 372 708 b
1 2 3 6 12 24 36 42 84 168 336 672 708 b
1 2 3 6 12 24 36 48 84 168 336 372 708 b
1 2 3 6 12 24 36 48 84 168 336 672 708 b
1 2 3 6 12 24 36 60 84 168 336 372 708 b
1 2 3 6 12 24 36 60 84 168 336 672 708 b
1 2 3 6 12 24 36 60 120 156 276 432 708 b
1 2 3 6 12 24 36 60 120 156 276 552 708 b
1 2 3 6 12 24 36 72 84 156 312 396 708 b
1 2 3 6 12 24 36 72 84 156 312 624 708 b
1 2 3 6 12 24 36 72 84 168 336 372 708 b
1 2 3 6 12 24 36 72 84 168 336 672 708 b
1 2 3 6 12 24 36 72 96 168 336 372 708 b
1 2 3 6 12 24 36 72 96 168 336 672 708 b
1 2 3 6 12 24 36 72 144 168 336 372 708 b
1 2 3 6 12 24 36 72 144 168 336 672 708 b
1 2 3 6 12 24 48 51 63 114 177 354 708 b
1 2 3 6 12 24 48 51 63 126 177 354 708 b
1 2 3 6 12 24 48 51 75 102 177 354 708 a
1 2 3 6 12 24 48 51 75 126 177 354 708 b
1 2 3 6 12 24 48 51 102 126 177 354 708 b
1 2 3 6 12 24 48 51 102 126 228 354 708 b
1 2 3 6 12 24 48 51 102 126 252 354 708 b
1 2 3 6 12 24 48 51 102 150 204 354 708 a
1 2 3 6 12 24 48 51 102 150 252 354 708 b
1 2 3 6 12 24 48 51 102 153 177 354 708 b
1 2 3 6 12 24 48 51 102 153 201 354 708 b
1 2 3 6 12 24 48 51 102 153 306 354 708 b
1 2 3 6 12 24 48 51 102 204 252 354 708 b
1 2 3 6 12 24 48 51 102 204 252 456 708 b
1 2 3 6 12 24 48 51 102 204 252 504 708 b
1 2 3 6 12 24 48 51 102 204 306 354 708 b
1 2 3 6 12 24 48 54 96 150 204 354 708 a
1 2 3 6 12 24 48 54 96 150 300 354 708 a
1 2 3 6 12 24 48 54 102 126 228 354 708 b
1 2 3 6 12 24 48 54 102 126 252 354 708 b
1 2 3 6 12 24 48 54 102 150 204 354 708 b
1 2 3 6 12 24 48 54 102 150 252 354 708 b
1 2 3 6 12 24 48 54 102 150 300 354 708 b
1 2 3 6 12 24 48 54 102 204 252 354 708 b
1 2 3 6 12 24 48 54 102 204 252 456 708 b
1 2 3 6 12 24 48 54 102 204 252 504 708 b
1 2 3 6 12 24 48 54 102 204 306 354 708 b
1 2 3 6 12 24 48 60 108 216 276 432 708 a
1 2 3 6 12 24 48 60 108 216 276 492 708 b
1 2 3 6 12 24 48 60 108 216 324 384 708 b
1 2 3 6 12 24 48 60 108 216 324 648 708 b
1 2 3 6 12 24 48 60 108 216 432 492 708 b
1 2 3 6 12 24 48 60 108 216 432 648 708 b
1 2 3 6 12 24 48 72 84 156 312 396 708 b
1 2 3 6 12 24 48 72 84 156 312 624 708 b
1 2 3 6 12 24 48 96 102 126 228 354 708 b
1 2 3 6 12 24 48 96 102 126 252 354 708 b
1 2 3 6 12 24 48 96 102 150 204 354 708 a
1 2 3 6 12 24 48 96 102 150 252 354 708 b
1 2 3 6 12 24 48 96 102 204 252 354 708 b
1 2 3 6 12 24 48 96 102 204 252 456 708 b
1 2 3 6 12 24 48 96 102 204 252 504 708 b
1 2 3 6 12 24 48 96 102 204 300 408 708 a
1 2 3 6 12 24 48 96 102 204 300 504 708 b
1 2 3 6 12 24 48 96 102 204 306 354 708 b
1 2 3 6 12 24 48 96 102 204 306 402 708 b
1 2 3 6 12 24 48 96 102 204 306 612 708 b
1 2 3 6 12 24 48 96 102 204 408 504 708 b
1 2 3 6 12 24 48 96 102 204 408 612 708 b
1 2 3 6 12 24 48 96 108 192 300 408 708 a
1 2 3 6 12 24 48 96 108 192 300 600 708 a
1 2 3 6 12 24 48 96 108 204 252 456 708 b
1 2 3 6 12 24 48 96 108 204 252 504 708 b
1 2 3 6 12 24 48 96 108 204 300 408 708 b
1 2 3 6 12 24 48 96 108 204 300 504 708 b
1 2 3 6 12 24 48 96 108 204 300 600 708 b
1 2 3 6 12 24 48 96 108 204 408 504 708 b
1 2 3 6 12 24 48 96 108 204 408 612 708 b
1 2 3 6 12 24 48 96 192 204 252 456 708 b
1 2 3 6 12 24 48 96 192 204 252 504 708 b
1 2 3 6 12 24 48 96 192 204 300 408 708 a
1 2 3 6 12 24 48 96 192 204 300 504 708 b
1 2 3 6 12 24 48 96 192 204 408 504 708 b
1 2 3 6 12 24 48 96 192 204 408 612 708 b
1 2 4 5 6 11 22 44 88 89 177 354 708 b
1 2 4 5 6 11 22 44 88 176 177 354 708 b
1 2 4 5 6 11 22 44 88 176 178 354 708 b
1 2 4 5 6 11 22 44 88 176 352 354 708 b
1 2 4 5 6 11 22 44 88 176 352 356 708 b
1 2 4 5 6 11 22 44 88 176 352 704 708 b
1 2 4 5 7 11 22 44 88 89 177 354 708 b
1 2 4 5 7 11 22 44 88 176 177 354 708 b
1 2 4 5 7 11 22 44 88 176 178 354 708 b
1 2 4 5 7 11 22 44 88 176 352 354 708 b
1 2 4 5 7 11 22 44 88 176 352 356 708 b
1 2 4 5 7 11 22 44 88 176 352 704 708 b
1 2 4 5 9 11 22 44 88 89 177 354 708 b
1 2 4 5 9 11 22 44 88 176 177 354 708 b
1 2 4 5 9 11 22 44 88 176 178 354 708 b
1 2 4 5 9 11 22 44 88 176 352 354 708 b
1 2 4 5 9 11 22 44 88 176 352 356 708 b
1 2 4 5 9 11 22 44 88 176 352 704 708 b
1 2 4 5 9 13 22 44 88 89 177 354 708 b
1 2 4 5 9 13 22 44 88 176 177 354 708 b
1 2 4 5 9 13 22 44 88 176 178 354 708 b
1 2 4 5 9 13 22 44 88 176 352 354 708 b
1 2 4 5 9 13 22 44 88 176 352 356 708 b
1 2 4 5 9 13 22 44 88 176 352 704 708 b
1 2 4 5 9 14 28 42 84 93 177 354 708 b
1 2 4 5 9 14 28 42 84 168 177 354 708 b
1 2 4 5 9 14 28 56 65 112 177 354 708 a
1 2 4 5 9 14 28 56 65 121 177 354 708 b
1 2 4 5 9 14 28 56 84 93 177 354 708 b
1 2 4 5 9 14 28 56 84 168 177 354 708 b
1 2 4 5 9 14 28 56 112 121 177 354 708 b
1 2 4 5 9 14 28 56 112 121 233 354 708 b
1 2 4 5 9 14 28 56 112 121 242 354 708 b
1 2 4 5 9 14 28 56 112 168 177 354 708 b
1 2 4 5 9 18 22 44 88 89 177 354 708 b
1 2 4 5 9 18 22 44 88 176 177 354 708 b
1 2 4 5 9 18 22 44 88 176 178 354 708 b
1 2 4 5 9 18 22 44 88 176 352 354 708 b
1 2 4 5 9 18 22 44 88 176 352 356 708 b
1 2 4 5 9 18 22 44 88 176 352 704 708 b
1 2 4 5 9 18 23 36 59 118 177 354 708 a
1 2 4 5 9 18 23 36 59 118 236 354 708 a
1 2 4 5 9 18 23 36 59 118 236 472 708 a
1 2 4 5 9 18 23 41 59 118 177 354 708 b
1 2 4 5 9 18 23 41 59 118 236 354 708 b
1 2 4 5 9 18 23 41 59 118 236 472 708 b
1 2 4 5 9 18 27 32 59 118 177 354 708 b
1 2 4 5 9 18 27 32 59 118 236 354 708 b
1 2 4 5 9 18 27 32 59 118 236 472 708 b
1 2 4 5 9 18 27 54 59 118 177 354 708 b
1 2 4 5 9 18 27 54 59 118 236 354 708 b
1 2 4 5 9 18 27 54 59 118 236 472 708 b
1 2 4 5 9 18 36 41 59 118 177 354 708 b
1 2 4 5 9 18 36 41 59 118 236 354 708 b
1 2 4 5 9 18 36 41 59 118 236 472 708 b
1 2 4 5 9 18 36 41 77 118 236 354 708 b
1 2 4 5 9 18 36 41 77 118 236 472 708 b
1 2 4 5 9 18 36 41 82 118 236 354 708 b
1 2 4 5 9 18 36 41 82 118 236 472 708 b
1 2 4 5 9 18 36 54 59 118 177 354 708 b
1 2 4 5 9 18 36 54 59 118 236 354 708 b
1 2 4 5 9 18 36 54 59 118 236 472 708 b
1 2 4 5 10 11 22 44 88 89 177 354 708 b
1 2 4 5 10 11 22 44 88 176 177 354 708 b
1 2 4 5 10 11 22 44 88 176 178 354 708 b
1 2 4 5 10 11 22 44 88 176 352 354 708 b
1 2 4 5 10 11 22 44 88 176 352 356 708 b
1 2 4 5 10 11 22 44 88 176 352 704 708 b
1 2 4 5 10 12 22 44 88 89 177 354 708 b
1 2 4 5 10 12 22 44 88 176 177 354 708 b
1 2 4 5 10 12 22 44 88 176 178 354 708 b
1 2 4 5 10 12 22 44 88 176 352 354 708 b
1 2 4 5 10 12 22 44 88 176 352 356 708 b
1 2 4 5 10 12 22 44 88 176 352 704 708 b
1 2 4 5 10 20 22 44 88 89 177 354 708 b
1 2 4 5 10 20 22 44 88 176 177 354 708 b
1 2 4 5 10 20 22 44 88 176 178 354 708 b
1 2 4 5 10 20 22 44 88 176 352 354 708 b
1 2 4 5 10 20 22 44 88 176 352 356 708 b
1 2 4 5 10 20 22 44 88 176 352 704 708 b
1 2 4 5 10 20 24 44 88 89 177 354 708 b
1 2 4 5 10 20 24 44 88 176 177 354 708 b
1 2 4 5 10 20 24 44 88 176 178 354 708 b
1 2 4 5 10 20 24 44 88 176 352 354 708 b
1 2 4 5 10 20 24 44 88 176 352 356 708 b
1 2 4 5 10 20 24 44 88 176 352 704 708 b
1 2 4 5 10 20 40 44 88 89 177 354 708 b
1 2 4 5 10 20 40 44 88 176 177 354 708 b
1 2 4 5 10 20 40 44 88 176 178 354 708 b
1 2 4 5 10 20 40 44 88 176 352 354 708 b
1 2 4 5 10 20 40 44 88 176 352 356 708 b
1 2 4 5 10 20 40 44 88 176 352 704 708 b
1 2 4 6 7 11 22 44 88 89 177 354 708 b
1 2 4 6 7 11 22 44 88 176 177 354 708 b
1 2 4 6 7 11 22 44 88 176 178 354 708 b
1 2 4 6 7 11 22 44 88 176 352 354 708 b
1 2 4 6 7 11 22 44 88 176 352 356 708 b
1 2 4 6 7 11 22 44 88 176 352 704 708 b
1 2 4 6 7 13 26 33 59 118 177 354 708 b
1 2 4 6 7 13 26 33 59 118 236 354 708 b
1 2 4 6 7 13 26 33 59 118 236 472 708 b
1 2 4 6 7 13 26 52 59 118 177 354 708 b
1 2 4 6 7 13 26 52 59 118 236 354 708 b
1 2 4 6 7 13 26 52 59 118 236 472 708 b
1 2 4 6 7 14 28 56 62 118 236 354 708 b
1 2 4 6 7 14 28 56 62 118 236 472 708 b
1 2 4 6 7 14 28 56 112 118 236 354 708 b
1 2 4 6 7 14 28 56 112 118 236 472 708 b
1 2 4 6 8 14 22 44 88 89 177 354 708 b
1 2 4 6 8 14 22 44 88 176 177 354 708 b
1 2 4 6 8 14 22 44 88 176 178 354 708 b
1 2 4 6 8 14 22 44 88 176 352 354 708 b
1 2 4 6 8 14 22 44 88 176 352 356 708 b
1 2 4 6 8 14 22 44 88 176 352 704 708 b
1 2 4 6 8 14 28 56 62 118 236 354 708 b
1 2 4 6 8 14 28 56 62 118 236 472 708 b
1 2 4 6 8 14 28 56 112 118 236 354 708 b
1 2 4 6 8 14 28 56 112 118 236 472 708 b
1 2 4 6 8 16 22 44 88 89 177 354 708 b
1 2 4 6 8 16 22 44 88 176 177 354 708 b
1 2 4 6 8 16 22 44 88 176 178 354 708 b
1 2 4 6 8 16 22 44 88 176 352 354 708 b
1 2 4 6 8 16 22 44 88 176 352 356 708 b
1 2 4 6 8 16 22 44 88 176 352 704 708 b
1 2 4 6 10 11 22 44 88 89 177 354 708 b
1 2 4 6 10 11 22 44 88 176 177 354 708 b
1 2 4 6 10 11 22 44 88 176 178 354 708 b
1 2 4 6 10 11 22 44 88 176 352 354 708 b
1 2 4 6 10 11 22 44 88 176 352 356 708 b
1 2 4 6 10 11 22 44 88 176 352 704 708 b
1 2 4 6 10 12 22 44 88 89 177 354 708 b
1 2 4 6 10 12 22 44 88 176 177 354 708 b
1 2 4 6 10 12 22 44 88 176 178 354 708 b
1 2 4 6 10 12 22 44 88 176 352 354 708 b
1 2 4 6 10 12 22 44 88 176 352 356 708 b
1 2 4 6 10 12 22 44 88 176 352 704 708 b
1 2 4 6 10 14 28 56 62 118 236 354 708 b
1 2 4 6 10 14 28 56 62 118 236 472 708 b
1 2 4 6 10 14 28 56 112 118 236 354 708 b
1 2 4 6 10 14 28 56 112 118 236 472 708 b
1 2 4 6 10 16 22 44 88 89 177 354 708 b
1 2 4 6 10 16 22 44 88 176 177 354 708 b
1 2 4 6 10 16 22 44 88 176 178 354 708 b
1 2 4 6 10 16 22 44 88 176 352 354 708 b
1 2 4 6 10 16 22 44 88 176 352 356 708 b
1 2 4 6 10 16 22 44 88 176 352 704 708 b
1 2 4 6 10 20 22 44 88 89 177 354 708 b
1 2 4 6 10 20 22 44 88 176 177 354 708 b
1 2 4 6 10 20 22 44 88 176 178 354 708 b
1 2 4 6 10 20 22 44 88 176 352 354 708 b
1 2 4 6 10 20 22 44 88 176 352 356 708 b
1 2 4 6 10 20 22 44 88 176 352 704 708 b
1 2 4 6 10 20 24 44 88 89 177 354 708 b
1 2 4 6 10 20 24 44 88 176 177 354 708 b
1 2 4 6 10 20 24 44 88 176 178 354 708 b
1 2 4 6 10 20 24 44 88 176 352 354 708 b
1 2 4 6 10 20 24 44 88 176 352 356 708 b
1 2 4 6 10 20 24 44 88 176 352 704 708 b
1 2 4 6 10 20 26 46 72 118 236 354 708 b
1 2 4 6 10 20 26 46 72 118 236 472 708 b
1 2 4 6 10 20 26 46 92 118 236 354 708 b
1 2 4 6 10 20 26 46 92 118 236 472 708 b
1 2 4 6 10 20 40 44 88 89 177 354 708 b
1 2 4 6 10 20 40 44 88 176 177 354 708 b
1 2 4 6 10 20 40 44 88 176 178 354 708 b
1 2 4 6 10 20 40 44 88 176 352 354 708 b
1 2 4 6 10 20 40 44 88 176 352 356 708 b
1 2 4 6 10 20 40 44 88 176 352 704 708 b
1 2 4 6 10 20 40 46 86 172 182 354 708 b
1 2 4 6 10 20 40 46 86 172 344 354 708 b
1 2 4 6 10 20 40 46 86 172 344 364 708 b
1 2 4 6 10 20 40 46 86 172 344 688 708 b
1 2 4 6 10 20 40 80 86 172 182 354 708 b
1 2 4 6 10 20 40 80 86 172 344 354 708 b
1 2 4 6 10 20 40 80 86 172 344 364 708 b
1 2 4 6 10 20 40 80 86 172 344 688 708 b
1 2 4 6 12 13 25 38 76 101 177 354 708 b
1 2 4 6 12 13 25 38 76 152 177 354 708 b
1 2 4 6 12 14 26 52 66 118 236 354 708 b
1 2 4 6 12 14 26 52 66 118 236 472 708 b
1 2 4 6 12 14 26 52 104 118 236 354 708 b
1 2 4 6 12 14 26 52 104 118 236 472 708 b
1 2 4 6 12 14 28 56 62 118 236 354 708 b
1 2 4 6 12 14 28 56 62 118 236 472 708 b
1 2 4 6 12 14 28 56 112 118 236 354 708 b
1 2 4 6 12 14 28 56 112 118 236 472 708 b
1 2 4 6 12 14 28 56 112 124 236 472 708 b
1 2 4 6 12 14 28 56 112 224 236 472 708 b
1 2 4 6 12 16 22 44 88 89 177 354 708 b
1 2 4 6 12 16 22 44 88 176 177 354 708 b
1 2 4 6 12 16 22 44 88 176 178 354 708 b
1 2 4 6 12 16 22 44 88 176 352 354 708 b
1 2 4 6 12 16 22 44 88 176 352 356 708 b
1 2 4 6 12 16 22 44 88 176 352 704 708 b
1 2 4 6 12 16 28 44 88 89 177 354 708 b
1 2 4 6 12 16 28 44 88 176 177 354 708 b
1 2 4 6 12 16 28 44 88 176 178 354 708 b
1 2 4 6 12 16 28 44 88 176 352 354 708 b
1 2 4 6 12 16 28 44 88 176 352 356 708 b
1 2 4 6 12 16 28 44 88 176 352 704 708 b
1 2 4 6 12 16 28 56 62 118 236 354 708 b
1 2 4 6 12 16 28 56 62 118 236 472 708 b
1 2 4 6 12 16 28 56 112 118 236 354 708 b
1 2 4 6 12 16 28 56 112 118 236 472 708 b
1 2 4 6 12 16 28 56 112 124 236 472 708 b
1 2 4 6 12 16 28 56 112 224 236 472 708 b
1 2 4 6 12 16 32 44 88 89 177 354 708 b
1 2 4 6 12 16 32 44 88 176 177 354 708 b
1 2 4 6 12 16 32 44 88 176 178 354 708 b
1 2 4 6 12 16 32 44 88 176 352 354 708 b
1 2 4 6 12 16 32 44 88 176 352 356 708 b
1 2 4 6 12 16 32 44 88 176 352 704 708 b
1 2 4 6 12 18 22 44 88 89 177 354 708 b
1 2 4 6 12 18 22 44 88 176 177 354 708 b
1 2 4 6 12 18 22 44 88 176 178 354 708 b
1 2 4 6 12 18 22 44 88 176 352 354 708 b
1 2 4 6 12 18 22 44 88 176 352 356 708 b
1 2 4 6 12 18 22 44 88 176 352 704 708 b
1 2 4 6 12 18 24 42 84 168 186 354 708 b
1 2 4 6 12 18 24 42 84 168 336 354 708 b
1 2 4 6 12 18 30 42 84 168 186 354 708 b
1 2 4 6 12 18 30 42 84 168 336 354 708 b
1 2 4 6 12 18 30 60 78 138 216 354 708 b
1 2 4 6 12 18 30 60 78 138 276 354 708 b
1 2 4 6 12 18 36 42 78 156 198 354 708 b
1 2 4 6 12 18 36 42 78 156 312 354 708 b
1 2 4 6 12 18 36 42 84 168 186 354 708 b
1 2 4 6 12 18 36 42 84 168 336 354 708 b
1 2 4 6 12 18 36 42 84 168 336 372 708 b
1 2 4 6 12 18 36 42 84 168 336 672 708 b
1 2 4 6 12 18 36 48 84 168 186 354 708 b
1 2 4 6 12 18 36 48 84 168 336 354 708 b
1 2 4 6 12 18 36 48 84 168 336 372 708 b
1 2 4 6 12 18 36 48 84 168 336 672 708 b
1 2 4 6 12 18 36 72 84 156 312 396 708 b
1 2 4 6 12 18 36 72 84 156 312 624 708 b
1 2 4 6 12 18 36 72 84 168 186 354 708 b
1 2 4 6 12 18 36 72 84 168 336 354 708 b
1 2 4 6 12 18 36 72 84 168 336 372 708 b
1 2 4 6 12 18 36 72 84 168 336 672 708 b
1 2 4 6 12 24 26 50 76 152 202 354 708 b
1 2 4 6 12 24 26 50 76 152 304 354 708 b
1 2 4 6 12 24 28 52 104 132 236 472 708 b
1 2 4 6 12 24 28 52 104 208 236 472 708 b
1 2 4 6 12 24 28 56 62 118 236 354 708 b
1 2 4 6 12 24 28 56 62 118 236 472 708 b
1 2 4 6 12 24 28 56 112 118 236 354 708 b
1 2 4 6 12 24 28 56 112 118 236 472 708 b
1 2 4 6 12 24 28 56 112 124 236 472 708 b
1 2 4 6 12 24 28 56 112 224 236 472 708 b
1 2 4 6 12 24 30 54 108 138 216 354 708 a
1 2 4 6 12 24 30 54 108 138 246 354 708 b
1 2 4 6 12 24 30 54 108 162 192 354 708 b
1 2 4 6 12 24 30 54 108 162 324 354 708 b
1 2 4 6 12 24 30 54 108 216 246 354 708 b
1 2 4 6 12 24 30 54 108 216 246 462 708 b
1 2 4 6 12 24 30 54 108 216 246 492 708 b
1 2 4 6 12 24 30 54 108 216 324 354 708 b
1 2 4 6 12 24 36 42 78 156 198 354 708 b
1 2 4 6 12 24 36 42 78 156 312 354 708 b
1 2 4 6 12 24 36 42 84 168 336 372 708 b
1 2 4 6 12 24 36 42 84 168 336 672 708 b
1 2 4 6 12 24 36 48 84 168 336 372 708 b
1 2 4 6 12 24 36 48 84 168 336 672 708 b
1 2 4 6 12 24 36 60 84 168 336 372 708 b
1 2 4 6 12 24 36 60 84 168 336 672 708 b
1 2 4 6 12 24 36 60 120 156 276 432 708 b
1 2 4 6 12 24 36 60 120 156 276 552 708 b
1 2 4 6 12 24 36 72 84 156 312 396 708 b
1 2 4 6 12 24 36 72 84 156 312 624 708 b
1 2 4 6 12 24 36 72 84 168 336 372 708 b
1 2 4 6 12 24 36 72 84 168 336 672 708 b
1 2 4 6 12 24 36 72 96 168 336 372 708 b
1 2 4 6 12 24 36 72 96 168 336 672 708 b
1 2 4 6 12 24 36 72 144 168 336 372 708 b
1 2 4 6 12 24 36 72 144 168 336 672 708 b
1 2 4 6 12 24 48 52 100 152 304 404 708 b
1 2 4 6 12 24 48 52 100 152 304 608 708 b
1 2 4 6 12 24 48 54 96 150 204 354 708 a
1 2 4 6 12 24 48 54 96 150 300 354 708 a
1 2 4 6 12 24 48 54 102 126 228 354 708 b
1 2 4 6 12 24 48 54 102 126 252 354 708 b
1 2 4 6 12 24 48 54 102 150 204 354 708 b
1 2 4 6 12 24 48 54 102 150 252 354 708 b
1 2 4 6 12 24 48 54 102 150 300 354 708 b
1 2 4 6 12 24 48 54 102 204 252 354 708 b
1 2 4 6 12 24 48 54 102 204 252 456 708 b
1 2 4 6 12 24 48 54 102 204 252 504 708 b
1 2 4 6 12 24 48 54 102 204 306 354 708 b
1 2 4 6 12 24 48 60 108 216 276 432 708 a
1 2 4 6 12 24 48 60 108 216 276 492 708 b
1 2 4 6 12 24 48 60 108 216 324 384 708 b
1 2 4 6 12 24 48 60 108 216 324 648 708 b
1 2 4 6 12 24 48 60 108 216 432 492 708 b
1 2 4 6 12 24 48 60 108 216 432 648 708 b
1 2 4 6 12 24 48 72 84 156 312 396 708 b
1 2 4 6 12 24 48 72 84 156 312 624 708 b
1 2 4 6 12 24 48 96 102 126 228 354 708 b
1 2 4 6 12 24 48 96 102 126 252 354 708 b
1 2 4 6 12 24 48 96 102 150 204 354 708 a
1 2 4 6 12 24 48 96 102 150 252 354 708 b
1 2 4 6 12 24 48 96 102 204 252 354 708 b
1 2 4 6 12 24 48 96 102 204 252 456 708 b
1 2 4 6 12 24 48 96 102 204 252 504 708 b
1 2 4 6 12 24 48 96 102 204 300 408 708 a
1 2 4 6 12 24 48 96 102 204 300 504 708 b
1 2 4 6 12 24 48 96 102 204 306 354 708 b
1 2 4 6 12 24 48 96 102 204 306 402 708 b
1 2 4 6 12 24 48 96 102 204 306 612 708 b
1 2 4 6 12 24 48 96 102 204 408 504 708 b
1 2 4 6 12 24 48 96 102 204 408 612 708 b
1 2 4 6 12 24 48 96 108 192 300 408 708 a
1 2 4 6 12 24 48 96 108 192 300 600 708 a
1 2 4 6 12 24 48 96 108 204 252 456 708 b
1 2 4 6 12 24 48 96 108 204 252 504 708 b
1 2 4 6 12 24 48 96 108 204 300 408 708 b
1 2 4 6 12 24 48 96 108 204 300 504 708 b
1 2 4 6 12 24 48 96 108 204 300 600 708 b
1 2 4 6 12 24 48 96 108 204 408 504 708 b
1 2 4 6 12 24 48 96 108 204 408 612 708 b
1 2 4 6 12 24 48 96 192 204 252 456 708 b
1 2 4 6 12 24 48 96 192 204 252 504 708 b
1 2 4 6 12 24 48 96 192 204 300 408 708 a
1 2 4 6 12 24 48 96 192 204 300 504 708 b
1 2 4 6 12 24 48 96 192 204 408 504 708 b
1 2 4 6 12 24 48 96 192 204 408 612 708 b
1 2 4 8 9 11 22 44 88 89 177 354 708 b
1 2 4 8 9 11 22 44 88 176 177 354 708 b
1 2 4 8 9 11 22 44 88 176 178 354 708 b
1 2 4 8 9 11 22 44 88 176 352 354 708 b
1 2 4 8 9 11 22 44 88 176 352 356 708 b
1 2 4 8 9 11 22 44 88 176 352 704 708 b
1 2 4 8 9 12 21 42 84 93 177 354 708 a
1 2 4 8 9 12 21 42 84 168 177 354 708 a
1 2 4 8 9 13 21 42 84 93 177 354 708 b
1 2 4 8 9 13 21 42 84 168 177 354 708 b
1 2 4 8 9 13 22 44 88 89 177 354 708 b
1 2 4 8 9 13 22 44 88 176 177 354 708 b
1 2 4 8 9 13 22 44 88 176 178 354 708 b
1 2 4 8 9 13 22 44 88 176 352 354 708 b
1 2 4 8 9 13 22 44 88 176 352 356 708 b
1 2 4 8 9 13 22 44 88 176 352 704 708 b
1 2 4 8 9 16 25 34 59 118 177 354 708 a
1 2 4 8 9 16 25 34 59 118 236 354 708 a
1 2 4 8 9 16 25 34 59 118 236 472 708 a
1 2 4 8 9 16 25 50 59 118 177 354 708 a
1 2 4 8 9 16 25 50 59 118 236 354 708 a
1 2 4 8 9 16 25 50 59 118 236 472 708 a
1 2 4 8 9 17 21 38 59 118 177 354 708 b
1 2 4 8 9 17 21 38 59 118 236 354 708 b
1 2 4 8 9 17 21 38 59 118 236 472 708 b
1 2 4 8 9 17 21 42 59 118 177 354 708 b
1 2 4 8 9 17 21 42 59 118 236 354 708 b
1 2 4 8 9 17 21 42 59 118 236 472 708 b
1 2 4 8 9 17 21 42 84 93 177 354 708 b
1 2 4 8 9 17 21 42 84 168 177 354 708 b
1 2 4 8 9 17 25 34 59 118 177 354 708 b
1 2 4 8 9 17 25 34 59 118 236 354 708 b
1 2 4 8 9 17 25 34 59 118 236 472 708 b
1 2 4 8 9 17 25 42 59 118 177 354 708 b
1 2 4 8 9 17 25 42 59 118 236 354 708 b
1 2 4 8 9 17 25 42 59 118 236 472 708 b
1 2 4 8 9 17 25 42 84 93 177 354 708 b
1 2 4 8 9 17 25 42 84 168 177 354 708 b
1 2 4 8 9 17 25 50 59 118 177 354 708 b
1 2 4 8 9 17 25 50 59 118 236 354 708 b
1 2 4 8 9 17 25 50 59 118 236 472 708 b
1 2 4 8 9 17 34 42 59 118 177 354 708 b
1 2 4 8 9 17 34 42 59 118 236 354 708 b
1 2 4 8 9 17 34 42 59 118 236 472 708 b
1 2 4 8 9 17 34 42 76 118 236 354 708 b
1 2 4 8 9 17 34 42 76 118 236 472 708 b
1 2 4 8 9 17 34 42 84 93 177 354 708 b
1 2 4 8 9 17 34 42 84 118 236 354 708 b
1 2 4 8 9 17 34 42 84 118 236 472 708 b
1 2 4 8 9 17 34 42 84 168 177 354 708 b
1 2 4 8 9 17 34 51 59 118 177 354 708 b
1 2 4 8 9 17 34 51 59 118 236 354 708 b
1 2 4 8 9 17 34 51 59 118 236 472 708 b
1 2 4 8 9 18 22 44 88 89 177 354 708 b
1 2 4 8 9 18 22 44 88 176 177 354 708 b
1 2 4 8 9 18 22 44 88 176 178 354 708 b
1 2 4 8 9 18 22 44 88 176 352 354 708 b
1 2 4 8 9 18 22 44 88 176 352 356 708 b
1 2 4 8 9 18 22 44 88 176 352 704 708 b
1 2 4 8 9 18 26 44 88 89 177 354 708 b
1 2 4 8 9 18 26 44 88 176 177 354 708 b
1 2 4 8 9 18 26 44 88 176 178 354 708 b
1 2 4 8 9 18 26 44 88 176 352 354 708 b
1 2 4 8 9 18 26 44 88 176 352 356 708 b
1 2 4 8 9 18 26 44 88 176 352 704 708 b
1 2 4 8 9 18 36 44 88 89 177 354 708 b
1 2 4 8 9 18 36 44 88 176 177 354 708 b
1 2 4 8 9 18 36 44 88 176 178 354 708 b
1 2 4 8 9 18 36 44 88 176 352 354 708 b
1 2 4 8 9 18 36 44 88 176 352 356 708 b
1 2 4 8 9 18 36 44 88 176 352 704 708 b
1 2 4 8 10 11 22 44 88 89 177 354 708 b
1 2 4 8 10 11 22 44 88 176 177 354 708 b
1 2 4 8 10 11 22 44 88 176 178 354 708 b
1 2 4 8 10 11 22 44 88 176 352 354 708 b
1 2 4 8 10 11 22 44 88 176 352 356 708 b
1 2 4 8 10 11 22 44 88 176 352 704 708 b
1 2 4 8 10 12 22 44 88 89 177 354 708 b
1 2 4 8 10 12 22 44 88 176 177 354 708 b
1 2 4 8 10 12 22 44 88 176 178 354 708 b
1 2 4 8 10 12 22 44 88 176 352 354 708 b
1 2 4 8 10 12 22 44 88 176 352 356 708 b
1 2 4 8 10 12 22 44 88 176 352 704 708 b
1 2 4 8 10 14 22 44 88 89 177 354 708 b
1 2 4 8 10 14 22 44 88 176 177 354 708 b
1 2 4 8 10 14 22 44 88 176 178 354 708 b
1 2 4 8 10 14 22 44 88 176 352 354 708 b
1 2 4 8 10 14 22 44 88 176 352 356 708 b
1 2 4 8 10 14 22 44 88 176 352 704 708 b
1 2 4 8 10 18 22 44 88 89 177 354 708 b
1 2 4 8 10 18 22 44 88 176 177 354 708 b
1 2 4 8 10 18 22 44 88 176 178 354 708 b
1 2 4 8 10 18 22 44 88 176 352 354 708 b
1 2 4 8 10 18 22 44 88 176 352 356 708 b
1 2 4 8 10 18 22 44 88 176 352 704 708 b
1 2 4 8 10 18 26 44 88 89 177 354 708 b
1 2 4 8 10 18 26 44 88 176 177 354 708 b
1 2 4 8 10 18 26 44 88 176 178 354 708 b
1 2 4 8 10 18 26 44 88 176 352 354 708 b
1 2 4 8 10 18 26 44 88 176 352 356 708 b
1 2 4 8 10 18 26 44 88 176 352 704 708 b
1 2 4 8 10 18 28 56 84 168 186 354 708 b
1 2 4 8 10 18 28 56 84 168 336 354 708 b
1 2 4 8 10 18 28 56 112 130 224 354 708 a
1 2 4 8 10 18 28 56 112 130 242 354 708 b
1 2 4 8 10 18 28 56 112 168 186 354 708 b
1 2 4 8 10 18 28 56 112 168 336 354 708 b
1 2 4 8 10 18 28 56 112 224 242 354 708 b
1 2 4 8 10 18 28 56 112 224 242 466 708 b
1 2 4 8 10 18 28 56 112 224 242 484 708 b
1 2 4 8 10 18 28 56 112 224 336 354 708 b
1 2 4 8 10 18 36 44 88 89 177 354 708 b
1 2 4 8 10 18 36 44 88 176 177 354 708 b
1 2 4 8 10 18 36 44 88 176 178 354 708 b
1 2 4 8 10 18 36 44 88 176 352 354 708 b
1 2 4 8 10 18 36 44 88 176 352 356 708 b
1 2 4 8 10 18 36 44 88 176 352 704 708 b
1 2 4 8 10 18 36 46 72 118 236 354 708 a
1 2 4 8 10 18 36 46 72 118 236 472 708 a
1 2 4 8 10 18 36 46 82 118 236 354 708 b
1 2 4 8 10 18 36 46 82 118 236 472 708 b
1 2 4 8 10 18 36 54 64 118 236 354 708 b
1 2 4 8 10 18 36 54 64 118 236 472 708 b
1 2 4 8 10 18 36 54 108 118 236 354 708 b
1 2 4 8 10 18 36 54 108 118 236 472 708 b
1 2 4 8 10 18 36 72 82 118 236 354 708 b
1 2 4 8 10 18 36 72 82 118 236 472 708 b
1 2 4 8 10 18 36 72 82 154 236 472 708 b
1 2 4 8 10 18 36 72 82 164 236 472 708 b
1 2 4 8 10 18 36 72 108 118 236 354 708 b
1 2 4 8 10 18 36 72 108 118 236 472 708 b
1 2 4 8 10 20 22 44 88 89 177 354 708 b
1 2 4 8 10 20 22 44 88 176 177 354 708 b
1 2 4 8 10 20 22 44 88 176 178 354 708 b
1 2 4 8 10 20 22 44 88 176 352 354 708 b
1 2 4 8 10 20 22 44 88 176 352 356 708 b
1 2 4 8 10 20 22 44 88 176 352 704 708 b
1 2 4 8 10 20 24 44 88 89 177 354 708 b
1 2 4 8 10 20 24 44 88 176 177 354 708 b
1 2 4 8 10 20 24 44 88 176 178 354 708 b
1 2 4 8 10 20 24 44 88 176 352 354 708 b
1 2 4 8 10 20 24 44 88 176 352 356 708 b
1 2 4 8 10 20 24 44 88 176 352 704 708 b
1 2 4 8 10 20 40 44 88 89 177 354 708 b
1 2 4 8 10 20 40 44 88 176 177 354 708 b
1 2 4 8 10 20 40 44 88 176 178 354 708 b
1 2 4 8 10 20 40 44 88 176 352 354 708 b
1 2 4 8 10 20 40 44 88 176 352 356 708 b
1 2 4 8 10 20 40 44 88 176 352 704 708 b
1 2 4 8 10 20 40 48 88 89 177 354 708 b
1 2 4 8 10 20 40 48 88 176 177 354 708 b
1 2 4 8 10 20 40 48 88 176 178 354 708 b
1 2 4 8 10 20 40 48 88 176 352 354 708 b
1 2 4 8 10 20 40 48 88 176 352 356 708 b
1 2 4 8 10 20 40 48 88 176 352 704 708 b
1 2 4 8 10 20 40 80 88 89 177 354 708 b
1 2 4 8 10 20 40 80 88 176 177 354 708 b
1 2 4 8 10 20 40 80 88 176 178 354 708 b
1 2 4 8 10 20 40 80 88 176 352 354 708 b
1 2 4 8 10 20 40 80 88 176 352 356 708 b
1 2 4 8 10 20 40 80 88 176 352 704 708 b
1 2 4 8 12 13 25 38 76 101 177 354 708 b
1 2 4 8 12 13 25 38 76 152 177 354 708 b
1 2 4 8 12 14 22 44 88 89 177 354 708 b
1 2 4 8 12 14 22 44 88 176 177 354 708 b
1 2 4 8 12 14 22 44 88 176 178 354 708 b
1 2 4 8 12 14 22 44 88 176 352 354 708 b
1 2 4 8 12 14 22 44 88 176 352 356 708 b
1 2 4 8 12 14 22 44 88 176 352 704 708 b
1 2 4 8 12 14 26 52 66 118 236 354 708 b
1 2 4 8 12 14 26 52 66 118 236 472 708 b
1 2 4 8 12 14 26 52 104 118 236 354 708 b
1 2 4 8 12 14 26 52 104 118 236 472 708 b
1 2 4 8 12 14 28 56 112 124 236 472 708 b
1 2 4 8 12 14 28 56 112 224 236 472 708 b
1 2 4 8 12 16 28 44 88 89 177 354 708 b
1 2 4 8 12 16 28 44 88 176 177 354 708 b
1 2 4 8 12 16 28 44 88 176 178 354 708 b
1 2 4 8 12 16 28 44 88 176 352 354 708 b
1 2 4 8 12 16 28 44 88 176 352 356 708 b
1 2 4 8 12 16 28 44 88 176 352 704 708 b
1 2 4 8 12 16 28 56 112 124 236 472 708 b
1 2 4 8 12 16 28 56 112 224 236 472 708 b
1 2 4 8 12 16 32 44 88 89 177 354 708 b
1 2 4 8 12 16 32 44 88 176 177 354 708 b
1 2 4 8 12 16 32 44 88 176 178 354 708 b
1 2 4 8 12 16 32 44 88 176 352 354 708 b
1 2 4 8 12 16 32 44 88 176 352 356 708 b
1 2 4 8 12 16 32 44 88 176 352 704 708 b
1 2 4 8 12 20 22 44 88 89 177 354 708 b
1 2 4 8 12 20 22 44 88 176 177 354 708 b
1 2 4 8 12 20 22 44 88 176 178 354 708 b
1 2 4 8 12 20 22 44 88 176 352 354 708 b
1 2 4 8 12 20 22 44 88 176 352 356 708 b
1 2 4 8 12 20 22 44 88 176 352 704 708 b
1 2 4 8 12 20 24 44 88 89 177 354 708 b
1 2 4 8 12 20 24 44 88 176 177 354 708 b
1 2 4 8 12 20 24 44 88 176 178 354 708 b
1 2 4 8 12 20 24 44 88 176 352 354 708 b
1 2 4 8 12 20 24 44 88 176 352 356 708 b
1 2 4 8 12 20 24 44 88 176 352 704 708 b
1 2 4 8 12 20 28 56 112 124 236 472 708 b
1 2 4 8 12 20 28 56 112 224 236 472 708 b
1 2 4 8 12 20 32 44 88 89 177 354 708 b
1 2 4 8 12 20 32 44 88 176 177 354 708 b
1 2 4 8 12 20 32 44 88 176 178 354 708 b
1 2 4 8 12 20 32 44 88 176 352 354 708 b
1 2 4 8 12 20 32 44 88 176 352 356 708 b
1 2 4 8 12 20 32 44 88 176 352 704 708 b
1 2 4 8 12 20 40 44 88 89 177 354 708 b
1 2 4 8 12 20 40 44 88 176 177 354 708 b
1 2 4 8 12 20 40 44 88 176 178 354 708 b
1 2 4 8 12 20 40 44 88 176 352 354 708 b
1 2 4 8 12 20 40 44 88 176 352 356 708 b
1 2 4 8 12 20 40 44 88 176 352 704 708 b
1 2 4 8 12 20 40 48 88 89 177 354 708 b
1 2 4 8 12 20 40 48 88 176 177 354 708 b
1 2 4 8 12 20 40 48 88 176 178 354 708 b
1 2 4 8 12 20 40 48 88 176 352 354 708 b
1 2 4 8 12 20 40 48 88 176 352 356 708 b
1 2 4 8 12 20 40 48 88 176 352 704 708 b
1 2 4 8 12 20 40 52 92 144 236 472 708 b
1 2 4 8 12 20 40 52 92 184 236 472 708 b
1 2 4 8 12 20 40 80 88 89 177 354 708 b
1 2 4 8 12 20 40 80 88 176 177 354 708 b
1 2 4 8 12 20 40 80 88 176 178 354 708 b
1 2 4 8 12 20 40 80 88 176 352 354 708 b
1 2 4 8 12 20 40 80 88 176 352 356 708 b
1 2 4 8 12 20 40 80 88 176 352 704 708 b
1 2 4 8 12 20 40 80 92 172 344 364 708 b
1 2 4 8 12 20 40 80 92 172 344 688 708 b
1 2 4 8 12 20 40 80 160 172 344 364 708 b
1 2 4 8 12 20 40 80 160 172 344 688 708 b
1 2 4 8 12 24 26 50 76 152 202 354 708 b
1 2 4 8 12 24 26 50 76 152 304 354 708 b
1 2 4 8 12 24 28 52 104 132 236 472 708 b
1 2 4 8 12 24 28 52 104 208 236 472 708 b
1 2 4 8 12 24 28 56 112 124 236 472 708 b
1 2 4 8 12 24 28 56 112 224 236 472 708 b
1 2 4 8 12 24 32 44 88 89 177 354 708 b
1 2 4 8 12 24 32 44 88 176 177 354 708 b
1 2 4 8 12 24 32 44 88 176 178 354 708 b
1 2 4 8 12 24 32 44 88 176 352 354 708 b
1 2 4 8 12 24 32 44 88 176 352 356 708 b
1 2 4 8 12 24 32 44 88 176 352 704 708 b
1 2 4 8 12 24 32 56 88 89 177 354 708 b
1 2 4 8 12 24 32 56 88 176 177 354 708 b
1 2 4 8 12 24 32 56 88 176 178 354 708 b
1 2 4 8 12 24 32 56 88 176 352 354 708 b
1 2 4 8 12 24 32 56 88 176 352 356 708 b
1 2 4 8 12 24 32 56 88 176 352 704 708 b
1 2 4 8 12 24 32 56 112 124 236 472 708 b
1 2 4 8 12 24 32 56 112 224 236 472 708 b
1 2 4 8 12 24 32 64 88 89 177 354 708 b
1 2 4 8 12 24 32 64 88 176 177 354 708 b
1 2 4 8 12 24 32 64 88 176 178 354 708 b
1 2 4 8 12 24 32 64 88 176 352 354 708 b
1 2 4 8 12 24 32 64 88 176 352 356 708 b
1 2 4 8 12 24 32 64 88 176 352 704 708 b
1 2 4 8 12 24 36 44 88 89 177 354 708 b
1 2 4 8 12 24 36 44 88 176 177 354 708 b
1 2 4 8 12 24 36 44 88 176 178 354 708 b
1 2 4 8 12 24 36 44 88 176 352 354 708 b
1 2 4 8 12 24 36 44 88 176 352 356 708 b
1 2 4 8 12 24 36 44 88 176 352 704 708 b
1 2 4 8 12 24 36 48 84 168 336 372 708 b
1 2 4 8 12 24 36 48 84 168 336 672 708 b
1 2 4 8 12 24 36 60 84 168 336 372 708 b
1 2 4 8 12 24 36 60 84 168 336 672 708 b
1 2 4 8 12 24 36 60 120 156 276 432 708 b
1 2 4 8 12 24 36 60 120 156 276 552 708 b
1 2 4 8 12 24 36 72 84 156 312 396 708 b
1 2 4 8 12 24 36 72 84 156 312 624 708 b
1 2 4 8 12 24 36 72 84 168 336 372 708 b
1 2 4 8 12 24 36 72 84 168 336 672 708 b
1 2 4 8 12 24 36 72 96 168 336 372 708 b
1 2 4 8 12 24 36 72 96 168 336 672 708 b
1 2 4 8 12 24 36 72 144 168 336 372 708 b
1 2 4 8 12 24 36 72 144 168 336 672 708 b
1 2 4 8 12 24 48 52 100 152 304 404 708 b
1 2 4 8 12 24 48 52 100 152 304 608 708 b
1 2 4 8 12 24 48 56 112 124 236 472 708 b
1 2 4 8 12 24 48 56 112 224 236 472 708 b
1 2 4 8 12 24 48 60 108 216 276 432 708 a
1 2 4 8 12 24 48 60 108 216 276 492 708 b
1 2 4 8 12 24 48 60 108 216 324 384 708 b
1 2 4 8 12 24 48 60 108 216 324 648 708 b
1 2 4 8 12 24 48 60 108 216 432 492 708 b
1 2 4 8 12 24 48 60 108 216 432 648 708 b
1 2 4 8 12 24 48 72 84 156 312 396 708 b
1 2 4 8 12 24 48 72 84 156 312 624 708 b
1 2 4 8 12 24 48 96 108 192 300 408 708 a
1 2 4 8 12 24 48 96 108 192 300 600 708 a
1 2 4 8 12 24 48 96 108 204 252 456 708 b
1 2 4 8 12 24 48 96 108 204 252 504 708 b
1 2 4 8 12 24 48 96 108 204 300 408 708 b
1 2 4 8 12 24 48 96 108 204 300 504 708 b
1 2 4 8 12 24 48 96 108 204 300 600 708 b
1 2 4 8 12 24 48 96 108 204 408 504 708 b
1 2 4 8 12 24 48 96 108 204 408 612 708 b
1 2 4 8 12 24 48 96 192 204 252 456 708 b
1 2 4 8 12 24 48 96 192 204 252 504 708 b
1 2 4 8 12 24 48 96 192 204 300 408 708 a
1 2 4 8 12 24 48 96 192 204 300 504 708 b
1 2 4 8 12 24 48 96 192 204 408 504 708 b
1 2 4 8 12 24 48 96 192 204 408 612 708 b
1 2 4 8 16 17 20 40 80 97 177 354 708 a
1 2 4 8 16 17 20 40 80 160 177 354 708 a
1 2 4 8 16 17 21 38 59 118 177 354 708 b
1 2 4 8 16 17 21 38 59 118 236 354 708 b
1 2 4 8 16 17 21 38 59 118 236 472 708 b
1 2 4 8 16 17 21 42 59 118 177 354 708 b
1 2 4 8 16 17 21 42 59 118 236 354 708 b
1 2 4 8 16 17 21 42 59 118 236 472 708 b
1 2 4 8 16 17 24 40 80 97 177 354 708 a
1 2 4 8 16 17 24 40 80 160 177 354 708 a
1 2 4 8 16 17 25 34 59 118 177 354 708 a
1 2 4 8 16 17 25 34 59 118 236 354 708 a
1 2 4 8 16 17 25 34 59 118 236 472 708 a
1 2 4 8 16 17 25 42 59 118 177 354 708 b
1 2 4 8 16 17 25 42 59 118 236 354 708 b
1 2 4 8 16 17 25 42 59 118 236 472 708 b
1 2 4 8 16 17 32 40 80 97 177 354 708 a
1 2 4 8 16 17 32 40 80 160 177 354 708 a
1 2 4 8 16 17 32 48 80 97 177 354 708 a
1 2 4 8 16 17 32 48 80 160 177 354 708 a
1 2 4 8 16 17 32 49 64 113 177 354 708 a
1 2 4 8 16 17 32 49 64 128 177 354 708 a
1 2 4 8 16 17 32 64 80 97 177 354 708 a
1 2 4 8 16 17 32 64 80 160 177 354 708 a
1 2 4 8 16 17 32 64 81 96 177 354 708 a
1 2 4 8 16 17 32 64 81 113 177 354 708 a
1 2 4 8 16 17 32 64 81 145 177 354 708 a
1 2 4 8 16 17 32 64 81 145 209 354 708 a
1 2 4 8 16 17 32 64 81 145 290 354 708 a
1 2 4 8 16 17 32 64 96 113 177 354 708 a
1 2 4 8 16 17 32 64 96 160 177 354 708 a
1 2 4 8 16 17 32 64 128 145 177 354 708 a
1 2 4 8 16 17 32 64 128 145 209 354 708 a
1 2 4 8 16 17 32 64 128 145 290 354 708 a
1 2 4 8 16 17 32 64 128 145 290 418 708 a
1 2 4 8 16 17 32 64 128 145 290 580 708 a
1 2 4 8 16 17 32 64 128 160 177 354 708 a
1 2 4 8 16 17 33 37 70 107 177 354 708 b
1 2 4 8 16 17 33 37 70 140 177 354 708 b
1 2 4 8 16 17 33 66 74 140 214 354 708 b
1 2 4 8 16 17 33 66 74 140 280 354 708 b
1 2 4 8 16 17 33 66 132 148 280 428 708 b
1 2 4 8 16 17 33 66 132 148 280 560 708 b
1 2 4 8 16 17 34 42 59 118 177 354 708 b
1 2 4 8 16 17 34 42 59 118 236 354 708 b
1 2 4 8 16 17 34 42 59 118 236 472 708 b
1 2 4 8 16 17 34 42 76 118 236 354 708 b
1 2 4 8 16 17 34 42 76 118 236 472 708 b
1 2 4 8 16 17 34 42 84 118 236 354 708 b
1 2 4 8 16 17 34 42 84 118 236 472 708 b
1 2 4 8 16 17 34 50 68 118 236 354 708 a
1 2 4 8 16 17 34 50 68 118 236 472 708 a
1 2 4 8 16 17 34 50 84 118 236 354 708 b
1 2 4 8 16 17 34 50 84 118 236 472 708 b
1 2 4 8 16 17 34 51 59 118 177 354 708 b
1 2 4 8 16 17 34 51 59 118 236 354 708 b
1 2 4 8 16 17 34 51 59 118 236 472 708 b
1 2 4 8 16 17 34 51 67 118 236 354 708 b
1 2 4 8 16 17 34 51 67 118 236 472 708 b
1 2 4 8 16 17 34 51 102 118 236 354 708 b
1 2 4 8 16 17 34 51 102 118 236 472 708 b
1 2 4 8 16 17 34 68 84 118 236 354 708 b
1 2 4 8 16 17 34 68 84 118 236 472 708 b
1 2 4 8 16 17 34 68 84 152 236 472 708 b
1 2 4 8 16 17 34 68 84 168 236 472 708 b
1 2 4 8 16 17 34 68 102 118 236 354 708 b
1 2 4 8 16 17 34 68 102 118 236 472 708 b
1 2 4 8 16 18 22 44 88 89 177 354 708 b
1 2 4 8 16 18 22 44 88 176 177 354 708 b
1 2 4 8 16 18 22 44 88 176 178 354 708 b
1 2 4 8 16 18 22 44 88 176 352 354 708 b
1 2 4 8 16 18 22 44 88 176 352 356 708 b
1 2 4 8 16 18 22 44 88 176 352 704 708 b
1 2 4 8 16 18 24 42 84 168 186 354 708 a
1 2 4 8 16 18 24 42 84 168 336 354 708 a
1 2 4 8 16 18 26 42 84 168 186 354 708 b
1 2 4 8 16 18 26 42 84 168 336 354 708 b
1 2 4 8 16 18 26 44 88 89 177 354 708 b
1 2 4 8 16 18 26 44 88 176 177 354 708 b
1 2 4 8 16 18 26 44 88 176 178 354 708 b
1 2 4 8 16 18 26 44 88 176 352 354 708 b
1 2 4 8 16 18 26 44 88 176 352 356 708 b
1 2 4 8 16 18 26 44 88 176 352 704 708 b
1 2 4 8 16 18 32 50 68 118 236 354 708 a
1 2 4 8 16 18 32 50 68 118 236 472 708 a
1 2 4 8 16 18 32 50 100 118 236 354 708 a
1 2 4 8 16 18 32 50 100 118 236 472 708 a
1 2 4 8 16 18 34 42 76 118 236 354 708 b
1 2 4 8 16 18 34 42 76 118 236 472 708 b
1 2 4 8 16 18 34 42 84 118 236 354 708 b
1 2 4 8 16 18 34 42 84 118 236 472 708 b
1 2 4 8 16 18 34 42 84 168 186 354 708 b
1 2 4 8 16 18 34 42 84 168 336 354 708 b
1 2 4 8 16 18 34 50 68 118 236 354 708 b
1 2 4 8 16 18 34 50 68 118 236 472 708 b
1 2 4 8 16 18 34 50 84 118 236 354 708 b
1 2 4 8 16 18 34 50 84 118 236 472 708 b
1 2 4 8 16 18 34 50 84 168 186 354 708 b
1 2 4 8 16 18 34 50 84 168 336 354 708 b
1 2 4 8 16 18 34 50 100 118 236 354 708 b
1 2 4 8 16 18 34 50 100 118 236 472 708 b
1 2 4 8 16 18 34 68 84 118 236 354 708 b
1 2 4 8 16 18 34 68 84 118 236 472 708 b
1 2 4 8 16 18 34 68 84 152 236 472 708 b
1 2 4 8 16 18 34 68 84 168 186 354 708 b
1 2 4 8 16 18 34 68 84 168 236 472 708 b
1 2 4 8 16 18 34 68 84 168 336 354 708 b
1 2 4 8 16 18 34 68 102 118 236 354 708 b
1 2 4 8 16 18 34 68 102 118 236 472 708 b
1 2 4 8 16 18 36 44 88 89 177 354 708 b
1 2 4 8 16 18 36 44 88 176 177 354 708 b
1 2 4 8 16 18 36 44 88 176 178 354 708 b
1 2 4 8 16 18 36 44 88 176 352 354 708 b
1 2 4 8 16 18 36 44 88 176 352 356 708 b
1 2 4 8 16 18 36 44 88 176 352 704 708 b
1 2 4 8 16 18 36 52 88 89 177 354 708 b
1 2 4 8 16 18 36 52 88 176 177 354 708 b
1 2 4 8 16 18 36 52 88 176 178 354 708 b
1 2 4 8 16 18 36 52 88 176 352 354 708 b
1 2 4 8 16 18 36 52 88 176 352 356 708 b
1 2 4 8 16 18 36 52 88 176 352 704 708 b
1 2 4 8 16 18 36 72 88 89 177 354 708 b
1 2 4 8 16 18 36 72 88 176 177 354 708 b
1 2 4 8 16 18 36 72 88 176 178 354 708 b
1 2 4 8 16 18 36 72 88 176 352 354 708 b
1 2 4 8 16 18 36 72 88 176 352 356 708 b
1 2 4 8 16 18 36 72 88 176 352 704 708 b
1 2 4 8 16 20 22 44 88 89 177 354 708 b
1 2 4 8 16 20 22 44 88 176 177 354 708 b
1 2 4 8 16 20 22 44 88 176 178 354 708 b
1 2 4 8 16 20 22 44 88 176 352 354 708 b
1 2 4 8 16 20 22 44 88 176 352 356 708 b
1 2 4 8 16 20 22 44 88 176 352 704 708 b
1 2 4 8 16 20 24 44 88 89 177 354 708 b
1 2 4 8 16 20 24 44 88 176 177 354 708 b
1 2 4 8 16 20 24 44 88 176 178 354 708 b
1 2 4 8 16 20 24 44 88 176 352 354 708 b
1 2 4 8 16 20 24 44 88 176 352 356 708 b
1 2 4 8 16 20 24 44 88 176 352 704 708 b
1 2 4 8 16 20 28 44 88 89 177 354 708 b
1 2 4 8 16 20 28 44 88 176 177 354 708 b
1 2 4 8 16 20 28 44 88 176 178 354 708 b
1 2 4 8 16 20 28 44 88 176 352 354 708 b
1 2 4 8 16 20 28 44 88 176 352 356 708 b
1 2 4 8 16 20 28 44 88 176 352 704 708 b
1 2 4 8 16 20 36 44 88 89 177 354 708 b
1 2 4 8 16 20 36 44 88 176 177 354 708 b
1 2 4 8 16 20 36 44 88 176 178 354 708 b
1 2 4 8 16 20 36 44 88 176 352 354 708 b
1 2 4 8 16 20 36 44 88 176 352 356 708 b
1 2 4 8 16 20 36 44 88 176 352 704 708 b
1 2 4 8 16 20 36 52 88 89 177 354 708 b
1 2 4 8 16 20 36 52 88 176 177 354 708 b
1 2 4 8 16 20 36 52 88 176 178 354 708 b
1 2 4 8 16 20 36 52 88 176 352 354 708 b
1 2 4 8 16 20 36 52 88 176 352 356 708 b
1 2 4 8 16 20 36 52 88 176 352 704 708 b
1 2 4 8 16 20 36 56 112 168 336 372 708 b
1 2 4 8 16 20 36 56 112 168 336 672 708 b
1 2 4 8 16 20 36 56 112 224 260 448 708 a
1 2 4 8 16 20 36 56 112 224 260 484 708 b
1 2 4 8 16 20 36 56 112 224 336 372 708 b
1 2 4 8 16 20 36 56 112 224 336 672 708 b
1 2 4 8 16 20 36 56 112 224 448 484 708 b
1 2 4 8 16 20 36 56 112 224 448 672 708 b
1 2 4 8 16 20 36 72 88 89 177 354 708 b
1 2 4 8 16 20 36 72 88 176 177 354 708 b
1 2 4 8 16 20 36 72 88 176 178 354 708 b
1 2 4 8 16 20 36 72 88 176 352 354 708 b
1 2 4 8 16 20 36 72 88 176 352 356 708 b
1 2 4 8 16 20 36 72 88 176 352 704 708 b
1 2 4 8 16 20 36 72 92 144 236 472 708 a
1 2 4 8 16 20 36 72 92 164 236 472 708 b
1 2 4 8 16 20 36 72 108 128 236 472 708 b
1 2 4 8 16 20 36 72 108 216 236 472 708 b
1 2 4 8 16 20 36 72 144 164 236 472 708 b
1 2 4 8 16 20 36 72 144 216 236 472 708 b
1 2 4 8 16 20 40 44 88 89 177 354 708 b
1 2 4 8 16 20 40 44 88 176 177 354 708 b
1 2 4 8 16 20 40 44 88 176 178 354 708 b
1 2 4 8 16 20 40 44 88 176 352 354 708 b
1 2 4 8 16 20 40 44 88 176 352 356 708 b
1 2 4 8 16 20 40 44 88 176 352 704 708 b
1 2 4 8 16 20 40 48 88 89 177 354 708 b
1 2 4 8 16 20 40 48 88 176 177 354 708 b
1 2 4 8 16 20 40 48 88 176 178 354 708 b
1 2 4 8 16 20 40 48 88 176 352 354 708 b
1 2 4 8 16 20 40 48 88 176 352 356 708 b
1 2 4 8 16 20 40 48 88 176 352 704 708 b
1 2 4 8 16 20 40 80 81 96 177 354 708 a
1 2 4 8 16 20 40 80 81 97 177 354 708 b
1 2 4 8 16 20 40 80 81 161 177 354 708 b
1 2 4 8 16 20 40 80 88 89 177 354 708 b
1 2 4 8 16 20 40 80 88 176 177 354 708 b
1 2 4 8 16 20 40 80 88 176 178 354 708 b
1 2 4 8 16 20 40 80 88 176 352 354 708 b
1 2 4 8 16 20 40 80 88 176 352 356 708 b
1 2 4 8 16 20 40 80 88 176 352 704 708 b
1 2 4 8 16 20 40 80 96 97 177 354 708 b
1 2 4 8 16 20 40 80 96 176 177 354 708 b
1 2 4 8 16 20 40 80 96 176 178 354 708 b
1 2 4 8 16 20 40 80 96 176 352 354 708 b
1 2 4 8 16 20 40 80 96 176 352 356 708 b
1 2 4 8 16 20 40 80 96 176 352 704 708 b
1 2 4 8 16 20 40 80 160 161 177 354 708 b
1 2 4 8 16 20 40 80 160 176 177 354 708 b
1 2 4 8 16 20 40 80 160 176 178 354 708 b
1 2 4 8 16 20 40 80 160 176 352 354 708 b
1 2 4 8 16 20 40 80 160 176 352 356 708 b
1 2 4 8 16 20 40 80 160 176 352 704 708 b
1 2 4 8 16 24 26 50 76 152 202 354 708 b
1 2 4 8 16 24 26 50 76 152 304 354 708 b
1 2 4 8 16 24 28 44 88 89 177 354 708 b
1 2 4 8 16 24 28 44 88 176 177 354 708 b
1 2 4 8 16 24 28 44 88 176 178 354 708 b
1 2 4 8 16 24 28 44 88 176 352 354 708 b
1 2 4 8 16 24 28 44 88 176 352 356 708 b
1 2 4 8 16 24 28 44 88 176 352 704 708 b
1 2 4 8 16 24 28 52 104 132 236 472 708 b
1 2 4 8 16 24 28 52 104 208 236 472 708 b
1 2 4 8 16 24 32 56 88 89 177 354 708 b
1 2 4 8 16 24 32 56 88 176 177 354 708 b
1 2 4 8 16 24 32 56 88 176 178 354 708 b
1 2 4 8 16 24 32 56 88 176 352 354 708 b
1 2 4 8 16 24 32 56 88 176 352 356 708 b
1 2 4 8 16 24 32 56 88 176 352 704 708 b
1 2 4 8 16 24 32 64 88 89 177 354 708 b
1 2 4 8 16 24 32 64 88 176 177 354 708 b
1 2 4 8 16 24 32 64 88 176 178 354 708 b
1 2 4 8 16 24 32 64 88 176 352 354 708 b
1 2 4 8 16 24 32 64 88 176 352 356 708 b
1 2 4 8 16 24 32 64 88 176 352 704 708 b
1 2 4 8 16 24 40 44 88 89 177 354 708 b
1 2 4 8 16 24 40 44 88 176 177 354 708 b
1 2 4 8 16 24 40 44 88 176 178 354 708 b
1 2 4 8 16 24 40 44 88 176 352 354 708 b
1 2 4 8 16 24 40 44 88 176 352 356 708 b
1 2 4 8 16 24 40 44 88 176 352 704 708 b
1 2 4 8 16 24 40 48 88 89 177 354 708 b
1 2 4 8 16 24 40 48 88 176 177 354 708 b
1 2 4 8 16 24 40 48 88 176 178 354 708 b
1 2 4 8 16 24 40 48 88 176 352 354 708 b
1 2 4 8 16 24 40 48 88 176 352 356 708 b
1 2 4 8 16 24 40 48 88 176 352 704 708 b
1 2 4 8 16 24 40 64 88 89 177 354 708 b
1 2 4 8 16 24 40 64 88 176 177 354 708 b
1 2 4 8 16 24 40 64 88 176 178 354 708 b
1 2 4 8 16 24 40 64 88 176 352 354 708 b
1 2 4 8 16 24 40 64 88 176 352 356 708 b
1 2 4 8 16 24 40 64 88 176 352 704 708 b
1 2 4 8 16 24 40 80 81 96 177 354 708 a
1 2 4 8 16 24 40 80 81 97 177 354 708 b
1 2 4 8 16 24 40 80 81 161 177 354 708 b
1 2 4 8 16 24 40 80 88 89 177 354 708 b
1 2 4 8 16 24 40 80 88 176 177 354 708 b
1 2 4 8 16 24 40 80 88 176 178 354 708 b
1 2 4 8 16 24 40 80 88 176 352 354 708 b
1 2 4 8 16 24 40 80 88 176 352 356 708 b
1 2 4 8 16 24 40 80 88 176 352 704 708 b
1 2 4 8 16 24 40 80 96 97 177 354 708 b
1 2 4 8 16 24 40 80 96 176 177 354 708 b
1 2 4 8 16 24 40 80 96 176 178 354 708 b
1 2 4 8 16 24 40 80 96 176 352 354 708 b
1 2 4 8 16 24 40 80 96 176 352 356 708 b
1 2 4 8 16 24 40 80 96 176 352 704 708 b
1 2 4 8 16 24 40 80 160 161 177 354 708 b
1 2 4 8 16 24 40 80 160 176 177 354 708 b
1 2 4 8 16 24 40 80 160 176 178 354 708 b
1 2 4 8 16 24 40 80 160 176 352 354 708 b
1 2 4 8 16 24 40 80 160 176 352 356 708 b
1 2 4 8 16 24 40 80 160 176 352 704 708 b
1 2 4 8 16 24 48 49 64 113 177 354 708 a
1 2 4 8 16 24 48 49 64 128 177 354 708 a
1 2 4 8 16 24 48 52 100 152 304 404 708 b
1 2 4 8 16 24 48 52 100 152 304 608 708 b
1 2 4 8 16 24 48 64 65 112 177 354 708 a
1 2 4 8 16 24 48 64 65 113 177 354 708 b
1 2 4 8 16 24 48 64 65 129 177 354 708 b
1 2 4 8 16 24 48 64 88 89 177 354 708 b
1 2 4 8 16 24 48 64 88 176 177 354 708 b
1 2 4 8 16 24 48 64 88 176 178 354 708 b
1 2 4 8 16 24 48 64 88 176 352 354 708 b
1 2 4 8 16 24 48 64 88 176 352 356 708 b
1 2 4 8 16 24 48 64 88 176 352 704 708 b
1 2 4 8 16 24 48 64 112 113 177 354 708 b
1 2 4 8 16 24 48 64 112 176 177 354 708 b
1 2 4 8 16 24 48 64 112 176 178 354 708 b
1 2 4 8 16 24 48 64 112 176 352 354 708 b
1 2 4 8 16 24 48 64 112 176 352 356 708 b
1 2 4 8 16 24 48 64 112 176 352 704 708 b
1 2 4 8 16 24 48 64 128 129 177 354 708 b
1 2 4 8 16 24 48 64 128 176 177 354 708 b
1 2 4 8 16 24 48 64 128 176 178 354 708 b
1 2 4 8 16 24 48 64 128 176 352 354 708 b
1 2 4 8 16 24 48 64 128 176 352 356 708 b
1 2 4 8 16 24 48 64 128 176 352 704 708 b
1 2 4 8 16 24 48 72 88 89 177 354 708 b
1 2 4 8 16 24 48 72 88 176 177 354 708 b
1 2 4 8 16 24 48 72 88 176 178 354 708 b
1 2 4 8 16 24 48 72 88 176 352 354 708 b
1 2 4 8 16 24 48 72 88 176 352 356 708 b
1 2 4 8 16 24 48 72 88 176 352 704 708 b
1 2 4 8 16 32 33 36 72 105 177 354 708 a
1 2 4 8 16 32 33 36 72 144 177 354 708 a
1 2 4 8 16 32 33 37 70 107 177 354 708 b
1 2 4 8 16 32 33 37 70 140 177 354 708 b
1 2 4 8 16 32 33 40 72 105 177 354 708 a
1 2 4 8 16 32 33 40 72 144 177 354 708 a
1 2 4 8 16 32 33 48 81 96 177 354 708 a
1 2 4 8 16 32 33 48 81 129 177 354 708 a
1 2 4 8 16 32 33 48 96 129 177 354 708 a
1 2 4 8 16 32 33 48 96 129 225 354 708 a
1 2 4 8 16 32 33 48 96 129 258 354 708 a
1 2 4 8 16 32 33 48 96 144 177 354 708 a
1 2 4 8 16 32 33 49 64 113 177 354 708 a
1 2 4 8 16 32 33 49 64 128 177 354 708 a
1 2 4 8 16 32 33 64 72 105 177 354 708 a
1 2 4 8 16 32 33 64 72 144 177 354 708 a
1 2 4 8 16 32 33 64 80 97 177 354 708 a
1 2 4 8 16 32 33 64 80 113 177 354 708 a
1 2 4 8 16 32 33 64 80 144 177 354 708 a
1 2 4 8 16 32 33 64 96 129 225 354 708 a
1 2 4 8 16 32 33 64 96 129 258 354 708 a
1 2 4 8 16 32 33 64 97 113 177 354 708 a
1 2 4 8 16 32 33 64 97 161 177 354 708 a
1 2 4 8 16 32 33 64 97 161 193 354 708 a
1 2 4 8 16 32 33 64 97 161 322 354 708 a
1 2 4 8 16 32 33 64 97 161 322 386 708 a
1 2 4 8 16 32 33 64 97 161 322 644 708 a
1 2 4 8 16 32 33 64 128 144 177 354 708 a
1 2 4 8 16 32 33 64 128 161 177 354 708 a
1 2 4 8 16 32 33 64 128 161 193 354 708 a
1 2 4 8 16 32 33 64 128 161 322 354 708 a
1 2 4 8 16 32 33 64 128 161 322 386 708 a
1 2 4 8 16 32 33 64 128 161 322 644 708 a
1 2 4 8 16 32 33 66 74 140 214 354 708 b
1 2 4 8 16 32 33 66 74 140 280 354 708 b
1 2 4 8 16 32 33 66 132 148 280 428 708 b
1 2 4 8 16 32 33 66 132 148 280 560 708 b
1 2 4 8 16 32 34 40 80 160 194 354 708 a
1 2 4 8 16 32 34 40 80 160 320 354 708 a
1 2 4 8 16 32 34 42 76 118 236 354 708 b
1 2 4 8 16 32 34 42 76 118 236 472 708 b
1 2 4 8 16 32 34 42 84 118 236 354 708 b
1 2 4 8 16 32 34 42 84 118 236 472 708 b
1 2 4 8 16 32 34 48 80 160 194 354 708 a
1 2 4 8 16 32 34 48 80 160 320 354 708 a
1 2 4 8 16 32 34 50 68 118 236 354 708 a
1 2 4 8 16 32 34 50 68 118 236 472 708 a
1 2 4 8 16 32 34 50 84 118 236 354 708 b
1 2 4 8 16 32 34 50 84 118 236 472 708 b
1 2 4 8 16 32 34 64 80 160 194 354 708 a
1 2 4 8 16 32 34 64 80 160 320 354 708 a
1 2 4 8 16 32 34 64 96 160 194 354 708 a
1 2 4 8 16 32 34 64 96 160 320 354 708 a
1 2 4 8 16 32 34 64 98 128 226 354 708 a
1 2 4 8 16 32 34 64 98 128 256 354 708 a
1 2 4 8 16 32 34 64 128 160 194 354 708 a
1 2 4 8 16 32 34 64 128 160 320 354 708 a
1 2 4 8 16 32 34 64 128 162 192 354 708 a
1 2 4 8 16 32 34 64 128 162 226 354 708 a
1 2 4 8 16 32 34 64 128 162 290 354 708 a
1 2 4 8 16 32 34 64 128 162 290 418 708 a
1 2 4 8 16 32 34 64 128 162 290 580 708 a
1 2 4 8 16 32 34 64 128 192 226 354 708 a
1 2 4 8 16 32 34 64 128 192 320 354 708 a
1 2 4 8 16 32 34 64 128 256 290 354 708 a
1 2 4 8 16 32 34 64 128 256 290 418 708 a
1 2 4 8 16 32 34 64 128 256 290 580 708 a
1 2 4 8 16 32 34 64 128 256 320 354 708 a
1 2 4 8 16 32 34 66 74 140 214 354 708 b
1 2 4 8 16 32 34 66 74 140 280 354 708 b
1 2 4 8 16 32 34 66 132 148 280 428 708 b
1 2 4 8 16 32 34 66 132 148 280 560 708 b
1 2 4 8 16 32 34 68 84 118 236 354 708 b
1 2 4 8 16 32 34 68 84 118 236 472 708 b
1 2 4 8 16 32 34 68 84 152 236 472 708 b
1 2 4 8 16 32 34 68 84 168 236 472 708 b
1 2 4 8 16 32 34 68 100 136 236 472 708 a
1 2 4 8 16 32 34 68 100 168 236 472 708 b
1 2 4 8 16 32 34 68 102 118 236 354 708 b
1 2 4 8 16 32 34 68 102 118 236 472 708 b
1 2 4 8 16 32 34 68 102 134 236 472 708 b
1 2 4 8 16 32 34 68 102 204 236 472 708 b
1 2 4 8 16 32 34 68 136 168 236 472 708 b
1 2 4 8 16 32 34 68 136 204 236 472 708 b
1 2 4 8 16 32 36 44 88 89 177 354 708 b
1 2 4 8 16 32 36 44 88 176 177 354 708 b
1 2 4 8 16 32 36 44 88 176 178 354 708 b
1 2 4 8 16 32 36 44 88 176 352 354 708 b
1 2 4 8 16 32 36 44 88 176 352 356 708 b
1 2 4 8 16 32 36 44 88 176 352 704 708 b
1 2 4 8 16 32 36 48 84 168 336 372 708 a
1 2 4 8 16 32 36 48 84 168 336 672 708 a
1 2 4 8 16 32 36 52 84 168 336 372 708 b
1 2 4 8 16 32 36 52 84 168 336 672 708 b
1 2 4 8 16 32 36 52 88 89 177 354 708 b
1 2 4 8 16 32 36 52 88 176 177 354 708 b
1 2 4 8 16 32 36 52 88 176 178 354 708 b
1 2 4 8 16 32 36 52 88 176 352 354 708 b
1 2 4 8 16 32 36 52 88 176 352 356 708 b
1 2 4 8 16 32 36 52 88 176 352 704 708 b
1 2 4 8 16 32 36 64 100 136 236 472 708 a
1 2 4 8 16 32 36 64 100 200 236 472 708 a
1 2 4 8 16 32 36 68 84 152 236 472 708 b
1 2 4 8 16 32 36 68 84 168 236 472 708 b
1 2 4 8 16 32 36 68 84 168 336 372 708 b
1 2 4 8 16 32 36 68 84 168 336 672 708 b
1 2 4 8 16 32 36 68 100 136 236 472 708 b
1 2 4 8 16 32 36 68 100 168 236 472 708 b
1 2 4 8 16 32 36 68 100 168 336 372 708 b
1 2 4 8 16 32 36 68 100 168 336 672 708 b
1 2 4 8 16 32 36 68 100 200 236 472 708 b
1 2 4 8 16 32 36 68 136 168 236 472 708 b
1 2 4 8 16 32 36 68 136 168 336 372 708 b
1 2 4 8 16 32 36 68 136 168 336 672 708 b
1 2 4 8 16 32 36 68 136 204 236 472 708 b
1 2 4 8 16 32 36 72 73 104 177 354 708 a
1 2 4 8 16 32 36 72 73 105 177 354 708 b
1 2 4 8 16 32 36 72 73 145 177 354 708 b
1 2 4 8 16 32 36 72 88 89 177 354 708 b
1 2 4 8 16 32 36 72 88 176 177 354 708 b
1 2 4 8 16 32 36 72 88 176 178 354 708 b
1 2 4 8 16 32 36 72 88 176 352 354 708 b
1 2 4 8 16 32 36 72 88 176 352 356 708 b
1 2 4 8 16 32 36 72 88 176 352 704 708 b
1 2 4 8 16 32 36 72 104 105 177 354 708 b
1 2 4 8 16 32 36 72 104 176 177 354 708 b
1 2 4 8 16 32 36 72 104 176 178 354 708 b
1 2 4 8 16 32 36 72 104 176 352 354 708 b
1 2 4 8 16 32 36 72 104 176 352 356 708 b
1 2 4 8 16 32 36 72 104 176 352 704 708 b
1 2 4 8 16 32 36 72 144 145 177 354 708 b
1 2 4 8 16 32 36 72 144 176 177 354 708 b
1 2 4 8 16 32 36 72 144 176 178 354 708 b
1 2 4 8 16 32 36 72 144 176 352 354 708 b
1 2 4 8 16 32 36 72 144 176 352 356 708 b
1 2 4 8 16 32 36 72 144 176 352 704 708 b
1 2 4 8 16 32 40 44 88 89 177 354 708 b
1 2 4 8 16 32 40 44 88 176 177 354 708 b
1 2 4 8 16 32 40 44 88 176 178 354 708 b
1 2 4 8 16 32 40 44 88 176 352 354 708 b
1 2 4 8 16 32 40 44 88 176 352 356 708 b
1 2 4 8 16 32 40 44 88 176 352 704 708 b
1 2 4 8 16 32 40 48 88 89 177 354 708 b
1 2 4 8 16 32 40 48 88 176 177 354 708 b
1 2 4 8 16 32 40 48 88 176 178 354 708 b
1 2 4 8 16 32 40 48 88 176 352 354 708 b
1 2 4 8 16 32 40 48 88 176 352 356 708 b
1 2 4 8 16 32 40 48 88 176 352 704 708 b
1 2 4 8 16 32 40 56 88 89 177 354 708 b
1 2 4 8 16 32 40 56 88 176 177 354 708 b
1 2 4 8 16 32 40 56 88 176 178 354 708 b
1 2 4 8 16 32 40 56 88 176 352 354 708 b
1 2 4 8 16 32 40 56 88 176 352 356 708 b
1 2 4 8 16 32 40 56 88 176 352 704 708 b
1 2 4 8 16 32 40 72 73 104 177 354 708 a
1 2 4 8 16 32 40 72 73 105 177 354 708 b
1 2 4 8 16 32 40 72 73 145 177 354 708 b
1 2 4 8 16 32 40 72 88 89 177 354 708 b
1 2 4 8 16 32 40 72 88 176 177 354 708 b
1 2 4 8 16 32 40 72 88 176 178 354 708 b
1 2 4 8 16 32 40 72 88 176 352 354 708 b
1 2 4 8 16 32 40 72 88 176 352 356 708 b
1 2 4 8 16 32 40 72 88 176 352 704 708 b
1 2 4 8 16 32 40 72 104 105 177 354 708 b
1 2 4 8 16 32 40 72 104 176 177 354 708 b
1 2 4 8 16 32 40 72 104 176 178 354 708 b
1 2 4 8 16 32 40 72 104 176 352 354 708 b
1 2 4 8 16 32 40 72 104 176 352 356 708 b
1 2 4 8 16 32 40 72 104 176 352 704 708 b
1 2 4 8 16 32 40 72 144 145 177 354 708 b
1 2 4 8 16 32 40 72 144 176 177 354 708 b
1 2 4 8 16 32 40 72 144 176 178 354 708 b
1 2 4 8 16 32 40 72 144 176 352 354 708 b
1 2 4 8 16 32 40 72 144 176 352 356 708 b
1 2 4 8 16 32 40 72 144 176 352 704 708 b
1 2 4 8 16 32 40 80 81 96 177 354 708 a
1 2 4 8 16 32 40 80 81 97 177 354 708 b
1 2 4 8 16 32 40 80 81 161 177 354 708 b
1 2 4 8 16 32 40 80 81 161 193 354 708 b
1 2 4 8 16 32 40 80 81 161 322 354 708 b
1 2 4 8 16 32 40 80 88 89 177 354 708 b
1 2 4 8 16 32 40 80 88 176 177 354 708 b
1 2 4 8 16 32 40 80 88 176 178 354 708 b
1 2 4 8 16 32 40 80 88 176 352 354 708 b
1 2 4 8 16 32 40 80 88 176 352 356 708 b
1 2 4 8 16 32 40 80 88 176 352 704 708 b
1 2 4 8 16 32 40 80 96 97 177 354 708 b
1 2 4 8 16 32 40 80 96 176 177 354 708 b
1 2 4 8 16 32 40 80 96 176 178 354 708 b
1 2 4 8 16 32 40 80 96 176 352 354 708 b
1 2 4 8 16 32 40 80 96 176 352 356 708 b
1 2 4 8 16 32 40 80 96 176 352 704 708 b
1 2 4 8 16 32 40 80 160 161 177 354 708 b
1 2 4 8 16 32 40 80 160 161 193 354 708 b
1 2 4 8 16 32 40 80 160 161 322 354 708 b
1 2 4 8 16 32 40 80 160 162 192 354 708 a
1 2 4 8 16 32 40 80 160 162 194 354 708 b
1 2 4 8 16 32 40 80 160 162 322 354 708 b
1 2 4 8 16 32 40 80 160 176 177 354 708 b
1 2 4 8 16 32 40 80 160 176 178 354 708 b
1 2 4 8 16 32 40 80 160 176 352 354 708 b
1 2 4 8 16 32 40 80 160 176 352 356 708 b
1 2 4 8 16 32 40 80 160 176 352 704 708 b
1 2 4 8 16 32 40 80 160 192 194 354 708 b
1 2 4 8 16 32 40 80 160 192 352 354 708 b
1 2 4 8 16 32 40 80 160 192 352 356 708 b
1 2 4 8 16 32 40 80 160 192 352 704 708 b
1 2 4 8 16 32 40 80 160 320 322 354 708 b
1 2 4 8 16 32 40 80 160 320 352 354 708 b
1 2 4 8 16 32 40 80 160 320 352 356 708 b
1 2 4 8 16 32 40 80 160 320 352 704 708 b
1 2 4 8 16 32 48 49 64 113 177 354 708 a
1 2 4 8 16 32 48 49 64 128 177 354 708 a
1 2 4 8 16 32 48 49 80 97 177 354 708 a
1 2 4 8 16 32 48 49 80 128 177 354 708 a
1 2 4 8 16 32 48 49 80 129 177 354 708 a
1 2 4 8 16 32 48 49 81 96 177 354 708 a
1 2 4 8 16 32 48 49 81 129 177 354 708 b
1 2 4 8 16 32 48 49 96 128 177 354 708 a
1 2 4 8 16 32 48 49 96 145 177 354 708 a
1 2 4 8 16 32 48 49 97 129 177 354 708 b
1 2 4 8 16 32 48 49 97 145 177 354 708 b
1 2 4 8 16 32 48 52 100 152 304 404 708 b
1 2 4 8 16 32 48 52 100 152 304 608 708 b
1 2 4 8 16 32 48 56 88 89 177 354 708 b
1 2 4 8 16 32 48 56 88 176 177 354 708 b
1 2 4 8 16 32 48 56 88 176 178 354 708 b
1 2 4 8 16 32 48 56 88 176 352 354 708 b
1 2 4 8 16 32 48 56 88 176 352 356 708 b
1 2 4 8 16 32 48 56 88 176 352 704 708 b
1 2 4 8 16 32 48 64 65 112 177 354 708 a
1 2 4 8 16 32 48 64 65 113 177 354 708 b
1 2 4 8 16 32 48 64 65 129 177 354 708 b
1 2 4 8 16 32 48 64 112 113 177 354 708 b
1 2 4 8 16 32 48 64 112 176 177 354 708 b
1 2 4 8 16 32 48 64 112 176 178 354 708 b
1 2 4 8 16 32 48 64 112 176 352 354 708 b
1 2 4 8 16 32 48 64 112 176 352 356 708 b
1 2 4 8 16 32 48 64 112 176 352 704 708 b
1 2 4 8 16 32 48 64 128 129 177 354 708 b
1 2 4 8 16 32 48 64 128 176 177 354 708 b
1 2 4 8 16 32 48 64 128 176 178 354 708 b
1 2 4 8 16 32 48 64 128 176 352 354 708 b
1 2 4 8 16 32 48 64 128 176 352 356 708 b
1 2 4 8 16 32 48 64 128 176 352 704 708 b
1 2 4 8 16 32 48 80 81 96 177 354 708 a
1 2 4 8 16 32 48 80 81 97 177 354 708 b
1 2 4 8 16 32 48 80 81 129 177 354 708 b
1 2 4 8 16 32 48 80 81 161 177 354 708 b
1 2 4 8 16 32 48 80 81 161 193 354 708 b
1 2 4 8 16 32 48 80 81 161 322 354 708 b
1 2 4 8 16 32 48 80 88 89 177 354 708 b
1 2 4 8 16 32 48 80 88 176 177 354 708 b
1 2 4 8 16 32 48 80 88 176 178 354 708 b
1 2 4 8 16 32 48 80 88 176 352 354 708 b
1 2 4 8 16 32 48 80 88 176 352 356 708 b
1 2 4 8 16 32 48 80 88 176 352 704 708 b
1 2 4 8 16 32 48 80 96 97 177 354 708 b
1 2 4 8 16 32 48 80 96 176 177 354 708 b
1 2 4 8 16 32 48 80 96 176 178 354 708 b
1 2 4 8 16 32 48 80 96 176 352 354 708 b
1 2 4 8 16 32 48 80 96 176 352 356 708 b
1 2 4 8 16 32 48 80 96 176 352 704 708 b
1 2 4 8 16 32 48 80 128 129 177 354 708 b
1 2 4 8 16 32 48 80 128 176 177 354 708 b
1 2 4 8 16 32 48 80 128 176 178 354 708 b
1 2 4 8 16 32 48 80 128 176 352 354 708 b
1 2 4 8 16 32 48 80 128 176 352 356 708 b
1 2 4 8 16 32 48 80 128 176 352 704 708 b
1 2 4 8 16 32 48 80 160 161 177 354 708 b
1 2 4 8 16 32 48 80 160 161 193 354 708 b
1 2 4 8 16 32 48 80 160 161 322 354 708 b
1 2 4 8 16 32 48 80 160 162 192 354 708 a
1 2 4 8 16 32 48 80 160 162 194 354 708 b
1 2 4 8 16 32 48 80 160 162 322 354 708 b
1 2 4 8 16 32 48 80 160 176 177 354 708 b
1 2 4 8 16 32 48 80 160 176 178 354 708 b
1 2 4 8 16 32 48 80 160 176 352 354 708 b
1 2 4 8 16 32 48 80 160 176 352 356 708 b
1 2 4 8 16 32 48 80 160 176 352 704 708 b
1 2 4 8 16 32 48 80 160 192 194 354 708 b
1 2 4 8 16 32 48 80 160 192 352 354 708 b
1 2 4 8 16 32 48 80 160 192 352 356 708 b
1 2 4 8 16 32 48 80 160 192 352 704 708 b
1 2 4 8 16 32 48 80 160 320 322 354 708 b
1 2 4 8 16 32 48 80 160 320 352 354 708 b
1 2 4 8 16 32 48 80 160 320 352 356 708 b
1 2 4 8 16 32 48 80 160 320 352 704 708 b
1 2 4 8 16 32 48 96 97 129 177 354 708 b
1 2 4 8 16 32 48 96 97 129 225 354 708 b
1 2 4 8 16 32 48 96 97 129 258 354 708 b
1 2 4 8 16 32 48 96 97 145 177 354 708 b
1 2 4 8 16 32 48 96 98 128 226 354 708 a
1 2 4 8 16 32 48 96 98 128 256 354 708 a
1 2 4 8 16 32 48 96 128 129 177 354 708 b
1 2 4 8 16 32 48 96 128 129 225 354 708 b
1 2 4 8 16 32 48 96 128 129 258 354 708 b
1 2 4 8 16 32 48 96 128 130 224 354 708 a
1 2 4 8 16 32 48 96 128 130 226 354 708 b
1 2 4 8 16 32 48 96 128 130 258 354 708 b
1 2 4 8 16 32 48 96 128 176 177 354 708 b
1 2 4 8 16 32 48 96 128 176 178 354 708 b
1 2 4 8 16 32 48 96 128 176 352 354 708 b
1 2 4 8 16 32 48 96 128 176 352 356 708 b
1 2 4 8 16 32 48 96 128 176 352 704 708 b
1 2 4 8 16 32 48 96 128 224 226 354 708 b
1 2 4 8 16 32 48 96 128 224 352 354 708 b
1 2 4 8 16 32 48 96 128 224 352 356 708 b
1 2 4 8 16 32 48 96 128 224 352 704 708 b
1 2 4 8 16 32 48 96 128 256 258 354 708 b
1 2 4 8 16 32 48 96 128 256 352 354 708 b
1 2 4 8 16 32 48 96 128 256 352 356 708 b
1 2 4 8 16 32 48 96 128 256 352 704 708 b
1 2 4 8 16 32 48 96 144 145 177 354 708 b
1 2 4 8 16 32 48 96 144 176 177 354 708 b
1 2 4 8 16 32 48 96 144 176 178 354 708 b
1 2 4 8 16 32 48 96 144 176 352 354 708 b
1 2 4 8 16 32 48 96 144 176 352 356 708 b
1 2 4 8 16 32 48 96 144 176 352 704 708 b
1 2 4 8 16 32 64 65 80 97 177 354 708 a
1 2 4 8 16 32 64 65 80 112 177 354 708 a
1 2 4 8 16 32 64 65 80 145 177 354 708 a
1 2 4 8 16 32 64 65 80 145 209 354 708 a
1 2 4 8 16 32 64 65 80 145 290 354 708 a
1 2 4 8 16 32 64 65 81 96 177 354 708 a
1 2 4 8 16 32 64 65 81 113 177 354 708 b
1 2 4 8 16 32 64 65 81 145 177 354 708 b
1 2 4 8 16 32 64 65 81 145 209 354 708 b
1 2 4 8 16 32 64 65 81 145 290 354 708 b
1 2 4 8 16 32 64 65 96 112 177 354 708 a
1 2 4 8 16 32 64 65 96 129 225 354 708 a
1 2 4 8 16 32 64 65 96 129 258 354 708 a
1 2 4 8 16 32 64 65 96 161 177 354 708 a
1 2 4 8 16 32 64 65 96 161 193 354 708 a
1 2 4 8 16 32 64 65 96 161 322 354 708 a
1 2 4 8 16 32 64 65 96 161 322 386 708 a
1 2 4 8 16 32 64 65 96 161 322 644 708 a
1 2 4 8 16 32 64 65 97 113 177 354 708 b
1 2 4 8 16 32 64 65 97 161 177 354 708 b
1 2 4 8 16 32 64 65 97 161 193 354 708 b
1 2 4 8 16 32 64 65 97 161 322 354 708 b
1 2 4 8 16 32 64 65 97 161 322 386 708 b
1 2 4 8 16 32 64 65 97 161 322 644 708 b
1 2 4 8 16 32 64 65 129 145 177 354 708 b
1 2 4 8 16 32 64 65 129 145 209 354 708 b
1 2 4 8 16 32 64 65 129 145 290 354 708 b
1 2 4 8 16 32 64 65 129 161 177 354 708 b
1 2 4 8 16 32 64 65 129 161 193 354 708 b
1 2 4 8 16 32 64 65 129 161 225 354 708 b
1 2 4 8 16 32 64 65 129 161 290 354 708 b
1 2 4 8 16 32 64 65 129 161 322 354 708 b
1 2 4 8 16 32 64 65 129 161 322 386 708 b
1 2 4 8 16 32 64 65 129 161 322 644 708 b
1 2 4 8 16 32 64 65 129 193 225 354 708 b
1 2 4 8 16 32 64 65 129 193 322 354 708 b
1 2 4 8 16 32 64 65 129 193 322 386 708 b
1 2 4 8 16 32 64 65 129 193 322 515 708 b
1 2 4 8 16 32 64 65 129 193 322 644 708 b
1 2 4 8 16 32 64 65 129 193 386 515 708 b
1 2 4 8 16 32 64 65 129 193 386 579 708 b
1 2 4 8 16 32 64 65 129 258 290 354 708 b
1 2 4 8 16 32 64 65 129 258 322 354 708 b
1 2 4 8 16 32 64 65 129 258 322 386 708 b
1 2 4 8 16 32 64 65 129 258 322 644 708 b
1 2 4 8 16 32 64 66 72 144 210 354 708 a
1 2 4 8 16 32 64 66 72 144 288 354 708 a
1 2 4 8 16 32 64 66 74 140 214 354 708 b
1 2 4 8 16 32 64 66 74 140 280 354 708 b
1 2 4 8 16 32 64 66 80 144 210 354 708 a
1 2 4 8 16 32 64 66 80 144 288 354 708 a
1 2 4 8 16 32 64 66 96 162 192 354 708 a
1 2 4 8 16 32 64 66 96 162 258 354 708 a
1 2 4 8 16 32 64 66 96 192 258 354 708 a
1 2 4 8 16 32 64 66 96 192 258 450 708 a
1 2 4 8 16 32 64 66 96 192 258 516 708 a
1 2 4 8 16 32 64 66 96 192 288 354 708 a
1 2 4 8 16 32 64 66 98 128 226 354 708 a
1 2 4 8 16 32 64 66 98 128 256 354 708 a
1 2 4 8 16 32 64 66 128 144 210 354 708 a
1 2 4 8 16 32 64 66 128 144 288 354 708 a
1 2 4 8 16 32 64 66 128 160 194 354 708 a
1 2 4 8 16 32 64 66 128 160 226 354 708 a
1 2 4 8 16 32 64 66 128 160 288 354 708 a
1 2 4 8 16 32 64 66 128 192 258 450 708 a
1 2 4 8 16 32 64 66 128 192 258 516 708 a
1 2 4 8 16 32 64 66 128 194 226 354 708 a
1 2 4 8 16 32 64 66 128 194 322 354 708 a
1 2 4 8 16 32 64 66 128 194 322 386 708 a
1 2 4 8 16 32 64 66 128 194 322 644 708 a
1 2 4 8 16 32 64 66 128 256 288 354 708 a
1 2 4 8 16 32 64 66 128 256 322 354 708 a
1 2 4 8 16 32 64 66 128 256 322 386 708 a
1 2 4 8 16 32 64 66 128 256 322 644 708 a
1 2 4 8 16 32 64 66 132 148 280 428 708 b
1 2 4 8 16 32 64 66 132 148 280 560 708 b
1 2 4 8 16 32 64 68 80 160 320 388 708 a
1 2 4 8 16 32 64 68 80 160 320 640 708 a
1 2 4 8 16 32 64 68 84 152 236 472 708 b
1 2 4 8 16 32 64 68 84 168 236 472 708 b
1 2 4 8 16 32 64 68 96 160 320 388 708 a
1 2 4 8 16 32 64 68 96 160 320 640 708 a
1 2 4 8 16 32 64 68 100 136 236 472 708 a
1 2 4 8 16 32 64 68 100 168 236 472 708 b
1 2 4 8 16 32 64 68 128 160 320 388 708 a
1 2 4 8 16 32 64 68 128 160 320 640 708 a
1 2 4 8 16 32 64 68 128 192 320 388 708 a
1 2 4 8 16 32 64 68 128 192 320 640 708 a
1 2 4 8 16 32 64 68 128 196 256 452 708 a
1 2 4 8 16 32 64 68 128 196 256 512 708 a
1 2 4 8 16 32 64 68 128 256 320 388 708 a
1 2 4 8 16 32 64 68 128 256 320 640 708 a
1 2 4 8 16 32 64 68 128 256 324 384 708 a
1 2 4 8 16 32 64 68 128 256 324 452 708 a
1 2 4 8 16 32 64 68 128 256 324 580 708 a
1 2 4 8 16 32 64 68 128 256 384 452 708 a
1 2 4 8 16 32 64 68 128 256 384 640 708 a
1 2 4 8 16 32 64 68 128 256 512 580 708 a
1 2 4 8 16 32 64 68 128 256 512 640 708 a
1 2 4 8 16 32 64 68 132 148 280 428 708 b
1 2 4 8 16 32 64 68 132 148 280 560 708 b
1 2 4 8 16 32 64 68 136 168 236 472 708 b
1 2 4 8 16 32 64 68 136 204 236 472 708 b
1 2 4 8 16 32 64 72 73 104 177 354 708 a
1 2 4 8 16 32 64 72 73 105 177 354 708 b
1 2 4 8 16 32 64 72 73 145 177 354 708 b
1 2 4 8 16 32 64 72 73 145 209 354 708 b
1 2 4 8 16 32 64 72 73 145 290 354 708 b
1 2 4 8 16 32 64 72 88 89 177 354 708 b
1 2 4 8 16 32 64 72 88 176 177 354 708 b
1 2 4 8 16 32 64 72 88 176 178 354 708 b
1 2 4 8 16 32 64 72 88 176 352 354 708 b
1 2 4 8 16 32 64 72 88 176 352 356 708 b
1 2 4 8 16 32 64 72 88 176 352 704 708 b
1 2 4 8 16 32 64 72 104 105 177 354 708 b
1 2 4 8 16 32 64 72 104 176 177 354 708 b
1 2 4 8 16 32 64 72 104 176 178 354 708 b
1 2 4 8 16 32 64 72 104 176 352 354 708 b
1 2 4 8 16 32 64 72 104 176 352 356 708 b
1 2 4 8 16 32 64 72 104 176 352 704 708 b
1 2 4 8 16 32 64 72 144 145 177 354 708 b
1 2 4 8 16 32 64 72 144 145 209 354 708 b
1 2 4 8 16 32 64 72 144 145 290 354 708 b
1 2 4 8 16 32 64 72 144 146 208 354 708 a
1 2 4 8 16 32 64 72 144 146 210 354 708 b
1 2 4 8 16 32 64 72 144 146 290 354 708 b
1 2 4 8 16 32 64 72 144 176 177 354 708 b
1 2 4 8 16 32 64 72 144 176 178 354 708 b
1 2 4 8 16 32 64 72 144 176 352 354 708 b
1 2 4 8 16 32 64 72 144 176 352 356 708 b
1 2 4 8 16 32 64 72 144 176 352 704 708 b
1 2 4 8 16 32 64 72 144 208 210 354 708 b
1 2 4 8 16 32 64 72 144 208 352 354 708 b
1 2 4 8 16 32 64 72 144 208 352 356 708 b
1 2 4 8 16 32 64 72 144 208 352 704 708 b
1 2 4 8 16 32 64 72 144 288 290 354 708 b
1 2 4 8 16 32 64 72 144 288 352 354 708 b
1 2 4 8 16 32 64 72 144 288 352 356 708 b
1 2 4 8 16 32 64 72 144 288 352 704 708 b
1 2 4 8 16 32 64 80 81 96 177 354 708 a
1 2 4 8 16 32 64 80 81 97 177 354 708 b
1 2 4 8 16 32 64 80 81 113 177 354 708 b
1 2 4 8 16 32 64 80 81 145 177 354 708 b
1 2 4 8 16 32 64 80 81 145 209 354 708 b
1 2 4 8 16 32 64 80 81 145 290 354 708 b
1 2 4 8 16 32 64 80 81 161 177 354 708 b
1 2 4 8 16 32 64 80 81 161 193 354 708 b
1 2 4 8 16 32 64 80 81 161 322 354 708 b
1 2 4 8 16 32 64 80 81 161 322 386 708 b
1 2 4 8 16 32 64 80 81 161 322 644 708 b
1 2 4 8 16 32 64 80 88 89 177 354 708 b
1 2 4 8 16 32 64 80 88 176 177 354 708 b
1 2 4 8 16 32 64 80 88 176 178 354 708 b
1 2 4 8 16 32 64 80 88 176 352 354 708 b
1 2 4 8 16 32 64 80 88 176 352 356 708 b
1 2 4 8 16 32 64 80 88 176 352 704 708 b
1 2 4 8 16 32 64 80 96 97 177 354 708 b
1 2 4 8 16 32 64 80 96 176 177 354 708 b
1 2 4 8 16 32 64 80 96 176 178 354 708 b
1 2 4 8 16 32 64 80 96 176 352 354 708 b
1 2 4 8 16 32 64 80 96 176 352 356 708 b
1 2 4 8 16 32 64 80 96 176 352 704 708 b
1 2 4 8 16 32 64 80 112 113 177 354 708 b
1 2 4 8 16 32 64 80 112 176 177 354 708 b
1 2 4 8 16 32 64 80 112 176 178 354 708 b
1 2 4 8 16 32 64 80 112 176 352 354 708 b
1 2 4 8 16 32 64 80 112 176 352 356 708 b
1 2 4 8 16 32 64 80 112 176 352 704 708 b
1 2 4 8 16 32 64 80 144 145 177 354 708 b
1 2 4 8 16 32 64 80 144 145 209 354 708 b
1 2 4 8 16 32 64 80 144 145 290 354 708 b
1 2 4 8 16 32 64 80 144 146 208 354 708 a
1 2 4 8 16 32 64 80 144 146 210 354 708 b
1 2 4 8 16 32 64 80 144 146 290 354 708 b
1 2 4 8 16 32 64 80 144 176 177 354 708 b
1 2 4 8 16 32 64 80 144 176 178 354 708 b
1 2 4 8 16 32 64 80 144 176 352 354 708 b
1 2 4 8 16 32 64 80 144 176 352 356 708 b
1 2 4 8 16 32 64 80 144 176 352 704 708 b
1 2 4 8 16 32 64 80 144 208 210 354 708 b
1 2 4 8 16 32 64 80 144 208 352 354 708 b
1 2 4 8 16 32 64 80 144 208 352 356 708 b
1 2 4 8 16 32 64 80 144 208 352 704 708 b
1 2 4 8 16 32 64 80 144 288 290 354 708 b
1 2 4 8 16 32 64 80 144 288 352 354 708 b
1 2 4 8 16 32 64 80 144 288 352 356 708 b
1 2 4 8 16 32 64 80 144 288 352 704 708 b
1 2 4 8 16 32 64 80 160 161 177 354 708 b
1 2 4 8 16 32 64 80 160 161 193 354 708 b
1 2 4 8 16 32 64 80 160 161 322 354 708 b
1 2 4 8 16 32 64 80 160 161 322 386 708 b
1 2 4 8 16 32 64 80 160 161 322 644 708 b
1 2 4 8 16 32 64 80 160 162 192 354 708 a
1 2 4 8 16 32 64 80 160 162 194 354 708 b
1 2 4 8 16 32 64 80 160 162 322 354 708 b
1 2 4 8 16 32 64 80 160 162 322 386 708 b
1 2 4 8 16 32 64 80 160 162 322 644 708 b
1 2 4 8 16 32 64 80 160 176 177 354 708 b
1 2 4 8 16 32 64 80 160 176 178 354 708 b
1 2 4 8 16 32 64 80 160 176 352 354 708 b
1 2 4 8 16 32 64 80 160 176 352 356 708 b
1 2 4 8 16 32 64 80 160 176 352 704 708 b
1 2 4 8 16 32 64 80 160 192 194 354 708 b
1 2 4 8 16 32 64 80 160 192 352 354 708 b
1 2 4 8 16 32 64 80 160 192 352 356 708 b
1 2 4 8 16 32 64 80 160 192 352 704 708 b
1 2 4 8 16 32 64 80 160 320 322 354 708 b
1 2 4 8 16 32 64 80 160 320 322 386 708 b
1 2 4 8 16 32 64 80 160 320 322 644 708 b
1 2 4 8 16 32 64 80 160 320 324 384 708 a
1 2 4 8 16 32 64 80 160 320 324 388 708 b
1 2 4 8 16 32 64 80 160 320 324 644 708 b
1 2 4 8 16 32 64 80 160 320 352 354 708 b
1 2 4 8 16 32 64 80 160 320 352 356 708 b
1 2 4 8 16 32 64 80 160 320 352 704 708 b
1 2 4 8 16 32 64 80 160 320 384 388 708 b
1 2 4 8 16 32 64 80 160 320 384 704 708 b
1 2 4 8 16 32 64 80 160 320 640 644 708 b
1 2 4 8 16 32 64 80 160 320 640 704 708 b
1 2 4 8 16 32 64 96 97 113 177 354 708 b
1 2 4 8 16 32 64 96 97 129 225 354 708 b
1 2 4 8 16 32 64 96 97 129 258 354 708 b
1 2 4 8 16 32 64 96 97 160 194 354 708 a
1 2 4 8 16 32 64 96 97 160 257 354 708 a
1 2 4 8 16 32 64 96 97 161 177 354 708 b
1 2 4 8 16 32 64 96 97 161 193 354 708 b
1 2 4 8 16 32 64 96 97 161 257 354 708 b
1 2 4 8 16 32 64 96 97 161 258 354 708 b
1 2 4 8 16 32 64 96 97 161 322 354 708 b
1 2 4 8 16 32 64 96 97 161 322 386 708 b
1 2 4 8 16 32 64 96 97 161 322 644 708 b
1 2 4 8 16 32 64 96 97 193 257 354 708 b
1 2 4 8 16 32 64 96 97 193 290 354 708 b
1 2 4 8 16 32 64 96 97 194 258 354 708 b
1 2 4 8 16 32 64 96 97 194 290 354 708 b
1 2 4 8 16 32 64 96 98 128 226 354 708 a
1 2 4 8 16 32 64 96 98 128 256 354 708 a
1 2 4 8 16 32 64 96 98 160 194 354 708 a
1 2 4 8 16 32 64 96 98 160 256 354 708 a
1 2 4 8 16 32 64 96 98 160 258 354 708 a
1 2 4 8 16 32 64 96 98 162 192 354 708 a
1 2 4 8 16 32 64 96 98 162 258 354 708 b
1 2 4 8 16 32 64 96 98 192 256 354 708 a
1 2 4 8 16 32 64 96 98 192 290 354 708 a
1 2 4 8 16 32 64 96 98 194 258 354 708 b
1 2 4 8 16 32 64 96 98 194 290 354 708 b
1 2 4 8 16 32 64 96 112 113 177 354 708 b
1 2 4 8 16 32 64 96 112 176 177 354 708 b
1 2 4 8 16 32 64 96 112 176 178 354 708 b
1 2 4 8 16 32 64 96 112 176 352 354 708 b
1 2 4 8 16 32 64 96 112 176 352 356 708 b
1 2 4 8 16 32 64 96 112 176 352 704 708 b
1 2 4 8 16 32 64 96 128 129 225 354 708 b
1 2 4 8 16 32 64 96 128 129 258 354 708 b
1 2 4 8 16 32 64 96 128 130 224 354 708 a
1 2 4 8 16 32 64 96 128 130 226 354 708 b
1 2 4 8 16 32 64 96 128 130 258 354 708 b
1 2 4 8 16 32 64 96 128 224 226 354 708 b
1 2 4 8 16 32 64 96 128 224 352 354 708 b
1 2 4 8 16 32 64 96 128 224 352 356 708 b
1 2 4 8 16 32 64 96 128 224 352 704 708 b
1 2 4 8 16 32 64 96 128 256 258 354 708 b
1 2 4 8 16 32 64 96 128 256 352 354 708 b
1 2 4 8 16 32 64 96 128 256 352 356 708 b
1 2 4 8 16 32 64 96 128 256 352 704 708 b
1 2 4 8 16 32 64 96 160 161 177 354 708 b
1 2 4 8 16 32 64 96 160 161 193 354 708 b
1 2 4 8 16 32 64 96 160 161 322 354 708 b
1 2 4 8 16 32 64 96 160 161 322 386 708 b
1 2 4 8 16 32 64 96 160 161 322 644 708 b
1 2 4 8 16 32 64 96 160 162 192 354 708 a
1 2 4 8 16 32 64 96 160 162 194 354 708 b
1 2 4 8 16 32 64 96 160 162 258 354 708 b
1 2 4 8 16 32 64 96 160 162 322 354 708 b
1 2 4 8 16 32 64 96 160 162 322 386 708 b
1 2 4 8 16 32 64 96 160 162 322 644 708 b
1 2 4 8 16 32 64 96 160 176 177 354 708 b
1 2 4 8 16 32 64 96 160 176 178 354 708 b
1 2 4 8 16 32 64 96 160 176 352 354 708 b
1 2 4 8 16 32 64 96 160 176 352 356 708 b
1 2 4 8 16 32 64 96 160 176 352 704 708 b
1 2 4 8 16 32 64 96 160 192 194 354 708 b
1 2 4 8 16 32 64 96 160 192 352 354 708 b
1 2 4 8 16 32 64 96 160 192 352 356 708 b
1 2 4 8 16 32 64 96 160 192 352 704 708 b
1 2 4 8 16 32 64 96 160 256 258 354 708 b
1 2 4 8 16 32 64 96 160 256 352 354 708 b
1 2 4 8 16 32 64 96 160 256 352 356 708 b
1 2 4 8 16 32 64 96 160 256 352 704 708 b
1 2 4 8 16 32 64 96 160 320 322 354 708 b
1 2 4 8 16 32 64 96 160 320 322 386 708 b
1 2 4 8 16 32 64 96 160 320 322 644 708 b
1 2 4 8 16 32 64 96 160 320 324 384 708 a
1 2 4 8 16 32 64 96 160 320 324 388 708 b
1 2 4 8 16 32 64 96 160 320 324 644 708 b
1 2 4 8 16 32 64 96 160 320 352 354 708 b
1 2 4 8 16 32 64 96 160 320 352 356 708 b
1 2 4 8 16 32 64 96 160 320 352 704 708 b
1 2 4 8 16 32 64 96 160 320 384 388 708 b
1 2 4 8 16 32 64 96 160 320 384 704 708 b
1 2 4 8 16 32 64 96 160 320 640 644 708 b
1 2 4 8 16 32 64 96 160 320 640 704 708 b
1 2 4 8 16 32 64 96 192 194 258 354 708 b
1 2 4 8 16 32 64 96 192 194 258 450 708 b
1 2 4 8 16 32 64 96 192 194 258 516 708 b
1 2 4 8 16 32 64 96 192 194 290 354 708 b
1 2 4 8 16 32 64 96 192 196 256 452 708 a
1 2 4 8 16 32 64 96 192 196 256 512 708 a
1 2 4 8 16 32 64 96 192 256 258 354 708 b
1 2 4 8 16 32 64 96 192 256 258 450 708 b
1 2 4 8 16 32 64 96 192 256 258 516 708 b
1 2 4 8 16 32 64 96 192 256 260 448 708 a
1 2 4 8 16 32 64 96 192 256 260 452 708 b
1 2 4 8 16 32 64 96 192 256 260 516 708 b
1 2 4 8 16 32 64 96 192 256 352 354 708 b
1 2 4 8 16 32 64 96 192 256 352 356 708 b
1 2 4 8 16 32 64 96 192 256 352 704 708 b
1 2 4 8 16 32 64 96 192 256 448 452 708 b
1 2 4 8 16 32 64 96 192 256 448 704 708 b
1 2 4 8 16 32 64 96 192 256 512 516 708 b
1 2 4 8 16 32 64 96 192 256 512 704 708 b
1 2 4 8 16 32 64 96 192 288 290 354 708 b
1 2 4 8 16 32 64 96 192 288 352 354 708 b
1 2 4 8 16 32 64 96 192 288 352 356 708 b
1 2 4 8 16 32 64 96 192 288 352 704 708 b
1 2 4 8 16 32 64 128 129 145 177 354 708 b
1 2 4 8 16 32 64 128 129 145 209 354 708 b
1 2 4 8 16 32 64 128 129 145 290 354 708 b
1 2 4 8 16 32 64 128 129 145 290 418 708 b
1 2 4 8 16 32 64 128 129 145 290 580 708 b
1 2 4 8 16 32 64 128 129 161 177 354 708 b
1 2 4 8 16 32 64 128 129 161 193 354 708 b
1 2 4 8 16 32 64 128 129 161 225 354 708 b
1 2 4 8 16 32 64 128 129 161 290 354 708 b
1 2 4 8 16 32 64 128 129 161 290 418 708 b
1 2 4 8 16 32 64 128 129 161 290 580 708 b
1 2 4 8 16 32 64 128 129 161 322 354 708 b
1 2 4 8 16 32 64 128 129 161 322 386 708 b
1 2 4 8 16 32 64 128 129 161 322 644 708 b
1 2 4 8 16 32 64 128 129 192 258 450 708 a
1 2 4 8 16 32 64 128 129 192 258 516 708 a
1 2 4 8 16 32 64 128 129 193 225 354 708 b
1 2 4 8 16 32 64 128 129 193 322 354 708 b
1 2 4 8 16 32 64 128 129 193 322 386 708 b
1 2 4 8 16 32 64 128 129 193 322 515 708 b
1 2 4 8 16 32 64 128 129 193 322 644 708 b
1 2 4 8 16 32 64 128 129 193 386 515 708 b
1 2 4 8 16 32 64 128 129 193 386 579 708 b
1 2 4 8 16 32 64 128 129 258 290 354 708 b
1 2 4 8 16 32 64 128 129 258 290 418 708 b
1 2 4 8 16 32 64 128 129 258 290 580 708 b
1 2 4 8 16 32 64 128 129 258 322 354 708 b
1 2 4 8 16 32 64 128 129 258 322 386 708 b
1 2 4 8 16 32 64 128 129 258 322 450 708 b
1 2 4 8 16 32 64 128 129 258 322 580 708 b
1 2 4 8 16 32 64 128 129 258 322 644 708 b
1 2 4 8 16 32 64 128 129 258 386 450 708 b
1 2 4 8 16 32 64 128 129 258 386 644 708 b
1 2 4 8 16 32 64 128 129 258 516 580 708 b
1 2 4 8 16 32 64 128 129 258 516 644 708 b
1 2 4 8 16 32 64 128 130 160 194 354 708 a
1 2 4 8 16 32 64 128 130 160 224 354 708 a
1 2 4 8 16 32 64 128 130 160 290 354 708 a
1 2 4 8 16 32 64 128 130 160 290 418 708 a
1 2 4 8 16 32 64 128 130 160 290 580 708 a
1 2 4 8 16 32 64 128 130 162 192 354 708 a
1 2 4 8 16 32 64 128 130 162 226 354 708 b
1 2 4 8 16 32 64 128 130 162 290 354 708 b
1 2 4 8 16 32 64 128 130 162 290 418 708 b
1 2 4 8 16 32 64 128 130 162 290 580 708 b
1 2 4 8 16 32 64 128 130 192 224 354 708 a
1 2 4 8 16 32 64 128 130 192 258 450 708 a
1 2 4 8 16 32 64 128 130 192 258 516 708 a
1 2 4 8 16 32 64 128 130 192 322 354 708 a
1 2 4 8 16 32 64 128 130 192 322 386 708 a
1 2 4 8 16 32 64 128 130 192 322 644 708 a
1 2 4 8 16 32 64 128 130 194 226 354 708 b
1 2 4 8 16 32 64 128 130 194 322 354 708 b
1 2 4 8 16 32 64 128 130 194 322 386 708 b
1 2 4 8 16 32 64 128 130 194 322 644 708 b
1 2 4 8 16 32 64 128 130 258 290 354 708 b
1 2 4 8 16 32 64 128 130 258 290 418 708 b
1 2 4 8 16 32 64 128 130 258 290 580 708 b
1 2 4 8 16 32 64 128 130 258 322 354 708 b
1 2 4 8 16 32 64 128 130 258 322 386 708 b
1 2 4 8 16 32 64 128 130 258 322 450 708 b
1 2 4 8 16 32 64 128 130 258 322 580 708 b
1 2 4 8 16 32 64 128 130 258 322 644 708 b
1 2 4 8 16 32 64 128 130 258 386 450 708 b
1 2 4 8 16 32 64 128 130 258 386 644 708 b
1 2 4 8 16 32 64 128 130 258 516 580 708 b
1 2 4 8 16 32 64 128 130 258 516 644 708 b
1 2 4 8 16 32 64 128 132 144 288 420 708 a
1 2 4 8 16 32 64 128 132 144 288 576 708 a
1 2 4 8 16 32 64 128 132 148 280 428 708 b
1 2 4 8 16 32 64 128 132 148 280 560 708 b
1 2 4 8 16 32 64 128 132 160 288 420 708 a
1 2 4 8 16 32 64 128 132 160 288 576 708 a
1 2 4 8 16 32 64 128 132 192 324 384 708 a
1 2 4 8 16 32 64 128 132 192 324 516 708 a
1 2 4 8 16 32 64 128 132 192 384 516 708 a
1 2 4 8 16 32 64 128 132 192 384 576 708 a
1 2 4 8 16 32 64 128 132 196 256 452 708 a
1 2 4 8 16 32 64 128 132 196 256 512 708 a
1 2 4 8 16 32 64 128 132 256 288 420 708 a
1 2 4 8 16 32 64 128 132 256 288 576 708 a
1 2 4 8 16 32 64 128 132 256 320 388 708 a
1 2 4 8 16 32 64 128 132 256 320 452 708 a
1 2 4 8 16 32 64 128 132 256 320 576 708 a
1 2 4 8 16 32 64 128 132 256 388 452 708 a
1 2 4 8 16 32 64 128 132 256 388 644 708 a
1 2 4 8 16 32 64 128 132 256 512 576 708 a
1 2 4 8 16 32 64 128 132 256 512 644 708 a
1 2 4 8 16 32 64 128 144 145 177 354 708 b
1 2 4 8 16 32 64 128 144 145 209 354 708 b
1 2 4 8 16 32 64 128 144 145 290 354 708 b
1 2 4 8 16 32 64 128 144 145 290 418 708 b
1 2 4 8 16 32 64 128 144 145 290 580 708 b
1 2 4 8 16 32 64 128 144 146 208 354 708 a
1 2 4 8 16 32 64 128 144 146 210 354 708 b
1 2 4 8 16 32 64 128 144 146 290 354 708 b
1 2 4 8 16 32 64 128 144 146 290 418 708 b
1 2 4 8 16 32 64 128 144 146 290 580 708 b
1 2 4 8 16 32 64 128 144 176 177 354 708 b
1 2 4 8 16 32 64 128 144 176 178 354 708 b
1 2 4 8 16 32 64 128 144 176 352 354 708 b
1 2 4 8 16 32 64 128 144 176 352 356 708 b
1 2 4 8 16 32 64 128 144 176 352 704 708 b
1 2 4 8 16 32 64 128 144 208 210 354 708 b
1 2 4 8 16 32 64 128 144 208 352 354 708 b
1 2 4 8 16 32 64 128 144 208 352 356 708 b
1 2 4 8 16 32 64 128 144 208 352 704 708 b
1 2 4 8 16 32 64 128 144 288 290 354 708 b
1 2 4 8 16 32 64 128 144 288 290 418 708 b
1 2 4 8 16 32 64 128 144 288 290 580 708 b
1 2 4 8 16 32 64 128 144 288 292 416 708 a
1 2 4 8 16 32 64 128 144 288 292 420 708 b
1 2 4 8 16 32 64 128 144 288 292 580 708 b
1 2 4 8 16 32 64 128 144 288 352 354 708 b
1 2 4 8 16 32 64 128 144 288 352 356 708 b
1 2 4 8 16 32 64 128 144 288 352 704 708 b
1 2 4 8 16 32 64 128 144 288 416 420 708 b
1 2 4 8 16 32 64 128 144 288 416 704 708 b
1 2 4 8 16 32 64 128 144 288 576 580 708 b
1 2 4 8 16 32 64 128 144 288 576 704 708 b
1 2 4 8 16 32 64 128 160 161 177 354 708 b
1 2 4 8 16 32 64 128 160 161 193 354 708 b
1 2 4 8 16 32 64 128 160 161 322 354 708 b
1 2 4 8 16 32 64 128 160 161 322 386 708 b
1 2 4 8 16 32 64 128 160 161 322 644 708 b
1 2 4 8 16 32 64 128 160 162 192 354 708 a
1 2 4 8 16 32 64 128 160 162 194 354 708 b
1 2 4 8 16 32 64 128 160 162 226 354 708 b
1 2 4 8 16 32 64 128 160 162 290 354 708 b
1 2 4 8 16 32 64 128 160 162 290 418 708 b
1 2 4 8 16 32 64 128 160 162 290 580 708 b
1 2 4 8 16 32 64 128 160 162 322 354 708 b
1 2 4 8 16 32 64 128 160 162 322 386 708 b
1 2 4 8 16 32 64 128 160 162 322 644 708 b
1 2 4 8 16 32 64 128 160 176 177 354 708 b
1 2 4 8 16 32 64 128 160 176 178 354 708 b
1 2 4 8 16 32 64 128 160 176 352 354 708 b
1 2 4 8 16 32 64 128 160 176 352 356 708 b
1 2 4 8 16 32 64 128 160 176 352 704 708 b
1 2 4 8 16 32 64 128 160 192 194 354 708 b
1 2 4 8 16 32 64 128 160 192 352 354 708 b
1 2 4 8 16 32 64 128 160 192 352 356 708 b
1 2 4 8 16 32 64 128 160 192 352 704 708 b
1 2 4 8 16 32 64 128 160 224 226 354 708 b
1 2 4 8 16 32 64 128 160 224 352 354 708 b
1 2 4 8 16 32 64 128 160 224 352 356 708 b
1 2 4 8 16 32 64 128 160 224 352 704 708 b
1 2 4 8 16 32 64 128 160 288 290 354 708 b
1 2 4 8 16 32 64 128 160 288 290 418 708 b
1 2 4 8 16 32 64 128 160 288 290 580 708 b
1 2 4 8 16 32 64 128 160 288 292 416 708 a
1 2 4 8 16 32 64 128 160 288 292 420 708 b
1 2 4 8 16 32 64 128 160 288 292 580 708 b
1 2 4 8 16 32 64 128 160 288 352 354 708 b
1 2 4 8 16 32 64 128 160 288 352 356 708 b
1 2 4 8 16 32 64 128 160 288 352 704 708 b
1 2 4 8 16 32 64 128 160 288 416 420 708 b
1 2 4 8 16 32 64 128 160 288 416 704 708 b
1 2 4 8 16 32 64 128 160 288 576 580 708 b
1 2 4 8 16 32 64 128 160 288 576 704 708 b
1 2 4 8 16 32 64 128 160 320 322 354 708 b
1 2 4 8 16 32 64 128 160 320 322 386 708 b
1 2 4 8 16 32 64 128 160 320 322 644 708 b
1 2 4 8 16 32 64 128 160 320 324 384 708 a
1 2 4 8 16 32 64 128 160 320 324 388 708 b
1 2 4 8 16 32 64 128 160 320 324 644 708 b
1 2 4 8 16 32 64 128 160 320 352 354 708 b
1 2 4 8 16 32 64 128 160 320 352 356 708 b
1 2 4 8 16 32 64 128 160 320 352 704 708 b
1 2 4 8 16 32 64 128 160 320 384 388 708 b
1 2 4 8 16 32 64 128 160 320 384 704 708 b
1 2 4 8 16 32 64 128 160 320 640 644 708 b
1 2 4 8 16 32 64 128 160 320 640 704 708 b
1 2 4 8 16 32 64 128 192 194 226 354 708 b
1 2 4 8 16 32 64 128 192 194 258 450 708 b
1 2 4 8 16 32 64 128 192 194 258 516 708 b
1 2 4 8 16 32 64 128 192 194 320 388 708 a
1 2 4 8 16 32 64 128 192 194 320 514 708 a
1 2 4 8 16 32 64 128 192 194 322 354 708 b
1 2 4 8 16 32 64 128 192 194 322 386 708 b
1 2 4 8 16 32 64 128 192 194 322 514 708 b
1 2 4 8 16 32 64 128 192 194 322 516 708 b
1 2 4 8 16 32 64 128 192 194 322 644 708 b
1 2 4 8 16 32 64 128 192 194 386 514 708 b
1 2 4 8 16 32 64 128 192 194 386 580 708 b
1 2 4 8 16 32 64 128 192 194 388 516 708 b
1 2 4 8 16 32 64 128 192 194 388 580 708 b
1 2 4 8 16 32 64 128 192 196 256 452 708 a
1 2 4 8 16 32 64 128 192 196 256 512 708 a
1 2 4 8 16 32 64 128 192 196 320 388 708 a
1 2 4 8 16 32 64 128 192 196 320 512 708 a
1 2 4 8 16 32 64 128 192 196 320 516 708 a
1 2 4 8 16 32 64 128 192 196 324 384 708 a
1 2 4 8 16 32 64 128 192 196 324 516 708 b
1 2 4 8 16 32 64 128 192 196 384 512 708 a
1 2 4 8 16 32 64 128 192 196 384 580 708 a
1 2 4 8 16 32 64 128 192 196 388 516 708 b
1 2 4 8 16 32 64 128 192 196 388 580 708 b
1 2 4 8 16 32 64 128 192 224 226 354 708 b
1 2 4 8 16 32 64 128 192 224 352 354 708 b
1 2 4 8 16 32 64 128 192 224 352 356 708 b
1 2 4 8 16 32 64 128 192 224 352 704 708 b
1 2 4 8 16 32 64 128 192 256 258 450 708 b
1 2 4 8 16 32 64 128 192 256 258 516 708 b
1 2 4 8 16 32 64 128 192 256 260 448 708 a
1 2 4 8 16 32 64 128 192 256 260 452 708 b
1 2 4 8 16 32 64 128 192 256 260 516 708 b
1 2 4 8 16 32 64 128 192 256 448 452 708 b
1 2 4 8 16 32 64 128 192 256 448 704 708 b
1 2 4 8 16 32 64 128 192 256 512 516 708 b
1 2 4 8 16 32 64 128 192 256 512 704 708 b
1 2 4 8 16 32 64 128 192 320 322 354 708 b
1 2 4 8 16 32 64 128 192 320 322 386 708 b
1 2 4 8 16 32 64 128 192 320 322 644 708 b
1 2 4 8 16 32 64 128 192 320 324 384 708 a
1 2 4 8 16 32 64 128 192 320 324 388 708 b
1 2 4 8 16 32 64 128 192 320 324 516 708 b
1 2 4 8 16 32 64 128 192 320 324 644 708 b
1 2 4 8 16 32 64 128 192 320 352 354 708 b
1 2 4 8 16 32 64 128 192 320 352 356 708 b
1 2 4 8 16 32 64 128 192 320 352 704 708 b
1 2 4 8 16 32 64 128 192 320 384 388 708 b
1 2 4 8 16 32 64 128 192 320 384 704 708 b
1 2 4 8 16 32 64 128 192 320 512 516 708 b
1 2 4 8 16 32 64 128 192 320 512 704 708 b
1 2 4 8 16 32 64 128 192 320 640 644 708 b
1 2 4 8 16 32 64 128 192 320 640 704 708 b
1 2 4 8 16 32 64 128 192 384 388 516 708 b
1 2 4 8 16 32 64 128 192 384 388 580 708 b
1 2 4 8 16 32 64 128 192 384 512 516 708 b
1 2 4 8 16 32 64 128 192 384 512 704 708 b
1 2 4 8 16 32 64 128 192 384 576 580 708 b
1 2 4 8 16 32 64 128 192 384 576 704 708 b
1 2 4 8 16 32 64 128 256 258 290 354 708 b
1 2 4 8 16 32 64 128 256 258 290 418 708 b
1 2 4 8 16 32 64 128 256 258 290 580 708 b
1 2 4 8 16 32 64 128 256 258 322 354 708 b
1 2 4 8 16 32 64 128 256 258 322 386 708 b
1 2 4 8 16 32 64 128 256 258 322 450 708 b
1 2 4 8 16 32 64 128 256 258 322 580 708 b
1 2 4 8 16 32 64 128 256 258 322 644 708 b
1 2 4 8 16 32 64 128 256 258 386 450 708 b
1 2 4 8 16 32 64 128 256 258 386 644 708 b
1 2 4 8 16 32 64 128 256 258 516 580 708 b
1 2 4 8 16 32 64 128 256 258 516 644 708 b
1 2 4 8 16 32 64 128 256 260 320 388 708 a
1 2 4 8 16 32 64 128 256 260 320 448 708 a
1 2 4 8 16 32 64 128 256 260 320 580 708 a
1 2 4 8 16 32 64 128 256 260 324 384 708 a
1 2 4 8 16 32 64 128 256 260 324 452 708 b
1 2 4 8 16 32 64 128 256 260 324 580 708 b
1 2 4 8 16 32 64 128 256 260 384 448 708 a
1 2 4 8 16 32 64 128 256 260 384 644 708 a
1 2 4 8 16 32 64 128 256 260 388 452 708 b
1 2 4 8 16 32 64 128 256 260 388 644 708 b
1 2 4 8 16 32 64 128 256 260 516 580 708 b
1 2 4 8 16 32 64 128 256 260 516 644 708 b
1 2 4 8 16 32 64 128 256 288 290 354 708 b
1 2 4 8 16 32 64 128 256 288 290 418 708 b
1 2 4 8 16 32 64 128 256 288 290 580 708 b
1 2 4 8 16 32 64 128 256 288 292 416 708 a
1 2 4 8 16 32 64 128 256 288 292 420 708 b
1 2 4 8 16 32 64 128 256 288 292 580 708 b
1 2 4 8 16 32 64 128 256 288 352 354 708 b
1 2 4 8 16 32 64 128 256 288 352 356 708 b
1 2 4 8 16 32 64 128 256 288 352 704 708 b
1 2 4 8 16 32 64 128 256 288 416 420 708 b
1 2 4 8 16 32 64 128 256 288 416 704 708 b
1 2 4 8 16 32 64 128 256 288 576 580 708 b
1 2 4 8 16 32 64 128 256 288 576 704 708 b
1 2 4 8 16 32 64 128 256 320 322 354 708 b
1 2 4 8 16 32 64 128 256 320 322 386 708 b
1 2 4 8 16 32 64 128 256 320 322 644 708 b
1 2 4 8 16 32 64 128 256 320 324 384 708 a
1 2 4 8 16 32 64 128 256 320 324 388 708 b
1 2 4 8 16 32 64 128 256 320 324 452 708 b
1 2 4 8 16 32 64 128 256 320 324 580 708 b
1 2 4 8 16 32 64 128 256 320 324 644 708 b
1 2 4 8 16 32 64 128 256 320 352 354 708 b
1 2 4 8 16 32 64 128 256 320 352 356 708 b
1 2 4 8 16 32 64 128 256 320 352 704 708 b
1 2 4 8 16 32 64 128 256 320 384 388 708 b
1 2 4 8 16 32 64 128 256 320 384 704 708 b
1 2 4 8 16 32 64 128 256 320 448 452 708 b
1 2 4 8 16 32 64 128 256 320 448 704 708 b
1 2 4 8 16 32 64 128 256 320 576 580 708 b
1 2 4 8 16 32 64 128 256 320 576 704 708 b
1 2 4 8 16 32 64 128 256 320 640 644 708 b
1 2 4 8 16 32 64 128 256 320 640 704 708 b
1 2 4 8 16 32 64 128 256 384 388 452 708 b
1 2 4 8 16 32 64 128 256 384 388 644 708 b
1 2 4 8 16 32 64 128 256 384 448 452 708 b
1 2 4 8 16 32 64 128 256 384 448 704 708 b
1 2 4 8 16 32 64 128 256 384 640 644 708 b
1 2 4 8 16 32 64 128 256 384 640 704 708 b
1 2 4 8 16 32 64 128 256 512 516 580 708 b
1 2 4 8 16 32 64 128 256 512 516 644 708 b
1 2 4 8 16 32 64 128 256 512 576 580 708 b
1 2 4 8 16 32 64 128 256 512 576 704 708 b
1 2 4 8 16 32 64 128 256 512 640 644 708 b
1 2 4 8 16 32 64 128 256 512 640 704 708 b
