1 2 3 6 9 18 27 54 108 216 432 441 873 b
1 2 3 6 9 18 27 54 108 216 432 864 873 b
1 2 3 6 9 18 36 54 108 216 432 441 873 b
1 2 3 6 9 18 36 54 108 216 432 864 873 b
1 2 3 6 9 18 36 72 108 216 432 441 873 b
1 2 3 6 9 18 36 72 108 216 432 864 873 b
1 2 3 6 9 18 36 72 144 147 291 582 873 b
1 2 3 6 9 18 36 72 144 216 432 441 873 b
1 2 3 6 9 18 36 72 144 216 432 864 873 b
1 2 3 6 9 18 36 72 144 288 291 582 873 b
1 2 3 6 9 18 36 72 144 288 297 576 873 a
1 2 3 6 9 18 36 72 144 288 297 585 873 b
1 2 3 6 9 18 36 72 144 288 432 441 873 b
1 2 3 6 9 18 36 72 144 288 432 864 873 b
1 2 3 6 9 18 36 72 144 288 576 585 873 b
1 2 3 6 9 18 36 72 144 288 576 864 873 b
1 2 3 6 12 18 36 72 144 147 291 582 873 b
1 2 3 6 12 18 36 72 144 288 291 582 873 b
1 2 3 6 12 24 36 72 144 147 291 582 873 b
1 2 3 6 12 24 36 72 144 288 291 582 873 b
1 2 3 6 12 24 48 49 97 194 291 582 873 b
1 2 3 6 12 24 48 49 97 194 388 485 873 b
1 2 3 6 12 24 48 49 97 194 388 776 873 b
1 2 3 6 12 24 48 72 144 147 291 582 873 b
1 2 3 6 12 24 48 72 144 288 291 582 873 b
1 2 3 6 12 24 48 96 97 194 291 582 873 b
1 2 3 6 12 24 48 96 97 194 388 485 873 b
1 2 3 6 12 24 48 96 97 194 388 776 873 b
1 2 3 6 12 24 48 96 99 192 291 582 873 a
1 2 3 6 12 24 48 96 99 195 291 582 873 b
1 2 3 6 12 24 48 96 144 147 291 582 873 b
1 2 3 6 12 24 48 96 144 288 291 582 873 b
1 2 3 6 12 24 48 96 192 195 291 582 873 b
1 2 3 6 12 24 48 96 192 288 291 582 873 b
1 2 4 5 9 18 27 54 108 216 432 441 873 b
1 2 4 5 9 18 27 54 108 216 432 864 873 b
1 2 4 5 9 18 36 54 108 216 432 441 873 b
1 2 4 5 9 18 36 54 108 216 432 864 873 b
1 2 4 5 9 18 36 72 108 216 432 441 873 b
1 2 4 5 9 18 36 72 108 216 432 864 873 b
1 2 4 5 9 18 36 72 144 216 432 441 873 b
1 2 4 5 9 18 36 72 144 216 432 864 873 b
1 2 4 5 9 18 36 72 144 288 297 576 873 a
1 2 4 5 9 18 36 72 144 288 297 585 873 b
1 2 4 5 9 18 36 72 144 288 432 441 873 b
1 2 4 5 9 18 36 72 144 288 432 864 873 b
1 2 4 5 9 18 36 72 144 288 576 585 873 b
1 2 4 5 9 18 36 72 144 288 576 864 873 b
1 2 4 6 12 24 48 49 97 194 291 582 873 b
1 2 4 6 12 24 48 49 97 194 388 485 873 b
1 2 4 6 12 24 48 49 97 194 388 776 873 b
1 2 4 6 12 24 48 96 97 194 291 582 873 b
1 2 4 6 12 24 48 96 97 194 388 485 873 b
1 2 4 6 12 24 48 96 97 194 388 776 873 b
1 2 4 8 9 18 27 54 108 216 432 441 873 b
1 2 4 8 9 18 27 54 108 216 432 864 873 b
1 2 4 8 9 18 36 54 108 216 432 441 873 b
1 2 4 8 9 18 36 54 108 216 432 864 873 b
1 2 4 8 9 18 36 72 108 216 432 441 873 b
1 2 4 8 9 18 36 72 108 216 432 864 873 b
1 2 4 8 9 18 36 72 144 216 432 441 873 b
1 2 4 8 9 18 36 72 144 216 432 864 873 b
1 2 4 8 9 18 36 72 144 288 297 576 873 a
1 2 4 8 9 18 36 72 144 288 297 585 873 b
1 2 4 8 9 18 36 72 144 288 432 441 873 b
1 2 4 8 9 18 36 72 144 288 432 864 873 b
1 2 4 8 9 18 36 72 144 288 576 585 873 b
1 2 4 8 9 18 36 72 144 288 576 864 873 b
1 2 4 8 12 24 48 49 97 194 291 582 873 b
1 2 4 8 12 24 48 49 97 194 388 485 873 b
1 2 4 8 12 24 48 49 97 194 388 776 873 b
1 2 4 8 12 24 48 96 97 194 291 582 873 b
1 2 4 8 12 24 48 96 97 194 388 485 873 b
1 2 4 8 12 24 48 96 97 194 388 776 873 b
1 2 4 8 16 24 48 49 97 194 291 582 873 b
1 2 4 8 16 24 48 49 97 194 388 485 873 b
1 2 4 8 16 24 48 49 97 194 388 776 873 b
1 2 4 8 16 24 48 96 97 194 291 582 873 b
1 2 4 8 16 24 48 96 97 194 388 485 873 b
1 2 4 8 16 24 48 96 97 194 388 776 873 b
1 2 4 8 16 32 33 64 97 194 291 582 873 a
1 2 4 8 16 32 33 64 97 194 388 485 873 a
1 2 4 8 16 32 33 64 97 194 388 776 873 a
1 2 4 8 16 32 33 65 97 194 291 582 873 b
1 2 4 8 16 32 33 65 97 194 388 485 873 b
1 2 4 8 16 32 33 65 97 194 388 776 873 b
1 2 4 8 16 32 48 49 97 194 291 582 873 b
1 2 4 8 16 32 48 49 97 194 388 485 873 b
1 2 4 8 16 32 48 49 97 194 388 776 873 b
1 2 4 8 16 32 48 96 97 194 291 582 873 b
1 2 4 8 16 32 48 96 97 194 388 485 873 b
1 2 4 8 16 32 48 96 97 194 388 776 873 b
1 2 4 8 16 32 64 65 97 194 291 582 873 b
1 2 4 8 16 32 64 65 97 194 388 485 873 b
1 2 4 8 16 32 64 65 97 194 388 776 873 b
1 2 4 8 16 32 64 96 97 194 291 582 873 b
1 2 4 8 16 32 64 96 97 194 388 485 873 b
1 2 4 8 16 32 64 96 97 194 388 776 873 b
