1 2 3 5 8 13 26 52 104 208 416 421 837 b
1 2 3 5 8 13 26 52 104 208 416 832 837 b
1 2 3 5 10 13 26 52 104 208 416 421 837 b
1 2 3 5 10 13 26 52 104 208 416 832 837 b
1 2 4 5 8 13 26 52 104 208 416 421 837 a
1 2 4 5 8 13 26 52 104 208 416 832 837 a
1 2 4 5 9 13 26 52 104 208 416 421 837 b
1 2 4 5 9 13 26 52 104 208 416 832 837 b
1 2 4 8 16 32 64 65 128 193 386 451 837 a
1 2 4 8 16 32 64 65 128 193 386 772 837 a
1 2 4 8 16 32 64 65 129 193 322 515 837 b
1 2 4 8 16 32 64 65 129 193 322 644 837 b
1 2 4 8 16 32 64 65 129 193 386 451 837 b
1 2 4 8 16 32 64 65 129 193 386 772 837 b
1 2 4 8 16 32 64 128 129 193 322 515 837 b
1 2 4 8 16 32 64 128 129 193 322 644 837 b
