1 2 3 4 7 11 22 33 55 110 220 440 447 887 b
1 2 3 4 7 11 22 33 55 110 220 440 880 887 b
1 2 3 4 7 11 22 44 55 110 220 440 447 887 b
1 2 3 4 7 11 22 44 55 110 220 440 880 887 b
1 2 3 4 7 11 22 44 66 110 220 440 447 887 b
1 2 3 4 7 11 22 44 66 110 220 440 880 887 b
1 2 3 4 7 11 22 44 88 110 220 440 447 887 b
1 2 3 4 7 11 22 44 88 110 220 440 880 887 b
1 2 3 4 7 11 22 44 88 132 220 440 447 887 b
1 2 3 4 7 11 22 44 88 132 220 440 880 887 b
1 2 3 4 7 11 22 44 88 176 183 352 535 887 a
1 2 3 4 7 11 22 44 88 176 183 352 704 887 a
1 2 3 4 7 11 22 44 88 176 220 440 447 887 b
1 2 3 4 7 11 22 44 88 176 220 440 880 887 b
1 2 3 4 7 11 22 44 88 176 264 440 447 887 b
1 2 3 4 7 11 22 44 88 176 264 440 880 887 b
1 2 3 4 7 11 22 44 88 176 352 359 528 887 a
1 2 3 4 7 11 22 44 88 176 352 359 535 887 b
1 2 3 4 7 11 22 44 88 176 352 359 711 887 b
1 2 3 4 7 11 22 44 88 176 352 440 447 887 b
1 2 3 4 7 11 22 44 88 176 352 440 880 887 b
1 2 3 4 7 11 22 44 88 176 352 528 535 887 b
1 2 3 4 7 11 22 44 88 176 352 528 880 887 b
1 2 3 4 7 11 22 44 88 176 352 704 711 887 b
1 2 3 4 7 11 22 44 88 176 352 704 880 887 b
1 2 3 5 7 12 24 31 55 110 220 440 447 887 b
1 2 3 5 7 12 24 31 55 110 220 440 880 887 b
1 2 3 5 7 12 24 48 55 110 220 440 447 887 b
1 2 3 5 7 12 24 48 55 110 220 440 880 887 b
1 2 3 5 8 13 26 52 55 104 208 416 471 887 a
1 2 3 5 8 13 26 52 55 104 208 416 832 887 a
1 2 3 5 8 13 26 52 104 117 221 442 445 887 b
1 2 3 5 8 13 26 52 104 117 221 442 884 887 b
1 2 3 5 8 13 26 52 104 208 221 442 445 887 b
1 2 3 5 8 13 26 52 104 208 221 442 884 887 b
1 2 3 5 8 13 26 52 104 208 234 442 445 887 b
1 2 3 5 8 13 26 52 104 208 234 442 884 887 b
1 2 3 5 8 13 26 52 104 208 416 419 468 887 a
1 2 3 5 8 13 26 52 104 208 416 419 471 887 b
1 2 3 5 8 13 26 52 104 208 416 419 835 887 b
1 2 3 5 8 13 26 52 104 208 416 442 445 887 b
1 2 3 5 8 13 26 52 104 208 416 442 884 887 b
1 2 3 5 8 13 26 52 104 208 416 468 471 887 b
1 2 3 5 8 13 26 52 104 208 416 468 884 887 b
1 2 3 5 8 13 26 52 104 208 416 832 835 887 b
1 2 3 5 8 13 26 52 104 208 416 832 884 887 b
1 2 3 5 10 13 23 36 72 108 216 432 455 887 b
1 2 3 5 10 13 23 36 72 108 216 432 864 887 b
1 2 3 5 10 13 23 36 72 144 216 432 455 887 b
1 2 3 5 10 13 23 36 72 144 216 432 864 887 b
1 2 3 5 10 13 23 36 72 144 288 311 576 887 a
1 2 3 5 10 13 23 36 72 144 288 311 599 887 b
1 2 3 5 10 13 23 36 72 144 288 432 455 887 b
1 2 3 5 10 13 23 36 72 144 288 432 864 887 b
1 2 3 5 10 13 23 36 72 144 288 576 599 887 b
1 2 3 5 10 13 23 36 72 144 288 576 864 887 b
1 2 3 5 10 13 26 52 55 104 208 416 471 887 a
1 2 3 5 10 13 26 52 55 104 208 416 832 887 a
1 2 3 5 10 13 26 52 104 117 221 442 445 887 b
1 2 3 5 10 13 26 52 104 117 221 442 884 887 b
1 2 3 5 10 13 26 52 104 208 221 442 445 887 b
1 2 3 5 10 13 26 52 104 208 221 442 884 887 b
1 2 3 5 10 13 26 52 104 208 234 442 445 887 b
1 2 3 5 10 13 26 52 104 208 234 442 884 887 b
1 2 3 5 10 13 26 52 104 208 416 419 468 887 a
1 2 3 5 10 13 26 52 104 208 416 419 471 887 b
1 2 3 5 10 13 26 52 104 208 416 419 835 887 b
1 2 3 5 10 13 26 52 104 208 416 442 445 887 b
1 2 3 5 10 13 26 52 104 208 416 442 884 887 b
1 2 3 5 10 13 26 52 104 208 416 468 471 887 b
1 2 3 5 10 13 26 52 104 208 416 468 884 887 b
1 2 3 5 10 13 26 52 104 208 416 832 835 887 b
1 2 3 5 10 13 26 52 104 208 416 832 884 887 b
1 2 3 5 10 20 23 40 63 103 206 412 475 887 a
1 2 3 5 10 20 23 40 63 103 206 412 824 887 a
1 2 3 5 10 20 40 43 63 103 206 412 475 887 b
1 2 3 5 10 20 40 43 63 103 206 412 824 887 b
1 2 3 5 10 20 40 60 63 103 206 412 475 887 b
1 2 3 5 10 20 40 60 63 103 206 412 824 887 b
1 2 3 5 10 20 40 80 81 161 242 403 484 887 b
1 2 3 5 10 20 40 80 81 161 242 403 645 887 b
1 2 3 5 10 20 40 80 81 161 242 403 806 887 b
1 2 3 5 10 20 40 80 81 161 242 484 645 887 b
1 2 3 5 10 20 40 80 81 161 242 484 726 887 b
1 2 3 5 10 20 40 80 81 161 322 403 484 887 b
1 2 3 5 10 20 40 80 81 161 322 403 806 887 b
1 2 3 6 7 12 24 31 55 110 220 440 447 887 a
1 2 3 6 7 12 24 31 55 110 220 440 880 887 a
1 2 3 6 7 12 24 48 55 110 220 440 447 887 a
1 2 3 6 7 12 24 48 55 110 220 440 880 887 a
1 2 3 6 7 13 26 29 55 110 220 440 447 887 b
1 2 3 6 7 13 26 29 55 110 220 440 880 887 b
1 2 3 6 7 13 26 52 55 104 208 416 471 887 a
1 2 3 6 7 13 26 52 55 104 208 416 832 887 a
1 2 3 6 7 13 26 52 55 110 220 440 447 887 b
1 2 3 6 7 13 26 52 55 110 220 440 880 887 b
1 2 3 6 7 13 26 52 58 110 220 440 447 887 b
1 2 3 6 7 13 26 52 58 110 220 440 880 887 b
1 2 3 6 7 13 26 52 104 110 220 440 447 887 b
1 2 3 6 7 13 26 52 104 110 220 440 880 887 b
1 2 3 6 7 13 26 52 104 117 221 442 445 887 b
1 2 3 6 7 13 26 52 104 117 221 442 884 887 b
1 2 3 6 7 13 26 52 104 208 221 442 445 887 b
1 2 3 6 7 13 26 52 104 208 221 442 884 887 b
1 2 3 6 7 13 26 52 104 208 234 442 445 887 b
1 2 3 6 7 13 26 52 104 208 234 442 884 887 b
1 2 3 6 7 13 26 52 104 208 416 419 468 887 a
1 2 3 6 7 13 26 52 104 208 416 419 471 887 b
1 2 3 6 7 13 26 52 104 208 416 419 835 887 b
1 2 3 6 7 13 26 52 104 208 416 442 445 887 b
1 2 3 6 7 13 26 52 104 208 416 442 884 887 b
1 2 3 6 7 13 26 52 104 208 416 468 471 887 b
1 2 3 6 7 13 26 52 104 208 416 468 884 887 b
1 2 3 6 7 13 26 52 104 208 416 832 835 887 b
1 2 3 6 7 13 26 52 104 208 416 832 884 887 b
1 2 3 6 12 13 26 52 55 104 208 416 471 887 a
1 2 3 6 12 13 26 52 55 104 208 416 832 887 a
1 2 3 6 12 13 26 52 104 117 221 442 445 887 b
1 2 3 6 12 13 26 52 104 117 221 442 884 887 b
1 2 3 6 12 13 26 52 104 208 221 442 445 887 b
1 2 3 6 12 13 26 52 104 208 221 442 884 887 b
1 2 3 6 12 13 26 52 104 208 234 442 445 887 b
1 2 3 6 12 13 26 52 104 208 234 442 884 887 b
1 2 3 6 12 13 26 52 104 208 416 419 468 887 a
1 2 3 6 12 13 26 52 104 208 416 419 471 887 b
1 2 3 6 12 13 26 52 104 208 416 419 835 887 b
1 2 3 6 12 13 26 52 104 208 416 442 445 887 b
1 2 3 6 12 13 26 52 104 208 416 442 884 887 b
1 2 3 6 12 13 26 52 104 208 416 468 471 887 b
1 2 3 6 12 13 26 52 104 208 416 468 884 887 b
1 2 3 6 12 13 26 52 104 208 416 832 835 887 b
1 2 3 6 12 13 26 52 104 208 416 832 884 887 b
1 2 3 6 12 14 26 52 55 104 208 416 471 887 a
1 2 3 6 12 14 26 52 55 104 208 416 832 887 a
1 2 3 6 12 14 26 52 104 208 234 442 445 887 b
1 2 3 6 12 14 26 52 104 208 234 442 884 887 b
1 2 3 6 12 14 26 52 104 208 416 419 468 887 a
1 2 3 6 12 14 26 52 104 208 416 419 471 887 b
1 2 3 6 12 14 26 52 104 208 416 419 835 887 b
1 2 3 6 12 14 26 52 104 208 416 442 445 887 b
1 2 3 6 12 14 26 52 104 208 416 442 884 887 b
1 2 3 6 12 14 26 52 104 208 416 468 471 887 b
1 2 3 6 12 14 26 52 104 208 416 468 884 887 b
1 2 3 6 12 14 26 52 104 208 416 832 835 887 b
1 2 3 6 12 14 26 52 104 208 416 832 884 887 b
1 2 3 6 12 15 27 54 55 109 218 436 451 887 b
1 2 3 6 12 15 27 54 55 109 218 436 872 887 b
1 2 3 6 12 15 27 54 108 109 218 436 451 887 b
1 2 3 6 12 15 27 54 108 109 218 436 872 887 b
1 2 3 6 12 15 27 54 108 110 218 436 451 887 b
1 2 3 6 12 15 27 54 108 110 218 436 872 887 b
1 2 3 6 12 15 27 54 108 216 218 436 451 887 b
1 2 3 6 12 15 27 54 108 216 218 436 872 887 b
1 2 3 6 12 24 25 49 55 104 208 416 471 887 b
1 2 3 6 12 24 25 49 55 104 208 416 832 887 b
1 2 3 6 12 24 25 49 74 148 197 345 542 887 b
1 2 3 6 12 24 25 49 74 148 197 345 690 887 b
1 2 3 6 12 24 25 49 98 99 197 394 493 887 b
1 2 3 6 12 24 25 49 98 99 197 394 788 887 b
1 2 3 6 12 24 25 49 98 123 221 442 445 887 b
1 2 3 6 12 24 25 49 98 123 221 442 884 887 b
1 2 3 6 12 24 25 49 98 196 221 442 445 887 b
1 2 3 6 12 24 25 49 98 196 221 442 884 887 b
1 2 3 6 12 24 26 52 55 104 208 416 471 887 a
1 2 3 6 12 24 26 52 55 104 208 416 832 887 a
1 2 3 6 12 24 26 52 104 208 234 442 445 887 b
1 2 3 6 12 24 26 52 104 208 234 442 884 887 b
1 2 3 6 12 24 26 52 104 208 416 419 468 887 a
1 2 3 6 12 24 26 52 104 208 416 419 471 887 b
1 2 3 6 12 24 26 52 104 208 416 419 835 887 b
1 2 3 6 12 24 26 52 104 208 416 442 445 887 b
1 2 3 6 12 24 26 52 104 208 416 442 884 887 b
1 2 3 6 12 24 26 52 104 208 416 468 471 887 b
1 2 3 6 12 24 26 52 104 208 416 468 884 887 b
1 2 3 6 12 24 26 52 104 208 416 832 835 887 b
1 2 3 6 12 24 26 52 104 208 416 832 884 887 b
1 2 3 6 12 24 48 49 55 104 208 416 471 887 b
1 2 3 6 12 24 48 49 55 104 208 416 832 887 b
1 2 3 6 12 24 48 49 98 99 197 394 493 887 b
1 2 3 6 12 24 48 49 98 99 197 394 788 887 b
1 2 3 6 12 24 48 50 98 99 197 394 493 887 b
1 2 3 6 12 24 48 50 98 99 197 394 788 887 b
1 2 3 6 12 24 48 50 98 196 246 442 445 887 b
1 2 3 6 12 24 48 50 98 196 246 442 884 887 b
1 2 3 6 12 24 48 50 98 196 392 442 445 887 b
1 2 3 6 12 24 48 50 98 196 392 442 884 887 b
1 2 3 6 12 24 48 96 98 99 197 394 493 887 b
1 2 3 6 12 24 48 96 98 99 197 394 788 887 b
1 2 3 6 12 24 48 96 99 101 197 394 493 887 b
1 2 3 6 12 24 48 96 99 101 197 394 788 887 b
1 2 3 6 12 24 48 96 99 195 197 394 493 887 b
1 2 3 6 12 24 48 96 99 195 197 394 788 887 b
1 2 4 5 7 11 22 33 55 110 220 440 447 887 b
1 2 4 5 7 11 22 33 55 110 220 440 880 887 b
1 2 4 5 7 11 22 44 55 110 220 440 447 887 b
1 2 4 5 7 11 22 44 55 110 220 440 880 887 b
1 2 4 5 7 11 22 44 66 110 220 440 447 887 b
1 2 4 5 7 11 22 44 66 110 220 440 880 887 b
1 2 4 5 7 11 22 44 88 110 220 440 447 887 b
1 2 4 5 7 11 22 44 88 110 220 440 880 887 b
1 2 4 5 7 11 22 44 88 132 220 440 447 887 b
1 2 4 5 7 11 22 44 88 132 220 440 880 887 b
1 2 4 5 7 11 22 44 88 176 183 352 535 887 a
1 2 4 5 7 11 22 44 88 176 183 352 704 887 a
1 2 4 5 7 11 22 44 88 176 220 440 447 887 b
1 2 4 5 7 11 22 44 88 176 220 440 880 887 b
1 2 4 5 7 11 22 44 88 176 264 440 447 887 b
1 2 4 5 7 11 22 44 88 176 264 440 880 887 b
1 2 4 5 7 11 22 44 88 176 352 359 528 887 a
1 2 4 5 7 11 22 44 88 176 352 359 535 887 b
1 2 4 5 7 11 22 44 88 176 352 359 711 887 b
1 2 4 5 7 11 22 44 88 176 352 440 447 887 b
1 2 4 5 7 11 22 44 88 176 352 440 880 887 b
1 2 4 5 7 11 22 44 88 176 352 528 535 887 b
1 2 4 5 7 11 22 44 88 176 352 528 880 887 b
1 2 4 5 7 11 22 44 88 176 352 704 711 887 b
1 2 4 5 7 11 22 44 88 176 352 704 880 887 b
1 2 4 5 7 12 24 31 55 110 220 440 447 887 b
1 2 4 5 7 12 24 31 55 110 220 440 880 887 b
1 2 4 5 7 12 24 48 55 110 220 440 447 887 b
1 2 4 5 7 12 24 48 55 110 220 440 880 887 b
1 2 4 5 9 14 23 27 54 108 216 432 455 887 b
1 2 4 5 9 14 23 27 54 108 216 432 864 887 b
1 2 4 5 9 18 23 27 54 108 216 432 455 887 b
1 2 4 5 9 18 23 27 54 108 216 432 864 887 b
1 2 4 5 9 18 23 36 54 108 216 432 455 887 a
1 2 4 5 9 18 23 36 54 108 216 432 864 887 a
1 2 4 5 9 18 23 36 72 108 216 432 455 887 a
1 2 4 5 9 18 23 36 72 108 216 432 864 887 a
1 2 4 5 9 18 23 36 72 144 216 432 455 887 a
1 2 4 5 9 18 23 36 72 144 216 432 864 887 a
1 2 4 5 9 18 23 36 72 144 288 311 576 887 a
1 2 4 5 9 18 23 36 72 144 288 311 599 887 a
1 2 4 5 9 18 23 36 72 144 288 432 455 887 a
1 2 4 5 9 18 23 36 72 144 288 432 864 887 a
1 2 4 5 9 18 23 36 72 144 288 576 599 887 a
1 2 4 5 9 18 23 36 72 144 288 576 864 887 a
1 2 4 5 9 18 27 54 108 216 225 441 446 887 b
1 2 4 5 9 18 27 54 108 216 225 441 882 887 b
1 2 4 5 9 18 27 54 108 216 432 437 450 887 a
1 2 4 5 9 18 27 54 108 216 432 437 455 887 b
1 2 4 5 9 18 27 54 108 216 432 437 869 887 b
1 2 4 5 9 18 27 54 108 216 432 441 446 887 b
1 2 4 5 9 18 27 54 108 216 432 441 882 887 b
1 2 4 5 9 18 27 54 108 216 432 450 455 887 b
1 2 4 5 9 18 27 54 108 216 432 450 882 887 b
1 2 4 5 9 18 27 54 108 216 432 864 869 887 b
1 2 4 5 9 18 27 54 108 216 432 864 882 887 b
1 2 4 5 9 18 36 54 108 216 225 441 446 887 b
1 2 4 5 9 18 36 54 108 216 225 441 882 887 b
1 2 4 5 9 18 36 54 108 216 432 437 450 887 a
1 2 4 5 9 18 36 54 108 216 432 437 455 887 b
1 2 4 5 9 18 36 54 108 216 432 437 869 887 b
1 2 4 5 9 18 36 54 108 216 432 441 446 887 b
1 2 4 5 9 18 36 54 108 216 432 441 882 887 b
1 2 4 5 9 18 36 54 108 216 432 450 455 887 b
1 2 4 5 9 18 36 54 108 216 432 450 882 887 b
1 2 4 5 9 18 36 54 108 216 432 864 869 887 b
1 2 4 5 9 18 36 54 108 216 432 864 882 887 b
1 2 4 5 9 18 36 72 108 216 225 441 446 887 b
1 2 4 5 9 18 36 72 108 216 225 441 882 887 b
1 2 4 5 9 18 36 72 108 216 432 437 450 887 a
1 2 4 5 9 18 36 72 108 216 432 437 455 887 b
1 2 4 5 9 18 36 72 108 216 432 437 869 887 b
1 2 4 5 9 18 36 72 108 216 432 441 446 887 b
1 2 4 5 9 18 36 72 108 216 432 441 882 887 b
1 2 4 5 9 18 36 72 108 216 432 450 455 887 b
1 2 4 5 9 18 36 72 108 216 432 450 882 887 b
1 2 4 5 9 18 36 72 108 216 432 864 869 887 b
1 2 4 5 9 18 36 72 108 216 432 864 882 887 b
1 2 4 5 9 18 36 72 144 149 293 297 590 887 b
1 2 4 5 9 18 36 72 144 149 293 297 594 887 b
1 2 4 5 9 18 36 72 144 153 288 441 446 887 a
1 2 4 5 9 18 36 72 144 153 288 441 882 887 a
1 2 4 5 9 18 36 72 144 153 297 441 446 887 b
1 2 4 5 9 18 36 72 144 153 297 441 882 887 b
1 2 4 5 9 18 36 72 144 216 225 441 446 887 b
1 2 4 5 9 18 36 72 144 216 225 441 882 887 b
1 2 4 5 9 18 36 72 144 216 432 437 450 887 a
1 2 4 5 9 18 36 72 144 216 432 437 455 887 b
1 2 4 5 9 18 36 72 144 216 432 437 869 887 b
1 2 4 5 9 18 36 72 144 216 432 441 446 887 b
1 2 4 5 9 18 36 72 144 216 432 441 882 887 b
1 2 4 5 9 18 36 72 144 216 432 450 455 887 b
1 2 4 5 9 18 36 72 144 216 432 450 882 887 b
1 2 4 5 9 18 36 72 144 216 432 864 869 887 b
1 2 4 5 9 18 36 72 144 216 432 864 882 887 b
1 2 4 5 9 18 36 72 144 288 293 297 590 887 b
1 2 4 5 9 18 36 72 144 288 293 297 594 887 b
1 2 4 5 9 18 36 72 144 288 293 306 581 887 a
1 2 4 5 9 18 36 72 144 288 293 306 594 887 a
1 2 4 5 9 18 36 72 144 288 293 306 599 887 a
1 2 4 5 9 18 36 72 144 288 293 311 576 887 a
1 2 4 5 9 18 36 72 144 288 293 311 599 887 b
1 2 4 5 9 18 36 72 144 288 293 576 594 887 a
1 2 4 5 9 18 36 72 144 288 293 576 869 887 a
1 2 4 5 9 18 36 72 144 288 293 581 599 887 b
1 2 4 5 9 18 36 72 144 288 293 581 869 887 b
1 2 4 5 9 18 36 72 144 288 297 302 585 887 a
1 2 4 5 9 18 36 72 144 288 297 302 590 887 b
1 2 4 5 9 18 36 72 144 288 297 302 599 887 b
1 2 4 5 9 18 36 72 144 288 297 441 446 887 b
1 2 4 5 9 18 36 72 144 288 297 441 882 887 b
1 2 4 5 9 18 36 72 144 288 297 585 590 887 b
1 2 4 5 9 18 36 72 144 288 297 585 882 887 b
1 2 4 5 9 18 36 72 144 288 297 594 599 887 b
1 2 4 5 9 18 36 72 144 288 297 594 882 887 b
1 2 4 5 9 18 36 72 144 288 306 311 576 887 a
1 2 4 5 9 18 36 72 144 288 306 311 599 887 b
1 2 4 5 9 18 36 72 144 288 306 576 581 887 a
1 2 4 5 9 18 36 72 144 288 306 576 882 887 a
1 2 4 5 9 18 36 72 144 288 306 594 599 887 b
1 2 4 5 9 18 36 72 144 288 306 594 882 887 b
1 2 4 5 9 18 36 72 144 288 432 437 450 887 a
1 2 4 5 9 18 36 72 144 288 432 437 455 887 b
1 2 4 5 9 18 36 72 144 288 432 437 869 887 b
1 2 4 5 9 18 36 72 144 288 432 441 446 887 b
1 2 4 5 9 18 36 72 144 288 432 441 882 887 b
1 2 4 5 9 18 36 72 144 288 432 450 455 887 b
1 2 4 5 9 18 36 72 144 288 432 450 882 887 b
1 2 4 5 9 18 36 72 144 288 432 864 869 887 b
1 2 4 5 9 18 36 72 144 288 432 864 882 887 b
1 2 4 5 9 18 36 72 144 288 576 581 599 887 b
1 2 4 5 9 18 36 72 144 288 576 581 869 887 b
1 2 4 5 9 18 36 72 144 288 576 594 599 887 b
1 2 4 5 9 18 36 72 144 288 576 594 882 887 b
1 2 4 5 9 18 36 72 144 288 576 864 869 887 b
1 2 4 5 9 18 36 72 144 288 576 864 882 887 b
1 2 4 5 10 20 40 80 81 161 242 403 484 887 b
1 2 4 5 10 20 40 80 81 161 242 403 645 887 b
1 2 4 5 10 20 40 80 81 161 242 403 806 887 b
1 2 4 5 10 20 40 80 81 161 242 484 645 887 b
1 2 4 5 10 20 40 80 81 161 242 484 726 887 b
1 2 4 5 10 20 40 80 81 161 322 403 484 887 b
1 2 4 5 10 20 40 80 81 161 322 403 806 887 b
1 2 4 6 7 11 22 33 55 110 220 440 447 887 b
1 2 4 6 7 11 22 33 55 110 220 440 880 887 b
1 2 4 6 7 11 22 44 55 110 220 440 447 887 b
1 2 4 6 7 11 22 44 55 110 220 440 880 887 b
1 2 4 6 7 11 22 44 66 110 220 440 447 887 b
1 2 4 6 7 11 22 44 66 110 220 440 880 887 b
1 2 4 6 7 11 22 44 88 110 220 440 447 887 b
1 2 4 6 7 11 22 44 88 110 220 440 880 887 b
1 2 4 6 7 11 22 44 88 132 220 440 447 887 b
1 2 4 6 7 11 22 44 88 132 220 440 880 887 b
1 2 4 6 7 11 22 44 88 176 183 352 535 887 a
1 2 4 6 7 11 22 44 88 176 183 352 704 887 a
1 2 4 6 7 11 22 44 88 176 220 440 447 887 b
1 2 4 6 7 11 22 44 88 176 220 440 880 887 b
1 2 4 6 7 11 22 44 88 176 264 440 447 887 b
1 2 4 6 7 11 22 44 88 176 264 440 880 887 b
1 2 4 6 7 11 22 44 88 176 352 359 528 887 a
1 2 4 6 7 11 22 44 88 176 352 359 535 887 b
1 2 4 6 7 11 22 44 88 176 352 359 711 887 b
1 2 4 6 7 11 22 44 88 176 352 440 447 887 b
1 2 4 6 7 11 22 44 88 176 352 440 880 887 b
1 2 4 6 7 11 22 44 88 176 352 528 535 887 b
1 2 4 6 7 11 22 44 88 176 352 528 880 887 b
1 2 4 6 7 11 22 44 88 176 352 704 711 887 b
1 2 4 6 7 11 22 44 88 176 352 704 880 887 b
1 2 4 6 7 12 24 31 55 110 220 440 447 887 a
1 2 4 6 7 12 24 31 55 110 220 440 880 887 a
1 2 4 6 7 12 24 48 55 110 220 440 447 887 a
1 2 4 6 7 12 24 48 55 110 220 440 880 887 a
1 2 4 6 7 13 26 52 58 110 220 440 447 887 b
1 2 4 6 7 13 26 52 58 110 220 440 880 887 b
1 2 4 6 7 13 26 52 104 110 220 440 447 887 b
1 2 4 6 7 13 26 52 104 110 220 440 880 887 b
1 2 4 6 10 20 40 80 81 161 242 403 484 887 b
1 2 4 6 10 20 40 80 81 161 242 403 645 887 b
1 2 4 6 10 20 40 80 81 161 242 403 806 887 b
1 2 4 6 10 20 40 80 81 161 242 484 645 887 b
1 2 4 6 10 20 40 80 81 161 242 484 726 887 b
1 2 4 6 10 20 40 80 81 161 322 403 484 887 b
1 2 4 6 10 20 40 80 81 161 322 403 806 887 b
1 2 4 6 12 24 25 49 55 104 208 416 471 887 b
1 2 4 6 12 24 25 49 55 104 208 416 832 887 b
1 2 4 6 12 24 25 49 74 148 197 345 542 887 b
1 2 4 6 12 24 25 49 74 148 197 345 690 887 b
1 2 4 6 12 24 25 49 98 99 197 394 493 887 b
1 2 4 6 12 24 25 49 98 99 197 394 788 887 b
1 2 4 6 12 24 48 49 55 104 208 416 471 887 b
1 2 4 6 12 24 48 49 55 104 208 416 832 887 b
1 2 4 6 12 24 48 49 98 99 197 394 493 887 b
1 2 4 6 12 24 48 49 98 99 197 394 788 887 b
1 2 4 6 12 24 48 50 98 99 197 394 493 887 b
1 2 4 6 12 24 48 50 98 99 197 394 788 887 b
1 2 4 6 12 24 48 96 98 99 197 394 493 887 b
1 2 4 6 12 24 48 96 98 99 197 394 788 887 b
1 2 4 8 9 17 26 43 86 172 181 353 534 887 b
1 2 4 8 9 17 26 43 86 172 181 353 706 887 b
1 2 4 8 9 17 34 43 86 172 181 353 534 887 b
1 2 4 8 9 17 34 43 86 172 181 353 706 887 b
1 2 4 8 9 17 34 68 69 136 205 341 546 887 a
1 2 4 8 9 17 34 68 69 136 205 341 682 887 a
1 2 4 8 9 17 34 68 77 145 290 307 580 887 a
1 2 4 8 9 17 34 68 77 145 290 307 597 887 b
1 2 4 8 9 17 34 68 77 145 290 435 452 887 b
1 2 4 8 9 17 34 68 77 145 290 435 870 887 b
1 2 4 8 9 17 34 68 77 145 290 580 597 887 b
1 2 4 8 9 17 34 68 77 145 290 580 870 887 b
1 2 4 8 9 17 34 68 136 137 205 341 546 887 b
1 2 4 8 9 17 34 68 136 137 205 341 682 887 b
1 2 4 8 9 17 34 68 136 137 273 307 580 887 b
1 2 4 8 9 17 34 68 136 137 273 307 614 887 b
1 2 4 8 9 17 34 68 136 137 273 341 546 887 a
1 2 4 8 9 17 34 68 136 137 273 341 614 887 b
1 2 4 8 9 17 34 68 136 137 273 546 614 887 b
1 2 4 8 9 17 34 68 136 137 273 546 819 887 b
1 2 4 8 9 17 34 68 136 145 290 307 580 887 a
1 2 4 8 9 17 34 68 136 145 290 307 597 887 b
1 2 4 8 9 17 34 68 136 145 290 435 452 887 b
1 2 4 8 9 17 34 68 136 145 290 435 870 887 b
1 2 4 8 9 17 34 68 136 145 290 580 597 887 b
1 2 4 8 9 17 34 68 136 145 290 580 870 887 b
1 2 4 8 9 17 34 68 136 204 205 341 546 887 b
1 2 4 8 9 17 34 68 136 204 205 341 682 887 b
1 2 4 8 9 17 34 68 136 272 273 307 580 887 b
1 2 4 8 9 17 34 68 136 272 273 307 614 887 b
1 2 4 8 9 17 34 68 136 272 273 341 546 887 a
1 2 4 8 9 17 34 68 136 272 273 341 614 887 b
1 2 4 8 9 17 34 68 136 272 273 546 614 887 b
1 2 4 8 9 17 34 68 136 272 273 546 819 887 b
1 2 4 8 10 18 36 72 144 145 289 299 588 887 b
1 2 4 8 10 18 36 72 144 145 289 299 598 887 b
1 2 4 8 10 18 36 72 144 288 289 299 588 887 b
1 2 4 8 10 18 36 72 144 288 289 299 598 887 b
1 2 4 8 10 20 40 80 81 161 242 403 484 887 b
1 2 4 8 10 20 40 80 81 161 242 403 645 887 b
1 2 4 8 10 20 40 80 81 161 242 403 806 887 b
1 2 4 8 10 20 40 80 81 161 242 484 645 887 b
1 2 4 8 10 20 40 80 81 161 242 484 726 887 b
1 2 4 8 10 20 40 80 81 161 322 403 484 887 b
1 2 4 8 10 20 40 80 81 161 322 403 806 887 b
1 2 4 8 12 20 40 80 81 161 242 403 484 887 b
1 2 4 8 12 20 40 80 81 161 242 403 645 887 b
1 2 4 8 12 20 40 80 81 161 242 403 806 887 b
1 2 4 8 12 20 40 80 81 161 242 484 645 887 b
1 2 4 8 12 20 40 80 81 161 242 484 726 887 b
1 2 4 8 12 20 40 80 81 161 322 403 484 887 b
1 2 4 8 12 20 40 80 81 161 322 403 806 887 b
1 2 4 8 12 24 25 49 74 148 197 345 542 887 b
1 2 4 8 12 24 25 49 74 148 197 345 690 887 b
1 2 4 8 12 24 25 49 98 99 197 394 493 887 b
1 2 4 8 12 24 25 49 98 99 197 394 788 887 b
1 2 4 8 12 24 48 49 98 99 197 394 493 887 b
1 2 4 8 12 24 48 49 98 99 197 394 788 887 b
1 2 4 8 12 24 48 50 98 99 197 394 493 887 b
1 2 4 8 12 24 48 50 98 99 197 394 788 887 b
1 2 4 8 12 24 48 96 98 99 197 394 493 887 b
1 2 4 8 12 24 48 96 98 99 197 394 788 887 b
1 2 4 8 16 17 32 49 98 99 197 394 493 887 a
1 2 4 8 16 17 32 49 98 99 197 394 788 887 a
1 2 4 8 16 17 32 64 81 145 226 371 516 887 a
1 2 4 8 16 17 32 64 81 145 226 371 742 887 a
1 2 4 8 16 17 32 64 81 145 290 307 580 887 a
1 2 4 8 16 17 32 64 81 145 290 307 597 887 a
1 2 4 8 16 17 32 64 81 145 290 371 516 887 a
1 2 4 8 16 17 32 64 81 145 290 371 742 887 a
1 2 4 8 16 17 32 64 81 145 290 435 452 887 a
1 2 4 8 16 17 32 64 81 145 290 435 870 887 a
1 2 4 8 16 17 32 64 81 145 290 580 597 887 a
1 2 4 8 16 17 32 64 81 145 290 580 870 887 a
1 2 4 8 16 17 32 64 128 145 290 307 580 887 a
1 2 4 8 16 17 32 64 128 145 290 307 597 887 a
1 2 4 8 16 17 32 64 128 145 290 435 452 887 a
1 2 4 8 16 17 32 64 128 145 290 435 870 887 a
1 2 4 8 16 17 32 64 128 145 290 580 597 887 a
1 2 4 8 16 17 32 64 128 145 290 580 870 887 a
1 2 4 8 16 17 33 49 98 99 197 394 493 887 b
1 2 4 8 16 17 33 49 98 99 197 394 788 887 b
1 2 4 8 16 17 34 68 69 136 205 341 546 887 a
1 2 4 8 16 17 34 68 69 136 205 341 682 887 a
1 2 4 8 16 17 34 68 136 137 205 341 546 887 b
1 2 4 8 16 17 34 68 136 137 205 341 682 887 b
1 2 4 8 16 17 34 68 136 137 273 307 580 887 b
1 2 4 8 16 17 34 68 136 137 273 307 614 887 b
1 2 4 8 16 17 34 68 136 137 273 341 546 887 a
1 2 4 8 16 17 34 68 136 137 273 341 614 887 b
1 2 4 8 16 17 34 68 136 137 273 546 614 887 b
1 2 4 8 16 17 34 68 136 137 273 546 819 887 b
1 2 4 8 16 17 34 68 136 204 205 341 546 887 b
1 2 4 8 16 17 34 68 136 204 205 341 682 887 b
1 2 4 8 16 17 34 68 136 272 273 307 580 887 b
1 2 4 8 16 17 34 68 136 272 273 307 614 887 b
1 2 4 8 16 17 34 68 136 272 273 341 546 887 a
1 2 4 8 16 17 34 68 136 272 273 341 614 887 b
1 2 4 8 16 17 34 68 136 272 273 546 614 887 b
1 2 4 8 16 17 34 68 136 272 273 546 819 887 b
1 2 4 8 16 18 34 68 69 136 205 341 546 887 a
1 2 4 8 16 18 34 68 69 136 205 341 682 887 a
1 2 4 8 16 18 34 68 136 137 205 341 546 887 b
1 2 4 8 16 18 34 68 136 137 205 341 682 887 b
1 2 4 8 16 18 34 68 136 137 273 307 580 887 b
1 2 4 8 16 18 34 68 136 137 273 307 614 887 b
1 2 4 8 16 18 34 68 136 137 273 341 546 887 a
1 2 4 8 16 18 34 68 136 137 273 341 614 887 b
1 2 4 8 16 18 34 68 136 137 273 546 614 887 b
1 2 4 8 16 18 34 68 136 137 273 546 819 887 b
1 2 4 8 16 18 34 68 136 204 205 341 546 887 b
1 2 4 8 16 18 34 68 136 204 205 341 682 887 b
1 2 4 8 16 18 34 68 136 272 273 307 580 887 b
1 2 4 8 16 18 34 68 136 272 273 307 614 887 b
1 2 4 8 16 18 34 68 136 272 273 341 546 887 a
1 2 4 8 16 18 34 68 136 272 273 341 614 887 b
1 2 4 8 16 18 34 68 136 272 273 546 614 887 b
1 2 4 8 16 18 34 68 136 272 273 546 819 887 b
1 2 4 8 16 20 36 72 144 145 289 309 578 887 a
1 2 4 8 16 20 36 72 144 145 289 309 598 887 b
1 2 4 8 16 20 36 72 144 145 289 578 598 887 b
1 2 4 8 16 20 36 72 144 145 289 578 867 887 b
1 2 4 8 16 20 36 72 144 288 289 309 578 887 a
1 2 4 8 16 20 36 72 144 288 289 309 598 887 b
1 2 4 8 16 20 36 72 144 288 289 578 598 887 b
1 2 4 8 16 20 36 72 144 288 289 578 867 887 b
1 2 4 8 16 20 40 80 81 161 242 403 484 887 b
1 2 4 8 16 20 40 80 81 161 242 403 645 887 b
1 2 4 8 16 20 40 80 81 161 242 403 806 887 b
1 2 4 8 16 20 40 80 81 161 242 484 645 887 b
1 2 4 8 16 20 40 80 81 161 242 484 726 887 b
1 2 4 8 16 20 40 80 81 161 322 403 484 887 b
1 2 4 8 16 20 40 80 81 161 322 403 806 887 b
1 2 4 8 16 24 25 49 74 148 197 345 542 887 b
1 2 4 8 16 24 25 49 74 148 197 345 690 887 b
1 2 4 8 16 24 25 49 98 99 197 394 493 887 b
1 2 4 8 16 24 25 49 98 99 197 394 788 887 b
1 2 4 8 16 24 40 80 81 161 242 403 484 887 b
1 2 4 8 16 24 40 80 81 161 242 403 645 887 b
1 2 4 8 16 24 40 80 81 161 242 403 806 887 b
1 2 4 8 16 24 40 80 81 161 242 484 645 887 b
1 2 4 8 16 24 40 80 81 161 242 484 726 887 b
1 2 4 8 16 24 40 80 81 161 322 403 484 887 b
1 2 4 8 16 24 40 80 81 161 322 403 806 887 b
1 2 4 8 16 24 48 49 98 99 197 394 493 887 b
1 2 4 8 16 24 48 49 98 99 197 394 788 887 b
1 2 4 8 16 24 48 50 98 99 197 394 493 887 b
1 2 4 8 16 24 48 50 98 99 197 394 788 887 b
1 2 4 8 16 24 48 96 98 99 197 394 493 887 b
1 2 4 8 16 24 48 96 98 99 197 394 788 887 b
1 2 4 8 16 32 33 49 98 99 197 394 493 887 b
1 2 4 8 16 32 33 49 98 99 197 394 788 887 b
1 2 4 8 16 32 33 65 98 99 197 394 493 887 b
1 2 4 8 16 32 33 65 98 99 197 394 788 887 b
1 2 4 8 16 32 33 65 130 163 293 297 590 887 b
1 2 4 8 16 32 33 65 130 163 293 297 594 887 b
1 2 4 8 16 32 33 65 130 163 293 301 586 887 a
1 2 4 8 16 32 33 65 130 163 293 301 594 887 b
1 2 4 8 16 32 33 65 130 163 293 586 594 887 b
1 2 4 8 16 32 33 65 130 163 293 586 879 887 b
1 2 4 8 16 32 33 65 130 260 293 297 590 887 b
1 2 4 8 16 32 33 65 130 260 293 297 594 887 b
1 2 4 8 16 32 33 65 130 260 293 301 586 887 a
1 2 4 8 16 32 33 65 130 260 293 301 594 887 b
1 2 4 8 16 32 33 65 130 260 293 586 594 887 b
1 2 4 8 16 32 33 65 130 260 293 586 879 887 b
1 2 4 8 16 32 33 66 98 99 197 394 493 887 b
1 2 4 8 16 32 33 66 98 99 197 394 788 887 b
1 2 4 8 16 32 33 66 99 131 197 394 493 887 b
1 2 4 8 16 32 33 66 99 131 197 394 788 887 b
1 2 4 8 16 32 33 66 99 165 197 394 493 887 b
1 2 4 8 16 32 33 66 99 165 197 394 788 887 b
1 2 4 8 16 32 34 64 98 99 197 394 493 887 a
1 2 4 8 16 32 34 64 98 99 197 394 788 887 a
1 2 4 8 16 32 34 66 98 99 197 394 493 887 b
1 2 4 8 16 32 34 66 98 99 197 394 788 887 b
1 2 4 8 16 32 34 68 69 136 205 341 546 887 a
1 2 4 8 16 32 34 68 69 136 205 341 682 887 a
1 2 4 8 16 32 34 68 136 137 205 341 546 887 b
1 2 4 8 16 32 34 68 136 137 205 341 682 887 b
1 2 4 8 16 32 34 68 136 137 273 307 580 887 b
1 2 4 8 16 32 34 68 136 137 273 307 614 887 b
1 2 4 8 16 32 34 68 136 137 273 341 546 887 a
1 2 4 8 16 32 34 68 136 137 273 341 614 887 b
1 2 4 8 16 32 34 68 136 137 273 546 614 887 b
1 2 4 8 16 32 34 68 136 137 273 546 819 887 b
1 2 4 8 16 32 34 68 136 204 205 341 546 887 b
1 2 4 8 16 32 34 68 136 204 205 341 682 887 b
1 2 4 8 16 32 34 68 136 272 273 307 580 887 b
1 2 4 8 16 32 34 68 136 272 273 307 614 887 b
1 2 4 8 16 32 34 68 136 272 273 341 546 887 a
1 2 4 8 16 32 34 68 136 272 273 341 614 887 b
1 2 4 8 16 32 34 68 136 272 273 546 614 887 b
1 2 4 8 16 32 34 68 136 272 273 546 819 887 b
1 2 4 8 16 32 36 68 69 136 205 341 546 887 a
1 2 4 8 16 32 36 68 69 136 205 341 682 887 a
1 2 4 8 16 32 36 68 136 137 205 341 546 887 b
1 2 4 8 16 32 36 68 136 137 205 341 682 887 b
1 2 4 8 16 32 36 68 136 137 273 341 546 887 a
1 2 4 8 16 32 36 68 136 137 273 341 614 887 b
1 2 4 8 16 32 36 68 136 137 273 546 614 887 b
1 2 4 8 16 32 36 68 136 137 273 546 819 887 b
1 2 4 8 16 32 36 68 136 204 205 341 546 887 b
1 2 4 8 16 32 36 68 136 204 205 341 682 887 b
1 2 4 8 16 32 36 68 136 272 273 341 546 887 a
1 2 4 8 16 32 36 68 136 272 273 341 614 887 b
1 2 4 8 16 32 36 68 136 272 273 546 614 887 b
1 2 4 8 16 32 36 68 136 272 273 546 819 887 b
1 2 4 8 16 32 40 80 81 161 242 403 484 887 b
1 2 4 8 16 32 40 80 81 161 242 403 645 887 b
1 2 4 8 16 32 40 80 81 161 242 403 806 887 b
1 2 4 8 16 32 40 80 81 161 242 484 645 887 b
1 2 4 8 16 32 40 80 81 161 242 484 726 887 b
1 2 4 8 16 32 40 80 81 161 322 403 484 887 b
1 2 4 8 16 32 40 80 81 161 322 403 806 887 b
1 2 4 8 16 32 48 49 98 99 197 394 493 887 b
1 2 4 8 16 32 48 49 98 99 197 394 788 887 b
1 2 4 8 16 32 48 50 98 99 197 394 493 887 b
1 2 4 8 16 32 48 50 98 99 197 394 788 887 b
1 2 4 8 16 32 48 80 81 161 242 403 484 887 b
1 2 4 8 16 32 48 80 81 161 242 403 645 887 b
1 2 4 8 16 32 48 80 81 161 242 403 806 887 b
1 2 4 8 16 32 48 80 81 161 242 484 645 887 b
1 2 4 8 16 32 48 80 81 161 242 484 726 887 b
1 2 4 8 16 32 48 80 81 161 322 403 484 887 b
1 2 4 8 16 32 48 80 81 161 322 403 806 887 b
1 2 4 8 16 32 48 96 98 99 197 394 493 887 b
1 2 4 8 16 32 48 96 98 99 197 394 788 887 b
1 2 4 8 16 32 64 65 72 137 274 339 548 887 a
1 2 4 8 16 32 64 65 72 137 274 339 613 887 a
1 2 4 8 16 32 64 65 72 137 274 411 476 887 a
1 2 4 8 16 32 64 65 72 137 274 411 822 887 a
1 2 4 8 16 32 64 65 72 137 274 548 613 887 a
1 2 4 8 16 32 64 65 72 137 274 548 822 887 a
1 2 4 8 16 32 64 65 73 137 274 339 548 887 a
1 2 4 8 16 32 64 65 73 137 274 339 613 887 b
1 2 4 8 16 32 64 65 73 137 274 411 476 887 b
1 2 4 8 16 32 64 65 73 137 274 411 822 887 b
1 2 4 8 16 32 64 65 73 137 274 548 613 887 b
1 2 4 8 16 32 64 65 73 137 274 548 822 887 b
1 2 4 8 16 32 64 65 81 145 226 371 516 887 b
1 2 4 8 16 32 64 65 81 145 226 371 742 887 b
1 2 4 8 16 32 64 65 81 145 290 371 516 887 b
1 2 4 8 16 32 64 65 81 145 290 371 742 887 b
1 2 4 8 16 32 64 65 129 137 274 339 548 887 a
1 2 4 8 16 32 64 65 129 137 274 339 613 887 b
1 2 4 8 16 32 64 65 129 137 274 411 476 887 b
1 2 4 8 16 32 64 65 129 137 274 411 822 887 b
1 2 4 8 16 32 64 65 129 137 274 548 613 887 b
1 2 4 8 16 32 64 65 129 137 274 548 822 887 b
1 2 4 8 16 32 64 65 129 145 274 339 548 887 a
1 2 4 8 16 32 64 65 129 145 274 339 613 887 b
1 2 4 8 16 32 64 65 129 145 274 548 613 887 b
1 2 4 8 16 32 64 65 129 145 274 548 822 887 b
1 2 4 8 16 32 64 65 129 258 274 339 548 887 a
1 2 4 8 16 32 64 65 129 258 274 339 613 887 b
1 2 4 8 16 32 64 65 129 258 274 548 613 887 b
1 2 4 8 16 32 64 65 129 258 274 548 822 887 b
1 2 4 8 16 32 64 66 98 99 197 394 493 887 b
1 2 4 8 16 32 64 66 98 99 197 394 788 887 b
1 2 4 8 16 32 64 68 69 136 205 341 546 887 a
1 2 4 8 16 32 64 68 69 136 205 341 682 887 a
1 2 4 8 16 32 64 68 136 137 205 341 546 887 b
1 2 4 8 16 32 64 68 136 137 205 341 682 887 b
1 2 4 8 16 32 64 68 136 137 273 341 546 887 a
1 2 4 8 16 32 64 68 136 137 273 341 614 887 b
1 2 4 8 16 32 64 68 136 137 273 546 614 887 b
1 2 4 8 16 32 64 68 136 137 273 546 819 887 b
1 2 4 8 16 32 64 68 136 204 205 341 546 887 b
1 2 4 8 16 32 64 68 136 204 205 341 682 887 b
1 2 4 8 16 32 64 68 136 272 273 341 546 887 a
1 2 4 8 16 32 64 68 136 272 273 341 614 887 b
1 2 4 8 16 32 64 68 136 272 273 546 614 887 b
1 2 4 8 16 32 64 68 136 272 273 546 819 887 b
1 2 4 8 16 32 64 80 81 145 226 371 516 887 b
1 2 4 8 16 32 64 80 81 145 226 371 742 887 b
1 2 4 8 16 32 64 80 81 145 290 371 516 887 b
1 2 4 8 16 32 64 80 81 145 290 371 742 887 b
1 2 4 8 16 32 64 80 81 161 242 403 484 887 b
1 2 4 8 16 32 64 80 81 161 242 403 645 887 b
1 2 4 8 16 32 64 80 81 161 242 403 806 887 b
1 2 4 8 16 32 64 80 81 161 242 484 645 887 b
1 2 4 8 16 32 64 80 81 161 242 484 726 887 b
1 2 4 8 16 32 64 80 81 161 322 403 484 887 b
1 2 4 8 16 32 64 80 81 161 322 403 806 887 b
1 2 4 8 16 32 64 96 98 99 197 394 493 887 b
1 2 4 8 16 32 64 96 98 99 197 394 788 887 b
