1 2 3 6 9 18 27 54 108 216 432 864 b
1 2 3 6 9 18 36 54 108 216 432 864 b
1 2 3 6 9 18 36 72 108 216 432 864 b
1 2 3 6 9 18 36 72 144 216 432 864 b
1 2 3 6 9 18 36 72 144 288 432 864 b
1 2 3 6 9 18 36 72 144 288 576 864 b
1 2 3 6 12 15 27 54 108 216 432 864 b
1 2 3 6 12 18 36 54 108 216 432 864 b
1 2 3 6 12 18 36 72 108 216 432 864 b
1 2 3 6 12 18 36 72 144 216 432 864 b
1 2 3 6 12 18 36 72 144 288 432 864 b
1 2 3 6 12 18 36 72 144 288 576 864 b
1 2 3 6 12 24 27 54 108 216 432 864 b
1 2 3 6 12 24 30 54 108 216 432 864 b
1 2 3 6 12 24 36 72 108 216 432 864 b
1 2 3 6 12 24 36 72 144 216 432 864 b
1 2 3 6 12 24 36 72 144 288 432 864 b
1 2 3 6 12 24 36 72 144 288 576 864 b
1 2 3 6 12 24 48 54 108 216 432 864 b
1 2 3 6 12 24 48 60 108 216 432 864 b
1 2 3 6 12 24 48 72 144 216 432 864 b
1 2 3 6 12 24 48 72 144 288 432 864 b
1 2 3 6 12 24 48 72 144 288 576 864 b
1 2 3 6 12 24 48 96 108 216 432 864 b
1 2 3 6 12 24 48 96 120 216 432 864 b
1 2 3 6 12 24 48 96 144 288 432 864 b
1 2 3 6 12 24 48 96 144 288 576 864 b
1 2 3 6 12 24 48 96 192 216 432 864 b
1 2 3 6 12 24 48 96 192 240 432 864 b
1 2 3 6 12 24 48 96 192 288 576 864 b
1 2 3 6 12 24 48 96 192 384 432 864 b
1 2 3 6 12 24 48 96 192 384 480 864 b
1 2 3 6 12 24 48 96 192 384 768 864 b
1 2 4 5 9 18 27 54 108 216 432 864 b
1 2 4 5 9 18 36 54 108 216 432 864 b
1 2 4 5 9 18 36 72 108 216 432 864 b
1 2 4 5 9 18 36 72 144 216 432 864 b
1 2 4 5 9 18 36 72 144 288 432 864 b
1 2 4 5 9 18 36 72 144 288 576 864 b
1 2 4 6 12 18 36 54 108 216 432 864 b
1 2 4 6 12 18 36 72 108 216 432 864 b
1 2 4 6 12 18 36 72 144 216 432 864 b
1 2 4 6 12 18 36 72 144 288 432 864 b
1 2 4 6 12 18 36 72 144 288 576 864 b
1 2 4 6 12 24 30 54 108 216 432 864 b
1 2 4 6 12 24 36 72 108 216 432 864 b
1 2 4 6 12 24 36 72 144 216 432 864 b
1 2 4 6 12 24 36 72 144 288 432 864 b
1 2 4 6 12 24 36 72 144 288 576 864 b
1 2 4 6 12 24 48 54 108 216 432 864 b
1 2 4 6 12 24 48 60 108 216 432 864 b
1 2 4 6 12 24 48 72 144 216 432 864 b
1 2 4 6 12 24 48 72 144 288 432 864 b
1 2 4 6 12 24 48 72 144 288 576 864 b
1 2 4 6 12 24 48 96 108 216 432 864 b
1 2 4 6 12 24 48 96 120 216 432 864 b
1 2 4 6 12 24 48 96 144 288 432 864 b
1 2 4 6 12 24 48 96 144 288 576 864 b
1 2 4 6 12 24 48 96 192 216 432 864 b
1 2 4 6 12 24 48 96 192 240 432 864 b
1 2 4 6 12 24 48 96 192 288 576 864 b
1 2 4 6 12 24 48 96 192 384 432 864 b
1 2 4 6 12 24 48 96 192 384 480 864 b
1 2 4 6 12 24 48 96 192 384 768 864 b
1 2 4 8 9 18 27 54 108 216 432 864 b
1 2 4 8 9 18 36 54 108 216 432 864 b
1 2 4 8 9 18 36 72 108 216 432 864 b
1 2 4 8 9 18 36 72 144 216 432 864 b
1 2 4 8 9 18 36 72 144 288 432 864 b
1 2 4 8 9 18 36 72 144 288 576 864 b
1 2 4 8 10 18 36 54 108 216 432 864 b
1 2 4 8 10 18 36 72 108 216 432 864 b
1 2 4 8 10 18 36 72 144 216 432 864 b
1 2 4 8 10 18 36 72 144 288 432 864 b
1 2 4 8 10 18 36 72 144 288 576 864 b
1 2 4 8 12 24 36 72 108 216 432 864 b
1 2 4 8 12 24 36 72 144 216 432 864 b
1 2 4 8 12 24 36 72 144 288 432 864 b
1 2 4 8 12 24 36 72 144 288 576 864 b
1 2 4 8 12 24 48 60 108 216 432 864 b
1 2 4 8 12 24 48 72 144 216 432 864 b
1 2 4 8 12 24 48 72 144 288 432 864 b
1 2 4 8 12 24 48 72 144 288 576 864 b
1 2 4 8 12 24 48 96 108 216 432 864 b
1 2 4 8 12 24 48 96 120 216 432 864 b
1 2 4 8 12 24 48 96 144 288 432 864 b
1 2 4 8 12 24 48 96 144 288 576 864 b
1 2 4 8 12 24 48 96 192 216 432 864 b
1 2 4 8 12 24 48 96 192 240 432 864 b
1 2 4 8 12 24 48 96 192 288 576 864 b
1 2 4 8 12 24 48 96 192 384 432 864 b
1 2 4 8 12 24 48 96 192 384 480 864 b
1 2 4 8 12 24 48 96 192 384 768 864 b
1 2 4 8 16 18 36 54 108 216 432 864 b
1 2 4 8 16 18 36 72 108 216 432 864 b
1 2 4 8 16 18 36 72 144 216 432 864 b
1 2 4 8 16 18 36 72 144 288 432 864 b
1 2 4 8 16 18 36 72 144 288 576 864 b
1 2 4 8 16 20 36 72 108 216 432 864 b
1 2 4 8 16 20 36 72 144 216 432 864 b
1 2 4 8 16 20 36 72 144 288 432 864 b
1 2 4 8 16 20 36 72 144 288 576 864 b
1 2 4 8 16 24 48 72 144 216 432 864 b
1 2 4 8 16 24 48 72 144 288 432 864 b
1 2 4 8 16 24 48 72 144 288 576 864 b
1 2 4 8 16 24 48 96 120 216 432 864 b
1 2 4 8 16 24 48 96 144 288 432 864 b
1 2 4 8 16 24 48 96 144 288 576 864 b
1 2 4 8 16 24 48 96 192 216 432 864 b
1 2 4 8 16 24 48 96 192 240 432 864 b
1 2 4 8 16 24 48 96 192 288 576 864 b
1 2 4 8 16 24 48 96 192 384 432 864 b
1 2 4 8 16 24 48 96 192 384 480 864 b
1 2 4 8 16 24 48 96 192 384 768 864 b
1 2 4 8 16 32 36 72 108 216 432 864 b
1 2 4 8 16 32 36 72 144 216 432 864 b
1 2 4 8 16 32 36 72 144 288 432 864 b
1 2 4 8 16 32 36 72 144 288 576 864 b
1 2 4 8 16 32 40 72 144 216 432 864 b
1 2 4 8 16 32 40 72 144 288 432 864 b
1 2 4 8 16 32 40 72 144 288 576 864 b
1 2 4 8 16 32 48 96 144 288 432 864 b
1 2 4 8 16 32 48 96 144 288 576 864 b
1 2 4 8 16 32 48 96 192 240 432 864 b
1 2 4 8 16 32 48 96 192 288 576 864 b
1 2 4 8 16 32 48 96 192 384 432 864 b
1 2 4 8 16 32 48 96 192 384 480 864 b
1 2 4 8 16 32 48 96 192 384 768 864 b
1 2 4 8 16 32 64 72 144 216 432 864 b
1 2 4 8 16 32 64 72 144 288 432 864 b
1 2 4 8 16 32 64 72 144 288 576 864 b
1 2 4 8 16 32 64 80 144 288 432 864 b
1 2 4 8 16 32 64 80 144 288 576 864 b
1 2 4 8 16 32 64 96 192 288 576 864 b
1 2 4 8 16 32 64 96 192 384 480 864 b
1 2 4 8 16 32 64 96 192 384 768 864 b
1 2 4 8 16 32 64 128 144 288 432 864 b
1 2 4 8 16 32 64 128 144 288 576 864 b
1 2 4 8 16 32 64 128 160 288 576 864 b
1 2 4 8 16 32 64 128 256 288 576 864 b
