1 2 3 5 6 12 24 48 53 101 202 404 808 b
1 2 3 5 6 12 24 48 96 101 202 404 808 b
1 2 3 5 7 12 24 48 53 101 202 404 808 b
1 2 3 5 7 12 24 48 96 101 202 404 808 b
1 2 3 5 8 16 24 48 53 101 202 404 808 b
1 2 3 5 8 16 24 48 96 101 202 404 808 b
1 2 3 5 8 16 32 37 64 101 202 404 808 a
1 2 3 5 8 16 32 37 69 101 202 404 808 b
1 2 3 5 8 16 32 48 53 101 202 404 808 b
1 2 3 5 8 16 32 48 96 101 202 404 808 b
1 2 3 5 8 16 32 64 69 101 202 404 808 b
1 2 3 5 8 16 32 64 69 133 202 404 808 b
1 2 3 5 8 16 32 64 69 138 202 404 808 b
1 2 3 5 8 16 32 64 96 101 202 404 808 b
1 2 3 5 10 12 24 48 53 101 202 404 808 b
1 2 3 5 10 12 24 48 96 101 202 404 808 b
1 2 3 5 10 12 24 48 96 106 202 404 808 b
1 2 3 5 10 12 24 48 96 192 202 404 808 b
1 2 3 5 10 15 25 50 51 101 202 404 808 b
1 2 3 5 10 15 25 50 100 101 202 404 808 b
1 2 3 5 10 15 25 50 100 102 202 404 808 b
1 2 3 5 10 15 25 50 100 200 202 404 808 b
1 2 3 5 10 20 21 40 61 101 202 404 808 a
1 2 3 5 10 20 21 40 80 101 202 404 808 a
1 2 3 5 10 20 25 50 51 101 202 404 808 b
1 2 3 5 10 20 25 50 100 101 202 404 808 b
1 2 3 5 10 20 25 50 100 102 202 404 808 b
1 2 3 5 10 20 25 50 100 200 202 404 808 b
1 2 3 5 10 20 30 50 51 101 202 404 808 b
1 2 3 5 10 20 30 50 100 101 202 404 808 b
1 2 3 5 10 20 30 50 100 102 202 404 808 b
1 2 3 5 10 20 30 50 100 200 202 404 808 b
1 2 3 5 10 20 40 41 60 101 202 404 808 a
1 2 3 5 10 20 40 41 61 101 202 404 808 b
1 2 3 5 10 20 40 41 81 101 202 404 808 b
1 2 3 5 10 20 40 41 81 121 202 404 808 b
1 2 3 5 10 20 40 41 81 162 202 404 808 b
1 2 3 5 10 20 40 42 80 122 202 404 808 a
1 2 3 5 10 20 40 42 80 160 202 404 808 a
1 2 3 5 10 20 40 50 51 101 202 404 808 b
1 2 3 5 10 20 40 50 100 101 202 404 808 b
1 2 3 5 10 20 40 50 100 102 202 404 808 b
1 2 3 5 10 20 40 50 100 200 202 404 808 b
1 2 3 5 10 20 40 60 61 101 202 404 808 b
1 2 3 5 10 20 40 60 100 101 202 404 808 b
1 2 3 5 10 20 40 60 100 102 202 404 808 b
1 2 3 5 10 20 40 60 100 200 202 404 808 b
1 2 3 5 10 20 40 80 81 101 202 404 808 b
1 2 3 5 10 20 40 80 81 121 202 404 808 b
1 2 3 5 10 20 40 80 81 162 202 404 808 b
1 2 3 5 10 20 40 80 81 162 242 404 808 b
1 2 3 5 10 20 40 80 81 162 324 404 808 b
1 2 3 5 10 20 40 80 82 120 202 404 808 a
1 2 3 5 10 20 40 80 82 122 202 404 808 b
1 2 3 5 10 20 40 80 82 162 202 404 808 b
1 2 3 5 10 20 40 80 82 162 242 404 808 b
1 2 3 5 10 20 40 80 82 162 324 404 808 b
1 2 3 5 10 20 40 80 100 101 202 404 808 b
1 2 3 5 10 20 40 80 100 102 202 404 808 b
1 2 3 5 10 20 40 80 100 200 202 404 808 b
1 2 3 5 10 20 40 80 120 122 202 404 808 b
1 2 3 5 10 20 40 80 120 200 202 404 808 b
1 2 3 5 10 20 40 80 160 162 202 404 808 b
1 2 3 5 10 20 40 80 160 162 242 404 808 b
1 2 3 5 10 20 40 80 160 162 324 404 808 b
1 2 3 5 10 20 40 80 160 162 324 484 808 b
1 2 3 5 10 20 40 80 160 162 324 648 808 b
1 2 3 5 10 20 40 80 160 200 202 404 808 b
1 2 3 6 12 13 25 38 63 101 202 404 808 b
1 2 3 6 12 13 25 38 76 101 202 404 808 b
1 2 3 6 12 13 25 50 51 101 202 404 808 b
1 2 3 6 12 13 25 50 100 101 202 404 808 b
1 2 3 6 12 13 25 50 100 102 202 404 808 b
1 2 3 6 12 13 25 50 100 200 202 404 808 b
1 2 3 6 12 24 25 49 52 101 202 404 808 b
1 2 3 6 12 24 25 49 98 101 202 404 808 b
1 2 3 6 12 24 25 49 98 104 202 404 808 b
1 2 3 6 12 24 25 49 98 196 202 404 808 b
1 2 3 6 12 24 25 49 98 196 208 404 808 b
1 2 3 6 12 24 25 49 98 196 392 404 808 b
1 2 3 6 12 24 25 49 98 196 392 416 808 b
1 2 3 6 12 24 25 49 98 196 392 784 808 b
1 2 3 6 12 24 25 50 51 101 202 404 808 b
1 2 3 6 12 24 25 50 100 101 202 404 808 b
1 2 3 6 12 24 25 50 100 102 202 404 808 b
1 2 3 6 12 24 25 50 100 200 202 404 808 b
1 2 3 6 12 24 26 50 51 101 202 404 808 b
1 2 3 6 12 24 26 50 76 126 202 404 808 b
1 2 3 6 12 24 26 50 76 152 202 404 808 b
1 2 3 6 12 24 26 50 100 101 202 404 808 b
1 2 3 6 12 24 26 50 100 102 202 404 808 b
1 2 3 6 12 24 26 50 100 200 202 404 808 b
1 2 3 6 12 24 48 49 52 101 202 404 808 b
1 2 3 6 12 24 48 49 98 101 202 404 808 b
1 2 3 6 12 24 48 49 98 104 202 404 808 b
1 2 3 6 12 24 48 49 98 196 202 404 808 b
1 2 3 6 12 24 48 49 98 196 208 404 808 b
1 2 3 6 12 24 48 49 98 196 392 404 808 b
1 2 3 6 12 24 48 49 98 196 392 416 808 b
1 2 3 6 12 24 48 49 98 196 392 784 808 b
1 2 3 6 12 24 48 50 51 101 202 404 808 b
1 2 3 6 12 24 48 50 53 101 202 404 808 b
1 2 3 6 12 24 48 50 98 101 202 404 808 b
1 2 3 6 12 24 48 50 98 104 202 404 808 b
1 2 3 6 12 24 48 50 98 196 202 404 808 b
1 2 3 6 12 24 48 50 98 196 208 404 808 b
1 2 3 6 12 24 48 50 98 196 392 404 808 b
1 2 3 6 12 24 48 50 98 196 392 416 808 b
1 2 3 6 12 24 48 50 98 196 392 784 808 b
1 2 3 6 12 24 48 50 100 101 202 404 808 b
1 2 3 6 12 24 48 50 100 102 202 404 808 b
1 2 3 6 12 24 48 50 100 200 202 404 808 b
1 2 3 6 12 24 48 51 53 101 202 404 808 b
1 2 3 6 12 24 48 51 99 101 202 404 808 b
1 2 3 6 12 24 48 96 98 101 202 404 808 b
1 2 3 6 12 24 48 96 98 104 202 404 808 b
1 2 3 6 12 24 48 96 98 196 202 404 808 b
1 2 3 6 12 24 48 96 98 196 208 404 808 b
1 2 3 6 12 24 48 96 98 196 392 404 808 b
1 2 3 6 12 24 48 96 98 196 392 416 808 b
1 2 3 6 12 24 48 96 98 196 392 784 808 b
1 2 3 6 12 24 48 96 99 101 202 404 808 b
1 2 4 5 6 12 24 48 53 101 202 404 808 b
1 2 4 5 6 12 24 48 96 101 202 404 808 b
1 2 4 5 7 12 24 48 53 101 202 404 808 b
1 2 4 5 7 12 24 48 96 101 202 404 808 b
1 2 4 5 8 12 24 48 53 101 202 404 808 a
1 2 4 5 8 12 24 48 96 101 202 404 808 a
1 2 4 5 8 16 24 48 53 101 202 404 808 a
1 2 4 5 8 16 24 48 96 101 202 404 808 a
1 2 4 5 8 16 32 37 64 101 202 404 808 a
1 2 4 5 8 16 32 37 69 101 202 404 808 a
1 2 4 5 8 16 32 48 53 101 202 404 808 a
1 2 4 5 8 16 32 48 96 101 202 404 808 a
1 2 4 5 8 16 32 64 69 101 202 404 808 a
1 2 4 5 8 16 32 64 69 133 202 404 808 a
1 2 4 5 8 16 32 64 69 138 202 404 808 a
1 2 4 5 8 16 32 64 96 101 202 404 808 a
1 2 4 5 9 13 22 44 57 101 202 404 808 b
1 2 4 5 9 13 22 44 88 101 202 404 808 b
1 2 4 5 9 14 23 46 55 101 202 404 808 b
1 2 4 5 9 14 23 46 92 101 202 404 808 b
1 2 4 5 9 18 23 46 55 101 202 404 808 b
1 2 4 5 9 18 23 46 92 101 202 404 808 b
1 2 4 5 9 18 23 46 92 110 202 404 808 b
1 2 4 5 9 18 23 46 92 184 202 404 808 b
1 2 4 5 10 12 24 48 53 101 202 404 808 b
1 2 4 5 10 12 24 48 96 101 202 404 808 b
1 2 4 5 10 12 24 48 96 106 202 404 808 b
1 2 4 5 10 12 24 48 96 192 202 404 808 b
1 2 4 5 10 14 24 48 53 101 202 404 808 b
1 2 4 5 10 14 24 48 96 101 202 404 808 b
1 2 4 5 10 14 24 48 96 106 202 404 808 b
1 2 4 5 10 14 24 48 96 192 202 404 808 b
1 2 4 5 10 15 25 50 51 101 202 404 808 b
1 2 4 5 10 15 25 50 100 101 202 404 808 b
1 2 4 5 10 15 25 50 100 102 202 404 808 b
1 2 4 5 10 15 25 50 100 200 202 404 808 b
1 2 4 5 10 15 25 50 100 200 204 404 808 b
1 2 4 5 10 15 25 50 100 200 400 404 808 b
1 2 4 5 10 20 21 40 61 101 202 404 808 a
1 2 4 5 10 20 21 40 80 101 202 404 808 a
1 2 4 5 10 20 24 48 53 101 202 404 808 b
1 2 4 5 10 20 24 48 96 101 202 404 808 b
1 2 4 5 10 20 24 48 96 106 202 404 808 b
1 2 4 5 10 20 24 48 96 192 202 404 808 b
1 2 4 5 10 20 24 48 96 192 212 404 808 b
1 2 4 5 10 20 24 48 96 192 384 404 808 b
1 2 4 5 10 20 25 50 51 101 202 404 808 b
1 2 4 5 10 20 25 50 100 101 202 404 808 b
1 2 4 5 10 20 25 50 100 102 202 404 808 b
1 2 4 5 10 20 25 50 100 200 202 404 808 b
1 2 4 5 10 20 25 50 100 200 204 404 808 b
1 2 4 5 10 20 25 50 100 200 400 404 808 b
1 2 4 5 10 20 30 50 51 101 202 404 808 b
1 2 4 5 10 20 30 50 100 101 202 404 808 b
1 2 4 5 10 20 30 50 100 102 202 404 808 b
1 2 4 5 10 20 30 50 100 200 202 404 808 b
1 2 4 5 10 20 30 50 100 200 204 404 808 b
1 2 4 5 10 20 30 50 100 200 400 404 808 b
1 2 4 5 10 20 40 41 60 101 202 404 808 a
1 2 4 5 10 20 40 41 61 101 202 404 808 b
1 2 4 5 10 20 40 41 81 101 202 404 808 b
1 2 4 5 10 20 40 41 81 121 202 404 808 b
1 2 4 5 10 20 40 41 81 162 202 404 808 b
1 2 4 5 10 20 40 42 80 122 202 404 808 a
1 2 4 5 10 20 40 42 80 160 202 404 808 a
1 2 4 5 10 20 40 50 51 101 202 404 808 b
1 2 4 5 10 20 40 50 100 101 202 404 808 b
1 2 4 5 10 20 40 50 100 102 202 404 808 b
1 2 4 5 10 20 40 50 100 200 202 404 808 b
1 2 4 5 10 20 40 50 100 200 204 404 808 b
1 2 4 5 10 20 40 50 100 200 400 404 808 b
1 2 4 5 10 20 40 60 61 101 202 404 808 b
1 2 4 5 10 20 40 60 100 101 202 404 808 b
1 2 4 5 10 20 40 60 100 102 202 404 808 b
1 2 4 5 10 20 40 60 100 200 202 404 808 b
1 2 4 5 10 20 40 60 100 200 204 404 808 b
1 2 4 5 10 20 40 60 100 200 400 404 808 b
1 2 4 5 10 20 40 80 81 101 202 404 808 b
1 2 4 5 10 20 40 80 81 121 202 404 808 b
1 2 4 5 10 20 40 80 81 162 202 404 808 b
1 2 4 5 10 20 40 80 81 162 242 404 808 b
1 2 4 5 10 20 40 80 81 162 324 404 808 b
1 2 4 5 10 20 40 80 82 120 202 404 808 a
1 2 4 5 10 20 40 80 82 122 202 404 808 b
1 2 4 5 10 20 40 80 82 162 202 404 808 b
1 2 4 5 10 20 40 80 82 162 242 404 808 b
1 2 4 5 10 20 40 80 82 162 324 404 808 b
1 2 4 5 10 20 40 80 84 160 244 404 808 a
1 2 4 5 10 20 40 80 84 160 320 404 808 a
1 2 4 5 10 20 40 80 100 101 202 404 808 b
1 2 4 5 10 20 40 80 100 102 202 404 808 b
1 2 4 5 10 20 40 80 100 200 202 404 808 b
1 2 4 5 10 20 40 80 100 200 204 404 808 b
1 2 4 5 10 20 40 80 100 200 400 404 808 b
1 2 4 5 10 20 40 80 120 122 202 404 808 b
1 2 4 5 10 20 40 80 120 200 202 404 808 b
1 2 4 5 10 20 40 80 120 200 204 404 808 b
1 2 4 5 10 20 40 80 120 200 400 404 808 b
1 2 4 5 10 20 40 80 160 162 202 404 808 b
1 2 4 5 10 20 40 80 160 162 242 404 808 b
1 2 4 5 10 20 40 80 160 162 324 404 808 b
1 2 4 5 10 20 40 80 160 162 324 484 808 b
1 2 4 5 10 20 40 80 160 162 324 648 808 b
1 2 4 5 10 20 40 80 160 164 240 404 808 a
1 2 4 5 10 20 40 80 160 164 244 404 808 b
1 2 4 5 10 20 40 80 160 164 324 404 808 b
1 2 4 5 10 20 40 80 160 164 324 484 808 b
1 2 4 5 10 20 40 80 160 164 324 648 808 b
1 2 4 5 10 20 40 80 160 200 202 404 808 b
1 2 4 5 10 20 40 80 160 200 204 404 808 b
1 2 4 5 10 20 40 80 160 200 400 404 808 b
1 2 4 5 10 20 40 80 160 240 244 404 808 b
1 2 4 5 10 20 40 80 160 240 400 404 808 b
1 2 4 5 10 20 40 80 160 320 324 404 808 b
1 2 4 5 10 20 40 80 160 320 324 484 808 b
1 2 4 5 10 20 40 80 160 320 324 648 808 b
1 2 4 5 10 20 40 80 160 320 400 404 808 b
1 2 4 6 10 12 24 48 96 106 202 404 808 b
1 2 4 6 10 12 24 48 96 192 202 404 808 b
1 2 4 6 10 14 24 48 96 106 202 404 808 b
1 2 4 6 10 14 24 48 96 192 202 404 808 b
1 2 4 6 10 16 32 48 96 106 202 404 808 b
1 2 4 6 10 16 32 48 96 192 202 404 808 b
1 2 4 6 10 16 32 64 74 128 202 404 808 a
1 2 4 6 10 16 32 64 74 138 202 404 808 b
1 2 4 6 10 16 32 64 96 106 202 404 808 b
1 2 4 6 10 16 32 64 96 192 202 404 808 b
1 2 4 6 10 16 32 64 128 138 202 404 808 b
1 2 4 6 10 16 32 64 128 138 266 404 808 b
1 2 4 6 10 16 32 64 128 138 276 404 808 b
1 2 4 6 10 16 32 64 128 192 202 404 808 b
1 2 4 6 10 20 21 40 61 101 202 404 808 a
1 2 4 6 10 20 21 40 80 101 202 404 808 a
1 2 4 6 10 20 24 48 96 106 202 404 808 b
1 2 4 6 10 20 24 48 96 192 202 404 808 b
1 2 4 6 10 20 24 48 96 192 212 404 808 b
1 2 4 6 10 20 24 48 96 192 384 404 808 b
1 2 4 6 10 20 30 50 51 101 202 404 808 b
1 2 4 6 10 20 30 50 100 101 202 404 808 b
1 2 4 6 10 20 30 50 100 102 202 404 808 b
1 2 4 6 10 20 30 50 100 200 202 404 808 b
1 2 4 6 10 20 30 50 100 200 204 404 808 b
1 2 4 6 10 20 30 50 100 200 400 404 808 b
1 2 4 6 10 20 40 41 60 101 202 404 808 a
1 2 4 6 10 20 40 41 61 101 202 404 808 b
1 2 4 6 10 20 40 41 81 101 202 404 808 b
1 2 4 6 10 20 40 41 81 121 202 404 808 b
1 2 4 6 10 20 40 41 81 162 202 404 808 b
1 2 4 6 10 20 40 42 80 122 202 404 808 a
1 2 4 6 10 20 40 42 80 160 202 404 808 a
1 2 4 6 10 20 40 50 51 101 202 404 808 b
1 2 4 6 10 20 40 50 100 101 202 404 808 b
1 2 4 6 10 20 40 50 100 102 202 404 808 b
1 2 4 6 10 20 40 50 100 200 202 404 808 b
1 2 4 6 10 20 40 50 100 200 204 404 808 b
1 2 4 6 10 20 40 50 100 200 400 404 808 b
1 2 4 6 10 20 40 60 61 101 202 404 808 b
1 2 4 6 10 20 40 60 100 101 202 404 808 b
1 2 4 6 10 20 40 60 100 102 202 404 808 b
1 2 4 6 10 20 40 60 100 200 202 404 808 b
1 2 4 6 10 20 40 60 100 200 204 404 808 b
1 2 4 6 10 20 40 60 100 200 400 404 808 b
1 2 4 6 10 20 40 80 81 101 202 404 808 b
1 2 4 6 10 20 40 80 81 121 202 404 808 b
1 2 4 6 10 20 40 80 81 162 202 404 808 b
1 2 4 6 10 20 40 80 81 162 242 404 808 b
1 2 4 6 10 20 40 80 81 162 324 404 808 b
1 2 4 6 10 20 40 80 82 120 202 404 808 a
1 2 4 6 10 20 40 80 82 122 202 404 808 b
1 2 4 6 10 20 40 80 82 162 202 404 808 b
1 2 4 6 10 20 40 80 82 162 242 404 808 b
1 2 4 6 10 20 40 80 82 162 324 404 808 b
1 2 4 6 10 20 40 80 84 160 244 404 808 a
1 2 4 6 10 20 40 80 84 160 320 404 808 a
1 2 4 6 10 20 40 80 100 101 202 404 808 b
1 2 4 6 10 20 40 80 100 102 202 404 808 b
1 2 4 6 10 20 40 80 100 200 202 404 808 b
1 2 4 6 10 20 40 80 100 200 204 404 808 b
1 2 4 6 10 20 40 80 100 200 400 404 808 b
1 2 4 6 10 20 40 80 120 122 202 404 808 b
1 2 4 6 10 20 40 80 120 200 202 404 808 b
1 2 4 6 10 20 40 80 120 200 204 404 808 b
1 2 4 6 10 20 40 80 120 200 400 404 808 b
1 2 4 6 10 20 40 80 160 162 202 404 808 b
1 2 4 6 10 20 40 80 160 162 242 404 808 b
1 2 4 6 10 20 40 80 160 162 324 404 808 b
1 2 4 6 10 20 40 80 160 162 324 484 808 b
1 2 4 6 10 20 40 80 160 162 324 648 808 b
1 2 4 6 10 20 40 80 160 164 240 404 808 a
1 2 4 6 10 20 40 80 160 164 244 404 808 b
1 2 4 6 10 20 40 80 160 164 324 404 808 b
1 2 4 6 10 20 40 80 160 164 324 484 808 b
1 2 4 6 10 20 40 80 160 164 324 648 808 b
1 2 4 6 10 20 40 80 160 200 202 404 808 b
1 2 4 6 10 20 40 80 160 200 204 404 808 b
1 2 4 6 10 20 40 80 160 200 400 404 808 b
1 2 4 6 10 20 40 80 160 240 244 404 808 b
1 2 4 6 10 20 40 80 160 240 400 404 808 b
1 2 4 6 10 20 40 80 160 320 324 404 808 b
1 2 4 6 10 20 40 80 160 320 324 484 808 b
1 2 4 6 10 20 40 80 160 320 324 648 808 b
1 2 4 6 10 20 40 80 160 320 400 404 808 b
1 2 4 6 12 13 25 38 63 101 202 404 808 b
1 2 4 6 12 13 25 38 76 101 202 404 808 b
1 2 4 6 12 13 25 50 51 101 202 404 808 b
1 2 4 6 12 13 25 50 100 101 202 404 808 b
1 2 4 6 12 13 25 50 100 102 202 404 808 b
1 2 4 6 12 13 25 50 100 200 202 404 808 b
1 2 4 6 12 13 25 50 100 200 204 404 808 b
1 2 4 6 12 13 25 50 100 200 400 404 808 b
1 2 4 6 12 24 25 49 98 104 202 404 808 b
1 2 4 6 12 24 25 49 98 196 202 404 808 b
1 2 4 6 12 24 25 49 98 196 208 404 808 b
1 2 4 6 12 24 25 49 98 196 392 404 808 b
1 2 4 6 12 24 25 49 98 196 392 416 808 b
1 2 4 6 12 24 25 49 98 196 392 784 808 b
1 2 4 6 12 24 25 50 51 101 202 404 808 b
1 2 4 6 12 24 25 50 100 101 202 404 808 b
1 2 4 6 12 24 25 50 100 102 202 404 808 b
1 2 4 6 12 24 25 50 100 200 202 404 808 b
1 2 4 6 12 24 25 50 100 200 204 404 808 b
1 2 4 6 12 24 25 50 100 200 400 404 808 b
1 2 4 6 12 24 26 50 51 101 202 404 808 b
1 2 4 6 12 24 26 50 76 126 202 404 808 b
1 2 4 6 12 24 26 50 76 152 202 404 808 b
1 2 4 6 12 24 26 50 100 101 202 404 808 b
1 2 4 6 12 24 26 50 100 102 202 404 808 b
1 2 4 6 12 24 26 50 100 200 202 404 808 b
1 2 4 6 12 24 26 50 100 200 204 404 808 b
1 2 4 6 12 24 26 50 100 200 400 404 808 b
1 2 4 6 12 24 48 49 52 101 202 404 808 a
1 2 4 6 12 24 48 49 53 101 202 404 808 b
1 2 4 6 12 24 48 49 97 101 202 404 808 b
1 2 4 6 12 24 48 49 98 104 202 404 808 b
1 2 4 6 12 24 48 49 98 196 202 404 808 b
1 2 4 6 12 24 48 49 98 196 208 404 808 b
1 2 4 6 12 24 48 49 98 196 392 404 808 b
1 2 4 6 12 24 48 49 98 196 392 416 808 b
1 2 4 6 12 24 48 49 98 196 392 784 808 b
1 2 4 6 12 24 48 50 51 101 202 404 808 b
1 2 4 6 12 24 48 50 98 104 202 404 808 b
1 2 4 6 12 24 48 50 98 196 202 404 808 b
1 2 4 6 12 24 48 50 98 196 208 404 808 b
1 2 4 6 12 24 48 50 98 196 392 404 808 b
1 2 4 6 12 24 48 50 98 196 392 416 808 b
1 2 4 6 12 24 48 50 98 196 392 784 808 b
1 2 4 6 12 24 48 50 100 101 202 404 808 b
1 2 4 6 12 24 48 50 100 102 202 404 808 b
1 2 4 6 12 24 48 50 100 200 202 404 808 b
1 2 4 6 12 24 48 50 100 200 204 404 808 b
1 2 4 6 12 24 48 50 100 200 400 404 808 b
1 2 4 6 12 24 48 52 53 101 202 404 808 b
1 2 4 6 12 24 48 52 100 101 202 404 808 b
1 2 4 6 12 24 48 52 100 102 202 404 808 b
1 2 4 6 12 24 48 52 100 152 252 404 808 b
1 2 4 6 12 24 48 52 100 152 304 404 808 b
1 2 4 6 12 24 48 52 100 200 202 404 808 b
1 2 4 6 12 24 48 52 100 200 204 404 808 b
1 2 4 6 12 24 48 52 100 200 400 404 808 b
1 2 4 6 12 24 48 96 97 101 202 404 808 b
1 2 4 6 12 24 48 96 98 104 202 404 808 b
1 2 4 6 12 24 48 96 98 196 202 404 808 b
1 2 4 6 12 24 48 96 98 196 208 404 808 b
1 2 4 6 12 24 48 96 98 196 392 404 808 b
1 2 4 6 12 24 48 96 98 196 392 416 808 b
1 2 4 6 12 24 48 96 98 196 392 784 808 b
1 2 4 6 12 24 48 96 100 101 202 404 808 b
1 2 4 6 12 24 48 96 100 102 202 404 808 b
1 2 4 6 12 24 48 96 100 106 202 404 808 b
1 2 4 6 12 24 48 96 100 196 202 404 808 b
1 2 4 6 12 24 48 96 100 196 208 404 808 b
1 2 4 6 12 24 48 96 100 196 392 404 808 b
1 2 4 6 12 24 48 96 100 196 392 416 808 b
1 2 4 6 12 24 48 96 100 196 392 784 808 b
1 2 4 6 12 24 48 96 100 200 202 404 808 b
1 2 4 6 12 24 48 96 100 200 204 404 808 b
1 2 4 6 12 24 48 96 100 200 400 404 808 b
1 2 4 6 12 24 48 96 102 106 202 404 808 b
1 2 4 6 12 24 48 96 102 198 202 404 808 b
1 2 4 6 12 24 48 96 192 196 202 404 808 b
1 2 4 6 12 24 48 96 192 196 208 404 808 b
1 2 4 6 12 24 48 96 192 196 392 404 808 b
1 2 4 6 12 24 48 96 192 196 392 416 808 b
1 2 4 6 12 24 48 96 192 196 392 784 808 b
1 2 4 6 12 24 48 96 192 198 202 404 808 b
1 2 4 8 9 13 22 44 57 101 202 404 808 b
1 2 4 8 9 13 22 44 88 101 202 404 808 b
1 2 4 8 9 16 25 50 51 101 202 404 808 a
1 2 4 8 9 16 25 50 100 101 202 404 808 a
1 2 4 8 9 16 25 50 100 102 202 404 808 a
1 2 4 8 9 16 25 50 100 200 202 404 808 a
1 2 4 8 9 16 25 50 100 200 204 404 808 a
1 2 4 8 9 16 25 50 100 200 400 404 808 a
1 2 4 8 9 16 25 50 100 200 400 408 808 a
1 2 4 8 9 16 25 50 100 200 400 800 808 a
1 2 4 8 9 17 21 42 59 101 202 404 808 b
1 2 4 8 9 17 21 42 84 101 202 404 808 b
1 2 4 8 9 17 25 42 59 101 202 404 808 b
1 2 4 8 9 17 25 42 84 101 202 404 808 b
1 2 4 8 9 17 25 50 51 101 202 404 808 b
1 2 4 8 9 17 25 50 100 101 202 404 808 b
1 2 4 8 9 17 25 50 100 102 202 404 808 b
1 2 4 8 9 17 25 50 100 200 202 404 808 b
1 2 4 8 9 17 25 50 100 200 204 404 808 b
1 2 4 8 9 17 25 50 100 200 400 404 808 b
1 2 4 8 9 17 25 50 100 200 400 408 808 b
1 2 4 8 9 17 25 50 100 200 400 800 808 b
1 2 4 8 9 17 34 42 59 101 202 404 808 b
1 2 4 8 9 17 34 42 84 101 202 404 808 b
1 2 4 8 9 17 34 42 84 118 202 404 808 b
1 2 4 8 9 17 34 42 84 168 202 404 808 b
1 2 4 8 9 18 26 44 88 114 202 404 808 b
1 2 4 8 9 18 26 44 88 176 202 404 808 b
1 2 4 8 10 12 24 48 96 106 202 404 808 b
1 2 4 8 10 12 24 48 96 192 202 404 808 b
1 2 4 8 10 14 24 48 96 106 202 404 808 b
1 2 4 8 10 14 24 48 96 192 202 404 808 b
1 2 4 8 10 16 24 48 96 106 202 404 808 a
1 2 4 8 10 16 24 48 96 192 202 404 808 a
1 2 4 8 10 16 32 48 96 106 202 404 808 a
1 2 4 8 10 16 32 48 96 192 202 404 808 a
1 2 4 8 10 16 32 64 74 128 202 404 808 a
1 2 4 8 10 16 32 64 74 138 202 404 808 a
1 2 4 8 10 16 32 64 96 106 202 404 808 a
1 2 4 8 10 16 32 64 96 192 202 404 808 a
1 2 4 8 10 16 32 64 128 138 202 404 808 a
1 2 4 8 10 16 32 64 128 138 266 404 808 a
1 2 4 8 10 16 32 64 128 138 276 404 808 a
1 2 4 8 10 16 32 64 128 192 202 404 808 a
1 2 4 8 10 18 26 44 88 114 202 404 808 b
1 2 4 8 10 18 26 44 88 176 202 404 808 b
1 2 4 8 10 18 28 46 92 110 202 404 808 b
1 2 4 8 10 18 28 46 92 184 202 404 808 b
1 2 4 8 10 18 36 46 92 110 202 404 808 b
1 2 4 8 10 18 36 46 92 184 202 404 808 b
1 2 4 8 10 18 36 46 92 184 220 404 808 b
1 2 4 8 10 18 36 46 92 184 368 404 808 b
1 2 4 8 10 20 21 40 61 101 202 404 808 a
1 2 4 8 10 20 21 40 80 101 202 404 808 a
1 2 4 8 10 20 24 48 96 106 202 404 808 b
1 2 4 8 10 20 24 48 96 192 202 404 808 b
1 2 4 8 10 20 24 48 96 192 212 404 808 b
1 2 4 8 10 20 24 48 96 192 384 404 808 b
1 2 4 8 10 20 28 48 96 106 202 404 808 b
1 2 4 8 10 20 28 48 96 192 202 404 808 b
1 2 4 8 10 20 28 48 96 192 212 404 808 b
1 2 4 8 10 20 28 48 96 192 384 404 808 b
1 2 4 8 10 20 30 50 51 101 202 404 808 b
1 2 4 8 10 20 30 50 100 101 202 404 808 b
1 2 4 8 10 20 30 50 100 102 202 404 808 b
1 2 4 8 10 20 30 50 100 200 202 404 808 b
1 2 4 8 10 20 30 50 100 200 204 404 808 b
1 2 4 8 10 20 30 50 100 200 400 404 808 b
1 2 4 8 10 20 30 50 100 200 400 408 808 b
1 2 4 8 10 20 30 50 100 200 400 800 808 b
1 2 4 8 10 20 40 41 60 101 202 404 808 a
1 2 4 8 10 20 40 41 61 101 202 404 808 b
1 2 4 8 10 20 40 41 81 101 202 404 808 b
1 2 4 8 10 20 40 41 81 121 202 404 808 b
1 2 4 8 10 20 40 41 81 162 202 404 808 b
1 2 4 8 10 20 40 42 80 122 202 404 808 a
1 2 4 8 10 20 40 42 80 160 202 404 808 a
1 2 4 8 10 20 40 48 96 106 202 404 808 b
1 2 4 8 10 20 40 48 96 192 202 404 808 b
1 2 4 8 10 20 40 48 96 192 212 404 808 b
1 2 4 8 10 20 40 48 96 192 384 404 808 b
1 2 4 8 10 20 40 48 96 192 384 424 808 b
1 2 4 8 10 20 40 48 96 192 384 768 808 b
1 2 4 8 10 20 40 50 51 101 202 404 808 b
1 2 4 8 10 20 40 50 100 101 202 404 808 b
1 2 4 8 10 20 40 50 100 102 202 404 808 b
1 2 4 8 10 20 40 50 100 200 202 404 808 b
1 2 4 8 10 20 40 50 100 200 204 404 808 b
1 2 4 8 10 20 40 50 100 200 400 404 808 b
1 2 4 8 10 20 40 50 100 200 400 408 808 b
1 2 4 8 10 20 40 50 100 200 400 800 808 b
1 2 4 8 10 20 40 60 61 101 202 404 808 b
1 2 4 8 10 20 40 60 100 101 202 404 808 b
1 2 4 8 10 20 40 60 100 102 202 404 808 b
1 2 4 8 10 20 40 60 100 200 202 404 808 b
1 2 4 8 10 20 40 60 100 200 204 404 808 b
1 2 4 8 10 20 40 60 100 200 400 404 808 b
1 2 4 8 10 20 40 60 100 200 400 408 808 b
1 2 4 8 10 20 40 60 100 200 400 800 808 b
1 2 4 8 10 20 40 80 81 101 202 404 808 b
1 2 4 8 10 20 40 80 81 121 202 404 808 b
1 2 4 8 10 20 40 80 81 162 202 404 808 b
1 2 4 8 10 20 40 80 81 162 242 404 808 b
1 2 4 8 10 20 40 80 81 162 324 404 808 b
1 2 4 8 10 20 40 80 82 120 202 404 808 a
1 2 4 8 10 20 40 80 82 122 202 404 808 b
1 2 4 8 10 20 40 80 82 162 202 404 808 b
1 2 4 8 10 20 40 80 82 162 242 404 808 b
1 2 4 8 10 20 40 80 82 162 324 404 808 b
1 2 4 8 10 20 40 80 84 160 244 404 808 a
1 2 4 8 10 20 40 80 84 160 320 404 808 a
1 2 4 8 10 20 40 80 100 101 202 404 808 b
1 2 4 8 10 20 40 80 100 102 202 404 808 b
1 2 4 8 10 20 40 80 100 200 202 404 808 b
1 2 4 8 10 20 40 80 100 200 204 404 808 b
1 2 4 8 10 20 40 80 100 200 400 404 808 b
1 2 4 8 10 20 40 80 100 200 400 408 808 b
1 2 4 8 10 20 40 80 100 200 400 800 808 b
1 2 4 8 10 20 40 80 120 122 202 404 808 b
1 2 4 8 10 20 40 80 120 200 202 404 808 b
1 2 4 8 10 20 40 80 120 200 204 404 808 b
1 2 4 8 10 20 40 80 120 200 400 404 808 b
1 2 4 8 10 20 40 80 120 200 400 408 808 b
1 2 4 8 10 20 40 80 120 200 400 800 808 b
1 2 4 8 10 20 40 80 160 162 202 404 808 b
1 2 4 8 10 20 40 80 160 162 242 404 808 b
1 2 4 8 10 20 40 80 160 162 324 404 808 b
1 2 4 8 10 20 40 80 160 162 324 484 808 b
1 2 4 8 10 20 40 80 160 162 324 648 808 b
1 2 4 8 10 20 40 80 160 164 240 404 808 a
1 2 4 8 10 20 40 80 160 164 244 404 808 b
1 2 4 8 10 20 40 80 160 164 324 404 808 b
1 2 4 8 10 20 40 80 160 164 324 484 808 b
1 2 4 8 10 20 40 80 160 164 324 648 808 b
1 2 4 8 10 20 40 80 160 168 320 488 808 a
1 2 4 8 10 20 40 80 160 168 320 640 808 a
1 2 4 8 10 20 40 80 160 200 202 404 808 b
1 2 4 8 10 20 40 80 160 200 204 404 808 b
1 2 4 8 10 20 40 80 160 200 400 404 808 b
1 2 4 8 10 20 40 80 160 200 400 408 808 b
1 2 4 8 10 20 40 80 160 200 400 800 808 b
1 2 4 8 10 20 40 80 160 240 244 404 808 b
1 2 4 8 10 20 40 80 160 240 400 404 808 b
1 2 4 8 10 20 40 80 160 240 400 408 808 b
1 2 4 8 10 20 40 80 160 240 400 800 808 b
1 2 4 8 10 20 40 80 160 320 324 404 808 b
1 2 4 8 10 20 40 80 160 320 324 484 808 b
1 2 4 8 10 20 40 80 160 320 324 648 808 b
1 2 4 8 10 20 40 80 160 320 328 480 808 a
1 2 4 8 10 20 40 80 160 320 328 488 808 b
1 2 4 8 10 20 40 80 160 320 328 648 808 b
1 2 4 8 10 20 40 80 160 320 400 404 808 b
1 2 4 8 10 20 40 80 160 320 400 408 808 b
1 2 4 8 10 20 40 80 160 320 400 800 808 b
1 2 4 8 10 20 40 80 160 320 480 488 808 b
1 2 4 8 10 20 40 80 160 320 480 800 808 b
1 2 4 8 10 20 40 80 160 320 640 648 808 b
1 2 4 8 10 20 40 80 160 320 640 800 808 b
1 2 4 8 12 13 25 38 63 101 202 404 808 b
1 2 4 8 12 13 25 38 76 101 202 404 808 b
1 2 4 8 12 13 25 50 51 101 202 404 808 b
1 2 4 8 12 13 25 50 100 101 202 404 808 b
1 2 4 8 12 13 25 50 100 102 202 404 808 b
1 2 4 8 12 13 25 50 100 200 202 404 808 b
1 2 4 8 12 13 25 50 100 200 204 404 808 b
1 2 4 8 12 13 25 50 100 200 400 404 808 b
1 2 4 8 12 13 25 50 100 200 400 408 808 b
1 2 4 8 12 13 25 50 100 200 400 800 808 b
1 2 4 8 12 20 21 40 61 101 202 404 808 a
1 2 4 8 12 20 21 40 80 101 202 404 808 a
1 2 4 8 12 20 24 48 96 192 212 404 808 b
1 2 4 8 12 20 24 48 96 192 384 404 808 b
1 2 4 8 12 20 28 48 96 192 212 404 808 b
1 2 4 8 12 20 28 48 96 192 384 404 808 b
1 2 4 8 12 20 32 64 96 192 212 404 808 b
1 2 4 8 12 20 32 64 96 192 384 404 808 b
1 2 4 8 12 20 32 64 128 148 256 404 808 a
1 2 4 8 12 20 32 64 128 148 276 404 808 b
1 2 4 8 12 20 32 64 128 192 212 404 808 b
1 2 4 8 12 20 32 64 128 192 384 404 808 b
1 2 4 8 12 20 32 64 128 256 276 404 808 b
1 2 4 8 12 20 32 64 128 256 276 532 808 b
1 2 4 8 12 20 32 64 128 256 276 552 808 b
1 2 4 8 12 20 32 64 128 256 384 404 808 b
1 2 4 8 12 20 40 41 60 101 202 404 808 a
1 2 4 8 12 20 40 41 61 101 202 404 808 b
1 2 4 8 12 20 40 41 81 101 202 404 808 b
1 2 4 8 12 20 40 41 81 121 202 404 808 b
1 2 4 8 12 20 40 41 81 162 202 404 808 b
1 2 4 8 12 20 40 42 80 122 202 404 808 a
1 2 4 8 12 20 40 42 80 160 202 404 808 a
1 2 4 8 12 20 40 48 96 192 212 404 808 b
1 2 4 8 12 20 40 48 96 192 384 404 808 b
1 2 4 8 12 20 40 48 96 192 384 424 808 b
1 2 4 8 12 20 40 48 96 192 384 768 808 b
1 2 4 8 12 20 40 60 61 101 202 404 808 b
1 2 4 8 12 20 40 60 100 101 202 404 808 b
1 2 4 8 12 20 40 60 100 102 202 404 808 b
1 2 4 8 12 20 40 60 100 200 202 404 808 b
1 2 4 8 12 20 40 60 100 200 204 404 808 b
1 2 4 8 12 20 40 60 100 200 400 404 808 b
1 2 4 8 12 20 40 60 100 200 400 408 808 b
1 2 4 8 12 20 40 60 100 200 400 800 808 b
1 2 4 8 12 20 40 80 81 101 202 404 808 b
1 2 4 8 12 20 40 80 81 121 202 404 808 b
1 2 4 8 12 20 40 80 81 162 202 404 808 b
1 2 4 8 12 20 40 80 81 162 242 404 808 b
1 2 4 8 12 20 40 80 81 162 324 404 808 b
1 2 4 8 12 20 40 80 82 120 202 404 808 a
1 2 4 8 12 20 40 80 82 122 202 404 808 b
1 2 4 8 12 20 40 80 82 162 202 404 808 b
1 2 4 8 12 20 40 80 82 162 242 404 808 b
1 2 4 8 12 20 40 80 82 162 324 404 808 b
1 2 4 8 12 20 40 80 84 160 244 404 808 a
1 2 4 8 12 20 40 80 84 160 320 404 808 a
1 2 4 8 12 20 40 80 100 101 202 404 808 b
1 2 4 8 12 20 40 80 100 102 202 404 808 b
1 2 4 8 12 20 40 80 100 200 202 404 808 b
1 2 4 8 12 20 40 80 100 200 204 404 808 b
1 2 4 8 12 20 40 80 100 200 400 404 808 b
1 2 4 8 12 20 40 80 100 200 400 408 808 b
1 2 4 8 12 20 40 80 100 200 400 800 808 b
1 2 4 8 12 20 40 80 120 122 202 404 808 b
1 2 4 8 12 20 40 80 120 200 202 404 808 b
1 2 4 8 12 20 40 80 120 200 204 404 808 b
1 2 4 8 12 20 40 80 120 200 400 404 808 b
1 2 4 8 12 20 40 80 120 200 400 408 808 b
1 2 4 8 12 20 40 80 120 200 400 800 808 b
1 2 4 8 12 20 40 80 160 162 202 404 808 b
1 2 4 8 12 20 40 80 160 162 242 404 808 b
1 2 4 8 12 20 40 80 160 162 324 404 808 b
1 2 4 8 12 20 40 80 160 162 324 484 808 b
1 2 4 8 12 20 40 80 160 162 324 648 808 b
1 2 4 8 12 20 40 80 160 164 240 404 808 a
1 2 4 8 12 20 40 80 160 164 244 404 808 b
1 2 4 8 12 20 40 80 160 164 324 404 808 b
1 2 4 8 12 20 40 80 160 164 324 484 808 b
1 2 4 8 12 20 40 80 160 164 324 648 808 b
1 2 4 8 12 20 40 80 160 168 320 488 808 a
1 2 4 8 12 20 40 80 160 168 320 640 808 a
1 2 4 8 12 20 40 80 160 200 202 404 808 b
1 2 4 8 12 20 40 80 160 200 204 404 808 b
1 2 4 8 12 20 40 80 160 200 400 404 808 b
1 2 4 8 12 20 40 80 160 200 400 408 808 b
1 2 4 8 12 20 40 80 160 200 400 800 808 b
1 2 4 8 12 20 40 80 160 240 244 404 808 b
1 2 4 8 12 20 40 80 160 240 400 404 808 b
1 2 4 8 12 20 40 80 160 240 400 408 808 b
1 2 4 8 12 20 40 80 160 240 400 800 808 b
1 2 4 8 12 20 40 80 160 320 324 404 808 b
1 2 4 8 12 20 40 80 160 320 324 484 808 b
1 2 4 8 12 20 40 80 160 320 324 648 808 b
1 2 4 8 12 20 40 80 160 320 328 480 808 a
1 2 4 8 12 20 40 80 160 320 328 488 808 b
1 2 4 8 12 20 40 80 160 320 328 648 808 b
1 2 4 8 12 20 40 80 160 320 400 404 808 b
1 2 4 8 12 20 40 80 160 320 400 408 808 b
1 2 4 8 12 20 40 80 160 320 400 800 808 b
1 2 4 8 12 20 40 80 160 320 480 488 808 b
1 2 4 8 12 20 40 80 160 320 480 800 808 b
1 2 4 8 12 20 40 80 160 320 640 648 808 b
1 2 4 8 12 20 40 80 160 320 640 800 808 b
1 2 4 8 12 24 25 49 98 196 208 404 808 b
1 2 4 8 12 24 25 49 98 196 392 404 808 b
1 2 4 8 12 24 25 49 98 196 392 416 808 b
1 2 4 8 12 24 25 49 98 196 392 784 808 b
1 2 4 8 12 24 25 50 51 101 202 404 808 b
1 2 4 8 12 24 25 50 100 101 202 404 808 b
1 2 4 8 12 24 25 50 100 102 202 404 808 b
1 2 4 8 12 24 25 50 100 200 202 404 808 b
1 2 4 8 12 24 25 50 100 200 204 404 808 b
1 2 4 8 12 24 25 50 100 200 400 404 808 b
1 2 4 8 12 24 25 50 100 200 400 408 808 b
1 2 4 8 12 24 25 50 100 200 400 800 808 b
1 2 4 8 12 24 26 50 51 101 202 404 808 b
1 2 4 8 12 24 26 50 76 126 202 404 808 b
1 2 4 8 12 24 26 50 76 152 202 404 808 b
1 2 4 8 12 24 26 50 100 101 202 404 808 b
1 2 4 8 12 24 26 50 100 102 202 404 808 b
1 2 4 8 12 24 26 50 100 200 202 404 808 b
1 2 4 8 12 24 26 50 100 200 204 404 808 b
1 2 4 8 12 24 26 50 100 200 400 404 808 b
1 2 4 8 12 24 26 50 100 200 400 408 808 b
1 2 4 8 12 24 26 50 100 200 400 800 808 b
1 2 4 8 12 24 48 49 52 101 202 404 808 a
1 2 4 8 12 24 48 49 53 101 202 404 808 b
1 2 4 8 12 24 48 49 97 101 202 404 808 b
1 2 4 8 12 24 48 49 97 105 202 404 808 b
1 2 4 8 12 24 48 49 97 194 202 404 808 b
1 2 4 8 12 24 48 49 98 196 208 404 808 b
1 2 4 8 12 24 48 49 98 196 392 404 808 b
1 2 4 8 12 24 48 49 98 196 392 416 808 b
1 2 4 8 12 24 48 49 98 196 392 784 808 b
1 2 4 8 12 24 48 50 51 101 202 404 808 b
1 2 4 8 12 24 48 50 98 196 208 404 808 b
1 2 4 8 12 24 48 50 98 196 392 404 808 b
1 2 4 8 12 24 48 50 98 196 392 416 808 b
1 2 4 8 12 24 48 50 98 196 392 784 808 b
1 2 4 8 12 24 48 50 100 101 202 404 808 b
1 2 4 8 12 24 48 50 100 102 202 404 808 b
1 2 4 8 12 24 48 50 100 200 202 404 808 b
1 2 4 8 12 24 48 50 100 200 204 404 808 b
1 2 4 8 12 24 48 50 100 200 400 404 808 b
1 2 4 8 12 24 48 50 100 200 400 408 808 b
1 2 4 8 12 24 48 50 100 200 400 800 808 b
1 2 4 8 12 24 48 52 53 101 202 404 808 b
1 2 4 8 12 24 48 52 100 101 202 404 808 b
1 2 4 8 12 24 48 52 100 102 202 404 808 b
1 2 4 8 12 24 48 52 100 152 252 404 808 b
1 2 4 8 12 24 48 52 100 152 304 404 808 b
1 2 4 8 12 24 48 52 100 200 202 404 808 b
1 2 4 8 12 24 48 52 100 200 204 404 808 b
1 2 4 8 12 24 48 52 100 200 400 404 808 b
1 2 4 8 12 24 48 52 100 200 400 408 808 b
1 2 4 8 12 24 48 52 100 200 400 800 808 b
1 2 4 8 12 24 48 96 97 101 202 404 808 b
1 2 4 8 12 24 48 96 97 105 202 404 808 b
1 2 4 8 12 24 48 96 97 194 202 404 808 b
1 2 4 8 12 24 48 96 98 104 202 404 808 a
1 2 4 8 12 24 48 96 98 106 202 404 808 b
1 2 4 8 12 24 48 96 98 194 202 404 808 b
1 2 4 8 12 24 48 96 98 196 208 404 808 b
1 2 4 8 12 24 48 96 98 196 392 404 808 b
1 2 4 8 12 24 48 96 98 196 392 416 808 b
1 2 4 8 12 24 48 96 98 196 392 784 808 b
1 2 4 8 12 24 48 96 100 101 202 404 808 b
1 2 4 8 12 24 48 96 100 102 202 404 808 b
1 2 4 8 12 24 48 96 100 196 208 404 808 b
1 2 4 8 12 24 48 96 100 196 392 404 808 b
1 2 4 8 12 24 48 96 100 196 392 416 808 b
1 2 4 8 12 24 48 96 100 196 392 784 808 b
1 2 4 8 12 24 48 96 100 200 202 404 808 b
1 2 4 8 12 24 48 96 100 200 204 404 808 b
1 2 4 8 12 24 48 96 100 200 400 404 808 b
1 2 4 8 12 24 48 96 100 200 400 408 808 b
1 2 4 8 12 24 48 96 100 200 400 800 808 b
1 2 4 8 12 24 48 96 104 106 202 404 808 b
1 2 4 8 12 24 48 96 104 200 202 404 808 b
1 2 4 8 12 24 48 96 104 200 204 404 808 b
1 2 4 8 12 24 48 96 104 200 304 504 808 b
1 2 4 8 12 24 48 96 104 200 304 608 808 b
1 2 4 8 12 24 48 96 104 200 400 404 808 b
1 2 4 8 12 24 48 96 104 200 400 408 808 b
1 2 4 8 12 24 48 96 104 200 400 800 808 b
1 2 4 8 12 24 48 96 192 194 202 404 808 b
1 2 4 8 12 24 48 96 192 196 208 404 808 b
1 2 4 8 12 24 48 96 192 196 392 404 808 b
1 2 4 8 12 24 48 96 192 196 392 416 808 b
1 2 4 8 12 24 48 96 192 196 392 784 808 b
1 2 4 8 12 24 48 96 192 200 202 404 808 b
1 2 4 8 12 24 48 96 192 200 204 404 808 b
1 2 4 8 12 24 48 96 192 200 212 404 808 b
1 2 4 8 12 24 48 96 192 200 392 404 808 b
1 2 4 8 12 24 48 96 192 200 392 416 808 b
1 2 4 8 12 24 48 96 192 200 392 784 808 b
1 2 4 8 12 24 48 96 192 200 400 404 808 b
1 2 4 8 12 24 48 96 192 200 400 408 808 b
1 2 4 8 12 24 48 96 192 200 400 800 808 b
1 2 4 8 12 24 48 96 192 204 212 404 808 b
1 2 4 8 12 24 48 96 192 204 396 404 808 b
1 2 4 8 12 24 48 96 192 384 392 404 808 b
1 2 4 8 12 24 48 96 192 384 392 416 808 b
1 2 4 8 12 24 48 96 192 384 392 784 808 b
1 2 4 8 12 24 48 96 192 384 396 404 808 b
1 2 4 8 16 17 21 42 59 101 202 404 808 b
1 2 4 8 16 17 21 42 84 101 202 404 808 b
1 2 4 8 16 17 25 42 59 101 202 404 808 b
1 2 4 8 16 17 25 42 84 101 202 404 808 b
1 2 4 8 16 17 25 50 51 101 202 404 808 b
1 2 4 8 16 17 25 50 100 101 202 404 808 b
1 2 4 8 16 17 25 50 100 102 202 404 808 b
1 2 4 8 16 17 25 50 100 200 202 404 808 b
1 2 4 8 16 17 25 50 100 200 204 404 808 b
1 2 4 8 16 17 25 50 100 200 400 404 808 b
1 2 4 8 16 17 25 50 100 200 400 408 808 b
1 2 4 8 16 17 25 50 100 200 400 800 808 b
1 2 4 8 16 17 33 34 67 101 202 404 808 b
1 2 4 8 16 17 33 34 68 101 202 404 808 b
1 2 4 8 16 17 33 35 66 101 202 404 808 a
1 2 4 8 16 17 33 35 68 101 202 404 808 b
1 2 4 8 16 17 33 50 51 101 202 404 808 b
1 2 4 8 16 17 33 50 100 101 202 404 808 b
1 2 4 8 16 17 33 50 100 102 202 404 808 b
1 2 4 8 16 17 33 50 100 200 202 404 808 b
1 2 4 8 16 17 33 50 100 200 204 404 808 b
1 2 4 8 16 17 33 50 100 200 400 404 808 b
1 2 4 8 16 17 33 50 100 200 400 408 808 b
1 2 4 8 16 17 33 50 100 200 400 800 808 b
1 2 4 8 16 17 33 66 68 101 202 404 808 b
1 2 4 8 16 17 33 66 68 134 202 404 808 b
1 2 4 8 16 17 33 66 68 136 202 404 808 b
1 2 4 8 16 17 33 66 70 132 202 404 808 a
1 2 4 8 16 17 33 66 70 136 202 404 808 b
1 2 4 8 16 17 33 66 99 101 202 404 808 b
1 2 4 8 16 17 33 66 99 103 202 404 808 b
1 2 4 8 16 17 33 66 99 198 202 404 808 b
1 2 4 8 16 17 33 66 99 198 206 404 808 b
1 2 4 8 16 17 33 66 99 198 396 404 808 b
1 2 4 8 16 17 33 66 99 198 396 412 808 b
1 2 4 8 16 17 33 66 99 198 396 792 808 b
1 2 4 8 16 17 33 66 132 136 202 404 808 b
1 2 4 8 16 17 33 66 132 136 268 404 808 b
1 2 4 8 16 17 33 66 132 136 272 404 808 b
1 2 4 8 16 17 33 66 132 140 264 404 808 a
1 2 4 8 16 17 33 66 132 140 272 404 808 b
1 2 4 8 16 17 33 66 132 198 202 404 808 b
1 2 4 8 16 17 33 66 132 198 206 404 808 b
1 2 4 8 16 17 33 66 132 198 396 404 808 b
1 2 4 8 16 17 33 66 132 198 396 412 808 b
1 2 4 8 16 17 33 66 132 198 396 792 808 b
1 2 4 8 16 17 33 66 132 264 272 404 808 b
1 2 4 8 16 17 33 66 132 264 272 536 808 b
1 2 4 8 16 17 33 66 132 264 272 544 808 b
1 2 4 8 16 17 33 66 132 264 280 528 808 a
1 2 4 8 16 17 33 66 132 264 280 544 808 b
1 2 4 8 16 17 33 66 132 264 396 404 808 b
1 2 4 8 16 17 33 66 132 264 396 412 808 b
1 2 4 8 16 17 33 66 132 264 396 792 808 b
1 2 4 8 16 17 33 66 132 264 528 544 808 b
1 2 4 8 16 17 33 66 132 264 528 792 808 b
1 2 4 8 16 17 34 42 59 101 202 404 808 b
1 2 4 8 16 17 34 42 84 101 202 404 808 b
1 2 4 8 16 17 34 42 84 118 202 404 808 b
1 2 4 8 16 17 34 42 84 168 202 404 808 b
1 2 4 8 16 17 34 50 51 101 202 404 808 b
1 2 4 8 16 17 34 50 67 101 202 404 808 b
1 2 4 8 16 17 34 50 84 101 202 404 808 b
1 2 4 8 16 17 34 50 84 118 202 404 808 b
1 2 4 8 16 17 34 50 84 168 202 404 808 b
1 2 4 8 16 17 34 50 100 101 202 404 808 b
1 2 4 8 16 17 34 50 100 102 202 404 808 b
1 2 4 8 16 17 34 50 100 200 202 404 808 b
1 2 4 8 16 17 34 50 100 200 204 404 808 b
1 2 4 8 16 17 34 50 100 200 400 404 808 b
1 2 4 8 16 17 34 50 100 200 400 408 808 b
1 2 4 8 16 17 34 50 100 200 400 800 808 b
1 2 4 8 16 17 34 51 67 101 202 404 808 b
1 2 4 8 16 17 34 51 85 101 202 404 808 b
1 2 4 8 16 17 34 68 84 101 202 404 808 b
1 2 4 8 16 17 34 68 84 118 202 404 808 b
1 2 4 8 16 17 34 68 84 168 202 404 808 b
1 2 4 8 16 17 34 68 84 168 236 404 808 b
1 2 4 8 16 17 34 68 84 168 336 404 808 b
1 2 4 8 16 17 34 68 85 101 202 404 808 b
1 2 4 8 16 18 26 44 88 114 202 404 808 b
1 2 4 8 16 18 26 44 88 176 202 404 808 b
1 2 4 8 16 18 32 50 51 101 202 404 808 a
1 2 4 8 16 18 32 50 100 101 202 404 808 a
1 2 4 8 16 18 32 50 100 102 202 404 808 a
1 2 4 8 16 18 32 50 100 200 202 404 808 a
1 2 4 8 16 18 32 50 100 200 204 404 808 a
1 2 4 8 16 18 32 50 100 200 400 404 808 a
1 2 4 8 16 18 32 50 100 200 400 408 808 a
1 2 4 8 16 18 32 50 100 200 400 800 808 a
1 2 4 8 16 18 34 42 84 118 202 404 808 b
1 2 4 8 16 18 34 42 84 168 202 404 808 b
1 2 4 8 16 18 34 50 51 101 202 404 808 b
1 2 4 8 16 18 34 50 84 118 202 404 808 b
1 2 4 8 16 18 34 50 84 168 202 404 808 b
1 2 4 8 16 18 34 50 100 101 202 404 808 b
1 2 4 8 16 18 34 50 100 102 202 404 808 b
1 2 4 8 16 18 34 50 100 200 202 404 808 b
1 2 4 8 16 18 34 50 100 200 204 404 808 b
1 2 4 8 16 18 34 50 100 200 400 404 808 b
1 2 4 8 16 18 34 50 100 200 400 408 808 b
1 2 4 8 16 18 34 50 100 200 400 800 808 b
1 2 4 8 16 18 34 68 84 118 202 404 808 b
1 2 4 8 16 18 34 68 84 168 202 404 808 b
1 2 4 8 16 18 34 68 84 168 236 404 808 b
1 2 4 8 16 18 34 68 84 168 336 404 808 b
1 2 4 8 16 18 36 52 88 176 228 404 808 b
1 2 4 8 16 18 36 52 88 176 352 404 808 b
1 2 4 8 16 20 21 40 61 101 202 404 808 a
1 2 4 8 16 20 21 40 80 101 202 404 808 a
1 2 4 8 16 20 24 48 96 192 212 404 808 b
1 2 4 8 16 20 24 48 96 192 384 404 808 b
1 2 4 8 16 20 28 48 96 192 212 404 808 b
1 2 4 8 16 20 28 48 96 192 384 404 808 b
1 2 4 8 16 20 32 48 96 192 212 404 808 a
1 2 4 8 16 20 32 48 96 192 384 404 808 a
1 2 4 8 16 20 32 64 96 192 212 404 808 a
1 2 4 8 16 20 32 64 96 192 384 404 808 a
1 2 4 8 16 20 32 64 128 148 256 404 808 a
1 2 4 8 16 20 32 64 128 148 276 404 808 a
1 2 4 8 16 20 32 64 128 192 212 404 808 a
1 2 4 8 16 20 32 64 128 192 384 404 808 a
1 2 4 8 16 20 32 64 128 256 276 404 808 a
1 2 4 8 16 20 32 64 128 256 276 532 808 a
1 2 4 8 16 20 32 64 128 256 276 552 808 a
1 2 4 8 16 20 32 64 128 256 384 404 808 a
1 2 4 8 16 20 36 52 88 176 228 404 808 b
1 2 4 8 16 20 36 52 88 176 352 404 808 b
1 2 4 8 16 20 36 56 92 184 220 404 808 b
1 2 4 8 16 20 36 56 92 184 368 404 808 b
1 2 4 8 16 20 36 72 92 184 220 404 808 b
1 2 4 8 16 20 36 72 92 184 368 404 808 b
1 2 4 8 16 20 36 72 92 184 368 440 808 b
1 2 4 8 16 20 36 72 92 184 368 736 808 b
1 2 4 8 16 20 40 41 60 101 202 404 808 a
1 2 4 8 16 20 40 41 61 101 202 404 808 b
1 2 4 8 16 20 40 41 81 101 202 404 808 b
1 2 4 8 16 20 40 41 81 121 202 404 808 b
1 2 4 8 16 20 40 41 81 162 202 404 808 b
1 2 4 8 16 20 40 42 80 122 202 404 808 a
1 2 4 8 16 20 40 42 80 160 202 404 808 a
1 2 4 8 16 20 40 48 96 192 212 404 808 b
1 2 4 8 16 20 40 48 96 192 384 404 808 b
1 2 4 8 16 20 40 48 96 192 384 424 808 b
1 2 4 8 16 20 40 48 96 192 384 768 808 b
1 2 4 8 16 20 40 56 96 192 212 404 808 b
1 2 4 8 16 20 40 56 96 192 384 404 808 b
1 2 4 8 16 20 40 56 96 192 384 424 808 b
1 2 4 8 16 20 40 56 96 192 384 768 808 b
1 2 4 8 16 20 40 60 61 101 202 404 808 b
1 2 4 8 16 20 40 60 100 101 202 404 808 b
1 2 4 8 16 20 40 60 100 102 202 404 808 b
1 2 4 8 16 20 40 60 100 200 202 404 808 b
1 2 4 8 16 20 40 60 100 200 204 404 808 b
1 2 4 8 16 20 40 60 100 200 400 404 808 b
1 2 4 8 16 20 40 60 100 200 400 408 808 b
1 2 4 8 16 20 40 60 100 200 400 800 808 b
1 2 4 8 16 20 40 80 81 101 202 404 808 b
1 2 4 8 16 20 40 80 81 121 202 404 808 b
1 2 4 8 16 20 40 80 81 162 202 404 808 b
1 2 4 8 16 20 40 80 81 162 242 404 808 b
1 2 4 8 16 20 40 80 81 162 324 404 808 b
1 2 4 8 16 20 40 80 82 120 202 404 808 a
1 2 4 8 16 20 40 80 82 122 202 404 808 b
1 2 4 8 16 20 40 80 82 162 202 404 808 b
1 2 4 8 16 20 40 80 82 162 242 404 808 b
1 2 4 8 16 20 40 80 82 162 324 404 808 b
1 2 4 8 16 20 40 80 84 160 244 404 808 a
1 2 4 8 16 20 40 80 84 160 320 404 808 a
1 2 4 8 16 20 40 80 96 192 212 404 808 b
1 2 4 8 16 20 40 80 96 192 384 404 808 b
1 2 4 8 16 20 40 80 96 192 384 424 808 b
1 2 4 8 16 20 40 80 96 192 384 768 808 b
1 2 4 8 16 20 40 80 100 101 202 404 808 b
1 2 4 8 16 20 40 80 100 102 202 404 808 b
1 2 4 8 16 20 40 80 100 200 202 404 808 b
1 2 4 8 16 20 40 80 100 200 204 404 808 b
1 2 4 8 16 20 40 80 100 200 400 404 808 b
1 2 4 8 16 20 40 80 100 200 400 408 808 b
1 2 4 8 16 20 40 80 100 200 400 800 808 b
1 2 4 8 16 20 40 80 120 122 202 404 808 b
1 2 4 8 16 20 40 80 120 200 202 404 808 b
1 2 4 8 16 20 40 80 120 200 204 404 808 b
1 2 4 8 16 20 40 80 120 200 400 404 808 b
1 2 4 8 16 20 40 80 120 200 400 408 808 b
1 2 4 8 16 20 40 80 120 200 400 800 808 b
1 2 4 8 16 20 40 80 160 162 202 404 808 b
1 2 4 8 16 20 40 80 160 162 242 404 808 b
1 2 4 8 16 20 40 80 160 162 324 404 808 b
1 2 4 8 16 20 40 80 160 162 324 484 808 b
1 2 4 8 16 20 40 80 160 162 324 648 808 b
1 2 4 8 16 20 40 80 160 164 240 404 808 a
1 2 4 8 16 20 40 80 160 164 244 404 808 b
1 2 4 8 16 20 40 80 160 164 324 404 808 b
1 2 4 8 16 20 40 80 160 164 324 484 808 b
1 2 4 8 16 20 40 80 160 164 324 648 808 b
1 2 4 8 16 20 40 80 160 168 320 488 808 a
1 2 4 8 16 20 40 80 160 168 320 640 808 a
1 2 4 8 16 20 40 80 160 200 202 404 808 b
1 2 4 8 16 20 40 80 160 200 204 404 808 b
1 2 4 8 16 20 40 80 160 200 400 404 808 b
1 2 4 8 16 20 40 80 160 200 400 408 808 b
1 2 4 8 16 20 40 80 160 200 400 800 808 b
1 2 4 8 16 20 40 80 160 240 244 404 808 b
1 2 4 8 16 20 40 80 160 240 400 404 808 b
1 2 4 8 16 20 40 80 160 240 400 408 808 b
1 2 4 8 16 20 40 80 160 240 400 800 808 b
1 2 4 8 16 20 40 80 160 320 324 404 808 b
1 2 4 8 16 20 40 80 160 320 324 484 808 b
1 2 4 8 16 20 40 80 160 320 324 648 808 b
1 2 4 8 16 20 40 80 160 320 328 480 808 a
1 2 4 8 16 20 40 80 160 320 328 488 808 b
1 2 4 8 16 20 40 80 160 320 328 648 808 b
1 2 4 8 16 20 40 80 160 320 400 404 808 b
1 2 4 8 16 20 40 80 160 320 400 408 808 b
1 2 4 8 16 20 40 80 160 320 400 800 808 b
1 2 4 8 16 20 40 80 160 320 480 488 808 b
1 2 4 8 16 20 40 80 160 320 480 800 808 b
1 2 4 8 16 20 40 80 160 320 640 648 808 b
1 2 4 8 16 20 40 80 160 320 640 800 808 b
1 2 4 8 16 24 25 49 98 196 392 416 808 b
1 2 4 8 16 24 25 49 98 196 392 784 808 b
1 2 4 8 16 24 25 50 51 101 202 404 808 b
1 2 4 8 16 24 25 50 100 101 202 404 808 b
1 2 4 8 16 24 25 50 100 102 202 404 808 b
1 2 4 8 16 24 25 50 100 200 202 404 808 b
1 2 4 8 16 24 25 50 100 200 204 404 808 b
1 2 4 8 16 24 25 50 100 200 400 404 808 b
1 2 4 8 16 24 25 50 100 200 400 408 808 b
1 2 4 8 16 24 25 50 100 200 400 800 808 b
1 2 4 8 16 24 26 50 51 101 202 404 808 b
1 2 4 8 16 24 26 50 76 126 202 404 808 b
1 2 4 8 16 24 26 50 76 152 202 404 808 b
1 2 4 8 16 24 26 50 100 101 202 404 808 b
1 2 4 8 16 24 26 50 100 102 202 404 808 b
1 2 4 8 16 24 26 50 100 200 202 404 808 b
1 2 4 8 16 24 26 50 100 200 204 404 808 b
1 2 4 8 16 24 26 50 100 200 400 404 808 b
1 2 4 8 16 24 26 50 100 200 400 408 808 b
1 2 4 8 16 24 26 50 100 200 400 800 808 b
1 2 4 8 16 24 40 41 81 121 202 404 808 b
1 2 4 8 16 24 40 41 81 162 202 404 808 b
1 2 4 8 16 24 40 42 80 122 202 404 808 a
1 2 4 8 16 24 40 42 80 160 202 404 808 a
1 2 4 8 16 24 40 48 96 192 384 424 808 b
1 2 4 8 16 24 40 48 96 192 384 768 808 b
1 2 4 8 16 24 40 56 96 192 384 424 808 b
1 2 4 8 16 24 40 56 96 192 384 768 808 b
1 2 4 8 16 24 40 64 128 192 384 424 808 b
1 2 4 8 16 24 40 64 128 192 384 768 808 b
1 2 4 8 16 24 40 64 128 256 296 512 808 a
1 2 4 8 16 24 40 64 128 256 296 552 808 b
1 2 4 8 16 24 40 64 128 256 384 424 808 b
1 2 4 8 16 24 40 64 128 256 384 768 808 b
1 2 4 8 16 24 40 64 128 256 512 552 808 b
1 2 4 8 16 24 40 64 128 256 512 768 808 b
1 2 4 8 16 24 40 80 81 121 202 404 808 b
1 2 4 8 16 24 40 80 81 162 202 404 808 b
1 2 4 8 16 24 40 80 81 162 242 404 808 b
1 2 4 8 16 24 40 80 81 162 324 404 808 b
1 2 4 8 16 24 40 80 82 120 202 404 808 a
1 2 4 8 16 24 40 80 82 122 202 404 808 b
1 2 4 8 16 24 40 80 82 162 202 404 808 b
1 2 4 8 16 24 40 80 82 162 242 404 808 b
1 2 4 8 16 24 40 80 82 162 324 404 808 b
1 2 4 8 16 24 40 80 84 160 244 404 808 a
1 2 4 8 16 24 40 80 84 160 320 404 808 a
1 2 4 8 16 24 40 80 96 192 384 424 808 b
1 2 4 8 16 24 40 80 96 192 384 768 808 b
1 2 4 8 16 24 40 80 120 122 202 404 808 b
1 2 4 8 16 24 40 80 120 200 202 404 808 b
1 2 4 8 16 24 40 80 120 200 204 404 808 b
1 2 4 8 16 24 40 80 120 200 400 404 808 b
1 2 4 8 16 24 40 80 120 200 400 408 808 b
1 2 4 8 16 24 40 80 120 200 400 800 808 b
1 2 4 8 16 24 40 80 160 162 202 404 808 b
1 2 4 8 16 24 40 80 160 162 242 404 808 b
1 2 4 8 16 24 40 80 160 162 324 404 808 b
1 2 4 8 16 24 40 80 160 162 324 484 808 b
1 2 4 8 16 24 40 80 160 162 324 648 808 b
1 2 4 8 16 24 40 80 160 164 240 404 808 a
1 2 4 8 16 24 40 80 160 164 244 404 808 b
1 2 4 8 16 24 40 80 160 164 324 404 808 b
1 2 4 8 16 24 40 80 160 164 324 484 808 b
1 2 4 8 16 24 40 80 160 164 324 648 808 b
1 2 4 8 16 24 40 80 160 168 320 488 808 a
1 2 4 8 16 24 40 80 160 168 320 640 808 a
1 2 4 8 16 24 40 80 160 200 202 404 808 b
1 2 4 8 16 24 40 80 160 200 204 404 808 b
1 2 4 8 16 24 40 80 160 200 400 404 808 b
1 2 4 8 16 24 40 80 160 200 400 408 808 b
1 2 4 8 16 24 40 80 160 200 400 800 808 b
1 2 4 8 16 24 40 80 160 240 244 404 808 b
1 2 4 8 16 24 40 80 160 240 400 404 808 b
1 2 4 8 16 24 40 80 160 240 400 408 808 b
1 2 4 8 16 24 40 80 160 240 400 800 808 b
1 2 4 8 16 24 40 80 160 320 324 404 808 b
1 2 4 8 16 24 40 80 160 320 324 484 808 b
1 2 4 8 16 24 40 80 160 320 324 648 808 b
1 2 4 8 16 24 40 80 160 320 328 480 808 a
1 2 4 8 16 24 40 80 160 320 328 488 808 b
1 2 4 8 16 24 40 80 160 320 328 648 808 b
1 2 4 8 16 24 40 80 160 320 400 404 808 b
1 2 4 8 16 24 40 80 160 320 400 408 808 b
1 2 4 8 16 24 40 80 160 320 400 800 808 b
1 2 4 8 16 24 40 80 160 320 480 488 808 b
1 2 4 8 16 24 40 80 160 320 480 800 808 b
1 2 4 8 16 24 40 80 160 320 640 648 808 b
1 2 4 8 16 24 40 80 160 320 640 800 808 b
1 2 4 8 16 24 48 49 52 101 202 404 808 a
1 2 4 8 16 24 48 49 53 101 202 404 808 b
1 2 4 8 16 24 48 49 97 101 202 404 808 b
1 2 4 8 16 24 48 49 97 105 202 404 808 b
1 2 4 8 16 24 48 49 97 194 202 404 808 b
1 2 4 8 16 24 48 49 97 194 210 404 808 b
1 2 4 8 16 24 48 49 97 194 388 404 808 b
1 2 4 8 16 24 48 49 98 196 392 416 808 b
1 2 4 8 16 24 48 49 98 196 392 784 808 b
1 2 4 8 16 24 48 50 51 101 202 404 808 b
1 2 4 8 16 24 48 50 98 196 392 416 808 b
1 2 4 8 16 24 48 50 98 196 392 784 808 b
1 2 4 8 16 24 48 50 100 101 202 404 808 b
1 2 4 8 16 24 48 50 100 102 202 404 808 b
1 2 4 8 16 24 48 50 100 200 202 404 808 b
1 2 4 8 16 24 48 50 100 200 204 404 808 b
1 2 4 8 16 24 48 50 100 200 400 404 808 b
1 2 4 8 16 24 48 50 100 200 400 408 808 b
1 2 4 8 16 24 48 50 100 200 400 800 808 b
1 2 4 8 16 24 48 52 53 101 202 404 808 b
1 2 4 8 16 24 48 52 100 101 202 404 808 b
1 2 4 8 16 24 48 52 100 102 202 404 808 b
1 2 4 8 16 24 48 52 100 152 252 404 808 b
1 2 4 8 16 24 48 52 100 152 304 404 808 b
1 2 4 8 16 24 48 52 100 200 202 404 808 b
1 2 4 8 16 24 48 52 100 200 204 404 808 b
1 2 4 8 16 24 48 52 100 200 400 404 808 b
1 2 4 8 16 24 48 52 100 200 400 408 808 b
1 2 4 8 16 24 48 52 100 200 400 800 808 b
1 2 4 8 16 24 48 96 97 101 202 404 808 b
1 2 4 8 16 24 48 96 97 105 202 404 808 b
1 2 4 8 16 24 48 96 97 194 202 404 808 b
1 2 4 8 16 24 48 96 97 194 210 404 808 b
1 2 4 8 16 24 48 96 97 194 388 404 808 b
1 2 4 8 16 24 48 96 98 104 202 404 808 a
1 2 4 8 16 24 48 96 98 106 202 404 808 b
1 2 4 8 16 24 48 96 98 194 202 404 808 b
1 2 4 8 16 24 48 96 98 194 210 404 808 b
1 2 4 8 16 24 48 96 98 194 388 404 808 b
1 2 4 8 16 24 48 96 98 196 392 416 808 b
1 2 4 8 16 24 48 96 98 196 392 784 808 b
1 2 4 8 16 24 48 96 100 101 202 404 808 b
1 2 4 8 16 24 48 96 100 102 202 404 808 b
1 2 4 8 16 24 48 96 100 196 392 416 808 b
1 2 4 8 16 24 48 96 100 196 392 784 808 b
1 2 4 8 16 24 48 96 100 200 202 404 808 b
1 2 4 8 16 24 48 96 100 200 204 404 808 b
1 2 4 8 16 24 48 96 100 200 400 404 808 b
1 2 4 8 16 24 48 96 100 200 400 408 808 b
1 2 4 8 16 24 48 96 100 200 400 800 808 b
1 2 4 8 16 24 48 96 104 106 202 404 808 b
1 2 4 8 16 24 48 96 104 200 202 404 808 b
1 2 4 8 16 24 48 96 104 200 204 404 808 b
1 2 4 8 16 24 48 96 104 200 304 504 808 b
1 2 4 8 16 24 48 96 104 200 304 608 808 b
1 2 4 8 16 24 48 96 104 200 400 404 808 b
1 2 4 8 16 24 48 96 104 200 400 408 808 b
1 2 4 8 16 24 48 96 104 200 400 800 808 b
1 2 4 8 16 24 48 96 192 194 202 404 808 b
1 2 4 8 16 24 48 96 192 194 210 404 808 b
1 2 4 8 16 24 48 96 192 194 388 404 808 b
1 2 4 8 16 24 48 96 192 196 208 404 808 a
1 2 4 8 16 24 48 96 192 196 212 404 808 b
1 2 4 8 16 24 48 96 192 196 388 404 808 b
1 2 4 8 16 24 48 96 192 196 392 416 808 b
1 2 4 8 16 24 48 96 192 196 392 784 808 b
1 2 4 8 16 24 48 96 192 200 202 404 808 b
1 2 4 8 16 24 48 96 192 200 204 404 808 b
1 2 4 8 16 24 48 96 192 200 392 416 808 b
1 2 4 8 16 24 48 96 192 200 392 784 808 b
1 2 4 8 16 24 48 96 192 200 400 404 808 b
1 2 4 8 16 24 48 96 192 200 400 408 808 b
1 2 4 8 16 24 48 96 192 200 400 800 808 b
1 2 4 8 16 24 48 96 192 208 212 404 808 b
1 2 4 8 16 24 48 96 192 208 400 404 808 b
1 2 4 8 16 24 48 96 192 208 400 408 808 b
1 2 4 8 16 24 48 96 192 208 400 800 808 b
1 2 4 8 16 24 48 96 192 384 388 404 808 b
1 2 4 8 16 24 48 96 192 384 392 416 808 b
1 2 4 8 16 24 48 96 192 384 392 784 808 b
1 2 4 8 16 24 48 96 192 384 400 404 808 b
1 2 4 8 16 24 48 96 192 384 400 408 808 b
1 2 4 8 16 24 48 96 192 384 400 424 808 b
1 2 4 8 16 24 48 96 192 384 400 784 808 b
1 2 4 8 16 24 48 96 192 384 400 800 808 b
1 2 4 8 16 24 48 96 192 384 408 424 808 b
1 2 4 8 16 24 48 96 192 384 408 792 808 b
1 2 4 8 16 24 48 96 192 384 768 784 808 b
1 2 4 8 16 24 48 96 192 384 768 792 808 b
1 2 4 8 16 32 33 34 67 101 202 404 808 b
1 2 4 8 16 32 33 34 68 101 202 404 808 b
1 2 4 8 16 32 33 35 66 101 202 404 808 a
1 2 4 8 16 32 33 35 68 101 202 404 808 b
1 2 4 8 16 32 33 36 65 101 202 404 808 a
1 2 4 8 16 32 33 36 68 101 202 404 808 a
1 2 4 8 16 32 33 36 69 101 202 404 808 a
1 2 4 8 16 32 33 37 64 101 202 404 808 a
1 2 4 8 16 32 33 37 69 101 202 404 808 b
1 2 4 8 16 32 33 64 68 101 202 404 808 a
1 2 4 8 16 32 33 64 97 101 202 404 808 a
1 2 4 8 16 32 33 64 97 105 202 404 808 a
1 2 4 8 16 32 33 64 97 194 202 404 808 a
1 2 4 8 16 32 33 64 97 194 210 404 808 a
1 2 4 8 16 32 33 64 97 194 388 404 808 a
1 2 4 8 16 32 33 64 97 194 388 420 808 a
1 2 4 8 16 32 33 64 97 194 388 776 808 a
1 2 4 8 16 32 33 65 69 101 202 404 808 b
1 2 4 8 16 32 33 65 97 101 202 404 808 b
1 2 4 8 16 32 33 65 97 105 202 404 808 b
1 2 4 8 16 32 33 65 97 194 202 404 808 b
1 2 4 8 16 32 33 65 97 194 210 404 808 b
1 2 4 8 16 32 33 65 97 194 388 404 808 b
1 2 4 8 16 32 33 65 97 194 388 420 808 b
1 2 4 8 16 32 33 65 97 194 388 776 808 b
1 2 4 8 16 32 33 66 68 101 202 404 808 b
1 2 4 8 16 32 33 66 68 134 202 404 808 b
1 2 4 8 16 32 33 66 68 136 202 404 808 b
1 2 4 8 16 32 33 66 70 132 202 404 808 a
1 2 4 8 16 32 33 66 70 136 202 404 808 b
1 2 4 8 16 32 33 66 99 101 202 404 808 b
1 2 4 8 16 32 33 66 99 103 202 404 808 b
1 2 4 8 16 32 33 66 99 198 202 404 808 b
1 2 4 8 16 32 33 66 99 198 206 404 808 b
1 2 4 8 16 32 33 66 99 198 396 404 808 b
1 2 4 8 16 32 33 66 99 198 396 412 808 b
1 2 4 8 16 32 33 66 99 198 396 792 808 b
1 2 4 8 16 32 33 66 132 136 202 404 808 b
1 2 4 8 16 32 33 66 132 136 268 404 808 b
1 2 4 8 16 32 33 66 132 136 272 404 808 b
1 2 4 8 16 32 33 66 132 140 264 404 808 a
1 2 4 8 16 32 33 66 132 140 272 404 808 b
1 2 4 8 16 32 33 66 132 198 202 404 808 b
1 2 4 8 16 32 33 66 132 198 206 404 808 b
1 2 4 8 16 32 33 66 132 198 396 404 808 b
1 2 4 8 16 32 33 66 132 198 396 412 808 b
1 2 4 8 16 32 33 66 132 198 396 792 808 b
1 2 4 8 16 32 33 66 132 264 272 404 808 b
1 2 4 8 16 32 33 66 132 264 272 536 808 b
1 2 4 8 16 32 33 66 132 264 272 544 808 b
1 2 4 8 16 32 33 66 132 264 280 528 808 a
1 2 4 8 16 32 33 66 132 264 280 544 808 b
1 2 4 8 16 32 33 66 132 264 396 404 808 b
1 2 4 8 16 32 33 66 132 264 396 412 808 b
1 2 4 8 16 32 33 66 132 264 396 792 808 b
1 2 4 8 16 32 33 66 132 264 528 544 808 b
1 2 4 8 16 32 33 66 132 264 528 792 808 b
1 2 4 8 16 32 34 35 66 101 202 404 808 a
1 2 4 8 16 32 34 35 67 101 202 404 808 b
1 2 4 8 16 32 34 35 69 101 202 404 808 b
1 2 4 8 16 32 34 42 84 118 202 404 808 b
1 2 4 8 16 32 34 42 84 168 202 404 808 b
1 2 4 8 16 32 34 50 51 101 202 404 808 b
1 2 4 8 16 32 34 50 84 118 202 404 808 b
1 2 4 8 16 32 34 50 84 168 202 404 808 b
1 2 4 8 16 32 34 50 100 101 202 404 808 b
1 2 4 8 16 32 34 50 100 102 202 404 808 b
1 2 4 8 16 32 34 50 100 200 202 404 808 b
1 2 4 8 16 32 34 50 100 200 204 404 808 b
1 2 4 8 16 32 34 50 100 200 400 404 808 b
1 2 4 8 16 32 34 50 100 200 400 408 808 b
1 2 4 8 16 32 34 50 100 200 400 800 808 b
1 2 4 8 16 32 34 66 67 101 202 404 808 b
1 2 4 8 16 32 34 66 68 134 202 404 808 b
1 2 4 8 16 32 34 66 68 136 202 404 808 b
1 2 4 8 16 32 34 66 70 132 202 404 808 a
1 2 4 8 16 32 34 66 70 136 202 404 808 b
1 2 4 8 16 32 34 66 100 101 202 404 808 b
1 2 4 8 16 32 34 66 100 102 202 404 808 b
1 2 4 8 16 32 34 66 100 200 202 404 808 b
1 2 4 8 16 32 34 66 100 200 204 404 808 b
1 2 4 8 16 32 34 66 100 200 400 404 808 b
1 2 4 8 16 32 34 66 100 200 400 408 808 b
1 2 4 8 16 32 34 66 100 200 400 800 808 b
1 2 4 8 16 32 34 66 132 136 202 404 808 b
1 2 4 8 16 32 34 66 132 136 268 404 808 b
1 2 4 8 16 32 34 66 132 136 272 404 808 b
1 2 4 8 16 32 34 66 132 140 264 404 808 a
1 2 4 8 16 32 34 66 132 140 272 404 808 b
1 2 4 8 16 32 34 66 132 198 202 404 808 b
1 2 4 8 16 32 34 66 132 198 206 404 808 b
1 2 4 8 16 32 34 66 132 198 396 404 808 b
1 2 4 8 16 32 34 66 132 198 396 412 808 b
1 2 4 8 16 32 34 66 132 198 396 792 808 b
1 2 4 8 16 32 34 66 132 264 272 404 808 b
1 2 4 8 16 32 34 66 132 264 272 536 808 b
1 2 4 8 16 32 34 66 132 264 272 544 808 b
1 2 4 8 16 32 34 66 132 264 280 528 808 a
1 2 4 8 16 32 34 66 132 264 280 544 808 b
1 2 4 8 16 32 34 66 132 264 396 404 808 b
1 2 4 8 16 32 34 66 132 264 396 412 808 b
1 2 4 8 16 32 34 66 132 264 396 792 808 b
1 2 4 8 16 32 34 66 132 264 528 544 808 b
1 2 4 8 16 32 34 66 132 264 528 792 808 b
1 2 4 8 16 32 34 68 69 101 202 404 808 b
1 2 4 8 16 32 34 68 84 118 202 404 808 b
1 2 4 8 16 32 34 68 84 168 202 404 808 b
1 2 4 8 16 32 34 68 84 168 236 404 808 b
1 2 4 8 16 32 34 68 84 168 336 404 808 b
1 2 4 8 16 32 34 68 100 101 202 404 808 b
1 2 4 8 16 32 34 68 100 102 202 404 808 b
1 2 4 8 16 32 34 68 100 134 202 404 808 b
1 2 4 8 16 32 34 68 100 168 202 404 808 b
1 2 4 8 16 32 34 68 100 168 236 404 808 b
1 2 4 8 16 32 34 68 100 168 336 404 808 b
1 2 4 8 16 32 34 68 100 200 202 404 808 b
1 2 4 8 16 32 34 68 100 200 204 404 808 b
1 2 4 8 16 32 34 68 100 200 400 404 808 b
1 2 4 8 16 32 34 68 100 200 400 408 808 b
1 2 4 8 16 32 34 68 100 200 400 800 808 b
1 2 4 8 16 32 34 68 102 134 202 404 808 b
1 2 4 8 16 32 34 68 102 170 202 404 808 b
1 2 4 8 16 32 34 68 136 168 202 404 808 b
1 2 4 8 16 32 34 68 136 168 236 404 808 b
1 2 4 8 16 32 34 68 136 168 336 404 808 b
1 2 4 8 16 32 34 68 136 168 336 472 808 b
1 2 4 8 16 32 34 68 136 168 336 672 808 b
1 2 4 8 16 32 34 68 136 170 202 404 808 b
1 2 4 8 16 32 36 37 64 101 202 404 808 a
1 2 4 8 16 32 36 37 69 101 202 404 808 b
1 2 4 8 16 32 36 52 88 176 228 404 808 b
1 2 4 8 16 32 36 52 88 176 352 404 808 b
1 2 4 8 16 32 36 64 65 101 202 404 808 a
1 2 4 8 16 32 36 64 100 101 202 404 808 a
1 2 4 8 16 32 36 64 100 102 202 404 808 a
1 2 4 8 16 32 36 64 100 200 202 404 808 a
1 2 4 8 16 32 36 64 100 200 204 404 808 a
1 2 4 8 16 32 36 64 100 200 400 404 808 a
1 2 4 8 16 32 36 64 100 200 400 408 808 a
1 2 4 8 16 32 36 64 100 200 400 800 808 a
1 2 4 8 16 32 36 68 69 101 202 404 808 b
1 2 4 8 16 32 36 68 84 168 236 404 808 b
1 2 4 8 16 32 36 68 84 168 336 404 808 b
1 2 4 8 16 32 36 68 100 101 202 404 808 b
1 2 4 8 16 32 36 68 100 102 202 404 808 b
1 2 4 8 16 32 36 68 100 168 236 404 808 b
1 2 4 8 16 32 36 68 100 168 336 404 808 b
1 2 4 8 16 32 36 68 100 200 202 404 808 b
1 2 4 8 16 32 36 68 100 200 204 404 808 b
1 2 4 8 16 32 36 68 100 200 400 404 808 b
1 2 4 8 16 32 36 68 100 200 400 408 808 b
1 2 4 8 16 32 36 68 100 200 400 800 808 b
1 2 4 8 16 32 36 68 136 168 236 404 808 b
1 2 4 8 16 32 36 68 136 168 336 404 808 b
1 2 4 8 16 32 36 68 136 168 336 472 808 b
1 2 4 8 16 32 36 68 136 168 336 672 808 b
1 2 4 8 16 32 36 72 104 176 352 456 808 b
1 2 4 8 16 32 36 72 104 176 352 704 808 b
1 2 4 8 16 32 40 41 81 121 202 404 808 b
1 2 4 8 16 32 40 41 81 162 202 404 808 b
1 2 4 8 16 32 40 42 80 122 202 404 808 a
1 2 4 8 16 32 40 42 80 160 202 404 808 a
1 2 4 8 16 32 40 48 96 192 384 424 808 b
1 2 4 8 16 32 40 48 96 192 384 768 808 b
1 2 4 8 16 32 40 56 96 192 384 424 808 b
1 2 4 8 16 32 40 56 96 192 384 768 808 b
1 2 4 8 16 32 40 64 96 192 384 424 808 a
1 2 4 8 16 32 40 64 96 192 384 768 808 a
1 2 4 8 16 32 40 64 128 192 384 424 808 a
1 2 4 8 16 32 40 64 128 192 384 768 808 a
1 2 4 8 16 32 40 64 128 256 296 512 808 a
1 2 4 8 16 32 40 64 128 256 296 552 808 a
1 2 4 8 16 32 40 64 128 256 384 424 808 a
1 2 4 8 16 32 40 64 128 256 384 768 808 a
1 2 4 8 16 32 40 64 128 256 512 552 808 a
1 2 4 8 16 32 40 64 128 256 512 768 808 a
1 2 4 8 16 32 40 72 104 176 352 456 808 b
1 2 4 8 16 32 40 72 104 176 352 704 808 b
1 2 4 8 16 32 40 72 112 184 368 440 808 b
1 2 4 8 16 32 40 72 112 184 368 736 808 b
1 2 4 8 16 32 40 72 144 184 368 440 808 b
1 2 4 8 16 32 40 72 144 184 368 736 808 b
1 2 4 8 16 32 40 80 81 121 202 404 808 b
1 2 4 8 16 32 40 80 81 162 202 404 808 b
1 2 4 8 16 32 40 80 81 162 242 404 808 b
1 2 4 8 16 32 40 80 81 162 324 404 808 b
1 2 4 8 16 32 40 80 82 120 202 404 808 a
1 2 4 8 16 32 40 80 82 122 202 404 808 b
1 2 4 8 16 32 40 80 82 162 202 404 808 b
1 2 4 8 16 32 40 80 82 162 242 404 808 b
1 2 4 8 16 32 40 80 82 162 324 404 808 b
1 2 4 8 16 32 40 80 84 160 244 404 808 a
1 2 4 8 16 32 40 80 84 160 320 404 808 a
1 2 4 8 16 32 40 80 96 192 384 424 808 b
1 2 4 8 16 32 40 80 96 192 384 768 808 b
1 2 4 8 16 32 40 80 112 192 384 424 808 b
1 2 4 8 16 32 40 80 112 192 384 768 808 b
1 2 4 8 16 32 40 80 120 122 202 404 808 b
1 2 4 8 16 32 40 80 120 200 202 404 808 b
1 2 4 8 16 32 40 80 120 200 204 404 808 b
1 2 4 8 16 32 40 80 120 200 400 404 808 b
1 2 4 8 16 32 40 80 120 200 400 408 808 b
1 2 4 8 16 32 40 80 120 200 400 800 808 b
1 2 4 8 16 32 40 80 160 162 202 404 808 b
1 2 4 8 16 32 40 80 160 162 242 404 808 b
1 2 4 8 16 32 40 80 160 162 324 404 808 b
1 2 4 8 16 32 40 80 160 162 324 484 808 b
1 2 4 8 16 32 40 80 160 162 324 648 808 b
1 2 4 8 16 32 40 80 160 164 240 404 808 a
1 2 4 8 16 32 40 80 160 164 244 404 808 b
1 2 4 8 16 32 40 80 160 164 324 404 808 b
1 2 4 8 16 32 40 80 160 164 324 484 808 b
1 2 4 8 16 32 40 80 160 164 324 648 808 b
1 2 4 8 16 32 40 80 160 168 320 488 808 a
1 2 4 8 16 32 40 80 160 168 320 640 808 a
1 2 4 8 16 32 40 80 160 192 384 424 808 b
1 2 4 8 16 32 40 80 160 192 384 768 808 b
1 2 4 8 16 32 40 80 160 200 202 404 808 b
1 2 4 8 16 32 40 80 160 200 204 404 808 b
1 2 4 8 16 32 40 80 160 200 400 404 808 b
1 2 4 8 16 32 40 80 160 200 400 408 808 b
1 2 4 8 16 32 40 80 160 200 400 800 808 b
1 2 4 8 16 32 40 80 160 240 244 404 808 b
1 2 4 8 16 32 40 80 160 240 400 404 808 b
1 2 4 8 16 32 40 80 160 240 400 408 808 b
1 2 4 8 16 32 40 80 160 240 400 800 808 b
1 2 4 8 16 32 40 80 160 320 324 404 808 b
1 2 4 8 16 32 40 80 160 320 324 484 808 b
1 2 4 8 16 32 40 80 160 320 324 648 808 b
1 2 4 8 16 32 40 80 160 320 328 480 808 a
1 2 4 8 16 32 40 80 160 320 328 488 808 b
1 2 4 8 16 32 40 80 160 320 328 648 808 b
1 2 4 8 16 32 40 80 160 320 400 404 808 b
1 2 4 8 16 32 40 80 160 320 400 408 808 b
1 2 4 8 16 32 40 80 160 320 400 800 808 b
1 2 4 8 16 32 40 80 160 320 480 488 808 b
1 2 4 8 16 32 40 80 160 320 480 800 808 b
1 2 4 8 16 32 40 80 160 320 640 648 808 b
1 2 4 8 16 32 40 80 160 320 640 800 808 b
1 2 4 8 16 32 48 49 52 101 202 404 808 a
1 2 4 8 16 32 48 49 53 101 202 404 808 b
1 2 4 8 16 32 48 49 97 101 202 404 808 b
1 2 4 8 16 32 48 49 97 105 202 404 808 b
1 2 4 8 16 32 48 49 97 194 202 404 808 b
1 2 4 8 16 32 48 49 97 194 210 404 808 b
1 2 4 8 16 32 48 49 97 194 388 404 808 b
1 2 4 8 16 32 48 49 97 194 388 420 808 b
1 2 4 8 16 32 48 49 97 194 388 776 808 b
1 2 4 8 16 32 48 50 51 101 202 404 808 b
1 2 4 8 16 32 48 50 100 101 202 404 808 b
1 2 4 8 16 32 48 50 100 102 202 404 808 b
1 2 4 8 16 32 48 50 100 200 202 404 808 b
1 2 4 8 16 32 48 50 100 200 204 404 808 b
1 2 4 8 16 32 48 50 100 200 400 404 808 b
1 2 4 8 16 32 48 50 100 200 400 408 808 b
1 2 4 8 16 32 48 50 100 200 400 800 808 b
1 2 4 8 16 32 48 52 53 101 202 404 808 b
1 2 4 8 16 32 48 52 100 101 202 404 808 b
1 2 4 8 16 32 48 52 100 102 202 404 808 b
1 2 4 8 16 32 48 52 100 152 252 404 808 b
1 2 4 8 16 32 48 52 100 152 304 404 808 b
1 2 4 8 16 32 48 52 100 200 202 404 808 b
1 2 4 8 16 32 48 52 100 200 204 404 808 b
1 2 4 8 16 32 48 52 100 200 400 404 808 b
1 2 4 8 16 32 48 52 100 200 400 408 808 b
1 2 4 8 16 32 48 52 100 200 400 800 808 b
1 2 4 8 16 32 48 80 81 162 242 404 808 b
1 2 4 8 16 32 48 80 81 162 324 404 808 b
1 2 4 8 16 32 48 80 82 162 242 404 808 b
1 2 4 8 16 32 48 80 82 162 324 404 808 b
1 2 4 8 16 32 48 80 84 160 244 404 808 a
1 2 4 8 16 32 48 80 84 160 320 404 808 a
1 2 4 8 16 32 48 80 160 162 242 404 808 b
1 2 4 8 16 32 48 80 160 162 324 404 808 b
1 2 4 8 16 32 48 80 160 162 324 484 808 b
1 2 4 8 16 32 48 80 160 162 324 648 808 b
1 2 4 8 16 32 48 80 160 164 240 404 808 a
1 2 4 8 16 32 48 80 160 164 244 404 808 b
1 2 4 8 16 32 48 80 160 164 324 404 808 b
1 2 4 8 16 32 48 80 160 164 324 484 808 b
1 2 4 8 16 32 48 80 160 164 324 648 808 b
1 2 4 8 16 32 48 80 160 168 320 488 808 a
1 2 4 8 16 32 48 80 160 168 320 640 808 a
1 2 4 8 16 32 48 80 160 240 244 404 808 b
1 2 4 8 16 32 48 80 160 240 400 404 808 b
1 2 4 8 16 32 48 80 160 240 400 408 808 b
1 2 4 8 16 32 48 80 160 240 400 800 808 b
1 2 4 8 16 32 48 80 160 320 324 404 808 b
1 2 4 8 16 32 48 80 160 320 324 484 808 b
1 2 4 8 16 32 48 80 160 320 324 648 808 b
1 2 4 8 16 32 48 80 160 320 328 480 808 a
1 2 4 8 16 32 48 80 160 320 328 488 808 b
1 2 4 8 16 32 48 80 160 320 328 648 808 b
1 2 4 8 16 32 48 80 160 320 400 404 808 b
1 2 4 8 16 32 48 80 160 320 400 408 808 b
1 2 4 8 16 32 48 80 160 320 400 800 808 b
1 2 4 8 16 32 48 80 160 320 480 488 808 b
1 2 4 8 16 32 48 80 160 320 480 800 808 b
1 2 4 8 16 32 48 80 160 320 640 648 808 b
1 2 4 8 16 32 48 80 160 320 640 800 808 b
1 2 4 8 16 32 48 96 97 101 202 404 808 b
1 2 4 8 16 32 48 96 97 105 202 404 808 b
1 2 4 8 16 32 48 96 97 194 202 404 808 b
1 2 4 8 16 32 48 96 97 194 210 404 808 b
1 2 4 8 16 32 48 96 97 194 388 404 808 b
1 2 4 8 16 32 48 96 97 194 388 420 808 b
1 2 4 8 16 32 48 96 97 194 388 776 808 b
1 2 4 8 16 32 48 96 98 104 202 404 808 a
1 2 4 8 16 32 48 96 98 106 202 404 808 b
1 2 4 8 16 32 48 96 98 194 202 404 808 b
1 2 4 8 16 32 48 96 98 194 210 404 808 b
1 2 4 8 16 32 48 96 98 194 388 404 808 b
1 2 4 8 16 32 48 96 98 194 388 420 808 b
1 2 4 8 16 32 48 96 98 194 388 776 808 b
1 2 4 8 16 32 48 96 100 101 202 404 808 b
1 2 4 8 16 32 48 96 100 102 202 404 808 b
1 2 4 8 16 32 48 96 100 200 202 404 808 b
1 2 4 8 16 32 48 96 100 200 204 404 808 b
1 2 4 8 16 32 48 96 100 200 400 404 808 b
1 2 4 8 16 32 48 96 100 200 400 408 808 b
1 2 4 8 16 32 48 96 100 200 400 800 808 b
1 2 4 8 16 32 48 96 104 106 202 404 808 b
1 2 4 8 16 32 48 96 104 200 202 404 808 b
1 2 4 8 16 32 48 96 104 200 204 404 808 b
1 2 4 8 16 32 48 96 104 200 304 504 808 b
1 2 4 8 16 32 48 96 104 200 304 608 808 b
1 2 4 8 16 32 48 96 104 200 400 404 808 b
1 2 4 8 16 32 48 96 104 200 400 408 808 b
1 2 4 8 16 32 48 96 104 200 400 800 808 b
1 2 4 8 16 32 48 96 192 194 202 404 808 b
1 2 4 8 16 32 48 96 192 194 210 404 808 b
1 2 4 8 16 32 48 96 192 194 388 404 808 b
1 2 4 8 16 32 48 96 192 194 388 420 808 b
1 2 4 8 16 32 48 96 192 194 388 776 808 b
1 2 4 8 16 32 48 96 192 196 208 404 808 a
1 2 4 8 16 32 48 96 192 196 212 404 808 b
1 2 4 8 16 32 48 96 192 196 388 404 808 b
1 2 4 8 16 32 48 96 192 196 388 420 808 b
1 2 4 8 16 32 48 96 192 196 388 776 808 b
1 2 4 8 16 32 48 96 192 200 202 404 808 b
1 2 4 8 16 32 48 96 192 200 204 404 808 b
1 2 4 8 16 32 48 96 192 200 400 404 808 b
1 2 4 8 16 32 48 96 192 200 400 408 808 b
1 2 4 8 16 32 48 96 192 200 400 800 808 b
1 2 4 8 16 32 48 96 192 208 212 404 808 b
1 2 4 8 16 32 48 96 192 208 400 404 808 b
1 2 4 8 16 32 48 96 192 208 400 408 808 b
1 2 4 8 16 32 48 96 192 208 400 800 808 b
1 2 4 8 16 32 48 96 192 384 388 404 808 b
1 2 4 8 16 32 48 96 192 384 388 420 808 b
1 2 4 8 16 32 48 96 192 384 388 776 808 b
1 2 4 8 16 32 48 96 192 384 392 416 808 a
1 2 4 8 16 32 48 96 192 384 392 424 808 b
1 2 4 8 16 32 48 96 192 384 392 776 808 b
1 2 4 8 16 32 48 96 192 384 400 404 808 b
1 2 4 8 16 32 48 96 192 384 400 408 808 b
1 2 4 8 16 32 48 96 192 384 400 800 808 b
1 2 4 8 16 32 48 96 192 384 416 424 808 b
1 2 4 8 16 32 48 96 192 384 416 800 808 b
1 2 4 8 16 32 48 96 192 384 768 776 808 b
1 2 4 8 16 32 48 96 192 384 768 800 808 b
1 2 4 8 16 32 64 65 69 101 202 404 808 b
1 2 4 8 16 32 64 65 69 133 202 404 808 b
1 2 4 8 16 32 64 65 69 138 202 404 808 b
1 2 4 8 16 32 64 65 72 130 202 404 808 a
1 2 4 8 16 32 64 65 72 137 202 404 808 a
1 2 4 8 16 32 64 65 73 129 202 404 808 a
1 2 4 8 16 32 64 65 73 137 202 404 808 b
1 2 4 8 16 32 64 65 73 138 202 404 808 b
1 2 4 8 16 32 64 65 97 101 202 404 808 b
1 2 4 8 16 32 64 65 97 105 202 404 808 b
1 2 4 8 16 32 64 65 97 194 202 404 808 b
1 2 4 8 16 32 64 65 97 194 210 404 808 b
1 2 4 8 16 32 64 65 97 194 388 404 808 b
1 2 4 8 16 32 64 65 97 194 388 420 808 b
1 2 4 8 16 32 64 65 97 194 388 776 808 b
1 2 4 8 16 32 64 65 129 137 202 404 808 b
1 2 4 8 16 32 64 65 129 194 202 404 808 b
1 2 4 8 16 32 64 65 129 194 210 404 808 b
1 2 4 8 16 32 64 65 129 194 388 404 808 b
1 2 4 8 16 32 64 65 129 194 388 420 808 b
1 2 4 8 16 32 64 65 129 194 388 776 808 b
1 2 4 8 16 32 64 65 130 138 202 404 808 b
1 2 4 8 16 32 64 65 130 194 202 404 808 b
1 2 4 8 16 32 64 65 130 194 210 404 808 b
1 2 4 8 16 32 64 65 130 194 388 404 808 b
1 2 4 8 16 32 64 65 130 194 388 420 808 b
1 2 4 8 16 32 64 65 130 194 388 776 808 b
1 2 4 8 16 32 64 66 68 134 202 404 808 b
1 2 4 8 16 32 64 66 68 136 202 404 808 b
1 2 4 8 16 32 64 66 70 132 202 404 808 a
1 2 4 8 16 32 64 66 70 136 202 404 808 b
1 2 4 8 16 32 64 66 72 130 202 404 808 a
1 2 4 8 16 32 64 66 72 136 202 404 808 a
1 2 4 8 16 32 64 66 72 138 202 404 808 a
1 2 4 8 16 32 64 66 74 128 202 404 808 a
1 2 4 8 16 32 64 66 74 138 202 404 808 b
1 2 4 8 16 32 64 66 128 136 202 404 808 a
1 2 4 8 16 32 64 66 128 194 202 404 808 a
1 2 4 8 16 32 64 66 128 194 210 404 808 a
1 2 4 8 16 32 64 66 128 194 388 404 808 a
1 2 4 8 16 32 64 66 128 194 388 420 808 a
1 2 4 8 16 32 64 66 128 194 388 776 808 a
1 2 4 8 16 32 64 66 130 138 202 404 808 b
1 2 4 8 16 32 64 66 130 194 202 404 808 b
1 2 4 8 16 32 64 66 130 194 210 404 808 b
1 2 4 8 16 32 64 66 130 194 388 404 808 b
1 2 4 8 16 32 64 66 130 194 388 420 808 b
1 2 4 8 16 32 64 66 130 194 388 776 808 b
1 2 4 8 16 32 64 66 132 136 202 404 808 b
1 2 4 8 16 32 64 66 132 136 268 404 808 b
1 2 4 8 16 32 64 66 132 136 272 404 808 b
1 2 4 8 16 32 64 66 132 140 264 404 808 a
1 2 4 8 16 32 64 66 132 140 272 404 808 b
1 2 4 8 16 32 64 66 132 198 202 404 808 b
1 2 4 8 16 32 64 66 132 198 206 404 808 b
1 2 4 8 16 32 64 66 132 198 396 404 808 b
1 2 4 8 16 32 64 66 132 198 396 412 808 b
1 2 4 8 16 32 64 66 132 198 396 792 808 b
1 2 4 8 16 32 64 66 132 264 272 404 808 b
1 2 4 8 16 32 64 66 132 264 272 536 808 b
1 2 4 8 16 32 64 66 132 264 272 544 808 b
1 2 4 8 16 32 64 66 132 264 280 528 808 a
1 2 4 8 16 32 64 66 132 264 280 544 808 b
1 2 4 8 16 32 64 66 132 264 396 404 808 b
1 2 4 8 16 32 64 66 132 264 396 412 808 b
1 2 4 8 16 32 64 66 132 264 396 792 808 b
1 2 4 8 16 32 64 66 132 264 528 544 808 b
1 2 4 8 16 32 64 66 132 264 528 792 808 b
1 2 4 8 16 32 64 68 69 101 202 404 808 b
1 2 4 8 16 32 64 68 69 133 202 404 808 b
1 2 4 8 16 32 64 68 69 138 202 404 808 b
1 2 4 8 16 32 64 68 70 132 202 404 808 a
1 2 4 8 16 32 64 68 70 134 202 404 808 b
1 2 4 8 16 32 64 68 70 138 202 404 808 b
1 2 4 8 16 32 64 68 84 168 236 404 808 b
1 2 4 8 16 32 64 68 84 168 336 404 808 b
1 2 4 8 16 32 64 68 100 101 202 404 808 b
1 2 4 8 16 32 64 68 100 102 202 404 808 b
1 2 4 8 16 32 64 68 100 168 236 404 808 b
1 2 4 8 16 32 64 68 100 168 336 404 808 b
1 2 4 8 16 32 64 68 100 200 202 404 808 b
1 2 4 8 16 32 64 68 100 200 204 404 808 b
1 2 4 8 16 32 64 68 100 200 400 404 808 b
1 2 4 8 16 32 64 68 100 200 400 408 808 b
1 2 4 8 16 32 64 68 100 200 400 800 808 b
1 2 4 8 16 32 64 68 132 134 202 404 808 b
1 2 4 8 16 32 64 68 132 136 268 404 808 b
1 2 4 8 16 32 64 68 132 136 272 404 808 b
1 2 4 8 16 32 64 68 132 140 264 404 808 a
1 2 4 8 16 32 64 68 132 140 272 404 808 b
1 2 4 8 16 32 64 68 132 200 202 404 808 b
1 2 4 8 16 32 64 68 132 200 204 404 808 b
1 2 4 8 16 32 64 68 132 200 400 404 808 b
1 2 4 8 16 32 64 68 132 200 400 408 808 b
1 2 4 8 16 32 64 68 132 200 400 800 808 b
1 2 4 8 16 32 64 68 132 264 272 404 808 b
1 2 4 8 16 32 64 68 132 264 272 536 808 b
1 2 4 8 16 32 64 68 132 264 272 544 808 b
1 2 4 8 16 32 64 68 132 264 280 528 808 a
1 2 4 8 16 32 64 68 132 264 280 544 808 b
1 2 4 8 16 32 64 68 132 264 396 404 808 b
1 2 4 8 16 32 64 68 132 264 396 412 808 b
1 2 4 8 16 32 64 68 132 264 396 792 808 b
1 2 4 8 16 32 64 68 132 264 528 544 808 b
1 2 4 8 16 32 64 68 132 264 528 792 808 b
1 2 4 8 16 32 64 68 136 138 202 404 808 b
1 2 4 8 16 32 64 68 136 168 236 404 808 b
1 2 4 8 16 32 64 68 136 168 336 404 808 b
1 2 4 8 16 32 64 68 136 168 336 472 808 b
1 2 4 8 16 32 64 68 136 168 336 672 808 b
1 2 4 8 16 32 64 68 136 200 202 404 808 b
1 2 4 8 16 32 64 68 136 200 204 404 808 b
1 2 4 8 16 32 64 68 136 200 268 404 808 b
1 2 4 8 16 32 64 68 136 200 336 404 808 b
1 2 4 8 16 32 64 68 136 200 336 472 808 b
1 2 4 8 16 32 64 68 136 200 336 672 808 b
1 2 4 8 16 32 64 68 136 200 400 404 808 b
1 2 4 8 16 32 64 68 136 200 400 408 808 b
1 2 4 8 16 32 64 68 136 200 400 800 808 b
1 2 4 8 16 32 64 68 136 204 268 404 808 b
1 2 4 8 16 32 64 68 136 204 340 404 808 b
1 2 4 8 16 32 64 68 136 272 336 404 808 b
1 2 4 8 16 32 64 68 136 272 336 472 808 b
1 2 4 8 16 32 64 68 136 272 336 672 808 b
1 2 4 8 16 32 64 68 136 272 340 404 808 b
1 2 4 8 16 32 64 72 74 128 202 404 808 a
1 2 4 8 16 32 64 72 74 138 202 404 808 b
1 2 4 8 16 32 64 72 104 176 352 456 808 b
1 2 4 8 16 32 64 72 104 176 352 704 808 b
1 2 4 8 16 32 64 72 128 130 202 404 808 a
1 2 4 8 16 32 64 72 128 200 202 404 808 a
1 2 4 8 16 32 64 72 128 200 204 404 808 a
1 2 4 8 16 32 64 72 128 200 400 404 808 a
1 2 4 8 16 32 64 72 128 200 400 408 808 a
1 2 4 8 16 32 64 72 128 200 400 800 808 a
1 2 4 8 16 32 64 72 136 138 202 404 808 b
1 2 4 8 16 32 64 72 136 168 336 472 808 b
1 2 4 8 16 32 64 72 136 168 336 672 808 b
1 2 4 8 16 32 64 72 136 200 202 404 808 b
1 2 4 8 16 32 64 72 136 200 204 404 808 b
1 2 4 8 16 32 64 72 136 200 336 472 808 b
1 2 4 8 16 32 64 72 136 200 336 672 808 b
1 2 4 8 16 32 64 72 136 200 400 404 808 b
1 2 4 8 16 32 64 72 136 200 400 408 808 b
1 2 4 8 16 32 64 72 136 200 400 800 808 b
1 2 4 8 16 32 64 72 136 272 336 472 808 b
1 2 4 8 16 32 64 72 136 272 336 672 808 b
1 2 4 8 16 32 64 80 81 162 242 404 808 b
1 2 4 8 16 32 64 80 81 162 324 404 808 b
1 2 4 8 16 32 64 80 82 162 242 404 808 b
1 2 4 8 16 32 64 80 82 162 324 404 808 b
1 2 4 8 16 32 64 80 84 160 244 404 808 a
1 2 4 8 16 32 64 80 84 160 320 404 808 a
1 2 4 8 16 32 64 80 160 162 242 404 808 b
1 2 4 8 16 32 64 80 160 162 324 404 808 b
1 2 4 8 16 32 64 80 160 162 324 484 808 b
1 2 4 8 16 32 64 80 160 162 324 648 808 b
1 2 4 8 16 32 64 80 160 164 240 404 808 a
1 2 4 8 16 32 64 80 160 164 244 404 808 b
1 2 4 8 16 32 64 80 160 164 324 404 808 b
1 2 4 8 16 32 64 80 160 164 324 484 808 b
1 2 4 8 16 32 64 80 160 164 324 648 808 b
1 2 4 8 16 32 64 80 160 168 320 488 808 a
1 2 4 8 16 32 64 80 160 168 320 640 808 a
1 2 4 8 16 32 64 80 160 240 244 404 808 b
1 2 4 8 16 32 64 80 160 240 400 404 808 b
1 2 4 8 16 32 64 80 160 240 400 408 808 b
1 2 4 8 16 32 64 80 160 240 400 800 808 b
1 2 4 8 16 32 64 80 160 320 324 404 808 b
1 2 4 8 16 32 64 80 160 320 324 484 808 b
1 2 4 8 16 32 64 80 160 320 324 648 808 b
1 2 4 8 16 32 64 80 160 320 328 480 808 a
1 2 4 8 16 32 64 80 160 320 328 488 808 b
1 2 4 8 16 32 64 80 160 320 328 648 808 b
1 2 4 8 16 32 64 80 160 320 400 404 808 b
1 2 4 8 16 32 64 80 160 320 400 408 808 b
1 2 4 8 16 32 64 80 160 320 400 800 808 b
1 2 4 8 16 32 64 80 160 320 480 488 808 b
1 2 4 8 16 32 64 80 160 320 480 800 808 b
1 2 4 8 16 32 64 80 160 320 640 648 808 b
1 2 4 8 16 32 64 80 160 320 640 800 808 b
1 2 4 8 16 32 64 96 97 101 202 404 808 b
1 2 4 8 16 32 64 96 97 105 202 404 808 b
1 2 4 8 16 32 64 96 97 194 202 404 808 b
1 2 4 8 16 32 64 96 97 194 210 404 808 b
1 2 4 8 16 32 64 96 97 194 388 404 808 b
1 2 4 8 16 32 64 96 97 194 388 420 808 b
1 2 4 8 16 32 64 96 97 194 388 776 808 b
1 2 4 8 16 32 64 96 98 104 202 404 808 a
1 2 4 8 16 32 64 96 98 106 202 404 808 b
1 2 4 8 16 32 64 96 98 194 202 404 808 b
1 2 4 8 16 32 64 96 98 194 210 404 808 b
1 2 4 8 16 32 64 96 98 194 388 404 808 b
1 2 4 8 16 32 64 96 98 194 388 420 808 b
1 2 4 8 16 32 64 96 98 194 388 776 808 b
1 2 4 8 16 32 64 96 100 101 202 404 808 b
1 2 4 8 16 32 64 96 100 102 202 404 808 b
1 2 4 8 16 32 64 96 100 200 202 404 808 b
1 2 4 8 16 32 64 96 100 200 204 404 808 b
1 2 4 8 16 32 64 96 100 200 400 404 808 b
1 2 4 8 16 32 64 96 100 200 400 408 808 b
1 2 4 8 16 32 64 96 100 200 400 800 808 b
1 2 4 8 16 32 64 96 104 106 202 404 808 b
1 2 4 8 16 32 64 96 104 200 202 404 808 b
1 2 4 8 16 32 64 96 104 200 204 404 808 b
1 2 4 8 16 32 64 96 104 200 304 504 808 b
1 2 4 8 16 32 64 96 104 200 304 608 808 b
1 2 4 8 16 32 64 96 104 200 400 404 808 b
1 2 4 8 16 32 64 96 104 200 400 408 808 b
1 2 4 8 16 32 64 96 104 200 400 800 808 b
1 2 4 8 16 32 64 96 160 162 324 484 808 b
1 2 4 8 16 32 64 96 160 162 324 648 808 b
1 2 4 8 16 32 64 96 160 164 324 484 808 b
1 2 4 8 16 32 64 96 160 164 324 648 808 b
1 2 4 8 16 32 64 96 160 168 320 488 808 a
1 2 4 8 16 32 64 96 160 168 320 640 808 a
1 2 4 8 16 32 64 96 160 320 324 484 808 b
1 2 4 8 16 32 64 96 160 320 324 648 808 b
1 2 4 8 16 32 64 96 160 320 328 480 808 a
1 2 4 8 16 32 64 96 160 320 328 488 808 b
1 2 4 8 16 32 64 96 160 320 328 648 808 b
1 2 4 8 16 32 64 96 160 320 480 488 808 b
1 2 4 8 16 32 64 96 160 320 480 800 808 b
1 2 4 8 16 32 64 96 160 320 640 648 808 b
1 2 4 8 16 32 64 96 160 320 640 800 808 b
1 2 4 8 16 32 64 96 192 194 202 404 808 b
1 2 4 8 16 32 64 96 192 194 210 404 808 b
1 2 4 8 16 32 64 96 192 194 388 404 808 b
1 2 4 8 16 32 64 96 192 194 388 420 808 b
1 2 4 8 16 32 64 96 192 194 388 776 808 b
1 2 4 8 16 32 64 96 192 196 208 404 808 a
1 2 4 8 16 32 64 96 192 196 212 404 808 b
1 2 4 8 16 32 64 96 192 196 388 404 808 b
1 2 4 8 16 32 64 96 192 196 388 420 808 b
1 2 4 8 16 32 64 96 192 196 388 776 808 b
1 2 4 8 16 32 64 96 192 200 202 404 808 b
1 2 4 8 16 32 64 96 192 200 204 404 808 b
1 2 4 8 16 32 64 96 192 200 400 404 808 b
1 2 4 8 16 32 64 96 192 200 400 408 808 b
1 2 4 8 16 32 64 96 192 200 400 800 808 b
1 2 4 8 16 32 64 96 192 208 212 404 808 b
1 2 4 8 16 32 64 96 192 208 400 404 808 b
1 2 4 8 16 32 64 96 192 208 400 408 808 b
1 2 4 8 16 32 64 96 192 208 400 800 808 b
1 2 4 8 16 32 64 96 192 384 388 404 808 b
1 2 4 8 16 32 64 96 192 384 388 420 808 b
1 2 4 8 16 32 64 96 192 384 388 776 808 b
1 2 4 8 16 32 64 96 192 384 392 416 808 a
1 2 4 8 16 32 64 96 192 384 392 424 808 b
1 2 4 8 16 32 64 96 192 384 392 776 808 b
1 2 4 8 16 32 64 96 192 384 400 404 808 b
1 2 4 8 16 32 64 96 192 384 400 408 808 b
1 2 4 8 16 32 64 96 192 384 400 800 808 b
1 2 4 8 16 32 64 96 192 384 416 424 808 b
1 2 4 8 16 32 64 96 192 384 416 800 808 b
1 2 4 8 16 32 64 96 192 384 768 776 808 b
1 2 4 8 16 32 64 96 192 384 768 800 808 b
1 2 4 8 16 32 64 128 130 138 202 404 808 b
1 2 4 8 16 32 64 128 130 138 266 404 808 b
1 2 4 8 16 32 64 128 130 138 276 404 808 b
1 2 4 8 16 32 64 128 130 144 260 404 808 a
1 2 4 8 16 32 64 128 130 144 274 404 808 a
1 2 4 8 16 32 64 128 130 146 258 404 808 a
1 2 4 8 16 32 64 128 130 146 274 404 808 b
1 2 4 8 16 32 64 128 130 146 276 404 808 b
1 2 4 8 16 32 64 128 130 194 202 404 808 b
1 2 4 8 16 32 64 128 130 194 210 404 808 b
1 2 4 8 16 32 64 128 130 194 388 404 808 b
1 2 4 8 16 32 64 128 130 194 388 420 808 b
1 2 4 8 16 32 64 128 130 194 388 776 808 b
1 2 4 8 16 32 64 128 130 258 274 404 808 b
1 2 4 8 16 32 64 128 130 258 388 404 808 b
1 2 4 8 16 32 64 128 130 258 388 420 808 b
1 2 4 8 16 32 64 128 130 258 388 776 808 b
1 2 4 8 16 32 64 128 130 260 276 404 808 b
1 2 4 8 16 32 64 128 130 260 388 404 808 b
1 2 4 8 16 32 64 128 130 260 388 420 808 b
1 2 4 8 16 32 64 128 130 260 388 776 808 b
1 2 4 8 16 32 64 128 132 136 268 404 808 b
1 2 4 8 16 32 64 128 132 136 272 404 808 b
1 2 4 8 16 32 64 128 132 140 264 404 808 a
1 2 4 8 16 32 64 128 132 140 272 404 808 b
1 2 4 8 16 32 64 128 132 144 260 404 808 a
1 2 4 8 16 32 64 128 132 144 272 404 808 a
1 2 4 8 16 32 64 128 132 144 276 404 808 a
1 2 4 8 16 32 64 128 132 148 256 404 808 a
1 2 4 8 16 32 64 128 132 148 276 404 808 b
1 2 4 8 16 32 64 128 132 256 272 404 808 a
1 2 4 8 16 32 64 128 132 256 388 404 808 a
1 2 4 8 16 32 64 128 132 256 388 420 808 a
1 2 4 8 16 32 64 128 132 256 388 776 808 a
1 2 4 8 16 32 64 128 132 260 276 404 808 b
1 2 4 8 16 32 64 128 132 260 388 404 808 b
1 2 4 8 16 32 64 128 132 260 388 420 808 b
1 2 4 8 16 32 64 128 132 260 388 776 808 b
1 2 4 8 16 32 64 128 132 264 272 404 808 b
1 2 4 8 16 32 64 128 132 264 272 536 808 b
1 2 4 8 16 32 64 128 132 264 272 544 808 b
1 2 4 8 16 32 64 128 132 264 280 528 808 a
1 2 4 8 16 32 64 128 132 264 280 544 808 b
1 2 4 8 16 32 64 128 132 264 396 404 808 b
1 2 4 8 16 32 64 128 132 264 396 412 808 b
1 2 4 8 16 32 64 128 132 264 396 792 808 b
1 2 4 8 16 32 64 128 132 264 528 544 808 b
1 2 4 8 16 32 64 128 132 264 528 792 808 b
1 2 4 8 16 32 64 128 136 138 202 404 808 b
1 2 4 8 16 32 64 128 136 138 266 404 808 b
1 2 4 8 16 32 64 128 136 138 276 404 808 b
1 2 4 8 16 32 64 128 136 140 264 404 808 a
1 2 4 8 16 32 64 128 136 140 268 404 808 b
1 2 4 8 16 32 64 128 136 140 276 404 808 b
1 2 4 8 16 32 64 128 136 168 336 472 808 b
1 2 4 8 16 32 64 128 136 168 336 672 808 b
1 2 4 8 16 32 64 128 136 200 202 404 808 b
1 2 4 8 16 32 64 128 136 200 204 404 808 b
1 2 4 8 16 32 64 128 136 200 336 472 808 b
1 2 4 8 16 32 64 128 136 200 336 672 808 b
1 2 4 8 16 32 64 128 136 200 400 404 808 b
1 2 4 8 16 32 64 128 136 200 400 408 808 b
1 2 4 8 16 32 64 128 136 200 400 800 808 b
1 2 4 8 16 32 64 128 136 264 268 404 808 b
1 2 4 8 16 32 64 128 136 264 272 536 808 b
1 2 4 8 16 32 64 128 136 264 272 544 808 b
1 2 4 8 16 32 64 128 136 264 280 528 808 a
1 2 4 8 16 32 64 128 136 264 280 544 808 b
1 2 4 8 16 32 64 128 136 264 400 404 808 b
1 2 4 8 16 32 64 128 136 264 400 408 808 b
1 2 4 8 16 32 64 128 136 264 400 800 808 b
1 2 4 8 16 32 64 128 136 264 528 544 808 b
1 2 4 8 16 32 64 128 136 264 528 792 808 b
1 2 4 8 16 32 64 128 136 272 276 404 808 b
1 2 4 8 16 32 64 128 136 272 336 472 808 b
1 2 4 8 16 32 64 128 136 272 336 672 808 b
1 2 4 8 16 32 64 128 136 272 400 404 808 b
1 2 4 8 16 32 64 128 136 272 400 408 808 b
1 2 4 8 16 32 64 128 136 272 400 536 808 b
1 2 4 8 16 32 64 128 136 272 400 672 808 b
1 2 4 8 16 32 64 128 136 272 400 800 808 b
1 2 4 8 16 32 64 128 136 272 408 536 808 b
1 2 4 8 16 32 64 128 136 272 408 680 808 b
1 2 4 8 16 32 64 128 136 272 544 672 808 b
1 2 4 8 16 32 64 128 136 272 544 680 808 b
1 2 4 8 16 32 64 128 144 148 256 404 808 a
1 2 4 8 16 32 64 128 144 148 276 404 808 b
1 2 4 8 16 32 64 128 144 256 260 404 808 a
1 2 4 8 16 32 64 128 144 256 400 404 808 a
1 2 4 8 16 32 64 128 144 256 400 408 808 a
1 2 4 8 16 32 64 128 144 256 400 800 808 a
1 2 4 8 16 32 64 128 144 272 276 404 808 b
1 2 4 8 16 32 64 128 144 272 400 404 808 b
1 2 4 8 16 32 64 128 144 272 400 408 808 b
1 2 4 8 16 32 64 128 144 272 400 800 808 b
1 2 4 8 16 32 64 128 160 162 324 484 808 b
1 2 4 8 16 32 64 128 160 162 324 648 808 b
1 2 4 8 16 32 64 128 160 164 324 484 808 b
1 2 4 8 16 32 64 128 160 164 324 648 808 b
1 2 4 8 16 32 64 128 160 168 320 488 808 a
1 2 4 8 16 32 64 128 160 168 320 640 808 a
1 2 4 8 16 32 64 128 160 320 324 484 808 b
1 2 4 8 16 32 64 128 160 320 324 648 808 b
1 2 4 8 16 32 64 128 160 320 328 480 808 a
1 2 4 8 16 32 64 128 160 320 328 488 808 b
1 2 4 8 16 32 64 128 160 320 328 648 808 b
1 2 4 8 16 32 64 128 160 320 480 488 808 b
1 2 4 8 16 32 64 128 160 320 480 800 808 b
1 2 4 8 16 32 64 128 160 320 640 648 808 b
1 2 4 8 16 32 64 128 160 320 640 800 808 b
1 2 4 8 16 32 64 128 192 194 202 404 808 b
1 2 4 8 16 32 64 128 192 194 210 404 808 b
1 2 4 8 16 32 64 128 192 194 388 404 808 b
1 2 4 8 16 32 64 128 192 194 388 420 808 b
1 2 4 8 16 32 64 128 192 194 388 776 808 b
1 2 4 8 16 32 64 128 192 196 208 404 808 a
1 2 4 8 16 32 64 128 192 196 212 404 808 b
1 2 4 8 16 32 64 128 192 196 388 404 808 b
1 2 4 8 16 32 64 128 192 196 388 420 808 b
1 2 4 8 16 32 64 128 192 196 388 776 808 b
1 2 4 8 16 32 64 128 192 200 202 404 808 b
1 2 4 8 16 32 64 128 192 200 204 404 808 b
1 2 4 8 16 32 64 128 192 200 400 404 808 b
1 2 4 8 16 32 64 128 192 200 400 408 808 b
1 2 4 8 16 32 64 128 192 200 400 800 808 b
1 2 4 8 16 32 64 128 192 208 212 404 808 b
1 2 4 8 16 32 64 128 192 208 400 404 808 b
1 2 4 8 16 32 64 128 192 208 400 408 808 b
1 2 4 8 16 32 64 128 192 208 400 800 808 b
1 2 4 8 16 32 64 128 192 384 388 404 808 b
1 2 4 8 16 32 64 128 192 384 388 420 808 b
1 2 4 8 16 32 64 128 192 384 388 776 808 b
1 2 4 8 16 32 64 128 192 384 392 416 808 a
1 2 4 8 16 32 64 128 192 384 392 424 808 b
1 2 4 8 16 32 64 128 192 384 392 776 808 b
1 2 4 8 16 32 64 128 192 384 400 404 808 b
1 2 4 8 16 32 64 128 192 384 400 408 808 b
1 2 4 8 16 32 64 128 192 384 400 800 808 b
1 2 4 8 16 32 64 128 192 384 416 424 808 b
1 2 4 8 16 32 64 128 192 384 416 800 808 b
1 2 4 8 16 32 64 128 192 384 768 776 808 b
1 2 4 8 16 32 64 128 192 384 768 800 808 b
1 2 4 8 16 32 64 128 256 260 276 404 808 b
1 2 4 8 16 32 64 128 256 260 276 532 808 b
1 2 4 8 16 32 64 128 256 260 276 552 808 b
1 2 4 8 16 32 64 128 256 260 288 520 808 a
1 2 4 8 16 32 64 128 256 260 288 548 808 a
1 2 4 8 16 32 64 128 256 260 292 516 808 a
1 2 4 8 16 32 64 128 256 260 292 548 808 b
1 2 4 8 16 32 64 128 256 260 292 552 808 b
1 2 4 8 16 32 64 128 256 260 388 404 808 b
1 2 4 8 16 32 64 128 256 260 388 420 808 b
1 2 4 8 16 32 64 128 256 260 388 776 808 b
1 2 4 8 16 32 64 128 256 260 516 548 808 b
1 2 4 8 16 32 64 128 256 260 516 776 808 b
1 2 4 8 16 32 64 128 256 260 520 552 808 b
1 2 4 8 16 32 64 128 256 260 520 776 808 b
1 2 4 8 16 32 64 128 256 264 272 536 808 b
1 2 4 8 16 32 64 128 256 264 272 544 808 b
1 2 4 8 16 32 64 128 256 264 280 528 808 a
1 2 4 8 16 32 64 128 256 264 280 544 808 b
1 2 4 8 16 32 64 128 256 264 288 520 808 a
1 2 4 8 16 32 64 128 256 264 288 544 808 a
1 2 4 8 16 32 64 128 256 264 288 552 808 a
1 2 4 8 16 32 64 128 256 264 296 512 808 a
1 2 4 8 16 32 64 128 256 264 296 552 808 b
1 2 4 8 16 32 64 128 256 264 512 544 808 a
1 2 4 8 16 32 64 128 256 264 512 776 808 a
1 2 4 8 16 32 64 128 256 264 520 552 808 b
1 2 4 8 16 32 64 128 256 264 520 776 808 b
1 2 4 8 16 32 64 128 256 264 528 544 808 b
1 2 4 8 16 32 64 128 256 264 528 792 808 b
1 2 4 8 16 32 64 128 256 272 276 404 808 b
1 2 4 8 16 32 64 128 256 272 276 532 808 b
1 2 4 8 16 32 64 128 256 272 276 552 808 b
1 2 4 8 16 32 64 128 256 272 280 528 808 a
1 2 4 8 16 32 64 128 256 272 280 536 808 b
1 2 4 8 16 32 64 128 256 272 280 552 808 b
1 2 4 8 16 32 64 128 256 272 400 404 808 b
1 2 4 8 16 32 64 128 256 272 400 408 808 b
1 2 4 8 16 32 64 128 256 272 400 800 808 b
1 2 4 8 16 32 64 128 256 272 528 536 808 b
1 2 4 8 16 32 64 128 256 272 528 800 808 b
1 2 4 8 16 32 64 128 256 272 544 552 808 b
1 2 4 8 16 32 64 128 256 272 544 800 808 b
1 2 4 8 16 32 64 128 256 288 296 512 808 a
1 2 4 8 16 32 64 128 256 288 296 552 808 b
1 2 4 8 16 32 64 128 256 288 512 520 808 a
1 2 4 8 16 32 64 128 256 288 512 800 808 a
1 2 4 8 16 32 64 128 256 288 544 552 808 b
1 2 4 8 16 32 64 128 256 288 544 800 808 b
1 2 4 8 16 32 64 128 256 384 388 404 808 b
1 2 4 8 16 32 64 128 256 384 388 420 808 b
1 2 4 8 16 32 64 128 256 384 388 776 808 b
1 2 4 8 16 32 64 128 256 384 392 416 808 a
1 2 4 8 16 32 64 128 256 384 392 424 808 b
1 2 4 8 16 32 64 128 256 384 392 776 808 b
1 2 4 8 16 32 64 128 256 384 400 404 808 b
1 2 4 8 16 32 64 128 256 384 400 408 808 b
1 2 4 8 16 32 64 128 256 384 400 800 808 b
1 2 4 8 16 32 64 128 256 384 416 424 808 b
1 2 4 8 16 32 64 128 256 384 416 800 808 b
1 2 4 8 16 32 64 128 256 384 768 776 808 b
1 2 4 8 16 32 64 128 256 384 768 800 808 b
1 2 4 8 16 32 64 128 256 512 520 552 808 b
1 2 4 8 16 32 64 128 256 512 520 776 808 b
1 2 4 8 16 32 64 128 256 512 544 552 808 b
1 2 4 8 16 32 64 128 256 512 544 800 808 b
1 2 4 8 16 32 64 128 256 512 768 776 808 b
1 2 4 8 16 32 64 128 256 512 768 800 808 b
