1 2 3 6 9 18 27 54 108 109 217 434 868 b
1 2 3 6 9 18 27 54 108 216 217 434 868 b
1 2 3 6 9 18 27 54 108 216 218 434 868 b
1 2 3 6 9 18 27 54 108 216 432 434 868 b
1 2 3 6 9 18 36 54 108 109 217 434 868 b
1 2 3 6 9 18 36 54 108 216 217 434 868 b
1 2 3 6 9 18 36 54 108 216 218 434 868 b
1 2 3 6 9 18 36 54 108 216 432 434 868 b
1 2 3 6 9 18 36 72 73 144 217 434 868 a
1 2 3 6 9 18 36 72 73 145 217 434 868 b
1 2 3 6 9 18 36 72 108 109 217 434 868 b
1 2 3 6 9 18 36 72 108 216 217 434 868 b
1 2 3 6 9 18 36 72 108 216 218 434 868 b
1 2 3 6 9 18 36 72 108 216 432 434 868 b
1 2 3 6 9 18 36 72 144 145 217 434 868 b
1 2 3 6 9 18 36 72 144 145 289 434 868 b
1 2 3 6 9 18 36 72 144 145 290 434 868 b
1 2 3 6 9 18 36 72 144 146 288 434 868 a
1 2 3 6 9 18 36 72 144 146 290 434 868 b
1 2 3 6 9 18 36 72 144 216 217 434 868 b
1 2 3 6 9 18 36 72 144 216 218 434 868 b
1 2 3 6 9 18 36 72 144 216 432 434 868 b
1 2 3 6 9 18 36 72 144 288 290 434 868 b
1 2 3 6 9 18 36 72 144 288 290 578 868 b
1 2 3 6 9 18 36 72 144 288 290 580 868 b
1 2 3 6 9 18 36 72 144 288 432 434 868 b
1 2 3 6 12 15 27 54 108 109 217 434 868 b
1 2 3 6 12 15 27 54 108 216 217 434 868 b
1 2 3 6 12 15 27 54 108 216 218 434 868 b
1 2 3 6 12 15 27 54 108 216 432 434 868 b
1 2 3 6 12 18 36 54 108 109 217 434 868 b
1 2 3 6 12 18 36 54 108 216 217 434 868 b
1 2 3 6 12 18 36 54 108 216 218 434 868 b
1 2 3 6 12 18 36 54 108 216 432 434 868 b
1 2 3 6 12 18 36 72 73 144 217 434 868 a
1 2 3 6 12 18 36 72 73 145 217 434 868 b
1 2 3 6 12 18 36 72 108 109 217 434 868 b
1 2 3 6 12 18 36 72 108 216 217 434 868 b
1 2 3 6 12 18 36 72 108 216 218 434 868 b
1 2 3 6 12 18 36 72 108 216 432 434 868 b
1 2 3 6 12 18 36 72 144 145 217 434 868 b
1 2 3 6 12 18 36 72 144 145 289 434 868 b
1 2 3 6 12 18 36 72 144 145 290 434 868 b
1 2 3 6 12 18 36 72 144 146 288 434 868 a
1 2 3 6 12 18 36 72 144 146 290 434 868 b
1 2 3 6 12 18 36 72 144 216 217 434 868 b
1 2 3 6 12 18 36 72 144 216 218 434 868 b
1 2 3 6 12 18 36 72 144 216 432 434 868 b
1 2 3 6 12 18 36 72 144 288 290 434 868 b
1 2 3 6 12 18 36 72 144 288 290 578 868 b
1 2 3 6 12 18 36 72 144 288 290 580 868 b
1 2 3 6 12 18 36 72 144 288 432 434 868 b
1 2 3 6 12 24 25 48 96 121 217 434 868 a
1 2 3 6 12 24 25 48 96 192 217 434 868 a
1 2 3 6 12 24 27 54 108 109 217 434 868 b
1 2 3 6 12 24 27 54 108 216 217 434 868 b
1 2 3 6 12 24 27 54 108 216 218 434 868 b
1 2 3 6 12 24 27 54 108 216 432 434 868 b
1 2 3 6 12 24 30 54 108 109 217 434 868 b
1 2 3 6 12 24 30 54 108 216 217 434 868 b
1 2 3 6 12 24 30 54 108 216 218 434 868 b
1 2 3 6 12 24 30 54 108 216 432 434 868 b
1 2 3 6 12 24 36 72 73 144 217 434 868 a
1 2 3 6 12 24 36 72 73 145 217 434 868 b
1 2 3 6 12 24 36 72 108 109 217 434 868 b
1 2 3 6 12 24 36 72 108 216 217 434 868 b
1 2 3 6 12 24 36 72 108 216 218 434 868 b
1 2 3 6 12 24 36 72 108 216 432 434 868 b
1 2 3 6 12 24 36 72 144 145 217 434 868 b
1 2 3 6 12 24 36 72 144 145 289 434 868 b
1 2 3 6 12 24 36 72 144 145 290 434 868 b
1 2 3 6 12 24 36 72 144 146 288 434 868 a
1 2 3 6 12 24 36 72 144 146 290 434 868 b
1 2 3 6 12 24 36 72 144 216 217 434 868 b
1 2 3 6 12 24 36 72 144 216 218 434 868 b
1 2 3 6 12 24 36 72 144 216 432 434 868 b
1 2 3 6 12 24 36 72 144 288 290 434 868 b
1 2 3 6 12 24 36 72 144 288 290 578 868 b
1 2 3 6 12 24 36 72 144 288 290 580 868 b
1 2 3 6 12 24 36 72 144 288 432 434 868 b
1 2 3 6 12 24 48 50 96 192 242 434 868 a
1 2 3 6 12 24 48 50 96 192 384 434 868 a
1 2 3 6 12 24 48 54 108 109 217 434 868 b
1 2 3 6 12 24 48 54 108 216 217 434 868 b
1 2 3 6 12 24 48 54 108 216 218 434 868 b
1 2 3 6 12 24 48 54 108 216 432 434 868 b
1 2 3 6 12 24 48 60 108 109 217 434 868 b
1 2 3 6 12 24 48 60 108 216 217 434 868 b
1 2 3 6 12 24 48 60 108 216 218 434 868 b
1 2 3 6 12 24 48 60 108 216 432 434 868 b
1 2 3 6 12 24 48 72 73 144 217 434 868 a
1 2 3 6 12 24 48 72 73 145 217 434 868 b
1 2 3 6 12 24 48 72 144 145 217 434 868 b
1 2 3 6 12 24 48 72 144 145 289 434 868 b
1 2 3 6 12 24 48 72 144 145 290 434 868 b
1 2 3 6 12 24 48 72 144 146 288 434 868 a
1 2 3 6 12 24 48 72 144 146 290 434 868 b
1 2 3 6 12 24 48 72 144 216 217 434 868 b
1 2 3 6 12 24 48 72 144 216 218 434 868 b
1 2 3 6 12 24 48 72 144 216 432 434 868 b
1 2 3 6 12 24 48 72 144 288 290 434 868 b
1 2 3 6 12 24 48 72 144 288 290 578 868 b
1 2 3 6 12 24 48 72 144 288 290 580 868 b
1 2 3 6 12 24 48 72 144 288 432 434 868 b
1 2 3 6 12 24 48 96 97 120 217 434 868 a
1 2 3 6 12 24 48 96 97 121 217 434 868 b
1 2 3 6 12 24 48 96 97 193 217 434 868 b
1 2 3 6 12 24 48 96 97 193 241 434 868 b
1 2 3 6 12 24 48 96 97 193 386 434 868 b
1 2 3 6 12 24 48 96 97 193 386 482 868 b
1 2 3 6 12 24 48 96 97 193 386 772 868 b
1 2 3 6 12 24 48 96 108 109 217 434 868 b
1 2 3 6 12 24 48 96 108 216 217 434 868 b
1 2 3 6 12 24 48 96 108 216 218 434 868 b
1 2 3 6 12 24 48 96 108 216 432 434 868 b
1 2 3 6 12 24 48 96 120 121 217 434 868 b
1 2 3 6 12 24 48 96 120 216 217 434 868 b
1 2 3 6 12 24 48 96 120 216 218 434 868 b
1 2 3 6 12 24 48 96 120 216 432 434 868 b
1 2 3 6 12 24 48 96 144 145 289 434 868 b
1 2 3 6 12 24 48 96 144 145 290 434 868 b
1 2 3 6 12 24 48 96 144 146 288 434 868 a
1 2 3 6 12 24 48 96 144 146 290 434 868 b
1 2 3 6 12 24 48 96 144 288 290 434 868 b
1 2 3 6 12 24 48 96 144 288 290 578 868 b
1 2 3 6 12 24 48 96 144 288 290 580 868 b
1 2 3 6 12 24 48 96 144 288 432 434 868 b
1 2 3 6 12 24 48 96 192 193 217 434 868 b
1 2 3 6 12 24 48 96 192 193 241 434 868 b
1 2 3 6 12 24 48 96 192 193 386 434 868 b
1 2 3 6 12 24 48 96 192 193 386 482 868 b
1 2 3 6 12 24 48 96 192 193 386 772 868 b
1 2 3 6 12 24 48 96 192 194 240 434 868 a
1 2 3 6 12 24 48 96 192 194 242 434 868 b
1 2 3 6 12 24 48 96 192 194 386 434 868 b
1 2 3 6 12 24 48 96 192 194 386 482 868 b
1 2 3 6 12 24 48 96 192 194 386 772 868 b
1 2 3 6 12 24 48 96 192 216 217 434 868 b
1 2 3 6 12 24 48 96 192 216 218 434 868 b
1 2 3 6 12 24 48 96 192 216 432 434 868 b
1 2 3 6 12 24 48 96 192 240 242 434 868 b
1 2 3 6 12 24 48 96 192 240 432 434 868 b
1 2 3 6 12 24 48 96 192 288 290 578 868 b
1 2 3 6 12 24 48 96 192 288 290 580 868 b
1 2 3 6 12 24 48 96 192 384 386 434 868 b
1 2 3 6 12 24 48 96 192 384 386 482 868 b
1 2 3 6 12 24 48 96 192 384 386 772 868 b
1 2 3 6 12 24 48 96 192 384 432 434 868 b
1 2 4 5 9 13 26 52 104 113 217 434 868 b
1 2 4 5 9 13 26 52 104 208 217 434 868 b
1 2 4 5 9 18 27 54 108 109 217 434 868 b
1 2 4 5 9 18 27 54 108 216 217 434 868 b
1 2 4 5 9 18 27 54 108 216 218 434 868 b
1 2 4 5 9 18 27 54 108 216 432 434 868 b
1 2 4 5 9 18 27 54 108 216 432 436 868 b
1 2 4 5 9 18 27 54 108 216 432 864 868 b
1 2 4 5 9 18 36 54 108 109 217 434 868 b
1 2 4 5 9 18 36 54 108 216 217 434 868 b
1 2 4 5 9 18 36 54 108 216 218 434 868 b
1 2 4 5 9 18 36 54 108 216 432 434 868 b
1 2 4 5 9 18 36 54 108 216 432 436 868 b
1 2 4 5 9 18 36 54 108 216 432 864 868 b
1 2 4 5 9 18 36 72 73 144 217 434 868 a
1 2 4 5 9 18 36 72 73 145 217 434 868 b
1 2 4 5 9 18 36 72 108 109 217 434 868 b
1 2 4 5 9 18 36 72 108 216 217 434 868 b
1 2 4 5 9 18 36 72 108 216 218 434 868 b
1 2 4 5 9 18 36 72 108 216 432 434 868 b
1 2 4 5 9 18 36 72 108 216 432 436 868 b
1 2 4 5 9 18 36 72 108 216 432 864 868 b
1 2 4 5 9 18 36 72 144 145 217 434 868 b
1 2 4 5 9 18 36 72 144 145 289 434 868 b
1 2 4 5 9 18 36 72 144 145 290 434 868 b
1 2 4 5 9 18 36 72 144 146 288 434 868 a
1 2 4 5 9 18 36 72 144 146 290 434 868 b
1 2 4 5 9 18 36 72 144 216 217 434 868 b
1 2 4 5 9 18 36 72 144 216 218 434 868 b
1 2 4 5 9 18 36 72 144 216 432 434 868 b
1 2 4 5 9 18 36 72 144 216 432 436 868 b
1 2 4 5 9 18 36 72 144 216 432 864 868 b
1 2 4 5 9 18 36 72 144 288 290 434 868 b
1 2 4 5 9 18 36 72 144 288 290 578 868 b
1 2 4 5 9 18 36 72 144 288 290 580 868 b
1 2 4 5 9 18 36 72 144 288 292 576 868 a
1 2 4 5 9 18 36 72 144 288 292 580 868 b
1 2 4 5 9 18 36 72 144 288 432 434 868 b
1 2 4 5 9 18 36 72 144 288 432 436 868 b
1 2 4 5 9 18 36 72 144 288 432 864 868 b
1 2 4 5 9 18 36 72 144 288 576 580 868 b
1 2 4 5 9 18 36 72 144 288 576 864 868 b
1 2 4 6 12 18 36 54 108 109 217 434 868 b
1 2 4 6 12 18 36 54 108 216 217 434 868 b
1 2 4 6 12 18 36 54 108 216 218 434 868 b
1 2 4 6 12 18 36 54 108 216 432 434 868 b
1 2 4 6 12 18 36 54 108 216 432 436 868 b
1 2 4 6 12 18 36 54 108 216 432 864 868 b
1 2 4 6 12 18 36 72 73 144 217 434 868 a
1 2 4 6 12 18 36 72 73 145 217 434 868 b
1 2 4 6 12 18 36 72 108 109 217 434 868 b
1 2 4 6 12 18 36 72 108 216 217 434 868 b
1 2 4 6 12 18 36 72 108 216 218 434 868 b
1 2 4 6 12 18 36 72 108 216 432 434 868 b
1 2 4 6 12 18 36 72 108 216 432 436 868 b
1 2 4 6 12 18 36 72 108 216 432 864 868 b
1 2 4 6 12 18 36 72 144 145 217 434 868 b
1 2 4 6 12 18 36 72 144 145 289 434 868 b
1 2 4 6 12 18 36 72 144 145 290 434 868 b
1 2 4 6 12 18 36 72 144 146 288 434 868 a
1 2 4 6 12 18 36 72 144 146 290 434 868 b
1 2 4 6 12 18 36 72 144 216 217 434 868 b
1 2 4 6 12 18 36 72 144 216 218 434 868 b
1 2 4 6 12 18 36 72 144 216 432 434 868 b
1 2 4 6 12 18 36 72 144 216 432 436 868 b
1 2 4 6 12 18 36 72 144 216 432 864 868 b
1 2 4 6 12 18 36 72 144 288 290 434 868 b
1 2 4 6 12 18 36 72 144 288 290 578 868 b
1 2 4 6 12 18 36 72 144 288 290 580 868 b
1 2 4 6 12 18 36 72 144 288 292 576 868 a
1 2 4 6 12 18 36 72 144 288 292 580 868 b
1 2 4 6 12 18 36 72 144 288 432 434 868 b
1 2 4 6 12 18 36 72 144 288 432 436 868 b
1 2 4 6 12 18 36 72 144 288 432 864 868 b
1 2 4 6 12 18 36 72 144 288 576 580 868 b
1 2 4 6 12 18 36 72 144 288 576 864 868 b
1 2 4 6 12 24 25 48 96 121 217 434 868 a
1 2 4 6 12 24 25 48 96 192 217 434 868 a
1 2 4 6 12 24 30 54 108 109 217 434 868 b
1 2 4 6 12 24 30 54 108 216 217 434 868 b
1 2 4 6 12 24 30 54 108 216 218 434 868 b
1 2 4 6 12 24 30 54 108 216 432 434 868 b
1 2 4 6 12 24 30 54 108 216 432 436 868 b
1 2 4 6 12 24 30 54 108 216 432 864 868 b
1 2 4 6 12 24 36 72 73 144 217 434 868 a
1 2 4 6 12 24 36 72 73 145 217 434 868 b
1 2 4 6 12 24 36 72 108 109 217 434 868 b
1 2 4 6 12 24 36 72 108 216 217 434 868 b
1 2 4 6 12 24 36 72 108 216 218 434 868 b
1 2 4 6 12 24 36 72 108 216 432 434 868 b
1 2 4 6 12 24 36 72 108 216 432 436 868 b
1 2 4 6 12 24 36 72 108 216 432 864 868 b
1 2 4 6 12 24 36 72 144 145 217 434 868 b
1 2 4 6 12 24 36 72 144 145 289 434 868 b
1 2 4 6 12 24 36 72 144 145 290 434 868 b
1 2 4 6 12 24 36 72 144 146 288 434 868 a
1 2 4 6 12 24 36 72 144 146 290 434 868 b
1 2 4 6 12 24 36 72 144 216 217 434 868 b
1 2 4 6 12 24 36 72 144 216 218 434 868 b
1 2 4 6 12 24 36 72 144 216 432 434 868 b
1 2 4 6 12 24 36 72 144 216 432 436 868 b
1 2 4 6 12 24 36 72 144 216 432 864 868 b
1 2 4 6 12 24 36 72 144 288 290 434 868 b
1 2 4 6 12 24 36 72 144 288 290 578 868 b
1 2 4 6 12 24 36 72 144 288 290 580 868 b
1 2 4 6 12 24 36 72 144 288 292 576 868 a
1 2 4 6 12 24 36 72 144 288 292 580 868 b
1 2 4 6 12 24 36 72 144 288 432 434 868 b
1 2 4 6 12 24 36 72 144 288 432 436 868 b
1 2 4 6 12 24 36 72 144 288 432 864 868 b
1 2 4 6 12 24 36 72 144 288 576 580 868 b
1 2 4 6 12 24 36 72 144 288 576 864 868 b
1 2 4 6 12 24 48 50 96 192 242 434 868 a
1 2 4 6 12 24 48 50 96 192 384 434 868 a
1 2 4 6 12 24 48 54 108 109 217 434 868 b
1 2 4 6 12 24 48 54 108 216 217 434 868 b
1 2 4 6 12 24 48 54 108 216 218 434 868 b
1 2 4 6 12 24 48 54 108 216 432 434 868 b
1 2 4 6 12 24 48 54 108 216 432 436 868 b
1 2 4 6 12 24 48 54 108 216 432 864 868 b
1 2 4 6 12 24 48 60 108 109 217 434 868 b
1 2 4 6 12 24 48 60 108 216 217 434 868 b
1 2 4 6 12 24 48 60 108 216 218 434 868 b
1 2 4 6 12 24 48 60 108 216 432 434 868 b
1 2 4 6 12 24 48 60 108 216 432 436 868 b
1 2 4 6 12 24 48 60 108 216 432 864 868 b
1 2 4 6 12 24 48 72 73 144 217 434 868 a
1 2 4 6 12 24 48 72 73 145 217 434 868 b
1 2 4 6 12 24 48 72 144 145 217 434 868 b
1 2 4 6 12 24 48 72 144 145 289 434 868 b
1 2 4 6 12 24 48 72 144 145 290 434 868 b
1 2 4 6 12 24 48 72 144 146 288 434 868 a
1 2 4 6 12 24 48 72 144 146 290 434 868 b
1 2 4 6 12 24 48 72 144 216 217 434 868 b
1 2 4 6 12 24 48 72 144 216 218 434 868 b
1 2 4 6 12 24 48 72 144 216 432 434 868 b
1 2 4 6 12 24 48 72 144 216 432 436 868 b
1 2 4 6 12 24 48 72 144 216 432 864 868 b
1 2 4 6 12 24 48 72 144 288 290 434 868 b
1 2 4 6 12 24 48 72 144 288 290 578 868 b
1 2 4 6 12 24 48 72 144 288 290 580 868 b
1 2 4 6 12 24 48 72 144 288 292 576 868 a
1 2 4 6 12 24 48 72 144 288 292 580 868 b
1 2 4 6 12 24 48 72 144 288 432 434 868 b
1 2 4 6 12 24 48 72 144 288 432 436 868 b
1 2 4 6 12 24 48 72 144 288 432 864 868 b
1 2 4 6 12 24 48 72 144 288 576 580 868 b
1 2 4 6 12 24 48 72 144 288 576 864 868 b
1 2 4 6 12 24 48 96 97 120 217 434 868 a
1 2 4 6 12 24 48 96 97 121 217 434 868 b
1 2 4 6 12 24 48 96 97 193 217 434 868 b
1 2 4 6 12 24 48 96 97 193 241 434 868 b
1 2 4 6 12 24 48 96 97 193 386 434 868 b
1 2 4 6 12 24 48 96 97 193 386 482 868 b
1 2 4 6 12 24 48 96 97 193 386 772 868 b
1 2 4 6 12 24 48 96 100 192 384 484 868 a
1 2 4 6 12 24 48 96 100 192 384 768 868 a
1 2 4 6 12 24 48 96 108 109 217 434 868 b
1 2 4 6 12 24 48 96 108 216 217 434 868 b
1 2 4 6 12 24 48 96 108 216 218 434 868 b
1 2 4 6 12 24 48 96 108 216 432 434 868 b
1 2 4 6 12 24 48 96 108 216 432 436 868 b
1 2 4 6 12 24 48 96 108 216 432 864 868 b
1 2 4 6 12 24 48 96 120 121 217 434 868 b
1 2 4 6 12 24 48 96 120 216 217 434 868 b
1 2 4 6 12 24 48 96 120 216 218 434 868 b
1 2 4 6 12 24 48 96 120 216 432 434 868 b
1 2 4 6 12 24 48 96 120 216 432 436 868 b
1 2 4 6 12 24 48 96 120 216 432 864 868 b
1 2 4 6 12 24 48 96 144 145 289 434 868 b
1 2 4 6 12 24 48 96 144 145 290 434 868 b
1 2 4 6 12 24 48 96 144 146 288 434 868 a
1 2 4 6 12 24 48 96 144 146 290 434 868 b
1 2 4 6 12 24 48 96 144 288 290 434 868 b
1 2 4 6 12 24 48 96 144 288 290 578 868 b
1 2 4 6 12 24 48 96 144 288 290 580 868 b
1 2 4 6 12 24 48 96 144 288 292 576 868 a
1 2 4 6 12 24 48 96 144 288 292 580 868 b
1 2 4 6 12 24 48 96 144 288 432 434 868 b
1 2 4 6 12 24 48 96 144 288 432 436 868 b
1 2 4 6 12 24 48 96 144 288 432 864 868 b
1 2 4 6 12 24 48 96 144 288 576 580 868 b
1 2 4 6 12 24 48 96 144 288 576 864 868 b
1 2 4 6 12 24 48 96 192 193 217 434 868 b
1 2 4 6 12 24 48 96 192 193 241 434 868 b
1 2 4 6 12 24 48 96 192 193 386 434 868 b
1 2 4 6 12 24 48 96 192 193 386 482 868 b
1 2 4 6 12 24 48 96 192 193 386 772 868 b
1 2 4 6 12 24 48 96 192 194 240 434 868 a
1 2 4 6 12 24 48 96 192 194 242 434 868 b
1 2 4 6 12 24 48 96 192 194 386 434 868 b
1 2 4 6 12 24 48 96 192 194 386 482 868 b
1 2 4 6 12 24 48 96 192 194 386 772 868 b
1 2 4 6 12 24 48 96 192 216 217 434 868 b
1 2 4 6 12 24 48 96 192 216 218 434 868 b
1 2 4 6 12 24 48 96 192 216 432 434 868 b
1 2 4 6 12 24 48 96 192 216 432 436 868 b
1 2 4 6 12 24 48 96 192 216 432 864 868 b
1 2 4 6 12 24 48 96 192 240 242 434 868 b
1 2 4 6 12 24 48 96 192 240 432 434 868 b
1 2 4 6 12 24 48 96 192 240 432 436 868 b
1 2 4 6 12 24 48 96 192 240 432 864 868 b
1 2 4 6 12 24 48 96 192 288 290 578 868 b
1 2 4 6 12 24 48 96 192 288 290 580 868 b
1 2 4 6 12 24 48 96 192 288 292 576 868 a
1 2 4 6 12 24 48 96 192 288 292 580 868 b
1 2 4 6 12 24 48 96 192 288 576 580 868 b
1 2 4 6 12 24 48 96 192 288 576 864 868 b
1 2 4 6 12 24 48 96 192 384 386 434 868 b
1 2 4 6 12 24 48 96 192 384 386 482 868 b
1 2 4 6 12 24 48 96 192 384 386 772 868 b
1 2 4 6 12 24 48 96 192 384 388 480 868 a
1 2 4 6 12 24 48 96 192 384 388 484 868 b
1 2 4 6 12 24 48 96 192 384 388 772 868 b
1 2 4 6 12 24 48 96 192 384 432 434 868 b
1 2 4 6 12 24 48 96 192 384 432 436 868 b
1 2 4 6 12 24 48 96 192 384 432 864 868 b
1 2 4 6 12 24 48 96 192 384 480 484 868 b
1 2 4 6 12 24 48 96 192 384 480 864 868 b
1 2 4 6 12 24 48 96 192 384 768 772 868 b
1 2 4 6 12 24 48 96 192 384 768 864 868 b
1 2 4 8 9 13 26 52 104 113 217 434 868 b
1 2 4 8 9 13 26 52 104 208 217 434 868 b
1 2 4 8 9 17 25 50 100 117 217 434 868 b
1 2 4 8 9 17 25 50 100 200 217 434 868 b
1 2 4 8 9 17 26 52 104 113 217 434 868 b
1 2 4 8 9 17 26 52 104 208 217 434 868 b
1 2 4 8 9 18 26 52 104 113 217 434 868 b
1 2 4 8 9 18 26 52 104 208 217 434 868 b
1 2 4 8 9 18 26 52 104 208 226 434 868 b
1 2 4 8 9 18 26 52 104 208 416 434 868 b
1 2 4 8 9 18 27 54 108 109 217 434 868 b
1 2 4 8 9 18 27 54 108 216 217 434 868 b
1 2 4 8 9 18 27 54 108 216 218 434 868 b
1 2 4 8 9 18 27 54 108 216 432 434 868 b
1 2 4 8 9 18 27 54 108 216 432 436 868 b
1 2 4 8 9 18 27 54 108 216 432 864 868 b
1 2 4 8 9 18 36 54 108 109 217 434 868 b
1 2 4 8 9 18 36 54 108 216 217 434 868 b
1 2 4 8 9 18 36 54 108 216 218 434 868 b
1 2 4 8 9 18 36 54 108 216 432 434 868 b
1 2 4 8 9 18 36 54 108 216 432 436 868 b
1 2 4 8 9 18 36 54 108 216 432 864 868 b
1 2 4 8 9 18 36 72 73 144 217 434 868 a
1 2 4 8 9 18 36 72 73 145 217 434 868 b
1 2 4 8 9 18 36 72 108 109 217 434 868 b
1 2 4 8 9 18 36 72 108 216 217 434 868 b
1 2 4 8 9 18 36 72 108 216 218 434 868 b
1 2 4 8 9 18 36 72 108 216 432 434 868 b
1 2 4 8 9 18 36 72 108 216 432 436 868 b
1 2 4 8 9 18 36 72 108 216 432 864 868 b
1 2 4 8 9 18 36 72 144 145 217 434 868 b
1 2 4 8 9 18 36 72 144 145 289 434 868 b
1 2 4 8 9 18 36 72 144 145 290 434 868 b
1 2 4 8 9 18 36 72 144 146 288 434 868 a
1 2 4 8 9 18 36 72 144 146 290 434 868 b
1 2 4 8 9 18 36 72 144 216 217 434 868 b
1 2 4 8 9 18 36 72 144 216 218 434 868 b
1 2 4 8 9 18 36 72 144 216 432 434 868 b
1 2 4 8 9 18 36 72 144 216 432 436 868 b
1 2 4 8 9 18 36 72 144 216 432 864 868 b
1 2 4 8 9 18 36 72 144 288 290 434 868 b
1 2 4 8 9 18 36 72 144 288 290 578 868 b
1 2 4 8 9 18 36 72 144 288 290 580 868 b
1 2 4 8 9 18 36 72 144 288 292 576 868 a
1 2 4 8 9 18 36 72 144 288 292 580 868 b
1 2 4 8 9 18 36 72 144 288 432 434 868 b
1 2 4 8 9 18 36 72 144 288 432 436 868 b
1 2 4 8 9 18 36 72 144 288 432 864 868 b
1 2 4 8 9 18 36 72 144 288 576 580 868 b
1 2 4 8 9 18 36 72 144 288 576 864 868 b
1 2 4 8 10 18 26 52 104 208 226 434 868 b
1 2 4 8 10 18 26 52 104 208 416 434 868 b
1 2 4 8 10 18 36 54 108 109 217 434 868 b
1 2 4 8 10 18 36 54 108 216 217 434 868 b
1 2 4 8 10 18 36 54 108 216 218 434 868 b
1 2 4 8 10 18 36 54 108 216 432 434 868 b
1 2 4 8 10 18 36 54 108 216 432 436 868 b
1 2 4 8 10 18 36 54 108 216 432 864 868 b
1 2 4 8 10 18 36 72 73 144 217 434 868 a
1 2 4 8 10 18 36 72 73 145 217 434 868 b
1 2 4 8 10 18 36 72 108 109 217 434 868 b
1 2 4 8 10 18 36 72 108 216 217 434 868 b
1 2 4 8 10 18 36 72 108 216 218 434 868 b
1 2 4 8 10 18 36 72 108 216 432 434 868 b
1 2 4 8 10 18 36 72 108 216 432 436 868 b
1 2 4 8 10 18 36 72 108 216 432 864 868 b
1 2 4 8 10 18 36 72 144 145 217 434 868 b
1 2 4 8 10 18 36 72 144 145 289 434 868 b
1 2 4 8 10 18 36 72 144 145 290 434 868 b
1 2 4 8 10 18 36 72 144 146 288 434 868 a
1 2 4 8 10 18 36 72 144 146 290 434 868 b
1 2 4 8 10 18 36 72 144 216 217 434 868 b
1 2 4 8 10 18 36 72 144 216 218 434 868 b
1 2 4 8 10 18 36 72 144 216 432 434 868 b
1 2 4 8 10 18 36 72 144 216 432 436 868 b
1 2 4 8 10 18 36 72 144 216 432 864 868 b
1 2 4 8 10 18 36 72 144 288 290 434 868 b
1 2 4 8 10 18 36 72 144 288 290 578 868 b
1 2 4 8 10 18 36 72 144 288 290 580 868 b
1 2 4 8 10 18 36 72 144 288 292 576 868 a
1 2 4 8 10 18 36 72 144 288 292 580 868 b
1 2 4 8 10 18 36 72 144 288 432 434 868 b
1 2 4 8 10 18 36 72 144 288 432 436 868 b
1 2 4 8 10 18 36 72 144 288 432 864 868 b
1 2 4 8 10 18 36 72 144 288 576 580 868 b
1 2 4 8 10 18 36 72 144 288 576 864 868 b
1 2 4 8 12 24 25 48 96 121 217 434 868 a
1 2 4 8 12 24 25 48 96 192 217 434 868 a
1 2 4 8 12 24 36 72 73 144 217 434 868 a
1 2 4 8 12 24 36 72 73 145 217 434 868 b
1 2 4 8 12 24 36 72 108 109 217 434 868 b
1 2 4 8 12 24 36 72 108 216 217 434 868 b
1 2 4 8 12 24 36 72 108 216 218 434 868 b
1 2 4 8 12 24 36 72 108 216 432 434 868 b
1 2 4 8 12 24 36 72 108 216 432 436 868 b
1 2 4 8 12 24 36 72 108 216 432 864 868 b
1 2 4 8 12 24 36 72 144 145 217 434 868 b
1 2 4 8 12 24 36 72 144 145 289 434 868 b
1 2 4 8 12 24 36 72 144 145 290 434 868 b
1 2 4 8 12 24 36 72 144 146 288 434 868 a
1 2 4 8 12 24 36 72 144 146 290 434 868 b
1 2 4 8 12 24 36 72 144 216 217 434 868 b
1 2 4 8 12 24 36 72 144 216 218 434 868 b
1 2 4 8 12 24 36 72 144 216 432 434 868 b
1 2 4 8 12 24 36 72 144 216 432 436 868 b
1 2 4 8 12 24 36 72 144 216 432 864 868 b
1 2 4 8 12 24 36 72 144 288 290 434 868 b
1 2 4 8 12 24 36 72 144 288 290 578 868 b
1 2 4 8 12 24 36 72 144 288 290 580 868 b
1 2 4 8 12 24 36 72 144 288 292 576 868 a
1 2 4 8 12 24 36 72 144 288 292 580 868 b
1 2 4 8 12 24 36 72 144 288 432 434 868 b
1 2 4 8 12 24 36 72 144 288 432 436 868 b
1 2 4 8 12 24 36 72 144 288 432 864 868 b
1 2 4 8 12 24 36 72 144 288 576 580 868 b
1 2 4 8 12 24 36 72 144 288 576 864 868 b
1 2 4 8 12 24 48 50 96 192 242 434 868 a
1 2 4 8 12 24 48 50 96 192 384 434 868 a
1 2 4 8 12 24 48 60 108 109 217 434 868 b
1 2 4 8 12 24 48 60 108 216 217 434 868 b
1 2 4 8 12 24 48 60 108 216 218 434 868 b
1 2 4 8 12 24 48 60 108 216 432 434 868 b
1 2 4 8 12 24 48 60 108 216 432 436 868 b
1 2 4 8 12 24 48 60 108 216 432 864 868 b
1 2 4 8 12 24 48 72 73 144 217 434 868 a
1 2 4 8 12 24 48 72 73 145 217 434 868 b
1 2 4 8 12 24 48 72 144 145 217 434 868 b
1 2 4 8 12 24 48 72 144 145 289 434 868 b
1 2 4 8 12 24 48 72 144 145 290 434 868 b
1 2 4 8 12 24 48 72 144 146 288 434 868 a
1 2 4 8 12 24 48 72 144 146 290 434 868 b
1 2 4 8 12 24 48 72 144 216 217 434 868 b
1 2 4 8 12 24 48 72 144 216 218 434 868 b
1 2 4 8 12 24 48 72 144 216 432 434 868 b
1 2 4 8 12 24 48 72 144 216 432 436 868 b
1 2 4 8 12 24 48 72 144 216 432 864 868 b
1 2 4 8 12 24 48 72 144 288 290 434 868 b
1 2 4 8 12 24 48 72 144 288 290 578 868 b
1 2 4 8 12 24 48 72 144 288 290 580 868 b
1 2 4 8 12 24 48 72 144 288 292 576 868 a
1 2 4 8 12 24 48 72 144 288 292 580 868 b
1 2 4 8 12 24 48 72 144 288 432 434 868 b
1 2 4 8 12 24 48 72 144 288 432 436 868 b
1 2 4 8 12 24 48 72 144 288 432 864 868 b
1 2 4 8 12 24 48 72 144 288 576 580 868 b
1 2 4 8 12 24 48 72 144 288 576 864 868 b
1 2 4 8 12 24 48 96 97 120 217 434 868 a
1 2 4 8 12 24 48 96 97 121 217 434 868 b
1 2 4 8 12 24 48 96 97 193 217 434 868 b
1 2 4 8 12 24 48 96 97 193 241 434 868 b
1 2 4 8 12 24 48 96 97 193 386 434 868 b
1 2 4 8 12 24 48 96 97 193 386 482 868 b
1 2 4 8 12 24 48 96 97 193 386 772 868 b
1 2 4 8 12 24 48 96 100 192 384 484 868 a
1 2 4 8 12 24 48 96 100 192 384 768 868 a
1 2 4 8 12 24 48 96 108 109 217 434 868 b
1 2 4 8 12 24 48 96 108 216 217 434 868 b
1 2 4 8 12 24 48 96 108 216 218 434 868 b
1 2 4 8 12 24 48 96 108 216 432 434 868 b
1 2 4 8 12 24 48 96 108 216 432 436 868 b
1 2 4 8 12 24 48 96 108 216 432 864 868 b
1 2 4 8 12 24 48 96 120 121 217 434 868 b
1 2 4 8 12 24 48 96 120 216 217 434 868 b
1 2 4 8 12 24 48 96 120 216 218 434 868 b
1 2 4 8 12 24 48 96 120 216 432 434 868 b
1 2 4 8 12 24 48 96 120 216 432 436 868 b
1 2 4 8 12 24 48 96 120 216 432 864 868 b
1 2 4 8 12 24 48 96 144 145 289 434 868 b
1 2 4 8 12 24 48 96 144 145 290 434 868 b
1 2 4 8 12 24 48 96 144 146 288 434 868 a
1 2 4 8 12 24 48 96 144 146 290 434 868 b
1 2 4 8 12 24 48 96 144 288 290 434 868 b
1 2 4 8 12 24 48 96 144 288 290 578 868 b
1 2 4 8 12 24 48 96 144 288 290 580 868 b
1 2 4 8 12 24 48 96 144 288 292 576 868 a
1 2 4 8 12 24 48 96 144 288 292 580 868 b
1 2 4 8 12 24 48 96 144 288 432 434 868 b
1 2 4 8 12 24 48 96 144 288 432 436 868 b
1 2 4 8 12 24 48 96 144 288 432 864 868 b
1 2 4 8 12 24 48 96 144 288 576 580 868 b
1 2 4 8 12 24 48 96 144 288 576 864 868 b
1 2 4 8 12 24 48 96 192 193 217 434 868 b
1 2 4 8 12 24 48 96 192 193 241 434 868 b
1 2 4 8 12 24 48 96 192 193 386 434 868 b
1 2 4 8 12 24 48 96 192 193 386 482 868 b
1 2 4 8 12 24 48 96 192 193 386 772 868 b
1 2 4 8 12 24 48 96 192 194 240 434 868 a
1 2 4 8 12 24 48 96 192 194 242 434 868 b
1 2 4 8 12 24 48 96 192 194 386 434 868 b
1 2 4 8 12 24 48 96 192 194 386 482 868 b
1 2 4 8 12 24 48 96 192 194 386 772 868 b
1 2 4 8 12 24 48 96 192 216 217 434 868 b
1 2 4 8 12 24 48 96 192 216 218 434 868 b
1 2 4 8 12 24 48 96 192 216 432 434 868 b
1 2 4 8 12 24 48 96 192 216 432 436 868 b
1 2 4 8 12 24 48 96 192 216 432 864 868 b
1 2 4 8 12 24 48 96 192 240 242 434 868 b
1 2 4 8 12 24 48 96 192 240 432 434 868 b
1 2 4 8 12 24 48 96 192 240 432 436 868 b
1 2 4 8 12 24 48 96 192 240 432 864 868 b
1 2 4 8 12 24 48 96 192 288 290 578 868 b
1 2 4 8 12 24 48 96 192 288 290 580 868 b
1 2 4 8 12 24 48 96 192 288 292 576 868 a
1 2 4 8 12 24 48 96 192 288 292 580 868 b
1 2 4 8 12 24 48 96 192 288 576 580 868 b
1 2 4 8 12 24 48 96 192 288 576 864 868 b
1 2 4 8 12 24 48 96 192 384 386 434 868 b
1 2 4 8 12 24 48 96 192 384 386 482 868 b
1 2 4 8 12 24 48 96 192 384 386 772 868 b
1 2 4 8 12 24 48 96 192 384 388 480 868 a
1 2 4 8 12 24 48 96 192 384 388 484 868 b
1 2 4 8 12 24 48 96 192 384 388 772 868 b
1 2 4 8 12 24 48 96 192 384 432 434 868 b
1 2 4 8 12 24 48 96 192 384 432 436 868 b
1 2 4 8 12 24 48 96 192 384 432 864 868 b
1 2 4 8 12 24 48 96 192 384 480 484 868 b
1 2 4 8 12 24 48 96 192 384 480 864 868 b
1 2 4 8 12 24 48 96 192 384 768 772 868 b
1 2 4 8 12 24 48 96 192 384 768 864 868 b
1 2 4 8 16 17 25 50 100 117 217 434 868 b
1 2 4 8 16 17 25 50 100 200 217 434 868 b
1 2 4 8 16 17 33 50 100 117 217 434 868 b
1 2 4 8 16 17 33 50 100 200 217 434 868 b
1 2 4 8 16 17 34 50 100 117 217 434 868 b
1 2 4 8 16 17 34 50 100 200 217 434 868 b
1 2 4 8 16 17 34 50 100 200 234 434 868 b
1 2 4 8 16 17 34 50 100 200 400 434 868 b
1 2 4 8 16 18 26 52 104 208 226 434 868 b
1 2 4 8 16 18 26 52 104 208 416 434 868 b
1 2 4 8 16 18 34 50 100 200 234 434 868 b
1 2 4 8 16 18 34 50 100 200 400 434 868 b
1 2 4 8 16 18 34 52 104 208 226 434 868 b
1 2 4 8 16 18 34 52 104 208 416 434 868 b
1 2 4 8 16 18 36 52 104 208 226 434 868 b
1 2 4 8 16 18 36 52 104 208 416 434 868 b
1 2 4 8 16 18 36 52 104 208 416 452 868 b
1 2 4 8 16 18 36 52 104 208 416 832 868 b
1 2 4 8 16 18 36 54 108 109 217 434 868 b
1 2 4 8 16 18 36 54 108 216 217 434 868 b
1 2 4 8 16 18 36 54 108 216 218 434 868 b
1 2 4 8 16 18 36 54 108 216 432 434 868 b
1 2 4 8 16 18 36 54 108 216 432 436 868 b
1 2 4 8 16 18 36 54 108 216 432 864 868 b
1 2 4 8 16 18 36 72 73 144 217 434 868 a
1 2 4 8 16 18 36 72 73 145 217 434 868 b
1 2 4 8 16 18 36 72 108 109 217 434 868 b
1 2 4 8 16 18 36 72 108 216 217 434 868 b
1 2 4 8 16 18 36 72 108 216 218 434 868 b
1 2 4 8 16 18 36 72 108 216 432 434 868 b
1 2 4 8 16 18 36 72 108 216 432 436 868 b
1 2 4 8 16 18 36 72 108 216 432 864 868 b
1 2 4 8 16 18 36 72 144 145 217 434 868 b
1 2 4 8 16 18 36 72 144 145 289 434 868 b
1 2 4 8 16 18 36 72 144 145 290 434 868 b
1 2 4 8 16 18 36 72 144 146 288 434 868 a
1 2 4 8 16 18 36 72 144 146 290 434 868 b
1 2 4 8 16 18 36 72 144 216 217 434 868 b
1 2 4 8 16 18 36 72 144 216 218 434 868 b
1 2 4 8 16 18 36 72 144 216 432 434 868 b
1 2 4 8 16 18 36 72 144 216 432 436 868 b
1 2 4 8 16 18 36 72 144 216 432 864 868 b
1 2 4 8 16 18 36 72 144 288 290 434 868 b
1 2 4 8 16 18 36 72 144 288 290 578 868 b
1 2 4 8 16 18 36 72 144 288 290 580 868 b
1 2 4 8 16 18 36 72 144 288 292 576 868 a
1 2 4 8 16 18 36 72 144 288 292 580 868 b
1 2 4 8 16 18 36 72 144 288 432 434 868 b
1 2 4 8 16 18 36 72 144 288 432 436 868 b
1 2 4 8 16 18 36 72 144 288 432 864 868 b
1 2 4 8 16 18 36 72 144 288 576 580 868 b
1 2 4 8 16 18 36 72 144 288 576 864 868 b
1 2 4 8 16 20 36 52 104 208 416 452 868 b
1 2 4 8 16 20 36 52 104 208 416 832 868 b
1 2 4 8 16 20 36 72 73 144 217 434 868 a
1 2 4 8 16 20 36 72 73 145 217 434 868 b
1 2 4 8 16 20 36 72 108 109 217 434 868 b
1 2 4 8 16 20 36 72 108 216 217 434 868 b
1 2 4 8 16 20 36 72 108 216 218 434 868 b
1 2 4 8 16 20 36 72 108 216 432 434 868 b
1 2 4 8 16 20 36 72 108 216 432 436 868 b
1 2 4 8 16 20 36 72 108 216 432 864 868 b
1 2 4 8 16 20 36 72 144 145 217 434 868 b
1 2 4 8 16 20 36 72 144 145 289 434 868 b
1 2 4 8 16 20 36 72 144 145 290 434 868 b
1 2 4 8 16 20 36 72 144 146 288 434 868 a
1 2 4 8 16 20 36 72 144 146 290 434 868 b
1 2 4 8 16 20 36 72 144 216 217 434 868 b
1 2 4 8 16 20 36 72 144 216 218 434 868 b
1 2 4 8 16 20 36 72 144 216 432 434 868 b
1 2 4 8 16 20 36 72 144 216 432 436 868 b
1 2 4 8 16 20 36 72 144 216 432 864 868 b
1 2 4 8 16 20 36 72 144 288 290 434 868 b
1 2 4 8 16 20 36 72 144 288 290 578 868 b
1 2 4 8 16 20 36 72 144 288 290 580 868 b
1 2 4 8 16 20 36 72 144 288 292 576 868 a
1 2 4 8 16 20 36 72 144 288 292 580 868 b
1 2 4 8 16 20 36 72 144 288 432 434 868 b
1 2 4 8 16 20 36 72 144 288 432 436 868 b
1 2 4 8 16 20 36 72 144 288 432 864 868 b
1 2 4 8 16 20 36 72 144 288 576 580 868 b
1 2 4 8 16 20 36 72 144 288 576 864 868 b
1 2 4 8 16 24 25 48 96 121 217 434 868 a
1 2 4 8 16 24 25 48 96 192 217 434 868 a
1 2 4 8 16 24 48 50 96 192 242 434 868 a
1 2 4 8 16 24 48 50 96 192 384 434 868 a
1 2 4 8 16 24 48 72 73 144 217 434 868 a
1 2 4 8 16 24 48 72 73 145 217 434 868 b
1 2 4 8 16 24 48 72 144 145 217 434 868 b
1 2 4 8 16 24 48 72 144 145 289 434 868 b
1 2 4 8 16 24 48 72 144 145 290 434 868 b
1 2 4 8 16 24 48 72 144 146 288 434 868 a
1 2 4 8 16 24 48 72 144 146 290 434 868 b
1 2 4 8 16 24 48 72 144 216 217 434 868 b
1 2 4 8 16 24 48 72 144 216 218 434 868 b
1 2 4 8 16 24 48 72 144 216 432 434 868 b
1 2 4 8 16 24 48 72 144 216 432 436 868 b
1 2 4 8 16 24 48 72 144 216 432 864 868 b
1 2 4 8 16 24 48 72 144 288 290 434 868 b
1 2 4 8 16 24 48 72 144 288 290 578 868 b
1 2 4 8 16 24 48 72 144 288 290 580 868 b
1 2 4 8 16 24 48 72 144 288 292 576 868 a
1 2 4 8 16 24 48 72 144 288 292 580 868 b
1 2 4 8 16 24 48 72 144 288 432 434 868 b
1 2 4 8 16 24 48 72 144 288 432 436 868 b
1 2 4 8 16 24 48 72 144 288 432 864 868 b
1 2 4 8 16 24 48 72 144 288 576 580 868 b
1 2 4 8 16 24 48 72 144 288 576 864 868 b
1 2 4 8 16 24 48 96 97 120 217 434 868 a
1 2 4 8 16 24 48 96 97 121 217 434 868 b
1 2 4 8 16 24 48 96 97 193 217 434 868 b
1 2 4 8 16 24 48 96 97 193 241 434 868 b
1 2 4 8 16 24 48 96 97 193 386 434 868 b
1 2 4 8 16 24 48 96 97 193 386 482 868 b
1 2 4 8 16 24 48 96 97 193 386 772 868 b
1 2 4 8 16 24 48 96 100 192 384 484 868 a
1 2 4 8 16 24 48 96 100 192 384 768 868 a
1 2 4 8 16 24 48 96 120 121 217 434 868 b
1 2 4 8 16 24 48 96 120 216 217 434 868 b
1 2 4 8 16 24 48 96 120 216 218 434 868 b
1 2 4 8 16 24 48 96 120 216 432 434 868 b
1 2 4 8 16 24 48 96 120 216 432 436 868 b
1 2 4 8 16 24 48 96 120 216 432 864 868 b
1 2 4 8 16 24 48 96 144 145 289 434 868 b
1 2 4 8 16 24 48 96 144 145 290 434 868 b
1 2 4 8 16 24 48 96 144 146 288 434 868 a
1 2 4 8 16 24 48 96 144 146 290 434 868 b
1 2 4 8 16 24 48 96 144 288 290 434 868 b
1 2 4 8 16 24 48 96 144 288 290 578 868 b
1 2 4 8 16 24 48 96 144 288 290 580 868 b
1 2 4 8 16 24 48 96 144 288 292 576 868 a
1 2 4 8 16 24 48 96 144 288 292 580 868 b
1 2 4 8 16 24 48 96 144 288 432 434 868 b
1 2 4 8 16 24 48 96 144 288 432 436 868 b
1 2 4 8 16 24 48 96 144 288 432 864 868 b
1 2 4 8 16 24 48 96 144 288 576 580 868 b
1 2 4 8 16 24 48 96 144 288 576 864 868 b
1 2 4 8 16 24 48 96 192 193 217 434 868 b
1 2 4 8 16 24 48 96 192 193 241 434 868 b
1 2 4 8 16 24 48 96 192 193 386 434 868 b
1 2 4 8 16 24 48 96 192 193 386 482 868 b
1 2 4 8 16 24 48 96 192 193 386 772 868 b
1 2 4 8 16 24 48 96 192 194 240 434 868 a
1 2 4 8 16 24 48 96 192 194 242 434 868 b
1 2 4 8 16 24 48 96 192 194 386 434 868 b
1 2 4 8 16 24 48 96 192 194 386 482 868 b
1 2 4 8 16 24 48 96 192 194 386 772 868 b
1 2 4 8 16 24 48 96 192 216 217 434 868 b
1 2 4 8 16 24 48 96 192 216 218 434 868 b
1 2 4 8 16 24 48 96 192 216 432 434 868 b
1 2 4 8 16 24 48 96 192 216 432 436 868 b
1 2 4 8 16 24 48 96 192 216 432 864 868 b
1 2 4 8 16 24 48 96 192 240 242 434 868 b
1 2 4 8 16 24 48 96 192 240 432 434 868 b
1 2 4 8 16 24 48 96 192 240 432 436 868 b
1 2 4 8 16 24 48 96 192 240 432 864 868 b
1 2 4 8 16 24 48 96 192 288 290 578 868 b
1 2 4 8 16 24 48 96 192 288 290 580 868 b
1 2 4 8 16 24 48 96 192 288 292 576 868 a
1 2 4 8 16 24 48 96 192 288 292 580 868 b
1 2 4 8 16 24 48 96 192 288 576 580 868 b
1 2 4 8 16 24 48 96 192 288 576 864 868 b
1 2 4 8 16 24 48 96 192 384 386 434 868 b
1 2 4 8 16 24 48 96 192 384 386 482 868 b
1 2 4 8 16 24 48 96 192 384 386 772 868 b
1 2 4 8 16 24 48 96 192 384 388 480 868 a
1 2 4 8 16 24 48 96 192 384 388 484 868 b
1 2 4 8 16 24 48 96 192 384 388 772 868 b
1 2 4 8 16 24 48 96 192 384 432 434 868 b
1 2 4 8 16 24 48 96 192 384 432 436 868 b
1 2 4 8 16 24 48 96 192 384 432 864 868 b
1 2 4 8 16 24 48 96 192 384 480 484 868 b
1 2 4 8 16 24 48 96 192 384 480 864 868 b
1 2 4 8 16 24 48 96 192 384 768 772 868 b
1 2 4 8 16 24 48 96 192 384 768 864 868 b
1 2 4 8 16 32 34 50 100 200 234 434 868 b
1 2 4 8 16 32 34 50 100 200 400 434 868 b
1 2 4 8 16 32 34 66 100 200 234 434 868 b
1 2 4 8 16 32 34 66 100 200 400 434 868 b
1 2 4 8 16 32 34 68 100 200 234 434 868 b
1 2 4 8 16 32 34 68 100 200 400 434 868 b
1 2 4 8 16 32 34 68 100 200 400 468 868 b
1 2 4 8 16 32 34 68 100 200 400 800 868 b
1 2 4 8 16 32 36 52 104 208 416 452 868 b
1 2 4 8 16 32 36 52 104 208 416 832 868 b
1 2 4 8 16 32 36 68 100 200 400 468 868 b
1 2 4 8 16 32 36 68 100 200 400 800 868 b
1 2 4 8 16 32 36 68 104 208 416 452 868 b
1 2 4 8 16 32 36 68 104 208 416 832 868 b
1 2 4 8 16 32 36 72 73 144 217 434 868 a
1 2 4 8 16 32 36 72 73 145 217 434 868 b
1 2 4 8 16 32 36 72 104 208 416 452 868 b
1 2 4 8 16 32 36 72 104 208 416 832 868 b
1 2 4 8 16 32 36 72 108 109 217 434 868 b
1 2 4 8 16 32 36 72 108 216 217 434 868 b
1 2 4 8 16 32 36 72 108 216 218 434 868 b
1 2 4 8 16 32 36 72 108 216 432 434 868 b
1 2 4 8 16 32 36 72 108 216 432 436 868 b
1 2 4 8 16 32 36 72 108 216 432 864 868 b
1 2 4 8 16 32 36 72 144 145 217 434 868 b
1 2 4 8 16 32 36 72 144 145 289 434 868 b
1 2 4 8 16 32 36 72 144 145 290 434 868 b
1 2 4 8 16 32 36 72 144 146 288 434 868 a
1 2 4 8 16 32 36 72 144 146 290 434 868 b
1 2 4 8 16 32 36 72 144 216 217 434 868 b
1 2 4 8 16 32 36 72 144 216 218 434 868 b
1 2 4 8 16 32 36 72 144 216 432 434 868 b
1 2 4 8 16 32 36 72 144 216 432 436 868 b
1 2 4 8 16 32 36 72 144 216 432 864 868 b
1 2 4 8 16 32 36 72 144 288 290 434 868 b
1 2 4 8 16 32 36 72 144 288 290 578 868 b
1 2 4 8 16 32 36 72 144 288 290 580 868 b
1 2 4 8 16 32 36 72 144 288 292 576 868 a
1 2 4 8 16 32 36 72 144 288 292 580 868 b
1 2 4 8 16 32 36 72 144 288 432 434 868 b
1 2 4 8 16 32 36 72 144 288 432 436 868 b
1 2 4 8 16 32 36 72 144 288 432 864 868 b
1 2 4 8 16 32 36 72 144 288 576 580 868 b
1 2 4 8 16 32 36 72 144 288 576 864 868 b
1 2 4 8 16 32 40 72 73 144 217 434 868 a
1 2 4 8 16 32 40 72 73 145 217 434 868 b
1 2 4 8 16 32 40 72 144 145 217 434 868 b
1 2 4 8 16 32 40 72 144 145 289 434 868 b
1 2 4 8 16 32 40 72 144 145 290 434 868 b
1 2 4 8 16 32 40 72 144 146 288 434 868 a
1 2 4 8 16 32 40 72 144 146 290 434 868 b
1 2 4 8 16 32 40 72 144 216 217 434 868 b
1 2 4 8 16 32 40 72 144 216 218 434 868 b
1 2 4 8 16 32 40 72 144 216 432 434 868 b
1 2 4 8 16 32 40 72 144 216 432 436 868 b
1 2 4 8 16 32 40 72 144 216 432 864 868 b
1 2 4 8 16 32 40 72 144 288 290 434 868 b
1 2 4 8 16 32 40 72 144 288 290 578 868 b
1 2 4 8 16 32 40 72 144 288 290 580 868 b
1 2 4 8 16 32 40 72 144 288 292 576 868 a
1 2 4 8 16 32 40 72 144 288 292 580 868 b
1 2 4 8 16 32 40 72 144 288 432 434 868 b
1 2 4 8 16 32 40 72 144 288 432 436 868 b
1 2 4 8 16 32 40 72 144 288 432 864 868 b
1 2 4 8 16 32 40 72 144 288 576 580 868 b
1 2 4 8 16 32 40 72 144 288 576 864 868 b
1 2 4 8 16 32 48 50 96 192 242 434 868 a
1 2 4 8 16 32 48 50 96 192 384 434 868 a
1 2 4 8 16 32 48 96 97 193 241 434 868 b
1 2 4 8 16 32 48 96 97 193 386 434 868 b
1 2 4 8 16 32 48 96 97 193 386 482 868 b
1 2 4 8 16 32 48 96 97 193 386 772 868 b
1 2 4 8 16 32 48 96 100 192 384 484 868 a
1 2 4 8 16 32 48 96 100 192 384 768 868 a
1 2 4 8 16 32 48 96 144 145 289 434 868 b
1 2 4 8 16 32 48 96 144 145 290 434 868 b
1 2 4 8 16 32 48 96 144 146 288 434 868 a
1 2 4 8 16 32 48 96 144 146 290 434 868 b
1 2 4 8 16 32 48 96 144 288 290 434 868 b
1 2 4 8 16 32 48 96 144 288 290 578 868 b
1 2 4 8 16 32 48 96 144 288 290 580 868 b
1 2 4 8 16 32 48 96 144 288 292 576 868 a
1 2 4 8 16 32 48 96 144 288 292 580 868 b
1 2 4 8 16 32 48 96 144 288 432 434 868 b
1 2 4 8 16 32 48 96 144 288 432 436 868 b
1 2 4 8 16 32 48 96 144 288 432 864 868 b
1 2 4 8 16 32 48 96 144 288 576 580 868 b
1 2 4 8 16 32 48 96 144 288 576 864 868 b
1 2 4 8 16 32 48 96 192 193 241 434 868 b
1 2 4 8 16 32 48 96 192 193 386 434 868 b
1 2 4 8 16 32 48 96 192 193 386 482 868 b
1 2 4 8 16 32 48 96 192 193 386 772 868 b
1 2 4 8 16 32 48 96 192 194 240 434 868 a
1 2 4 8 16 32 48 96 192 194 242 434 868 b
1 2 4 8 16 32 48 96 192 194 386 434 868 b
1 2 4 8 16 32 48 96 192 194 386 482 868 b
1 2 4 8 16 32 48 96 192 194 386 772 868 b
1 2 4 8 16 32 48 96 192 240 242 434 868 b
1 2 4 8 16 32 48 96 192 240 432 434 868 b
1 2 4 8 16 32 48 96 192 240 432 436 868 b
1 2 4 8 16 32 48 96 192 240 432 864 868 b
1 2 4 8 16 32 48 96 192 288 290 578 868 b
1 2 4 8 16 32 48 96 192 288 290 580 868 b
1 2 4 8 16 32 48 96 192 288 292 576 868 a
1 2 4 8 16 32 48 96 192 288 292 580 868 b
1 2 4 8 16 32 48 96 192 288 576 580 868 b
1 2 4 8 16 32 48 96 192 288 576 864 868 b
1 2 4 8 16 32 48 96 192 384 386 434 868 b
1 2 4 8 16 32 48 96 192 384 386 482 868 b
1 2 4 8 16 32 48 96 192 384 386 772 868 b
1 2 4 8 16 32 48 96 192 384 388 480 868 a
1 2 4 8 16 32 48 96 192 384 388 484 868 b
1 2 4 8 16 32 48 96 192 384 388 772 868 b
1 2 4 8 16 32 48 96 192 384 432 434 868 b
1 2 4 8 16 32 48 96 192 384 432 436 868 b
1 2 4 8 16 32 48 96 192 384 432 864 868 b
1 2 4 8 16 32 48 96 192 384 480 484 868 b
1 2 4 8 16 32 48 96 192 384 480 864 868 b
1 2 4 8 16 32 48 96 192 384 768 772 868 b
1 2 4 8 16 32 48 96 192 384 768 864 868 b
1 2 4 8 16 32 64 68 100 200 400 468 868 b
1 2 4 8 16 32 64 68 100 200 400 800 868 b
1 2 4 8 16 32 64 68 132 200 400 468 868 b
1 2 4 8 16 32 64 68 132 200 400 800 868 b
1 2 4 8 16 32 64 68 136 200 400 468 868 b
1 2 4 8 16 32 64 68 136 200 400 800 868 b
1 2 4 8 16 32 64 72 73 144 217 434 868 a
1 2 4 8 16 32 64 72 73 145 217 434 868 b
1 2 4 8 16 32 64 72 144 145 217 434 868 b
1 2 4 8 16 32 64 72 144 145 289 434 868 b
1 2 4 8 16 32 64 72 144 145 290 434 868 b
1 2 4 8 16 32 64 72 144 146 288 434 868 a
1 2 4 8 16 32 64 72 144 146 290 434 868 b
1 2 4 8 16 32 64 72 144 216 217 434 868 b
1 2 4 8 16 32 64 72 144 216 218 434 868 b
1 2 4 8 16 32 64 72 144 216 432 434 868 b
1 2 4 8 16 32 64 72 144 216 432 436 868 b
1 2 4 8 16 32 64 72 144 216 432 864 868 b
1 2 4 8 16 32 64 72 144 288 290 434 868 b
1 2 4 8 16 32 64 72 144 288 290 578 868 b
1 2 4 8 16 32 64 72 144 288 290 580 868 b
1 2 4 8 16 32 64 72 144 288 292 576 868 a
1 2 4 8 16 32 64 72 144 288 292 580 868 b
1 2 4 8 16 32 64 72 144 288 432 434 868 b
1 2 4 8 16 32 64 72 144 288 432 436 868 b
1 2 4 8 16 32 64 72 144 288 432 864 868 b
1 2 4 8 16 32 64 72 144 288 576 580 868 b
1 2 4 8 16 32 64 72 144 288 576 864 868 b
1 2 4 8 16 32 64 80 144 145 289 434 868 b
1 2 4 8 16 32 64 80 144 145 290 434 868 b
1 2 4 8 16 32 64 80 144 146 288 434 868 a
1 2 4 8 16 32 64 80 144 146 290 434 868 b
1 2 4 8 16 32 64 80 144 288 290 434 868 b
1 2 4 8 16 32 64 80 144 288 290 578 868 b
1 2 4 8 16 32 64 80 144 288 290 580 868 b
1 2 4 8 16 32 64 80 144 288 292 576 868 a
1 2 4 8 16 32 64 80 144 288 292 580 868 b
1 2 4 8 16 32 64 80 144 288 432 434 868 b
1 2 4 8 16 32 64 80 144 288 432 436 868 b
1 2 4 8 16 32 64 80 144 288 432 864 868 b
1 2 4 8 16 32 64 80 144 288 576 580 868 b
1 2 4 8 16 32 64 80 144 288 576 864 868 b
1 2 4 8 16 32 64 96 97 193 386 482 868 b
1 2 4 8 16 32 64 96 97 193 386 772 868 b
1 2 4 8 16 32 64 96 100 192 384 484 868 a
1 2 4 8 16 32 64 96 100 192 384 768 868 a
1 2 4 8 16 32 64 96 192 193 386 482 868 b
1 2 4 8 16 32 64 96 192 193 386 772 868 b
1 2 4 8 16 32 64 96 192 194 386 482 868 b
1 2 4 8 16 32 64 96 192 194 386 772 868 b
1 2 4 8 16 32 64 96 192 288 290 578 868 b
1 2 4 8 16 32 64 96 192 288 290 580 868 b
1 2 4 8 16 32 64 96 192 288 292 576 868 a
1 2 4 8 16 32 64 96 192 288 292 580 868 b
1 2 4 8 16 32 64 96 192 288 576 580 868 b
1 2 4 8 16 32 64 96 192 288 576 864 868 b
1 2 4 8 16 32 64 96 192 384 386 482 868 b
1 2 4 8 16 32 64 96 192 384 386 772 868 b
1 2 4 8 16 32 64 96 192 384 388 480 868 a
1 2 4 8 16 32 64 96 192 384 388 484 868 b
1 2 4 8 16 32 64 96 192 384 388 772 868 b
1 2 4 8 16 32 64 96 192 384 480 484 868 b
1 2 4 8 16 32 64 96 192 384 480 864 868 b
1 2 4 8 16 32 64 96 192 384 768 772 868 b
1 2 4 8 16 32 64 96 192 384 768 864 868 b
1 2 4 8 16 32 64 128 144 145 289 434 868 b
1 2 4 8 16 32 64 128 144 145 290 434 868 b
1 2 4 8 16 32 64 128 144 146 288 434 868 a
1 2 4 8 16 32 64 128 144 146 290 434 868 b
1 2 4 8 16 32 64 128 144 288 290 434 868 b
1 2 4 8 16 32 64 128 144 288 290 578 868 b
1 2 4 8 16 32 64 128 144 288 290 580 868 b
1 2 4 8 16 32 64 128 144 288 292 576 868 a
1 2 4 8 16 32 64 128 144 288 292 580 868 b
1 2 4 8 16 32 64 128 144 288 432 434 868 b
1 2 4 8 16 32 64 128 144 288 432 436 868 b
1 2 4 8 16 32 64 128 144 288 432 864 868 b
1 2 4 8 16 32 64 128 144 288 576 580 868 b
1 2 4 8 16 32 64 128 144 288 576 864 868 b
1 2 4 8 16 32 64 128 160 288 290 578 868 b
1 2 4 8 16 32 64 128 160 288 290 580 868 b
1 2 4 8 16 32 64 128 160 288 292 576 868 a
1 2 4 8 16 32 64 128 160 288 292 580 868 b
1 2 4 8 16 32 64 128 160 288 576 580 868 b
1 2 4 8 16 32 64 128 160 288 576 864 868 b
1 2 4 8 16 32 64 128 256 288 290 578 868 b
1 2 4 8 16 32 64 128 256 288 290 580 868 b
1 2 4 8 16 32 64 128 256 288 292 576 868 a
1 2 4 8 16 32 64 128 256 288 292 580 868 b
1 2 4 8 16 32 64 128 256 288 576 580 868 b
1 2 4 8 16 32 64 128 256 288 576 864 868 b
