1 2 3 5 10 20 40 80 160 163 323 486 809 b
1 2 3 5 10 20 40 80 160 163 323 646 809 b
1 2 3 6 12 24 25 49 98 196 392 417 809 b
1 2 3 6 12 24 25 49 98 196 392 784 809 b
1 2 4 6 12 24 25 49 98 196 392 417 809 b
1 2 4 6 12 24 25 49 98 196 392 784 809 b
1 2 4 8 9 16 25 50 100 200 400 409 809 a
1 2 4 8 9 16 25 50 100 200 400 800 809 a
1 2 4 8 9 17 25 50 100 200 400 409 809 b
1 2 4 8 9 17 25 50 100 200 400 800 809 b
1 2 4 8 12 24 25 49 98 196 392 417 809 b
1 2 4 8 12 24 25 49 98 196 392 784 809 b
1 2 4 8 16 17 33 66 99 198 396 413 809 b
1 2 4 8 16 17 33 66 99 198 396 792 809 b
1 2 4 8 16 17 33 66 132 198 396 413 809 b
1 2 4 8 16 17 33 66 132 198 396 792 809 b
1 2 4 8 16 17 33 66 132 264 281 528 809 a
1 2 4 8 16 17 33 66 132 264 281 545 809 b
1 2 4 8 16 17 33 66 132 264 396 413 809 b
1 2 4 8 16 17 33 66 132 264 396 792 809 b
1 2 4 8 16 17 33 66 132 264 528 545 809 b
1 2 4 8 16 17 33 66 132 264 528 792 809 b
1 2 4 8 16 24 25 49 98 196 392 417 809 b
1 2 4 8 16 24 25 49 98 196 392 784 809 b
1 2 4 8 16 32 33 64 97 194 388 421 809 a
1 2 4 8 16 32 33 64 97 194 388 776 809 a
1 2 4 8 16 32 33 65 97 194 388 421 809 b
1 2 4 8 16 32 33 65 97 194 388 776 809 b
