1 2 3 5 8 13 26 52 57 109 218 436 872 b
1 2 3 5 8 13 26 52 104 109 218 436 872 b
1 2 3 5 10 13 26 52 57 109 218 436 872 b
1 2 3 5 10 13 26 52 104 109 218 436 872 b
1 2 3 5 10 13 26 52 104 114 218 436 872 b
1 2 3 5 10 13 26 52 104 208 218 436 872 b
1 2 3 5 10 20 23 43 66 109 218 436 872 b
1 2 3 5 10 20 23 43 86 109 218 436 872 b
1 2 3 6 9 18 27 54 55 109 218 436 872 b
1 2 3 6 9 18 27 54 108 109 218 436 872 b
1 2 3 6 9 18 27 54 108 110 218 436 872 b
1 2 3 6 9 18 27 54 108 216 218 436 872 b
1 2 3 6 9 18 36 37 72 109 218 436 872 a
1 2 3 6 9 18 36 37 73 109 218 436 872 b
1 2 3 6 9 18 36 54 55 109 218 436 872 b
1 2 3 6 9 18 36 54 108 109 218 436 872 b
1 2 3 6 9 18 36 54 108 110 218 436 872 b
1 2 3 6 9 18 36 54 108 216 218 436 872 b
1 2 3 6 9 18 36 72 73 109 218 436 872 b
1 2 3 6 9 18 36 72 73 145 218 436 872 b
1 2 3 6 9 18 36 72 73 146 218 436 872 b
1 2 3 6 9 18 36 72 74 144 218 436 872 a
1 2 3 6 9 18 36 72 74 146 218 436 872 b
1 2 3 6 9 18 36 72 108 109 218 436 872 b
1 2 3 6 9 18 36 72 108 110 218 436 872 b
1 2 3 6 9 18 36 72 108 216 218 436 872 b
1 2 3 6 9 18 36 72 144 146 218 436 872 b
1 2 3 6 9 18 36 72 144 146 290 436 872 b
1 2 3 6 9 18 36 72 144 146 292 436 872 b
1 2 3 6 9 18 36 72 144 216 218 436 872 b
1 2 3 6 12 13 24 48 61 109 218 436 872 a
1 2 3 6 12 13 24 48 96 109 218 436 872 a
1 2 3 6 12 15 27 54 55 109 218 436 872 b
1 2 3 6 12 15 27 54 108 109 218 436 872 b
1 2 3 6 12 15 27 54 108 110 218 436 872 b
1 2 3 6 12 15 27 54 108 216 218 436 872 b
1 2 3 6 12 18 36 37 72 109 218 436 872 a
1 2 3 6 12 18 36 37 73 109 218 436 872 b
1 2 3 6 12 18 36 54 55 109 218 436 872 b
1 2 3 6 12 18 36 54 108 109 218 436 872 b
1 2 3 6 12 18 36 54 108 110 218 436 872 b
1 2 3 6 12 18 36 54 108 216 218 436 872 b
1 2 3 6 12 18 36 72 73 109 218 436 872 b
1 2 3 6 12 18 36 72 73 145 218 436 872 b
1 2 3 6 12 18 36 72 73 146 218 436 872 b
1 2 3 6 12 18 36 72 74 144 218 436 872 a
1 2 3 6 12 18 36 72 74 146 218 436 872 b
1 2 3 6 12 18 36 72 108 109 218 436 872 b
1 2 3 6 12 18 36 72 108 110 218 436 872 b
1 2 3 6 12 18 36 72 108 216 218 436 872 b
1 2 3 6 12 18 36 72 144 146 218 436 872 b
1 2 3 6 12 18 36 72 144 146 290 436 872 b
1 2 3 6 12 18 36 72 144 146 292 436 872 b
1 2 3 6 12 18 36 72 144 216 218 436 872 b
1 2 3 6 12 24 26 48 96 122 218 436 872 a
1 2 3 6 12 24 26 48 96 192 218 436 872 a
1 2 3 6 12 24 27 54 55 109 218 436 872 b
1 2 3 6 12 24 27 54 108 109 218 436 872 b
1 2 3 6 12 24 27 54 108 110 218 436 872 b
1 2 3 6 12 24 27 54 108 216 218 436 872 b
1 2 3 6 12 24 30 54 55 109 218 436 872 b
1 2 3 6 12 24 30 54 108 109 218 436 872 b
1 2 3 6 12 24 30 54 108 110 218 436 872 b
1 2 3 6 12 24 30 54 108 216 218 436 872 b
1 2 3 6 12 24 36 37 72 109 218 436 872 a
1 2 3 6 12 24 36 37 73 109 218 436 872 b
1 2 3 6 12 24 36 72 73 109 218 436 872 b
1 2 3 6 12 24 36 72 73 145 218 436 872 b
1 2 3 6 12 24 36 72 73 146 218 436 872 b
1 2 3 6 12 24 36 72 74 144 218 436 872 a
1 2 3 6 12 24 36 72 74 146 218 436 872 b
1 2 3 6 12 24 36 72 108 109 218 436 872 b
1 2 3 6 12 24 36 72 108 110 218 436 872 b
1 2 3 6 12 24 36 72 108 216 218 436 872 b
1 2 3 6 12 24 36 72 144 146 218 436 872 b
1 2 3 6 12 24 36 72 144 146 290 436 872 b
1 2 3 6 12 24 36 72 144 146 292 436 872 b
1 2 3 6 12 24 36 72 144 216 218 436 872 b
1 2 3 6 12 24 48 49 60 109 218 436 872 a
1 2 3 6 12 24 48 49 61 109 218 436 872 b
1 2 3 6 12 24 48 49 97 109 218 436 872 b
1 2 3 6 12 24 48 49 97 121 218 436 872 b
1 2 3 6 12 24 48 49 97 194 218 436 872 b
1 2 3 6 12 24 48 49 97 194 242 436 872 b
1 2 3 6 12 24 48 49 97 194 388 436 872 b
1 2 3 6 12 24 48 54 55 109 218 436 872 b
1 2 3 6 12 24 48 54 108 109 218 436 872 b
1 2 3 6 12 24 48 54 108 110 218 436 872 b
1 2 3 6 12 24 48 54 108 216 218 436 872 b
1 2 3 6 12 24 48 60 61 109 218 436 872 b
1 2 3 6 12 24 48 60 108 109 218 436 872 b
1 2 3 6 12 24 48 60 108 110 218 436 872 b
1 2 3 6 12 24 48 60 108 216 218 436 872 b
1 2 3 6 12 24 48 72 73 145 218 436 872 b
1 2 3 6 12 24 48 72 73 146 218 436 872 b
1 2 3 6 12 24 48 72 74 144 218 436 872 a
1 2 3 6 12 24 48 72 74 146 218 436 872 b
1 2 3 6 12 24 48 72 144 146 218 436 872 b
1 2 3 6 12 24 48 72 144 146 290 436 872 b
1 2 3 6 12 24 48 72 144 146 292 436 872 b
1 2 3 6 12 24 48 72 144 216 218 436 872 b
1 2 3 6 12 24 48 96 97 109 218 436 872 b
1 2 3 6 12 24 48 96 97 121 218 436 872 b
1 2 3 6 12 24 48 96 97 194 218 436 872 b
1 2 3 6 12 24 48 96 97 194 242 436 872 b
1 2 3 6 12 24 48 96 97 194 388 436 872 b
1 2 3 6 12 24 48 96 97 194 388 484 872 b
1 2 3 6 12 24 48 96 97 194 388 776 872 b
1 2 3 6 12 24 48 96 98 120 218 436 872 a
1 2 3 6 12 24 48 96 98 122 218 436 872 b
1 2 3 6 12 24 48 96 98 194 218 436 872 b
1 2 3 6 12 24 48 96 98 194 242 436 872 b
1 2 3 6 12 24 48 96 98 194 388 436 872 b
1 2 3 6 12 24 48 96 98 194 388 484 872 b
1 2 3 6 12 24 48 96 98 194 388 776 872 b
1 2 3 6 12 24 48 96 108 109 218 436 872 b
1 2 3 6 12 24 48 96 108 110 218 436 872 b
1 2 3 6 12 24 48 96 108 216 218 436 872 b
1 2 3 6 12 24 48 96 120 122 218 436 872 b
1 2 3 6 12 24 48 96 120 216 218 436 872 b
1 2 3 6 12 24 48 96 144 146 290 436 872 b
1 2 3 6 12 24 48 96 144 146 292 436 872 b
1 2 3 6 12 24 48 96 192 194 218 436 872 b
1 2 3 6 12 24 48 96 192 194 242 436 872 b
1 2 3 6 12 24 48 96 192 194 388 436 872 b
1 2 3 6 12 24 48 96 192 194 388 484 872 b
1 2 3 6 12 24 48 96 192 194 388 776 872 b
1 2 3 6 12 24 48 96 192 216 218 436 872 b
1 2 4 5 8 13 26 52 57 109 218 436 872 a
1 2 4 5 8 13 26 52 104 109 218 436 872 a
1 2 4 5 9 13 26 52 57 109 218 436 872 b
1 2 4 5 9 13 26 52 104 109 218 436 872 b
1 2 4 5 9 18 27 54 55 109 218 436 872 b
1 2 4 5 9 18 27 54 108 109 218 436 872 b
1 2 4 5 9 18 27 54 108 110 218 436 872 b
1 2 4 5 9 18 27 54 108 216 218 436 872 b
1 2 4 5 9 18 27 54 108 216 220 436 872 b
1 2 4 5 9 18 27 54 108 216 432 436 872 b
1 2 4 5 9 18 36 37 72 109 218 436 872 a
1 2 4 5 9 18 36 37 73 109 218 436 872 b
1 2 4 5 9 18 36 54 55 109 218 436 872 b
1 2 4 5 9 18 36 54 108 109 218 436 872 b
1 2 4 5 9 18 36 54 108 110 218 436 872 b
1 2 4 5 9 18 36 54 108 216 218 436 872 b
1 2 4 5 9 18 36 54 108 216 220 436 872 b
1 2 4 5 9 18 36 54 108 216 432 436 872 b
1 2 4 5 9 18 36 72 73 109 218 436 872 b
1 2 4 5 9 18 36 72 73 145 218 436 872 b
1 2 4 5 9 18 36 72 73 146 218 436 872 b
1 2 4 5 9 18 36 72 74 144 218 436 872 a
1 2 4 5 9 18 36 72 74 146 218 436 872 b
1 2 4 5 9 18 36 72 108 109 218 436 872 b
1 2 4 5 9 18 36 72 108 110 218 436 872 b
1 2 4 5 9 18 36 72 108 216 218 436 872 b
1 2 4 5 9 18 36 72 108 216 220 436 872 b
1 2 4 5 9 18 36 72 108 216 432 436 872 b
1 2 4 5 9 18 36 72 144 146 218 436 872 b
1 2 4 5 9 18 36 72 144 146 290 436 872 b
1 2 4 5 9 18 36 72 144 146 292 436 872 b
1 2 4 5 9 18 36 72 144 148 288 436 872 a
1 2 4 5 9 18 36 72 144 148 292 436 872 b
1 2 4 5 9 18 36 72 144 216 218 436 872 b
1 2 4 5 9 18 36 72 144 216 220 436 872 b
1 2 4 5 9 18 36 72 144 216 432 436 872 b
1 2 4 5 9 18 36 72 144 288 292 436 872 b
1 2 4 5 9 18 36 72 144 288 292 580 872 b
1 2 4 5 9 18 36 72 144 288 292 584 872 b
1 2 4 5 9 18 36 72 144 288 432 436 872 b
1 2 4 6 10 16 26 52 104 114 218 436 872 b
1 2 4 6 10 16 26 52 104 208 218 436 872 b
1 2 4 6 10 20 26 52 104 114 218 436 872 b
1 2 4 6 10 20 26 52 104 208 218 436 872 b
1 2 4 6 10 20 26 52 104 208 228 436 872 b
1 2 4 6 10 20 26 52 104 208 416 436 872 b
1 2 4 6 10 20 40 46 86 132 218 436 872 b
1 2 4 6 10 20 40 46 86 172 218 436 872 b
1 2 4 6 12 13 24 48 61 109 218 436 872 a
1 2 4 6 12 13 24 48 96 109 218 436 872 a
1 2 4 6 12 18 36 37 72 109 218 436 872 a
1 2 4 6 12 18 36 37 73 109 218 436 872 b
1 2 4 6 12 18 36 54 55 109 218 436 872 b
1 2 4 6 12 18 36 54 108 109 218 436 872 b
1 2 4 6 12 18 36 54 108 110 218 436 872 b
1 2 4 6 12 18 36 54 108 216 218 436 872 b
1 2 4 6 12 18 36 54 108 216 220 436 872 b
1 2 4 6 12 18 36 54 108 216 432 436 872 b
1 2 4 6 12 18 36 72 73 109 218 436 872 b
1 2 4 6 12 18 36 72 73 145 218 436 872 b
1 2 4 6 12 18 36 72 73 146 218 436 872 b
1 2 4 6 12 18 36 72 74 144 218 436 872 a
1 2 4 6 12 18 36 72 74 146 218 436 872 b
1 2 4 6 12 18 36 72 108 109 218 436 872 b
1 2 4 6 12 18 36 72 108 110 218 436 872 b
1 2 4 6 12 18 36 72 108 216 218 436 872 b
1 2 4 6 12 18 36 72 108 216 220 436 872 b
1 2 4 6 12 18 36 72 108 216 432 436 872 b
1 2 4 6 12 18 36 72 144 146 218 436 872 b
1 2 4 6 12 18 36 72 144 146 290 436 872 b
1 2 4 6 12 18 36 72 144 146 292 436 872 b
1 2 4 6 12 18 36 72 144 148 288 436 872 a
1 2 4 6 12 18 36 72 144 148 292 436 872 b
1 2 4 6 12 18 36 72 144 216 218 436 872 b
1 2 4 6 12 18 36 72 144 216 220 436 872 b
1 2 4 6 12 18 36 72 144 216 432 436 872 b
1 2 4 6 12 18 36 72 144 288 292 436 872 b
1 2 4 6 12 18 36 72 144 288 292 580 872 b
1 2 4 6 12 18 36 72 144 288 292 584 872 b
1 2 4 6 12 18 36 72 144 288 432 436 872 b
1 2 4 6 12 24 26 48 96 122 218 436 872 a
1 2 4 6 12 24 26 48 96 192 218 436 872 a
1 2 4 6 12 24 30 54 55 109 218 436 872 b
1 2 4 6 12 24 30 54 108 109 218 436 872 b
1 2 4 6 12 24 30 54 108 110 218 436 872 b
1 2 4 6 12 24 30 54 108 216 218 436 872 b
1 2 4 6 12 24 30 54 108 216 220 436 872 b
1 2 4 6 12 24 30 54 108 216 432 436 872 b
1 2 4 6 12 24 36 37 72 109 218 436 872 a
1 2 4 6 12 24 36 37 73 109 218 436 872 b
1 2 4 6 12 24 36 72 73 109 218 436 872 b
1 2 4 6 12 24 36 72 73 145 218 436 872 b
1 2 4 6 12 24 36 72 73 146 218 436 872 b
1 2 4 6 12 24 36 72 74 144 218 436 872 a
1 2 4 6 12 24 36 72 74 146 218 436 872 b
1 2 4 6 12 24 36 72 108 109 218 436 872 b
1 2 4 6 12 24 36 72 108 110 218 436 872 b
1 2 4 6 12 24 36 72 108 216 218 436 872 b
1 2 4 6 12 24 36 72 108 216 220 436 872 b
1 2 4 6 12 24 36 72 108 216 432 436 872 b
1 2 4 6 12 24 36 72 144 146 218 436 872 b
1 2 4 6 12 24 36 72 144 146 290 436 872 b
1 2 4 6 12 24 36 72 144 146 292 436 872 b
1 2 4 6 12 24 36 72 144 148 288 436 872 a
1 2 4 6 12 24 36 72 144 148 292 436 872 b
1 2 4 6 12 24 36 72 144 216 218 436 872 b
1 2 4 6 12 24 36 72 144 216 220 436 872 b
1 2 4 6 12 24 36 72 144 216 432 436 872 b
1 2 4 6 12 24 36 72 144 288 292 436 872 b
1 2 4 6 12 24 36 72 144 288 292 580 872 b
1 2 4 6 12 24 36 72 144 288 292 584 872 b
1 2 4 6 12 24 36 72 144 288 432 436 872 b
1 2 4 6 12 24 48 49 60 109 218 436 872 a
1 2 4 6 12 24 48 49 61 109 218 436 872 b
1 2 4 6 12 24 48 49 97 109 218 436 872 b
1 2 4 6 12 24 48 49 97 121 218 436 872 b
1 2 4 6 12 24 48 49 97 194 218 436 872 b
1 2 4 6 12 24 48 49 97 194 242 436 872 b
1 2 4 6 12 24 48 49 97 194 388 436 872 b
1 2 4 6 12 24 48 52 96 192 244 436 872 a
1 2 4 6 12 24 48 52 96 192 384 436 872 a
1 2 4 6 12 24 48 54 55 109 218 436 872 b
1 2 4 6 12 24 48 54 108 109 218 436 872 b
1 2 4 6 12 24 48 54 108 110 218 436 872 b
1 2 4 6 12 24 48 54 108 216 218 436 872 b
1 2 4 6 12 24 48 54 108 216 220 436 872 b
1 2 4 6 12 24 48 54 108 216 432 436 872 b
1 2 4 6 12 24 48 60 61 109 218 436 872 b
1 2 4 6 12 24 48 60 108 109 218 436 872 b
1 2 4 6 12 24 48 60 108 110 218 436 872 b
1 2 4 6 12 24 48 60 108 216 218 436 872 b
1 2 4 6 12 24 48 60 108 216 220 436 872 b
1 2 4 6 12 24 48 60 108 216 432 436 872 b
1 2 4 6 12 24 48 72 73 145 218 436 872 b
1 2 4 6 12 24 48 72 73 146 218 436 872 b
1 2 4 6 12 24 48 72 74 144 218 436 872 a
1 2 4 6 12 24 48 72 74 146 218 436 872 b
1 2 4 6 12 24 48 72 144 146 218 436 872 b
1 2 4 6 12 24 48 72 144 146 290 436 872 b
1 2 4 6 12 24 48 72 144 146 292 436 872 b
1 2 4 6 12 24 48 72 144 148 288 436 872 a
1 2 4 6 12 24 48 72 144 148 292 436 872 b
1 2 4 6 12 24 48 72 144 216 218 436 872 b
1 2 4 6 12 24 48 72 144 216 220 436 872 b
1 2 4 6 12 24 48 72 144 216 432 436 872 b
1 2 4 6 12 24 48 72 144 288 292 436 872 b
1 2 4 6 12 24 48 72 144 288 292 580 872 b
1 2 4 6 12 24 48 72 144 288 292 584 872 b
1 2 4 6 12 24 48 72 144 288 432 436 872 b
1 2 4 6 12 24 48 96 97 109 218 436 872 b
1 2 4 6 12 24 48 96 97 121 218 436 872 b
1 2 4 6 12 24 48 96 97 194 218 436 872 b
1 2 4 6 12 24 48 96 97 194 242 436 872 b
1 2 4 6 12 24 48 96 97 194 388 436 872 b
1 2 4 6 12 24 48 96 97 194 388 484 872 b
1 2 4 6 12 24 48 96 97 194 388 776 872 b
1 2 4 6 12 24 48 96 98 120 218 436 872 a
1 2 4 6 12 24 48 96 98 122 218 436 872 b
1 2 4 6 12 24 48 96 98 194 218 436 872 b
1 2 4 6 12 24 48 96 98 194 242 436 872 b
1 2 4 6 12 24 48 96 98 194 388 436 872 b
1 2 4 6 12 24 48 96 98 194 388 484 872 b
1 2 4 6 12 24 48 96 98 194 388 776 872 b
1 2 4 6 12 24 48 96 108 109 218 436 872 b
1 2 4 6 12 24 48 96 108 110 218 436 872 b
1 2 4 6 12 24 48 96 108 216 218 436 872 b
1 2 4 6 12 24 48 96 108 216 220 436 872 b
1 2 4 6 12 24 48 96 108 216 432 436 872 b
1 2 4 6 12 24 48 96 120 122 218 436 872 b
1 2 4 6 12 24 48 96 120 216 218 436 872 b
1 2 4 6 12 24 48 96 120 216 220 436 872 b
1 2 4 6 12 24 48 96 120 216 432 436 872 b
1 2 4 6 12 24 48 96 144 146 290 436 872 b
1 2 4 6 12 24 48 96 144 146 292 436 872 b
1 2 4 6 12 24 48 96 144 148 288 436 872 a
1 2 4 6 12 24 48 96 144 148 292 436 872 b
1 2 4 6 12 24 48 96 144 288 292 436 872 b
1 2 4 6 12 24 48 96 144 288 292 580 872 b
1 2 4 6 12 24 48 96 144 288 292 584 872 b
1 2 4 6 12 24 48 96 144 288 432 436 872 b
1 2 4 6 12 24 48 96 192 194 218 436 872 b
1 2 4 6 12 24 48 96 192 194 242 436 872 b
1 2 4 6 12 24 48 96 192 194 388 436 872 b
1 2 4 6 12 24 48 96 192 194 388 484 872 b
1 2 4 6 12 24 48 96 192 194 388 776 872 b
1 2 4 6 12 24 48 96 192 196 240 436 872 a
1 2 4 6 12 24 48 96 192 196 244 436 872 b
1 2 4 6 12 24 48 96 192 196 388 436 872 b
1 2 4 6 12 24 48 96 192 196 388 484 872 b
1 2 4 6 12 24 48 96 192 196 388 776 872 b
1 2 4 6 12 24 48 96 192 216 218 436 872 b
1 2 4 6 12 24 48 96 192 216 220 436 872 b
1 2 4 6 12 24 48 96 192 216 432 436 872 b
1 2 4 6 12 24 48 96 192 240 244 436 872 b
1 2 4 6 12 24 48 96 192 240 432 436 872 b
1 2 4 6 12 24 48 96 192 288 292 580 872 b
1 2 4 6 12 24 48 96 192 288 292 584 872 b
1 2 4 6 12 24 48 96 192 384 388 436 872 b
1 2 4 6 12 24 48 96 192 384 388 484 872 b
1 2 4 6 12 24 48 96 192 384 388 776 872 b
1 2 4 6 12 24 48 96 192 384 432 436 872 b
1 2 4 8 9 16 25 50 59 109 218 436 872 a
1 2 4 8 9 16 25 50 100 109 218 436 872 a
1 2 4 8 9 17 25 42 67 109 218 436 872 b
1 2 4 8 9 17 25 42 84 109 218 436 872 b
1 2 4 8 9 17 25 50 59 109 218 436 872 b
1 2 4 8 9 17 25 50 100 109 218 436 872 b
1 2 4 8 9 18 27 54 55 109 218 436 872 b
1 2 4 8 9 18 27 54 108 109 218 436 872 b
1 2 4 8 9 18 27 54 108 110 218 436 872 b
1 2 4 8 9 18 27 54 108 216 218 436 872 b
1 2 4 8 9 18 27 54 108 216 220 436 872 b
1 2 4 8 9 18 27 54 108 216 432 436 872 b
1 2 4 8 9 18 27 54 108 216 432 440 872 b
1 2 4 8 9 18 27 54 108 216 432 864 872 b
1 2 4 8 9 18 36 37 72 109 218 436 872 a
1 2 4 8 9 18 36 37 73 109 218 436 872 b
1 2 4 8 9 18 36 54 55 109 218 436 872 b
1 2 4 8 9 18 36 54 108 109 218 436 872 b
1 2 4 8 9 18 36 54 108 110 218 436 872 b
1 2 4 8 9 18 36 54 108 216 218 436 872 b
1 2 4 8 9 18 36 54 108 216 220 436 872 b
1 2 4 8 9 18 36 54 108 216 432 436 872 b
1 2 4 8 9 18 36 54 108 216 432 440 872 b
1 2 4 8 9 18 36 54 108 216 432 864 872 b
1 2 4 8 9 18 36 72 73 109 218 436 872 b
1 2 4 8 9 18 36 72 73 145 218 436 872 b
1 2 4 8 9 18 36 72 73 146 218 436 872 b
1 2 4 8 9 18 36 72 74 144 218 436 872 a
1 2 4 8 9 18 36 72 74 146 218 436 872 b
1 2 4 8 9 18 36 72 108 109 218 436 872 b
1 2 4 8 9 18 36 72 108 110 218 436 872 b
1 2 4 8 9 18 36 72 108 216 218 436 872 b
1 2 4 8 9 18 36 72 108 216 220 436 872 b
1 2 4 8 9 18 36 72 108 216 432 436 872 b
1 2 4 8 9 18 36 72 108 216 432 440 872 b
1 2 4 8 9 18 36 72 108 216 432 864 872 b
1 2 4 8 9 18 36 72 144 146 218 436 872 b
1 2 4 8 9 18 36 72 144 146 290 436 872 b
1 2 4 8 9 18 36 72 144 146 292 436 872 b
1 2 4 8 9 18 36 72 144 148 288 436 872 a
1 2 4 8 9 18 36 72 144 148 292 436 872 b
1 2 4 8 9 18 36 72 144 216 218 436 872 b
1 2 4 8 9 18 36 72 144 216 220 436 872 b
1 2 4 8 9 18 36 72 144 216 432 436 872 b
1 2 4 8 9 18 36 72 144 216 432 440 872 b
1 2 4 8 9 18 36 72 144 216 432 864 872 b
1 2 4 8 9 18 36 72 144 288 292 436 872 b
1 2 4 8 9 18 36 72 144 288 292 580 872 b
1 2 4 8 9 18 36 72 144 288 292 584 872 b
1 2 4 8 9 18 36 72 144 288 296 576 872 a
1 2 4 8 9 18 36 72 144 288 296 584 872 b
1 2 4 8 9 18 36 72 144 288 432 436 872 b
1 2 4 8 9 18 36 72 144 288 432 440 872 b
1 2 4 8 9 18 36 72 144 288 432 864 872 b
1 2 4 8 9 18 36 72 144 288 576 584 872 b
1 2 4 8 9 18 36 72 144 288 576 864 872 b
1 2 4 8 10 16 26 52 104 114 218 436 872 a
1 2 4 8 10 16 26 52 104 208 218 436 872 a
1 2 4 8 10 18 26 52 104 114 218 436 872 b
1 2 4 8 10 18 26 52 104 208 218 436 872 b
1 2 4 8 10 18 36 37 72 109 218 436 872 a
1 2 4 8 10 18 36 37 73 109 218 436 872 b
1 2 4 8 10 18 36 54 55 109 218 436 872 b
1 2 4 8 10 18 36 54 108 109 218 436 872 b
1 2 4 8 10 18 36 54 108 110 218 436 872 b
1 2 4 8 10 18 36 54 108 216 218 436 872 b
1 2 4 8 10 18 36 54 108 216 220 436 872 b
1 2 4 8 10 18 36 54 108 216 432 436 872 b
1 2 4 8 10 18 36 54 108 216 432 440 872 b
1 2 4 8 10 18 36 54 108 216 432 864 872 b
1 2 4 8 10 18 36 72 73 109 218 436 872 b
1 2 4 8 10 18 36 72 73 145 218 436 872 b
1 2 4 8 10 18 36 72 73 146 218 436 872 b
1 2 4 8 10 18 36 72 74 144 218 436 872 a
1 2 4 8 10 18 36 72 74 146 218 436 872 b
1 2 4 8 10 18 36 72 108 109 218 436 872 b
1 2 4 8 10 18 36 72 108 110 218 436 872 b
1 2 4 8 10 18 36 72 108 216 218 436 872 b
1 2 4 8 10 18 36 72 108 216 220 436 872 b
1 2 4 8 10 18 36 72 108 216 432 436 872 b
1 2 4 8 10 18 36 72 108 216 432 440 872 b
1 2 4 8 10 18 36 72 108 216 432 864 872 b
1 2 4 8 10 18 36 72 144 146 218 436 872 b
1 2 4 8 10 18 36 72 144 146 290 436 872 b
1 2 4 8 10 18 36 72 144 146 292 436 872 b
1 2 4 8 10 18 36 72 144 148 288 436 872 a
1 2 4 8 10 18 36 72 144 148 292 436 872 b
1 2 4 8 10 18 36 72 144 216 218 436 872 b
1 2 4 8 10 18 36 72 144 216 220 436 872 b
1 2 4 8 10 18 36 72 144 216 432 436 872 b
1 2 4 8 10 18 36 72 144 216 432 440 872 b
1 2 4 8 10 18 36 72 144 216 432 864 872 b
1 2 4 8 10 18 36 72 144 288 292 436 872 b
1 2 4 8 10 18 36 72 144 288 292 580 872 b
1 2 4 8 10 18 36 72 144 288 292 584 872 b
1 2 4 8 10 18 36 72 144 288 296 576 872 a
1 2 4 8 10 18 36 72 144 288 296 584 872 b
1 2 4 8 10 18 36 72 144 288 432 436 872 b
1 2 4 8 10 18 36 72 144 288 432 440 872 b
1 2 4 8 10 18 36 72 144 288 432 864 872 b
1 2 4 8 10 18 36 72 144 288 576 584 872 b
1 2 4 8 10 18 36 72 144 288 576 864 872 b
1 2 4 8 12 13 24 48 61 109 218 436 872 a
1 2 4 8 12 13 24 48 96 109 218 436 872 a
1 2 4 8 12 20 32 52 104 208 228 436 872 b
1 2 4 8 12 20 32 52 104 208 416 436 872 b
1 2 4 8 12 20 40 52 104 208 228 436 872 b
1 2 4 8 12 20 40 52 104 208 416 436 872 b
1 2 4 8 12 20 40 52 104 208 416 456 872 b
1 2 4 8 12 20 40 52 104 208 416 832 872 b
1 2 4 8 12 20 40 80 92 172 264 436 872 b
1 2 4 8 12 20 40 80 92 172 344 436 872 b
1 2 4 8 12 24 26 48 96 122 218 436 872 a
1 2 4 8 12 24 26 48 96 192 218 436 872 a
1 2 4 8 12 24 36 37 72 109 218 436 872 a
1 2 4 8 12 24 36 37 73 109 218 436 872 b
1 2 4 8 12 24 36 72 73 109 218 436 872 b
1 2 4 8 12 24 36 72 73 145 218 436 872 b
1 2 4 8 12 24 36 72 73 146 218 436 872 b
1 2 4 8 12 24 36 72 74 144 218 436 872 a
1 2 4 8 12 24 36 72 74 146 218 436 872 b
1 2 4 8 12 24 36 72 108 109 218 436 872 b
1 2 4 8 12 24 36 72 108 110 218 436 872 b
1 2 4 8 12 24 36 72 108 216 218 436 872 b
1 2 4 8 12 24 36 72 108 216 220 436 872 b
1 2 4 8 12 24 36 72 108 216 432 436 872 b
1 2 4 8 12 24 36 72 108 216 432 440 872 b
1 2 4 8 12 24 36 72 108 216 432 864 872 b
1 2 4 8 12 24 36 72 144 146 218 436 872 b
1 2 4 8 12 24 36 72 144 146 290 436 872 b
1 2 4 8 12 24 36 72 144 146 292 436 872 b
1 2 4 8 12 24 36 72 144 148 288 436 872 a
1 2 4 8 12 24 36 72 144 148 292 436 872 b
1 2 4 8 12 24 36 72 144 216 218 436 872 b
1 2 4 8 12 24 36 72 144 216 220 436 872 b
1 2 4 8 12 24 36 72 144 216 432 436 872 b
1 2 4 8 12 24 36 72 144 216 432 440 872 b
1 2 4 8 12 24 36 72 144 216 432 864 872 b
1 2 4 8 12 24 36 72 144 288 292 436 872 b
1 2 4 8 12 24 36 72 144 288 292 580 872 b
1 2 4 8 12 24 36 72 144 288 292 584 872 b
1 2 4 8 12 24 36 72 144 288 296 576 872 a
1 2 4 8 12 24 36 72 144 288 296 584 872 b
1 2 4 8 12 24 36 72 144 288 432 436 872 b
1 2 4 8 12 24 36 72 144 288 432 440 872 b
1 2 4 8 12 24 36 72 144 288 432 864 872 b
1 2 4 8 12 24 36 72 144 288 576 584 872 b
1 2 4 8 12 24 36 72 144 288 576 864 872 b
1 2 4 8 12 24 48 49 60 109 218 436 872 a
1 2 4 8 12 24 48 49 61 109 218 436 872 b
1 2 4 8 12 24 48 49 97 109 218 436 872 b
1 2 4 8 12 24 48 49 97 121 218 436 872 b
1 2 4 8 12 24 48 49 97 194 218 436 872 b
1 2 4 8 12 24 48 49 97 194 242 436 872 b
1 2 4 8 12 24 48 49 97 194 388 436 872 b
1 2 4 8 12 24 48 52 96 192 244 436 872 a
1 2 4 8 12 24 48 52 96 192 384 436 872 a
1 2 4 8 12 24 48 60 61 109 218 436 872 b
1 2 4 8 12 24 48 60 108 109 218 436 872 b
1 2 4 8 12 24 48 60 108 110 218 436 872 b
1 2 4 8 12 24 48 60 108 216 218 436 872 b
1 2 4 8 12 24 48 60 108 216 220 436 872 b
1 2 4 8 12 24 48 60 108 216 432 436 872 b
1 2 4 8 12 24 48 60 108 216 432 440 872 b
1 2 4 8 12 24 48 60 108 216 432 864 872 b
1 2 4 8 12 24 48 72 73 145 218 436 872 b
1 2 4 8 12 24 48 72 73 146 218 436 872 b
1 2 4 8 12 24 48 72 74 144 218 436 872 a
1 2 4 8 12 24 48 72 74 146 218 436 872 b
1 2 4 8 12 24 48 72 144 146 218 436 872 b
1 2 4 8 12 24 48 72 144 146 290 436 872 b
1 2 4 8 12 24 48 72 144 146 292 436 872 b
1 2 4 8 12 24 48 72 144 148 288 436 872 a
1 2 4 8 12 24 48 72 144 148 292 436 872 b
1 2 4 8 12 24 48 72 144 216 218 436 872 b
1 2 4 8 12 24 48 72 144 216 220 436 872 b
1 2 4 8 12 24 48 72 144 216 432 436 872 b
1 2 4 8 12 24 48 72 144 216 432 440 872 b
1 2 4 8 12 24 48 72 144 216 432 864 872 b
1 2 4 8 12 24 48 72 144 288 292 436 872 b
1 2 4 8 12 24 48 72 144 288 292 580 872 b
1 2 4 8 12 24 48 72 144 288 292 584 872 b
1 2 4 8 12 24 48 72 144 288 296 576 872 a
1 2 4 8 12 24 48 72 144 288 296 584 872 b
1 2 4 8 12 24 48 72 144 288 432 436 872 b
1 2 4 8 12 24 48 72 144 288 432 440 872 b
1 2 4 8 12 24 48 72 144 288 432 864 872 b
1 2 4 8 12 24 48 72 144 288 576 584 872 b
1 2 4 8 12 24 48 72 144 288 576 864 872 b
1 2 4 8 12 24 48 96 97 109 218 436 872 b
1 2 4 8 12 24 48 96 97 121 218 436 872 b
1 2 4 8 12 24 48 96 97 194 218 436 872 b
1 2 4 8 12 24 48 96 97 194 242 436 872 b
1 2 4 8 12 24 48 96 97 194 388 436 872 b
1 2 4 8 12 24 48 96 97 194 388 484 872 b
1 2 4 8 12 24 48 96 97 194 388 776 872 b
1 2 4 8 12 24 48 96 98 120 218 436 872 a
1 2 4 8 12 24 48 96 98 122 218 436 872 b
1 2 4 8 12 24 48 96 98 194 218 436 872 b
1 2 4 8 12 24 48 96 98 194 242 436 872 b
1 2 4 8 12 24 48 96 98 194 388 436 872 b
1 2 4 8 12 24 48 96 98 194 388 484 872 b
1 2 4 8 12 24 48 96 98 194 388 776 872 b
1 2 4 8 12 24 48 96 104 192 384 488 872 a
1 2 4 8 12 24 48 96 104 192 384 768 872 a
1 2 4 8 12 24 48 96 108 109 218 436 872 b
1 2 4 8 12 24 48 96 108 110 218 436 872 b
1 2 4 8 12 24 48 96 108 216 218 436 872 b
1 2 4 8 12 24 48 96 108 216 220 436 872 b
1 2 4 8 12 24 48 96 108 216 432 436 872 b
1 2 4 8 12 24 48 96 108 216 432 440 872 b
1 2 4 8 12 24 48 96 108 216 432 864 872 b
1 2 4 8 12 24 48 96 120 122 218 436 872 b
1 2 4 8 12 24 48 96 120 216 218 436 872 b
1 2 4 8 12 24 48 96 120 216 220 436 872 b
1 2 4 8 12 24 48 96 120 216 432 436 872 b
1 2 4 8 12 24 48 96 120 216 432 440 872 b
1 2 4 8 12 24 48 96 120 216 432 864 872 b
1 2 4 8 12 24 48 96 144 146 290 436 872 b
1 2 4 8 12 24 48 96 144 146 292 436 872 b
1 2 4 8 12 24 48 96 144 148 288 436 872 a
1 2 4 8 12 24 48 96 144 148 292 436 872 b
1 2 4 8 12 24 48 96 144 288 292 436 872 b
1 2 4 8 12 24 48 96 144 288 292 580 872 b
1 2 4 8 12 24 48 96 144 288 292 584 872 b
1 2 4 8 12 24 48 96 144 288 296 576 872 a
1 2 4 8 12 24 48 96 144 288 296 584 872 b
1 2 4 8 12 24 48 96 144 288 432 436 872 b
1 2 4 8 12 24 48 96 144 288 432 440 872 b
1 2 4 8 12 24 48 96 144 288 432 864 872 b
1 2 4 8 12 24 48 96 144 288 576 584 872 b
1 2 4 8 12 24 48 96 144 288 576 864 872 b
1 2 4 8 12 24 48 96 192 194 218 436 872 b
1 2 4 8 12 24 48 96 192 194 242 436 872 b
1 2 4 8 12 24 48 96 192 194 388 436 872 b
1 2 4 8 12 24 48 96 192 194 388 484 872 b
1 2 4 8 12 24 48 96 192 194 388 776 872 b
1 2 4 8 12 24 48 96 192 196 240 436 872 a
1 2 4 8 12 24 48 96 192 196 244 436 872 b
1 2 4 8 12 24 48 96 192 196 388 436 872 b
1 2 4 8 12 24 48 96 192 196 388 484 872 b
1 2 4 8 12 24 48 96 192 196 388 776 872 b
1 2 4 8 12 24 48 96 192 216 218 436 872 b
1 2 4 8 12 24 48 96 192 216 220 436 872 b
1 2 4 8 12 24 48 96 192 216 432 436 872 b
1 2 4 8 12 24 48 96 192 216 432 440 872 b
1 2 4 8 12 24 48 96 192 216 432 864 872 b
1 2 4 8 12 24 48 96 192 240 244 436 872 b
1 2 4 8 12 24 48 96 192 240 432 436 872 b
1 2 4 8 12 24 48 96 192 240 432 440 872 b
1 2 4 8 12 24 48 96 192 240 432 864 872 b
1 2 4 8 12 24 48 96 192 288 292 580 872 b
1 2 4 8 12 24 48 96 192 288 292 584 872 b
1 2 4 8 12 24 48 96 192 288 296 576 872 a
1 2 4 8 12 24 48 96 192 288 296 584 872 b
1 2 4 8 12 24 48 96 192 288 576 584 872 b
1 2 4 8 12 24 48 96 192 288 576 864 872 b
1 2 4 8 12 24 48 96 192 384 388 436 872 b
1 2 4 8 12 24 48 96 192 384 388 484 872 b
1 2 4 8 12 24 48 96 192 384 388 776 872 b
1 2 4 8 12 24 48 96 192 384 392 480 872 a
1 2 4 8 12 24 48 96 192 384 392 488 872 b
1 2 4 8 12 24 48 96 192 384 392 776 872 b
1 2 4 8 12 24 48 96 192 384 432 436 872 b
1 2 4 8 12 24 48 96 192 384 432 440 872 b
1 2 4 8 12 24 48 96 192 384 432 864 872 b
1 2 4 8 12 24 48 96 192 384 480 488 872 b
1 2 4 8 12 24 48 96 192 384 480 864 872 b
1 2 4 8 12 24 48 96 192 384 768 776 872 b
1 2 4 8 12 24 48 96 192 384 768 864 872 b
1 2 4 8 16 17 25 42 67 109 218 436 872 b
1 2 4 8 16 17 25 42 84 109 218 436 872 b
1 2 4 8 16 17 34 50 84 134 218 436 872 b
1 2 4 8 16 17 34 50 84 168 218 436 872 b
1 2 4 8 16 18 32 50 100 118 218 436 872 a
1 2 4 8 16 18 32 50 100 200 218 436 872 a
1 2 4 8 16 18 34 50 84 134 218 436 872 b
1 2 4 8 16 18 34 50 84 168 218 436 872 b
1 2 4 8 16 18 34 50 100 118 218 436 872 b
1 2 4 8 16 18 34 50 100 200 218 436 872 b
1 2 4 8 16 18 36 37 72 109 218 436 872 a
1 2 4 8 16 18 36 37 73 109 218 436 872 b
1 2 4 8 16 18 36 54 55 109 218 436 872 b
1 2 4 8 16 18 36 54 108 109 218 436 872 b
1 2 4 8 16 18 36 54 108 110 218 436 872 b
1 2 4 8 16 18 36 54 108 216 218 436 872 b
1 2 4 8 16 18 36 54 108 216 220 436 872 b
1 2 4 8 16 18 36 54 108 216 432 436 872 b
1 2 4 8 16 18 36 54 108 216 432 440 872 b
1 2 4 8 16 18 36 54 108 216 432 864 872 b
1 2 4 8 16 18 36 72 73 109 218 436 872 b
1 2 4 8 16 18 36 72 73 145 218 436 872 b
1 2 4 8 16 18 36 72 73 146 218 436 872 b
1 2 4 8 16 18 36 72 74 144 218 436 872 a
1 2 4 8 16 18 36 72 74 146 218 436 872 b
1 2 4 8 16 18 36 72 108 109 218 436 872 b
1 2 4 8 16 18 36 72 108 110 218 436 872 b
1 2 4 8 16 18 36 72 108 216 218 436 872 b
1 2 4 8 16 18 36 72 108 216 220 436 872 b
1 2 4 8 16 18 36 72 108 216 432 436 872 b
1 2 4 8 16 18 36 72 108 216 432 440 872 b
1 2 4 8 16 18 36 72 108 216 432 864 872 b
1 2 4 8 16 18 36 72 144 146 218 436 872 b
1 2 4 8 16 18 36 72 144 146 290 436 872 b
1 2 4 8 16 18 36 72 144 146 292 436 872 b
1 2 4 8 16 18 36 72 144 148 288 436 872 a
1 2 4 8 16 18 36 72 144 148 292 436 872 b
1 2 4 8 16 18 36 72 144 216 218 436 872 b
1 2 4 8 16 18 36 72 144 216 220 436 872 b
1 2 4 8 16 18 36 72 144 216 432 436 872 b
1 2 4 8 16 18 36 72 144 216 432 440 872 b
1 2 4 8 16 18 36 72 144 216 432 864 872 b
1 2 4 8 16 18 36 72 144 288 292 436 872 b
1 2 4 8 16 18 36 72 144 288 292 580 872 b
1 2 4 8 16 18 36 72 144 288 292 584 872 b
1 2 4 8 16 18 36 72 144 288 296 576 872 a
1 2 4 8 16 18 36 72 144 288 296 584 872 b
1 2 4 8 16 18 36 72 144 288 432 436 872 b
1 2 4 8 16 18 36 72 144 288 432 440 872 b
1 2 4 8 16 18 36 72 144 288 432 864 872 b
1 2 4 8 16 18 36 72 144 288 576 584 872 b
1 2 4 8 16 18 36 72 144 288 576 864 872 b
1 2 4 8 16 20 32 52 104 208 228 436 872 a
1 2 4 8 16 20 32 52 104 208 416 436 872 a
1 2 4 8 16 20 36 37 72 109 218 436 872 a
1 2 4 8 16 20 36 37 73 109 218 436 872 b
1 2 4 8 16 20 36 52 104 208 228 436 872 b
1 2 4 8 16 20 36 52 104 208 416 436 872 b
1 2 4 8 16 20 36 72 73 109 218 436 872 b
1 2 4 8 16 20 36 72 73 145 218 436 872 b
1 2 4 8 16 20 36 72 73 146 218 436 872 b
1 2 4 8 16 20 36 72 74 144 218 436 872 a
1 2 4 8 16 20 36 72 74 146 218 436 872 b
1 2 4 8 16 20 36 72 108 109 218 436 872 b
1 2 4 8 16 20 36 72 108 110 218 436 872 b
1 2 4 8 16 20 36 72 108 216 218 436 872 b
1 2 4 8 16 20 36 72 108 216 220 436 872 b
1 2 4 8 16 20 36 72 108 216 432 436 872 b
1 2 4 8 16 20 36 72 108 216 432 440 872 b
1 2 4 8 16 20 36 72 108 216 432 864 872 b
1 2 4 8 16 20 36 72 144 146 218 436 872 b
1 2 4 8 16 20 36 72 144 146 290 436 872 b
1 2 4 8 16 20 36 72 144 146 292 436 872 b
1 2 4 8 16 20 36 72 144 148 288 436 872 a
1 2 4 8 16 20 36 72 144 148 292 436 872 b
1 2 4 8 16 20 36 72 144 216 218 436 872 b
1 2 4 8 16 20 36 72 144 216 220 436 872 b
1 2 4 8 16 20 36 72 144 216 432 436 872 b
1 2 4 8 16 20 36 72 144 216 432 440 872 b
1 2 4 8 16 20 36 72 144 216 432 864 872 b
1 2 4 8 16 20 36 72 144 288 292 436 872 b
1 2 4 8 16 20 36 72 144 288 292 580 872 b
1 2 4 8 16 20 36 72 144 288 292 584 872 b
1 2 4 8 16 20 36 72 144 288 296 576 872 a
1 2 4 8 16 20 36 72 144 288 296 584 872 b
1 2 4 8 16 20 36 72 144 288 432 436 872 b
1 2 4 8 16 20 36 72 144 288 432 440 872 b
1 2 4 8 16 20 36 72 144 288 432 864 872 b
1 2 4 8 16 20 36 72 144 288 576 584 872 b
1 2 4 8 16 20 36 72 144 288 576 864 872 b
1 2 4 8 16 24 26 48 96 122 218 436 872 a
1 2 4 8 16 24 26 48 96 192 218 436 872 a
1 2 4 8 16 24 40 64 104 208 416 456 872 b
1 2 4 8 16 24 40 64 104 208 416 832 872 b
1 2 4 8 16 24 40 80 104 208 416 456 872 b
1 2 4 8 16 24 40 80 104 208 416 832 872 b
1 2 4 8 16 24 40 80 160 184 344 528 872 b
1 2 4 8 16 24 40 80 160 184 344 688 872 b
1 2 4 8 16 24 48 49 97 121 218 436 872 b
1 2 4 8 16 24 48 49 97 194 218 436 872 b
1 2 4 8 16 24 48 49 97 194 242 436 872 b
1 2 4 8 16 24 48 49 97 194 388 436 872 b
1 2 4 8 16 24 48 52 96 192 244 436 872 a
1 2 4 8 16 24 48 52 96 192 384 436 872 a
1 2 4 8 16 24 48 72 73 145 218 436 872 b
1 2 4 8 16 24 48 72 73 146 218 436 872 b
1 2 4 8 16 24 48 72 74 144 218 436 872 a
1 2 4 8 16 24 48 72 74 146 218 436 872 b
1 2 4 8 16 24 48 72 144 146 218 436 872 b
1 2 4 8 16 24 48 72 144 146 290 436 872 b
1 2 4 8 16 24 48 72 144 146 292 436 872 b
1 2 4 8 16 24 48 72 144 148 288 436 872 a
1 2 4 8 16 24 48 72 144 148 292 436 872 b
1 2 4 8 16 24 48 72 144 216 218 436 872 b
1 2 4 8 16 24 48 72 144 216 220 436 872 b
1 2 4 8 16 24 48 72 144 216 432 436 872 b
1 2 4 8 16 24 48 72 144 216 432 440 872 b
1 2 4 8 16 24 48 72 144 216 432 864 872 b
1 2 4 8 16 24 48 72 144 288 292 436 872 b
1 2 4 8 16 24 48 72 144 288 292 580 872 b
1 2 4 8 16 24 48 72 144 288 292 584 872 b
1 2 4 8 16 24 48 72 144 288 296 576 872 a
1 2 4 8 16 24 48 72 144 288 296 584 872 b
1 2 4 8 16 24 48 72 144 288 432 436 872 b
1 2 4 8 16 24 48 72 144 288 432 440 872 b
1 2 4 8 16 24 48 72 144 288 432 864 872 b
1 2 4 8 16 24 48 72 144 288 576 584 872 b
1 2 4 8 16 24 48 72 144 288 576 864 872 b
1 2 4 8 16 24 48 96 97 121 218 436 872 b
1 2 4 8 16 24 48 96 97 194 218 436 872 b
1 2 4 8 16 24 48 96 97 194 242 436 872 b
1 2 4 8 16 24 48 96 97 194 388 436 872 b
1 2 4 8 16 24 48 96 97 194 388 484 872 b
1 2 4 8 16 24 48 96 97 194 388 776 872 b
1 2 4 8 16 24 48 96 98 120 218 436 872 a
1 2 4 8 16 24 48 96 98 122 218 436 872 b
1 2 4 8 16 24 48 96 98 194 218 436 872 b
1 2 4 8 16 24 48 96 98 194 242 436 872 b
1 2 4 8 16 24 48 96 98 194 388 436 872 b
1 2 4 8 16 24 48 96 98 194 388 484 872 b
1 2 4 8 16 24 48 96 98 194 388 776 872 b
1 2 4 8 16 24 48 96 104 192 384 488 872 a
1 2 4 8 16 24 48 96 104 192 384 768 872 a
1 2 4 8 16 24 48 96 120 122 218 436 872 b
1 2 4 8 16 24 48 96 120 216 218 436 872 b
1 2 4 8 16 24 48 96 120 216 220 436 872 b
1 2 4 8 16 24 48 96 120 216 432 436 872 b
1 2 4 8 16 24 48 96 120 216 432 440 872 b
1 2 4 8 16 24 48 96 120 216 432 864 872 b
1 2 4 8 16 24 48 96 144 146 290 436 872 b
1 2 4 8 16 24 48 96 144 146 292 436 872 b
1 2 4 8 16 24 48 96 144 148 288 436 872 a
1 2 4 8 16 24 48 96 144 148 292 436 872 b
1 2 4 8 16 24 48 96 144 288 292 436 872 b
1 2 4 8 16 24 48 96 144 288 292 580 872 b
1 2 4 8 16 24 48 96 144 288 292 584 872 b
1 2 4 8 16 24 48 96 144 288 296 576 872 a
1 2 4 8 16 24 48 96 144 288 296 584 872 b
1 2 4 8 16 24 48 96 144 288 432 436 872 b
1 2 4 8 16 24 48 96 144 288 432 440 872 b
1 2 4 8 16 24 48 96 144 288 432 864 872 b
1 2 4 8 16 24 48 96 144 288 576 584 872 b
1 2 4 8 16 24 48 96 144 288 576 864 872 b
1 2 4 8 16 24 48 96 192 194 218 436 872 b
1 2 4 8 16 24 48 96 192 194 242 436 872 b
1 2 4 8 16 24 48 96 192 194 388 436 872 b
1 2 4 8 16 24 48 96 192 194 388 484 872 b
1 2 4 8 16 24 48 96 192 194 388 776 872 b
1 2 4 8 16 24 48 96 192 196 240 436 872 a
1 2 4 8 16 24 48 96 192 196 244 436 872 b
1 2 4 8 16 24 48 96 192 196 388 436 872 b
1 2 4 8 16 24 48 96 192 196 388 484 872 b
1 2 4 8 16 24 48 96 192 196 388 776 872 b
1 2 4 8 16 24 48 96 192 216 218 436 872 b
1 2 4 8 16 24 48 96 192 216 220 436 872 b
1 2 4 8 16 24 48 96 192 216 432 436 872 b
1 2 4 8 16 24 48 96 192 216 432 440 872 b
1 2 4 8 16 24 48 96 192 216 432 864 872 b
1 2 4 8 16 24 48 96 192 240 244 436 872 b
1 2 4 8 16 24 48 96 192 240 432 436 872 b
1 2 4 8 16 24 48 96 192 240 432 440 872 b
1 2 4 8 16 24 48 96 192 240 432 864 872 b
1 2 4 8 16 24 48 96 192 288 292 580 872 b
1 2 4 8 16 24 48 96 192 288 292 584 872 b
1 2 4 8 16 24 48 96 192 288 296 576 872 a
1 2 4 8 16 24 48 96 192 288 296 584 872 b
1 2 4 8 16 24 48 96 192 288 576 584 872 b
1 2 4 8 16 24 48 96 192 288 576 864 872 b
1 2 4 8 16 24 48 96 192 384 388 436 872 b
1 2 4 8 16 24 48 96 192 384 388 484 872 b
1 2 4 8 16 24 48 96 192 384 388 776 872 b
1 2 4 8 16 24 48 96 192 384 392 480 872 a
1 2 4 8 16 24 48 96 192 384 392 488 872 b
1 2 4 8 16 24 48 96 192 384 392 776 872 b
1 2 4 8 16 24 48 96 192 384 432 436 872 b
1 2 4 8 16 24 48 96 192 384 432 440 872 b
1 2 4 8 16 24 48 96 192 384 432 864 872 b
1 2 4 8 16 24 48 96 192 384 480 488 872 b
1 2 4 8 16 24 48 96 192 384 480 864 872 b
1 2 4 8 16 24 48 96 192 384 768 776 872 b
1 2 4 8 16 24 48 96 192 384 768 864 872 b
1 2 4 8 16 32 34 50 84 134 218 436 872 b
1 2 4 8 16 32 34 50 84 168 218 436 872 b
1 2 4 8 16 32 34 68 100 168 268 436 872 b
1 2 4 8 16 32 34 68 100 168 336 436 872 b
1 2 4 8 16 32 36 37 72 109 218 436 872 a
1 2 4 8 16 32 36 37 73 109 218 436 872 b
1 2 4 8 16 32 36 64 100 200 236 436 872 a
1 2 4 8 16 32 36 64 100 200 400 436 872 a
1 2 4 8 16 32 36 68 100 168 268 436 872 b
1 2 4 8 16 32 36 68 100 168 336 436 872 b
1 2 4 8 16 32 36 68 100 200 236 436 872 b
1 2 4 8 16 32 36 68 100 200 400 436 872 b
1 2 4 8 16 32 36 72 73 109 218 436 872 b
1 2 4 8 16 32 36 72 73 145 218 436 872 b
1 2 4 8 16 32 36 72 73 146 218 436 872 b
1 2 4 8 16 32 36 72 74 144 218 436 872 a
1 2 4 8 16 32 36 72 74 146 218 436 872 b
1 2 4 8 16 32 36 72 108 109 218 436 872 b
1 2 4 8 16 32 36 72 108 110 218 436 872 b
1 2 4 8 16 32 36 72 108 216 218 436 872 b
1 2 4 8 16 32 36 72 108 216 220 436 872 b
1 2 4 8 16 32 36 72 108 216 432 436 872 b
1 2 4 8 16 32 36 72 108 216 432 440 872 b
1 2 4 8 16 32 36 72 108 216 432 864 872 b
1 2 4 8 16 32 36 72 144 146 218 436 872 b
1 2 4 8 16 32 36 72 144 146 290 436 872 b
1 2 4 8 16 32 36 72 144 146 292 436 872 b
1 2 4 8 16 32 36 72 144 148 288 436 872 a
1 2 4 8 16 32 36 72 144 148 292 436 872 b
1 2 4 8 16 32 36 72 144 216 218 436 872 b
1 2 4 8 16 32 36 72 144 216 220 436 872 b
1 2 4 8 16 32 36 72 144 216 432 436 872 b
1 2 4 8 16 32 36 72 144 216 432 440 872 b
1 2 4 8 16 32 36 72 144 216 432 864 872 b
1 2 4 8 16 32 36 72 144 288 292 436 872 b
1 2 4 8 16 32 36 72 144 288 292 580 872 b
1 2 4 8 16 32 36 72 144 288 292 584 872 b
1 2 4 8 16 32 36 72 144 288 296 576 872 a
1 2 4 8 16 32 36 72 144 288 296 584 872 b
1 2 4 8 16 32 36 72 144 288 432 436 872 b
1 2 4 8 16 32 36 72 144 288 432 440 872 b
1 2 4 8 16 32 36 72 144 288 432 864 872 b
1 2 4 8 16 32 36 72 144 288 576 584 872 b
1 2 4 8 16 32 36 72 144 288 576 864 872 b
1 2 4 8 16 32 40 64 104 208 416 456 872 a
1 2 4 8 16 32 40 64 104 208 416 832 872 a
1 2 4 8 16 32 40 72 73 145 218 436 872 b
1 2 4 8 16 32 40 72 73 146 218 436 872 b
1 2 4 8 16 32 40 72 74 144 218 436 872 a
1 2 4 8 16 32 40 72 74 146 218 436 872 b
1 2 4 8 16 32 40 72 104 208 416 456 872 b
1 2 4 8 16 32 40 72 104 208 416 832 872 b
1 2 4 8 16 32 40 72 144 146 218 436 872 b
1 2 4 8 16 32 40 72 144 146 290 436 872 b
1 2 4 8 16 32 40 72 144 146 292 436 872 b
1 2 4 8 16 32 40 72 144 148 288 436 872 a
1 2 4 8 16 32 40 72 144 148 292 436 872 b
1 2 4 8 16 32 40 72 144 216 218 436 872 b
1 2 4 8 16 32 40 72 144 216 220 436 872 b
1 2 4 8 16 32 40 72 144 216 432 436 872 b
1 2 4 8 16 32 40 72 144 216 432 440 872 b
1 2 4 8 16 32 40 72 144 216 432 864 872 b
1 2 4 8 16 32 40 72 144 288 292 436 872 b
1 2 4 8 16 32 40 72 144 288 292 580 872 b
1 2 4 8 16 32 40 72 144 288 292 584 872 b
1 2 4 8 16 32 40 72 144 288 296 576 872 a
1 2 4 8 16 32 40 72 144 288 296 584 872 b
1 2 4 8 16 32 40 72 144 288 432 436 872 b
1 2 4 8 16 32 40 72 144 288 432 440 872 b
1 2 4 8 16 32 40 72 144 288 432 864 872 b
1 2 4 8 16 32 40 72 144 288 576 584 872 b
1 2 4 8 16 32 40 72 144 288 576 864 872 b
1 2 4 8 16 32 48 49 97 194 242 436 872 b
1 2 4 8 16 32 48 49 97 194 388 436 872 b
1 2 4 8 16 32 48 52 96 192 244 436 872 a
1 2 4 8 16 32 48 52 96 192 384 436 872 a
1 2 4 8 16 32 48 96 97 194 242 436 872 b
1 2 4 8 16 32 48 96 97 194 388 436 872 b
1 2 4 8 16 32 48 96 97 194 388 484 872 b
1 2 4 8 16 32 48 96 97 194 388 776 872 b
1 2 4 8 16 32 48 96 98 194 242 436 872 b
1 2 4 8 16 32 48 96 98 194 388 436 872 b
1 2 4 8 16 32 48 96 98 194 388 484 872 b
1 2 4 8 16 32 48 96 98 194 388 776 872 b
1 2 4 8 16 32 48 96 104 192 384 488 872 a
1 2 4 8 16 32 48 96 104 192 384 768 872 a
1 2 4 8 16 32 48 96 144 146 290 436 872 b
1 2 4 8 16 32 48 96 144 146 292 436 872 b
1 2 4 8 16 32 48 96 144 148 288 436 872 a
1 2 4 8 16 32 48 96 144 148 292 436 872 b
1 2 4 8 16 32 48 96 144 288 292 436 872 b
1 2 4 8 16 32 48 96 144 288 292 580 872 b
1 2 4 8 16 32 48 96 144 288 292 584 872 b
1 2 4 8 16 32 48 96 144 288 296 576 872 a
1 2 4 8 16 32 48 96 144 288 296 584 872 b
1 2 4 8 16 32 48 96 144 288 432 436 872 b
1 2 4 8 16 32 48 96 144 288 432 440 872 b
1 2 4 8 16 32 48 96 144 288 432 864 872 b
1 2 4 8 16 32 48 96 144 288 576 584 872 b
1 2 4 8 16 32 48 96 144 288 576 864 872 b
1 2 4 8 16 32 48 96 192 194 242 436 872 b
1 2 4 8 16 32 48 96 192 194 388 436 872 b
1 2 4 8 16 32 48 96 192 194 388 484 872 b
1 2 4 8 16 32 48 96 192 194 388 776 872 b
1 2 4 8 16 32 48 96 192 196 240 436 872 a
1 2 4 8 16 32 48 96 192 196 244 436 872 b
1 2 4 8 16 32 48 96 192 196 388 436 872 b
1 2 4 8 16 32 48 96 192 196 388 484 872 b
1 2 4 8 16 32 48 96 192 196 388 776 872 b
1 2 4 8 16 32 48 96 192 240 244 436 872 b
1 2 4 8 16 32 48 96 192 240 432 436 872 b
1 2 4 8 16 32 48 96 192 240 432 440 872 b
1 2 4 8 16 32 48 96 192 240 432 864 872 b
1 2 4 8 16 32 48 96 192 288 292 580 872 b
1 2 4 8 16 32 48 96 192 288 292 584 872 b
1 2 4 8 16 32 48 96 192 288 296 576 872 a
1 2 4 8 16 32 48 96 192 288 296 584 872 b
1 2 4 8 16 32 48 96 192 288 576 584 872 b
1 2 4 8 16 32 48 96 192 288 576 864 872 b
1 2 4 8 16 32 48 96 192 384 388 436 872 b
1 2 4 8 16 32 48 96 192 384 388 484 872 b
1 2 4 8 16 32 48 96 192 384 388 776 872 b
1 2 4 8 16 32 48 96 192 384 392 480 872 a
1 2 4 8 16 32 48 96 192 384 392 488 872 b
1 2 4 8 16 32 48 96 192 384 392 776 872 b
1 2 4 8 16 32 48 96 192 384 432 436 872 b
1 2 4 8 16 32 48 96 192 384 432 440 872 b
1 2 4 8 16 32 48 96 192 384 432 864 872 b
1 2 4 8 16 32 48 96 192 384 480 488 872 b
1 2 4 8 16 32 48 96 192 384 480 864 872 b
1 2 4 8 16 32 48 96 192 384 768 776 872 b
1 2 4 8 16 32 48 96 192 384 768 864 872 b
1 2 4 8 16 32 64 68 100 168 268 436 872 b
1 2 4 8 16 32 64 68 100 168 336 436 872 b
1 2 4 8 16 32 64 68 136 200 336 536 872 b
1 2 4 8 16 32 64 68 136 200 336 672 872 b
1 2 4 8 16 32 64 72 73 145 218 436 872 b
1 2 4 8 16 32 64 72 73 146 218 436 872 b
1 2 4 8 16 32 64 72 74 144 218 436 872 a
1 2 4 8 16 32 64 72 74 146 218 436 872 b
1 2 4 8 16 32 64 72 128 200 400 472 872 a
1 2 4 8 16 32 64 72 128 200 400 800 872 a
1 2 4 8 16 32 64 72 136 200 336 536 872 b
1 2 4 8 16 32 64 72 136 200 336 672 872 b
1 2 4 8 16 32 64 72 136 200 400 472 872 b
1 2 4 8 16 32 64 72 136 200 400 800 872 b
1 2 4 8 16 32 64 72 144 146 218 436 872 b
1 2 4 8 16 32 64 72 144 146 290 436 872 b
1 2 4 8 16 32 64 72 144 146 292 436 872 b
1 2 4 8 16 32 64 72 144 148 288 436 872 a
1 2 4 8 16 32 64 72 144 148 292 436 872 b
1 2 4 8 16 32 64 72 144 216 218 436 872 b
1 2 4 8 16 32 64 72 144 216 220 436 872 b
1 2 4 8 16 32 64 72 144 216 432 436 872 b
1 2 4 8 16 32 64 72 144 216 432 440 872 b
1 2 4 8 16 32 64 72 144 216 432 864 872 b
1 2 4 8 16 32 64 72 144 288 292 436 872 b
1 2 4 8 16 32 64 72 144 288 292 580 872 b
1 2 4 8 16 32 64 72 144 288 292 584 872 b
1 2 4 8 16 32 64 72 144 288 296 576 872 a
1 2 4 8 16 32 64 72 144 288 296 584 872 b
1 2 4 8 16 32 64 72 144 288 432 436 872 b
1 2 4 8 16 32 64 72 144 288 432 440 872 b
1 2 4 8 16 32 64 72 144 288 432 864 872 b
1 2 4 8 16 32 64 72 144 288 576 584 872 b
1 2 4 8 16 32 64 72 144 288 576 864 872 b
1 2 4 8 16 32 64 80 144 146 290 436 872 b
1 2 4 8 16 32 64 80 144 146 292 436 872 b
1 2 4 8 16 32 64 80 144 148 288 436 872 a
1 2 4 8 16 32 64 80 144 148 292 436 872 b
1 2 4 8 16 32 64 80 144 288 292 436 872 b
1 2 4 8 16 32 64 80 144 288 292 580 872 b
1 2 4 8 16 32 64 80 144 288 292 584 872 b
1 2 4 8 16 32 64 80 144 288 296 576 872 a
1 2 4 8 16 32 64 80 144 288 296 584 872 b
1 2 4 8 16 32 64 80 144 288 432 436 872 b
1 2 4 8 16 32 64 80 144 288 432 440 872 b
1 2 4 8 16 32 64 80 144 288 432 864 872 b
1 2 4 8 16 32 64 80 144 288 576 584 872 b
1 2 4 8 16 32 64 80 144 288 576 864 872 b
1 2 4 8 16 32 64 96 97 194 388 484 872 b
1 2 4 8 16 32 64 96 97 194 388 776 872 b
1 2 4 8 16 32 64 96 98 194 388 484 872 b
1 2 4 8 16 32 64 96 98 194 388 776 872 b
1 2 4 8 16 32 64 96 104 192 384 488 872 a
1 2 4 8 16 32 64 96 104 192 384 768 872 a
1 2 4 8 16 32 64 96 192 194 388 484 872 b
1 2 4 8 16 32 64 96 192 194 388 776 872 b
1 2 4 8 16 32 64 96 192 196 388 484 872 b
1 2 4 8 16 32 64 96 192 196 388 776 872 b
1 2 4 8 16 32 64 96 192 288 292 580 872 b
1 2 4 8 16 32 64 96 192 288 292 584 872 b
1 2 4 8 16 32 64 96 192 288 296 576 872 a
1 2 4 8 16 32 64 96 192 288 296 584 872 b
1 2 4 8 16 32 64 96 192 288 576 584 872 b
1 2 4 8 16 32 64 96 192 288 576 864 872 b
1 2 4 8 16 32 64 96 192 384 388 484 872 b
1 2 4 8 16 32 64 96 192 384 388 776 872 b
1 2 4 8 16 32 64 96 192 384 392 480 872 a
1 2 4 8 16 32 64 96 192 384 392 488 872 b
1 2 4 8 16 32 64 96 192 384 392 776 872 b
1 2 4 8 16 32 64 96 192 384 480 488 872 b
1 2 4 8 16 32 64 96 192 384 480 864 872 b
1 2 4 8 16 32 64 96 192 384 768 776 872 b
1 2 4 8 16 32 64 96 192 384 768 864 872 b
1 2 4 8 16 32 64 128 136 200 336 536 872 b
1 2 4 8 16 32 64 128 136 200 336 672 872 b
1 2 4 8 16 32 64 128 144 146 290 436 872 b
1 2 4 8 16 32 64 128 144 146 292 436 872 b
1 2 4 8 16 32 64 128 144 148 288 436 872 a
1 2 4 8 16 32 64 128 144 148 292 436 872 b
1 2 4 8 16 32 64 128 144 288 292 436 872 b
1 2 4 8 16 32 64 128 144 288 292 580 872 b
1 2 4 8 16 32 64 128 144 288 292 584 872 b
1 2 4 8 16 32 64 128 144 288 296 576 872 a
1 2 4 8 16 32 64 128 144 288 296 584 872 b
1 2 4 8 16 32 64 128 144 288 432 436 872 b
1 2 4 8 16 32 64 128 144 288 432 440 872 b
1 2 4 8 16 32 64 128 144 288 432 864 872 b
1 2 4 8 16 32 64 128 144 288 576 584 872 b
1 2 4 8 16 32 64 128 144 288 576 864 872 b
1 2 4 8 16 32 64 128 160 288 292 580 872 b
1 2 4 8 16 32 64 128 160 288 292 584 872 b
1 2 4 8 16 32 64 128 160 288 296 576 872 a
1 2 4 8 16 32 64 128 160 288 296 584 872 b
1 2 4 8 16 32 64 128 160 288 576 584 872 b
1 2 4 8 16 32 64 128 160 288 576 864 872 b
1 2 4 8 16 32 64 128 256 288 292 580 872 b
1 2 4 8 16 32 64 128 256 288 292 584 872 b
1 2 4 8 16 32 64 128 256 288 296 576 872 a
1 2 4 8 16 32 64 128 256 288 296 584 872 b
1 2 4 8 16 32 64 128 256 288 576 584 872 b
1 2 4 8 16 32 64 128 256 288 576 864 872 b
