1 2 3 5 8 13 26 52 104 208 209 417 834 b
1 2 3 5 8 13 26 52 104 208 416 417 834 b
1 2 3 5 8 13 26 52 104 208 416 418 834 b
1 2 3 5 8 13 26 52 104 208 416 832 834 b
1 2 3 5 10 13 26 52 104 208 209 417 834 b
1 2 3 5 10 13 26 52 104 208 416 417 834 b
1 2 3 5 10 13 26 52 104 208 416 418 834 b
1 2 3 5 10 13 26 52 104 208 416 832 834 b
1 2 3 6 7 13 26 52 104 208 209 417 834 b
1 2 3 6 7 13 26 52 104 208 416 417 834 b
1 2 3 6 7 13 26 52 104 208 416 418 834 b
1 2 3 6 7 13 26 52 104 208 416 832 834 b
1 2 3 6 12 13 26 52 104 208 209 417 834 b
1 2 3 6 12 13 26 52 104 208 416 417 834 b
1 2 3 6 12 13 26 52 104 208 416 418 834 b
1 2 3 6 12 13 26 52 104 208 416 832 834 b
1 2 3 6 12 14 26 52 104 208 209 417 834 b
1 2 3 6 12 14 26 52 104 208 416 417 834 b
1 2 3 6 12 14 26 52 104 208 416 418 834 b
1 2 3 6 12 14 26 52 104 208 416 832 834 b
1 2 3 6 12 24 25 49 98 196 221 417 834 b
1 2 3 6 12 24 25 49 98 196 392 417 834 b
1 2 3 6 12 24 26 52 104 208 209 417 834 b
1 2 3 6 12 24 26 52 104 208 416 417 834 b
1 2 3 6 12 24 26 52 104 208 416 418 834 b
1 2 3 6 12 24 26 52 104 208 416 832 834 b
1 2 3 6 12 24 48 50 98 196 392 442 834 b
1 2 3 6 12 24 48 50 98 196 392 784 834 b
1 2 4 5 8 13 26 52 104 208 209 417 834 a
1 2 4 5 8 13 26 52 104 208 416 417 834 a
1 2 4 5 8 13 26 52 104 208 416 418 834 a
1 2 4 5 8 13 26 52 104 208 416 832 834 a
1 2 4 5 9 13 26 52 104 208 209 417 834 b
1 2 4 5 9 13 26 52 104 208 416 417 834 b
1 2 4 5 9 13 26 52 104 208 416 418 834 b
1 2 4 5 9 13 26 52 104 208 416 832 834 b
1 2 4 6 7 13 26 52 104 208 209 417 834 b
1 2 4 6 7 13 26 52 104 208 416 417 834 b
1 2 4 6 7 13 26 52 104 208 416 418 834 b
1 2 4 6 7 13 26 52 104 208 416 832 834 b
1 2 4 6 10 16 26 52 104 208 209 417 834 b
1 2 4 6 10 16 26 52 104 208 416 417 834 b
1 2 4 6 10 16 26 52 104 208 416 418 834 b
1 2 4 6 10 16 26 52 104 208 416 832 834 b
1 2 4 6 10 20 26 52 104 208 209 417 834 b
1 2 4 6 10 20 26 52 104 208 416 417 834 b
1 2 4 6 10 20 26 52 104 208 416 418 834 b
1 2 4 6 10 20 26 52 104 208 416 832 834 b
1 2 4 6 12 13 26 52 104 208 209 417 834 b
1 2 4 6 12 13 26 52 104 208 416 417 834 b
1 2 4 6 12 13 26 52 104 208 416 418 834 b
1 2 4 6 12 13 26 52 104 208 416 832 834 b
1 2 4 6 12 14 26 52 104 208 209 417 834 b
1 2 4 6 12 14 26 52 104 208 416 417 834 b
1 2 4 6 12 14 26 52 104 208 416 418 834 b
1 2 4 6 12 14 26 52 104 208 416 832 834 b
1 2 4 6 12 24 25 49 98 196 221 417 834 b
1 2 4 6 12 24 25 49 98 196 392 417 834 b
1 2 4 6 12 24 26 52 104 208 209 417 834 b
1 2 4 6 12 24 26 52 104 208 416 417 834 b
1 2 4 6 12 24 26 52 104 208 416 418 834 b
1 2 4 6 12 24 26 52 104 208 416 832 834 b
1 2 4 6 12 24 28 52 104 208 209 417 834 b
1 2 4 6 12 24 28 52 104 208 416 417 834 b
1 2 4 6 12 24 28 52 104 208 416 418 834 b
1 2 4 6 12 24 28 52 104 208 416 832 834 b
1 2 4 6 12 24 48 50 98 196 392 442 834 b
1 2 4 6 12 24 48 50 98 196 392 784 834 b
1 2 4 6 12 24 48 52 104 208 209 417 834 b
1 2 4 6 12 24 48 52 104 208 416 417 834 b
1 2 4 6 12 24 48 52 104 208 416 418 834 b
1 2 4 6 12 24 48 52 104 208 416 832 834 b
1 2 4 8 9 13 26 52 104 208 209 417 834 b
1 2 4 8 9 13 26 52 104 208 416 417 834 b
1 2 4 8 9 13 26 52 104 208 416 418 834 b
1 2 4 8 9 13 26 52 104 208 416 832 834 b
1 2 4 8 9 17 25 50 100 200 217 417 834 b
1 2 4 8 9 17 25 50 100 200 400 417 834 b
1 2 4 8 9 17 26 52 104 208 209 417 834 b
1 2 4 8 9 17 26 52 104 208 416 417 834 b
1 2 4 8 9 17 26 52 104 208 416 418 834 b
1 2 4 8 9 17 26 52 104 208 416 832 834 b
1 2 4 8 9 17 34 51 102 204 213 417 834 b
1 2 4 8 9 17 34 51 102 204 408 417 834 b
1 2 4 8 9 17 34 68 102 204 213 417 834 b
1 2 4 8 9 17 34 68 102 204 408 417 834 b
1 2 4 8 9 17 34 68 136 145 272 417 834 a
1 2 4 8 9 17 34 68 136 145 281 417 834 b
1 2 4 8 9 17 34 68 136 204 213 417 834 b
1 2 4 8 9 17 34 68 136 204 408 417 834 b
1 2 4 8 9 17 34 68 136 272 281 417 834 b
1 2 4 8 9 17 34 68 136 272 281 553 834 b
1 2 4 8 9 17 34 68 136 272 281 562 834 b
1 2 4 8 9 17 34 68 136 272 408 417 834 b
1 2 4 8 9 18 26 52 104 208 209 417 834 b
1 2 4 8 9 18 26 52 104 208 416 417 834 b
1 2 4 8 9 18 26 52 104 208 416 418 834 b
1 2 4 8 9 18 26 52 104 208 416 832 834 b
1 2 4 8 10 16 26 52 104 208 209 417 834 a
1 2 4 8 10 16 26 52 104 208 416 417 834 a
1 2 4 8 10 16 26 52 104 208 416 418 834 a
1 2 4 8 10 16 26 52 104 208 416 832 834 a
1 2 4 8 10 18 26 52 104 208 209 417 834 b
1 2 4 8 10 18 26 52 104 208 416 417 834 b
1 2 4 8 10 18 26 52 104 208 416 418 834 b
1 2 4 8 10 18 26 52 104 208 416 832 834 b
1 2 4 8 12 13 26 52 104 208 209 417 834 b
1 2 4 8 12 13 26 52 104 208 416 417 834 b
1 2 4 8 12 13 26 52 104 208 416 418 834 b
1 2 4 8 12 13 26 52 104 208 416 832 834 b
1 2 4 8 12 14 26 52 104 208 209 417 834 b
1 2 4 8 12 14 26 52 104 208 416 417 834 b
1 2 4 8 12 14 26 52 104 208 416 418 834 b
1 2 4 8 12 14 26 52 104 208 416 832 834 b
1 2 4 8 12 20 32 52 104 208 209 417 834 b
1 2 4 8 12 20 32 52 104 208 416 417 834 b
1 2 4 8 12 20 32 52 104 208 416 418 834 b
1 2 4 8 12 20 32 52 104 208 416 832 834 b
1 2 4 8 12 20 40 52 104 208 209 417 834 b
1 2 4 8 12 20 40 52 104 208 416 417 834 b
1 2 4 8 12 20 40 52 104 208 416 418 834 b
1 2 4 8 12 20 40 52 104 208 416 832 834 b
1 2 4 8 12 24 25 49 98 196 221 417 834 b
1 2 4 8 12 24 25 49 98 196 392 417 834 b
1 2 4 8 12 24 26 52 104 208 209 417 834 b
1 2 4 8 12 24 26 52 104 208 416 417 834 b
1 2 4 8 12 24 26 52 104 208 416 418 834 b
1 2 4 8 12 24 26 52 104 208 416 832 834 b
1 2 4 8 12 24 28 52 104 208 209 417 834 b
1 2 4 8 12 24 28 52 104 208 416 417 834 b
1 2 4 8 12 24 28 52 104 208 416 418 834 b
1 2 4 8 12 24 28 52 104 208 416 832 834 b
1 2 4 8 12 24 48 50 98 196 392 442 834 b
1 2 4 8 12 24 48 50 98 196 392 784 834 b
1 2 4 8 12 24 48 52 104 208 209 417 834 b
1 2 4 8 12 24 48 52 104 208 416 417 834 b
1 2 4 8 12 24 48 52 104 208 416 418 834 b
1 2 4 8 12 24 48 52 104 208 416 832 834 b
1 2 4 8 12 24 48 56 104 208 209 417 834 b
1 2 4 8 12 24 48 56 104 208 416 417 834 b
1 2 4 8 12 24 48 56 104 208 416 418 834 b
1 2 4 8 12 24 48 56 104 208 416 832 834 b
1 2 4 8 12 24 48 96 104 208 209 417 834 b
1 2 4 8 12 24 48 96 104 208 416 417 834 b
1 2 4 8 12 24 48 96 104 208 416 418 834 b
1 2 4 8 12 24 48 96 104 208 416 832 834 b
1 2 4 8 16 17 25 50 100 200 217 417 834 b
1 2 4 8 16 17 25 50 100 200 400 417 834 b
1 2 4 8 16 17 33 50 100 200 217 417 834 b
1 2 4 8 16 17 33 50 100 200 400 417 834 b
1 2 4 8 16 17 34 50 100 200 217 417 834 b
1 2 4 8 16 17 34 50 100 200 400 417 834 b
1 2 4 8 16 17 34 50 100 200 400 434 834 b
1 2 4 8 16 17 34 50 100 200 400 800 834 b
1 2 4 8 16 18 26 52 104 208 209 417 834 b
1 2 4 8 16 18 26 52 104 208 416 417 834 b
1 2 4 8 16 18 26 52 104 208 416 418 834 b
1 2 4 8 16 18 26 52 104 208 416 832 834 b
1 2 4 8 16 18 34 50 100 200 400 434 834 b
1 2 4 8 16 18 34 50 100 200 400 800 834 b
1 2 4 8 16 18 34 52 104 208 209 417 834 b
1 2 4 8 16 18 34 52 104 208 416 417 834 b
1 2 4 8 16 18 34 52 104 208 416 418 834 b
1 2 4 8 16 18 34 52 104 208 416 832 834 b
1 2 4 8 16 18 34 68 102 204 408 426 834 b
1 2 4 8 16 18 34 68 102 204 408 816 834 b
1 2 4 8 16 18 34 68 136 204 408 426 834 b
1 2 4 8 16 18 34 68 136 204 408 816 834 b
1 2 4 8 16 18 34 68 136 272 290 544 834 a
1 2 4 8 16 18 34 68 136 272 290 562 834 b
1 2 4 8 16 18 34 68 136 272 408 426 834 b
1 2 4 8 16 18 34 68 136 272 408 816 834 b
1 2 4 8 16 18 34 68 136 272 544 562 834 b
1 2 4 8 16 18 34 68 136 272 544 816 834 b
1 2 4 8 16 18 36 52 104 208 209 417 834 b
1 2 4 8 16 18 36 52 104 208 416 417 834 b
1 2 4 8 16 18 36 52 104 208 416 418 834 b
1 2 4 8 16 18 36 52 104 208 416 832 834 b
1 2 4 8 16 20 32 52 104 208 209 417 834 a
1 2 4 8 16 20 32 52 104 208 416 417 834 a
1 2 4 8 16 20 32 52 104 208 416 418 834 a
1 2 4 8 16 20 32 52 104 208 416 832 834 a
1 2 4 8 16 20 36 52 104 208 209 417 834 b
1 2 4 8 16 20 36 52 104 208 416 417 834 b
1 2 4 8 16 20 36 52 104 208 416 418 834 b
1 2 4 8 16 20 36 52 104 208 416 832 834 b
1 2 4 8 16 24 25 49 98 196 221 417 834 b
1 2 4 8 16 24 25 49 98 196 392 417 834 b
1 2 4 8 16 24 26 52 104 208 209 417 834 b
1 2 4 8 16 24 26 52 104 208 416 417 834 b
1 2 4 8 16 24 26 52 104 208 416 418 834 b
1 2 4 8 16 24 26 52 104 208 416 832 834 b
1 2 4 8 16 24 28 52 104 208 209 417 834 b
1 2 4 8 16 24 28 52 104 208 416 417 834 b
1 2 4 8 16 24 28 52 104 208 416 418 834 b
1 2 4 8 16 24 28 52 104 208 416 832 834 b
1 2 4 8 16 24 40 64 104 208 209 417 834 b
1 2 4 8 16 24 40 64 104 208 416 417 834 b
1 2 4 8 16 24 40 64 104 208 416 418 834 b
1 2 4 8 16 24 40 64 104 208 416 832 834 b
1 2 4 8 16 24 40 80 104 208 209 417 834 b
1 2 4 8 16 24 40 80 104 208 416 417 834 b
1 2 4 8 16 24 40 80 104 208 416 418 834 b
1 2 4 8 16 24 40 80 104 208 416 832 834 b
1 2 4 8 16 24 48 50 98 196 392 442 834 b
1 2 4 8 16 24 48 50 98 196 392 784 834 b
1 2 4 8 16 24 48 52 104 208 209 417 834 b
1 2 4 8 16 24 48 52 104 208 416 417 834 b
1 2 4 8 16 24 48 52 104 208 416 418 834 b
1 2 4 8 16 24 48 52 104 208 416 832 834 b
1 2 4 8 16 24 48 56 104 208 209 417 834 b
1 2 4 8 16 24 48 56 104 208 416 417 834 b
1 2 4 8 16 24 48 56 104 208 416 418 834 b
1 2 4 8 16 24 48 56 104 208 416 832 834 b
1 2 4 8 16 24 48 96 104 208 209 417 834 b
1 2 4 8 16 24 48 96 104 208 416 417 834 b
1 2 4 8 16 24 48 96 104 208 416 418 834 b
1 2 4 8 16 24 48 96 104 208 416 832 834 b
1 2 4 8 16 24 48 96 112 208 209 417 834 b
1 2 4 8 16 24 48 96 112 208 416 417 834 b
1 2 4 8 16 24 48 96 112 208 416 418 834 b
1 2 4 8 16 24 48 96 112 208 416 832 834 b
1 2 4 8 16 24 48 96 192 208 209 417 834 b
1 2 4 8 16 24 48 96 192 208 416 417 834 b
1 2 4 8 16 24 48 96 192 208 416 418 834 b
1 2 4 8 16 24 48 96 192 208 416 832 834 b
1 2 4 8 16 32 33 48 96 192 225 417 834 a
1 2 4 8 16 32 33 48 96 192 384 417 834 a
1 2 4 8 16 32 33 64 96 192 225 417 834 a
1 2 4 8 16 32 33 64 96 192 384 417 834 a
1 2 4 8 16 32 33 64 128 161 256 417 834 a
1 2 4 8 16 32 33 64 128 161 289 417 834 a
1 2 4 8 16 32 33 64 128 192 225 417 834 a
1 2 4 8 16 32 33 64 128 192 384 417 834 a
1 2 4 8 16 32 33 64 128 256 289 417 834 a
1 2 4 8 16 32 33 64 128 256 289 545 834 a
1 2 4 8 16 32 33 64 128 256 289 578 834 a
1 2 4 8 16 32 33 64 128 256 384 417 834 a
1 2 4 8 16 32 34 50 100 200 400 434 834 b
1 2 4 8 16 32 34 50 100 200 400 800 834 b
1 2 4 8 16 32 34 66 100 200 400 434 834 b
1 2 4 8 16 32 34 66 100 200 400 800 834 b
1 2 4 8 16 32 34 68 100 200 400 434 834 b
1 2 4 8 16 32 34 68 100 200 400 800 834 b
1 2 4 8 16 32 36 52 104 208 209 417 834 b
1 2 4 8 16 32 36 52 104 208 416 417 834 b
1 2 4 8 16 32 36 52 104 208 416 418 834 b
1 2 4 8 16 32 36 52 104 208 416 832 834 b
1 2 4 8 16 32 36 68 104 208 209 417 834 b
1 2 4 8 16 32 36 68 104 208 416 417 834 b
1 2 4 8 16 32 36 68 104 208 416 418 834 b
1 2 4 8 16 32 36 68 104 208 416 832 834 b
1 2 4 8 16 32 36 72 104 208 209 417 834 b
1 2 4 8 16 32 36 72 104 208 416 417 834 b
1 2 4 8 16 32 36 72 104 208 416 418 834 b
1 2 4 8 16 32 36 72 104 208 416 832 834 b
1 2 4 8 16 32 40 64 104 208 209 417 834 a
1 2 4 8 16 32 40 64 104 208 416 417 834 a
1 2 4 8 16 32 40 64 104 208 416 418 834 a
1 2 4 8 16 32 40 64 104 208 416 832 834 a
1 2 4 8 16 32 40 72 104 208 209 417 834 b
1 2 4 8 16 32 40 72 104 208 416 417 834 b
1 2 4 8 16 32 40 72 104 208 416 418 834 b
1 2 4 8 16 32 40 72 104 208 416 832 834 b
1 2 4 8 16 32 48 50 98 196 392 442 834 b
1 2 4 8 16 32 48 50 98 196 392 784 834 b
1 2 4 8 16 32 48 52 104 208 209 417 834 b
1 2 4 8 16 32 48 52 104 208 416 417 834 b
1 2 4 8 16 32 48 52 104 208 416 418 834 b
1 2 4 8 16 32 48 52 104 208 416 832 834 b
1 2 4 8 16 32 48 56 104 208 209 417 834 b
1 2 4 8 16 32 48 56 104 208 416 417 834 b
1 2 4 8 16 32 48 56 104 208 416 418 834 b
1 2 4 8 16 32 48 56 104 208 416 832 834 b
1 2 4 8 16 32 48 80 128 208 209 417 834 b
1 2 4 8 16 32 48 80 128 208 416 417 834 b
1 2 4 8 16 32 48 80 128 208 416 418 834 b
1 2 4 8 16 32 48 80 128 208 416 832 834 b
1 2 4 8 16 32 48 80 160 208 209 417 834 b
1 2 4 8 16 32 48 80 160 208 416 417 834 b
1 2 4 8 16 32 48 80 160 208 416 418 834 b
1 2 4 8 16 32 48 80 160 208 416 832 834 b
1 2 4 8 16 32 48 96 104 208 209 417 834 b
1 2 4 8 16 32 48 96 104 208 416 417 834 b
1 2 4 8 16 32 48 96 104 208 416 418 834 b
1 2 4 8 16 32 48 96 104 208 416 832 834 b
1 2 4 8 16 32 48 96 112 208 209 417 834 b
1 2 4 8 16 32 48 96 112 208 416 417 834 b
1 2 4 8 16 32 48 96 112 208 416 418 834 b
1 2 4 8 16 32 48 96 112 208 416 832 834 b
1 2 4 8 16 32 48 96 192 193 224 417 834 a
1 2 4 8 16 32 48 96 192 193 225 417 834 b
1 2 4 8 16 32 48 96 192 193 385 417 834 b
1 2 4 8 16 32 48 96 192 208 209 417 834 b
1 2 4 8 16 32 48 96 192 208 416 417 834 b
1 2 4 8 16 32 48 96 192 208 416 418 834 b
1 2 4 8 16 32 48 96 192 208 416 832 834 b
1 2 4 8 16 32 48 96 192 224 225 417 834 b
1 2 4 8 16 32 48 96 192 224 416 417 834 b
1 2 4 8 16 32 48 96 192 224 416 418 834 b
1 2 4 8 16 32 48 96 192 224 416 832 834 b
1 2 4 8 16 32 48 96 192 384 385 417 834 b
1 2 4 8 16 32 48 96 192 384 416 417 834 b
1 2 4 8 16 32 48 96 192 384 416 418 834 b
1 2 4 8 16 32 48 96 192 384 416 832 834 b
1 2 4 8 16 32 64 66 96 192 384 450 834 a
1 2 4 8 16 32 64 66 96 192 384 768 834 a
1 2 4 8 16 32 64 66 128 192 384 450 834 a
1 2 4 8 16 32 64 66 128 192 384 768 834 a
1 2 4 8 16 32 64 66 128 256 322 512 834 a
1 2 4 8 16 32 64 66 128 256 322 578 834 a
1 2 4 8 16 32 64 66 128 256 384 450 834 a
1 2 4 8 16 32 64 66 128 256 384 768 834 a
1 2 4 8 16 32 64 66 128 256 512 578 834 a
1 2 4 8 16 32 64 66 128 256 512 768 834 a
1 2 4 8 16 32 64 72 104 208 209 417 834 b
1 2 4 8 16 32 64 72 104 208 416 417 834 b
1 2 4 8 16 32 64 72 104 208 416 418 834 b
1 2 4 8 16 32 64 72 104 208 416 832 834 b
1 2 4 8 16 32 64 72 136 208 209 417 834 b
1 2 4 8 16 32 64 72 136 208 416 417 834 b
1 2 4 8 16 32 64 72 136 208 416 418 834 b
1 2 4 8 16 32 64 72 136 208 416 832 834 b
1 2 4 8 16 32 64 72 144 208 209 417 834 b
1 2 4 8 16 32 64 72 144 208 416 417 834 b
1 2 4 8 16 32 64 72 144 208 416 418 834 b
1 2 4 8 16 32 64 72 144 208 416 832 834 b
1 2 4 8 16 32 64 80 128 208 209 417 834 a
1 2 4 8 16 32 64 80 128 208 416 417 834 a
1 2 4 8 16 32 64 80 128 208 416 418 834 a
1 2 4 8 16 32 64 80 128 208 416 832 834 a
1 2 4 8 16 32 64 80 144 208 209 417 834 b
1 2 4 8 16 32 64 80 144 208 416 417 834 b
1 2 4 8 16 32 64 80 144 208 416 418 834 b
1 2 4 8 16 32 64 80 144 208 416 832 834 b
1 2 4 8 16 32 64 96 97 160 257 417 834 a
1 2 4 8 16 32 64 96 97 160 320 417 834 a
1 2 4 8 16 32 64 96 104 208 209 417 834 b
1 2 4 8 16 32 64 96 104 208 416 417 834 b
1 2 4 8 16 32 64 96 104 208 416 418 834 b
1 2 4 8 16 32 64 96 104 208 416 832 834 b
1 2 4 8 16 32 64 96 112 208 209 417 834 b
1 2 4 8 16 32 64 96 112 208 416 417 834 b
1 2 4 8 16 32 64 96 112 208 416 418 834 b
1 2 4 8 16 32 64 96 112 208 416 832 834 b
1 2 4 8 16 32 64 96 160 161 256 417 834 a
1 2 4 8 16 32 64 96 160 161 257 417 834 b
1 2 4 8 16 32 64 96 160 161 321 417 834 b
1 2 4 8 16 32 64 96 160 256 257 417 834 b
1 2 4 8 16 32 64 96 160 256 416 417 834 b
1 2 4 8 16 32 64 96 160 256 416 418 834 b
1 2 4 8 16 32 64 96 160 256 416 832 834 b
1 2 4 8 16 32 64 96 160 320 321 417 834 b
1 2 4 8 16 32 64 96 160 320 416 417 834 b
1 2 4 8 16 32 64 96 160 320 416 418 834 b
1 2 4 8 16 32 64 96 160 320 416 832 834 b
1 2 4 8 16 32 64 96 192 193 224 417 834 a
1 2 4 8 16 32 64 96 192 193 225 417 834 b
1 2 4 8 16 32 64 96 192 193 385 417 834 b
1 2 4 8 16 32 64 96 192 193 385 449 834 b
1 2 4 8 16 32 64 96 192 193 385 770 834 b
1 2 4 8 16 32 64 96 192 208 209 417 834 b
1 2 4 8 16 32 64 96 192 208 416 417 834 b
1 2 4 8 16 32 64 96 192 208 416 418 834 b
1 2 4 8 16 32 64 96 192 208 416 832 834 b
1 2 4 8 16 32 64 96 192 224 225 417 834 b
1 2 4 8 16 32 64 96 192 224 416 417 834 b
1 2 4 8 16 32 64 96 192 224 416 418 834 b
1 2 4 8 16 32 64 96 192 224 416 832 834 b
1 2 4 8 16 32 64 96 192 384 385 417 834 b
1 2 4 8 16 32 64 96 192 384 385 449 834 b
1 2 4 8 16 32 64 96 192 384 385 770 834 b
1 2 4 8 16 32 64 96 192 384 386 448 834 a
1 2 4 8 16 32 64 96 192 384 386 450 834 b
1 2 4 8 16 32 64 96 192 384 386 770 834 b
1 2 4 8 16 32 64 96 192 384 416 417 834 b
1 2 4 8 16 32 64 96 192 384 416 418 834 b
1 2 4 8 16 32 64 96 192 384 416 832 834 b
1 2 4 8 16 32 64 96 192 384 448 450 834 b
1 2 4 8 16 32 64 96 192 384 448 832 834 b
1 2 4 8 16 32 64 96 192 384 768 770 834 b
1 2 4 8 16 32 64 96 192 384 768 832 834 b
1 2 4 8 16 32 64 128 129 144 273 417 834 a
1 2 4 8 16 32 64 128 129 144 288 417 834 a
1 2 4 8 16 32 64 128 129 160 257 417 834 a
1 2 4 8 16 32 64 128 129 160 288 417 834 a
1 2 4 8 16 32 64 128 129 160 289 417 834 a
1 2 4 8 16 32 64 128 129 161 256 417 834 a
1 2 4 8 16 32 64 128 129 161 289 417 834 b
1 2 4 8 16 32 64 128 129 192 321 513 834 a
1 2 4 8 16 32 64 128 129 192 321 642 834 a
1 2 4 8 16 32 64 128 129 256 288 417 834 a
1 2 4 8 16 32 64 128 129 256 385 417 834 a
1 2 4 8 16 32 64 128 129 256 385 449 834 a
1 2 4 8 16 32 64 128 129 256 385 770 834 a
1 2 4 8 16 32 64 128 129 257 289 417 834 b
1 2 4 8 16 32 64 128 129 257 385 417 834 b
1 2 4 8 16 32 64 128 129 257 385 449 834 b
1 2 4 8 16 32 64 128 129 257 385 770 834 b
1 2 4 8 16 32 64 128 144 145 272 417 834 a
1 2 4 8 16 32 64 128 144 145 273 417 834 b
1 2 4 8 16 32 64 128 144 145 289 417 834 b
1 2 4 8 16 32 64 128 144 208 209 417 834 b
1 2 4 8 16 32 64 128 144 208 416 417 834 b
1 2 4 8 16 32 64 128 144 208 416 418 834 b
1 2 4 8 16 32 64 128 144 208 416 832 834 b
1 2 4 8 16 32 64 128 144 272 273 417 834 b
1 2 4 8 16 32 64 128 144 272 416 417 834 b
1 2 4 8 16 32 64 128 144 272 416 418 834 b
1 2 4 8 16 32 64 128 144 272 416 832 834 b
1 2 4 8 16 32 64 128 144 288 289 417 834 b
1 2 4 8 16 32 64 128 144 288 416 417 834 b
1 2 4 8 16 32 64 128 144 288 416 418 834 b
1 2 4 8 16 32 64 128 144 288 416 832 834 b
1 2 4 8 16 32 64 128 160 161 256 417 834 a
1 2 4 8 16 32 64 128 160 161 289 417 834 b
1 2 4 8 16 32 64 128 160 256 257 417 834 a
1 2 4 8 16 32 64 128 160 256 416 417 834 a
1 2 4 8 16 32 64 128 160 256 416 418 834 a
1 2 4 8 16 32 64 128 160 256 416 832 834 a
1 2 4 8 16 32 64 128 160 288 289 417 834 b
1 2 4 8 16 32 64 128 160 288 416 417 834 b
1 2 4 8 16 32 64 128 160 288 416 418 834 b
1 2 4 8 16 32 64 128 160 288 416 832 834 b
1 2 4 8 16 32 64 128 192 193 224 417 834 a
1 2 4 8 16 32 64 128 192 193 225 417 834 b
1 2 4 8 16 32 64 128 192 193 321 513 834 b
1 2 4 8 16 32 64 128 192 193 321 642 834 b
1 2 4 8 16 32 64 128 192 193 385 417 834 b
1 2 4 8 16 32 64 128 192 193 385 449 834 b
1 2 4 8 16 32 64 128 192 193 385 770 834 b
1 2 4 8 16 32 64 128 192 194 320 514 834 a
1 2 4 8 16 32 64 128 192 194 320 640 834 a
1 2 4 8 16 32 64 128 192 208 209 417 834 b
1 2 4 8 16 32 64 128 192 208 416 417 834 b
1 2 4 8 16 32 64 128 192 208 416 418 834 b
1 2 4 8 16 32 64 128 192 208 416 832 834 b
1 2 4 8 16 32 64 128 192 224 225 417 834 b
1 2 4 8 16 32 64 128 192 224 416 417 834 b
1 2 4 8 16 32 64 128 192 224 416 418 834 b
1 2 4 8 16 32 64 128 192 224 416 832 834 b
1 2 4 8 16 32 64 128 192 320 321 513 834 b
1 2 4 8 16 32 64 128 192 320 321 642 834 b
1 2 4 8 16 32 64 128 192 320 322 512 834 a
1 2 4 8 16 32 64 128 192 320 322 514 834 b
1 2 4 8 16 32 64 128 192 320 322 642 834 b
1 2 4 8 16 32 64 128 192 320 512 514 834 b
1 2 4 8 16 32 64 128 192 320 512 832 834 b
1 2 4 8 16 32 64 128 192 320 640 642 834 b
1 2 4 8 16 32 64 128 192 320 640 832 834 b
1 2 4 8 16 32 64 128 192 384 385 417 834 b
1 2 4 8 16 32 64 128 192 384 385 449 834 b
1 2 4 8 16 32 64 128 192 384 385 770 834 b
1 2 4 8 16 32 64 128 192 384 386 448 834 a
1 2 4 8 16 32 64 128 192 384 386 450 834 b
1 2 4 8 16 32 64 128 192 384 386 770 834 b
1 2 4 8 16 32 64 128 192 384 416 417 834 b
1 2 4 8 16 32 64 128 192 384 416 418 834 b
1 2 4 8 16 32 64 128 192 384 416 832 834 b
1 2 4 8 16 32 64 128 192 384 448 450 834 b
1 2 4 8 16 32 64 128 192 384 448 832 834 b
1 2 4 8 16 32 64 128 192 384 768 770 834 b
1 2 4 8 16 32 64 128 192 384 768 832 834 b
1 2 4 8 16 32 64 128 256 257 289 417 834 b
1 2 4 8 16 32 64 128 256 257 289 545 834 b
1 2 4 8 16 32 64 128 256 257 289 578 834 b
1 2 4 8 16 32 64 128 256 257 320 514 834 a
1 2 4 8 16 32 64 128 256 257 320 577 834 a
1 2 4 8 16 32 64 128 256 257 321 513 834 a
1 2 4 8 16 32 64 128 256 257 321 577 834 b
1 2 4 8 16 32 64 128 256 257 321 578 834 b
1 2 4 8 16 32 64 128 256 257 385 417 834 b
1 2 4 8 16 32 64 128 256 257 385 449 834 b
1 2 4 8 16 32 64 128 256 257 385 770 834 b
1 2 4 8 16 32 64 128 256 257 513 577 834 b
1 2 4 8 16 32 64 128 256 257 513 770 834 b
1 2 4 8 16 32 64 128 256 257 514 578 834 b
1 2 4 8 16 32 64 128 256 257 514 770 834 b
1 2 4 8 16 32 64 128 256 258 288 546 834 a
1 2 4 8 16 32 64 128 256 258 288 576 834 a
1 2 4 8 16 32 64 128 256 258 320 514 834 a
1 2 4 8 16 32 64 128 256 258 320 576 834 a
1 2 4 8 16 32 64 128 256 258 320 578 834 a
1 2 4 8 16 32 64 128 256 258 322 512 834 a
1 2 4 8 16 32 64 128 256 258 322 578 834 b
1 2 4 8 16 32 64 128 256 258 512 576 834 a
1 2 4 8 16 32 64 128 256 258 512 770 834 a
1 2 4 8 16 32 64 128 256 258 514 578 834 b
1 2 4 8 16 32 64 128 256 258 514 770 834 b
1 2 4 8 16 32 64 128 256 288 289 417 834 b
1 2 4 8 16 32 64 128 256 288 289 545 834 b
1 2 4 8 16 32 64 128 256 288 289 578 834 b
1 2 4 8 16 32 64 128 256 288 290 544 834 a
1 2 4 8 16 32 64 128 256 288 290 546 834 b
1 2 4 8 16 32 64 128 256 288 290 578 834 b
1 2 4 8 16 32 64 128 256 288 416 417 834 b
1 2 4 8 16 32 64 128 256 288 416 418 834 b
1 2 4 8 16 32 64 128 256 288 416 832 834 b
1 2 4 8 16 32 64 128 256 288 544 546 834 b
1 2 4 8 16 32 64 128 256 288 544 832 834 b
1 2 4 8 16 32 64 128 256 288 576 578 834 b
1 2 4 8 16 32 64 128 256 288 576 832 834 b
1 2 4 8 16 32 64 128 256 320 322 512 834 a
1 2 4 8 16 32 64 128 256 320 322 578 834 b
1 2 4 8 16 32 64 128 256 320 512 514 834 a
1 2 4 8 16 32 64 128 256 320 512 832 834 a
1 2 4 8 16 32 64 128 256 320 576 578 834 b
1 2 4 8 16 32 64 128 256 320 576 832 834 b
1 2 4 8 16 32 64 128 256 384 385 417 834 b
1 2 4 8 16 32 64 128 256 384 385 449 834 b
1 2 4 8 16 32 64 128 256 384 385 770 834 b
1 2 4 8 16 32 64 128 256 384 386 448 834 a
1 2 4 8 16 32 64 128 256 384 386 450 834 b
1 2 4 8 16 32 64 128 256 384 386 770 834 b
1 2 4 8 16 32 64 128 256 384 416 417 834 b
1 2 4 8 16 32 64 128 256 384 416 418 834 b
1 2 4 8 16 32 64 128 256 384 416 832 834 b
1 2 4 8 16 32 64 128 256 384 448 450 834 b
1 2 4 8 16 32 64 128 256 384 448 832 834 b
1 2 4 8 16 32 64 128 256 384 768 770 834 b
1 2 4 8 16 32 64 128 256 384 768 832 834 b
1 2 4 8 16 32 64 128 256 512 514 578 834 b
1 2 4 8 16 32 64 128 256 512 514 770 834 b
1 2 4 8 16 32 64 128 256 512 576 578 834 b
1 2 4 8 16 32 64 128 256 512 576 832 834 b
1 2 4 8 16 32 64 128 256 512 768 770 834 b
1 2 4 8 16 32 64 128 256 512 768 832 834 b
