1 2 3 4 7 11 22 29 51 102 204 408 419 827 b
1 2 3 4 7 11 22 29 51 102 204 408 816 827 b
1 2 3 4 7 11 22 44 51 102 204 408 419 827 b
1 2 3 4 7 11 22 44 51 102 204 408 816 827 b
1 2 3 4 7 11 22 44 88 95 183 366 461 827 b
1 2 3 4 7 11 22 44 88 95 183 366 732 827 b
1 2 3 4 8 16 32 35 64 99 198 396 431 827 a
1 2 3 4 8 16 32 35 64 99 198 396 792 827 a
1 2 3 4 8 16 32 35 67 99 198 396 431 827 b
1 2 3 4 8 16 32 35 67 99 198 396 792 827 b
1 2 3 5 6 11 17 34 51 102 204 408 419 827 b
1 2 3 5 6 11 17 34 51 102 204 408 816 827 b
1 2 3 5 6 11 17 34 68 102 204 408 419 827 b
1 2 3 5 6 11 17 34 68 102 204 408 816 827 b
1 2 3 5 6 11 17 34 68 136 204 408 419 827 b
1 2 3 5 6 11 17 34 68 136 204 408 816 827 b
1 2 3 5 6 11 17 34 68 136 272 283 544 827 a
1 2 3 5 6 11 17 34 68 136 272 283 555 827 b
1 2 3 5 6 11 17 34 68 136 272 408 419 827 b
1 2 3 5 6 11 17 34 68 136 272 408 816 827 b
1 2 3 5 6 11 17 34 68 136 272 544 555 827 b
1 2 3 5 6 11 17 34 68 136 272 544 816 827 b
1 2 3 5 7 12 24 48 55 103 206 412 415 827 b
1 2 3 5 7 12 24 48 55 103 206 412 824 827 b
1 2 3 5 7 12 24 48 96 103 206 412 415 827 b
1 2 3 5 7 12 24 48 96 103 206 412 824 827 b
1 2 3 5 8 16 32 35 64 99 198 396 431 827 a
1 2 3 5 8 16 32 35 64 99 198 396 792 827 a
1 2 3 5 8 16 32 35 67 99 198 396 431 827 b
1 2 3 5 8 16 32 35 67 99 198 396 792 827 b
1 2 3 5 10 11 20 31 51 102 204 408 419 827 a
1 2 3 5 10 11 20 31 51 102 204 408 816 827 a
1 2 3 5 10 11 20 40 51 102 204 408 419 827 a
1 2 3 5 10 11 20 40 51 102 204 408 816 827 a
1 2 3 5 10 13 23 46 51 97 194 388 439 827 b
1 2 3 5 10 13 23 46 51 97 194 388 776 827 b
1 2 3 5 10 15 25 27 50 100 200 400 427 827 a
1 2 3 5 10 15 25 27 50 100 200 400 800 827 a
1 2 3 5 10 15 25 50 53 103 206 412 415 827 b
1 2 3 5 10 15 25 50 53 103 206 412 824 827 b
1 2 3 5 10 15 25 50 100 103 203 406 421 827 b
1 2 3 5 10 15 25 50 100 103 203 406 812 827 b
1 2 3 5 10 15 25 50 100 103 206 412 415 827 b
1 2 3 5 10 15 25 50 100 103 206 412 824 827 b
1 2 3 5 10 15 25 50 100 200 201 401 426 827 b
1 2 3 5 10 15 25 50 100 200 201 401 802 827 b
1 2 3 5 10 15 25 50 100 200 203 406 421 827 b
1 2 3 5 10 15 25 50 100 200 203 406 812 827 b
1 2 3 5 10 15 25 50 100 200 400 401 426 827 b
1 2 3 5 10 15 25 50 100 200 400 401 802 827 b
1 2 3 5 10 15 25 50 100 200 400 402 425 827 a
1 2 3 5 10 15 25 50 100 200 400 402 427 827 b
1 2 3 5 10 15 25 50 100 200 400 402 802 827 b
1 2 3 5 10 15 25 50 100 200 400 425 427 827 b
1 2 3 5 10 15 25 50 100 200 400 425 825 827 b
1 2 3 5 10 15 25 50 100 200 400 800 802 827 b
1 2 3 5 10 15 25 50 100 200 400 800 825 827 b
1 2 3 5 10 20 21 41 62 103 206 412 415 827 b
1 2 3 5 10 20 21 41 62 103 206 412 824 827 b
1 2 3 5 10 20 21 41 82 103 206 412 415 827 b
1 2 3 5 10 20 21 41 82 103 206 412 824 827 b
1 2 3 5 10 20 23 40 63 103 206 412 415 827 a
1 2 3 5 10 20 23 40 63 103 206 412 824 827 a
1 2 3 5 10 20 23 40 80 103 206 412 415 827 a
1 2 3 5 10 20 23 40 80 103 206 412 824 827 a
1 2 3 5 10 20 23 46 51 97 194 388 439 827 b
1 2 3 5 10 20 23 46 51 97 194 388 776 827 b
1 2 3 5 10 20 25 27 50 100 200 400 427 827 a
1 2 3 5 10 20 25 27 50 100 200 400 800 827 a
1 2 3 5 10 20 25 50 53 103 206 412 415 827 b
1 2 3 5 10 20 25 50 53 103 206 412 824 827 b
1 2 3 5 10 20 25 50 100 103 206 412 415 827 b
1 2 3 5 10 20 25 50 100 103 206 412 824 827 b
1 2 3 5 10 20 25 50 100 200 201 401 426 827 b
1 2 3 5 10 20 25 50 100 200 201 401 802 827 b
1 2 3 5 10 20 25 50 100 200 400 401 426 827 b
1 2 3 5 10 20 25 50 100 200 400 401 802 827 b
1 2 3 5 10 20 25 50 100 200 400 402 425 827 a
1 2 3 5 10 20 25 50 100 200 400 402 427 827 b
1 2 3 5 10 20 25 50 100 200 400 402 802 827 b
1 2 3 5 10 20 25 50 100 200 400 425 427 827 b
1 2 3 5 10 20 25 50 100 200 400 425 825 827 b
1 2 3 5 10 20 25 50 100 200 400 800 802 827 b
1 2 3 5 10 20 25 50 100 200 400 800 825 827 b
1 2 3 5 10 20 30 50 53 103 206 412 415 827 b
1 2 3 5 10 20 30 50 53 103 206 412 824 827 b
1 2 3 5 10 20 30 50 100 103 206 412 415 827 b
1 2 3 5 10 20 30 50 100 103 206 412 824 827 b
1 2 3 5 10 20 40 42 82 124 206 412 415 827 b
1 2 3 5 10 20 40 42 82 124 206 412 824 827 b
1 2 3 5 10 20 40 42 82 164 206 412 415 827 b
1 2 3 5 10 20 40 42 82 164 206 412 824 827 b
1 2 3 5 10 20 40 43 60 103 206 412 415 827 a
1 2 3 5 10 20 40 43 60 103 206 412 824 827 a
1 2 3 5 10 20 40 43 63 103 206 412 415 827 b
1 2 3 5 10 20 40 43 63 103 206 412 824 827 b
1 2 3 5 10 20 40 43 83 93 186 372 455 827 b
1 2 3 5 10 20 40 43 83 93 186 372 744 827 b
1 2 3 5 10 20 40 43 83 103 186 372 455 827 b
1 2 3 5 10 20 40 43 83 103 186 372 744 827 b
1 2 3 5 10 20 40 43 83 103 206 412 415 827 b
1 2 3 5 10 20 40 43 83 103 206 412 824 827 b
1 2 3 5 10 20 40 43 83 123 206 412 415 827 b
1 2 3 5 10 20 40 43 83 123 206 412 824 827 b
1 2 3 5 10 20 40 43 83 166 186 372 455 827 b
1 2 3 5 10 20 40 43 83 166 186 372 744 827 b
1 2 3 5 10 20 40 43 83 166 206 372 455 827 b
1 2 3 5 10 20 40 43 83 166 206 372 744 827 b
1 2 3 5 10 20 40 43 83 166 206 412 415 827 b
1 2 3 5 10 20 40 43 83 166 206 412 824 827 b
1 2 3 5 10 20 40 43 83 166 249 289 538 827 b
1 2 3 5 10 20 40 43 83 166 249 289 578 827 b
1 2 3 5 10 20 40 43 83 166 332 372 455 827 b
1 2 3 5 10 20 40 43 83 166 332 372 744 827 b
1 2 3 5 10 20 40 50 53 103 206 412 415 827 b
1 2 3 5 10 20 40 50 53 103 206 412 824 827 b
1 2 3 5 10 20 40 50 100 103 206 412 415 827 b
1 2 3 5 10 20 40 50 100 103 206 412 824 827 b
1 2 3 5 10 20 40 60 63 103 206 412 415 827 b
1 2 3 5 10 20 40 60 63 103 206 412 824 827 b
1 2 3 5 10 20 40 60 100 103 206 412 415 827 b
1 2 3 5 10 20 40 60 100 103 206 412 824 827 b
1 2 3 5 10 20 40 80 83 93 186 372 455 827 b
1 2 3 5 10 20 40 80 83 93 186 372 744 827 b
1 2 3 5 10 20 40 80 83 103 186 372 455 827 b
1 2 3 5 10 20 40 80 83 103 186 372 744 827 b
1 2 3 5 10 20 40 80 83 103 206 412 415 827 b
1 2 3 5 10 20 40 80 83 103 206 412 824 827 b
1 2 3 5 10 20 40 80 83 123 206 412 415 827 b
1 2 3 5 10 20 40 80 83 123 206 412 824 827 b
1 2 3 5 10 20 40 80 83 163 166 332 495 827 b
1 2 3 5 10 20 40 80 83 163 166 332 664 827 b
1 2 3 5 10 20 40 80 83 166 186 372 455 827 b
1 2 3 5 10 20 40 80 83 166 186 372 744 827 b
1 2 3 5 10 20 40 80 83 166 206 372 455 827 b
1 2 3 5 10 20 40 80 83 166 206 372 744 827 b
1 2 3 5 10 20 40 80 83 166 206 412 415 827 b
1 2 3 5 10 20 40 80 83 166 206 412 824 827 b
1 2 3 5 10 20 40 80 83 166 246 412 415 827 b
1 2 3 5 10 20 40 80 83 166 246 412 824 827 b
1 2 3 5 10 20 40 80 83 166 249 289 538 827 b
1 2 3 5 10 20 40 80 83 166 249 289 578 827 b
1 2 3 5 10 20 40 80 83 166 249 329 498 827 a
1 2 3 5 10 20 40 80 83 166 249 329 578 827 b
1 2 3 5 10 20 40 80 83 166 249 498 578 827 b
1 2 3 5 10 20 40 80 83 166 249 498 747 827 b
1 2 3 5 10 20 40 80 83 166 332 372 455 827 b
1 2 3 5 10 20 40 80 83 166 332 372 744 827 b
1 2 3 5 10 20 40 80 83 166 332 412 415 827 b
1 2 3 5 10 20 40 80 83 166 332 412 495 827 b
1 2 3 5 10 20 40 80 83 166 332 412 744 827 b
1 2 3 5 10 20 40 80 83 166 332 412 824 827 b
1 2 3 5 10 20 40 80 83 166 332 415 495 827 b
1 2 3 5 10 20 40 80 83 166 332 415 747 827 b
1 2 3 5 10 20 40 80 83 166 332 664 744 827 b
1 2 3 5 10 20 40 80 83 166 332 664 747 827 b
1 2 3 5 10 20 40 80 85 165 166 331 496 827 b
1 2 3 5 10 20 40 80 85 165 166 331 662 827 b
1 2 3 5 10 20 40 80 85 165 167 330 497 827 a
1 2 3 5 10 20 40 80 85 165 167 330 660 827 a
1 2 3 5 10 20 40 80 85 165 330 331 496 827 b
1 2 3 5 10 20 40 80 85 165 330 331 662 827 b
1 2 3 5 10 20 40 80 85 165 330 332 495 827 a
1 2 3 5 10 20 40 80 85 165 330 332 497 827 b
1 2 3 5 10 20 40 80 85 165 330 332 662 827 b
1 2 3 5 10 20 40 80 85 165 330 495 497 827 b
1 2 3 5 10 20 40 80 85 165 330 495 825 827 b
1 2 3 5 10 20 40 80 85 165 330 660 662 827 b
1 2 3 5 10 20 40 80 85 165 330 660 825 827 b
1 2 3 5 10 20 40 80 100 103 206 412 415 827 b
1 2 3 5 10 20 40 80 100 103 206 412 824 827 b
1 2 3 5 10 20 40 80 160 163 166 332 495 827 b
1 2 3 5 10 20 40 80 160 163 166 332 664 827 b
1 2 3 5 10 20 40 80 160 165 166 331 496 827 b
1 2 3 5 10 20 40 80 160 165 166 331 662 827 b
1 2 3 5 10 20 40 80 160 165 167 330 497 827 a
1 2 3 5 10 20 40 80 160 165 167 330 660 827 a
1 2 3 5 10 20 40 80 160 165 330 331 496 827 b
1 2 3 5 10 20 40 80 160 165 330 331 662 827 b
1 2 3 5 10 20 40 80 160 165 330 332 495 827 a
1 2 3 5 10 20 40 80 160 165 330 332 497 827 b
1 2 3 5 10 20 40 80 160 165 330 332 662 827 b
1 2 3 5 10 20 40 80 160 165 330 495 497 827 b
1 2 3 5 10 20 40 80 160 165 330 495 825 827 b
1 2 3 5 10 20 40 80 160 165 330 660 662 827 b
1 2 3 5 10 20 40 80 160 165 330 660 825 827 b
1 2 3 6 7 12 24 48 55 103 206 412 415 827 a
1 2 3 6 7 12 24 48 55 103 206 412 824 827 a
1 2 3 6 7 12 24 48 96 103 206 412 415 827 a
1 2 3 6 7 12 24 48 96 103 206 412 824 827 a
1 2 3 6 8 11 17 34 51 102 204 408 419 827 b
1 2 3 6 8 11 17 34 51 102 204 408 816 827 b
1 2 3 6 8 11 17 34 68 102 204 408 419 827 b
1 2 3 6 8 11 17 34 68 102 204 408 816 827 b
1 2 3 6 8 11 17 34 68 136 204 408 419 827 b
1 2 3 6 8 11 17 34 68 136 204 408 816 827 b
1 2 3 6 8 11 17 34 68 136 272 283 544 827 a
1 2 3 6 8 11 17 34 68 136 272 283 555 827 b
1 2 3 6 8 11 17 34 68 136 272 408 419 827 b
1 2 3 6 8 11 17 34 68 136 272 408 816 827 b
1 2 3 6 8 11 17 34 68 136 272 544 555 827 b
1 2 3 6 8 11 17 34 68 136 272 544 816 827 b
1 2 3 6 8 16 32 35 64 99 198 396 431 827 a
1 2 3 6 8 16 32 35 64 99 198 396 792 827 a
1 2 3 6 8 16 32 35 67 99 198 396 431 827 b
1 2 3 6 8 16 32 35 67 99 198 396 792 827 b
1 2 3 6 9 10 20 40 80 160 169 329 498 827 b
1 2 3 6 9 10 20 40 80 160 169 329 658 827 b
1 2 3 6 9 11 17 34 51 102 204 408 419 827 b
1 2 3 6 9 11 17 34 51 102 204 408 816 827 b
1 2 3 6 9 11 17 34 68 102 204 408 419 827 b
1 2 3 6 9 11 17 34 68 102 204 408 816 827 b
1 2 3 6 9 11 17 34 68 136 204 408 419 827 b
1 2 3 6 9 11 17 34 68 136 204 408 816 827 b
1 2 3 6 9 11 17 34 68 136 272 283 544 827 a
1 2 3 6 9 11 17 34 68 136 272 283 555 827 b
1 2 3 6 9 11 17 34 68 136 272 408 419 827 b
1 2 3 6 9 11 17 34 68 136 272 408 816 827 b
1 2 3 6 9 11 17 34 68 136 272 544 555 827 b
1 2 3 6 9 11 17 34 68 136 272 544 816 827 b
1 2 3 6 9 11 20 31 51 102 204 408 419 827 b
1 2 3 6 9 11 20 31 51 102 204 408 816 827 b
1 2 3 6 9 11 20 40 51 102 204 408 419 827 b
1 2 3 6 9 11 20 40 51 102 204 408 816 827 b
1 2 3 6 9 11 20 40 80 160 169 329 498 827 b
1 2 3 6 9 11 20 40 80 160 169 329 658 827 b
1 2 3 6 9 18 20 40 80 160 169 329 498 827 b
1 2 3 6 9 18 20 40 80 160 169 329 658 827 b
1 2 3 6 12 13 25 27 50 100 200 400 427 827 a
1 2 3 6 12 13 25 27 50 100 200 400 800 827 a
1 2 3 6 12 13 25 50 53 103 206 412 415 827 b
1 2 3 6 12 13 25 50 53 103 206 412 824 827 b
1 2 3 6 12 13 25 50 100 103 206 412 415 827 b
1 2 3 6 12 13 25 50 100 103 206 412 824 827 b
1 2 3 6 12 13 25 50 100 106 206 412 415 827 b
1 2 3 6 12 13 25 50 100 106 206 412 824 827 b
1 2 3 6 12 13 25 50 100 200 201 401 426 827 b
1 2 3 6 12 13 25 50 100 200 201 401 802 827 b
1 2 3 6 12 13 25 50 100 200 206 412 415 827 b
1 2 3 6 12 13 25 50 100 200 206 412 824 827 b
1 2 3 6 12 13 25 50 100 200 212 412 415 827 b
1 2 3 6 12 13 25 50 100 200 212 412 824 827 b
1 2 3 6 12 13 25 50 100 200 213 413 414 827 b
1 2 3 6 12 13 25 50 100 200 213 413 826 827 b
1 2 3 6 12 13 25 50 100 200 400 401 426 827 b
1 2 3 6 12 13 25 50 100 200 400 401 802 827 b
1 2 3 6 12 13 25 50 100 200 400 402 425 827 a
1 2 3 6 12 13 25 50 100 200 400 402 427 827 b
1 2 3 6 12 13 25 50 100 200 400 402 802 827 b
1 2 3 6 12 13 25 50 100 200 400 412 415 827 b
1 2 3 6 12 13 25 50 100 200 400 412 824 827 b
1 2 3 6 12 13 25 50 100 200 400 413 414 827 b
1 2 3 6 12 13 25 50 100 200 400 413 826 827 b
1 2 3 6 12 13 25 50 100 200 400 425 427 827 b
1 2 3 6 12 13 25 50 100 200 400 425 825 827 b
1 2 3 6 12 13 25 50 100 200 400 800 802 827 b
1 2 3 6 12 13 25 50 100 200 400 800 825 827 b
1 2 3 6 12 14 24 48 96 110 206 412 415 827 a
1 2 3 6 12 14 24 48 96 110 206 412 824 827 a
1 2 3 6 12 14 24 48 96 192 206 412 415 827 a
1 2 3 6 12 14 24 48 96 192 206 412 824 827 a
1 2 3 6 12 24 25 27 50 100 200 400 427 827 a
1 2 3 6 12 24 25 27 50 100 200 400 800 827 a
1 2 3 6 12 24 25 50 53 103 206 412 415 827 b
1 2 3 6 12 24 25 50 53 103 206 412 824 827 b
1 2 3 6 12 24 25 50 100 103 206 412 415 827 b
1 2 3 6 12 24 25 50 100 103 206 412 824 827 b
1 2 3 6 12 24 25 50 100 106 206 412 415 827 b
1 2 3 6 12 24 25 50 100 106 206 412 824 827 b
1 2 3 6 12 24 25 50 100 200 201 401 426 827 b
1 2 3 6 12 24 25 50 100 200 201 401 802 827 b
1 2 3 6 12 24 25 50 100 200 206 412 415 827 b
1 2 3 6 12 24 25 50 100 200 206 412 824 827 b
1 2 3 6 12 24 25 50 100 200 212 412 415 827 b
1 2 3 6 12 24 25 50 100 200 212 412 824 827 b
1 2 3 6 12 24 25 50 100 200 400 401 426 827 b
1 2 3 6 12 24 25 50 100 200 400 401 802 827 b
1 2 3 6 12 24 25 50 100 200 400 402 425 827 a
1 2 3 6 12 24 25 50 100 200 400 402 427 827 b
1 2 3 6 12 24 25 50 100 200 400 402 802 827 b
1 2 3 6 12 24 25 50 100 200 400 403 424 827 a
1 2 3 6 12 24 25 50 100 200 400 403 427 827 b
1 2 3 6 12 24 25 50 100 200 400 403 803 827 b
1 2 3 6 12 24 25 50 100 200 400 412 415 827 b
1 2 3 6 12 24 25 50 100 200 400 412 824 827 b
1 2 3 6 12 24 25 50 100 200 400 424 427 827 b
1 2 3 6 12 24 25 50 100 200 400 424 824 827 b
1 2 3 6 12 24 25 50 100 200 400 425 427 827 b
1 2 3 6 12 24 25 50 100 200 400 425 825 827 b
1 2 3 6 12 24 25 50 100 200 400 800 802 827 b
1 2 3 6 12 24 25 50 100 200 400 800 803 827 b
1 2 3 6 12 24 25 50 100 200 400 800 824 827 b
1 2 3 6 12 24 25 50 100 200 400 800 825 827 b
1 2 3 6 12 24 26 27 50 100 200 400 427 827 a
1 2 3 6 12 24 26 27 50 100 200 400 800 827 a
1 2 3 6 12 24 26 50 53 103 206 412 415 827 b
1 2 3 6 12 24 26 50 53 103 206 412 824 827 b
1 2 3 6 12 24 26 50 100 103 206 412 415 827 b
1 2 3 6 12 24 26 50 100 103 206 412 824 827 b
1 2 3 6 12 24 26 50 100 106 206 412 415 827 b
1 2 3 6 12 24 26 50 100 106 206 412 824 827 b
1 2 3 6 12 24 26 50 100 200 206 412 415 827 b
1 2 3 6 12 24 26 50 100 200 206 412 824 827 b
1 2 3 6 12 24 26 50 100 200 212 412 415 827 b
1 2 3 6 12 24 26 50 100 200 212 412 824 827 b
1 2 3 6 12 24 26 50 100 200 400 401 426 827 a
1 2 3 6 12 24 26 50 100 200 400 401 427 827 b
1 2 3 6 12 24 26 50 100 200 400 401 801 827 b
1 2 3 6 12 24 26 50 100 200 400 403 424 827 a
1 2 3 6 12 24 26 50 100 200 400 403 427 827 b
1 2 3 6 12 24 26 50 100 200 400 403 803 827 b
1 2 3 6 12 24 26 50 100 200 400 412 415 827 b
1 2 3 6 12 24 26 50 100 200 400 412 824 827 b
1 2 3 6 12 24 26 50 100 200 400 424 427 827 b
1 2 3 6 12 24 26 50 100 200 400 424 824 827 b
1 2 3 6 12 24 26 50 100 200 400 426 427 827 b
1 2 3 6 12 24 26 50 100 200 400 426 826 827 b
1 2 3 6 12 24 26 50 100 200 400 800 801 827 b
1 2 3 6 12 24 26 50 100 200 400 800 803 827 b
1 2 3 6 12 24 26 50 100 200 400 800 824 827 b
1 2 3 6 12 24 26 50 100 200 400 800 826 827 b
1 2 3 6 12 24 27 48 50 100 200 400 427 827 a
1 2 3 6 12 24 27 48 50 100 200 400 800 827 a
1 2 3 6 12 24 27 51 52 103 206 412 415 827 b
1 2 3 6 12 24 27 51 52 103 206 412 824 827 b
1 2 3 6 12 24 27 51 102 103 206 412 415 827 b
1 2 3 6 12 24 27 51 102 103 206 412 824 827 b
1 2 3 6 12 24 27 51 102 104 206 412 415 827 b
1 2 3 6 12 24 27 51 102 104 206 412 824 827 b
1 2 3 6 12 24 27 51 102 204 206 412 415 827 b
1 2 3 6 12 24 27 51 102 204 206 412 824 827 b
1 2 3 6 12 24 48 49 51 97 194 388 439 827 a
1 2 3 6 12 24 48 49 51 97 194 388 776 827 a
1 2 3 6 12 24 48 49 54 103 206 412 415 827 a
1 2 3 6 12 24 48 49 54 103 206 412 824 827 a
1 2 3 6 12 24 48 49 55 103 206 412 415 827 b
1 2 3 6 12 24 48 49 55 103 206 412 824 827 b
1 2 3 6 12 24 48 49 97 103 206 412 415 827 b
1 2 3 6 12 24 48 49 97 103 206 412 824 827 b
1 2 3 6 12 24 48 49 97 109 206 412 415 827 b
1 2 3 6 12 24 48 49 97 109 206 412 824 827 b
1 2 3 6 12 24 48 49 97 146 243 292 535 827 b
1 2 3 6 12 24 48 49 97 146 243 292 584 827 b
1 2 3 6 12 24 48 49 97 146 243 389 438 827 b
1 2 3 6 12 24 48 49 97 146 243 389 778 827 b
1 2 3 6 12 24 48 49 97 146 292 389 438 827 b
1 2 3 6 12 24 48 49 97 146 292 389 535 827 b
1 2 3 6 12 24 48 49 97 146 292 389 681 827 b
1 2 3 6 12 24 48 49 97 146 292 389 778 827 b
1 2 3 6 12 24 48 49 97 146 292 438 535 827 b
1 2 3 6 12 24 48 49 97 146 292 438 730 827 b
1 2 3 6 12 24 48 49 97 146 292 584 681 827 b
1 2 3 6 12 24 48 49 97 146 292 584 730 827 b
1 2 3 6 12 24 48 49 97 194 195 389 438 827 b
1 2 3 6 12 24 48 49 97 194 195 389 778 827 b
1 2 3 6 12 24 48 49 97 194 206 412 415 827 b
1 2 3 6 12 24 48 49 97 194 206 412 824 827 b
1 2 3 6 12 24 48 49 97 194 218 412 415 827 b
1 2 3 6 12 24 48 49 97 194 218 412 824 827 b
1 2 3 6 12 24 48 49 97 194 243 292 535 827 b
1 2 3 6 12 24 48 49 97 194 243 292 584 827 b
1 2 3 6 12 24 48 49 97 194 388 389 438 827 b
1 2 3 6 12 24 48 49 97 194 388 389 778 827 b
1 2 3 6 12 24 48 49 97 194 388 390 437 827 a
1 2 3 6 12 24 48 49 97 194 388 390 439 827 b
1 2 3 6 12 24 48 49 97 194 388 390 778 827 b
1 2 3 6 12 24 48 49 97 194 388 391 436 827 a
1 2 3 6 12 24 48 49 97 194 388 391 439 827 b
1 2 3 6 12 24 48 49 97 194 388 391 779 827 b
1 2 3 6 12 24 48 49 97 194 388 412 415 827 b
1 2 3 6 12 24 48 49 97 194 388 412 824 827 b
1 2 3 6 12 24 48 49 97 194 388 436 439 827 b
1 2 3 6 12 24 48 49 97 194 388 436 824 827 b
1 2 3 6 12 24 48 49 97 194 388 437 439 827 b
1 2 3 6 12 24 48 49 97 194 388 437 825 827 b
1 2 3 6 12 24 48 49 97 194 388 776 778 827 b
1 2 3 6 12 24 48 49 97 194 388 776 779 827 b
1 2 3 6 12 24 48 49 97 194 388 776 824 827 b
1 2 3 6 12 24 48 49 97 194 388 776 825 827 b
1 2 3 6 12 24 48 50 53 103 206 412 415 827 b
1 2 3 6 12 24 48 50 53 103 206 412 824 827 b
1 2 3 6 12 24 48 50 100 103 206 412 415 827 b
1 2 3 6 12 24 48 50 100 103 206 412 824 827 b
1 2 3 6 12 24 48 50 100 106 206 412 415 827 b
1 2 3 6 12 24 48 50 100 106 206 412 824 827 b
1 2 3 6 12 24 48 50 100 200 206 412 415 827 b
1 2 3 6 12 24 48 50 100 200 206 412 824 827 b
1 2 3 6 12 24 48 50 100 200 212 412 415 827 b
1 2 3 6 12 24 48 50 100 200 212 412 824 827 b
1 2 3 6 12 24 48 50 100 200 400 403 424 827 a
1 2 3 6 12 24 48 50 100 200 400 403 427 827 b
1 2 3 6 12 24 48 50 100 200 400 403 803 827 b
1 2 3 6 12 24 48 50 100 200 400 412 415 827 b
1 2 3 6 12 24 48 50 100 200 400 412 824 827 b
1 2 3 6 12 24 48 50 100 200 400 424 427 827 b
1 2 3 6 12 24 48 50 100 200 400 424 824 827 b
1 2 3 6 12 24 48 50 100 200 400 800 803 827 b
1 2 3 6 12 24 48 50 100 200 400 800 824 827 b
1 2 3 6 12 24 48 51 52 103 206 412 415 827 b
1 2 3 6 12 24 48 51 52 103 206 412 824 827 b
1 2 3 6 12 24 48 51 96 97 194 388 439 827 a
1 2 3 6 12 24 48 51 96 97 194 388 776 827 a
1 2 3 6 12 24 48 51 96 98 194 388 439 827 a
1 2 3 6 12 24 48 51 96 98 194 388 776 827 a
1 2 3 6 12 24 48 51 96 192 194 388 439 827 a
1 2 3 6 12 24 48 51 96 192 194 388 776 827 a
1 2 3 6 12 24 48 51 102 103 206 412 415 827 b
1 2 3 6 12 24 48 51 102 103 206 412 824 827 b
1 2 3 6 12 24 48 51 102 104 206 412 415 827 b
1 2 3 6 12 24 48 51 102 104 206 412 824 827 b
1 2 3 6 12 24 48 51 102 204 206 412 415 827 b
1 2 3 6 12 24 48 51 102 204 206 412 824 827 b
1 2 3 6 12 24 48 54 55 103 206 412 415 827 b
1 2 3 6 12 24 48 54 55 103 206 412 824 827 b
1 2 3 6 12 24 48 54 102 103 206 412 415 827 b
1 2 3 6 12 24 48 54 102 103 206 412 824 827 b
1 2 3 6 12 24 48 54 102 104 206 412 415 827 b
1 2 3 6 12 24 48 54 102 104 206 412 824 827 b
1 2 3 6 12 24 48 54 102 204 206 412 415 827 b
1 2 3 6 12 24 48 54 102 204 206 412 824 827 b
1 2 3 6 12 24 48 96 97 103 206 412 415 827 b
1 2 3 6 12 24 48 96 97 103 206 412 824 827 b
1 2 3 6 12 24 48 96 97 109 206 412 415 827 b
1 2 3 6 12 24 48 96 97 109 206 412 824 827 b
1 2 3 6 12 24 48 96 97 194 206 412 415 827 b
1 2 3 6 12 24 48 96 97 194 206 412 824 827 b
1 2 3 6 12 24 48 96 97 194 218 412 415 827 b
1 2 3 6 12 24 48 96 97 194 218 412 824 827 b
1 2 3 6 12 24 48 96 97 194 388 391 436 827 a
1 2 3 6 12 24 48 96 97 194 388 391 439 827 b
1 2 3 6 12 24 48 96 97 194 388 391 779 827 b
1 2 3 6 12 24 48 96 97 194 388 412 415 827 b
1 2 3 6 12 24 48 96 97 194 388 412 824 827 b
1 2 3 6 12 24 48 96 97 194 388 436 439 827 b
1 2 3 6 12 24 48 96 97 194 388 436 824 827 b
1 2 3 6 12 24 48 96 97 194 388 776 779 827 b
1 2 3 6 12 24 48 96 97 194 388 776 824 827 b
1 2 3 6 12 24 48 96 98 108 206 412 415 827 a
1 2 3 6 12 24 48 96 98 108 206 412 824 827 a
1 2 3 6 12 24 48 96 98 110 206 412 415 827 b
1 2 3 6 12 24 48 96 98 110 206 412 824 827 b
1 2 3 6 12 24 48 96 98 194 206 412 415 827 b
1 2 3 6 12 24 48 96 98 194 206 412 824 827 b
1 2 3 6 12 24 48 96 98 194 218 412 415 827 b
1 2 3 6 12 24 48 96 98 194 218 412 824 827 b
1 2 3 6 12 24 48 96 98 194 388 391 436 827 a
1 2 3 6 12 24 48 96 98 194 388 391 439 827 b
1 2 3 6 12 24 48 96 98 194 388 391 779 827 b
1 2 3 6 12 24 48 96 98 194 388 412 415 827 b
1 2 3 6 12 24 48 96 98 194 388 412 824 827 b
1 2 3 6 12 24 48 96 98 194 388 436 439 827 b
1 2 3 6 12 24 48 96 98 194 388 436 824 827 b
1 2 3 6 12 24 48 96 98 194 388 776 779 827 b
1 2 3 6 12 24 48 96 98 194 388 776 824 827 b
1 2 3 6 12 24 48 96 102 103 206 412 415 827 b
1 2 3 6 12 24 48 96 102 103 206 412 824 827 b
1 2 3 6 12 24 48 96 102 104 206 412 415 827 b
1 2 3 6 12 24 48 96 102 104 206 412 824 827 b
1 2 3 6 12 24 48 96 102 204 206 412 415 827 b
1 2 3 6 12 24 48 96 102 204 206 412 824 827 b
1 2 3 6 12 24 48 96 108 110 206 412 415 827 b
1 2 3 6 12 24 48 96 108 110 206 412 824 827 b
1 2 3 6 12 24 48 96 108 204 206 412 415 827 b
1 2 3 6 12 24 48 96 108 204 206 412 824 827 b
1 2 3 6 12 24 48 96 192 194 206 412 415 827 b
1 2 3 6 12 24 48 96 192 194 206 412 824 827 b
1 2 3 6 12 24 48 96 192 194 218 412 415 827 b
1 2 3 6 12 24 48 96 192 194 218 412 824 827 b
1 2 3 6 12 24 48 96 192 194 388 391 436 827 a
1 2 3 6 12 24 48 96 192 194 388 391 439 827 b
1 2 3 6 12 24 48 96 192 194 388 391 779 827 b
1 2 3 6 12 24 48 96 192 194 388 412 415 827 b
1 2 3 6 12 24 48 96 192 194 388 412 824 827 b
1 2 3 6 12 24 48 96 192 194 388 436 439 827 b
1 2 3 6 12 24 48 96 192 194 388 436 824 827 b
1 2 3 6 12 24 48 96 192 194 388 776 779 827 b
1 2 3 6 12 24 48 96 192 194 388 776 824 827 b
1 2 3 6 12 24 48 96 192 204 206 412 415 827 b
1 2 3 6 12 24 48 96 192 204 206 412 824 827 b
1 2 4 5 6 11 17 34 51 102 204 408 419 827 b
1 2 4 5 6 11 17 34 51 102 204 408 816 827 b
1 2 4 5 6 11 17 34 68 102 204 408 419 827 b
1 2 4 5 6 11 17 34 68 102 204 408 816 827 b
1 2 4 5 6 11 17 34 68 136 204 408 419 827 b
1 2 4 5 6 11 17 34 68 136 204 408 816 827 b
1 2 4 5 6 11 17 34 68 136 272 283 544 827 a
1 2 4 5 6 11 17 34 68 136 272 283 555 827 b
1 2 4 5 6 11 17 34 68 136 272 408 419 827 b
1 2 4 5 6 11 17 34 68 136 272 408 816 827 b
1 2 4 5 6 11 17 34 68 136 272 544 555 827 b
1 2 4 5 6 11 17 34 68 136 272 544 816 827 b
1 2 4 5 7 11 22 29 51 102 204 408 419 827 b
1 2 4 5 7 11 22 29 51 102 204 408 816 827 b
1 2 4 5 7 11 22 44 51 102 204 408 419 827 b
1 2 4 5 7 11 22 44 51 102 204 408 816 827 b
1 2 4 5 7 11 22 44 88 95 183 366 461 827 b
1 2 4 5 7 11 22 44 88 95 183 366 732 827 b
1 2 4 5 9 10 20 40 80 160 169 329 498 827 b
1 2 4 5 9 10 20 40 80 160 169 329 658 827 b
1 2 4 5 9 11 20 31 51 102 204 408 419 827 b
1 2 4 5 9 11 20 31 51 102 204 408 816 827 b
1 2 4 5 9 11 20 40 51 102 204 408 419 827 b
1 2 4 5 9 11 20 40 51 102 204 408 816 827 b
1 2 4 5 9 11 20 40 80 160 169 329 498 827 b
1 2 4 5 9 11 20 40 80 160 169 329 658 827 b
1 2 4 5 9 14 23 27 50 100 200 400 427 827 b
1 2 4 5 9 14 23 27 50 100 200 400 800 827 b
1 2 4 5 9 14 23 46 51 97 194 388 439 827 b
1 2 4 5 9 14 23 46 51 97 194 388 776 827 b
1 2 4 5 9 18 20 40 80 160 169 329 498 827 b
1 2 4 5 9 18 20 40 80 160 169 329 658 827 b
1 2 4 5 9 18 22 40 80 160 169 329 498 827 b
1 2 4 5 9 18 22 40 80 160 169 329 658 827 b
1 2 4 5 9 18 23 27 50 100 200 400 427 827 b
1 2 4 5 9 18 23 27 50 100 200 400 800 827 b
1 2 4 5 9 18 23 46 51 97 194 388 439 827 b
1 2 4 5 9 18 23 46 51 97 194 388 776 827 b
1 2 4 5 9 18 27 32 50 100 200 400 427 827 b
1 2 4 5 9 18 27 32 50 100 200 400 800 827 b
1 2 4 5 9 18 27 45 50 100 200 400 427 827 b
1 2 4 5 9 18 27 45 50 100 200 400 800 827 b
1 2 4 5 9 18 36 40 80 160 169 329 498 827 b
1 2 4 5 9 18 36 40 80 160 169 329 658 827 b
1 2 4 5 9 18 36 72 77 149 226 375 452 827 b
1 2 4 5 9 18 36 72 77 149 226 375 601 827 b
1 2 4 5 9 18 36 72 77 149 226 375 750 827 b
1 2 4 5 9 18 36 72 77 149 226 452 601 827 b
1 2 4 5 9 18 36 72 77 149 226 452 678 827 b
1 2 4 5 9 18 36 72 77 149 298 375 452 827 b
1 2 4 5 9 18 36 72 77 149 298 375 750 827 b
1 2 4 5 10 11 20 31 51 102 204 408 419 827 a
1 2 4 5 10 11 20 31 51 102 204 408 816 827 a
1 2 4 5 10 11 20 40 51 102 204 408 419 827 a
1 2 4 5 10 11 20 40 51 102 204 408 816 827 a
1 2 4 5 10 15 25 27 50 100 200 400 427 827 a
1 2 4 5 10 15 25 27 50 100 200 400 800 827 a
1 2 4 5 10 15 25 50 100 200 201 401 426 827 b
1 2 4 5 10 15 25 50 100 200 201 401 802 827 b
1 2 4 5 10 15 25 50 100 200 400 401 426 827 b
1 2 4 5 10 15 25 50 100 200 400 401 802 827 b
1 2 4 5 10 15 25 50 100 200 400 402 425 827 a
1 2 4 5 10 15 25 50 100 200 400 402 427 827 b
1 2 4 5 10 15 25 50 100 200 400 402 802 827 b
1 2 4 5 10 15 25 50 100 200 400 425 427 827 b
1 2 4 5 10 15 25 50 100 200 400 425 825 827 b
1 2 4 5 10 15 25 50 100 200 400 800 802 827 b
1 2 4 5 10 15 25 50 100 200 400 800 825 827 b
1 2 4 5 10 20 25 27 50 100 200 400 427 827 a
1 2 4 5 10 20 25 27 50 100 200 400 800 827 a
1 2 4 5 10 20 25 50 100 200 201 401 426 827 b
1 2 4 5 10 20 25 50 100 200 201 401 802 827 b
1 2 4 5 10 20 25 50 100 200 400 401 426 827 b
1 2 4 5 10 20 25 50 100 200 400 401 802 827 b
1 2 4 5 10 20 25 50 100 200 400 402 425 827 a
1 2 4 5 10 20 25 50 100 200 400 402 427 827 b
1 2 4 5 10 20 25 50 100 200 400 402 802 827 b
1 2 4 5 10 20 25 50 100 200 400 425 427 827 b
1 2 4 5 10 20 25 50 100 200 400 425 825 827 b
1 2 4 5 10 20 25 50 100 200 400 800 802 827 b
1 2 4 5 10 20 25 50 100 200 400 800 825 827 b
1 2 4 5 10 20 40 80 85 165 166 331 496 827 b
1 2 4 5 10 20 40 80 85 165 166 331 662 827 b
1 2 4 5 10 20 40 80 85 165 167 330 497 827 a
1 2 4 5 10 20 40 80 85 165 167 330 660 827 a
1 2 4 5 10 20 40 80 85 165 330 331 496 827 b
1 2 4 5 10 20 40 80 85 165 330 331 662 827 b
1 2 4 5 10 20 40 80 85 165 330 332 495 827 a
1 2 4 5 10 20 40 80 85 165 330 332 497 827 b
1 2 4 5 10 20 40 80 85 165 330 332 662 827 b
1 2 4 5 10 20 40 80 85 165 330 495 497 827 b
1 2 4 5 10 20 40 80 85 165 330 495 825 827 b
1 2 4 5 10 20 40 80 85 165 330 660 662 827 b
1 2 4 5 10 20 40 80 85 165 330 660 825 827 b
1 2 4 5 10 20 40 80 160 164 169 329 498 827 b
1 2 4 5 10 20 40 80 160 164 169 329 658 827 b
1 2 4 5 10 20 40 80 160 165 166 331 496 827 b
1 2 4 5 10 20 40 80 160 165 166 331 662 827 b
1 2 4 5 10 20 40 80 160 165 167 330 497 827 a
1 2 4 5 10 20 40 80 160 165 167 330 660 827 a
1 2 4 5 10 20 40 80 160 165 169 329 498 827 b
1 2 4 5 10 20 40 80 160 165 169 329 658 827 b
1 2 4 5 10 20 40 80 160 165 330 331 496 827 b
1 2 4 5 10 20 40 80 160 165 330 331 662 827 b
1 2 4 5 10 20 40 80 160 165 330 332 495 827 a
1 2 4 5 10 20 40 80 160 165 330 332 497 827 b
1 2 4 5 10 20 40 80 160 165 330 332 662 827 b
1 2 4 5 10 20 40 80 160 165 330 495 497 827 b
1 2 4 5 10 20 40 80 160 165 330 495 825 827 b
1 2 4 5 10 20 40 80 160 165 330 660 662 827 b
1 2 4 5 10 20 40 80 160 165 330 660 825 827 b
1 2 4 6 7 11 17 34 51 102 204 408 419 827 b
1 2 4 6 7 11 17 34 51 102 204 408 816 827 b
1 2 4 6 7 11 17 34 68 102 204 408 419 827 b
1 2 4 6 7 11 17 34 68 102 204 408 816 827 b
1 2 4 6 7 11 17 34 68 136 204 408 419 827 b
1 2 4 6 7 11 17 34 68 136 204 408 816 827 b
1 2 4 6 7 11 17 34 68 136 272 283 544 827 a
1 2 4 6 7 11 17 34 68 136 272 283 555 827 b
1 2 4 6 7 11 17 34 68 136 272 408 419 827 b
1 2 4 6 7 11 17 34 68 136 272 408 816 827 b
1 2 4 6 7 11 17 34 68 136 272 544 555 827 b
1 2 4 6 7 11 17 34 68 136 272 544 816 827 b
1 2 4 6 7 11 22 29 51 102 204 408 419 827 b
1 2 4 6 7 11 22 29 51 102 204 408 816 827 b
1 2 4 6 7 11 22 44 51 102 204 408 419 827 b
1 2 4 6 7 11 22 44 51 102 204 408 816 827 b
1 2 4 6 7 11 22 44 88 95 183 366 461 827 b
1 2 4 6 7 11 22 44 88 95 183 366 732 827 b
1 2 4 6 10 11 17 34 51 102 204 408 419 827 b
1 2 4 6 10 11 17 34 51 102 204 408 816 827 b
1 2 4 6 10 11 17 34 68 102 204 408 419 827 b
1 2 4 6 10 11 17 34 68 102 204 408 816 827 b
1 2 4 6 10 11 17 34 68 136 204 408 419 827 b
1 2 4 6 10 11 17 34 68 136 204 408 816 827 b
1 2 4 6 10 11 17 34 68 136 272 283 544 827 a
1 2 4 6 10 11 17 34 68 136 272 283 555 827 b
1 2 4 6 10 11 17 34 68 136 272 408 419 827 b
1 2 4 6 10 11 17 34 68 136 272 408 816 827 b
1 2 4 6 10 11 17 34 68 136 272 544 555 827 b
1 2 4 6 10 11 17 34 68 136 272 544 816 827 b
1 2 4 6 10 11 20 31 51 102 204 408 419 827 a
1 2 4 6 10 11 20 31 51 102 204 408 816 827 a
1 2 4 6 10 11 20 40 51 102 204 408 419 827 a
1 2 4 6 10 11 20 40 51 102 204 408 816 827 a
1 2 4 6 12 13 25 27 50 100 200 400 427 827 a
1 2 4 6 12 13 25 27 50 100 200 400 800 827 a
1 2 4 6 12 13 25 50 100 200 201 401 426 827 b
1 2 4 6 12 13 25 50 100 200 201 401 802 827 b
1 2 4 6 12 13 25 50 100 200 213 413 414 827 b
1 2 4 6 12 13 25 50 100 200 213 413 826 827 b
1 2 4 6 12 13 25 50 100 200 400 401 426 827 b
1 2 4 6 12 13 25 50 100 200 400 401 802 827 b
1 2 4 6 12 13 25 50 100 200 400 402 425 827 a
1 2 4 6 12 13 25 50 100 200 400 402 427 827 b
1 2 4 6 12 13 25 50 100 200 400 402 802 827 b
1 2 4 6 12 13 25 50 100 200 400 413 414 827 b
1 2 4 6 12 13 25 50 100 200 400 413 826 827 b
1 2 4 6 12 13 25 50 100 200 400 425 427 827 b
1 2 4 6 12 13 25 50 100 200 400 425 825 827 b
1 2 4 6 12 13 25 50 100 200 400 800 802 827 b
1 2 4 6 12 13 25 50 100 200 400 800 825 827 b
1 2 4 6 12 24 25 27 50 100 200 400 427 827 a
1 2 4 6 12 24 25 27 50 100 200 400 800 827 a
1 2 4 6 12 24 25 50 100 200 201 401 426 827 b
1 2 4 6 12 24 25 50 100 200 201 401 802 827 b
1 2 4 6 12 24 25 50 100 200 400 401 426 827 b
1 2 4 6 12 24 25 50 100 200 400 401 802 827 b
1 2 4 6 12 24 25 50 100 200 400 402 425 827 a
1 2 4 6 12 24 25 50 100 200 400 402 427 827 b
1 2 4 6 12 24 25 50 100 200 400 402 802 827 b
1 2 4 6 12 24 25 50 100 200 400 425 427 827 b
1 2 4 6 12 24 25 50 100 200 400 425 825 827 b
1 2 4 6 12 24 25 50 100 200 400 800 802 827 b
1 2 4 6 12 24 25 50 100 200 400 800 825 827 b
1 2 4 6 12 24 26 27 50 100 200 400 427 827 a
1 2 4 6 12 24 26 27 50 100 200 400 800 827 a
1 2 4 6 12 24 26 50 100 200 400 401 426 827 a
1 2 4 6 12 24 26 50 100 200 400 401 427 827 b
1 2 4 6 12 24 26 50 100 200 400 401 801 827 b
1 2 4 6 12 24 26 50 100 200 400 426 427 827 b
1 2 4 6 12 24 26 50 100 200 400 426 826 827 b
1 2 4 6 12 24 26 50 100 200 400 800 801 827 b
1 2 4 6 12 24 26 50 100 200 400 800 826 827 b
1 2 4 6 12 24 48 49 51 97 194 388 439 827 a
1 2 4 6 12 24 48 49 51 97 194 388 776 827 a
1 2 4 6 12 24 48 49 97 146 243 292 535 827 b
1 2 4 6 12 24 48 49 97 146 243 292 584 827 b
1 2 4 6 12 24 48 49 97 146 243 389 438 827 b
1 2 4 6 12 24 48 49 97 146 243 389 778 827 b
1 2 4 6 12 24 48 49 97 146 292 389 438 827 b
1 2 4 6 12 24 48 49 97 146 292 389 535 827 b
1 2 4 6 12 24 48 49 97 146 292 389 681 827 b
1 2 4 6 12 24 48 49 97 146 292 389 778 827 b
1 2 4 6 12 24 48 49 97 146 292 438 535 827 b
1 2 4 6 12 24 48 49 97 146 292 438 730 827 b
1 2 4 6 12 24 48 49 97 146 292 584 681 827 b
1 2 4 6 12 24 48 49 97 146 292 584 730 827 b
1 2 4 6 12 24 48 49 97 194 195 389 438 827 b
1 2 4 6 12 24 48 49 97 194 195 389 778 827 b
1 2 4 6 12 24 48 49 97 194 243 292 535 827 b
1 2 4 6 12 24 48 49 97 194 243 292 584 827 b
1 2 4 6 12 24 48 49 97 194 388 389 438 827 b
1 2 4 6 12 24 48 49 97 194 388 389 778 827 b
1 2 4 6 12 24 48 49 97 194 388 390 437 827 a
1 2 4 6 12 24 48 49 97 194 388 390 439 827 b
1 2 4 6 12 24 48 49 97 194 388 390 778 827 b
1 2 4 6 12 24 48 49 97 194 388 437 439 827 b
1 2 4 6 12 24 48 49 97 194 388 437 825 827 b
1 2 4 6 12 24 48 49 97 194 388 776 778 827 b
1 2 4 6 12 24 48 49 97 194 388 776 825 827 b
1 2 4 8 9 10 20 40 80 160 169 329 498 827 b
1 2 4 8 9 10 20 40 80 160 169 329 658 827 b
1 2 4 8 9 11 17 34 51 102 204 408 419 827 a
1 2 4 8 9 11 17 34 51 102 204 408 816 827 a
1 2 4 8 9 11 17 34 68 102 204 408 419 827 a
1 2 4 8 9 11 17 34 68 102 204 408 816 827 a
1 2 4 8 9 11 17 34 68 136 204 408 419 827 a
1 2 4 8 9 11 17 34 68 136 204 408 816 827 a
1 2 4 8 9 11 17 34 68 136 272 283 544 827 a
1 2 4 8 9 11 17 34 68 136 272 283 555 827 a
1 2 4 8 9 11 17 34 68 136 272 408 419 827 a
1 2 4 8 9 11 17 34 68 136 272 408 816 827 a
1 2 4 8 9 11 17 34 68 136 272 544 555 827 a
1 2 4 8 9 11 17 34 68 136 272 544 816 827 a
1 2 4 8 9 11 20 31 51 102 204 408 419 827 b
1 2 4 8 9 11 20 31 51 102 204 408 816 827 b
1 2 4 8 9 11 20 40 51 102 204 408 419 827 b
1 2 4 8 9 11 20 40 51 102 204 408 816 827 b
1 2 4 8 9 11 20 40 80 160 169 329 498 827 b
1 2 4 8 9 11 20 40 80 160 169 329 658 827 b
1 2 4 8 9 12 20 40 80 160 169 329 498 827 a
1 2 4 8 9 12 20 40 80 160 169 329 658 827 a
1 2 4 8 9 16 20 40 80 160 169 329 498 827 a
1 2 4 8 9 16 20 40 80 160 169 329 658 827 a
1 2 4 8 9 16 24 40 80 160 169 329 498 827 a
1 2 4 8 9 16 24 40 80 160 169 329 658 827 a
1 2 4 8 9 16 25 27 50 100 200 400 427 827 a
1 2 4 8 9 16 25 27 50 100 200 400 800 827 a
1 2 4 8 9 16 25 50 100 109 209 309 518 827 a
1 2 4 8 9 16 25 50 100 109 209 309 618 827 a
1 2 4 8 9 16 25 50 100 200 201 401 426 827 a
1 2 4 8 9 16 25 50 100 200 201 401 802 827 a
1 2 4 8 9 16 25 50 100 200 209 309 518 827 a
1 2 4 8 9 16 25 50 100 200 209 309 618 827 a
1 2 4 8 9 16 25 50 100 200 209 409 418 827 a
1 2 4 8 9 16 25 50 100 200 209 409 618 827 a
1 2 4 8 9 16 25 50 100 200 209 409 818 827 a
1 2 4 8 9 16 25 50 100 200 209 418 618 827 a
1 2 4 8 9 16 25 50 100 200 209 418 627 827 a
1 2 4 8 9 16 25 50 100 200 400 401 426 827 a
1 2 4 8 9 16 25 50 100 200 400 401 802 827 a
1 2 4 8 9 16 25 50 100 200 400 402 425 827 a
1 2 4 8 9 16 25 50 100 200 400 402 427 827 a
1 2 4 8 9 16 25 50 100 200 400 402 802 827 a
1 2 4 8 9 16 25 50 100 200 400 409 418 827 a
1 2 4 8 9 16 25 50 100 200 400 409 818 827 a
1 2 4 8 9 16 25 50 100 200 400 425 427 827 a
1 2 4 8 9 16 25 50 100 200 400 425 825 827 a
1 2 4 8 9 16 25 50 100 200 400 800 802 827 a
1 2 4 8 9 16 25 50 100 200 400 800 825 827 a
1 2 4 8 9 16 32 40 80 160 169 329 498 827 a
1 2 4 8 9 16 32 40 80 160 169 329 658 827 a
1 2 4 8 9 16 32 48 80 160 169 329 498 827 a
1 2 4 8 9 16 32 48 80 160 169 329 658 827 a
1 2 4 8 9 16 32 64 80 160 169 329 498 827 a
1 2 4 8 9 16 32 64 80 160 169 329 658 827 a
1 2 4 8 9 16 32 64 96 160 169 329 498 827 a
1 2 4 8 9 16 32 64 96 160 169 329 658 827 a
1 2 4 8 9 16 32 64 128 137 265 281 546 827 a
1 2 4 8 9 16 32 64 128 137 265 281 562 827 a
1 2 4 8 9 16 32 64 128 137 265 297 530 827 a
1 2 4 8 9 16 32 64 128 137 265 297 562 827 a
1 2 4 8 9 16 32 64 128 137 265 530 562 827 a
1 2 4 8 9 16 32 64 128 137 265 530 795 827 a
1 2 4 8 9 16 32 64 128 160 169 329 498 827 a
1 2 4 8 9 16 32 64 128 160 169 329 658 827 a
1 2 4 8 9 16 32 64 128 256 265 281 546 827 a
1 2 4 8 9 16 32 64 128 256 265 281 562 827 a
1 2 4 8 9 16 32 64 128 256 265 297 530 827 a
1 2 4 8 9 16 32 64 128 256 265 297 562 827 a
1 2 4 8 9 16 32 64 128 256 265 530 562 827 a
1 2 4 8 9 16 32 64 128 256 265 530 795 827 a
1 2 4 8 9 17 25 27 50 100 200 400 427 827 a
1 2 4 8 9 17 25 27 50 100 200 400 800 827 a
1 2 4 8 9 17 25 50 100 109 209 309 518 827 b
1 2 4 8 9 17 25 50 100 109 209 309 618 827 b
1 2 4 8 9 17 25 50 100 200 201 401 426 827 b
1 2 4 8 9 17 25 50 100 200 201 401 802 827 b
1 2 4 8 9 17 25 50 100 200 209 309 518 827 b
1 2 4 8 9 17 25 50 100 200 209 309 618 827 b
1 2 4 8 9 17 25 50 100 200 209 409 418 827 b
1 2 4 8 9 17 25 50 100 200 209 409 618 827 b
1 2 4 8 9 17 25 50 100 200 209 409 818 827 b
1 2 4 8 9 17 25 50 100 200 209 418 618 827 b
1 2 4 8 9 17 25 50 100 200 209 418 627 827 b
1 2 4 8 9 17 25 50 100 200 400 401 426 827 b
1 2 4 8 9 17 25 50 100 200 400 401 802 827 b
1 2 4 8 9 17 25 50 100 200 400 402 425 827 a
1 2 4 8 9 17 25 50 100 200 400 402 427 827 b
1 2 4 8 9 17 25 50 100 200 400 402 802 827 b
1 2 4 8 9 17 25 50 100 200 400 409 418 827 b
1 2 4 8 9 17 25 50 100 200 400 409 818 827 b
1 2 4 8 9 17 25 50 100 200 400 425 427 827 b
1 2 4 8 9 17 25 50 100 200 400 425 825 827 b
1 2 4 8 9 17 25 50 100 200 400 800 802 827 b
1 2 4 8 9 17 25 50 100 200 400 800 825 827 b
1 2 4 8 9 17 34 43 68 111 179 358 469 827 a
1 2 4 8 9 17 34 43 68 111 179 358 716 827 a
1 2 4 8 9 17 34 51 102 204 205 409 418 827 b
1 2 4 8 9 17 34 51 102 204 205 409 818 827 b
1 2 4 8 9 17 34 51 102 204 408 409 418 827 b
1 2 4 8 9 17 34 51 102 204 408 409 818 827 b
1 2 4 8 9 17 34 51 102 204 408 410 417 827 a
1 2 4 8 9 17 34 51 102 204 408 410 419 827 b
1 2 4 8 9 17 34 51 102 204 408 410 818 827 b
1 2 4 8 9 17 34 51 102 204 408 417 419 827 b
1 2 4 8 9 17 34 51 102 204 408 417 825 827 b
1 2 4 8 9 17 34 51 102 204 408 816 818 827 b
1 2 4 8 9 17 34 51 102 204 408 816 825 827 b
1 2 4 8 9 17 34 68 77 111 179 358 469 827 b
1 2 4 8 9 17 34 68 77 111 179 358 716 827 b
1 2 4 8 9 17 34 68 77 145 179 324 503 827 b
1 2 4 8 9 17 34 68 77 145 179 324 648 827 b
1 2 4 8 9 17 34 68 102 111 179 358 469 827 b
1 2 4 8 9 17 34 68 102 111 179 358 716 827 b
1 2 4 8 9 17 34 68 102 204 205 409 418 827 b
1 2 4 8 9 17 34 68 102 204 205 409 818 827 b
1 2 4 8 9 17 34 68 102 204 408 409 418 827 b
1 2 4 8 9 17 34 68 102 204 408 409 818 827 b
1 2 4 8 9 17 34 68 102 204 408 410 417 827 a
1 2 4 8 9 17 34 68 102 204 408 410 419 827 b
1 2 4 8 9 17 34 68 102 204 408 410 818 827 b
1 2 4 8 9 17 34 68 102 204 408 417 419 827 b
1 2 4 8 9 17 34 68 102 204 408 417 825 827 b
1 2 4 8 9 17 34 68 102 204 408 816 818 827 b
1 2 4 8 9 17 34 68 102 204 408 816 825 827 b
1 2 4 8 9 17 34 68 136 137 272 409 418 827 a
1 2 4 8 9 17 34 68 136 137 272 409 818 827 a
1 2 4 8 9 17 34 68 136 137 273 277 550 827 b
1 2 4 8 9 17 34 68 136 137 273 277 554 827 b
1 2 4 8 9 17 34 68 136 137 273 281 546 827 a
1 2 4 8 9 17 34 68 136 137 273 281 554 827 b
1 2 4 8 9 17 34 68 136 137 273 409 418 827 b
1 2 4 8 9 17 34 68 136 137 273 409 818 827 b
1 2 4 8 9 17 34 68 136 137 273 546 554 827 b
1 2 4 8 9 17 34 68 136 137 273 546 819 827 b
1 2 4 8 9 17 34 68 136 145 179 324 503 827 b
1 2 4 8 9 17 34 68 136 145 179 324 648 827 b
1 2 4 8 9 17 34 68 136 204 205 409 418 827 b
1 2 4 8 9 17 34 68 136 204 205 409 818 827 b
1 2 4 8 9 17 34 68 136 204 408 409 418 827 b
1 2 4 8 9 17 34 68 136 204 408 409 818 827 b
1 2 4 8 9 17 34 68 136 204 408 410 417 827 a
1 2 4 8 9 17 34 68 136 204 408 410 419 827 b
1 2 4 8 9 17 34 68 136 204 408 410 818 827 b
1 2 4 8 9 17 34 68 136 204 408 417 419 827 b
1 2 4 8 9 17 34 68 136 204 408 417 825 827 b
1 2 4 8 9 17 34 68 136 204 408 816 818 827 b
1 2 4 8 9 17 34 68 136 204 408 816 825 827 b
1 2 4 8 9 17 34 68 136 272 273 277 550 827 b
1 2 4 8 9 17 34 68 136 272 273 277 554 827 b
1 2 4 8 9 17 34 68 136 272 273 281 546 827 a
1 2 4 8 9 17 34 68 136 272 273 281 554 827 b
1 2 4 8 9 17 34 68 136 272 273 282 545 827 a
1 2 4 8 9 17 34 68 136 272 273 282 554 827 b
1 2 4 8 9 17 34 68 136 272 273 282 555 827 b
1 2 4 8 9 17 34 68 136 272 273 409 418 827 b
1 2 4 8 9 17 34 68 136 272 273 409 818 827 b
1 2 4 8 9 17 34 68 136 272 273 545 554 827 b
1 2 4 8 9 17 34 68 136 272 273 545 818 827 b
1 2 4 8 9 17 34 68 136 272 273 546 554 827 b
1 2 4 8 9 17 34 68 136 272 273 546 555 827 b
1 2 4 8 9 17 34 68 136 272 273 546 818 827 b
1 2 4 8 9 17 34 68 136 272 273 546 819 827 b
1 2 4 8 9 17 34 68 136 272 274 281 546 827 a
1 2 4 8 9 17 34 68 136 272 274 281 553 827 a
1 2 4 8 9 17 34 68 136 272 274 281 555 827 a
1 2 4 8 9 17 34 68 136 272 274 283 544 827 a
1 2 4 8 9 17 34 68 136 272 274 283 555 827 b
1 2 4 8 9 17 34 68 136 272 274 544 553 827 a
1 2 4 8 9 17 34 68 136 272 274 544 818 827 a
1 2 4 8 9 17 34 68 136 272 274 546 555 827 b
1 2 4 8 9 17 34 68 136 272 274 546 818 827 b
1 2 4 8 9 17 34 68 136 272 281 283 544 827 a
1 2 4 8 9 17 34 68 136 272 281 283 555 827 b
1 2 4 8 9 17 34 68 136 272 281 544 546 827 a
1 2 4 8 9 17 34 68 136 272 281 544 825 827 a
1 2 4 8 9 17 34 68 136 272 281 553 555 827 b
1 2 4 8 9 17 34 68 136 272 281 553 825 827 b
1 2 4 8 9 17 34 68 136 272 408 409 418 827 b
1 2 4 8 9 17 34 68 136 272 408 409 818 827 b
1 2 4 8 9 17 34 68 136 272 408 410 417 827 a
1 2 4 8 9 17 34 68 136 272 408 410 419 827 b
1 2 4 8 9 17 34 68 136 272 408 410 818 827 b
1 2 4 8 9 17 34 68 136 272 408 417 419 827 b
1 2 4 8 9 17 34 68 136 272 408 417 825 827 b
1 2 4 8 9 17 34 68 136 272 408 816 818 827 b
1 2 4 8 9 17 34 68 136 272 408 816 825 827 b
1 2 4 8 9 17 34 68 136 272 544 546 555 827 b
1 2 4 8 9 17 34 68 136 272 544 546 818 827 b
1 2 4 8 9 17 34 68 136 272 544 553 555 827 b
1 2 4 8 9 17 34 68 136 272 544 553 825 827 b
1 2 4 8 9 17 34 68 136 272 544 816 818 827 b
1 2 4 8 9 17 34 68 136 272 544 816 825 827 b
1 2 4 8 9 18 20 40 80 160 169 329 498 827 b
1 2 4 8 9 18 20 40 80 160 169 329 658 827 b
1 2 4 8 9 18 22 40 80 160 169 329 498 827 b
1 2 4 8 9 18 22 40 80 160 169 329 658 827 b
1 2 4 8 9 18 36 40 80 160 169 329 498 827 b
1 2 4 8 9 18 36 40 80 160 169 329 658 827 b
1 2 4 8 9 18 36 44 80 160 169 329 498 827 b
1 2 4 8 9 18 36 44 80 160 169 329 658 827 b
1 2 4 8 9 18 36 72 80 160 169 329 498 827 b
1 2 4 8 9 18 36 72 80 160 169 329 658 827 b
1 2 4 8 10 11 20 31 51 102 204 408 419 827 a
1 2 4 8 10 11 20 31 51 102 204 408 816 827 a
1 2 4 8 10 11 20 40 51 102 204 408 419 827 a
1 2 4 8 10 11 20 40 51 102 204 408 816 827 a
1 2 4 8 10 20 40 80 160 161 169 329 498 827 b
1 2 4 8 10 20 40 80 160 161 169 329 658 827 b
1 2 4 8 10 20 40 80 160 168 169 329 498 827 b
1 2 4 8 10 20 40 80 160 168 169 329 658 827 b
1 2 4 8 12 13 25 27 50 100 200 400 427 827 a
1 2 4 8 12 13 25 27 50 100 200 400 800 827 a
1 2 4 8 12 13 25 50 100 200 201 401 426 827 b
1 2 4 8 12 13 25 50 100 200 201 401 802 827 b
1 2 4 8 12 13 25 50 100 200 213 413 414 827 b
1 2 4 8 12 13 25 50 100 200 213 413 826 827 b
1 2 4 8 12 13 25 50 100 200 400 401 426 827 b
1 2 4 8 12 13 25 50 100 200 400 401 802 827 b
1 2 4 8 12 13 25 50 100 200 400 402 425 827 a
1 2 4 8 12 13 25 50 100 200 400 402 427 827 b
1 2 4 8 12 13 25 50 100 200 400 402 802 827 b
1 2 4 8 12 13 25 50 100 200 400 413 414 827 b
1 2 4 8 12 13 25 50 100 200 400 413 826 827 b
1 2 4 8 12 13 25 50 100 200 400 425 427 827 b
1 2 4 8 12 13 25 50 100 200 400 425 825 827 b
1 2 4 8 12 13 25 50 100 200 400 800 802 827 b
1 2 4 8 12 13 25 50 100 200 400 800 825 827 b
1 2 4 8 12 20 40 80 160 161 169 329 498 827 b
1 2 4 8 12 20 40 80 160 161 169 329 658 827 b
1 2 4 8 12 20 40 80 160 161 172 333 494 827 a
1 2 4 8 12 20 40 80 160 161 172 333 666 827 a
1 2 4 8 12 20 40 80 160 161 173 333 494 827 b
1 2 4 8 12 20 40 80 160 161 173 333 666 827 b
1 2 4 8 12 20 40 80 160 161 321 333 494 827 b
1 2 4 8 12 20 40 80 160 161 321 333 666 827 b
1 2 4 8 12 20 40 80 160 168 169 329 498 827 b
1 2 4 8 12 20 40 80 160 168 169 329 658 827 b
1 2 4 8 12 24 25 27 50 100 200 400 427 827 a
1 2 4 8 12 24 25 27 50 100 200 400 800 827 a
1 2 4 8 12 24 25 50 100 200 201 401 426 827 b
1 2 4 8 12 24 25 50 100 200 201 401 802 827 b
1 2 4 8 12 24 25 50 100 200 400 401 426 827 b
1 2 4 8 12 24 25 50 100 200 400 401 802 827 b
1 2 4 8 12 24 25 50 100 200 400 402 425 827 a
1 2 4 8 12 24 25 50 100 200 400 402 427 827 b
1 2 4 8 12 24 25 50 100 200 400 402 802 827 b
1 2 4 8 12 24 25 50 100 200 400 425 427 827 b
1 2 4 8 12 24 25 50 100 200 400 425 825 827 b
1 2 4 8 12 24 25 50 100 200 400 800 802 827 b
1 2 4 8 12 24 25 50 100 200 400 800 825 827 b
1 2 4 8 12 24 26 27 50 100 200 400 427 827 a
1 2 4 8 12 24 26 27 50 100 200 400 800 827 a
1 2 4 8 12 24 26 50 100 200 400 401 426 827 a
1 2 4 8 12 24 26 50 100 200 400 401 427 827 b
1 2 4 8 12 24 26 50 100 200 400 401 801 827 b
1 2 4 8 12 24 26 50 100 200 400 426 427 827 b
1 2 4 8 12 24 26 50 100 200 400 426 826 827 b
1 2 4 8 12 24 26 50 100 200 400 800 801 827 b
1 2 4 8 12 24 26 50 100 200 400 800 826 827 b
1 2 4 8 12 24 48 49 51 97 194 388 439 827 a
1 2 4 8 12 24 48 49 51 97 194 388 776 827 a
1 2 4 8 12 24 48 49 97 146 243 292 535 827 b
1 2 4 8 12 24 48 49 97 146 243 292 584 827 b
1 2 4 8 12 24 48 49 97 146 243 389 438 827 b
1 2 4 8 12 24 48 49 97 146 243 389 778 827 b
1 2 4 8 12 24 48 49 97 146 292 389 438 827 b
1 2 4 8 12 24 48 49 97 146 292 389 535 827 b
1 2 4 8 12 24 48 49 97 146 292 389 681 827 b
1 2 4 8 12 24 48 49 97 146 292 389 778 827 b
1 2 4 8 12 24 48 49 97 146 292 438 535 827 b
1 2 4 8 12 24 48 49 97 146 292 438 730 827 b
1 2 4 8 12 24 48 49 97 146 292 584 681 827 b
1 2 4 8 12 24 48 49 97 146 292 584 730 827 b
1 2 4 8 12 24 48 49 97 194 195 389 438 827 b
1 2 4 8 12 24 48 49 97 194 195 389 778 827 b
1 2 4 8 12 24 48 49 97 194 243 292 535 827 b
1 2 4 8 12 24 48 49 97 194 243 292 584 827 b
1 2 4 8 12 24 48 49 97 194 388 389 438 827 b
1 2 4 8 12 24 48 49 97 194 388 389 778 827 b
1 2 4 8 12 24 48 49 97 194 388 390 437 827 a
1 2 4 8 12 24 48 49 97 194 388 390 439 827 b
1 2 4 8 12 24 48 49 97 194 388 390 778 827 b
1 2 4 8 12 24 48 49 97 194 388 437 439 827 b
1 2 4 8 12 24 48 49 97 194 388 437 825 827 b
1 2 4 8 12 24 48 49 97 194 388 776 778 827 b
1 2 4 8 12 24 48 49 97 194 388 776 825 827 b
1 2 4 8 16 17 25 27 50 100 200 400 427 827 a
1 2 4 8 16 17 25 27 50 100 200 400 800 827 a
1 2 4 8 16 17 25 50 100 200 201 401 426 827 b
1 2 4 8 16 17 25 50 100 200 201 401 802 827 b
1 2 4 8 16 17 25 50 100 200 400 401 426 827 b
1 2 4 8 16 17 25 50 100 200 400 401 802 827 b
1 2 4 8 16 17 25 50 100 200 400 402 425 827 a
1 2 4 8 16 17 25 50 100 200 400 402 427 827 b
1 2 4 8 16 17 25 50 100 200 400 402 802 827 b
1 2 4 8 16 17 25 50 100 200 400 425 427 827 b
1 2 4 8 16 17 25 50 100 200 400 425 825 827 b
1 2 4 8 16 17 25 50 100 200 400 800 802 827 b
1 2 4 8 16 17 25 50 100 200 400 800 825 827 b
1 2 4 8 16 17 32 49 81 162 179 324 503 827 a
1 2 4 8 16 17 32 49 81 162 179 324 648 827 a
1 2 4 8 16 17 32 49 81 162 211 373 454 827 a
1 2 4 8 16 17 32 49 81 162 211 373 746 827 a
1 2 4 8 16 17 32 49 81 162 243 292 535 827 a
1 2 4 8 16 17 32 49 81 162 243 292 584 827 a
1 2 4 8 16 17 32 49 81 162 243 405 422 827 a
1 2 4 8 16 17 32 49 81 162 243 405 810 827 a
1 2 4 8 16 17 32 49 81 162 324 341 486 827 a
1 2 4 8 16 17 32 49 81 162 324 341 503 827 a
1 2 4 8 16 17 32 49 81 162 324 341 665 827 a
1 2 4 8 16 17 32 49 81 162 324 373 454 827 a
1 2 4 8 16 17 32 49 81 162 324 373 746 827 a
1 2 4 8 16 17 32 49 81 162 324 405 422 827 a
1 2 4 8 16 17 32 49 81 162 324 405 810 827 a
1 2 4 8 16 17 32 49 81 162 324 486 503 827 a
1 2 4 8 16 17 32 49 81 162 324 486 810 827 a
1 2 4 8 16 17 32 49 81 162 324 648 665 827 a
1 2 4 8 16 17 32 49 81 162 324 648 810 827 a
1 2 4 8 16 17 32 64 81 162 179 324 503 827 a
1 2 4 8 16 17 32 64 81 162 179 324 648 827 a
1 2 4 8 16 17 32 64 81 162 243 405 422 827 a
1 2 4 8 16 17 32 64 81 162 243 405 810 827 a
1 2 4 8 16 17 32 64 81 162 324 341 486 827 a
1 2 4 8 16 17 32 64 81 162 324 341 503 827 a
1 2 4 8 16 17 32 64 81 162 324 341 665 827 a
1 2 4 8 16 17 32 64 81 162 324 405 422 827 a
1 2 4 8 16 17 32 64 81 162 324 405 810 827 a
1 2 4 8 16 17 32 64 81 162 324 486 503 827 a
1 2 4 8 16 17 32 64 81 162 324 486 810 827 a
1 2 4 8 16 17 32 64 81 162 324 648 665 827 a
1 2 4 8 16 17 32 64 81 162 324 648 810 827 a
1 2 4 8 16 17 32 64 128 145 273 277 550 827 a
1 2 4 8 16 17 32 64 128 145 273 277 554 827 a
1 2 4 8 16 17 32 64 128 145 273 281 546 827 a
1 2 4 8 16 17 32 64 128 145 273 281 554 827 a
1 2 4 8 16 17 32 64 128 145 273 546 554 827 a
1 2 4 8 16 17 32 64 128 145 273 546 819 827 a
1 2 4 8 16 17 32 64 128 256 273 277 550 827 a
1 2 4 8 16 17 32 64 128 256 273 277 554 827 a
1 2 4 8 16 17 32 64 128 256 273 281 546 827 a
1 2 4 8 16 17 32 64 128 256 273 281 554 827 a
1 2 4 8 16 17 32 64 128 256 273 546 554 827 a
1 2 4 8 16 17 32 64 128 256 273 546 819 827 a
1 2 4 8 16 17 33 35 66 99 198 396 431 827 a
1 2 4 8 16 17 33 35 66 99 198 396 792 827 a
1 2 4 8 16 17 33 35 66 132 198 396 431 827 a
1 2 4 8 16 17 33 35 66 132 198 396 792 827 a
1 2 4 8 16 17 33 35 66 132 264 299 528 827 a
1 2 4 8 16 17 33 35 66 132 264 299 563 827 a
1 2 4 8 16 17 33 35 66 132 264 396 431 827 a
1 2 4 8 16 17 33 35 66 132 264 396 792 827 a
1 2 4 8 16 17 33 35 66 132 264 528 563 827 a
1 2 4 8 16 17 33 35 66 132 264 528 792 827 a
1 2 4 8 16 17 33 50 83 99 182 364 463 827 b
1 2 4 8 16 17 33 50 83 99 182 364 728 827 b
1 2 4 8 16 17 33 66 83 99 182 364 463 827 b
1 2 4 8 16 17 33 66 83 99 182 364 728 827 b
1 2 4 8 16 17 33 66 99 116 182 364 463 827 b
1 2 4 8 16 17 33 66 99 116 182 364 728 827 b
1 2 4 8 16 17 33 66 99 165 166 331 496 827 b
1 2 4 8 16 17 33 66 99 165 166 331 662 827 b
1 2 4 8 16 17 33 66 99 165 167 330 497 827 a
1 2 4 8 16 17 33 66 99 165 167 330 660 827 a
1 2 4 8 16 17 33 66 99 165 182 364 463 827 b
1 2 4 8 16 17 33 66 99 165 182 364 728 827 b
1 2 4 8 16 17 33 66 99 165 330 331 496 827 b
1 2 4 8 16 17 33 66 99 165 330 331 662 827 b
1 2 4 8 16 17 33 66 99 165 330 332 495 827 a
1 2 4 8 16 17 33 66 99 165 330 332 497 827 b
1 2 4 8 16 17 33 66 99 165 330 332 662 827 b
1 2 4 8 16 17 33 66 99 165 330 495 497 827 b
1 2 4 8 16 17 33 66 99 165 330 495 825 827 b
1 2 4 8 16 17 33 66 99 165 330 660 662 827 b
1 2 4 8 16 17 33 66 99 165 330 660 825 827 b
1 2 4 8 16 17 33 66 99 198 199 397 430 827 b
1 2 4 8 16 17 33 66 99 198 199 397 794 827 b
1 2 4 8 16 17 33 66 99 198 215 413 414 827 b
1 2 4 8 16 17 33 66 99 198 215 413 826 827 b
1 2 4 8 16 17 33 66 99 198 396 397 430 827 b
1 2 4 8 16 17 33 66 99 198 396 397 794 827 b
1 2 4 8 16 17 33 66 99 198 396 398 429 827 a
1 2 4 8 16 17 33 66 99 198 396 398 431 827 b
1 2 4 8 16 17 33 66 99 198 396 398 794 827 b
1 2 4 8 16 17 33 66 99 198 396 413 414 827 b
1 2 4 8 16 17 33 66 99 198 396 413 826 827 b
1 2 4 8 16 17 33 66 99 198 396 429 431 827 b
1 2 4 8 16 17 33 66 99 198 396 429 825 827 b
1 2 4 8 16 17 33 66 99 198 396 792 794 827 b
1 2 4 8 16 17 33 66 99 198 396 792 825 827 b
1 2 4 8 16 17 33 66 132 133 264 397 430 827 a
1 2 4 8 16 17 33 66 132 133 264 397 794 827 a
1 2 4 8 16 17 33 66 132 133 265 281 546 827 b
1 2 4 8 16 17 33 66 132 133 265 281 562 827 b
1 2 4 8 16 17 33 66 132 133 265 397 430 827 b
1 2 4 8 16 17 33 66 132 133 265 397 794 827 b
1 2 4 8 16 17 33 66 132 149 264 413 414 827 a
1 2 4 8 16 17 33 66 132 149 264 413 826 827 a
1 2 4 8 16 17 33 66 132 149 281 413 414 827 b
1 2 4 8 16 17 33 66 132 149 281 413 826 827 b
1 2 4 8 16 17 33 66 132 165 166 331 496 827 b
1 2 4 8 16 17 33 66 132 165 166 331 662 827 b
1 2 4 8 16 17 33 66 132 165 167 330 497 827 a
1 2 4 8 16 17 33 66 132 165 167 330 660 827 a
1 2 4 8 16 17 33 66 132 165 330 331 496 827 b
1 2 4 8 16 17 33 66 132 165 330 331 662 827 b
1 2 4 8 16 17 33 66 132 165 330 332 495 827 a
1 2 4 8 16 17 33 66 132 165 330 332 497 827 b
1 2 4 8 16 17 33 66 132 165 330 332 662 827 b
1 2 4 8 16 17 33 66 132 165 330 495 497 827 b
1 2 4 8 16 17 33 66 132 165 330 495 825 827 b
1 2 4 8 16 17 33 66 132 165 330 660 662 827 b
1 2 4 8 16 17 33 66 132 165 330 660 825 827 b
1 2 4 8 16 17 33 66 132 198 199 397 430 827 b
1 2 4 8 16 17 33 66 132 198 199 397 794 827 b
1 2 4 8 16 17 33 66 132 198 215 413 414 827 b
1 2 4 8 16 17 33 66 132 198 215 413 826 827 b
1 2 4 8 16 17 33 66 132 198 396 397 430 827 b
1 2 4 8 16 17 33 66 132 198 396 397 794 827 b
1 2 4 8 16 17 33 66 132 198 396 398 429 827 a
1 2 4 8 16 17 33 66 132 198 396 398 431 827 b
1 2 4 8 16 17 33 66 132 198 396 398 794 827 b
1 2 4 8 16 17 33 66 132 198 396 413 414 827 b
1 2 4 8 16 17 33 66 132 198 396 413 826 827 b
1 2 4 8 16 17 33 66 132 198 396 429 431 827 b
1 2 4 8 16 17 33 66 132 198 396 429 825 827 b
1 2 4 8 16 17 33 66 132 198 396 792 794 827 b
1 2 4 8 16 17 33 66 132 198 396 792 825 827 b
1 2 4 8 16 17 33 66 132 264 265 281 546 827 b
1 2 4 8 16 17 33 66 132 264 265 281 562 827 b
1 2 4 8 16 17 33 66 132 264 265 297 530 827 a
1 2 4 8 16 17 33 66 132 264 265 297 562 827 a
1 2 4 8 16 17 33 66 132 264 265 298 529 827 a
1 2 4 8 16 17 33 66 132 264 265 298 562 827 b
1 2 4 8 16 17 33 66 132 264 265 298 563 827 b
1 2 4 8 16 17 33 66 132 264 265 397 430 827 b
1 2 4 8 16 17 33 66 132 264 265 397 794 827 b
1 2 4 8 16 17 33 66 132 264 265 529 562 827 b
1 2 4 8 16 17 33 66 132 264 265 529 794 827 b
1 2 4 8 16 17 33 66 132 264 265 530 563 827 b
1 2 4 8 16 17 33 66 132 264 265 530 794 827 b
1 2 4 8 16 17 33 66 132 264 266 297 530 827 a
1 2 4 8 16 17 33 66 132 264 266 297 561 827 a
1 2 4 8 16 17 33 66 132 264 266 297 563 827 a
1 2 4 8 16 17 33 66 132 264 266 299 528 827 a
1 2 4 8 16 17 33 66 132 264 266 299 563 827 b
1 2 4 8 16 17 33 66 132 264 266 528 561 827 a
1 2 4 8 16 17 33 66 132 264 266 528 794 827 a
1 2 4 8 16 17 33 66 132 264 266 530 563 827 b
1 2 4 8 16 17 33 66 132 264 266 530 794 827 b
1 2 4 8 16 17 33 66 132 264 281 282 545 827 a
1 2 4 8 16 17 33 66 132 264 281 282 546 827 b
1 2 4 8 16 17 33 66 132 264 281 282 563 827 b
1 2 4 8 16 17 33 66 132 264 281 413 414 827 b
1 2 4 8 16 17 33 66 132 264 281 413 826 827 b
1 2 4 8 16 17 33 66 132 264 281 545 546 827 b
1 2 4 8 16 17 33 66 132 264 281 545 826 827 b
1 2 4 8 16 17 33 66 132 264 281 562 563 827 b
1 2 4 8 16 17 33 66 132 264 281 562 826 827 b
1 2 4 8 16 17 33 66 132 264 297 299 528 827 a
1 2 4 8 16 17 33 66 132 264 297 299 563 827 b
1 2 4 8 16 17 33 66 132 264 297 528 530 827 a
1 2 4 8 16 17 33 66 132 264 297 528 825 827 a
1 2 4 8 16 17 33 66 132 264 297 561 563 827 b
1 2 4 8 16 17 33 66 132 264 297 561 825 827 b
1 2 4 8 16 17 33 66 132 264 396 397 430 827 b
1 2 4 8 16 17 33 66 132 264 396 397 794 827 b
1 2 4 8 16 17 33 66 132 264 396 398 429 827 a
1 2 4 8 16 17 33 66 132 264 396 398 431 827 b
1 2 4 8 16 17 33 66 132 264 396 398 794 827 b
1 2 4 8 16 17 33 66 132 264 396 413 414 827 b
1 2 4 8 16 17 33 66 132 264 396 413 826 827 b
1 2 4 8 16 17 33 66 132 264 396 429 431 827 b
1 2 4 8 16 17 33 66 132 264 396 429 825 827 b
1 2 4 8 16 17 33 66 132 264 396 792 794 827 b
1 2 4 8 16 17 33 66 132 264 396 792 825 827 b
1 2 4 8 16 17 33 66 132 264 528 530 563 827 b
1 2 4 8 16 17 33 66 132 264 528 530 794 827 b
1 2 4 8 16 17 33 66 132 264 528 561 563 827 b
1 2 4 8 16 17 33 66 132 264 528 561 825 827 b
1 2 4 8 16 17 33 66 132 264 528 792 794 827 b
1 2 4 8 16 17 33 66 132 264 528 792 825 827 b
1 2 4 8 16 17 34 68 136 137 273 277 550 827 b
1 2 4 8 16 17 34 68 136 137 273 277 554 827 b
1 2 4 8 16 17 34 68 136 137 273 281 546 827 a
1 2 4 8 16 17 34 68 136 137 273 281 554 827 b
1 2 4 8 16 17 34 68 136 137 273 546 554 827 b
1 2 4 8 16 17 34 68 136 137 273 546 819 827 b
1 2 4 8 16 17 34 68 136 272 273 277 550 827 b
1 2 4 8 16 17 34 68 136 272 273 277 554 827 b
1 2 4 8 16 17 34 68 136 272 273 281 546 827 a
1 2 4 8 16 17 34 68 136 272 273 281 554 827 b
1 2 4 8 16 17 34 68 136 272 273 546 554 827 b
1 2 4 8 16 17 34 68 136 272 273 546 819 827 b
1 2 4 8 16 18 34 68 136 137 273 277 550 827 b
1 2 4 8 16 18 34 68 136 137 273 277 554 827 b
1 2 4 8 16 18 34 68 136 137 273 281 546 827 a
1 2 4 8 16 18 34 68 136 137 273 281 554 827 b
1 2 4 8 16 18 34 68 136 137 273 546 554 827 b
1 2 4 8 16 18 34 68 136 137 273 546 819 827 b
1 2 4 8 16 18 34 68 136 272 273 277 550 827 b
1 2 4 8 16 18 34 68 136 272 273 277 554 827 b
1 2 4 8 16 18 34 68 136 272 273 281 546 827 a
1 2 4 8 16 18 34 68 136 272 273 281 554 827 b
1 2 4 8 16 18 34 68 136 272 273 546 554 827 b
1 2 4 8 16 18 34 68 136 272 273 546 819 827 b
1 2 4 8 16 20 40 80 160 161 169 329 498 827 b
1 2 4 8 16 20 40 80 160 161 169 329 658 827 b
1 2 4 8 16 20 40 80 160 168 169 329 498 827 b
1 2 4 8 16 20 40 80 160 168 169 329 658 827 b
1 2 4 8 16 24 25 27 50 100 200 400 427 827 a
1 2 4 8 16 24 25 27 50 100 200 400 800 827 a
1 2 4 8 16 24 25 50 100 200 201 401 426 827 b
1 2 4 8 16 24 25 50 100 200 201 401 802 827 b
1 2 4 8 16 24 25 50 100 200 400 401 426 827 b
1 2 4 8 16 24 25 50 100 200 400 401 802 827 b
1 2 4 8 16 24 25 50 100 200 400 402 425 827 a
1 2 4 8 16 24 25 50 100 200 400 402 427 827 b
1 2 4 8 16 24 25 50 100 200 400 402 802 827 b
1 2 4 8 16 24 25 50 100 200 400 425 427 827 b
1 2 4 8 16 24 25 50 100 200 400 425 825 827 b
1 2 4 8 16 24 25 50 100 200 400 800 802 827 b
1 2 4 8 16 24 25 50 100 200 400 800 825 827 b
1 2 4 8 16 24 26 27 50 100 200 400 427 827 a
1 2 4 8 16 24 26 27 50 100 200 400 800 827 a
1 2 4 8 16 24 26 50 100 200 400 401 426 827 a
1 2 4 8 16 24 26 50 100 200 400 401 427 827 b
1 2 4 8 16 24 26 50 100 200 400 401 801 827 b
1 2 4 8 16 24 26 50 100 200 400 426 427 827 b
1 2 4 8 16 24 26 50 100 200 400 426 826 827 b
1 2 4 8 16 24 26 50 100 200 400 800 801 827 b
1 2 4 8 16 24 26 50 100 200 400 800 826 827 b
1 2 4 8 16 24 40 80 160 161 169 329 498 827 b
1 2 4 8 16 24 40 80 160 161 169 329 658 827 b
1 2 4 8 16 24 40 80 160 161 185 321 506 827 a
1 2 4 8 16 24 40 80 160 161 185 321 642 827 a
1 2 4 8 16 24 40 80 160 161 321 345 482 827 a
1 2 4 8 16 24 40 80 160 161 321 345 506 827 b
1 2 4 8 16 24 40 80 160 161 321 345 666 827 b
1 2 4 8 16 24 40 80 160 161 321 482 506 827 b
1 2 4 8 16 24 40 80 160 161 321 482 803 827 b
1 2 4 8 16 24 40 80 160 161 321 642 666 827 b
1 2 4 8 16 24 40 80 160 161 321 642 803 827 b
1 2 4 8 16 24 40 80 160 168 169 329 498 827 b
1 2 4 8 16 24 40 80 160 168 169 329 658 827 b
1 2 4 8 16 24 48 49 51 97 194 388 439 827 a
1 2 4 8 16 24 48 49 51 97 194 388 776 827 a
1 2 4 8 16 24 48 49 97 146 243 292 535 827 b
1 2 4 8 16 24 48 49 97 146 243 292 584 827 b
1 2 4 8 16 24 48 49 97 146 243 389 438 827 b
1 2 4 8 16 24 48 49 97 146 243 389 778 827 b
1 2 4 8 16 24 48 49 97 146 292 389 438 827 b
1 2 4 8 16 24 48 49 97 146 292 389 535 827 b
1 2 4 8 16 24 48 49 97 146 292 389 681 827 b
1 2 4 8 16 24 48 49 97 146 292 389 778 827 b
1 2 4 8 16 24 48 49 97 146 292 438 535 827 b
1 2 4 8 16 24 48 49 97 146 292 438 730 827 b
1 2 4 8 16 24 48 49 97 146 292 584 681 827 b
1 2 4 8 16 24 48 49 97 146 292 584 730 827 b
1 2 4 8 16 24 48 49 97 194 195 389 438 827 b
1 2 4 8 16 24 48 49 97 194 195 389 778 827 b
1 2 4 8 16 24 48 49 97 194 243 292 535 827 b
1 2 4 8 16 24 48 49 97 194 243 292 584 827 b
1 2 4 8 16 24 48 49 97 194 388 389 438 827 b
1 2 4 8 16 24 48 49 97 194 388 389 778 827 b
1 2 4 8 16 24 48 49 97 194 388 390 437 827 a
1 2 4 8 16 24 48 49 97 194 388 390 439 827 b
1 2 4 8 16 24 48 49 97 194 388 390 778 827 b
1 2 4 8 16 24 48 49 97 194 388 437 439 827 b
1 2 4 8 16 24 48 49 97 194 388 437 825 827 b
1 2 4 8 16 24 48 49 97 194 388 776 778 827 b
1 2 4 8 16 24 48 49 97 194 388 776 825 827 b
1 2 4 8 16 32 33 35 64 99 198 396 431 827 a
1 2 4 8 16 32 33 35 64 99 198 396 792 827 a
1 2 4 8 16 32 33 35 66 99 198 396 431 827 a
1 2 4 8 16 32 33 35 66 99 198 396 792 827 a
1 2 4 8 16 32 33 35 66 132 198 396 431 827 a
1 2 4 8 16 32 33 35 66 132 198 396 792 827 a
1 2 4 8 16 32 33 35 66 132 264 299 528 827 a
1 2 4 8 16 32 33 35 66 132 264 299 563 827 a
1 2 4 8 16 32 33 35 66 132 264 396 431 827 a
1 2 4 8 16 32 33 35 66 132 264 396 792 827 a
1 2 4 8 16 32 33 35 66 132 264 528 563 827 a
1 2 4 8 16 32 33 35 66 132 264 528 792 827 a
1 2 4 8 16 32 33 35 67 99 198 396 431 827 b
1 2 4 8 16 32 33 35 67 99 198 396 792 827 b
1 2 4 8 16 32 33 49 81 162 211 373 454 827 b
1 2 4 8 16 32 33 49 81 162 211 373 746 827 b
1 2 4 8 16 32 33 49 81 162 243 292 535 827 b
1 2 4 8 16 32 33 49 81 162 243 292 584 827 b
1 2 4 8 16 32 33 49 81 162 324 373 454 827 b
1 2 4 8 16 32 33 49 81 162 324 373 746 827 b
1 2 4 8 16 32 33 65 81 146 227 373 454 827 b
1 2 4 8 16 32 33 65 81 146 227 373 600 827 b
1 2 4 8 16 32 33 65 81 146 227 373 746 827 b
1 2 4 8 16 32 33 65 81 146 227 454 600 827 b
1 2 4 8 16 32 33 65 81 146 227 454 681 827 b
1 2 4 8 16 32 33 65 81 146 292 373 454 827 b
1 2 4 8 16 32 33 65 81 146 292 373 746 827 b
1 2 4 8 16 32 33 65 98 163 167 330 497 827 b
1 2 4 8 16 32 33 65 98 163 167 330 660 827 b
1 2 4 8 16 32 33 65 130 163 167 330 497 827 b
1 2 4 8 16 32 33 65 130 163 167 330 660 827 b
1 2 4 8 16 32 33 66 99 165 166 331 496 827 b
1 2 4 8 16 32 33 66 99 165 166 331 662 827 b
1 2 4 8 16 32 33 66 99 165 167 330 497 827 a
1 2 4 8 16 32 33 66 99 165 167 330 660 827 a
1 2 4 8 16 32 33 66 99 165 330 331 496 827 b
1 2 4 8 16 32 33 66 99 165 330 331 662 827 b
1 2 4 8 16 32 33 66 99 165 330 332 495 827 a
1 2 4 8 16 32 33 66 99 165 330 332 497 827 b
1 2 4 8 16 32 33 66 99 165 330 332 662 827 b
1 2 4 8 16 32 33 66 99 165 330 495 497 827 b
1 2 4 8 16 32 33 66 99 165 330 495 825 827 b
1 2 4 8 16 32 33 66 99 165 330 660 662 827 b
1 2 4 8 16 32 33 66 99 165 330 660 825 827 b
1 2 4 8 16 32 33 66 99 198 199 397 430 827 b
1 2 4 8 16 32 33 66 99 198 199 397 794 827 b
1 2 4 8 16 32 33 66 99 198 396 397 430 827 b
1 2 4 8 16 32 33 66 99 198 396 397 794 827 b
1 2 4 8 16 32 33 66 99 198 396 398 429 827 a
1 2 4 8 16 32 33 66 99 198 396 398 431 827 b
1 2 4 8 16 32 33 66 99 198 396 398 794 827 b
1 2 4 8 16 32 33 66 99 198 396 429 431 827 b
1 2 4 8 16 32 33 66 99 198 396 429 825 827 b
1 2 4 8 16 32 33 66 99 198 396 792 794 827 b
1 2 4 8 16 32 33 66 99 198 396 792 825 827 b
1 2 4 8 16 32 33 66 132 133 264 397 430 827 a
1 2 4 8 16 32 33 66 132 133 264 397 794 827 a
1 2 4 8 16 32 33 66 132 133 265 281 546 827 b
1 2 4 8 16 32 33 66 132 133 265 281 562 827 b
1 2 4 8 16 32 33 66 132 133 265 297 530 827 a
1 2 4 8 16 32 33 66 132 133 265 297 562 827 b
1 2 4 8 16 32 33 66 132 133 265 397 430 827 b
1 2 4 8 16 32 33 66 132 133 265 397 794 827 b
1 2 4 8 16 32 33 66 132 133 265 530 562 827 b
1 2 4 8 16 32 33 66 132 133 265 530 795 827 b
1 2 4 8 16 32 33 66 132 165 166 331 496 827 b
1 2 4 8 16 32 33 66 132 165 166 331 662 827 b
1 2 4 8 16 32 33 66 132 165 167 330 497 827 a
1 2 4 8 16 32 33 66 132 165 167 330 660 827 a
1 2 4 8 16 32 33 66 132 165 330 331 496 827 b
1 2 4 8 16 32 33 66 132 165 330 331 662 827 b
1 2 4 8 16 32 33 66 132 165 330 332 495 827 a
1 2 4 8 16 32 33 66 132 165 330 332 497 827 b
1 2 4 8 16 32 33 66 132 165 330 332 662 827 b
1 2 4 8 16 32 33 66 132 165 330 495 497 827 b
1 2 4 8 16 32 33 66 132 165 330 495 825 827 b
1 2 4 8 16 32 33 66 132 165 330 660 662 827 b
1 2 4 8 16 32 33 66 132 165 330 660 825 827 b
1 2 4 8 16 32 33 66 132 198 199 397 430 827 b
1 2 4 8 16 32 33 66 132 198 199 397 794 827 b
1 2 4 8 16 32 33 66 132 198 396 397 430 827 b
1 2 4 8 16 32 33 66 132 198 396 397 794 827 b
1 2 4 8 16 32 33 66 132 198 396 398 429 827 a
1 2 4 8 16 32 33 66 132 198 396 398 431 827 b
1 2 4 8 16 32 33 66 132 198 396 398 794 827 b
1 2 4 8 16 32 33 66 132 198 396 429 431 827 b
1 2 4 8 16 32 33 66 132 198 396 429 825 827 b
1 2 4 8 16 32 33 66 132 198 396 792 794 827 b
1 2 4 8 16 32 33 66 132 198 396 792 825 827 b
1 2 4 8 16 32 33 66 132 264 265 281 546 827 b
1 2 4 8 16 32 33 66 132 264 265 281 562 827 b
1 2 4 8 16 32 33 66 132 264 265 297 530 827 a
1 2 4 8 16 32 33 66 132 264 265 297 562 827 b
1 2 4 8 16 32 33 66 132 264 265 298 529 827 a
1 2 4 8 16 32 33 66 132 264 265 298 562 827 b
1 2 4 8 16 32 33 66 132 264 265 298 563 827 b
1 2 4 8 16 32 33 66 132 264 265 397 430 827 b
1 2 4 8 16 32 33 66 132 264 265 397 794 827 b
1 2 4 8 16 32 33 66 132 264 265 529 562 827 b
1 2 4 8 16 32 33 66 132 264 265 529 794 827 b
1 2 4 8 16 32 33 66 132 264 265 530 562 827 b
1 2 4 8 16 32 33 66 132 264 265 530 563 827 b
1 2 4 8 16 32 33 66 132 264 265 530 794 827 b
1 2 4 8 16 32 33 66 132 264 265 530 795 827 b
1 2 4 8 16 32 33 66 132 264 266 297 530 827 a
1 2 4 8 16 32 33 66 132 264 266 297 561 827 a
1 2 4 8 16 32 33 66 132 264 266 297 563 827 a
1 2 4 8 16 32 33 66 132 264 266 299 528 827 a
1 2 4 8 16 32 33 66 132 264 266 299 563 827 b
1 2 4 8 16 32 33 66 132 264 266 528 561 827 a
1 2 4 8 16 32 33 66 132 264 266 528 794 827 a
1 2 4 8 16 32 33 66 132 264 266 530 563 827 b
1 2 4 8 16 32 33 66 132 264 266 530 794 827 b
1 2 4 8 16 32 33 66 132 264 297 299 528 827 a
1 2 4 8 16 32 33 66 132 264 297 299 563 827 b
1 2 4 8 16 32 33 66 132 264 297 528 530 827 a
1 2 4 8 16 32 33 66 132 264 297 528 825 827 a
1 2 4 8 16 32 33 66 132 264 297 561 563 827 b
1 2 4 8 16 32 33 66 132 264 297 561 825 827 b
1 2 4 8 16 32 33 66 132 264 396 397 430 827 b
1 2 4 8 16 32 33 66 132 264 396 397 794 827 b
1 2 4 8 16 32 33 66 132 264 396 398 429 827 a
1 2 4 8 16 32 33 66 132 264 396 398 431 827 b
1 2 4 8 16 32 33 66 132 264 396 398 794 827 b
1 2 4 8 16 32 33 66 132 264 396 429 431 827 b
1 2 4 8 16 32 33 66 132 264 396 429 825 827 b
1 2 4 8 16 32 33 66 132 264 396 792 794 827 b
1 2 4 8 16 32 33 66 132 264 396 792 825 827 b
1 2 4 8 16 32 33 66 132 264 528 530 563 827 b
1 2 4 8 16 32 33 66 132 264 528 530 794 827 b
1 2 4 8 16 32 33 66 132 264 528 561 563 827 b
1 2 4 8 16 32 33 66 132 264 528 561 825 827 b
1 2 4 8 16 32 33 66 132 264 528 792 794 827 b
1 2 4 8 16 32 33 66 132 264 528 792 825 827 b
1 2 4 8 16 32 34 35 64 99 198 396 431 827 a
1 2 4 8 16 32 34 35 64 99 198 396 792 827 a
1 2 4 8 16 32 34 35 66 132 198 396 431 827 a
1 2 4 8 16 32 34 35 66 132 198 396 792 827 a
1 2 4 8 16 32 34 35 66 132 264 299 528 827 a
1 2 4 8 16 32 34 35 66 132 264 299 563 827 a
1 2 4 8 16 32 34 35 66 132 264 396 431 827 a
1 2 4 8 16 32 34 35 66 132 264 396 792 827 a
1 2 4 8 16 32 34 35 66 132 264 528 563 827 a
1 2 4 8 16 32 34 35 66 132 264 528 792 827 a
1 2 4 8 16 32 34 35 67 99 198 396 431 827 b
1 2 4 8 16 32 34 35 67 99 198 396 792 827 b
1 2 4 8 16 32 34 66 132 133 265 281 546 827 b
1 2 4 8 16 32 34 66 132 133 265 281 562 827 b
1 2 4 8 16 32 34 66 132 133 265 297 530 827 a
1 2 4 8 16 32 34 66 132 133 265 297 562 827 b
1 2 4 8 16 32 34 66 132 133 265 530 562 827 b
1 2 4 8 16 32 34 66 132 133 265 530 795 827 b
1 2 4 8 16 32 34 66 132 198 396 397 430 827 a
1 2 4 8 16 32 34 66 132 198 396 397 431 827 b
1 2 4 8 16 32 34 66 132 198 396 397 793 827 b
1 2 4 8 16 32 34 66 132 198 396 430 431 827 b
1 2 4 8 16 32 34 66 132 198 396 430 826 827 b
1 2 4 8 16 32 34 66 132 198 396 792 793 827 b
1 2 4 8 16 32 34 66 132 198 396 792 826 827 b
1 2 4 8 16 32 34 66 132 264 265 281 546 827 b
1 2 4 8 16 32 34 66 132 264 265 281 562 827 b
1 2 4 8 16 32 34 66 132 264 265 297 530 827 a
1 2 4 8 16 32 34 66 132 264 265 297 562 827 b
1 2 4 8 16 32 34 66 132 264 265 298 529 827 a
1 2 4 8 16 32 34 66 132 264 265 298 562 827 a
1 2 4 8 16 32 34 66 132 264 265 298 563 827 a
1 2 4 8 16 32 34 66 132 264 265 299 528 827 a
1 2 4 8 16 32 34 66 132 264 265 299 563 827 b
1 2 4 8 16 32 34 66 132 264 265 528 562 827 a
1 2 4 8 16 32 34 66 132 264 265 528 793 827 a
1 2 4 8 16 32 34 66 132 264 265 529 563 827 b
1 2 4 8 16 32 34 66 132 264 265 529 793 827 b
1 2 4 8 16 32 34 66 132 264 265 530 562 827 b
1 2 4 8 16 32 34 66 132 264 265 530 795 827 b
1 2 4 8 16 32 34 66 132 264 298 299 528 827 a
1 2 4 8 16 32 34 66 132 264 298 299 563 827 b
1 2 4 8 16 32 34 66 132 264 298 528 529 827 a
1 2 4 8 16 32 34 66 132 264 298 528 826 827 a
1 2 4 8 16 32 34 66 132 264 298 562 563 827 b
1 2 4 8 16 32 34 66 132 264 298 562 826 827 b
1 2 4 8 16 32 34 66 132 264 396 397 430 827 a
1 2 4 8 16 32 34 66 132 264 396 397 431 827 b
1 2 4 8 16 32 34 66 132 264 396 397 793 827 b
1 2 4 8 16 32 34 66 132 264 396 430 431 827 b
1 2 4 8 16 32 34 66 132 264 396 430 826 827 b
1 2 4 8 16 32 34 66 132 264 396 792 793 827 b
1 2 4 8 16 32 34 66 132 264 396 792 826 827 b
1 2 4 8 16 32 34 66 132 264 528 529 563 827 b
1 2 4 8 16 32 34 66 132 264 528 529 793 827 b
1 2 4 8 16 32 34 66 132 264 528 562 563 827 b
1 2 4 8 16 32 34 66 132 264 528 562 826 827 b
1 2 4 8 16 32 34 66 132 264 528 792 793 827 b
1 2 4 8 16 32 34 66 132 264 528 792 826 827 b
1 2 4 8 16 32 34 68 136 137 273 277 550 827 b
1 2 4 8 16 32 34 68 136 137 273 277 554 827 b
1 2 4 8 16 32 34 68 136 137 273 281 546 827 a
1 2 4 8 16 32 34 68 136 137 273 281 554 827 b
1 2 4 8 16 32 34 68 136 137 273 546 554 827 b
1 2 4 8 16 32 34 68 136 137 273 546 819 827 b
1 2 4 8 16 32 34 68 136 272 273 277 550 827 b
1 2 4 8 16 32 34 68 136 272 273 277 554 827 b
1 2 4 8 16 32 34 68 136 272 273 281 546 827 a
1 2 4 8 16 32 34 68 136 272 273 281 554 827 b
1 2 4 8 16 32 34 68 136 272 273 546 554 827 b
1 2 4 8 16 32 34 68 136 272 273 546 819 827 b
1 2 4 8 16 32 36 68 136 137 273 277 550 827 b
1 2 4 8 16 32 36 68 136 137 273 277 554 827 b
1 2 4 8 16 32 36 68 136 137 273 281 546 827 a
1 2 4 8 16 32 36 68 136 137 273 281 554 827 b
1 2 4 8 16 32 36 68 136 137 273 546 554 827 b
1 2 4 8 16 32 36 68 136 137 273 546 819 827 b
1 2 4 8 16 32 36 68 136 272 273 277 550 827 b
1 2 4 8 16 32 36 68 136 272 273 277 554 827 b
1 2 4 8 16 32 36 68 136 272 273 281 546 827 a
1 2 4 8 16 32 36 68 136 272 273 281 554 827 b
1 2 4 8 16 32 36 68 136 272 273 546 554 827 b
1 2 4 8 16 32 36 68 136 272 273 546 819 827 b
1 2 4 8 16 32 40 80 160 161 169 329 498 827 b
1 2 4 8 16 32 40 80 160 161 169 329 658 827 b
1 2 4 8 16 32 40 80 160 168 169 329 498 827 b
1 2 4 8 16 32 40 80 160 168 169 329 658 827 b
1 2 4 8 16 32 48 49 51 97 194 388 439 827 a
1 2 4 8 16 32 48 49 51 97 194 388 776 827 a
1 2 4 8 16 32 48 49 81 162 211 373 454 827 b
1 2 4 8 16 32 48 49 81 162 211 373 746 827 b
1 2 4 8 16 32 48 49 81 162 243 292 535 827 b
1 2 4 8 16 32 48 49 81 162 243 292 584 827 b
1 2 4 8 16 32 48 49 81 162 324 373 454 827 b
1 2 4 8 16 32 48 49 81 162 324 373 746 827 b
1 2 4 8 16 32 48 49 97 146 243 292 535 827 b
1 2 4 8 16 32 48 49 97 146 243 292 584 827 b
1 2 4 8 16 32 48 49 97 146 243 389 438 827 b
1 2 4 8 16 32 48 49 97 146 243 389 778 827 b
1 2 4 8 16 32 48 49 97 146 292 389 438 827 b
1 2 4 8 16 32 48 49 97 146 292 389 535 827 b
1 2 4 8 16 32 48 49 97 146 292 389 681 827 b
1 2 4 8 16 32 48 49 97 146 292 389 778 827 b
1 2 4 8 16 32 48 49 97 146 292 438 535 827 b
1 2 4 8 16 32 48 49 97 146 292 438 730 827 b
1 2 4 8 16 32 48 49 97 146 292 584 681 827 b
1 2 4 8 16 32 48 49 97 146 292 584 730 827 b
1 2 4 8 16 32 48 49 97 194 195 389 438 827 b
1 2 4 8 16 32 48 49 97 194 195 389 778 827 b
1 2 4 8 16 32 48 49 97 194 243 292 535 827 b
1 2 4 8 16 32 48 49 97 194 243 292 584 827 b
1 2 4 8 16 32 48 49 97 194 388 389 438 827 b
1 2 4 8 16 32 48 49 97 194 388 389 778 827 b
1 2 4 8 16 32 48 49 97 194 388 390 437 827 a
1 2 4 8 16 32 48 49 97 194 388 390 439 827 b
1 2 4 8 16 32 48 49 97 194 388 390 778 827 b
1 2 4 8 16 32 48 49 97 194 388 437 439 827 b
1 2 4 8 16 32 48 49 97 194 388 437 825 827 b
1 2 4 8 16 32 48 49 97 194 388 776 778 827 b
1 2 4 8 16 32 48 49 97 194 388 776 825 827 b
1 2 4 8 16 32 48 80 160 161 169 329 498 827 b
1 2 4 8 16 32 48 80 160 161 169 329 658 827 b
1 2 4 8 16 32 48 80 160 168 169 329 498 827 b
1 2 4 8 16 32 48 80 160 168 169 329 658 827 b
1 2 4 8 16 32 64 65 81 146 227 373 454 827 b
1 2 4 8 16 32 64 65 81 146 227 373 600 827 b
1 2 4 8 16 32 64 65 81 146 227 373 746 827 b
1 2 4 8 16 32 64 65 81 146 227 454 600 827 b
1 2 4 8 16 32 64 65 81 146 227 454 681 827 b
1 2 4 8 16 32 64 65 81 146 292 373 454 827 b
1 2 4 8 16 32 64 65 81 146 292 373 746 827 b
1 2 4 8 16 32 64 66 132 133 265 281 546 827 b
1 2 4 8 16 32 64 66 132 133 265 281 562 827 b
1 2 4 8 16 32 64 66 132 133 265 297 530 827 a
1 2 4 8 16 32 64 66 132 133 265 297 562 827 b
1 2 4 8 16 32 64 66 132 133 265 530 562 827 b
1 2 4 8 16 32 64 66 132 133 265 530 795 827 b
1 2 4 8 16 32 64 66 132 264 265 281 546 827 b
1 2 4 8 16 32 64 66 132 264 265 281 562 827 b
1 2 4 8 16 32 64 66 132 264 265 297 530 827 a
1 2 4 8 16 32 64 66 132 264 265 297 562 827 b
1 2 4 8 16 32 64 66 132 264 265 530 562 827 b
1 2 4 8 16 32 64 66 132 264 265 530 795 827 b
1 2 4 8 16 32 64 68 132 133 265 281 546 827 b
1 2 4 8 16 32 64 68 132 133 265 281 562 827 b
1 2 4 8 16 32 64 68 132 133 265 297 530 827 a
1 2 4 8 16 32 64 68 132 133 265 297 562 827 b
1 2 4 8 16 32 64 68 132 133 265 530 562 827 b
1 2 4 8 16 32 64 68 132 133 265 530 795 827 b
1 2 4 8 16 32 64 68 132 264 265 281 546 827 b
1 2 4 8 16 32 64 68 132 264 265 281 562 827 b
1 2 4 8 16 32 64 68 132 264 265 297 530 827 a
1 2 4 8 16 32 64 68 132 264 265 297 562 827 b
1 2 4 8 16 32 64 68 132 264 265 530 562 827 b
1 2 4 8 16 32 64 68 132 264 265 530 795 827 b
1 2 4 8 16 32 64 68 136 137 273 277 550 827 b
1 2 4 8 16 32 64 68 136 137 273 277 554 827 b
1 2 4 8 16 32 64 68 136 137 273 281 546 827 a
1 2 4 8 16 32 64 68 136 137 273 281 554 827 b
1 2 4 8 16 32 64 68 136 137 273 546 554 827 b
1 2 4 8 16 32 64 68 136 137 273 546 819 827 b
1 2 4 8 16 32 64 68 136 272 273 277 550 827 b
1 2 4 8 16 32 64 68 136 272 273 277 554 827 b
1 2 4 8 16 32 64 68 136 272 273 281 546 827 a
1 2 4 8 16 32 64 68 136 272 273 281 554 827 b
1 2 4 8 16 32 64 68 136 272 273 546 554 827 b
1 2 4 8 16 32 64 68 136 272 273 546 819 827 b
1 2 4 8 16 32 64 72 136 137 208 345 482 827 a
1 2 4 8 16 32 64 72 136 137 208 345 690 827 a
1 2 4 8 16 32 64 72 136 137 209 345 482 827 b
1 2 4 8 16 32 64 72 136 137 209 345 690 827 b
1 2 4 8 16 32 64 72 136 137 273 277 550 827 b
1 2 4 8 16 32 64 72 136 137 273 277 554 827 b
1 2 4 8 16 32 64 72 136 137 273 281 546 827 a
1 2 4 8 16 32 64 72 136 137 273 281 554 827 b
1 2 4 8 16 32 64 72 136 137 273 345 482 827 b
1 2 4 8 16 32 64 72 136 137 273 345 690 827 b
1 2 4 8 16 32 64 72 136 137 273 546 554 827 b
1 2 4 8 16 32 64 72 136 137 273 546 819 827 b
1 2 4 8 16 32 64 72 136 272 273 277 550 827 b
1 2 4 8 16 32 64 72 136 272 273 277 554 827 b
1 2 4 8 16 32 64 72 136 272 273 281 546 827 a
1 2 4 8 16 32 64 72 136 272 273 281 554 827 b
1 2 4 8 16 32 64 72 136 272 273 546 554 827 b
1 2 4 8 16 32 64 72 136 272 273 546 819 827 b
1 2 4 8 16 32 64 80 160 161 169 329 498 827 b
1 2 4 8 16 32 64 80 160 161 169 329 658 827 b
1 2 4 8 16 32 64 80 160 168 169 329 498 827 b
1 2 4 8 16 32 64 80 160 168 169 329 658 827 b
1 2 4 8 16 32 64 96 160 161 169 329 498 827 b
1 2 4 8 16 32 64 96 160 161 169 329 658 827 b
1 2 4 8 16 32 64 96 160 168 169 329 498 827 b
1 2 4 8 16 32 64 96 160 168 169 329 658 827 b
1 2 4 8 16 32 64 128 129 136 265 281 546 827 a
1 2 4 8 16 32 64 128 129 136 265 281 562 827 a
1 2 4 8 16 32 64 128 129 136 265 297 530 827 a
1 2 4 8 16 32 64 128 129 136 265 297 562 827 a
1 2 4 8 16 32 64 128 129 136 265 530 562 827 a
1 2 4 8 16 32 64 128 129 136 265 530 795 827 a
1 2 4 8 16 32 64 128 129 137 265 281 546 827 b
1 2 4 8 16 32 64 128 129 137 265 281 562 827 b
1 2 4 8 16 32 64 128 129 137 265 297 530 827 a
1 2 4 8 16 32 64 128 129 137 265 297 562 827 b
1 2 4 8 16 32 64 128 129 137 265 530 562 827 b
1 2 4 8 16 32 64 128 129 137 265 530 795 827 b
1 2 4 8 16 32 64 128 129 144 273 277 550 827 a
1 2 4 8 16 32 64 128 129 144 273 277 554 827 a
1 2 4 8 16 32 64 128 129 144 273 281 546 827 a
1 2 4 8 16 32 64 128 129 144 273 281 554 827 a
1 2 4 8 16 32 64 128 129 144 273 546 554 827 a
1 2 4 8 16 32 64 128 129 144 273 546 819 827 a
1 2 4 8 16 32 64 128 129 145 273 277 550 827 b
1 2 4 8 16 32 64 128 129 145 273 277 554 827 b
1 2 4 8 16 32 64 128 129 145 273 281 546 827 a
1 2 4 8 16 32 64 128 129 145 273 281 554 827 b
1 2 4 8 16 32 64 128 129 145 273 546 554 827 b
1 2 4 8 16 32 64 128 129 145 273 546 819 827 b
1 2 4 8 16 32 64 128 129 257 265 281 546 827 b
1 2 4 8 16 32 64 128 129 257 265 281 562 827 b
1 2 4 8 16 32 64 128 129 257 265 297 530 827 a
1 2 4 8 16 32 64 128 129 257 265 297 562 827 b
1 2 4 8 16 32 64 128 129 257 265 530 562 827 b
1 2 4 8 16 32 64 128 129 257 265 530 795 827 b
1 2 4 8 16 32 64 128 129 257 273 277 550 827 b
1 2 4 8 16 32 64 128 129 257 273 277 554 827 b
1 2 4 8 16 32 64 128 129 257 273 281 546 827 a
1 2 4 8 16 32 64 128 129 257 273 281 554 827 b
1 2 4 8 16 32 64 128 129 257 273 546 554 827 b
1 2 4 8 16 32 64 128 129 257 273 546 819 827 b
1 2 4 8 16 32 64 128 132 133 265 281 546 827 b
1 2 4 8 16 32 64 128 132 133 265 281 562 827 b
1 2 4 8 16 32 64 128 132 133 265 297 530 827 a
1 2 4 8 16 32 64 128 132 133 265 297 562 827 b
1 2 4 8 16 32 64 128 132 133 265 530 562 827 b
1 2 4 8 16 32 64 128 132 133 265 530 795 827 b
1 2 4 8 16 32 64 128 132 264 265 281 546 827 b
1 2 4 8 16 32 64 128 132 264 265 281 562 827 b
1 2 4 8 16 32 64 128 132 264 265 297 530 827 a
1 2 4 8 16 32 64 128 132 264 265 297 562 827 b
1 2 4 8 16 32 64 128 132 264 265 530 562 827 b
1 2 4 8 16 32 64 128 132 264 265 530 795 827 b
1 2 4 8 16 32 64 128 136 137 265 281 546 827 b
1 2 4 8 16 32 64 128 136 137 265 281 562 827 b
1 2 4 8 16 32 64 128 136 137 265 297 530 827 a
1 2 4 8 16 32 64 128 136 137 265 297 562 827 b
1 2 4 8 16 32 64 128 136 137 265 530 562 827 b
1 2 4 8 16 32 64 128 136 137 265 530 795 827 b
1 2 4 8 16 32 64 128 136 137 273 277 550 827 b
1 2 4 8 16 32 64 128 136 137 273 277 554 827 b
1 2 4 8 16 32 64 128 136 137 273 281 546 827 a
1 2 4 8 16 32 64 128 136 137 273 281 554 827 b
1 2 4 8 16 32 64 128 136 137 273 546 554 827 b
1 2 4 8 16 32 64 128 136 137 273 546 819 827 b
1 2 4 8 16 32 64 128 136 264 265 281 546 827 b
1 2 4 8 16 32 64 128 136 264 265 281 562 827 b
1 2 4 8 16 32 64 128 136 264 265 297 530 827 a
1 2 4 8 16 32 64 128 136 264 265 297 562 827 b
1 2 4 8 16 32 64 128 136 264 265 530 562 827 b
1 2 4 8 16 32 64 128 136 264 265 530 795 827 b
1 2 4 8 16 32 64 128 136 272 273 277 550 827 b
1 2 4 8 16 32 64 128 136 272 273 277 554 827 b
1 2 4 8 16 32 64 128 136 272 273 281 546 827 a
1 2 4 8 16 32 64 128 136 272 273 281 554 827 b
1 2 4 8 16 32 64 128 136 272 273 546 554 827 b
1 2 4 8 16 32 64 128 136 272 273 546 819 827 b
1 2 4 8 16 32 64 128 144 145 273 277 550 827 b
1 2 4 8 16 32 64 128 144 145 273 277 554 827 b
1 2 4 8 16 32 64 128 144 145 273 281 546 827 a
1 2 4 8 16 32 64 128 144 145 273 281 554 827 b
1 2 4 8 16 32 64 128 144 145 273 546 554 827 b
1 2 4 8 16 32 64 128 144 145 273 546 819 827 b
1 2 4 8 16 32 64 128 144 272 273 277 550 827 b
1 2 4 8 16 32 64 128 144 272 273 277 554 827 b
1 2 4 8 16 32 64 128 144 272 273 281 546 827 a
1 2 4 8 16 32 64 128 144 272 273 281 554 827 b
1 2 4 8 16 32 64 128 144 272 273 546 554 827 b
1 2 4 8 16 32 64 128 144 272 273 546 819 827 b
1 2 4 8 16 32 64 128 160 161 169 329 498 827 b
1 2 4 8 16 32 64 128 160 161 169 329 658 827 b
1 2 4 8 16 32 64 128 160 168 169 329 498 827 b
1 2 4 8 16 32 64 128 160 168 169 329 658 827 b
1 2 4 8 16 32 64 128 256 257 265 281 546 827 b
1 2 4 8 16 32 64 128 256 257 265 281 562 827 b
1 2 4 8 16 32 64 128 256 257 265 297 530 827 a
1 2 4 8 16 32 64 128 256 257 265 297 562 827 b
1 2 4 8 16 32 64 128 256 257 265 530 562 827 b
1 2 4 8 16 32 64 128 256 257 265 530 795 827 b
1 2 4 8 16 32 64 128 256 257 273 277 550 827 b
1 2 4 8 16 32 64 128 256 257 273 277 554 827 b
1 2 4 8 16 32 64 128 256 257 273 281 546 827 a
1 2 4 8 16 32 64 128 256 257 273 281 554 827 b
1 2 4 8 16 32 64 128 256 257 273 546 554 827 b
1 2 4 8 16 32 64 128 256 257 273 546 819 827 b
1 2 4 8 16 32 64 128 256 264 265 281 546 827 b
1 2 4 8 16 32 64 128 256 264 265 281 562 827 b
1 2 4 8 16 32 64 128 256 264 265 297 530 827 a
1 2 4 8 16 32 64 128 256 264 265 297 562 827 b
1 2 4 8 16 32 64 128 256 264 265 530 562 827 b
1 2 4 8 16 32 64 128 256 264 265 530 795 827 b
1 2 4 8 16 32 64 128 256 272 273 277 550 827 b
1 2 4 8 16 32 64 128 256 272 273 277 554 827 b
1 2 4 8 16 32 64 128 256 272 273 281 546 827 a
1 2 4 8 16 32 64 128 256 272 273 281 554 827 b
1 2 4 8 16 32 64 128 256 272 273 546 554 827 b
1 2 4 8 16 32 64 128 256 272 273 546 819 827 b
