1 2 3 5 10 15 25 50 100 200 203 403 806 b
1 2 3 5 10 15 25 50 100 200 400 403 806 b
1 2 3 5 10 20 25 50 100 200 203 403 806 b
1 2 3 5 10 20 25 50 100 200 400 403 806 b
1 2 3 5 10 20 30 50 100 200 203 403 806 b
1 2 3 5 10 20 30 50 100 200 400 403 806 b
1 2 3 5 10 20 40 50 100 200 203 403 806 b
1 2 3 5 10 20 40 50 100 200 400 403 806 b
1 2 3 5 10 20 40 60 100 200 203 403 806 b
1 2 3 5 10 20 40 60 100 200 400 403 806 b
1 2 3 5 10 20 40 80 81 161 242 403 806 b
1 2 3 5 10 20 40 80 81 161 322 403 806 b
1 2 3 5 10 20 40 80 83 160 243 403 806 a
1 2 3 5 10 20 40 80 83 160 320 403 806 a
1 2 3 5 10 20 40 80 100 200 203 403 806 b
1 2 3 5 10 20 40 80 100 200 400 403 806 b
1 2 3 5 10 20 40 80 120 200 203 403 806 b
1 2 3 5 10 20 40 80 120 200 400 403 806 b
1 2 3 5 10 20 40 80 160 162 322 484 806 b
1 2 3 5 10 20 40 80 160 162 322 644 806 b
1 2 3 5 10 20 40 80 160 163 240 403 806 a
1 2 3 5 10 20 40 80 160 163 243 403 806 b
1 2 3 5 10 20 40 80 160 163 323 403 806 b
1 2 3 5 10 20 40 80 160 163 323 483 806 b
1 2 3 5 10 20 40 80 160 163 323 646 806 b
1 2 3 5 10 20 40 80 160 200 203 403 806 b
1 2 3 5 10 20 40 80 160 200 400 403 806 b
1 2 3 5 10 20 40 80 160 240 243 403 806 b
1 2 3 5 10 20 40 80 160 240 400 403 806 b
1 2 3 5 10 20 40 80 160 320 323 403 806 b
1 2 3 5 10 20 40 80 160 320 323 483 806 b
1 2 3 5 10 20 40 80 160 320 323 646 806 b
1 2 3 5 10 20 40 80 160 320 400 403 806 b
1 2 3 6 12 13 25 50 100 200 203 403 806 b
1 2 3 6 12 13 25 50 100 200 400 403 806 b
1 2 3 6 12 13 25 50 100 200 400 406 806 b
1 2 3 6 12 13 25 50 100 200 400 800 806 b
1 2 3 6 12 24 25 50 100 200 203 403 806 b
1 2 3 6 12 24 25 50 100 200 400 403 806 b
1 2 3 6 12 24 25 50 100 200 400 406 806 b
1 2 3 6 12 24 25 50 100 200 400 800 806 b
1 2 3 6 12 24 26 50 100 200 203 403 806 b
1 2 3 6 12 24 26 50 100 200 400 403 806 b
1 2 3 6 12 24 26 50 100 200 400 406 806 b
1 2 3 6 12 24 26 50 100 200 400 800 806 b
1 2 3 6 12 24 48 50 100 200 203 403 806 b
1 2 3 6 12 24 48 50 100 200 400 403 806 b
1 2 3 6 12 24 48 50 100 200 400 406 806 b
1 2 3 6 12 24 48 50 100 200 400 800 806 b
1 2 4 5 10 20 40 80 81 161 242 403 806 b
1 2 4 5 10 20 40 80 81 161 322 403 806 b
1 2 4 5 10 20 40 80 160 162 322 484 806 b
1 2 4 5 10 20 40 80 160 162 322 644 806 b
1 2 4 6 10 20 30 50 100 200 400 406 806 b
1 2 4 6 10 20 30 50 100 200 400 800 806 b
1 2 4 6 10 20 40 50 100 200 400 406 806 b
1 2 4 6 10 20 40 50 100 200 400 800 806 b
1 2 4 6 10 20 40 60 100 200 400 406 806 b
1 2 4 6 10 20 40 60 100 200 400 800 806 b
1 2 4 6 10 20 40 80 81 161 242 403 806 b
1 2 4 6 10 20 40 80 81 161 322 403 806 b
1 2 4 6 10 20 40 80 100 200 400 406 806 b
1 2 4 6 10 20 40 80 100 200 400 800 806 b
1 2 4 6 10 20 40 80 120 200 400 406 806 b
1 2 4 6 10 20 40 80 120 200 400 800 806 b
1 2 4 6 10 20 40 80 160 162 322 484 806 b
1 2 4 6 10 20 40 80 160 162 322 644 806 b
1 2 4 6 10 20 40 80 160 166 320 486 806 a
1 2 4 6 10 20 40 80 160 166 320 640 806 a
1 2 4 6 10 20 40 80 160 200 400 406 806 b
1 2 4 6 10 20 40 80 160 200 400 800 806 b
1 2 4 6 10 20 40 80 160 240 400 406 806 b
1 2 4 6 10 20 40 80 160 240 400 800 806 b
1 2 4 6 10 20 40 80 160 320 326 480 806 a
1 2 4 6 10 20 40 80 160 320 326 486 806 b
1 2 4 6 10 20 40 80 160 320 326 646 806 b
1 2 4 6 10 20 40 80 160 320 400 406 806 b
1 2 4 6 10 20 40 80 160 320 400 800 806 b
1 2 4 6 10 20 40 80 160 320 480 486 806 b
1 2 4 6 10 20 40 80 160 320 480 800 806 b
1 2 4 6 10 20 40 80 160 320 640 646 806 b
1 2 4 6 10 20 40 80 160 320 640 800 806 b
1 2 4 6 12 13 25 50 100 200 400 406 806 b
1 2 4 6 12 13 25 50 100 200 400 800 806 b
1 2 4 6 12 24 25 50 100 200 400 406 806 b
1 2 4 6 12 24 25 50 100 200 400 800 806 b
1 2 4 6 12 24 26 50 100 200 400 406 806 b
1 2 4 6 12 24 26 50 100 200 400 800 806 b
1 2 4 6 12 24 48 50 100 200 400 406 806 b
1 2 4 6 12 24 48 50 100 200 400 800 806 b
1 2 4 6 12 24 48 52 100 200 400 406 806 b
1 2 4 6 12 24 48 52 100 200 400 800 806 b
1 2 4 6 12 24 48 96 100 200 400 406 806 b
1 2 4 6 12 24 48 96 100 200 400 800 806 b
1 2 4 8 10 20 40 80 81 161 242 403 806 b
1 2 4 8 10 20 40 80 81 161 322 403 806 b
1 2 4 8 10 20 40 80 160 162 322 484 806 b
1 2 4 8 10 20 40 80 160 162 322 644 806 b
1 2 4 8 12 20 40 80 81 161 242 403 806 b
1 2 4 8 12 20 40 80 81 161 322 403 806 b
1 2 4 8 12 20 40 80 160 162 322 484 806 b
1 2 4 8 12 20 40 80 160 162 322 644 806 b
1 2 4 8 16 20 40 80 81 161 242 403 806 b
1 2 4 8 16 20 40 80 81 161 322 403 806 b
1 2 4 8 16 20 40 80 160 162 322 484 806 b
1 2 4 8 16 20 40 80 160 162 322 644 806 b
1 2 4 8 16 24 40 80 81 161 242 403 806 b
1 2 4 8 16 24 40 80 81 161 322 403 806 b
1 2 4 8 16 24 40 80 160 162 322 484 806 b
1 2 4 8 16 24 40 80 160 162 322 644 806 b
1 2 4 8 16 32 40 80 81 161 242 403 806 b
1 2 4 8 16 32 40 80 81 161 322 403 806 b
1 2 4 8 16 32 40 80 160 162 322 484 806 b
1 2 4 8 16 32 40 80 160 162 322 644 806 b
1 2 4 8 16 32 48 80 81 161 242 403 806 b
1 2 4 8 16 32 48 80 81 161 322 403 806 b
1 2 4 8 16 32 48 80 160 162 322 484 806 b
1 2 4 8 16 32 48 80 160 162 322 644 806 b
1 2 4 8 16 32 64 65 129 137 266 403 806 b
1 2 4 8 16 32 64 65 129 137 274 403 806 b
1 2 4 8 16 32 64 65 129 145 258 403 806 a
1 2 4 8 16 32 64 65 129 145 274 403 806 b
1 2 4 8 16 32 64 65 129 258 274 403 806 b
1 2 4 8 16 32 64 65 129 258 274 532 806 b
1 2 4 8 16 32 64 65 129 258 274 548 806 b
1 2 4 8 16 32 64 65 129 258 290 516 806 a
1 2 4 8 16 32 64 65 129 258 290 548 806 b
1 2 4 8 16 32 64 65 129 258 387 403 806 b
1 2 4 8 16 32 64 65 129 258 387 419 806 b
1 2 4 8 16 32 64 65 129 258 387 774 806 b
1 2 4 8 16 32 64 65 129 258 516 548 806 b
1 2 4 8 16 32 64 65 129 258 516 774 806 b
1 2 4 8 16 32 64 80 81 161 242 403 806 b
1 2 4 8 16 32 64 80 81 161 322 403 806 b
1 2 4 8 16 32 64 80 160 162 322 484 806 b
1 2 4 8 16 32 64 80 160 162 322 644 806 b
1 2 4 8 16 32 64 96 160 162 322 484 806 b
1 2 4 8 16 32 64 96 160 162 322 644 806 b
1 2 4 8 16 32 64 128 129 137 266 403 806 b
1 2 4 8 16 32 64 128 129 137 274 403 806 b
1 2 4 8 16 32 64 128 129 145 258 403 806 a
1 2 4 8 16 32 64 128 129 145 274 403 806 b
1 2 4 8 16 32 64 128 129 258 274 403 806 b
1 2 4 8 16 32 64 128 129 258 274 532 806 b
1 2 4 8 16 32 64 128 129 258 274 548 806 b
1 2 4 8 16 32 64 128 129 258 290 516 806 a
1 2 4 8 16 32 64 128 129 258 290 548 806 b
1 2 4 8 16 32 64 128 129 258 387 403 806 b
1 2 4 8 16 32 64 128 129 258 387 419 806 b
1 2 4 8 16 32 64 128 129 258 387 774 806 b
1 2 4 8 16 32 64 128 129 258 516 548 806 b
1 2 4 8 16 32 64 128 129 258 516 774 806 b
1 2 4 8 16 32 64 128 130 258 274 532 806 b
1 2 4 8 16 32 64 128 130 258 274 548 806 b
1 2 4 8 16 32 64 128 130 258 290 516 806 a
1 2 4 8 16 32 64 128 130 258 290 548 806 b
1 2 4 8 16 32 64 128 130 258 516 548 806 b
1 2 4 8 16 32 64 128 130 258 516 774 806 b
1 2 4 8 16 32 64 128 160 162 322 484 806 b
1 2 4 8 16 32 64 128 160 162 322 644 806 b
1 2 4 8 16 32 64 128 256 258 274 532 806 b
1 2 4 8 16 32 64 128 256 258 274 548 806 b
1 2 4 8 16 32 64 128 256 258 290 516 806 a
1 2 4 8 16 32 64 128 256 258 290 548 806 b
1 2 4 8 16 32 64 128 256 258 516 548 806 b
1 2 4 8 16 32 64 128 256 258 516 774 806 b
