1 2 3 6 9 18 27 54 108 216 432 459 891 b
1 2 3 6 9 18 27 54 108 216 432 864 891 b
1 2 3 6 9 18 36 72 144 153 297 594 891 b
1 2 3 6 9 18 36 72 144 288 297 594 891 b
1 2 3 6 12 15 27 54 108 216 432 459 891 b
1 2 3 6 12 15 27 54 108 216 432 864 891 b
1 2 3 6 12 24 27 54 108 216 432 459 891 b
1 2 3 6 12 24 27 54 108 216 432 864 891 b
1 2 3 6 12 24 48 51 99 198 297 594 891 b
1 2 3 6 12 24 48 51 99 198 396 495 891 b
1 2 3 6 12 24 48 51 99 198 396 792 891 b
1 2 3 6 12 24 48 96 99 198 297 594 891 b
1 2 3 6 12 24 48 96 99 198 396 495 891 b
1 2 3 6 12 24 48 96 99 198 396 792 891 b
1 2 4 5 9 18 27 54 108 216 432 459 891 b
1 2 4 5 9 18 27 54 108 216 432 864 891 b
1 2 4 5 9 18 36 72 144 153 297 594 891 b
1 2 4 5 9 18 36 72 144 288 297 594 891 b
1 2 4 8 9 18 27 54 108 216 432 459 891 b
1 2 4 8 9 18 27 54 108 216 432 864 891 b
1 2 4 8 9 18 36 72 144 153 297 594 891 b
1 2 4 8 9 18 36 72 144 288 297 594 891 b
1 2 4 8 16 17 33 66 99 198 297 594 891 b
1 2 4 8 16 17 33 66 99 198 396 495 891 b
1 2 4 8 16 17 33 66 99 198 396 792 891 b
1 2 4 8 16 17 33 66 132 165 297 594 891 b
1 2 4 8 16 17 33 66 132 264 297 594 891 b
1 2 4 8 16 32 33 66 99 198 297 594 891 b
1 2 4 8 16 32 33 66 99 198 396 495 891 b
1 2 4 8 16 32 33 66 99 198 396 792 891 b
1 2 4 8 16 32 33 66 132 165 297 594 891 b
1 2 4 8 16 32 33 66 132 264 297 594 891 b
