1 2 3 4 8 16 32 64 67 131 262 329 524 853 a
1 2 3 4 8 16 32 64 67 131 262 329 591 853 b
1 2 3 4 8 16 32 64 67 131 262 393 460 853 b
1 2 3 4 8 16 32 64 67 131 262 393 786 853 b
1 2 3 4 8 16 32 64 67 131 262 524 591 853 b
1 2 3 4 8 16 32 64 67 131 262 524 786 853 b
1 2 3 5 6 12 24 29 53 106 212 424 429 853 b
1 2 3 5 6 12 24 29 53 106 212 424 848 853 b
1 2 3 5 6 12 24 48 53 106 212 424 429 853 b
1 2 3 5 6 12 24 48 53 106 212 424 848 853 b
1 2 3 5 7 12 24 29 53 106 212 424 429 853 b
1 2 3 5 7 12 24 29 53 106 212 424 848 853 b
1 2 3 5 7 12 24 48 53 106 212 424 429 853 b
1 2 3 5 7 12 24 48 53 106 212 424 848 853 b
1 2 3 5 7 14 21 26 52 104 208 416 437 853 b
1 2 3 5 7 14 21 26 52 104 208 416 832 853 b
1 2 3 5 8 13 21 26 52 104 208 416 437 853 b
1 2 3 5 8 13 21 26 52 104 208 416 832 853 b
1 2 3 5 8 13 21 42 63 105 210 420 433 853 b
1 2 3 5 8 13 21 42 63 105 210 420 840 853 b
1 2 3 5 8 13 21 42 84 105 210 420 433 853 b
1 2 3 5 8 13 21 42 84 105 210 420 840 853 b
1 2 3 5 8 13 21 42 84 126 210 420 433 853 b
1 2 3 5 8 13 21 42 84 126 210 420 840 853 b
1 2 3 5 8 13 21 42 84 168 181 336 517 853 a
1 2 3 5 8 13 21 42 84 168 181 336 672 853 a
1 2 3 5 8 13 21 42 84 168 210 420 433 853 b
1 2 3 5 8 13 21 42 84 168 210 420 840 853 b
1 2 3 5 8 13 21 42 84 168 252 420 433 853 b
1 2 3 5 8 13 21 42 84 168 252 420 840 853 b
1 2 3 5 8 13 21 42 84 168 336 349 504 853 a
1 2 3 5 8 13 21 42 84 168 336 349 517 853 b
1 2 3 5 8 13 21 42 84 168 336 349 685 853 b
1 2 3 5 8 13 21 42 84 168 336 420 433 853 b
1 2 3 5 8 13 21 42 84 168 336 420 840 853 b
1 2 3 5 8 13 21 42 84 168 336 504 517 853 b
1 2 3 5 8 13 21 42 84 168 336 504 840 853 b
1 2 3 5 8 13 21 42 84 168 336 672 685 853 b
1 2 3 5 8 13 21 42 84 168 336 672 840 853 b
1 2 3 5 8 13 26 27 53 106 212 424 429 853 b
1 2 3 5 8 13 26 27 53 106 212 424 848 853 b
1 2 3 5 8 13 26 52 53 105 210 420 433 853 b
1 2 3 5 8 13 26 52 53 105 210 420 840 853 b
1 2 3 5 8 13 26 52 53 106 212 424 429 853 b
1 2 3 5 8 13 26 52 53 106 212 424 848 853 b
1 2 3 5 8 13 26 52 54 106 212 424 429 853 b
1 2 3 5 8 13 26 52 54 106 212 424 848 853 b
1 2 3 5 8 13 26 52 104 105 210 420 433 853 b
1 2 3 5 8 13 26 52 104 105 210 420 840 853 b
1 2 3 5 8 13 26 52 104 106 210 420 433 853 b
1 2 3 5 8 13 26 52 104 106 210 420 840 853 b
1 2 3 5 8 13 26 52 104 106 212 424 429 853 b
1 2 3 5 8 13 26 52 104 106 212 424 848 853 b
1 2 3 5 8 13 26 52 104 109 213 426 427 853 b
1 2 3 5 8 13 26 52 104 109 213 426 852 853 b
1 2 3 5 8 13 26 52 104 208 210 420 433 853 b
1 2 3 5 8 13 26 52 104 208 210 420 840 853 b
1 2 3 5 8 13 26 52 104 208 213 426 427 853 b
1 2 3 5 8 13 26 52 104 208 213 426 852 853 b
1 2 3 5 8 13 26 52 104 208 216 424 429 853 b
1 2 3 5 8 13 26 52 104 208 216 424 848 853 b
1 2 3 5 8 13 26 52 104 208 416 424 429 853 b
1 2 3 5 8 13 26 52 104 208 416 424 437 853 b
1 2 3 5 8 13 26 52 104 208 416 424 840 853 b
1 2 3 5 8 13 26 52 104 208 416 424 848 853 b
1 2 3 5 8 13 26 52 104 208 416 429 437 853 b
1 2 3 5 8 13 26 52 104 208 416 429 845 853 b
1 2 3 5 8 13 26 52 104 208 416 832 840 853 b
1 2 3 5 8 13 26 52 104 208 416 832 845 853 b
1 2 3 5 8 16 21 26 52 104 208 416 437 853 b
1 2 3 5 8 16 21 26 52 104 208 416 832 853 b
1 2 3 5 8 16 21 32 53 106 212 424 429 853 a
1 2 3 5 8 16 21 32 53 106 212 424 848 853 a
1 2 3 5 8 16 21 37 53 106 212 424 429 853 b
1 2 3 5 8 16 21 37 53 106 212 424 848 853 b
1 2 3 5 8 16 24 29 53 106 212 424 429 853 b
1 2 3 5 8 16 24 29 53 106 212 424 848 853 b
1 2 3 5 8 16 24 48 53 106 212 424 429 853 b
1 2 3 5 8 16 24 48 53 106 212 424 848 853 b
1 2 3 5 8 16 32 37 53 106 212 424 429 853 b
1 2 3 5 8 16 32 37 53 106 212 424 848 853 b
1 2 3 5 8 16 32 37 69 106 212 424 429 853 b
1 2 3 5 8 16 32 37 69 106 212 424 848 853 b
1 2 3 5 8 16 32 37 74 106 212 424 429 853 b
1 2 3 5 8 16 32 37 74 106 212 424 848 853 b
1 2 3 5 8 16 32 48 53 106 212 424 429 853 b
1 2 3 5 8 16 32 48 53 106 212 424 848 853 b
1 2 3 5 8 16 32 64 67 131 262 329 524 853 a
1 2 3 5 8 16 32 64 67 131 262 329 591 853 b
1 2 3 5 8 16 32 64 67 131 262 393 460 853 b
1 2 3 5 8 16 32 64 67 131 262 393 786 853 b
1 2 3 5 8 16 32 64 67 131 262 524 591 853 b
1 2 3 5 8 16 32 64 67 131 262 524 786 853 b
1 2 3 5 10 11 21 26 52 104 208 416 437 853 b
1 2 3 5 10 11 21 26 52 104 208 416 832 853 b
1 2 3 5 10 11 21 31 52 104 208 416 437 853 b
1 2 3 5 10 11 21 31 52 104 208 416 832 853 b
1 2 3 5 10 11 21 32 53 106 212 424 429 853 b
1 2 3 5 10 11 21 32 53 106 212 424 848 853 b
1 2 3 5 10 11 21 42 52 104 208 416 437 853 b
1 2 3 5 10 11 21 42 52 104 208 416 832 853 b
1 2 3 5 10 11 21 42 53 106 212 424 429 853 b
1 2 3 5 10 11 21 42 53 106 212 424 848 853 b
1 2 3 5 10 12 24 29 53 106 212 424 429 853 b
1 2 3 5 10 12 24 29 53 106 212 424 848 853 b
1 2 3 5 10 12 24 48 53 106 212 424 429 853 b
1 2 3 5 10 12 24 48 53 106 212 424 848 853 b
1 2 3 5 10 12 24 48 58 106 212 424 429 853 b
1 2 3 5 10 12 24 48 58 106 212 424 848 853 b
1 2 3 5 10 12 24 48 96 106 212 424 429 853 b
1 2 3 5 10 12 24 48 96 106 212 424 848 853 b
1 2 3 5 10 13 20 33 53 106 212 424 429 853 a
1 2 3 5 10 13 20 33 53 106 212 424 848 853 a
1 2 3 5 10 13 20 40 53 106 212 424 429 853 a
1 2 3 5 10 13 20 40 53 106 212 424 848 853 a
1 2 3 5 10 13 23 46 59 105 210 420 433 853 b
1 2 3 5 10 13 23 46 59 105 210 420 840 853 b
1 2 3 5 10 13 23 46 92 97 189 378 475 853 b
1 2 3 5 10 13 23 46 92 97 189 378 756 853 b
1 2 3 5 10 13 23 46 92 105 210 420 433 853 b
1 2 3 5 10 13 23 46 92 105 210 420 840 853 b
1 2 3 5 10 13 26 27 53 106 212 424 429 853 b
1 2 3 5 10 13 26 27 53 106 212 424 848 853 b
1 2 3 5 10 13 26 52 53 105 210 420 433 853 b
1 2 3 5 10 13 26 52 53 105 210 420 840 853 b
1 2 3 5 10 13 26 52 53 106 212 424 429 853 b
1 2 3 5 10 13 26 52 53 106 212 424 848 853 b
1 2 3 5 10 13 26 52 54 106 212 424 429 853 b
1 2 3 5 10 13 26 52 54 106 212 424 848 853 b
1 2 3 5 10 13 26 52 104 105 210 420 433 853 b
1 2 3 5 10 13 26 52 104 105 210 420 840 853 b
1 2 3 5 10 13 26 52 104 106 210 420 433 853 b
1 2 3 5 10 13 26 52 104 106 210 420 840 853 b
1 2 3 5 10 13 26 52 104 106 212 424 429 853 b
1 2 3 5 10 13 26 52 104 106 212 424 848 853 b
1 2 3 5 10 13 26 52 104 109 213 426 427 853 b
1 2 3 5 10 13 26 52 104 109 213 426 852 853 b
1 2 3 5 10 13 26 52 104 208 210 420 433 853 b
1 2 3 5 10 13 26 52 104 208 210 420 840 853 b
1 2 3 5 10 13 26 52 104 208 213 426 427 853 b
1 2 3 5 10 13 26 52 104 208 213 426 852 853 b
1 2 3 5 10 13 26 52 104 208 218 426 427 853 b
1 2 3 5 10 13 26 52 104 208 218 426 852 853 b
1 2 3 5 10 13 26 52 104 208 416 426 427 853 b
1 2 3 5 10 13 26 52 104 208 416 426 852 853 b
1 2 3 5 10 15 25 28 53 106 212 424 429 853 b
1 2 3 5 10 15 25 28 53 106 212 424 848 853 b
1 2 3 5 10 15 25 50 53 100 200 400 453 853 a
1 2 3 5 10 15 25 50 53 100 200 400 800 853 a
1 2 3 5 10 15 25 50 53 106 212 424 429 853 b
1 2 3 5 10 15 25 50 53 106 212 424 848 853 b
1 2 3 5 10 15 25 50 100 200 225 425 428 853 b
1 2 3 5 10 15 25 50 100 200 225 425 850 853 b
1 2 3 5 10 15 25 50 100 200 400 403 450 853 a
1 2 3 5 10 15 25 50 100 200 400 403 453 853 b
1 2 3 5 10 15 25 50 100 200 400 403 803 853 b
1 2 3 5 10 15 25 50 100 200 400 425 428 853 b
1 2 3 5 10 15 25 50 100 200 400 425 850 853 b
1 2 3 5 10 15 25 50 100 200 400 450 453 853 b
1 2 3 5 10 15 25 50 100 200 400 450 850 853 b
1 2 3 5 10 15 25 50 100 200 400 800 803 853 b
1 2 3 5 10 15 25 50 100 200 400 800 850 853 b
1 2 3 5 10 20 21 26 52 104 208 416 437 853 b
1 2 3 5 10 20 21 26 52 104 208 416 832 853 b
1 2 3 5 10 20 21 31 52 104 208 416 437 853 b
1 2 3 5 10 20 21 31 52 104 208 416 832 853 b
1 2 3 5 10 20 21 42 52 104 208 416 437 853 b
1 2 3 5 10 20 21 42 52 104 208 416 832 853 b
1 2 3 5 10 20 21 42 62 104 208 416 437 853 b
1 2 3 5 10 20 21 42 62 104 208 416 832 853 b
1 2 3 5 10 20 21 42 84 104 208 416 437 853 b
1 2 3 5 10 20 21 42 84 104 208 416 832 853 b
1 2 3 5 10 20 22 42 64 106 212 424 429 853 b
1 2 3 5 10 20 22 42 64 106 212 424 848 853 b
1 2 3 5 10 20 22 42 84 106 212 424 429 853 b
1 2 3 5 10 20 22 42 84 106 212 424 848 853 b
1 2 3 5 10 20 23 30 53 106 212 424 429 853 a
1 2 3 5 10 20 23 30 53 106 212 424 848 853 a
1 2 3 5 10 20 23 33 53 106 212 424 429 853 b
1 2 3 5 10 20 23 33 53 106 212 424 848 853 b
1 2 3 5 10 20 23 43 53 106 212 424 429 853 b
1 2 3 5 10 20 23 43 53 106 212 424 848 853 b
1 2 3 5 10 20 23 43 63 106 212 424 429 853 b
1 2 3 5 10 20 23 43 63 106 212 424 848 853 b
1 2 3 5 10 20 23 43 86 106 212 424 429 853 b
1 2 3 5 10 20 23 43 86 106 212 424 848 853 b
1 2 3 5 10 20 23 46 92 97 189 378 475 853 b
1 2 3 5 10 20 23 46 92 97 189 378 756 853 b
1 2 3 5 10 20 25 28 53 106 212 424 429 853 b
1 2 3 5 10 20 25 28 53 106 212 424 848 853 b
1 2 3 5 10 20 25 50 53 100 200 400 453 853 a
1 2 3 5 10 20 25 50 53 100 200 400 800 853 a
1 2 3 5 10 20 25 50 53 106 212 424 429 853 b
1 2 3 5 10 20 25 50 53 106 212 424 848 853 b
1 2 3 5 10 20 25 50 100 200 225 425 428 853 b
1 2 3 5 10 20 25 50 100 200 225 425 850 853 b
1 2 3 5 10 20 25 50 100 200 400 403 450 853 a
1 2 3 5 10 20 25 50 100 200 400 403 453 853 b
1 2 3 5 10 20 25 50 100 200 400 403 803 853 b
1 2 3 5 10 20 25 50 100 200 400 425 428 853 b
1 2 3 5 10 20 25 50 100 200 400 425 850 853 b
1 2 3 5 10 20 25 50 100 200 400 450 453 853 b
1 2 3 5 10 20 25 50 100 200 400 450 850 853 b
1 2 3 5 10 20 25 50 100 200 400 800 803 853 b
1 2 3 5 10 20 25 50 100 200 400 800 850 853 b
1 2 3 5 10 20 30 33 53 106 212 424 429 853 b
1 2 3 5 10 20 30 33 53 106 212 424 848 853 b
1 2 3 5 10 20 30 50 53 100 200 400 453 853 a
1 2 3 5 10 20 30 50 53 100 200 400 800 853 a
1 2 3 5 10 20 30 50 53 106 212 424 429 853 b
1 2 3 5 10 20 30 50 53 106 212 424 848 853 b
1 2 3 5 10 20 30 50 100 200 400 403 450 853 a
1 2 3 5 10 20 30 50 100 200 400 403 453 853 b
1 2 3 5 10 20 30 50 100 200 400 403 803 853 b
1 2 3 5 10 20 30 50 100 200 400 450 453 853 b
1 2 3 5 10 20 30 50 100 200 400 450 850 853 b
1 2 3 5 10 20 30 50 100 200 400 800 803 853 b
1 2 3 5 10 20 30 50 100 200 400 800 850 853 b
1 2 3 5 10 20 40 41 81 122 203 325 528 853 b
1 2 3 5 10 20 40 41 81 122 203 325 650 853 b
1 2 3 5 10 20 40 41 81 122 203 406 447 853 b
1 2 3 5 10 20 40 41 81 122 203 406 812 853 b
1 2 3 5 10 20 40 41 81 162 203 406 447 853 b
1 2 3 5 10 20 40 41 81 162 203 406 812 853 b
1 2 3 5 10 20 40 43 53 106 212 424 429 853 b
1 2 3 5 10 20 40 43 53 106 212 424 848 853 b
1 2 3 5 10 20 40 43 63 106 212 424 429 853 b
1 2 3 5 10 20 40 43 63 106 212 424 848 853 b
1 2 3 5 10 20 40 43 86 106 212 424 429 853 b
1 2 3 5 10 20 40 43 86 106 212 424 848 853 b
1 2 3 5 10 20 40 43 86 126 212 424 429 853 b
1 2 3 5 10 20 40 43 86 126 212 424 848 853 b
1 2 3 5 10 20 40 43 86 172 212 424 429 853 b
1 2 3 5 10 20 40 43 86 172 212 424 848 853 b
1 2 3 5 10 20 40 45 85 170 171 341 512 853 b
1 2 3 5 10 20 40 45 85 170 171 341 682 853 b
1 2 3 5 10 20 40 45 85 170 173 340 513 853 a
1 2 3 5 10 20 40 45 85 170 173 340 680 853 a
1 2 3 5 10 20 40 45 85 170 255 425 428 853 b
1 2 3 5 10 20 40 45 85 170 255 425 850 853 b
1 2 3 5 10 20 40 45 85 170 340 343 510 853 a
1 2 3 5 10 20 40 45 85 170 340 343 513 853 b
1 2 3 5 10 20 40 45 85 170 340 343 683 853 b
1 2 3 5 10 20 40 45 85 170 340 425 428 853 b
1 2 3 5 10 20 40 45 85 170 340 425 850 853 b
1 2 3 5 10 20 40 45 85 170 340 510 513 853 b
1 2 3 5 10 20 40 45 85 170 340 510 850 853 b
1 2 3 5 10 20 40 45 85 170 340 680 683 853 b
1 2 3 5 10 20 40 45 85 170 340 680 850 853 b
1 2 3 5 10 20 40 50 53 100 200 400 453 853 a
1 2 3 5 10 20 40 50 53 100 200 400 800 853 a
1 2 3 5 10 20 40 50 53 106 212 424 429 853 b
1 2 3 5 10 20 40 50 53 106 212 424 848 853 b
1 2 3 5 10 20 40 50 100 200 400 403 450 853 a
1 2 3 5 10 20 40 50 100 200 400 403 453 853 b
1 2 3 5 10 20 40 50 100 200 400 403 803 853 b
1 2 3 5 10 20 40 50 100 200 400 450 453 853 b
1 2 3 5 10 20 40 50 100 200 400 450 850 853 b
1 2 3 5 10 20 40 50 100 200 400 800 803 853 b
1 2 3 5 10 20 40 50 100 200 400 800 850 853 b
1 2 3 5 10 20 40 80 85 170 171 341 512 853 b
1 2 3 5 10 20 40 80 85 170 171 341 682 853 b
1 2 3 5 10 20 40 80 85 170 173 340 513 853 a
1 2 3 5 10 20 40 80 85 170 173 340 680 853 a
1 2 3 5 10 20 40 80 85 170 255 425 428 853 b
1 2 3 5 10 20 40 80 85 170 255 425 850 853 b
1 2 3 5 10 20 40 80 85 170 340 343 510 853 a
1 2 3 5 10 20 40 80 85 170 340 343 513 853 b
1 2 3 5 10 20 40 80 85 170 340 343 683 853 b
1 2 3 5 10 20 40 80 85 170 340 425 428 853 b
1 2 3 5 10 20 40 80 85 170 340 425 850 853 b
1 2 3 5 10 20 40 80 85 170 340 510 513 853 b
1 2 3 5 10 20 40 80 85 170 340 510 850 853 b
1 2 3 5 10 20 40 80 85 170 340 680 683 853 b
1 2 3 5 10 20 40 80 85 170 340 680 850 853 b
1 2 3 5 10 20 40 80 90 170 171 341 512 853 b
1 2 3 5 10 20 40 80 90 170 171 341 682 853 b
1 2 3 5 10 20 40 80 90 170 173 340 513 853 a
1 2 3 5 10 20 40 80 90 170 173 340 680 853 a
1 2 3 5 10 20 40 80 90 170 340 343 510 853 a
1 2 3 5 10 20 40 80 90 170 340 343 513 853 b
1 2 3 5 10 20 40 80 90 170 340 343 683 853 b
1 2 3 5 10 20 40 80 90 170 340 510 513 853 b
1 2 3 5 10 20 40 80 90 170 340 510 850 853 b
1 2 3 5 10 20 40 80 90 170 340 680 683 853 b
1 2 3 5 10 20 40 80 90 170 340 680 850 853 b
1 2 3 5 10 20 40 80 160 170 171 341 512 853 b
1 2 3 5 10 20 40 80 160 170 171 341 682 853 b
1 2 3 5 10 20 40 80 160 170 173 340 513 853 a
1 2 3 5 10 20 40 80 160 170 173 340 680 853 a
1 2 3 5 10 20 40 80 160 170 340 343 510 853 a
1 2 3 5 10 20 40 80 160 170 340 343 513 853 b
1 2 3 5 10 20 40 80 160 170 340 343 683 853 b
1 2 3 5 10 20 40 80 160 170 340 510 513 853 b
1 2 3 5 10 20 40 80 160 170 340 510 850 853 b
1 2 3 5 10 20 40 80 160 170 340 680 683 853 b
1 2 3 5 10 20 40 80 160 170 340 680 850 853 b
1 2 3 6 7 13 26 52 53 105 210 420 433 853 b
1 2 3 6 7 13 26 52 53 105 210 420 840 853 b
1 2 3 6 7 13 26 52 104 105 210 420 433 853 b
1 2 3 6 7 13 26 52 104 105 210 420 840 853 b
1 2 3 6 7 13 26 52 104 106 210 420 433 853 b
1 2 3 6 7 13 26 52 104 106 210 420 840 853 b
1 2 3 6 7 13 26 52 104 111 215 319 534 853 b
1 2 3 6 7 13 26 52 104 111 215 319 638 853 b
1 2 3 6 7 13 26 52 104 208 210 420 433 853 b
1 2 3 6 7 13 26 52 104 208 210 420 840 853 b
1 2 3 6 7 13 26 52 104 208 215 319 534 853 b
1 2 3 6 7 13 26 52 104 208 215 319 638 853 b
1 2 3 6 7 13 26 52 104 208 215 423 430 853 b
1 2 3 6 7 13 26 52 104 208 215 423 638 853 b
1 2 3 6 7 13 26 52 104 208 215 423 846 853 b
1 2 3 6 7 13 26 52 104 208 215 430 638 853 b
1 2 3 6 7 13 26 52 104 208 215 430 645 853 b
1 2 3 6 7 13 26 52 104 208 416 423 430 853 b
1 2 3 6 7 13 26 52 104 208 416 423 846 853 b
1 2 3 6 8 16 32 64 67 131 262 329 524 853 a
1 2 3 6 8 16 32 64 67 131 262 329 591 853 b
1 2 3 6 8 16 32 64 67 131 262 393 460 853 b
1 2 3 6 8 16 32 64 67 131 262 393 786 853 b
1 2 3 6 8 16 32 64 67 131 262 524 591 853 b
1 2 3 6 8 16 32 64 67 131 262 524 786 853 b
1 2 3 6 12 13 25 50 53 100 200 400 453 853 a
1 2 3 6 12 13 25 50 53 100 200 400 800 853 a
1 2 3 6 12 13 25 50 100 113 213 426 427 853 b
1 2 3 6 12 13 25 50 100 113 213 426 852 853 b
1 2 3 6 12 13 25 50 100 200 213 426 427 853 b
1 2 3 6 12 13 25 50 100 200 213 426 852 853 b
1 2 3 6 12 13 25 50 100 200 225 425 428 853 b
1 2 3 6 12 13 25 50 100 200 225 425 850 853 b
1 2 3 6 12 13 25 50 100 200 400 403 450 853 a
1 2 3 6 12 13 25 50 100 200 400 403 453 853 b
1 2 3 6 12 13 25 50 100 200 400 403 803 853 b
1 2 3 6 12 13 25 50 100 200 400 425 428 853 b
1 2 3 6 12 13 25 50 100 200 400 425 850 853 b
1 2 3 6 12 13 25 50 100 200 400 450 453 853 b
1 2 3 6 12 13 25 50 100 200 400 450 850 853 b
1 2 3 6 12 13 25 50 100 200 400 800 803 853 b
1 2 3 6 12 13 25 50 100 200 400 800 850 853 b
1 2 3 6 12 13 26 52 53 105 210 420 433 853 b
1 2 3 6 12 13 26 52 53 105 210 420 840 853 b
1 2 3 6 12 13 26 52 104 105 210 420 433 853 b
1 2 3 6 12 13 26 52 104 105 210 420 840 853 b
1 2 3 6 12 13 26 52 104 106 210 420 433 853 b
1 2 3 6 12 13 26 52 104 106 210 420 840 853 b
1 2 3 6 12 13 26 52 104 208 210 420 433 853 b
1 2 3 6 12 13 26 52 104 208 210 420 840 853 b
1 2 3 6 12 24 25 49 73 122 195 390 463 853 b
1 2 3 6 12 24 25 49 73 122 195 390 780 853 b
1 2 3 6 12 24 25 49 73 146 195 390 463 853 b
1 2 3 6 12 24 25 49 73 146 195 390 780 853 b
1 2 3 6 12 24 25 50 53 100 200 400 453 853 a
1 2 3 6 12 24 25 50 53 100 200 400 800 853 a
1 2 3 6 12 24 25 50 100 200 225 425 428 853 b
1 2 3 6 12 24 25 50 100 200 225 425 850 853 b
1 2 3 6 12 24 25 50 100 200 400 403 450 853 a
1 2 3 6 12 24 25 50 100 200 400 403 453 853 b
1 2 3 6 12 24 25 50 100 200 400 403 803 853 b
1 2 3 6 12 24 25 50 100 200 400 425 428 853 b
1 2 3 6 12 24 25 50 100 200 400 425 850 853 b
1 2 3 6 12 24 25 50 100 200 400 450 453 853 b
1 2 3 6 12 24 25 50 100 200 400 450 850 853 b
1 2 3 6 12 24 25 50 100 200 400 800 803 853 b
1 2 3 6 12 24 25 50 100 200 400 800 850 853 b
1 2 3 6 12 24 26 50 53 100 200 400 453 853 a
1 2 3 6 12 24 26 50 53 100 200 400 800 853 a
1 2 3 6 12 24 26 50 100 200 226 426 427 853 b
1 2 3 6 12 24 26 50 100 200 226 426 852 853 b
1 2 3 6 12 24 26 50 100 200 400 403 450 853 a
1 2 3 6 12 24 26 50 100 200 400 403 453 853 b
1 2 3 6 12 24 26 50 100 200 400 403 803 853 b
1 2 3 6 12 24 26 50 100 200 400 426 427 853 b
1 2 3 6 12 24 26 50 100 200 400 426 852 853 b
1 2 3 6 12 24 26 50 100 200 400 450 453 853 b
1 2 3 6 12 24 26 50 100 200 400 450 850 853 b
1 2 3 6 12 24 26 50 100 200 400 800 803 853 b
1 2 3 6 12 24 26 50 100 200 400 800 850 853 b
1 2 3 6 12 24 48 49 73 122 195 390 463 853 b
1 2 3 6 12 24 48 49 73 122 195 390 780 853 b
1 2 3 6 12 24 48 49 73 146 195 390 463 853 b
1 2 3 6 12 24 48 49 73 146 195 390 780 853 b
1 2 3 6 12 24 48 50 53 100 200 400 453 853 a
1 2 3 6 12 24 48 50 53 100 200 400 800 853 a
1 2 3 6 12 24 48 50 100 200 400 403 450 853 a
1 2 3 6 12 24 48 50 100 200 400 403 453 853 b
1 2 3 6 12 24 48 50 100 200 400 403 803 853 b
1 2 3 6 12 24 48 50 100 200 400 450 453 853 b
1 2 3 6 12 24 48 50 100 200 400 450 850 853 b
1 2 3 6 12 24 48 50 100 200 400 800 803 853 b
1 2 3 6 12 24 48 50 100 200 400 800 850 853 b
1 2 4 5 6 12 24 29 53 106 212 424 429 853 b
1 2 4 5 6 12 24 29 53 106 212 424 848 853 b
1 2 4 5 6 12 24 48 53 106 212 424 429 853 b
1 2 4 5 6 12 24 48 53 106 212 424 848 853 b
1 2 4 5 7 12 24 29 53 106 212 424 429 853 b
1 2 4 5 7 12 24 29 53 106 212 424 848 853 b
1 2 4 5 7 12 24 48 53 106 212 424 429 853 b
1 2 4 5 7 12 24 48 53 106 212 424 848 853 b
1 2 4 5 7 14 21 26 52 104 208 416 437 853 b
1 2 4 5 7 14 21 26 52 104 208 416 832 853 b
1 2 4 5 8 12 24 29 53 106 212 424 429 853 a
1 2 4 5 8 12 24 29 53 106 212 424 848 853 a
1 2 4 5 8 12 24 48 53 106 212 424 429 853 a
1 2 4 5 8 12 24 48 53 106 212 424 848 853 a
1 2 4 5 8 13 21 26 52 104 208 416 437 853 a
1 2 4 5 8 13 21 26 52 104 208 416 832 853 a
1 2 4 5 8 13 21 42 63 105 210 420 433 853 a
1 2 4 5 8 13 21 42 63 105 210 420 840 853 a
1 2 4 5 8 13 21 42 84 105 210 420 433 853 a
1 2 4 5 8 13 21 42 84 105 210 420 840 853 a
1 2 4 5 8 13 21 42 84 126 210 420 433 853 a
1 2 4 5 8 13 21 42 84 126 210 420 840 853 a
1 2 4 5 8 13 21 42 84 168 181 336 517 853 a
1 2 4 5 8 13 21 42 84 168 181 336 672 853 a
1 2 4 5 8 13 21 42 84 168 210 420 433 853 a
1 2 4 5 8 13 21 42 84 168 210 420 840 853 a
1 2 4 5 8 13 21 42 84 168 252 420 433 853 a
1 2 4 5 8 13 21 42 84 168 252 420 840 853 a
1 2 4 5 8 13 21 42 84 168 336 349 504 853 a
1 2 4 5 8 13 21 42 84 168 336 349 517 853 a
1 2 4 5 8 13 21 42 84 168 336 349 685 853 a
1 2 4 5 8 13 21 42 84 168 336 420 433 853 a
1 2 4 5 8 13 21 42 84 168 336 420 840 853 a
1 2 4 5 8 13 21 42 84 168 336 504 517 853 a
1 2 4 5 8 13 21 42 84 168 336 504 840 853 a
1 2 4 5 8 13 21 42 84 168 336 672 685 853 a
1 2 4 5 8 13 21 42 84 168 336 672 840 853 a
1 2 4 5 8 13 26 27 53 106 212 424 429 853 a
1 2 4 5 8 13 26 27 53 106 212 424 848 853 a
1 2 4 5 8 13 26 52 53 105 210 420 433 853 a
1 2 4 5 8 13 26 52 53 105 210 420 840 853 a
1 2 4 5 8 13 26 52 53 106 212 424 429 853 a
1 2 4 5 8 13 26 52 53 106 212 424 848 853 a
1 2 4 5 8 13 26 52 54 106 212 424 429 853 a
1 2 4 5 8 13 26 52 54 106 212 424 848 853 a
1 2 4 5 8 13 26 52 104 105 210 420 433 853 a
1 2 4 5 8 13 26 52 104 105 210 420 840 853 a
1 2 4 5 8 13 26 52 104 106 210 420 433 853 a
1 2 4 5 8 13 26 52 104 106 210 420 840 853 a
1 2 4 5 8 13 26 52 104 106 212 424 429 853 a
1 2 4 5 8 13 26 52 104 106 212 424 848 853 a
1 2 4 5 8 13 26 52 104 108 212 424 429 853 a
1 2 4 5 8 13 26 52 104 108 212 424 848 853 a
1 2 4 5 8 13 26 52 104 109 213 426 427 853 a
1 2 4 5 8 13 26 52 104 109 213 426 852 853 a
1 2 4 5 8 13 26 52 104 208 210 420 433 853 a
1 2 4 5 8 13 26 52 104 208 210 420 840 853 a
1 2 4 5 8 13 26 52 104 208 212 420 433 853 a
1 2 4 5 8 13 26 52 104 208 212 420 840 853 a
1 2 4 5 8 13 26 52 104 208 212 424 429 853 a
1 2 4 5 8 13 26 52 104 208 212 424 848 853 a
1 2 4 5 8 13 26 52 104 208 213 426 427 853 a
1 2 4 5 8 13 26 52 104 208 213 426 852 853 a
1 2 4 5 8 13 26 52 104 208 216 424 429 853 a
1 2 4 5 8 13 26 52 104 208 216 424 848 853 a
1 2 4 5 8 13 26 52 104 208 416 420 433 853 a
1 2 4 5 8 13 26 52 104 208 416 420 840 853 a
1 2 4 5 8 13 26 52 104 208 416 424 429 853 a
1 2 4 5 8 13 26 52 104 208 416 424 437 853 a
1 2 4 5 8 13 26 52 104 208 416 424 840 853 a
1 2 4 5 8 13 26 52 104 208 416 424 848 853 a
1 2 4 5 8 13 26 52 104 208 416 429 437 853 a
1 2 4 5 8 13 26 52 104 208 416 429 845 853 a
1 2 4 5 8 13 26 52 104 208 416 832 840 853 a
1 2 4 5 8 13 26 52 104 208 416 832 845 853 a
1 2 4 5 8 16 21 26 52 104 208 416 437 853 a
1 2 4 5 8 16 21 26 52 104 208 416 832 853 a
1 2 4 5 8 16 21 32 53 106 212 424 429 853 a
1 2 4 5 8 16 21 32 53 106 212 424 848 853 a
1 2 4 5 8 16 21 37 53 106 212 424 429 853 a
1 2 4 5 8 16 21 37 53 106 212 424 848 853 a
1 2 4 5 8 16 24 29 53 106 212 424 429 853 a
1 2 4 5 8 16 24 29 53 106 212 424 848 853 a
1 2 4 5 8 16 24 48 53 106 212 424 429 853 a
1 2 4 5 8 16 24 48 53 106 212 424 848 853 a
1 2 4 5 8 16 32 37 53 106 212 424 429 853 a
1 2 4 5 8 16 32 37 53 106 212 424 848 853 a
1 2 4 5 8 16 32 37 69 106 212 424 429 853 a
1 2 4 5 8 16 32 37 69 106 212 424 848 853 a
1 2 4 5 8 16 32 37 74 106 212 424 429 853 a
1 2 4 5 8 16 32 37 74 106 212 424 848 853 a
1 2 4 5 8 16 32 48 53 106 212 424 429 853 a
1 2 4 5 8 16 32 48 53 106 212 424 848 853 a
1 2 4 5 9 11 22 31 53 106 212 424 429 853 b
1 2 4 5 9 11 22 31 53 106 212 424 848 853 b
1 2 4 5 9 11 22 44 53 106 212 424 429 853 b
1 2 4 5 9 11 22 44 53 106 212 424 848 853 b
1 2 4 5 9 13 22 31 53 106 212 424 429 853 b
1 2 4 5 9 13 22 31 53 106 212 424 848 853 b
1 2 4 5 9 13 22 35 70 105 210 420 433 853 b
1 2 4 5 9 13 22 35 70 105 210 420 840 853 b
1 2 4 5 9 13 22 35 70 140 210 420 433 853 b
1 2 4 5 9 13 22 35 70 140 210 420 840 853 b
1 2 4 5 9 13 22 35 70 140 280 293 560 853 a
1 2 4 5 9 13 22 35 70 140 280 293 573 853 b
1 2 4 5 9 13 22 35 70 140 280 420 433 853 b
1 2 4 5 9 13 22 35 70 140 280 420 840 853 b
1 2 4 5 9 13 22 35 70 140 280 560 573 853 b
1 2 4 5 9 13 22 35 70 140 280 560 840 853 b
1 2 4 5 9 13 22 44 53 106 212 424 429 853 b
1 2 4 5 9 13 22 44 53 106 212 424 848 853 b
1 2 4 5 9 13 26 27 53 106 212 424 429 853 b
1 2 4 5 9 13 26 27 53 106 212 424 848 853 b
1 2 4 5 9 13 26 35 70 105 210 420 433 853 b
1 2 4 5 9 13 26 35 70 105 210 420 840 853 b
1 2 4 5 9 13 26 35 70 140 210 420 433 853 b
1 2 4 5 9 13 26 35 70 140 210 420 840 853 b
1 2 4 5 9 13 26 35 70 140 280 293 560 853 a
1 2 4 5 9 13 26 35 70 140 280 293 573 853 b
1 2 4 5 9 13 26 35 70 140 280 420 433 853 b
1 2 4 5 9 13 26 35 70 140 280 420 840 853 b
1 2 4 5 9 13 26 35 70 140 280 560 573 853 b
1 2 4 5 9 13 26 35 70 140 280 560 840 853 b
1 2 4 5 9 13 26 52 53 105 210 420 433 853 b
1 2 4 5 9 13 26 52 53 105 210 420 840 853 b
1 2 4 5 9 13 26 52 53 106 212 424 429 853 b
1 2 4 5 9 13 26 52 53 106 212 424 848 853 b
1 2 4 5 9 13 26 52 54 106 212 424 429 853 b
1 2 4 5 9 13 26 52 54 106 212 424 848 853 b
1 2 4 5 9 13 26 52 104 105 210 420 433 853 b
1 2 4 5 9 13 26 52 104 105 210 420 840 853 b
1 2 4 5 9 13 26 52 104 106 210 420 433 853 b
1 2 4 5 9 13 26 52 104 106 210 420 840 853 b
1 2 4 5 9 13 26 52 104 106 212 424 429 853 b
1 2 4 5 9 13 26 52 104 106 212 424 848 853 b
1 2 4 5 9 13 26 52 104 108 212 424 429 853 b
1 2 4 5 9 13 26 52 104 108 212 424 848 853 b
1 2 4 5 9 13 26 52 104 109 213 426 427 853 b
1 2 4 5 9 13 26 52 104 109 213 426 852 853 b
1 2 4 5 9 13 26 52 104 208 210 420 433 853 b
1 2 4 5 9 13 26 52 104 208 210 420 840 853 b
1 2 4 5 9 13 26 52 104 208 212 420 433 853 b
1 2 4 5 9 13 26 52 104 208 212 420 840 853 b
1 2 4 5 9 13 26 52 104 208 212 424 429 853 b
1 2 4 5 9 13 26 52 104 208 212 424 848 853 b
1 2 4 5 9 13 26 52 104 208 213 426 427 853 b
1 2 4 5 9 13 26 52 104 208 213 426 852 853 b
1 2 4 5 9 13 26 52 104 208 416 420 433 853 b
1 2 4 5 9 13 26 52 104 208 416 420 840 853 b
1 2 4 5 9 14 23 37 51 102 204 408 445 853 b
1 2 4 5 9 14 23 37 51 102 204 408 816 853 b
1 2 4 5 9 14 23 46 60 106 212 424 429 853 b
1 2 4 5 9 14 23 46 60 106 212 424 848 853 b
1 2 4 5 9 14 23 46 92 97 189 378 475 853 b
1 2 4 5 9 14 23 46 92 97 189 378 756 853 b
1 2 4 5 9 14 23 46 92 106 212 424 429 853 b
1 2 4 5 9 14 23 46 92 106 212 424 848 853 b
1 2 4 5 9 14 28 37 51 102 204 408 445 853 b
1 2 4 5 9 14 28 37 51 102 204 408 816 853 b
1 2 4 5 9 14 28 37 65 102 204 408 445 853 b
1 2 4 5 9 14 28 37 65 102 204 408 816 853 b
1 2 4 5 9 14 28 37 74 102 204 408 445 853 b
1 2 4 5 9 14 28 37 74 102 204 408 816 853 b
1 2 4 5 9 18 22 31 53 106 212 424 429 853 b
1 2 4 5 9 18 22 31 53 106 212 424 848 853 b
1 2 4 5 9 18 22 44 53 106 212 424 429 853 b
1 2 4 5 9 18 22 44 53 106 212 424 848 853 b
1 2 4 5 9 18 22 44 62 106 212 424 429 853 b
1 2 4 5 9 18 22 44 62 106 212 424 848 853 b
1 2 4 5 9 18 22 44 88 106 212 424 429 853 b
1 2 4 5 9 18 22 44 88 106 212 424 848 853 b
1 2 4 5 9 18 23 41 82 105 187 374 479 853 b
1 2 4 5 9 18 23 41 82 105 187 374 748 853 b
1 2 4 5 9 18 23 46 92 97 189 378 475 853 b
1 2 4 5 9 18 23 46 92 97 189 378 756 853 b
1 2 4 5 9 18 36 41 72 113 185 370 483 853 a
1 2 4 5 9 18 36 41 72 113 185 370 740 853 a
1 2 4 5 9 18 36 72 77 113 185 370 483 853 b
1 2 4 5 9 18 36 72 77 113 185 370 740 853 b
1 2 4 5 9 18 36 72 77 149 185 334 519 853 b
1 2 4 5 9 18 36 72 77 149 185 334 668 853 b
1 2 4 5 9 18 36 72 108 113 185 370 483 853 b
1 2 4 5 9 18 36 72 108 113 185 370 740 853 b
1 2 4 5 9 18 36 72 144 149 185 334 519 853 b
1 2 4 5 9 18 36 72 144 149 185 334 668 853 b
1 2 4 5 10 11 21 26 52 104 208 416 437 853 b
1 2 4 5 10 11 21 26 52 104 208 416 832 853 b
1 2 4 5 10 11 21 31 52 104 208 416 437 853 b
1 2 4 5 10 11 21 31 52 104 208 416 832 853 b
1 2 4 5 10 11 21 32 53 106 212 424 429 853 b
1 2 4 5 10 11 21 32 53 106 212 424 848 853 b
1 2 4 5 10 11 21 42 52 104 208 416 437 853 b
1 2 4 5 10 11 21 42 52 104 208 416 832 853 b
1 2 4 5 10 11 21 42 53 106 212 424 429 853 b
1 2 4 5 10 11 21 42 53 106 212 424 848 853 b
1 2 4 5 10 12 24 29 53 106 212 424 429 853 b
1 2 4 5 10 12 24 29 53 106 212 424 848 853 b
1 2 4 5 10 12 24 48 53 106 212 424 429 853 b
1 2 4 5 10 12 24 48 53 106 212 424 848 853 b
1 2 4 5 10 12 24 48 58 106 212 424 429 853 b
1 2 4 5 10 12 24 48 58 106 212 424 848 853 b
1 2 4 5 10 12 24 48 96 106 212 424 429 853 b
1 2 4 5 10 12 24 48 96 106 212 424 848 853 b
1 2 4 5 10 14 24 29 53 106 212 424 429 853 b
1 2 4 5 10 14 24 29 53 106 212 424 848 853 b
1 2 4 5 10 14 24 48 53 106 212 424 429 853 b
1 2 4 5 10 14 24 48 53 106 212 424 848 853 b
1 2 4 5 10 14 24 48 58 106 212 424 429 853 b
1 2 4 5 10 14 24 48 58 106 212 424 848 853 b
1 2 4 5 10 14 24 48 96 106 212 424 429 853 b
1 2 4 5 10 14 24 48 96 106 212 424 848 853 b
1 2 4 5 10 15 19 34 53 106 212 424 429 853 b
1 2 4 5 10 15 19 34 53 106 212 424 848 853 b
1 2 4 5 10 15 19 38 53 106 212 424 429 853 b
1 2 4 5 10 15 19 38 53 106 212 424 848 853 b
1 2 4 5 10 20 21 26 52 104 208 416 437 853 b
1 2 4 5 10 20 21 26 52 104 208 416 832 853 b
1 2 4 5 10 20 21 31 52 104 208 416 437 853 b
1 2 4 5 10 20 21 31 52 104 208 416 832 853 b
1 2 4 5 10 20 21 42 52 104 208 416 437 853 b
1 2 4 5 10 20 21 42 52 104 208 416 832 853 b
1 2 4 5 10 20 21 42 62 104 208 416 437 853 b
1 2 4 5 10 20 21 42 62 104 208 416 832 853 b
1 2 4 5 10 20 21 42 84 104 208 416 437 853 b
1 2 4 5 10 20 21 42 84 104 208 416 832 853 b
1 2 4 5 10 20 22 42 64 106 212 424 429 853 b
1 2 4 5 10 20 22 42 64 106 212 424 848 853 b
1 2 4 5 10 20 22 42 84 106 212 424 429 853 b
1 2 4 5 10 20 22 42 84 106 212 424 848 853 b
1 2 4 5 10 20 24 29 53 106 212 424 429 853 b
1 2 4 5 10 20 24 29 53 106 212 424 848 853 b
1 2 4 5 10 20 24 48 53 106 212 424 429 853 b
1 2 4 5 10 20 24 48 53 106 212 424 848 853 b
1 2 4 5 10 20 24 48 58 106 212 424 429 853 b
1 2 4 5 10 20 24 48 58 106 212 424 848 853 b
1 2 4 5 10 20 24 48 96 106 212 424 429 853 b
1 2 4 5 10 20 24 48 96 106 212 424 848 853 b
1 2 4 5 10 20 24 48 96 116 212 424 429 853 b
1 2 4 5 10 20 24 48 96 116 212 424 848 853 b
1 2 4 5 10 20 24 48 96 192 212 424 429 853 b
1 2 4 5 10 20 24 48 96 192 212 424 848 853 b
1 2 4 5 10 20 40 41 81 122 203 325 528 853 b
1 2 4 5 10 20 40 41 81 122 203 325 650 853 b
1 2 4 5 10 20 40 41 81 122 203 406 447 853 b
1 2 4 5 10 20 40 41 81 122 203 406 812 853 b
1 2 4 5 10 20 40 41 81 162 203 406 447 853 b
1 2 4 5 10 20 40 41 81 162 203 406 812 853 b
1 2 4 5 10 20 40 44 84 128 212 424 429 853 b
1 2 4 5 10 20 40 44 84 128 212 424 848 853 b
1 2 4 5 10 20 40 44 84 168 212 424 429 853 b
1 2 4 5 10 20 40 44 84 168 212 424 848 853 b
1 2 4 5 10 20 40 45 85 170 171 341 512 853 b
1 2 4 5 10 20 40 45 85 170 171 341 682 853 b
1 2 4 5 10 20 40 80 85 170 171 341 512 853 b
1 2 4 5 10 20 40 80 85 170 171 341 682 853 b
1 2 4 5 10 20 40 80 90 170 171 341 512 853 b
1 2 4 5 10 20 40 80 90 170 171 341 682 853 b
1 2 4 5 10 20 40 80 160 170 171 341 512 853 b
1 2 4 5 10 20 40 80 160 170 171 341 682 853 b
1 2 4 6 7 13 26 52 53 105 210 420 433 853 b
1 2 4 6 7 13 26 52 53 105 210 420 840 853 b
1 2 4 6 7 13 26 52 104 105 210 420 433 853 b
1 2 4 6 7 13 26 52 104 105 210 420 840 853 b
1 2 4 6 7 13 26 52 104 106 210 420 433 853 b
1 2 4 6 7 13 26 52 104 106 210 420 840 853 b
1 2 4 6 7 13 26 52 104 111 215 319 534 853 b
1 2 4 6 7 13 26 52 104 111 215 319 638 853 b
1 2 4 6 7 13 26 52 104 208 210 420 433 853 b
1 2 4 6 7 13 26 52 104 208 210 420 840 853 b
1 2 4 6 7 13 26 52 104 208 212 420 433 853 b
1 2 4 6 7 13 26 52 104 208 212 420 840 853 b
1 2 4 6 7 13 26 52 104 208 215 319 534 853 b
1 2 4 6 7 13 26 52 104 208 215 319 638 853 b
1 2 4 6 7 13 26 52 104 208 215 423 430 853 b
1 2 4 6 7 13 26 52 104 208 215 423 638 853 b
1 2 4 6 7 13 26 52 104 208 215 423 846 853 b
1 2 4 6 7 13 26 52 104 208 215 430 638 853 b
1 2 4 6 7 13 26 52 104 208 215 430 645 853 b
1 2 4 6 7 13 26 52 104 208 416 420 433 853 b
1 2 4 6 7 13 26 52 104 208 416 420 840 853 b
1 2 4 6 7 13 26 52 104 208 416 423 430 853 b
1 2 4 6 7 13 26 52 104 208 416 423 846 853 b
1 2 4 6 10 11 21 31 52 104 208 416 437 853 b
1 2 4 6 10 11 21 31 52 104 208 416 832 853 b
1 2 4 6 10 11 21 42 52 104 208 416 437 853 b
1 2 4 6 10 11 21 42 52 104 208 416 832 853 b
1 2 4 6 10 16 26 52 104 208 218 426 427 853 b
1 2 4 6 10 16 26 52 104 208 218 426 852 853 b
1 2 4 6 10 16 26 52 104 208 416 426 427 853 b
1 2 4 6 10 16 26 52 104 208 416 426 852 853 b
1 2 4 6 10 20 21 26 52 104 208 416 437 853 a
1 2 4 6 10 20 21 26 52 104 208 416 832 853 a
1 2 4 6 10 20 21 31 52 104 208 416 437 853 b
1 2 4 6 10 20 21 31 52 104 208 416 832 853 b
1 2 4 6 10 20 21 42 52 104 208 416 437 853 b
1 2 4 6 10 20 21 42 52 104 208 416 832 853 b
1 2 4 6 10 20 21 42 62 104 208 416 437 853 b
1 2 4 6 10 20 21 42 62 104 208 416 832 853 b
1 2 4 6 10 20 21 42 84 104 208 416 437 853 b
1 2 4 6 10 20 21 42 84 104 208 416 832 853 b
1 2 4 6 10 20 26 52 104 208 218 426 427 853 b
1 2 4 6 10 20 26 52 104 208 218 426 852 853 b
1 2 4 6 10 20 26 52 104 208 416 417 436 853 a
1 2 4 6 10 20 26 52 104 208 416 417 437 853 b
1 2 4 6 10 20 26 52 104 208 416 417 833 853 b
1 2 4 6 10 20 26 52 104 208 416 426 427 853 b
1 2 4 6 10 20 26 52 104 208 416 426 852 853 b
1 2 4 6 10 20 26 52 104 208 416 436 437 853 b
1 2 4 6 10 20 26 52 104 208 416 436 852 853 b
1 2 4 6 10 20 26 52 104 208 416 832 833 853 b
1 2 4 6 10 20 26 52 104 208 416 832 852 853 b
1 2 4 6 10 20 40 41 81 122 203 325 528 853 b
1 2 4 6 10 20 40 41 81 122 203 325 650 853 b
1 2 4 6 10 20 40 41 81 122 203 406 447 853 b
1 2 4 6 10 20 40 41 81 122 203 406 812 853 b
1 2 4 6 10 20 40 41 81 162 203 406 447 853 b
1 2 4 6 10 20 40 41 81 162 203 406 812 853 b
1 2 4 6 10 20 40 80 90 170 171 341 512 853 b
1 2 4 6 10 20 40 80 90 170 171 341 682 853 b
1 2 4 6 10 20 40 80 160 170 171 341 512 853 b
1 2 4 6 10 20 40 80 160 170 171 341 682 853 b
1 2 4 6 12 13 25 50 100 113 213 426 427 853 b
1 2 4 6 12 13 25 50 100 113 213 426 852 853 b
1 2 4 6 12 13 25 50 100 200 213 426 427 853 b
1 2 4 6 12 13 25 50 100 200 213 426 852 853 b
1 2 4 6 12 13 26 52 53 105 210 420 433 853 b
1 2 4 6 12 13 26 52 53 105 210 420 840 853 b
1 2 4 6 12 13 26 52 104 105 210 420 433 853 b
1 2 4 6 12 13 26 52 104 105 210 420 840 853 b
1 2 4 6 12 13 26 52 104 106 210 420 433 853 b
1 2 4 6 12 13 26 52 104 106 210 420 840 853 b
1 2 4 6 12 13 26 52 104 208 210 420 433 853 b
1 2 4 6 12 13 26 52 104 208 210 420 840 853 b
1 2 4 6 12 13 26 52 104 208 212 420 433 853 b
1 2 4 6 12 13 26 52 104 208 212 420 840 853 b
1 2 4 6 12 13 26 52 104 208 416 420 433 853 b
1 2 4 6 12 13 26 52 104 208 416 420 840 853 b
1 2 4 6 12 24 25 49 73 122 195 390 463 853 b
1 2 4 6 12 24 25 49 73 122 195 390 780 853 b
1 2 4 6 12 24 25 49 73 146 195 390 463 853 b
1 2 4 6 12 24 25 49 73 146 195 390 780 853 b
1 2 4 6 12 24 26 50 100 200 226 426 427 853 b
1 2 4 6 12 24 26 50 100 200 226 426 852 853 b
1 2 4 6 12 24 26 50 100 200 400 426 427 853 b
1 2 4 6 12 24 26 50 100 200 400 426 852 853 b
1 2 4 6 12 24 48 49 73 122 195 390 463 853 b
1 2 4 6 12 24 48 49 73 122 195 390 780 853 b
1 2 4 6 12 24 48 49 73 146 195 390 463 853 b
1 2 4 6 12 24 48 49 73 146 195 390 780 853 b
1 2 4 6 12 24 48 52 53 100 200 400 453 853 a
1 2 4 6 12 24 48 52 53 100 200 400 800 853 a
1 2 4 6 12 24 48 52 100 200 400 401 452 853 a
1 2 4 6 12 24 48 52 100 200 400 401 453 853 b
1 2 4 6 12 24 48 52 100 200 400 401 801 853 b
1 2 4 6 12 24 48 52 100 200 400 452 453 853 b
1 2 4 6 12 24 48 52 100 200 400 452 852 853 b
1 2 4 6 12 24 48 52 100 200 400 800 801 853 b
1 2 4 6 12 24 48 52 100 200 400 800 852 853 b
1 2 4 8 9 13 21 26 52 104 208 416 437 853 a
1 2 4 8 9 13 21 26 52 104 208 416 832 853 a
1 2 4 8 9 13 21 42 63 105 210 420 433 853 b
1 2 4 8 9 13 21 42 63 105 210 420 840 853 b
1 2 4 8 9 13 21 42 84 105 210 420 433 853 b
1 2 4 8 9 13 21 42 84 105 210 420 840 853 b
1 2 4 8 9 13 21 42 84 126 210 420 433 853 b
1 2 4 8 9 13 21 42 84 126 210 420 840 853 b
1 2 4 8 9 13 21 42 84 168 181 336 517 853 a
1 2 4 8 9 13 21 42 84 168 181 336 672 853 a
1 2 4 8 9 13 21 42 84 168 210 420 433 853 b
1 2 4 8 9 13 21 42 84 168 210 420 840 853 b
1 2 4 8 9 13 21 42 84 168 252 420 433 853 b
1 2 4 8 9 13 21 42 84 168 252 420 840 853 b
1 2 4 8 9 13 21 42 84 168 336 349 504 853 a
1 2 4 8 9 13 21 42 84 168 336 349 517 853 b
1 2 4 8 9 13 21 42 84 168 336 349 685 853 b
1 2 4 8 9 13 21 42 84 168 336 420 433 853 b
1 2 4 8 9 13 21 42 84 168 336 420 840 853 b
1 2 4 8 9 13 21 42 84 168 336 504 517 853 b
1 2 4 8 9 13 21 42 84 168 336 504 840 853 b
1 2 4 8 9 13 21 42 84 168 336 672 685 853 b
1 2 4 8 9 13 21 42 84 168 336 672 840 853 b
1 2 4 8 9 13 22 35 70 105 210 420 433 853 b
1 2 4 8 9 13 22 35 70 105 210 420 840 853 b
1 2 4 8 9 13 22 35 70 140 210 420 433 853 b
1 2 4 8 9 13 22 35 70 140 210 420 840 853 b
1 2 4 8 9 13 22 35 70 140 280 293 560 853 a
1 2 4 8 9 13 22 35 70 140 280 293 573 853 b
1 2 4 8 9 13 22 35 70 140 280 420 433 853 b
1 2 4 8 9 13 22 35 70 140 280 420 840 853 b
1 2 4 8 9 13 22 35 70 140 280 560 573 853 b
1 2 4 8 9 13 22 35 70 140 280 560 840 853 b
1 2 4 8 9 13 26 35 70 105 210 420 433 853 b
1 2 4 8 9 13 26 35 70 105 210 420 840 853 b
1 2 4 8 9 13 26 35 70 140 210 420 433 853 b
1 2 4 8 9 13 26 35 70 140 210 420 840 853 b
1 2 4 8 9 13 26 35 70 140 280 293 560 853 a
1 2 4 8 9 13 26 35 70 140 280 293 573 853 b
1 2 4 8 9 13 26 35 70 140 280 420 433 853 b
1 2 4 8 9 13 26 35 70 140 280 420 840 853 b
1 2 4 8 9 13 26 35 70 140 280 560 573 853 b
1 2 4 8 9 13 26 35 70 140 280 560 840 853 b
1 2 4 8 9 13 26 52 53 105 210 420 433 853 b
1 2 4 8 9 13 26 52 53 105 210 420 840 853 b
1 2 4 8 9 13 26 52 104 105 210 420 433 853 b
1 2 4 8 9 13 26 52 104 105 210 420 840 853 b
1 2 4 8 9 13 26 52 104 106 210 420 433 853 b
1 2 4 8 9 13 26 52 104 106 210 420 840 853 b
1 2 4 8 9 13 26 52 104 208 210 420 433 853 b
1 2 4 8 9 13 26 52 104 208 210 420 840 853 b
1 2 4 8 9 13 26 52 104 208 212 420 433 853 b
1 2 4 8 9 13 26 52 104 208 212 420 840 853 b
1 2 4 8 9 13 26 52 104 208 416 420 433 853 b
1 2 4 8 9 13 26 52 104 208 416 420 840 853 b
1 2 4 8 9 13 26 52 104 208 416 424 429 853 a
1 2 4 8 9 13 26 52 104 208 416 424 437 853 b
1 2 4 8 9 13 26 52 104 208 416 424 840 853 b
1 2 4 8 9 13 26 52 104 208 416 429 437 853 b
1 2 4 8 9 13 26 52 104 208 416 429 845 853 b
1 2 4 8 9 13 26 52 104 208 416 832 840 853 b
1 2 4 8 9 13 26 52 104 208 416 832 845 853 b
1 2 4 8 9 16 32 41 73 146 187 333 520 853 a
1 2 4 8 9 16 32 41 73 146 187 333 666 853 a
1 2 4 8 9 17 21 26 52 104 208 416 437 853 a
1 2 4 8 9 17 21 26 52 104 208 416 832 853 a
1 2 4 8 9 17 25 50 67 117 184 368 485 853 b
1 2 4 8 9 17 25 50 67 117 184 368 736 853 b
1 2 4 8 9 17 25 50 100 109 209 418 435 853 b
1 2 4 8 9 17 25 50 100 109 209 418 836 853 b
1 2 4 8 9 17 25 50 100 200 209 418 435 853 b
1 2 4 8 9 17 25 50 100 200 209 418 836 853 b
1 2 4 8 9 17 26 52 104 105 209 418 435 853 b
1 2 4 8 9 17 26 52 104 105 209 418 836 853 b
1 2 4 8 9 17 26 52 104 208 209 418 435 853 b
1 2 4 8 9 17 26 52 104 208 209 418 836 853 b
1 2 4 8 9 17 26 52 104 208 210 418 435 853 b
1 2 4 8 9 17 26 52 104 208 210 418 836 853 b
1 2 4 8 9 17 26 52 104 208 416 418 435 853 b
1 2 4 8 9 17 26 52 104 208 416 418 836 853 b
1 2 4 8 9 17 26 52 104 208 416 420 433 853 a
1 2 4 8 9 17 26 52 104 208 416 420 437 853 b
1 2 4 8 9 17 26 52 104 208 416 420 836 853 b
1 2 4 8 9 17 26 52 104 208 416 433 437 853 b
1 2 4 8 9 17 26 52 104 208 416 433 849 853 b
1 2 4 8 9 17 26 52 104 208 416 832 836 853 b
1 2 4 8 9 17 26 52 104 208 416 832 849 853 b
1 2 4 8 9 17 34 51 85 170 171 341 512 853 b
1 2 4 8 9 17 34 51 85 170 171 341 682 853 b
1 2 4 8 9 17 34 51 102 111 213 426 427 853 b
1 2 4 8 9 17 34 51 102 111 213 426 852 853 b
1 2 4 8 9 17 34 51 102 204 213 426 427 853 b
1 2 4 8 9 17 34 51 102 204 213 426 852 853 b
1 2 4 8 9 17 34 68 77 136 213 426 427 853 a
1 2 4 8 9 17 34 68 77 136 213 426 852 853 a
1 2 4 8 9 17 34 68 77 145 213 426 427 853 b
1 2 4 8 9 17 34 68 77 145 213 426 852 853 b
1 2 4 8 9 17 34 68 85 170 171 341 512 853 b
1 2 4 8 9 17 34 68 85 170 171 341 682 853 b
1 2 4 8 9 17 34 68 102 111 213 426 427 853 b
1 2 4 8 9 17 34 68 102 111 213 426 852 853 b
1 2 4 8 9 17 34 68 102 170 171 341 512 853 b
1 2 4 8 9 17 34 68 102 170 171 341 682 853 b
1 2 4 8 9 17 34 68 102 204 213 426 427 853 b
1 2 4 8 9 17 34 68 102 204 213 426 852 853 b
1 2 4 8 9 17 34 68 136 137 273 290 563 853 b
1 2 4 8 9 17 34 68 136 137 273 290 580 853 b
1 2 4 8 9 17 34 68 136 137 273 307 546 853 a
1 2 4 8 9 17 34 68 136 137 273 307 580 853 b
1 2 4 8 9 17 34 68 136 137 273 546 580 853 b
1 2 4 8 9 17 34 68 136 137 273 546 819 853 b
1 2 4 8 9 17 34 68 136 145 213 426 427 853 b
1 2 4 8 9 17 34 68 136 145 213 426 852 853 b
1 2 4 8 9 17 34 68 136 145 281 426 427 853 b
1 2 4 8 9 17 34 68 136 145 281 426 852 853 b
1 2 4 8 9 17 34 68 136 145 290 426 427 853 b
1 2 4 8 9 17 34 68 136 145 290 426 852 853 b
1 2 4 8 9 17 34 68 136 170 171 341 512 853 b
1 2 4 8 9 17 34 68 136 170 171 341 682 853 b
1 2 4 8 9 17 34 68 136 204 213 426 427 853 b
1 2 4 8 9 17 34 68 136 204 213 426 852 853 b
1 2 4 8 9 17 34 68 136 272 273 290 563 853 b
1 2 4 8 9 17 34 68 136 272 273 290 580 853 b
1 2 4 8 9 17 34 68 136 272 273 307 546 853 a
1 2 4 8 9 17 34 68 136 272 273 307 580 853 b
1 2 4 8 9 17 34 68 136 272 273 546 580 853 b
1 2 4 8 9 17 34 68 136 272 273 546 819 853 b
1 2 4 8 10 11 21 31 52 104 208 416 437 853 b
1 2 4 8 10 11 21 31 52 104 208 416 832 853 b
1 2 4 8 10 11 21 42 52 104 208 416 437 853 b
1 2 4 8 10 11 21 42 52 104 208 416 832 853 b
1 2 4 8 10 16 26 52 104 208 218 426 427 853 a
1 2 4 8 10 16 26 52 104 208 218 426 852 853 a
1 2 4 8 10 16 26 52 104 208 416 426 427 853 a
1 2 4 8 10 16 26 52 104 208 416 426 852 853 a
1 2 4 8 10 18 26 52 104 208 218 426 427 853 b
1 2 4 8 10 18 26 52 104 208 218 426 852 853 b
1 2 4 8 10 18 26 52 104 208 416 426 427 853 b
1 2 4 8 10 18 26 52 104 208 416 426 852 853 b
1 2 4 8 10 20 21 31 52 104 208 416 437 853 b
1 2 4 8 10 20 21 31 52 104 208 416 832 853 b
1 2 4 8 10 20 21 42 52 104 208 416 437 853 b
1 2 4 8 10 20 21 42 52 104 208 416 832 853 b
1 2 4 8 10 20 21 42 62 104 208 416 437 853 b
1 2 4 8 10 20 21 42 62 104 208 416 832 853 b
1 2 4 8 10 20 21 42 84 104 208 416 437 853 b
1 2 4 8 10 20 21 42 84 104 208 416 832 853 b
1 2 4 8 10 20 40 41 81 122 203 325 528 853 b
1 2 4 8 10 20 40 41 81 122 203 325 650 853 b
1 2 4 8 10 20 40 41 81 122 203 406 447 853 b
1 2 4 8 10 20 40 41 81 122 203 406 812 853 b
1 2 4 8 10 20 40 41 81 162 203 406 447 853 b
1 2 4 8 10 20 40 41 81 162 203 406 812 853 b
1 2 4 8 10 20 40 80 90 170 171 341 512 853 b
1 2 4 8 10 20 40 80 90 170 171 341 682 853 b
1 2 4 8 10 20 40 80 160 170 171 341 512 853 b
1 2 4 8 10 20 40 80 160 170 171 341 682 853 b
1 2 4 8 12 13 21 26 52 104 208 416 437 853 a
1 2 4 8 12 13 21 26 52 104 208 416 832 853 a
1 2 4 8 12 13 21 42 63 105 210 420 433 853 b
1 2 4 8 12 13 21 42 63 105 210 420 840 853 b
1 2 4 8 12 13 21 42 84 105 210 420 433 853 b
1 2 4 8 12 13 21 42 84 105 210 420 840 853 b
1 2 4 8 12 13 21 42 84 126 210 420 433 853 b
1 2 4 8 12 13 21 42 84 126 210 420 840 853 b
1 2 4 8 12 13 21 42 84 168 181 336 517 853 a
1 2 4 8 12 13 21 42 84 168 181 336 672 853 a
1 2 4 8 12 13 21 42 84 168 210 420 433 853 b
1 2 4 8 12 13 21 42 84 168 210 420 840 853 b
1 2 4 8 12 13 21 42 84 168 252 420 433 853 b
1 2 4 8 12 13 21 42 84 168 252 420 840 853 b
1 2 4 8 12 13 21 42 84 168 336 349 504 853 a
1 2 4 8 12 13 21 42 84 168 336 349 517 853 b
1 2 4 8 12 13 21 42 84 168 336 349 685 853 b
1 2 4 8 12 13 21 42 84 168 336 420 433 853 b
1 2 4 8 12 13 21 42 84 168 336 420 840 853 b
1 2 4 8 12 13 21 42 84 168 336 504 517 853 b
1 2 4 8 12 13 21 42 84 168 336 504 840 853 b
1 2 4 8 12 13 21 42 84 168 336 672 685 853 b
1 2 4 8 12 13 21 42 84 168 336 672 840 853 b
1 2 4 8 12 13 25 50 100 113 213 426 427 853 b
1 2 4 8 12 13 25 50 100 113 213 426 852 853 b
1 2 4 8 12 13 25 50 100 200 213 426 427 853 b
1 2 4 8 12 13 25 50 100 200 213 426 852 853 b
1 2 4 8 12 13 26 52 53 105 210 420 433 853 b
1 2 4 8 12 13 26 52 53 105 210 420 840 853 b
1 2 4 8 12 13 26 52 104 105 210 420 433 853 b
1 2 4 8 12 13 26 52 104 105 210 420 840 853 b
1 2 4 8 12 13 26 52 104 106 210 420 433 853 b
1 2 4 8 12 13 26 52 104 106 210 420 840 853 b
1 2 4 8 12 13 26 52 104 208 210 420 433 853 b
1 2 4 8 12 13 26 52 104 208 210 420 840 853 b
1 2 4 8 12 13 26 52 104 208 212 420 433 853 b
1 2 4 8 12 13 26 52 104 208 212 420 840 853 b
1 2 4 8 12 13 26 52 104 208 416 420 433 853 b
1 2 4 8 12 13 26 52 104 208 416 420 840 853 b
1 2 4 8 12 13 26 52 104 208 416 424 429 853 a
1 2 4 8 12 13 26 52 104 208 416 424 437 853 b
1 2 4 8 12 13 26 52 104 208 416 424 840 853 b
1 2 4 8 12 13 26 52 104 208 416 429 437 853 b
1 2 4 8 12 13 26 52 104 208 416 429 845 853 b
1 2 4 8 12 13 26 52 104 208 416 832 840 853 b
1 2 4 8 12 13 26 52 104 208 416 832 845 853 b
1 2 4 8 12 20 21 32 52 104 208 416 437 853 a
1 2 4 8 12 20 21 32 52 104 208 416 832 853 a
1 2 4 8 12 20 21 40 52 104 208 416 437 853 a
1 2 4 8 12 20 21 40 52 104 208 416 832 853 a
1 2 4 8 12 20 21 42 62 104 208 416 437 853 b
1 2 4 8 12 20 21 42 62 104 208 416 832 853 b
1 2 4 8 12 20 21 42 84 104 208 416 437 853 b
1 2 4 8 12 20 21 42 84 104 208 416 832 853 b
1 2 4 8 12 20 32 52 104 208 416 417 436 853 a
1 2 4 8 12 20 32 52 104 208 416 417 437 853 b
1 2 4 8 12 20 32 52 104 208 416 417 833 853 b
1 2 4 8 12 20 32 52 104 208 416 436 437 853 b
1 2 4 8 12 20 32 52 104 208 416 436 852 853 b
1 2 4 8 12 20 32 52 104 208 416 832 833 853 b
1 2 4 8 12 20 32 52 104 208 416 832 852 853 b
1 2 4 8 12 20 40 41 81 122 203 325 528 853 b
1 2 4 8 12 20 40 41 81 122 203 325 650 853 b
1 2 4 8 12 20 40 41 81 122 203 406 447 853 b
1 2 4 8 12 20 40 41 81 122 203 406 812 853 b
1 2 4 8 12 20 40 41 81 162 203 406 447 853 b
1 2 4 8 12 20 40 41 81 162 203 406 812 853 b
1 2 4 8 12 20 40 52 104 208 416 417 436 853 a
1 2 4 8 12 20 40 52 104 208 416 417 437 853 b
1 2 4 8 12 20 40 52 104 208 416 417 833 853 b
1 2 4 8 12 20 40 52 104 208 416 436 437 853 b
1 2 4 8 12 20 40 52 104 208 416 436 852 853 b
1 2 4 8 12 20 40 52 104 208 416 832 833 853 b
1 2 4 8 12 20 40 52 104 208 416 832 852 853 b
1 2 4 8 12 20 40 80 81 161 173 346 507 853 b
1 2 4 8 12 20 40 80 81 161 173 346 692 853 b
1 2 4 8 12 20 40 80 160 161 173 346 507 853 b
1 2 4 8 12 20 40 80 160 161 173 346 692 853 b
1 2 4 8 12 24 25 49 73 122 195 390 463 853 b
1 2 4 8 12 24 25 49 73 122 195 390 780 853 b
1 2 4 8 12 24 25 49 73 146 195 390 463 853 b
1 2 4 8 12 24 25 49 73 146 195 390 780 853 b
1 2 4 8 12 24 26 50 100 200 226 426 427 853 b
1 2 4 8 12 24 26 50 100 200 226 426 852 853 b
1 2 4 8 12 24 26 50 100 200 400 426 427 853 b
1 2 4 8 12 24 26 50 100 200 400 426 852 853 b
1 2 4 8 12 24 48 49 73 122 195 390 463 853 b
1 2 4 8 12 24 48 49 73 122 195 390 780 853 b
1 2 4 8 12 24 48 49 73 146 195 390 463 853 b
1 2 4 8 12 24 48 49 73 146 195 390 780 853 b
1 2 4 8 12 24 48 52 53 100 200 400 453 853 a
1 2 4 8 12 24 48 52 53 100 200 400 800 853 a
1 2 4 8 12 24 48 52 100 200 400 401 452 853 a
1 2 4 8 12 24 48 52 100 200 400 401 453 853 b
1 2 4 8 12 24 48 52 100 200 400 401 801 853 b
1 2 4 8 12 24 48 52 100 200 400 452 453 853 b
1 2 4 8 12 24 48 52 100 200 400 452 852 853 b
1 2 4 8 12 24 48 52 100 200 400 800 801 853 b
1 2 4 8 12 24 48 52 100 200 400 800 852 853 b
1 2 4 8 16 17 24 48 96 113 209 322 531 853 a
1 2 4 8 16 17 24 48 96 113 209 322 644 853 a
1 2 4 8 16 17 24 48 96 113 209 418 435 853 a
1 2 4 8 16 17 24 48 96 113 209 418 836 853 a
1 2 4 8 16 17 24 48 96 192 209 418 435 853 a
1 2 4 8 16 17 24 48 96 192 209 418 836 853 a
1 2 4 8 16 17 25 50 67 117 184 368 485 853 b
1 2 4 8 16 17 25 50 67 117 184 368 736 853 b
1 2 4 8 16 17 32 48 96 113 209 322 531 853 a
1 2 4 8 16 17 32 48 96 113 209 322 644 853 a
1 2 4 8 16 17 32 48 96 113 209 418 435 853 a
1 2 4 8 16 17 32 48 96 113 209 418 836 853 a
1 2 4 8 16 17 32 48 96 192 209 418 435 853 a
1 2 4 8 16 17 32 48 96 192 209 418 836 853 a
1 2 4 8 16 17 32 49 98 115 213 426 427 853 a
1 2 4 8 16 17 32 49 98 115 213 426 852 853 a
1 2 4 8 16 17 32 49 98 196 213 426 427 853 a
1 2 4 8 16 17 32 49 98 196 213 426 852 853 a
1 2 4 8 16 17 32 64 81 128 209 418 435 853 a
1 2 4 8 16 17 32 64 81 128 209 418 836 853 a
1 2 4 8 16 17 32 64 81 145 177 354 499 853 a
1 2 4 8 16 17 32 64 81 145 177 354 708 853 a
1 2 4 8 16 17 32 64 81 145 209 354 499 853 a
1 2 4 8 16 17 32 64 81 145 209 354 708 853 a
1 2 4 8 16 17 32 64 81 145 209 418 435 853 a
1 2 4 8 16 17 32 64 81 145 209 418 836 853 a
1 2 4 8 16 17 32 64 81 145 290 354 499 853 a
1 2 4 8 16 17 32 64 81 145 290 354 708 853 a
1 2 4 8 16 17 32 64 96 113 209 322 531 853 a
1 2 4 8 16 17 32 64 96 113 209 322 644 853 a
1 2 4 8 16 17 32 64 96 113 209 418 435 853 a
1 2 4 8 16 17 32 64 96 113 209 418 836 853 a
1 2 4 8 16 17 32 64 96 192 209 418 435 853 a
1 2 4 8 16 17 32 64 96 192 209 418 836 853 a
1 2 4 8 16 17 32 64 128 145 177 354 499 853 a
1 2 4 8 16 17 32 64 128 145 177 354 708 853 a
1 2 4 8 16 17 32 64 128 145 209 354 499 853 a
1 2 4 8 16 17 32 64 128 145 209 354 708 853 a
1 2 4 8 16 17 32 64 128 145 209 418 435 853 a
1 2 4 8 16 17 32 64 128 145 209 418 836 853 a
1 2 4 8 16 17 32 64 128 145 273 290 563 853 a
1 2 4 8 16 17 32 64 128 145 273 290 580 853 a
1 2 4 8 16 17 32 64 128 145 273 418 435 853 a
1 2 4 8 16 17 32 64 128 145 273 418 836 853 a
1 2 4 8 16 17 32 64 128 145 290 354 499 853 a
1 2 4 8 16 17 32 64 128 145 290 354 708 853 a
1 2 4 8 16 17 32 64 128 145 290 418 435 853 a
1 2 4 8 16 17 32 64 128 145 290 418 563 853 a
1 2 4 8 16 17 32 64 128 145 290 418 708 853 a
1 2 4 8 16 17 32 64 128 145 290 418 836 853 a
1 2 4 8 16 17 32 64 128 145 290 435 563 853 a
1 2 4 8 16 17 32 64 128 145 290 435 725 853 a
1 2 4 8 16 17 32 64 128 145 290 580 708 853 a
1 2 4 8 16 17 32 64 128 145 290 580 725 853 a
1 2 4 8 16 17 32 64 128 192 209 418 435 853 a
1 2 4 8 16 17 32 64 128 192 209 418 836 853 a
1 2 4 8 16 17 32 64 128 256 273 290 563 853 a
1 2 4 8 16 17 32 64 128 256 273 290 580 853 a
1 2 4 8 16 17 33 41 82 123 205 410 443 853 b
1 2 4 8 16 17 33 41 82 123 205 410 820 853 b
1 2 4 8 16 17 33 41 82 164 197 328 525 853 a
1 2 4 8 16 17 33 41 82 164 197 328 656 853 a
1 2 4 8 16 17 33 41 82 164 205 410 443 853 b
1 2 4 8 16 17 33 41 82 164 205 410 820 853 b
1 2 4 8 16 17 33 41 82 164 246 410 443 853 b
1 2 4 8 16 17 33 41 82 164 246 410 820 853 b
1 2 4 8 16 17 33 41 82 164 328 361 492 853 a
1 2 4 8 16 17 33 41 82 164 328 361 525 853 b
1 2 4 8 16 17 33 41 82 164 328 361 689 853 b
1 2 4 8 16 17 33 41 82 164 328 410 443 853 b
1 2 4 8 16 17 33 41 82 164 328 410 820 853 b
1 2 4 8 16 17 33 41 82 164 328 492 525 853 b
1 2 4 8 16 17 33 41 82 164 328 492 820 853 b
1 2 4 8 16 17 33 41 82 164 328 656 689 853 b
1 2 4 8 16 17 33 41 82 164 328 656 820 853 b
1 2 4 8 16 17 33 49 82 131 213 426 427 853 b
1 2 4 8 16 17 33 49 82 131 213 426 852 853 b
1 2 4 8 16 17 33 49 82 164 197 328 525 853 a
1 2 4 8 16 17 33 49 82 164 197 328 656 853 a
1 2 4 8 16 17 33 49 82 164 213 426 427 853 b
1 2 4 8 16 17 33 49 82 164 213 426 852 853 b
1 2 4 8 16 17 33 49 82 164 246 410 443 853 b
1 2 4 8 16 17 33 49 82 164 246 410 820 853 b
1 2 4 8 16 17 33 49 82 164 328 361 492 853 a
1 2 4 8 16 17 33 49 82 164 328 361 525 853 b
1 2 4 8 16 17 33 49 82 164 328 361 689 853 b
1 2 4 8 16 17 33 49 82 164 328 410 443 853 b
1 2 4 8 16 17 33 49 82 164 328 410 820 853 b
1 2 4 8 16 17 33 49 82 164 328 492 525 853 b
1 2 4 8 16 17 33 49 82 164 328 492 820 853 b
1 2 4 8 16 17 33 49 82 164 328 656 689 853 b
1 2 4 8 16 17 33 49 82 164 328 656 820 853 b
1 2 4 8 16 17 33 49 98 115 213 426 427 853 b
1 2 4 8 16 17 33 49 98 115 213 426 852 853 b
1 2 4 8 16 17 33 49 98 196 213 426 427 853 b
1 2 4 8 16 17 33 49 98 196 213 426 852 853 b
1 2 4 8 16 17 33 50 67 117 184 368 485 853 b
1 2 4 8 16 17 33 50 67 117 184 368 736 853 b
1 2 4 8 16 17 33 66 82 164 197 328 525 853 a
1 2 4 8 16 17 33 66 82 164 197 328 656 853 a
1 2 4 8 16 17 33 66 82 164 246 410 443 853 b
1 2 4 8 16 17 33 66 82 164 246 410 820 853 b
1 2 4 8 16 17 33 66 82 164 328 361 492 853 a
1 2 4 8 16 17 33 66 82 164 328 361 525 853 b
1 2 4 8 16 17 33 66 82 164 328 361 689 853 b
1 2 4 8 16 17 33 66 82 164 328 410 443 853 b
1 2 4 8 16 17 33 66 82 164 328 410 820 853 b
1 2 4 8 16 17 33 66 82 164 328 492 525 853 b
1 2 4 8 16 17 33 66 82 164 328 492 820 853 b
1 2 4 8 16 17 33 66 82 164 328 656 689 853 b
1 2 4 8 16 17 33 66 82 164 328 656 820 853 b
1 2 4 8 16 17 34 50 67 117 184 368 485 853 b
1 2 4 8 16 17 34 50 67 117 184 368 736 853 b
1 2 4 8 16 17 34 51 85 170 171 341 512 853 b
1 2 4 8 16 17 34 51 85 170 171 341 682 853 b
1 2 4 8 16 17 34 68 85 170 171 341 512 853 b
1 2 4 8 16 17 34 68 85 170 171 341 682 853 b
1 2 4 8 16 17 34 68 102 170 171 341 512 853 b
1 2 4 8 16 17 34 68 102 170 171 341 682 853 b
1 2 4 8 16 17 34 68 136 137 273 290 563 853 b
1 2 4 8 16 17 34 68 136 137 273 290 580 853 b
1 2 4 8 16 17 34 68 136 137 273 307 546 853 a
1 2 4 8 16 17 34 68 136 137 273 307 580 853 b
1 2 4 8 16 17 34 68 136 137 273 546 580 853 b
1 2 4 8 16 17 34 68 136 137 273 546 819 853 b
1 2 4 8 16 17 34 68 136 170 171 341 512 853 b
1 2 4 8 16 17 34 68 136 170 171 341 682 853 b
1 2 4 8 16 17 34 68 136 272 273 290 563 853 b
1 2 4 8 16 17 34 68 136 272 273 290 580 853 b
1 2 4 8 16 17 34 68 136 272 273 307 546 853 a
1 2 4 8 16 17 34 68 136 272 273 307 580 853 b
1 2 4 8 16 17 34 68 136 272 273 546 580 853 b
1 2 4 8 16 17 34 68 136 272 273 546 819 853 b
1 2 4 8 16 18 34 68 102 170 171 341 512 853 b
1 2 4 8 16 18 34 68 102 170 171 341 682 853 b
1 2 4 8 16 18 34 68 102 204 222 426 427 853 b
1 2 4 8 16 18 34 68 102 204 222 426 852 853 b
1 2 4 8 16 18 34 68 102 204 408 426 427 853 b
1 2 4 8 16 18 34 68 102 204 408 426 852 853 b
1 2 4 8 16 18 34 68 136 137 273 307 546 853 a
1 2 4 8 16 18 34 68 136 137 273 307 580 853 b
1 2 4 8 16 18 34 68 136 137 273 546 580 853 b
1 2 4 8 16 18 34 68 136 137 273 546 819 853 b
1 2 4 8 16 18 34 68 136 154 272 426 427 853 a
1 2 4 8 16 18 34 68 136 154 272 426 852 853 a
1 2 4 8 16 18 34 68 136 154 290 426 427 853 b
1 2 4 8 16 18 34 68 136 154 290 426 852 853 b
1 2 4 8 16 18 34 68 136 170 171 341 512 853 b
1 2 4 8 16 18 34 68 136 170 171 341 682 853 b
1 2 4 8 16 18 34 68 136 204 222 426 427 853 b
1 2 4 8 16 18 34 68 136 204 222 426 852 853 b
1 2 4 8 16 18 34 68 136 204 408 426 427 853 b
1 2 4 8 16 18 34 68 136 204 408 426 852 853 b
1 2 4 8 16 18 34 68 136 272 273 290 563 853 a
1 2 4 8 16 18 34 68 136 272 273 290 580 853 a
1 2 4 8 16 18 34 68 136 272 273 307 546 853 a
1 2 4 8 16 18 34 68 136 272 273 307 580 853 b
1 2 4 8 16 18 34 68 136 272 273 546 580 853 b
1 2 4 8 16 18 34 68 136 272 273 546 819 853 b
1 2 4 8 16 18 34 68 136 272 290 291 562 853 a
1 2 4 8 16 18 34 68 136 272 290 291 563 853 b
1 2 4 8 16 18 34 68 136 272 290 291 581 853 b
1 2 4 8 16 18 34 68 136 272 290 426 427 853 b
1 2 4 8 16 18 34 68 136 272 290 426 852 853 b
1 2 4 8 16 18 34 68 136 272 290 562 563 853 b
1 2 4 8 16 18 34 68 136 272 290 562 852 853 b
1 2 4 8 16 18 34 68 136 272 290 580 581 853 b
1 2 4 8 16 18 34 68 136 272 290 580 852 853 b
1 2 4 8 16 18 34 68 136 272 408 426 427 853 b
1 2 4 8 16 18 34 68 136 272 408 426 852 853 b
1 2 4 8 16 20 21 32 52 104 208 416 437 853 a
1 2 4 8 16 20 21 32 52 104 208 416 832 853 a
1 2 4 8 16 20 21 36 52 104 208 416 437 853 a
1 2 4 8 16 20 21 36 52 104 208 416 832 853 a
1 2 4 8 16 20 21 42 62 104 208 416 437 853 b
1 2 4 8 16 20 21 42 62 104 208 416 832 853 b
1 2 4 8 16 20 21 42 84 104 208 416 437 853 b
1 2 4 8 16 20 21 42 84 104 208 416 832 853 b
1 2 4 8 16 20 32 52 104 208 416 417 436 853 a
1 2 4 8 16 20 32 52 104 208 416 417 437 853 a
1 2 4 8 16 20 32 52 104 208 416 417 833 853 a
1 2 4 8 16 20 32 52 104 208 416 436 437 853 a
1 2 4 8 16 20 32 52 104 208 416 436 852 853 a
1 2 4 8 16 20 32 52 104 208 416 832 833 853 a
1 2 4 8 16 20 32 52 104 208 416 832 852 853 a
1 2 4 8 16 20 36 52 104 208 416 417 436 853 a
1 2 4 8 16 20 36 52 104 208 416 417 437 853 b
1 2 4 8 16 20 36 52 104 208 416 417 833 853 b
1 2 4 8 16 20 36 52 104 208 416 436 437 853 b
1 2 4 8 16 20 36 52 104 208 416 436 852 853 b
1 2 4 8 16 20 36 52 104 208 416 832 833 853 b
1 2 4 8 16 20 36 52 104 208 416 832 852 853 b
1 2 4 8 16 20 40 41 81 122 203 325 528 853 b
1 2 4 8 16 20 40 41 81 122 203 325 650 853 b
1 2 4 8 16 20 40 41 81 122 203 406 447 853 b
1 2 4 8 16 20 40 41 81 122 203 406 812 853 b
1 2 4 8 16 20 40 41 81 162 203 406 447 853 b
1 2 4 8 16 20 40 41 81 162 203 406 812 853 b
1 2 4 8 16 20 40 80 81 161 177 338 515 853 b
1 2 4 8 16 20 40 80 81 161 177 338 676 853 b
1 2 4 8 16 20 40 80 160 161 177 338 515 853 b
1 2 4 8 16 20 40 80 160 161 177 338 676 853 b
1 2 4 8 16 24 25 49 73 122 195 390 463 853 b
1 2 4 8 16 24 25 49 73 122 195 390 780 853 b
1 2 4 8 16 24 25 49 73 146 195 390 463 853 b
1 2 4 8 16 24 25 49 73 146 195 390 780 853 b
1 2 4 8 16 24 26 50 100 200 226 426 427 853 b
1 2 4 8 16 24 26 50 100 200 226 426 852 853 b
1 2 4 8 16 24 26 50 100 200 400 426 427 853 b
1 2 4 8 16 24 26 50 100 200 400 426 852 853 b
1 2 4 8 16 24 40 41 81 122 203 325 528 853 b
1 2 4 8 16 24 40 41 81 122 203 325 650 853 b
1 2 4 8 16 24 40 41 81 122 203 406 447 853 b
1 2 4 8 16 24 40 41 81 122 203 406 812 853 b
1 2 4 8 16 24 40 41 81 162 203 406 447 853 b
1 2 4 8 16 24 40 41 81 162 203 406 812 853 b
1 2 4 8 16 24 40 80 81 161 177 338 515 853 b
1 2 4 8 16 24 40 80 81 161 177 338 676 853 b
1 2 4 8 16 24 40 80 81 161 185 346 507 853 b
1 2 4 8 16 24 40 80 81 161 185 346 692 853 b
1 2 4 8 16 24 40 80 81 161 322 346 507 853 b
1 2 4 8 16 24 40 80 81 161 322 346 692 853 b
1 2 4 8 16 24 40 80 160 161 177 338 515 853 b
1 2 4 8 16 24 40 80 160 161 177 338 676 853 b
1 2 4 8 16 24 40 80 160 161 185 346 507 853 b
1 2 4 8 16 24 40 80 160 161 185 346 692 853 b
1 2 4 8 16 24 40 80 160 161 322 346 507 853 b
1 2 4 8 16 24 40 80 160 161 322 346 692 853 b
1 2 4 8 16 24 48 49 73 122 195 390 463 853 b
1 2 4 8 16 24 48 49 73 122 195 390 780 853 b
1 2 4 8 16 24 48 49 73 146 195 390 463 853 b
1 2 4 8 16 24 48 49 73 146 195 390 780 853 b
1 2 4 8 16 24 48 52 53 100 200 400 453 853 a
1 2 4 8 16 24 48 52 53 100 200 400 800 853 a
1 2 4 8 16 24 48 52 100 200 400 401 452 853 a
1 2 4 8 16 24 48 52 100 200 400 401 453 853 b
1 2 4 8 16 24 48 52 100 200 400 401 801 853 b
1 2 4 8 16 24 48 52 100 200 400 452 453 853 b
1 2 4 8 16 24 48 52 100 200 400 452 852 853 b
1 2 4 8 16 24 48 52 100 200 400 800 801 853 b
1 2 4 8 16 24 48 52 100 200 400 800 852 853 b
1 2 4 8 16 24 48 96 97 113 209 322 531 853 b
1 2 4 8 16 24 48 96 97 113 209 322 644 853 b
1 2 4 8 16 24 48 96 112 113 209 322 531 853 b
1 2 4 8 16 24 48 96 112 113 209 322 644 853 b
1 2 4 8 16 32 33 37 65 102 204 408 445 853 a
1 2 4 8 16 32 33 37 65 102 204 408 816 853 a
1 2 4 8 16 32 33 37 69 102 204 408 445 853 b
1 2 4 8 16 32 33 37 69 102 204 408 816 853 b
1 2 4 8 16 32 33 37 70 102 204 408 445 853 b
1 2 4 8 16 32 33 37 70 102 204 408 816 853 b
1 2 4 8 16 32 33 41 73 146 187 333 520 853 b
1 2 4 8 16 32 33 41 73 146 187 333 666 853 b
1 2 4 8 16 32 33 41 82 123 205 410 443 853 b
1 2 4 8 16 32 33 41 82 123 205 410 820 853 b
1 2 4 8 16 32 33 41 82 164 197 328 525 853 a
1 2 4 8 16 32 33 41 82 164 197 328 656 853 a
1 2 4 8 16 32 33 41 82 164 205 410 443 853 b
1 2 4 8 16 32 33 41 82 164 205 410 820 853 b
1 2 4 8 16 32 33 41 82 164 246 410 443 853 b
1 2 4 8 16 32 33 41 82 164 246 410 820 853 b
1 2 4 8 16 32 33 41 82 164 328 361 492 853 a
1 2 4 8 16 32 33 41 82 164 328 361 525 853 b
1 2 4 8 16 32 33 41 82 164 328 361 689 853 b
1 2 4 8 16 32 33 41 82 164 328 410 443 853 b
1 2 4 8 16 32 33 41 82 164 328 410 820 853 b
1 2 4 8 16 32 33 41 82 164 328 492 525 853 b
1 2 4 8 16 32 33 41 82 164 328 492 820 853 b
1 2 4 8 16 32 33 41 82 164 328 656 689 853 b
1 2 4 8 16 32 33 41 82 164 328 656 820 853 b
1 2 4 8 16 32 33 49 82 131 213 426 427 853 b
1 2 4 8 16 32 33 49 82 131 213 426 852 853 b
1 2 4 8 16 32 33 49 82 164 197 328 525 853 a
1 2 4 8 16 32 33 49 82 164 197 328 656 853 a
1 2 4 8 16 32 33 49 82 164 213 426 427 853 b
1 2 4 8 16 32 33 49 82 164 213 426 852 853 b
1 2 4 8 16 32 33 49 82 164 246 410 443 853 b
1 2 4 8 16 32 33 49 82 164 246 410 820 853 b
1 2 4 8 16 32 33 49 82 164 328 361 492 853 a
1 2 4 8 16 32 33 49 82 164 328 361 525 853 b
1 2 4 8 16 32 33 49 82 164 328 361 689 853 b
1 2 4 8 16 32 33 49 82 164 328 410 443 853 b
1 2 4 8 16 32 33 49 82 164 328 410 820 853 b
1 2 4 8 16 32 33 49 82 164 328 492 525 853 b
1 2 4 8 16 32 33 49 82 164 328 492 820 853 b
1 2 4 8 16 32 33 49 82 164 328 656 689 853 b
1 2 4 8 16 32 33 49 82 164 328 656 820 853 b
1 2 4 8 16 32 33 64 97 161 177 338 515 853 a
1 2 4 8 16 32 33 64 97 161 177 338 676 853 a
1 2 4 8 16 32 33 64 128 161 177 338 515 853 a
1 2 4 8 16 32 33 64 128 161 177 338 676 853 a
1 2 4 8 16 32 33 65 66 131 197 328 525 853 b
1 2 4 8 16 32 33 65 66 131 197 328 656 853 b
1 2 4 8 16 32 33 65 66 131 197 394 459 853 b
1 2 4 8 16 32 33 65 66 131 197 394 788 853 b
1 2 4 8 16 32 33 65 66 132 197 394 459 853 b
1 2 4 8 16 32 33 65 66 132 197 394 788 853 b
1 2 4 8 16 32 33 65 67 130 197 394 459 853 a
1 2 4 8 16 32 33 65 67 130 197 394 788 853 a
1 2 4 8 16 32 33 65 67 132 197 394 459 853 b
1 2 4 8 16 32 33 65 67 132 197 394 788 853 b
1 2 4 8 16 32 33 65 69 98 196 392 461 853 a
1 2 4 8 16 32 33 65 69 98 196 392 784 853 a
1 2 4 8 16 32 33 65 73 130 195 390 463 853 a
1 2 4 8 16 32 33 65 73 130 195 390 780 853 a
1 2 4 8 16 32 33 65 73 130 260 333 520 853 a
1 2 4 8 16 32 33 65 73 130 260 333 593 853 a
1 2 4 8 16 32 33 65 73 130 260 390 463 853 a
1 2 4 8 16 32 33 65 73 130 260 390 780 853 a
1 2 4 8 16 32 33 65 73 130 260 520 593 853 a
1 2 4 8 16 32 33 65 73 130 260 520 780 853 a
1 2 4 8 16 32 33 65 98 99 197 394 459 853 b
1 2 4 8 16 32 33 65 98 99 197 394 788 853 b
1 2 4 8 16 32 33 65 98 196 197 394 459 853 b
1 2 4 8 16 32 33 65 98 196 197 394 788 853 b
1 2 4 8 16 32 33 65 98 196 198 394 459 853 b
1 2 4 8 16 32 33 65 98 196 198 394 788 853 b
1 2 4 8 16 32 33 65 98 196 392 394 459 853 b
1 2 4 8 16 32 33 65 98 196 392 394 788 853 b
1 2 4 8 16 32 33 65 98 196 392 396 457 853 a
1 2 4 8 16 32 33 65 98 196 392 396 461 853 b
1 2 4 8 16 32 33 65 98 196 392 396 788 853 b
1 2 4 8 16 32 33 65 98 196 392 457 461 853 b
1 2 4 8 16 32 33 65 98 196 392 457 849 853 b
1 2 4 8 16 32 33 65 98 196 392 784 788 853 b
1 2 4 8 16 32 33 65 98 196 392 784 849 853 b
1 2 4 8 16 32 33 65 130 132 197 394 459 853 b
1 2 4 8 16 32 33 65 130 132 197 394 788 853 b
1 2 4 8 16 32 33 65 130 132 262 394 459 853 b
1 2 4 8 16 32 33 65 130 132 262 394 788 853 b
1 2 4 8 16 32 33 65 130 132 264 394 459 853 b
1 2 4 8 16 32 33 65 130 132 264 394 788 853 b
1 2 4 8 16 32 33 65 130 134 195 329 524 853 a
1 2 4 8 16 32 33 65 130 134 195 329 658 853 a
1 2 4 8 16 32 33 65 130 134 260 394 459 853 a
1 2 4 8 16 32 33 65 130 134 260 394 788 853 a
1 2 4 8 16 32 33 65 130 134 264 394 459 853 b
1 2 4 8 16 32 33 65 130 134 264 394 788 853 b
1 2 4 8 16 32 33 65 130 195 197 394 459 853 b
1 2 4 8 16 32 33 65 130 195 197 394 788 853 b
1 2 4 8 16 32 33 65 130 195 199 329 524 853 b
1 2 4 8 16 32 33 65 130 195 199 329 658 853 b
1 2 4 8 16 32 33 65 130 195 199 394 459 853 b
1 2 4 8 16 32 33 65 130 195 199 394 788 853 b
1 2 4 8 16 32 33 65 130 195 203 325 528 853 a
1 2 4 8 16 32 33 65 130 195 203 325 650 853 a
1 2 4 8 16 32 33 65 130 195 325 329 524 853 b
1 2 4 8 16 32 33 65 130 195 325 329 658 853 b
1 2 4 8 16 32 33 65 130 195 325 333 520 853 a
1 2 4 8 16 32 33 65 130 195 325 333 528 853 b
1 2 4 8 16 32 33 65 130 195 325 333 658 853 b
1 2 4 8 16 32 33 65 130 195 325 520 528 853 b
1 2 4 8 16 32 33 65 130 195 325 520 845 853 b
1 2 4 8 16 32 33 65 130 195 325 650 658 853 b
1 2 4 8 16 32 33 65 130 195 325 650 845 853 b
1 2 4 8 16 32 33 65 130 195 390 394 459 853 b
1 2 4 8 16 32 33 65 130 195 390 394 788 853 b
1 2 4 8 16 32 33 65 130 195 390 398 455 853 a
1 2 4 8 16 32 33 65 130 195 390 398 463 853 b
1 2 4 8 16 32 33 65 130 195 390 398 788 853 b
1 2 4 8 16 32 33 65 130 195 390 455 463 853 b
1 2 4 8 16 32 33 65 130 195 390 455 845 853 b
1 2 4 8 16 32 33 65 130 195 390 780 788 853 b
1 2 4 8 16 32 33 65 130 195 390 780 845 853 b
1 2 4 8 16 32 33 65 130 260 264 325 528 853 a
1 2 4 8 16 32 33 65 130 260 264 325 589 853 a
1 2 4 8 16 32 33 65 130 260 264 329 524 853 a
1 2 4 8 16 32 33 65 130 260 264 329 589 853 b
1 2 4 8 16 32 33 65 130 260 264 329 593 853 b
1 2 4 8 16 32 33 65 130 260 264 394 459 853 b
1 2 4 8 16 32 33 65 130 260 264 394 788 853 b
1 2 4 8 16 32 33 65 130 260 264 524 589 853 b
1 2 4 8 16 32 33 65 130 260 264 524 788 853 b
1 2 4 8 16 32 33 65 130 260 264 528 593 853 b
1 2 4 8 16 32 33 65 130 260 264 528 788 853 b
1 2 4 8 16 32 33 65 130 260 268 325 528 853 a
1 2 4 8 16 32 33 65 130 260 268 325 585 853 a
1 2 4 8 16 32 33 65 130 260 268 325 593 853 a
1 2 4 8 16 32 33 65 130 260 268 333 520 853 a
1 2 4 8 16 32 33 65 130 260 268 333 593 853 b
1 2 4 8 16 32 33 65 130 260 268 520 585 853 a
1 2 4 8 16 32 33 65 130 260 268 520 788 853 a
1 2 4 8 16 32 33 65 130 260 268 528 593 853 b
1 2 4 8 16 32 33 65 130 260 268 528 788 853 b
1 2 4 8 16 32 33 65 130 260 325 333 520 853 a
1 2 4 8 16 32 33 65 130 260 325 333 593 853 b
1 2 4 8 16 32 33 65 130 260 325 520 528 853 a
1 2 4 8 16 32 33 65 130 260 325 520 845 853 a
1 2 4 8 16 32 33 65 130 260 325 585 593 853 b
1 2 4 8 16 32 33 65 130 260 325 585 845 853 b
1 2 4 8 16 32 33 65 130 260 390 394 459 853 b
1 2 4 8 16 32 33 65 130 260 390 394 788 853 b
1 2 4 8 16 32 33 65 130 260 390 398 455 853 a
1 2 4 8 16 32 33 65 130 260 390 398 463 853 b
1 2 4 8 16 32 33 65 130 260 390 398 788 853 b
1 2 4 8 16 32 33 65 130 260 390 455 463 853 b
1 2 4 8 16 32 33 65 130 260 390 455 845 853 b
1 2 4 8 16 32 33 65 130 260 390 780 788 853 b
1 2 4 8 16 32 33 65 130 260 390 780 845 853 b
1 2 4 8 16 32 33 65 130 260 520 528 593 853 b
1 2 4 8 16 32 33 65 130 260 520 528 788 853 b
1 2 4 8 16 32 33 65 130 260 520 585 593 853 b
1 2 4 8 16 32 33 65 130 260 520 585 845 853 b
1 2 4 8 16 32 33 65 130 260 520 780 788 853 b
1 2 4 8 16 32 33 65 130 260 520 780 845 853 b
1 2 4 8 16 32 33 66 82 164 197 328 525 853 a
1 2 4 8 16 32 33 66 82 164 197 328 656 853 a
1 2 4 8 16 32 33 66 82 164 246 410 443 853 b
1 2 4 8 16 32 33 66 82 164 246 410 820 853 b
1 2 4 8 16 32 33 66 82 164 328 361 492 853 a
1 2 4 8 16 32 33 66 82 164 328 361 525 853 b
1 2 4 8 16 32 33 66 82 164 328 361 689 853 b
1 2 4 8 16 32 33 66 82 164 328 410 443 853 b
1 2 4 8 16 32 33 66 82 164 328 410 820 853 b
1 2 4 8 16 32 33 66 82 164 328 492 525 853 b
1 2 4 8 16 32 33 66 82 164 328 492 820 853 b
1 2 4 8 16 32 33 66 82 164 328 656 689 853 b
1 2 4 8 16 32 33 66 82 164 328 656 820 853 b
1 2 4 8 16 32 33 66 98 131 197 328 525 853 b
1 2 4 8 16 32 33 66 98 131 197 328 656 853 b
1 2 4 8 16 32 33 66 98 164 197 328 525 853 a
1 2 4 8 16 32 33 66 98 164 197 328 656 853 a
1 2 4 8 16 32 33 66 98 164 262 426 427 853 b
1 2 4 8 16 32 33 66 98 164 262 426 852 853 b
1 2 4 8 16 32 33 66 98 164 328 361 492 853 a
1 2 4 8 16 32 33 66 98 164 328 361 525 853 b
1 2 4 8 16 32 33 66 98 164 328 361 689 853 b
1 2 4 8 16 32 33 66 98 164 328 426 427 853 b
1 2 4 8 16 32 33 66 98 164 328 426 852 853 b
1 2 4 8 16 32 33 66 98 164 328 492 525 853 b
1 2 4 8 16 32 33 66 98 164 328 492 820 853 b
1 2 4 8 16 32 33 66 98 164 328 656 689 853 b
1 2 4 8 16 32 33 66 98 164 328 656 820 853 b
1 2 4 8 16 32 33 66 99 131 197 328 525 853 b
1 2 4 8 16 32 33 66 99 131 197 328 656 853 b
1 2 4 8 16 32 33 66 99 131 230 361 492 853 b
1 2 4 8 16 32 33 66 99 131 230 361 722 853 b
1 2 4 8 16 32 33 66 99 131 262 361 492 853 b
1 2 4 8 16 32 33 66 99 131 262 361 722 853 b
1 2 4 8 16 32 33 66 132 164 197 328 525 853 a
1 2 4 8 16 32 33 66 132 164 197 328 656 853 a
1 2 4 8 16 32 33 66 132 164 328 361 492 853 a
1 2 4 8 16 32 33 66 132 164 328 361 525 853 b
1 2 4 8 16 32 33 66 132 164 328 361 689 853 b
1 2 4 8 16 32 33 66 132 164 328 492 525 853 b
1 2 4 8 16 32 33 66 132 164 328 492 820 853 b
1 2 4 8 16 32 33 66 132 164 328 656 689 853 b
1 2 4 8 16 32 33 66 132 164 328 656 820 853 b
1 2 4 8 16 32 34 64 98 196 230 426 427 853 a
1 2 4 8 16 32 34 64 98 196 230 426 852 853 a
1 2 4 8 16 32 34 64 98 196 392 426 427 853 a
1 2 4 8 16 32 34 64 98 196 392 426 852 853 a
1 2 4 8 16 32 34 66 98 164 262 426 427 853 b
1 2 4 8 16 32 34 66 98 164 262 426 852 853 b
1 2 4 8 16 32 34 66 98 164 328 426 427 853 b
1 2 4 8 16 32 34 66 98 164 328 426 852 853 b
1 2 4 8 16 32 34 66 98 196 230 426 427 853 b
1 2 4 8 16 32 34 66 98 196 230 426 852 853 b
1 2 4 8 16 32 34 66 98 196 392 426 427 853 b
1 2 4 8 16 32 34 66 98 196 392 426 852 853 b
1 2 4 8 16 32 34 68 102 170 171 341 512 853 b
1 2 4 8 16 32 34 68 102 170 171 341 682 853 b
1 2 4 8 16 32 34 68 136 137 273 307 546 853 a
1 2 4 8 16 32 34 68 136 137 273 307 580 853 b
1 2 4 8 16 32 34 68 136 137 273 546 580 853 b
1 2 4 8 16 32 34 68 136 137 273 546 819 853 b
1 2 4 8 16 32 34 68 136 170 171 341 512 853 b
1 2 4 8 16 32 34 68 136 170 171 341 682 853 b
1 2 4 8 16 32 34 68 136 272 273 307 546 853 a
1 2 4 8 16 32 34 68 136 272 273 307 580 853 b
1 2 4 8 16 32 34 68 136 272 273 546 580 853 b
1 2 4 8 16 32 34 68 136 272 273 546 819 853 b
1 2 4 8 16 32 36 37 68 136 204 408 445 853 a
1 2 4 8 16 32 36 37 68 136 204 408 816 853 a
1 2 4 8 16 32 36 37 68 136 272 309 544 853 a
1 2 4 8 16 32 36 37 68 136 272 309 581 853 a
1 2 4 8 16 32 36 37 68 136 272 408 445 853 a
1 2 4 8 16 32 36 37 68 136 272 408 816 853 a
1 2 4 8 16 32 36 37 68 136 272 544 581 853 a
1 2 4 8 16 32 36 37 68 136 272 544 816 853 a
1 2 4 8 16 32 36 68 136 204 408 409 444 853 a
1 2 4 8 16 32 36 68 136 204 408 409 445 853 b
1 2 4 8 16 32 36 68 136 204 408 409 817 853 b
1 2 4 8 16 32 36 68 136 204 408 444 445 853 b
1 2 4 8 16 32 36 68 136 204 408 444 852 853 b
1 2 4 8 16 32 36 68 136 204 408 816 817 853 b
1 2 4 8 16 32 36 68 136 204 408 816 852 853 b
1 2 4 8 16 32 36 68 136 272 273 308 545 853 a
1 2 4 8 16 32 36 68 136 272 273 308 580 853 a
1 2 4 8 16 32 36 68 136 272 273 308 581 853 a
1 2 4 8 16 32 36 68 136 272 273 309 544 853 a
1 2 4 8 16 32 36 68 136 272 273 309 581 853 b
1 2 4 8 16 32 36 68 136 272 273 544 580 853 a
1 2 4 8 16 32 36 68 136 272 273 544 817 853 a
1 2 4 8 16 32 36 68 136 272 273 545 581 853 b
1 2 4 8 16 32 36 68 136 272 273 545 817 853 b
1 2 4 8 16 32 36 68 136 272 308 309 544 853 a
1 2 4 8 16 32 36 68 136 272 308 309 581 853 b
1 2 4 8 16 32 36 68 136 272 308 544 545 853 a
1 2 4 8 16 32 36 68 136 272 308 544 852 853 a
1 2 4 8 16 32 36 68 136 272 308 580 581 853 b
1 2 4 8 16 32 36 68 136 272 308 580 852 853 b
1 2 4 8 16 32 36 68 136 272 408 409 444 853 a
1 2 4 8 16 32 36 68 136 272 408 409 445 853 b
1 2 4 8 16 32 36 68 136 272 408 409 817 853 b
1 2 4 8 16 32 36 68 136 272 408 444 445 853 b
1 2 4 8 16 32 36 68 136 272 408 444 852 853 b
1 2 4 8 16 32 36 68 136 272 408 816 817 853 b
1 2 4 8 16 32 36 68 136 272 408 816 852 853 b
1 2 4 8 16 32 36 68 136 272 544 545 581 853 b
1 2 4 8 16 32 36 68 136 272 544 545 817 853 b
1 2 4 8 16 32 36 68 136 272 544 580 581 853 b
1 2 4 8 16 32 36 68 136 272 544 580 852 853 b
1 2 4 8 16 32 36 68 136 272 544 816 817 853 b
1 2 4 8 16 32 36 68 136 272 544 816 852 853 b
1 2 4 8 16 32 36 72 73 145 177 354 499 853 b
1 2 4 8 16 32 36 72 73 145 177 354 708 853 b
1 2 4 8 16 32 36 72 144 145 177 354 499 853 b
1 2 4 8 16 32 36 72 144 145 177 354 708 853 b
1 2 4 8 16 32 40 41 72 113 185 370 483 853 a
1 2 4 8 16 32 40 41 72 113 185 370 740 853 a
1 2 4 8 16 32 40 41 73 146 187 333 520 853 b
1 2 4 8 16 32 40 41 73 146 187 333 666 853 b
1 2 4 8 16 32 40 41 81 122 203 325 528 853 b
1 2 4 8 16 32 40 41 81 122 203 325 650 853 b
1 2 4 8 16 32 40 41 81 122 203 406 447 853 b
1 2 4 8 16 32 40 41 81 122 203 406 812 853 b
1 2 4 8 16 32 40 41 81 162 203 406 447 853 b
1 2 4 8 16 32 40 41 81 162 203 406 812 853 b
1 2 4 8 16 32 40 72 73 113 185 370 483 853 b
1 2 4 8 16 32 40 72 73 113 185 370 740 853 b
1 2 4 8 16 32 40 72 73 145 177 354 499 853 b
1 2 4 8 16 32 40 72 73 145 177 354 708 853 b
1 2 4 8 16 32 40 72 112 113 185 370 483 853 b
1 2 4 8 16 32 40 72 112 113 185 370 740 853 b
1 2 4 8 16 32 40 72 144 145 177 354 499 853 b
1 2 4 8 16 32 40 72 144 145 177 354 708 853 b
1 2 4 8 16 32 40 80 81 112 193 386 467 853 a
1 2 4 8 16 32 40 80 81 112 193 386 772 853 a
1 2 4 8 16 32 40 80 81 113 193 386 467 853 b
1 2 4 8 16 32 40 80 81 113 193 386 772 853 b
1 2 4 8 16 32 40 80 81 161 177 338 515 853 b
1 2 4 8 16 32 40 80 81 161 177 338 676 853 b
1 2 4 8 16 32 40 80 81 161 193 386 467 853 b
1 2 4 8 16 32 40 80 81 161 193 386 772 853 b
1 2 4 8 16 32 40 80 160 161 177 338 515 853 b
1 2 4 8 16 32 40 80 160 161 177 338 676 853 b
1 2 4 8 16 32 48 49 96 145 177 354 499 853 a
1 2 4 8 16 32 48 49 96 145 177 354 708 853 a
1 2 4 8 16 32 48 49 97 145 177 354 499 853 b
1 2 4 8 16 32 48 49 97 145 177 354 708 853 b
1 2 4 8 16 32 48 52 53 100 200 400 453 853 a
1 2 4 8 16 32 48 52 53 100 200 400 800 853 a
1 2 4 8 16 32 48 52 100 200 400 401 452 853 a
1 2 4 8 16 32 48 52 100 200 400 401 453 853 b
1 2 4 8 16 32 48 52 100 200 400 401 801 853 b
1 2 4 8 16 32 48 52 100 200 400 452 453 853 b
1 2 4 8 16 32 48 52 100 200 400 452 852 853 b
1 2 4 8 16 32 48 52 100 200 400 800 801 853 b
1 2 4 8 16 32 48 52 100 200 400 800 852 853 b
1 2 4 8 16 32 48 80 81 112 193 386 467 853 a
1 2 4 8 16 32 48 80 81 112 193 386 772 853 a
1 2 4 8 16 32 48 80 81 113 193 386 467 853 b
1 2 4 8 16 32 48 80 81 113 193 386 772 853 b
1 2 4 8 16 32 48 80 81 161 177 338 515 853 b
1 2 4 8 16 32 48 80 81 161 177 338 676 853 b
1 2 4 8 16 32 48 80 81 161 193 386 467 853 b
1 2 4 8 16 32 48 80 81 161 193 386 772 853 b
1 2 4 8 16 32 48 80 81 161 209 322 531 853 a
1 2 4 8 16 32 48 80 81 161 209 322 644 853 a
1 2 4 8 16 32 48 80 81 161 322 370 483 853 a
1 2 4 8 16 32 48 80 81 161 322 370 531 853 b
1 2 4 8 16 32 48 80 81 161 322 370 692 853 b
1 2 4 8 16 32 48 80 81 161 322 483 531 853 b
1 2 4 8 16 32 48 80 81 161 322 483 805 853 b
1 2 4 8 16 32 48 80 81 161 322 644 692 853 b
1 2 4 8 16 32 48 80 81 161 322 644 805 853 b
1 2 4 8 16 32 48 80 160 161 177 338 515 853 b
1 2 4 8 16 32 48 80 160 161 177 338 676 853 b
1 2 4 8 16 32 48 80 160 161 209 322 531 853 a
1 2 4 8 16 32 48 80 160 161 209 322 644 853 a
1 2 4 8 16 32 48 80 160 161 322 370 483 853 a
1 2 4 8 16 32 48 80 160 161 322 370 531 853 b
1 2 4 8 16 32 48 80 160 161 322 370 692 853 b
1 2 4 8 16 32 48 80 160 161 322 483 531 853 b
1 2 4 8 16 32 48 80 160 161 322 483 805 853 b
1 2 4 8 16 32 48 80 160 161 322 644 692 853 b
1 2 4 8 16 32 48 80 160 161 322 644 805 853 b
1 2 4 8 16 32 48 96 97 113 209 322 531 853 b
1 2 4 8 16 32 48 96 97 113 209 322 644 853 b
1 2 4 8 16 32 48 96 97 145 177 354 499 853 b
1 2 4 8 16 32 48 96 97 145 177 354 708 853 b
1 2 4 8 16 32 48 96 112 113 209 322 531 853 b
1 2 4 8 16 32 48 96 112 113 209 322 644 853 b
1 2 4 8 16 32 48 96 144 145 177 354 499 853 b
1 2 4 8 16 32 48 96 144 145 177 354 708 853 b
1 2 4 8 16 32 64 65 66 131 197 328 525 853 b
1 2 4 8 16 32 64 65 66 131 197 328 656 853 b
1 2 4 8 16 32 64 65 66 131 197 394 459 853 b
1 2 4 8 16 32 64 65 66 131 197 394 788 853 b
1 2 4 8 16 32 64 65 66 132 197 394 459 853 b
1 2 4 8 16 32 64 65 66 132 197 394 788 853 b
1 2 4 8 16 32 64 65 67 130 197 394 459 853 a
1 2 4 8 16 32 64 65 67 130 197 394 788 853 a
1 2 4 8 16 32 64 65 67 131 262 329 524 853 a
1 2 4 8 16 32 64 65 67 131 262 329 591 853 b
1 2 4 8 16 32 64 65 67 131 262 393 460 853 b
1 2 4 8 16 32 64 65 67 131 262 393 786 853 b
1 2 4 8 16 32 64 65 67 131 262 524 591 853 b
1 2 4 8 16 32 64 65 67 131 262 524 786 853 b
1 2 4 8 16 32 64 65 67 132 197 394 459 853 b
1 2 4 8 16 32 64 65 67 132 197 394 788 853 b
1 2 4 8 16 32 64 65 68 129 197 394 459 853 a
1 2 4 8 16 32 64 65 68 129 197 394 788 853 a
1 2 4 8 16 32 64 65 68 132 197 394 459 853 a
1 2 4 8 16 32 64 65 68 132 197 394 788 853 a
1 2 4 8 16 32 64 65 68 133 197 394 459 853 a
1 2 4 8 16 32 64 65 68 133 197 394 788 853 a
1 2 4 8 16 32 64 65 69 128 197 394 459 853 a
1 2 4 8 16 32 64 65 69 128 197 394 788 853 a
1 2 4 8 16 32 64 65 69 133 197 394 459 853 b
1 2 4 8 16 32 64 65 69 133 197 394 788 853 b
1 2 4 8 16 32 64 65 73 130 195 390 463 853 a
1 2 4 8 16 32 64 65 73 130 195 390 780 853 a
1 2 4 8 16 32 64 65 73 130 260 333 520 853 a
1 2 4 8 16 32 64 65 73 130 260 333 593 853 a
1 2 4 8 16 32 64 65 73 130 260 390 463 853 a
1 2 4 8 16 32 64 65 73 130 260 390 780 853 a
1 2 4 8 16 32 64 65 73 130 260 520 593 853 a
1 2 4 8 16 32 64 65 73 130 260 520 780 853 a
1 2 4 8 16 32 64 65 80 145 177 354 499 853 a
1 2 4 8 16 32 64 65 80 145 177 354 708 853 a
1 2 4 8 16 32 64 65 80 145 209 354 499 853 a
1 2 4 8 16 32 64 65 80 145 209 354 708 853 a
1 2 4 8 16 32 64 65 80 145 290 354 499 853 a
1 2 4 8 16 32 64 65 80 145 290 354 708 853 a
1 2 4 8 16 32 64 65 81 128 193 386 467 853 a
1 2 4 8 16 32 64 65 81 128 193 386 772 853 a
1 2 4 8 16 32 64 65 81 129 193 386 467 853 a
1 2 4 8 16 32 64 65 81 129 193 386 772 853 a
1 2 4 8 16 32 64 65 81 145 177 354 499 853 b
1 2 4 8 16 32 64 65 81 145 177 354 708 853 b
1 2 4 8 16 32 64 65 81 145 209 354 499 853 b
1 2 4 8 16 32 64 65 81 145 209 354 708 853 b
1 2 4 8 16 32 64 65 81 145 290 354 499 853 b
1 2 4 8 16 32 64 65 81 145 290 354 708 853 b
1 2 4 8 16 32 64 65 96 161 177 338 515 853 a
1 2 4 8 16 32 64 65 96 161 177 338 676 853 a
1 2 4 8 16 32 64 65 97 161 177 338 515 853 b
1 2 4 8 16 32 64 65 97 161 177 338 676 853 b
1 2 4 8 16 32 64 65 128 132 197 394 459 853 a
1 2 4 8 16 32 64 65 128 132 197 394 788 853 a
1 2 4 8 16 32 64 65 128 193 197 394 459 853 a
1 2 4 8 16 32 64 65 128 193 197 394 788 853 a
1 2 4 8 16 32 64 65 128 193 201 394 459 853 a
1 2 4 8 16 32 64 65 128 193 201 394 788 853 a
1 2 4 8 16 32 64 65 128 193 386 394 459 853 a
1 2 4 8 16 32 64 65 128 193 386 394 788 853 a
1 2 4 8 16 32 64 65 128 193 386 402 451 853 a
1 2 4 8 16 32 64 65 128 193 386 402 467 853 a
1 2 4 8 16 32 64 65 128 193 386 402 788 853 a
1 2 4 8 16 32 64 65 128 193 386 451 467 853 a
1 2 4 8 16 32 64 65 128 193 386 451 837 853 a
1 2 4 8 16 32 64 65 128 193 386 772 788 853 a
1 2 4 8 16 32 64 65 128 193 386 772 837 853 a
1 2 4 8 16 32 64 65 129 133 197 394 459 853 b
1 2 4 8 16 32 64 65 129 133 197 394 788 853 b
1 2 4 8 16 32 64 65 129 137 193 330 523 853 a
1 2 4 8 16 32 64 65 129 137 193 330 660 853 a
1 2 4 8 16 32 64 65 129 145 177 354 499 853 b
1 2 4 8 16 32 64 65 129 145 177 354 708 853 b
1 2 4 8 16 32 64 65 129 145 209 354 499 853 b
1 2 4 8 16 32 64 65 129 145 209 354 708 853 b
1 2 4 8 16 32 64 65 129 145 290 354 499 853 b
1 2 4 8 16 32 64 65 129 145 290 354 708 853 b
1 2 4 8 16 32 64 65 129 161 177 338 515 853 b
1 2 4 8 16 32 64 65 129 161 177 338 676 853 b
1 2 4 8 16 32 64 65 129 193 197 394 459 853 b
1 2 4 8 16 32 64 65 129 193 197 394 788 853 b
1 2 4 8 16 32 64 65 129 193 201 330 523 853 b
1 2 4 8 16 32 64 65 129 193 201 330 660 853 b
1 2 4 8 16 32 64 65 129 193 201 394 459 853 b
1 2 4 8 16 32 64 65 129 193 201 394 788 853 b
1 2 4 8 16 32 64 65 129 193 209 322 531 853 a
1 2 4 8 16 32 64 65 129 193 209 322 644 853 a
1 2 4 8 16 32 64 65 129 193 322 330 523 853 b
1 2 4 8 16 32 64 65 129 193 322 330 660 853 b
1 2 4 8 16 32 64 65 129 193 322 338 515 853 a
1 2 4 8 16 32 64 65 129 193 322 338 531 853 b
1 2 4 8 16 32 64 65 129 193 322 338 660 853 b
1 2 4 8 16 32 64 65 129 193 322 515 531 853 b
1 2 4 8 16 32 64 65 129 193 322 515 837 853 b
1 2 4 8 16 32 64 65 129 193 322 644 660 853 b
1 2 4 8 16 32 64 65 129 193 322 644 837 853 b
1 2 4 8 16 32 64 65 129 193 386 394 459 853 b
1 2 4 8 16 32 64 65 129 193 386 394 788 853 b
1 2 4 8 16 32 64 65 129 193 386 402 451 853 a
1 2 4 8 16 32 64 65 129 193 386 402 467 853 b
1 2 4 8 16 32 64 65 129 193 386 402 788 853 b
1 2 4 8 16 32 64 65 129 193 386 451 467 853 b
1 2 4 8 16 32 64 65 129 193 386 451 837 853 b
1 2 4 8 16 32 64 65 129 193 386 772 788 853 b
1 2 4 8 16 32 64 65 129 193 386 772 837 853 b
1 2 4 8 16 32 64 65 130 132 197 394 459 853 b
1 2 4 8 16 32 64 65 130 132 197 394 788 853 b
1 2 4 8 16 32 64 65 130 132 262 394 459 853 b
1 2 4 8 16 32 64 65 130 132 262 394 788 853 b
1 2 4 8 16 32 64 65 130 132 264 394 459 853 b
1 2 4 8 16 32 64 65 130 132 264 394 788 853 b
1 2 4 8 16 32 64 65 130 134 195 329 524 853 a
1 2 4 8 16 32 64 65 130 134 195 329 658 853 a
1 2 4 8 16 32 64 65 130 134 260 394 459 853 a
1 2 4 8 16 32 64 65 130 134 260 394 788 853 a
1 2 4 8 16 32 64 65 130 134 264 394 459 853 b
1 2 4 8 16 32 64 65 130 134 264 394 788 853 b
1 2 4 8 16 32 64 65 130 195 197 394 459 853 b
1 2 4 8 16 32 64 65 130 195 197 394 788 853 b
1 2 4 8 16 32 64 65 130 195 199 329 524 853 b
1 2 4 8 16 32 64 65 130 195 199 329 658 853 b
1 2 4 8 16 32 64 65 130 195 199 394 459 853 b
1 2 4 8 16 32 64 65 130 195 199 394 788 853 b
1 2 4 8 16 32 64 65 130 195 203 325 528 853 a
1 2 4 8 16 32 64 65 130 195 203 325 650 853 a
1 2 4 8 16 32 64 65 130 195 325 329 524 853 b
1 2 4 8 16 32 64 65 130 195 325 329 658 853 b
1 2 4 8 16 32 64 65 130 195 325 333 520 853 a
1 2 4 8 16 32 64 65 130 195 325 333 528 853 b
1 2 4 8 16 32 64 65 130 195 325 333 658 853 b
1 2 4 8 16 32 64 65 130 195 325 520 528 853 b
1 2 4 8 16 32 64 65 130 195 325 520 845 853 b
1 2 4 8 16 32 64 65 130 195 325 650 658 853 b
1 2 4 8 16 32 64 65 130 195 325 650 845 853 b
1 2 4 8 16 32 64 65 130 195 390 394 459 853 b
1 2 4 8 16 32 64 65 130 195 390 394 788 853 b
1 2 4 8 16 32 64 65 130 195 390 398 455 853 a
1 2 4 8 16 32 64 65 130 195 390 398 463 853 b
1 2 4 8 16 32 64 65 130 195 390 398 788 853 b
1 2 4 8 16 32 64 65 130 195 390 455 463 853 b
1 2 4 8 16 32 64 65 130 195 390 455 845 853 b
1 2 4 8 16 32 64 65 130 195 390 780 788 853 b
1 2 4 8 16 32 64 65 130 195 390 780 845 853 b
1 2 4 8 16 32 64 65 130 260 264 325 528 853 a
1 2 4 8 16 32 64 65 130 260 264 325 589 853 a
1 2 4 8 16 32 64 65 130 260 264 329 524 853 a
1 2 4 8 16 32 64 65 130 260 264 329 589 853 b
1 2 4 8 16 32 64 65 130 260 264 329 593 853 b
1 2 4 8 16 32 64 65 130 260 264 394 459 853 b
1 2 4 8 16 32 64 65 130 260 264 394 788 853 b
1 2 4 8 16 32 64 65 130 260 264 524 589 853 b
1 2 4 8 16 32 64 65 130 260 264 524 788 853 b
1 2 4 8 16 32 64 65 130 260 264 528 593 853 b
1 2 4 8 16 32 64 65 130 260 264 528 788 853 b
1 2 4 8 16 32 64 65 130 260 268 325 528 853 a
1 2 4 8 16 32 64 65 130 260 268 325 585 853 a
1 2 4 8 16 32 64 65 130 260 268 325 593 853 a
1 2 4 8 16 32 64 65 130 260 268 333 520 853 a
1 2 4 8 16 32 64 65 130 260 268 333 593 853 b
1 2 4 8 16 32 64 65 130 260 268 520 585 853 a
1 2 4 8 16 32 64 65 130 260 268 520 788 853 a
1 2 4 8 16 32 64 65 130 260 268 528 593 853 b
1 2 4 8 16 32 64 65 130 260 268 528 788 853 b
1 2 4 8 16 32 64 65 130 260 325 333 520 853 a
1 2 4 8 16 32 64 65 130 260 325 333 593 853 b
1 2 4 8 16 32 64 65 130 260 325 520 528 853 a
1 2 4 8 16 32 64 65 130 260 325 520 845 853 a
1 2 4 8 16 32 64 65 130 260 325 585 593 853 b
1 2 4 8 16 32 64 65 130 260 325 585 845 853 b
1 2 4 8 16 32 64 65 130 260 390 394 459 853 b
1 2 4 8 16 32 64 65 130 260 390 394 788 853 b
1 2 4 8 16 32 64 65 130 260 390 398 455 853 a
1 2 4 8 16 32 64 65 130 260 390 398 463 853 b
1 2 4 8 16 32 64 65 130 260 390 398 788 853 b
1 2 4 8 16 32 64 65 130 260 390 455 463 853 b
1 2 4 8 16 32 64 65 130 260 390 455 845 853 b
1 2 4 8 16 32 64 65 130 260 390 780 788 853 b
1 2 4 8 16 32 64 65 130 260 390 780 845 853 b
1 2 4 8 16 32 64 65 130 260 520 528 593 853 b
1 2 4 8 16 32 64 65 130 260 520 528 788 853 b
1 2 4 8 16 32 64 65 130 260 520 585 593 853 b
1 2 4 8 16 32 64 65 130 260 520 585 845 853 b
1 2 4 8 16 32 64 65 130 260 520 780 788 853 b
1 2 4 8 16 32 64 65 130 260 520 780 845 853 b
1 2 4 8 16 32 64 66 67 131 197 328 525 853 b
1 2 4 8 16 32 64 66 67 131 197 328 656 853 b
1 2 4 8 16 32 64 66 67 131 262 329 524 853 a
1 2 4 8 16 32 64 66 67 131 262 329 591 853 b
1 2 4 8 16 32 64 66 67 131 262 393 460 853 b
1 2 4 8 16 32 64 66 67 131 262 393 786 853 b
1 2 4 8 16 32 64 66 67 131 262 524 591 853 b
1 2 4 8 16 32 64 66 67 131 262 524 786 853 b
1 2 4 8 16 32 64 66 98 164 262 426 427 853 b
1 2 4 8 16 32 64 66 98 164 262 426 852 853 b
1 2 4 8 16 32 64 66 98 164 328 426 427 853 b
1 2 4 8 16 32 64 66 98 164 328 426 852 853 b
1 2 4 8 16 32 64 66 130 131 197 328 525 853 b
1 2 4 8 16 32 64 66 130 131 197 328 656 853 b
1 2 4 8 16 32 64 66 132 196 197 328 525 853 a
1 2 4 8 16 32 64 66 132 196 197 328 656 853 a
1 2 4 8 16 32 64 66 132 196 328 329 524 853 a
1 2 4 8 16 32 64 66 132 196 328 329 525 853 b
1 2 4 8 16 32 64 66 132 196 328 329 657 853 b
1 2 4 8 16 32 64 66 132 196 328 524 525 853 b
1 2 4 8 16 32 64 66 132 196 328 524 852 853 b
1 2 4 8 16 32 64 66 132 196 328 656 657 853 b
1 2 4 8 16 32 64 66 132 196 328 656 852 853 b
1 2 4 8 16 32 64 68 69 128 196 392 461 853 a
1 2 4 8 16 32 64 68 69 128 196 392 784 853 a
1 2 4 8 16 32 64 68 69 132 196 392 461 853 a
1 2 4 8 16 32 64 68 69 132 196 392 784 853 a
1 2 4 8 16 32 64 68 128 196 392 393 460 853 a
1 2 4 8 16 32 64 68 128 196 392 393 461 853 a
1 2 4 8 16 32 64 68 128 196 392 393 785 853 a
1 2 4 8 16 32 64 68 128 196 392 460 461 853 a
1 2 4 8 16 32 64 68 128 196 392 460 852 853 a
1 2 4 8 16 32 64 68 128 196 392 784 785 853 a
1 2 4 8 16 32 64 68 128 196 392 784 852 853 a
1 2 4 8 16 32 64 68 132 196 197 328 525 853 a
1 2 4 8 16 32 64 68 132 196 197 328 656 853 a
1 2 4 8 16 32 64 68 132 196 328 329 524 853 a
1 2 4 8 16 32 64 68 132 196 328 329 525 853 b
1 2 4 8 16 32 64 68 132 196 328 329 657 853 b
1 2 4 8 16 32 64 68 132 196 328 524 525 853 b
1 2 4 8 16 32 64 68 132 196 328 524 852 853 b
1 2 4 8 16 32 64 68 132 196 328 656 657 853 b
1 2 4 8 16 32 64 68 132 196 328 656 852 853 b
1 2 4 8 16 32 64 68 132 196 392 393 460 853 a
1 2 4 8 16 32 64 68 132 196 392 393 461 853 b
1 2 4 8 16 32 64 68 132 196 392 393 785 853 b
1 2 4 8 16 32 64 68 132 196 392 460 461 853 b
1 2 4 8 16 32 64 68 132 196 392 460 852 853 b
1 2 4 8 16 32 64 68 132 196 392 784 785 853 b
1 2 4 8 16 32 64 68 132 196 392 784 852 853 b
1 2 4 8 16 32 64 72 73 145 177 354 499 853 b
1 2 4 8 16 32 64 72 73 145 177 354 708 853 b
1 2 4 8 16 32 64 72 73 145 209 354 499 853 b
1 2 4 8 16 32 64 72 73 145 209 354 708 853 b
1 2 4 8 16 32 64 72 73 145 290 354 499 853 b
1 2 4 8 16 32 64 72 73 145 290 354 708 853 b
1 2 4 8 16 32 64 72 144 145 177 354 499 853 b
1 2 4 8 16 32 64 72 144 145 177 354 708 853 b
1 2 4 8 16 32 64 72 144 145 209 354 499 853 b
1 2 4 8 16 32 64 72 144 145 209 354 708 853 b
1 2 4 8 16 32 64 72 144 145 290 354 499 853 b
1 2 4 8 16 32 64 72 144 145 290 354 708 853 b
1 2 4 8 16 32 64 80 81 112 193 386 467 853 a
1 2 4 8 16 32 64 80 81 112 193 386 772 853 a
1 2 4 8 16 32 64 80 81 113 193 386 467 853 b
1 2 4 8 16 32 64 80 81 113 193 386 772 853 b
1 2 4 8 16 32 64 80 81 145 177 354 499 853 b
1 2 4 8 16 32 64 80 81 145 177 354 708 853 b
1 2 4 8 16 32 64 80 81 145 209 354 499 853 b
1 2 4 8 16 32 64 80 81 145 209 354 708 853 b
1 2 4 8 16 32 64 80 81 145 290 354 499 853 b
1 2 4 8 16 32 64 80 81 145 290 354 708 853 b
1 2 4 8 16 32 64 80 81 161 177 338 515 853 b
1 2 4 8 16 32 64 80 81 161 177 338 676 853 b
1 2 4 8 16 32 64 80 81 161 193 386 467 853 b
1 2 4 8 16 32 64 80 81 161 193 386 772 853 b
1 2 4 8 16 32 64 80 81 161 225 386 467 853 b
1 2 4 8 16 32 64 80 81 161 225 386 772 853 b
1 2 4 8 16 32 64 80 81 161 322 386 467 853 b
1 2 4 8 16 32 64 80 81 161 322 386 772 853 b
1 2 4 8 16 32 64 80 144 145 177 354 499 853 b
1 2 4 8 16 32 64 80 144 145 177 354 708 853 b
1 2 4 8 16 32 64 80 144 145 209 354 499 853 b
1 2 4 8 16 32 64 80 144 145 209 354 708 853 b
1 2 4 8 16 32 64 80 144 145 290 354 499 853 b
1 2 4 8 16 32 64 80 144 145 290 354 708 853 b
1 2 4 8 16 32 64 80 160 161 177 338 515 853 b
1 2 4 8 16 32 64 80 160 161 177 338 676 853 b
1 2 4 8 16 32 64 96 97 113 209 322 531 853 b
1 2 4 8 16 32 64 96 97 113 209 322 644 853 b
1 2 4 8 16 32 64 96 97 161 177 338 515 853 b
1 2 4 8 16 32 64 96 97 161 177 338 676 853 b
1 2 4 8 16 32 64 96 112 113 209 322 531 853 b
1 2 4 8 16 32 64 96 112 113 209 322 644 853 b
1 2 4 8 16 32 64 96 160 161 177 338 515 853 b
1 2 4 8 16 32 64 96 160 161 177 338 676 853 b
1 2 4 8 16 32 64 128 129 137 193 330 523 853 a
1 2 4 8 16 32 64 128 129 137 193 330 660 853 a
1 2 4 8 16 32 64 128 129 145 177 354 499 853 b
1 2 4 8 16 32 64 128 129 145 177 354 708 853 b
1 2 4 8 16 32 64 128 129 145 209 354 499 853 b
1 2 4 8 16 32 64 128 129 145 209 354 708 853 b
1 2 4 8 16 32 64 128 129 145 273 290 563 853 a
1 2 4 8 16 32 64 128 129 145 273 290 580 853 a
1 2 4 8 16 32 64 128 129 145 290 354 499 853 b
1 2 4 8 16 32 64 128 129 145 290 354 708 853 b
1 2 4 8 16 32 64 128 129 145 290 418 435 853 a
1 2 4 8 16 32 64 128 129 145 290 418 563 853 b
1 2 4 8 16 32 64 128 129 145 290 418 708 853 b
1 2 4 8 16 32 64 128 129 145 290 435 563 853 b
1 2 4 8 16 32 64 128 129 145 290 435 725 853 b
1 2 4 8 16 32 64 128 129 145 290 580 708 853 b
1 2 4 8 16 32 64 128 129 145 290 580 725 853 b
1 2 4 8 16 32 64 128 129 161 177 338 515 853 b
1 2 4 8 16 32 64 128 129 161 177 338 676 853 b
1 2 4 8 16 32 64 128 129 193 201 330 523 853 b
1 2 4 8 16 32 64 128 129 193 201 330 660 853 b
1 2 4 8 16 32 64 128 129 193 209 322 531 853 a
1 2 4 8 16 32 64 128 129 193 209 322 644 853 a
1 2 4 8 16 32 64 128 129 193 322 330 523 853 b
1 2 4 8 16 32 64 128 129 193 322 330 660 853 b
1 2 4 8 16 32 64 128 129 193 322 338 515 853 a
1 2 4 8 16 32 64 128 129 193 322 338 531 853 b
1 2 4 8 16 32 64 128 129 193 322 338 660 853 b
1 2 4 8 16 32 64 128 129 193 322 515 531 853 b
1 2 4 8 16 32 64 128 129 193 322 515 837 853 b
1 2 4 8 16 32 64 128 129 193 322 644 660 853 b
1 2 4 8 16 32 64 128 129 193 322 644 837 853 b
1 2 4 8 16 32 64 128 132 196 197 328 525 853 a
1 2 4 8 16 32 64 128 132 196 197 328 656 853 a
1 2 4 8 16 32 64 128 132 196 328 329 524 853 a
1 2 4 8 16 32 64 128 132 196 328 329 525 853 b
1 2 4 8 16 32 64 128 132 196 328 329 657 853 b
1 2 4 8 16 32 64 128 132 196 328 524 525 853 b
1 2 4 8 16 32 64 128 132 196 328 524 852 853 b
1 2 4 8 16 32 64 128 132 196 328 656 657 853 b
1 2 4 8 16 32 64 128 132 196 328 656 852 853 b
1 2 4 8 16 32 64 128 144 145 177 354 499 853 b
1 2 4 8 16 32 64 128 144 145 177 354 708 853 b
1 2 4 8 16 32 64 128 144 145 209 354 499 853 b
1 2 4 8 16 32 64 128 144 145 209 354 708 853 b
1 2 4 8 16 32 64 128 144 145 273 290 563 853 a
1 2 4 8 16 32 64 128 144 145 273 290 580 853 a
1 2 4 8 16 32 64 128 144 145 290 354 499 853 b
1 2 4 8 16 32 64 128 144 145 290 354 708 853 b
1 2 4 8 16 32 64 128 144 145 290 418 435 853 a
1 2 4 8 16 32 64 128 144 145 290 418 563 853 b
1 2 4 8 16 32 64 128 144 145 290 418 708 853 b
1 2 4 8 16 32 64 128 144 145 290 435 563 853 b
1 2 4 8 16 32 64 128 144 145 290 435 725 853 b
1 2 4 8 16 32 64 128 144 145 290 580 708 853 b
1 2 4 8 16 32 64 128 144 145 290 580 725 853 b
1 2 4 8 16 32 64 128 160 161 177 338 515 853 b
1 2 4 8 16 32 64 128 160 161 177 338 676 853 b
