1 2 3 5 10 13 23 46 69 115 230 460 529 989 b
1 2 3 5 10 13 23 46 69 115 230 460 920 989 b
1 2 3 5 10 13 23 46 92 184 207 391 598 989 b
1 2 3 5 10 13 23 46 92 184 207 391 782 989 b
1 2 3 5 10 15 30 60 63 123 246 492 497 989 b
1 2 3 5 10 15 30 60 63 123 246 492 984 989 b
1 2 3 5 10 15 30 60 120 123 246 492 497 989 b
1 2 3 5 10 15 30 60 120 123 246 492 984 989 b
1 2 3 5 10 20 21 41 82 123 246 492 497 989 b
1 2 3 5 10 20 21 41 82 123 246 492 984 989 b
1 2 3 5 10 20 21 41 82 164 246 492 497 989 b
1 2 3 5 10 20 21 41 82 164 246 492 984 989 b
1 2 3 5 10 20 21 41 82 164 328 333 656 989 a
1 2 3 5 10 20 21 41 82 164 328 333 661 989 b
1 2 3 5 10 20 21 41 82 164 328 492 497 989 b
1 2 3 5 10 20 21 41 82 164 328 492 984 989 b
1 2 3 5 10 20 21 41 82 164 328 656 661 989 b
1 2 3 5 10 20 21 41 82 164 328 656 984 989 b
1 2 3 5 10 20 23 43 86 129 215 430 559 989 b
1 2 3 5 10 20 23 43 86 129 215 430 860 989 b
1 2 3 5 10 20 23 43 86 172 215 387 602 989 b
1 2 3 5 10 20 23 43 86 172 215 387 774 989 b
1 2 3 5 10 20 23 46 69 115 230 460 529 989 b
1 2 3 5 10 20 23 46 69 115 230 460 920 989 b
1 2 3 5 10 20 23 46 92 184 207 391 598 989 b
1 2 3 5 10 20 23 46 92 184 207 391 782 989 b
1 2 3 5 10 20 30 60 63 123 246 492 497 989 b
1 2 3 5 10 20 30 60 63 123 246 492 984 989 b
1 2 3 5 10 20 30 60 120 123 246 492 497 989 b
1 2 3 5 10 20 30 60 120 123 246 492 984 989 b
1 2 3 5 10 20 40 41 82 123 246 492 497 989 b
1 2 3 5 10 20 40 41 82 123 246 492 984 989 b
1 2 3 5 10 20 40 41 82 164 246 492 497 989 b
1 2 3 5 10 20 40 41 82 164 246 492 984 989 b
1 2 3 5 10 20 40 41 82 164 328 333 656 989 a
1 2 3 5 10 20 40 41 82 164 328 333 661 989 b
1 2 3 5 10 20 40 41 82 164 328 492 497 989 b
1 2 3 5 10 20 40 41 82 164 328 492 984 989 b
1 2 3 5 10 20 40 41 82 164 328 656 661 989 b
1 2 3 5 10 20 40 41 82 164 328 656 984 989 b
1 2 3 5 10 20 40 42 82 164 246 492 497 989 b
1 2 3 5 10 20 40 42 82 164 246 492 984 989 b
1 2 3 5 10 20 40 42 82 164 328 333 656 989 a
1 2 3 5 10 20 40 42 82 164 328 333 661 989 b
1 2 3 5 10 20 40 42 82 164 328 492 497 989 b
1 2 3 5 10 20 40 42 82 164 328 492 984 989 b
1 2 3 5 10 20 40 42 82 164 328 656 661 989 b
1 2 3 5 10 20 40 42 82 164 328 656 984 989 b
1 2 3 5 10 20 40 43 80 123 246 492 497 989 a
1 2 3 5 10 20 40 43 80 123 246 492 984 989 a
1 2 3 5 10 20 40 43 83 123 246 492 497 989 b
1 2 3 5 10 20 40 43 83 123 246 492 984 989 b
1 2 3 5 10 20 40 43 86 129 215 430 559 989 b
1 2 3 5 10 20 40 43 86 129 215 430 860 989 b
1 2 3 5 10 20 40 43 86 172 215 387 602 989 b
1 2 3 5 10 20 40 43 86 172 215 387 774 989 b
1 2 3 5 10 20 40 60 63 123 246 492 497 989 b
1 2 3 5 10 20 40 60 63 123 246 492 984 989 b
1 2 3 5 10 20 40 60 120 123 246 492 497 989 b
1 2 3 5 10 20 40 60 120 123 246 492 984 989 b
1 2 3 5 10 20 40 80 82 164 246 492 497 989 b
1 2 3 5 10 20 40 80 82 164 246 492 984 989 b
1 2 3 5 10 20 40 80 82 164 328 333 656 989 a
1 2 3 5 10 20 40 80 82 164 328 333 661 989 b
1 2 3 5 10 20 40 80 82 164 328 492 497 989 b
1 2 3 5 10 20 40 80 82 164 328 492 984 989 b
1 2 3 5 10 20 40 80 82 164 328 656 661 989 b
1 2 3 5 10 20 40 80 82 164 328 656 984 989 b
1 2 3 5 10 20 40 80 83 123 246 492 497 989 b
1 2 3 5 10 20 40 80 83 123 246 492 984 989 b
1 2 3 5 10 20 40 80 83 163 246 492 497 989 b
1 2 3 5 10 20 40 80 83 163 246 492 984 989 b
1 2 3 5 10 20 40 80 83 166 246 492 497 989 b
1 2 3 5 10 20 40 80 83 166 246 492 984 989 b
1 2 3 5 10 20 40 80 120 123 246 492 497 989 b
1 2 3 5 10 20 40 80 120 123 246 492 984 989 b
1 2 3 5 10 20 40 80 160 163 323 333 656 989 b
1 2 3 5 10 20 40 80 160 163 323 333 666 989 b
1 2 3 5 10 20 40 80 160 163 323 343 646 989 a
1 2 3 5 10 20 40 80 160 163 323 343 666 989 b
1 2 3 5 10 20 40 80 160 163 323 646 666 989 b
1 2 3 5 10 20 40 80 160 163 323 646 969 989 b
1 2 3 5 10 20 40 80 160 320 323 333 656 989 b
1 2 3 5 10 20 40 80 160 320 323 333 666 989 b
1 2 3 5 10 20 40 80 160 320 323 343 646 989 a
1 2 3 5 10 20 40 80 160 320 323 343 666 989 b
1 2 3 5 10 20 40 80 160 320 323 646 666 989 b
1 2 3 5 10 20 40 80 160 320 323 646 969 989 b
1 2 3 6 12 13 24 37 61 122 244 488 501 989 a
1 2 3 6 12 13 24 37 61 122 244 488 976 989 a
1 2 3 6 12 13 24 48 61 122 244 488 501 989 a
1 2 3 6 12 13 24 48 61 122 244 488 976 989 a
1 2 3 6 12 24 25 48 96 121 217 434 555 989 a
1 2 3 6 12 24 25 48 96 121 217 434 868 989 a
1 2 3 6 12 24 25 49 98 196 199 395 594 989 b
1 2 3 6 12 24 25 49 98 196 199 395 790 989 b
1 2 3 6 12 24 48 49 98 196 199 395 594 989 b
1 2 3 6 12 24 48 49 98 196 199 395 790 989 b
1 2 3 6 12 24 48 50 98 196 199 395 594 989 b
1 2 3 6 12 24 48 50 98 196 199 395 790 989 b
1 2 3 6 12 24 48 96 97 121 217 434 555 989 b
1 2 3 6 12 24 48 96 97 121 217 434 868 989 b
1 2 3 6 12 24 48 96 97 193 199 398 591 989 b
1 2 3 6 12 24 48 96 97 193 199 398 796 989 b
1 2 3 6 12 24 48 96 97 193 205 398 591 989 b
1 2 3 6 12 24 48 96 97 193 205 398 796 989 b
1 2 3 6 12 24 48 96 97 193 217 386 603 989 a
1 2 3 6 12 24 48 96 97 193 217 386 772 989 a
1 2 3 6 12 24 48 96 97 193 386 398 591 989 b
1 2 3 6 12 24 48 96 97 193 386 398 796 989 b
1 2 3 6 12 24 48 96 97 193 386 410 579 989 a
1 2 3 6 12 24 48 96 97 193 386 410 603 989 b
1 2 3 6 12 24 48 96 97 193 386 410 796 989 b
1 2 3 6 12 24 48 96 97 193 386 579 603 989 b
1 2 3 6 12 24 48 96 97 193 386 579 965 989 b
1 2 3 6 12 24 48 96 97 193 386 772 796 989 b
1 2 3 6 12 24 48 96 97 193 386 772 965 989 b
1 2 3 6 12 24 48 96 98 196 199 395 594 989 b
1 2 3 6 12 24 48 96 98 196 199 395 790 989 b
1 2 3 6 12 24 48 96 120 121 217 434 555 989 b
1 2 3 6 12 24 48 96 120 121 217 434 868 989 b
1 2 3 6 12 24 48 96 192 193 199 398 591 989 b
1 2 3 6 12 24 48 96 192 193 199 398 796 989 b
1 2 3 6 12 24 48 96 192 193 205 398 591 989 b
1 2 3 6 12 24 48 96 192 193 205 398 796 989 b
1 2 3 6 12 24 48 96 192 193 217 386 603 989 a
1 2 3 6 12 24 48 96 192 193 217 386 772 989 a
1 2 3 6 12 24 48 96 192 193 386 398 591 989 b
1 2 3 6 12 24 48 96 192 193 386 398 796 989 b
1 2 3 6 12 24 48 96 192 193 386 410 579 989 a
1 2 3 6 12 24 48 96 192 193 386 410 603 989 b
1 2 3 6 12 24 48 96 192 193 386 410 796 989 b
1 2 3 6 12 24 48 96 192 193 386 579 603 989 b
1 2 3 6 12 24 48 96 192 193 386 579 965 989 b
1 2 3 6 12 24 48 96 192 193 386 772 796 989 b
1 2 3 6 12 24 48 96 192 193 386 772 965 989 b
1 2 4 5 9 13 26 35 61 122 244 488 501 989 b
1 2 4 5 9 13 26 35 61 122 244 488 976 989 b
1 2 4 5 9 13 26 52 61 122 244 488 501 989 b
1 2 4 5 9 13 26 52 61 122 244 488 976 989 b
1 2 4 5 9 14 23 46 69 115 230 460 529 989 b
1 2 4 5 9 14 23 46 69 115 230 460 920 989 b
1 2 4 5 9 14 23 46 92 184 207 391 598 989 b
1 2 4 5 9 14 23 46 92 184 207 391 782 989 b
1 2 4 5 9 18 23 41 82 123 246 492 497 989 b
1 2 4 5 9 18 23 41 82 123 246 492 984 989 b
1 2 4 5 9 18 23 41 82 164 246 492 497 989 b
1 2 4 5 9 18 23 41 82 164 246 492 984 989 b
1 2 4 5 9 18 23 41 82 164 328 333 656 989 a
1 2 4 5 9 18 23 41 82 164 328 333 661 989 b
1 2 4 5 9 18 23 41 82 164 328 492 497 989 b
1 2 4 5 9 18 23 41 82 164 328 492 984 989 b
1 2 4 5 9 18 23 41 82 164 328 656 661 989 b
1 2 4 5 9 18 23 41 82 164 328 656 984 989 b
1 2 4 5 9 18 23 46 69 115 230 460 529 989 b
1 2 4 5 9 18 23 46 69 115 230 460 920 989 b
1 2 4 5 9 18 23 46 92 184 207 391 598 989 b
1 2 4 5 9 18 23 46 92 184 207 391 782 989 b
1 2 4 5 9 18 36 41 82 123 246 492 497 989 b
1 2 4 5 9 18 36 41 82 123 246 492 984 989 b
1 2 4 5 9 18 36 41 82 164 246 492 497 989 b
1 2 4 5 9 18 36 41 82 164 246 492 984 989 b
1 2 4 5 9 18 36 41 82 164 328 333 656 989 a
1 2 4 5 9 18 36 41 82 164 328 333 661 989 b
1 2 4 5 9 18 36 41 82 164 328 492 497 989 b
1 2 4 5 9 18 36 41 82 164 328 492 984 989 b
1 2 4 5 9 18 36 41 82 164 328 656 661 989 b
1 2 4 5 9 18 36 41 82 164 328 656 984 989 b
1 2 4 5 10 20 21 41 82 123 246 492 497 989 b
1 2 4 5 10 20 21 41 82 123 246 492 984 989 b
1 2 4 5 10 20 21 41 82 164 246 492 497 989 b
1 2 4 5 10 20 21 41 82 164 246 492 984 989 b
1 2 4 5 10 20 21 41 82 164 328 333 656 989 a
1 2 4 5 10 20 21 41 82 164 328 333 661 989 b
1 2 4 5 10 20 21 41 82 164 328 492 497 989 b
1 2 4 5 10 20 21 41 82 164 328 492 984 989 b
1 2 4 5 10 20 21 41 82 164 328 656 661 989 b
1 2 4 5 10 20 21 41 82 164 328 656 984 989 b
1 2 4 5 10 20 40 41 82 123 246 492 497 989 b
1 2 4 5 10 20 40 41 82 123 246 492 984 989 b
1 2 4 5 10 20 40 41 82 164 246 492 497 989 b
1 2 4 5 10 20 40 41 82 164 246 492 984 989 b
1 2 4 5 10 20 40 41 82 164 328 333 656 989 a
1 2 4 5 10 20 40 41 82 164 328 333 661 989 b
1 2 4 5 10 20 40 41 82 164 328 492 497 989 b
1 2 4 5 10 20 40 41 82 164 328 492 984 989 b
1 2 4 5 10 20 40 41 82 164 328 656 661 989 b
1 2 4 5 10 20 40 41 82 164 328 656 984 989 b
1 2 4 5 10 20 40 42 82 164 246 492 497 989 b
1 2 4 5 10 20 40 42 82 164 246 492 984 989 b
1 2 4 5 10 20 40 42 82 164 328 333 656 989 a
1 2 4 5 10 20 40 42 82 164 328 333 661 989 b
1 2 4 5 10 20 40 42 82 164 328 492 497 989 b
1 2 4 5 10 20 40 42 82 164 328 492 984 989 b
1 2 4 5 10 20 40 42 82 164 328 656 661 989 b
1 2 4 5 10 20 40 42 82 164 328 656 984 989 b
1 2 4 5 10 20 40 80 82 164 246 492 497 989 b
1 2 4 5 10 20 40 80 82 164 246 492 984 989 b
1 2 4 5 10 20 40 80 82 164 328 333 656 989 a
1 2 4 5 10 20 40 80 82 164 328 333 661 989 b
1 2 4 5 10 20 40 80 82 164 328 492 497 989 b
1 2 4 5 10 20 40 80 82 164 328 492 984 989 b
1 2 4 5 10 20 40 80 82 164 328 656 661 989 b
1 2 4 5 10 20 40 80 82 164 328 656 984 989 b
1 2 4 5 10 20 40 80 84 164 328 333 656 989 a
1 2 4 5 10 20 40 80 84 164 328 333 661 989 b
1 2 4 5 10 20 40 80 84 164 328 492 497 989 b
1 2 4 5 10 20 40 80 84 164 328 492 984 989 b
1 2 4 5 10 20 40 80 84 164 328 656 661 989 b
1 2 4 5 10 20 40 80 84 164 328 656 984 989 b
1 2 4 5 10 20 40 80 160 164 328 333 656 989 a
1 2 4 5 10 20 40 80 160 164 328 333 661 989 b
1 2 4 5 10 20 40 80 160 164 328 492 497 989 b
1 2 4 5 10 20 40 80 160 164 328 492 984 989 b
1 2 4 5 10 20 40 80 160 164 328 656 661 989 b
1 2 4 5 10 20 40 80 160 164 328 656 984 989 b
1 2 4 6 12 13 24 37 61 122 244 488 501 989 a
1 2 4 6 12 13 24 37 61 122 244 488 976 989 a
1 2 4 6 12 13 24 48 61 122 244 488 501 989 a
1 2 4 6 12 13 24 48 61 122 244 488 976 989 a
1 2 4 6 12 24 25 48 96 121 217 434 555 989 a
1 2 4 6 12 24 25 48 96 121 217 434 868 989 a
1 2 4 6 12 24 48 96 97 121 217 434 555 989 b
1 2 4 6 12 24 48 96 97 121 217 434 868 989 b
1 2 4 6 12 24 48 96 97 193 199 398 591 989 b
1 2 4 6 12 24 48 96 97 193 199 398 796 989 b
1 2 4 6 12 24 48 96 97 193 205 398 591 989 b
1 2 4 6 12 24 48 96 97 193 205 398 796 989 b
1 2 4 6 12 24 48 96 97 193 217 386 603 989 a
1 2 4 6 12 24 48 96 97 193 217 386 772 989 a
1 2 4 6 12 24 48 96 97 193 386 398 591 989 b
1 2 4 6 12 24 48 96 97 193 386 398 796 989 b
1 2 4 6 12 24 48 96 97 193 386 410 579 989 a
1 2 4 6 12 24 48 96 97 193 386 410 603 989 b
1 2 4 6 12 24 48 96 97 193 386 410 796 989 b
1 2 4 6 12 24 48 96 97 193 386 579 603 989 b
1 2 4 6 12 24 48 96 97 193 386 579 965 989 b
1 2 4 6 12 24 48 96 97 193 386 772 796 989 b
1 2 4 6 12 24 48 96 97 193 386 772 965 989 b
1 2 4 6 12 24 48 96 120 121 217 434 555 989 b
1 2 4 6 12 24 48 96 120 121 217 434 868 989 b
1 2 4 6 12 24 48 96 192 193 199 398 591 989 b
1 2 4 6 12 24 48 96 192 193 199 398 796 989 b
1 2 4 6 12 24 48 96 192 193 205 398 591 989 b
1 2 4 6 12 24 48 96 192 193 205 398 796 989 b
1 2 4 6 12 24 48 96 192 193 217 386 603 989 a
1 2 4 6 12 24 48 96 192 193 217 386 772 989 a
1 2 4 6 12 24 48 96 192 193 386 398 591 989 b
1 2 4 6 12 24 48 96 192 193 386 398 796 989 b
1 2 4 6 12 24 48 96 192 193 386 410 579 989 a
1 2 4 6 12 24 48 96 192 193 386 410 603 989 b
1 2 4 6 12 24 48 96 192 193 386 410 796 989 b
1 2 4 6 12 24 48 96 192 193 386 579 603 989 b
1 2 4 6 12 24 48 96 192 193 386 579 965 989 b
1 2 4 6 12 24 48 96 192 193 386 772 796 989 b
1 2 4 6 12 24 48 96 192 193 386 772 965 989 b
1 2 4 8 9 13 26 35 61 122 244 488 501 989 b
1 2 4 8 9 13 26 35 61 122 244 488 976 989 b
1 2 4 8 9 13 26 52 61 122 244 488 501 989 b
1 2 4 8 9 13 26 52 61 122 244 488 976 989 b
1 2 4 8 9 17 26 43 86 129 215 430 559 989 b
1 2 4 8 9 17 26 43 86 129 215 430 860 989 b
1 2 4 8 9 17 26 43 86 172 215 387 602 989 b
1 2 4 8 9 17 26 43 86 172 215 387 774 989 b
1 2 4 8 9 17 34 43 86 129 215 430 559 989 b
1 2 4 8 9 17 34 43 86 129 215 430 860 989 b
1 2 4 8 9 17 34 43 86 172 215 387 602 989 b
1 2 4 8 9 17 34 43 86 172 215 387 774 989 b
1 2 4 8 12 13 24 37 61 122 244 488 501 989 a
1 2 4 8 12 13 24 37 61 122 244 488 976 989 a
1 2 4 8 12 13 24 48 61 122 244 488 501 989 a
1 2 4 8 12 13 24 48 61 122 244 488 976 989 a
1 2 4 8 12 24 25 48 96 121 217 434 555 989 a
1 2 4 8 12 24 25 48 96 121 217 434 868 989 a
1 2 4 8 12 24 48 96 97 121 217 434 555 989 b
1 2 4 8 12 24 48 96 97 121 217 434 868 989 b
1 2 4 8 12 24 48 96 97 193 201 394 595 989 b
1 2 4 8 12 24 48 96 97 193 201 394 788 989 b
1 2 4 8 12 24 48 96 97 193 205 398 591 989 b
1 2 4 8 12 24 48 96 97 193 205 398 796 989 b
1 2 4 8 12 24 48 96 97 193 217 386 603 989 a
1 2 4 8 12 24 48 96 97 193 217 386 772 989 a
1 2 4 8 12 24 48 96 97 193 386 398 591 989 b
1 2 4 8 12 24 48 96 97 193 386 398 796 989 b
1 2 4 8 12 24 48 96 97 193 386 410 579 989 a
1 2 4 8 12 24 48 96 97 193 386 410 603 989 b
1 2 4 8 12 24 48 96 97 193 386 410 796 989 b
1 2 4 8 12 24 48 96 97 193 386 579 603 989 b
1 2 4 8 12 24 48 96 97 193 386 579 965 989 b
1 2 4 8 12 24 48 96 97 193 386 772 796 989 b
1 2 4 8 12 24 48 96 97 193 386 772 965 989 b
1 2 4 8 12 24 48 96 120 121 217 434 555 989 b
1 2 4 8 12 24 48 96 120 121 217 434 868 989 b
1 2 4 8 12 24 48 96 192 193 201 394 595 989 b
1 2 4 8 12 24 48 96 192 193 201 394 788 989 b
1 2 4 8 12 24 48 96 192 193 205 398 591 989 b
1 2 4 8 12 24 48 96 192 193 205 398 796 989 b
1 2 4 8 12 24 48 96 192 193 217 386 603 989 a
1 2 4 8 12 24 48 96 192 193 217 386 772 989 a
1 2 4 8 12 24 48 96 192 193 386 398 591 989 b
1 2 4 8 12 24 48 96 192 193 386 398 796 989 b
1 2 4 8 12 24 48 96 192 193 386 410 579 989 a
1 2 4 8 12 24 48 96 192 193 386 410 603 989 b
1 2 4 8 12 24 48 96 192 193 386 410 796 989 b
1 2 4 8 12 24 48 96 192 193 386 579 603 989 b
1 2 4 8 12 24 48 96 192 193 386 579 965 989 b
1 2 4 8 12 24 48 96 192 193 386 772 796 989 b
1 2 4 8 12 24 48 96 192 193 386 772 965 989 b
1 2 4 8 16 17 32 49 81 162 243 486 503 989 a
1 2 4 8 16 17 32 49 81 162 243 486 972 989 a
1 2 4 8 16 17 32 49 81 162 324 341 648 989 a
1 2 4 8 16 17 32 49 81 162 324 341 665 989 a
1 2 4 8 16 17 32 49 81 162 324 486 503 989 a
1 2 4 8 16 17 32 49 81 162 324 486 972 989 a
1 2 4 8 16 17 32 49 81 162 324 648 665 989 a
1 2 4 8 16 17 32 49 81 162 324 648 972 989 a
1 2 4 8 16 17 32 64 81 162 243 486 503 989 a
1 2 4 8 16 17 32 64 81 162 243 486 972 989 a
1 2 4 8 16 17 32 64 81 162 324 341 648 989 a
1 2 4 8 16 17 32 64 81 162 324 341 665 989 a
1 2 4 8 16 17 32 64 81 162 324 486 503 989 a
1 2 4 8 16 17 32 64 81 162 324 486 972 989 a
1 2 4 8 16 17 32 64 81 162 324 648 665 989 a
1 2 4 8 16 17 32 64 81 162 324 648 972 989 a
1 2 4 8 16 24 25 48 96 121 217 434 555 989 a
1 2 4 8 16 24 25 48 96 121 217 434 868 989 a
1 2 4 8 16 24 48 96 97 121 217 434 555 989 b
1 2 4 8 16 24 48 96 97 121 217 434 868 989 b
1 2 4 8 16 24 48 96 97 193 201 394 595 989 b
1 2 4 8 16 24 48 96 97 193 201 394 788 989 b
1 2 4 8 16 24 48 96 97 193 217 386 603 989 a
1 2 4 8 16 24 48 96 97 193 217 386 772 989 a
1 2 4 8 16 24 48 96 97 193 386 410 579 989 a
1 2 4 8 16 24 48 96 97 193 386 410 603 989 b
1 2 4 8 16 24 48 96 97 193 386 410 796 989 b
1 2 4 8 16 24 48 96 97 193 386 579 603 989 b
1 2 4 8 16 24 48 96 97 193 386 579 965 989 b
1 2 4 8 16 24 48 96 97 193 386 772 796 989 b
1 2 4 8 16 24 48 96 97 193 386 772 965 989 b
1 2 4 8 16 24 48 96 120 121 217 434 555 989 b
1 2 4 8 16 24 48 96 120 121 217 434 868 989 b
1 2 4 8 16 24 48 96 192 193 201 394 595 989 b
1 2 4 8 16 24 48 96 192 193 201 394 788 989 b
1 2 4 8 16 24 48 96 192 193 217 386 603 989 a
1 2 4 8 16 24 48 96 192 193 217 386 772 989 a
1 2 4 8 16 24 48 96 192 193 386 410 579 989 a
1 2 4 8 16 24 48 96 192 193 386 410 603 989 b
1 2 4 8 16 24 48 96 192 193 386 410 796 989 b
1 2 4 8 16 24 48 96 192 193 386 579 603 989 b
1 2 4 8 16 24 48 96 192 193 386 579 965 989 b
1 2 4 8 16 24 48 96 192 193 386 772 796 989 b
1 2 4 8 16 24 48 96 192 193 386 772 965 989 b
1 2 4 8 16 32 33 65 81 146 227 454 535 989 b
1 2 4 8 16 32 33 65 81 146 227 454 908 989 b
1 2 4 8 16 32 33 65 81 162 227 454 535 989 b
1 2 4 8 16 32 33 65 81 162 227 454 908 989 b
1 2 4 8 16 32 48 96 97 193 201 394 595 989 b
1 2 4 8 16 32 48 96 97 193 201 394 788 989 b
1 2 4 8 16 32 48 96 192 193 201 394 595 989 b
1 2 4 8 16 32 48 96 192 193 201 394 788 989 b
1 2 4 8 16 32 64 65 81 146 227 454 535 989 b
1 2 4 8 16 32 64 65 81 146 227 454 908 989 b
1 2 4 8 16 32 64 65 81 162 227 454 535 989 b
1 2 4 8 16 32 64 65 81 162 227 454 908 989 b
1 2 4 8 16 32 64 65 128 193 201 394 595 989 a
1 2 4 8 16 32 64 65 128 193 201 394 788 989 a
1 2 4 8 16 32 64 65 129 193 201 394 595 989 b
1 2 4 8 16 32 64 65 129 193 201 394 788 989 b
1 2 4 8 16 32 64 96 97 193 201 394 595 989 b
1 2 4 8 16 32 64 96 97 193 201 394 788 989 b
1 2 4 8 16 32 64 96 192 193 201 394 595 989 b
1 2 4 8 16 32 64 96 192 193 201 394 788 989 b
1 2 4 8 16 32 64 128 129 193 201 394 595 989 b
1 2 4 8 16 32 64 128 129 193 201 394 788 989 b
1 2 4 8 16 32 64 128 192 193 201 394 595 989 b
1 2 4 8 16 32 64 128 192 193 201 394 788 989 b
