1 2 3 4 7 14 28 56 57 112 224 448 505 953 a
1 2 3 4 7 14 28 56 57 112 224 448 896 953 a
1 2 3 4 7 14 28 56 63 119 238 476 477 953 b
1 2 3 4 7 14 28 56 63 119 238 476 952 953 b
1 2 3 4 7 14 28 56 112 119 238 476 477 953 b
1 2 3 4 7 14 28 56 112 119 238 476 952 953 b
1 2 3 4 7 14 28 56 112 126 238 476 477 953 b
1 2 3 4 7 14 28 56 112 126 238 476 952 953 b
1 2 3 4 7 14 28 56 112 224 238 476 477 953 b
1 2 3 4 7 14 28 56 112 224 238 476 952 953 b
1 2 3 4 7 14 28 56 112 224 252 476 477 953 b
1 2 3 4 7 14 28 56 112 224 252 476 952 953 b
1 2 3 4 7 14 28 56 112 224 448 449 504 953 a
1 2 3 4 7 14 28 56 112 224 448 449 505 953 b
1 2 3 4 7 14 28 56 112 224 448 449 897 953 b
1 2 3 4 7 14 28 56 112 224 448 476 477 953 b
1 2 3 4 7 14 28 56 112 224 448 476 952 953 b
1 2 3 4 7 14 28 56 112 224 448 504 505 953 b
1 2 3 4 7 14 28 56 112 224 448 504 952 953 b
1 2 3 4 7 14 28 56 112 224 448 896 897 953 b
1 2 3 4 7 14 28 56 112 224 448 896 952 953 b
1 2 3 5 7 14 28 56 57 112 224 448 505 953 a
1 2 3 5 7 14 28 56 57 112 224 448 896 953 a
1 2 3 5 7 14 28 56 63 119 238 476 477 953 b
1 2 3 5 7 14 28 56 63 119 238 476 952 953 b
1 2 3 5 7 14 28 56 112 119 238 476 477 953 b
1 2 3 5 7 14 28 56 112 119 238 476 952 953 b
1 2 3 5 7 14 28 56 112 126 238 476 477 953 b
1 2 3 5 7 14 28 56 112 126 238 476 952 953 b
1 2 3 5 7 14 28 56 112 224 238 476 477 953 b
1 2 3 5 7 14 28 56 112 224 238 476 952 953 b
1 2 3 5 7 14 28 56 112 224 252 476 477 953 b
1 2 3 5 7 14 28 56 112 224 252 476 952 953 b
1 2 3 5 7 14 28 56 112 224 448 449 504 953 a
1 2 3 5 7 14 28 56 112 224 448 449 505 953 b
1 2 3 5 7 14 28 56 112 224 448 449 897 953 b
1 2 3 5 7 14 28 56 112 224 448 476 477 953 b
1 2 3 5 7 14 28 56 112 224 448 476 952 953 b
1 2 3 5 7 14 28 56 112 224 448 504 505 953 b
1 2 3 5 7 14 28 56 112 224 448 504 952 953 b
1 2 3 5 7 14 28 56 112 224 448 896 897 953 b
1 2 3 5 7 14 28 56 112 224 448 896 952 953 b
1 2 3 6 7 14 28 56 57 112 224 448 505 953 a
1 2 3 6 7 14 28 56 57 112 224 448 896 953 a
1 2 3 6 7 14 28 56 63 119 238 476 477 953 b
1 2 3 6 7 14 28 56 63 119 238 476 952 953 b
1 2 3 6 7 14 28 56 112 119 238 476 477 953 b
1 2 3 6 7 14 28 56 112 119 238 476 952 953 b
1 2 3 6 7 14 28 56 112 126 238 476 477 953 b
1 2 3 6 7 14 28 56 112 126 238 476 952 953 b
1 2 3 6 7 14 28 56 112 224 238 476 477 953 b
1 2 3 6 7 14 28 56 112 224 238 476 952 953 b
1 2 3 6 7 14 28 56 112 224 252 476 477 953 b
1 2 3 6 7 14 28 56 112 224 252 476 952 953 b
1 2 3 6 7 14 28 56 112 224 448 449 504 953 a
1 2 3 6 7 14 28 56 112 224 448 449 505 953 b
1 2 3 6 7 14 28 56 112 224 448 449 897 953 b
1 2 3 6 7 14 28 56 112 224 448 476 477 953 b
1 2 3 6 7 14 28 56 112 224 448 476 952 953 b
1 2 3 6 7 14 28 56 112 224 448 504 505 953 b
1 2 3 6 7 14 28 56 112 224 448 504 952 953 b
1 2 3 6 7 14 28 56 112 224 448 896 897 953 b
1 2 3 6 7 14 28 56 112 224 448 896 952 953 b
1 2 3 6 8 14 28 56 57 112 224 448 505 953 a
1 2 3 6 8 14 28 56 57 112 224 448 896 953 a
1 2 3 6 8 14 28 56 112 126 238 476 477 953 b
1 2 3 6 8 14 28 56 112 126 238 476 952 953 b
1 2 3 6 8 14 28 56 112 224 238 476 477 953 b
1 2 3 6 8 14 28 56 112 224 238 476 952 953 b
1 2 3 6 8 14 28 56 112 224 252 476 477 953 b
1 2 3 6 8 14 28 56 112 224 252 476 952 953 b
1 2 3 6 8 14 28 56 112 224 448 449 504 953 a
1 2 3 6 8 14 28 56 112 224 448 449 505 953 b
1 2 3 6 8 14 28 56 112 224 448 449 897 953 b
1 2 3 6 8 14 28 56 112 224 448 476 477 953 b
1 2 3 6 8 14 28 56 112 224 448 476 952 953 b
1 2 3 6 8 14 28 56 112 224 448 504 505 953 b
1 2 3 6 8 14 28 56 112 224 448 504 952 953 b
1 2 3 6 8 14 28 56 112 224 448 896 897 953 b
1 2 3 6 8 14 28 56 112 224 448 896 952 953 b
1 2 3 6 9 18 36 37 73 110 220 440 513 953 b
1 2 3 6 9 18 36 37 73 110 220 440 880 953 b
1 2 3 6 12 14 28 56 57 112 224 448 505 953 a
1 2 3 6 12 14 28 56 57 112 224 448 896 953 a
1 2 3 6 12 14 28 56 112 126 238 476 477 953 b
1 2 3 6 12 14 28 56 112 126 238 476 952 953 b
1 2 3 6 12 14 28 56 112 224 238 476 477 953 b
1 2 3 6 12 14 28 56 112 224 238 476 952 953 b
1 2 3 6 12 14 28 56 112 224 252 476 477 953 b
1 2 3 6 12 14 28 56 112 224 252 476 952 953 b
1 2 3 6 12 14 28 56 112 224 448 449 504 953 a
1 2 3 6 12 14 28 56 112 224 448 449 505 953 b
1 2 3 6 12 14 28 56 112 224 448 449 897 953 b
1 2 3 6 12 14 28 56 112 224 448 476 477 953 b
1 2 3 6 12 14 28 56 112 224 448 476 952 953 b
1 2 3 6 12 14 28 56 112 224 448 504 505 953 b
1 2 3 6 12 14 28 56 112 224 448 504 952 953 b
1 2 3 6 12 14 28 56 112 224 448 896 897 953 b
1 2 3 6 12 14 28 56 112 224 448 896 952 953 b
1 2 3 6 12 18 36 37 73 110 220 440 513 953 b
1 2 3 6 12 18 36 37 73 110 220 440 880 953 b
1 2 3 6 12 24 36 37 73 110 220 440 513 953 b
1 2 3 6 12 24 36 37 73 110 220 440 880 953 b
1 2 4 5 7 14 28 56 57 112 224 448 505 953 a
1 2 4 5 7 14 28 56 57 112 224 448 896 953 a
1 2 4 5 7 14 28 56 63 119 238 476 477 953 b
1 2 4 5 7 14 28 56 63 119 238 476 952 953 b
1 2 4 5 7 14 28 56 112 119 238 476 477 953 b
1 2 4 5 7 14 28 56 112 119 238 476 952 953 b
1 2 4 5 7 14 28 56 112 126 238 476 477 953 b
1 2 4 5 7 14 28 56 112 126 238 476 952 953 b
1 2 4 5 7 14 28 56 112 224 238 476 477 953 b
1 2 4 5 7 14 28 56 112 224 238 476 952 953 b
1 2 4 5 7 14 28 56 112 224 252 476 477 953 b
1 2 4 5 7 14 28 56 112 224 252 476 952 953 b
1 2 4 5 7 14 28 56 112 224 448 449 504 953 a
1 2 4 5 7 14 28 56 112 224 448 449 505 953 b
1 2 4 5 7 14 28 56 112 224 448 449 897 953 b
1 2 4 5 7 14 28 56 112 224 448 476 477 953 b
1 2 4 5 7 14 28 56 112 224 448 476 952 953 b
1 2 4 5 7 14 28 56 112 224 448 504 505 953 b
1 2 4 5 7 14 28 56 112 224 448 504 952 953 b
1 2 4 5 7 14 28 56 112 224 448 896 897 953 b
1 2 4 5 7 14 28 56 112 224 448 896 952 953 b
1 2 4 5 9 14 28 56 57 112 224 448 505 953 a
1 2 4 5 9 14 28 56 57 112 224 448 896 953 a
1 2 4 5 9 14 28 56 112 126 238 476 477 953 b
1 2 4 5 9 14 28 56 112 126 238 476 952 953 b
1 2 4 5 9 14 28 56 112 224 238 476 477 953 b
1 2 4 5 9 14 28 56 112 224 238 476 952 953 b
1 2 4 5 9 14 28 56 112 224 252 476 477 953 b
1 2 4 5 9 14 28 56 112 224 252 476 952 953 b
1 2 4 5 9 14 28 56 112 224 448 449 504 953 a
1 2 4 5 9 14 28 56 112 224 448 449 505 953 b
1 2 4 5 9 14 28 56 112 224 448 449 897 953 b
1 2 4 5 9 14 28 56 112 224 448 476 477 953 b
1 2 4 5 9 14 28 56 112 224 448 476 952 953 b
1 2 4 5 9 14 28 56 112 224 448 504 505 953 b
1 2 4 5 9 14 28 56 112 224 448 504 952 953 b
1 2 4 5 9 14 28 56 112 224 448 896 897 953 b
1 2 4 5 9 14 28 56 112 224 448 896 952 953 b
1 2 4 5 9 18 23 36 59 118 236 472 481 953 a
1 2 4 5 9 18 23 36 59 118 236 472 944 953 a
1 2 4 5 9 18 23 41 59 118 236 472 481 953 b
1 2 4 5 9 18 23 41 59 118 236 472 944 953 b
1 2 4 5 9 18 27 32 59 118 236 472 481 953 b
1 2 4 5 9 18 27 32 59 118 236 472 944 953 b
1 2 4 5 9 18 27 54 59 118 236 472 481 953 b
1 2 4 5 9 18 27 54 59 118 236 472 944 953 b
1 2 4 5 9 18 36 37 73 110 220 440 513 953 b
1 2 4 5 9 18 36 37 73 110 220 440 880 953 b
1 2 4 5 9 18 36 41 59 118 236 472 481 953 b
1 2 4 5 9 18 36 41 59 118 236 472 944 953 b
1 2 4 5 9 18 36 41 77 118 236 472 481 953 b
1 2 4 5 9 18 36 41 77 118 236 472 944 953 b
1 2 4 5 9 18 36 41 82 118 236 472 481 953 b
1 2 4 5 9 18 36 41 82 118 236 472 944 953 b
1 2 4 5 9 18 36 54 59 118 236 472 481 953 b
1 2 4 5 9 18 36 54 59 118 236 472 944 953 b
1 2 4 5 10 14 28 56 57 112 224 448 505 953 a
1 2 4 5 10 14 28 56 57 112 224 448 896 953 a
1 2 4 5 10 14 28 56 112 126 238 476 477 953 b
1 2 4 5 10 14 28 56 112 126 238 476 952 953 b
1 2 4 5 10 14 28 56 112 224 238 476 477 953 b
1 2 4 5 10 14 28 56 112 224 238 476 952 953 b
1 2 4 5 10 14 28 56 112 224 252 476 477 953 b
1 2 4 5 10 14 28 56 112 224 252 476 952 953 b
1 2 4 5 10 14 28 56 112 224 448 449 504 953 a
1 2 4 5 10 14 28 56 112 224 448 449 505 953 b
1 2 4 5 10 14 28 56 112 224 448 449 897 953 b
1 2 4 5 10 14 28 56 112 224 448 476 477 953 b
1 2 4 5 10 14 28 56 112 224 448 476 952 953 b
1 2 4 5 10 14 28 56 112 224 448 504 505 953 b
1 2 4 5 10 14 28 56 112 224 448 504 952 953 b
1 2 4 5 10 14 28 56 112 224 448 896 897 953 b
1 2 4 5 10 14 28 56 112 224 448 896 952 953 b
1 2 4 5 10 15 25 29 58 116 232 464 489 953 b
1 2 4 5 10 15 25 29 58 116 232 464 928 953 b
1 2 4 5 10 20 25 29 58 116 232 464 489 953 b
1 2 4 5 10 20 25 29 58 116 232 464 928 953 b
1 2 4 6 7 14 28 56 57 112 224 448 505 953 a
1 2 4 6 7 14 28 56 57 112 224 448 896 953 a
1 2 4 6 7 14 28 56 63 119 238 476 477 953 b
1 2 4 6 7 14 28 56 63 119 238 476 952 953 b
1 2 4 6 7 14 28 56 112 119 238 476 477 953 b
1 2 4 6 7 14 28 56 112 119 238 476 952 953 b
1 2 4 6 7 14 28 56 112 126 238 476 477 953 b
1 2 4 6 7 14 28 56 112 126 238 476 952 953 b
1 2 4 6 7 14 28 56 112 224 238 476 477 953 b
1 2 4 6 7 14 28 56 112 224 238 476 952 953 b
1 2 4 6 7 14 28 56 112 224 252 476 477 953 b
1 2 4 6 7 14 28 56 112 224 252 476 952 953 b
1 2 4 6 7 14 28 56 112 224 448 449 504 953 a
1 2 4 6 7 14 28 56 112 224 448 449 505 953 b
1 2 4 6 7 14 28 56 112 224 448 449 897 953 b
1 2 4 6 7 14 28 56 112 224 448 476 477 953 b
1 2 4 6 7 14 28 56 112 224 448 476 952 953 b
1 2 4 6 7 14 28 56 112 224 448 504 505 953 b
1 2 4 6 7 14 28 56 112 224 448 504 952 953 b
1 2 4 6 7 14 28 56 112 224 448 896 897 953 b
1 2 4 6 7 14 28 56 112 224 448 896 952 953 b
1 2 4 6 8 14 28 56 57 112 224 448 505 953 a
1 2 4 6 8 14 28 56 57 112 224 448 896 953 a
1 2 4 6 8 14 28 56 112 126 238 476 477 953 b
1 2 4 6 8 14 28 56 112 126 238 476 952 953 b
1 2 4 6 8 14 28 56 112 224 238 476 477 953 b
1 2 4 6 8 14 28 56 112 224 238 476 952 953 b
1 2 4 6 8 14 28 56 112 224 252 476 477 953 b
1 2 4 6 8 14 28 56 112 224 252 476 952 953 b
1 2 4 6 8 14 28 56 112 224 448 449 504 953 a
1 2 4 6 8 14 28 56 112 224 448 449 505 953 b
1 2 4 6 8 14 28 56 112 224 448 449 897 953 b
1 2 4 6 8 14 28 56 112 224 448 476 477 953 b
1 2 4 6 8 14 28 56 112 224 448 476 952 953 b
1 2 4 6 8 14 28 56 112 224 448 504 505 953 b
1 2 4 6 8 14 28 56 112 224 448 504 952 953 b
1 2 4 6 8 14 28 56 112 224 448 896 897 953 b
1 2 4 6 8 14 28 56 112 224 448 896 952 953 b
1 2 4 6 10 14 28 56 57 112 224 448 505 953 a
1 2 4 6 10 14 28 56 57 112 224 448 896 953 a
1 2 4 6 10 14 28 56 112 126 238 476 477 953 b
1 2 4 6 10 14 28 56 112 126 238 476 952 953 b
1 2 4 6 10 14 28 56 112 224 238 476 477 953 b
1 2 4 6 10 14 28 56 112 224 238 476 952 953 b
1 2 4 6 10 14 28 56 112 224 252 476 477 953 b
1 2 4 6 10 14 28 56 112 224 252 476 952 953 b
1 2 4 6 10 14 28 56 112 224 448 449 504 953 a
1 2 4 6 10 14 28 56 112 224 448 449 505 953 b
1 2 4 6 10 14 28 56 112 224 448 449 897 953 b
1 2 4 6 10 14 28 56 112 224 448 476 477 953 b
1 2 4 6 10 14 28 56 112 224 448 476 952 953 b
1 2 4 6 10 14 28 56 112 224 448 504 505 953 b
1 2 4 6 10 14 28 56 112 224 448 504 952 953 b
1 2 4 6 10 14 28 56 112 224 448 896 897 953 b
1 2 4 6 10 14 28 56 112 224 448 896 952 953 b
1 2 4 6 12 13 25 29 58 116 232 464 489 953 b
1 2 4 6 12 13 25 29 58 116 232 464 928 953 b
1 2 4 6 12 14 28 56 57 112 224 448 505 953 a
1 2 4 6 12 14 28 56 57 112 224 448 896 953 a
1 2 4 6 12 14 28 56 112 126 238 476 477 953 b
1 2 4 6 12 14 28 56 112 126 238 476 952 953 b
1 2 4 6 12 14 28 56 112 224 238 476 477 953 b
1 2 4 6 12 14 28 56 112 224 238 476 952 953 b
1 2 4 6 12 14 28 56 112 224 252 476 477 953 b
1 2 4 6 12 14 28 56 112 224 252 476 952 953 b
1 2 4 6 12 14 28 56 112 224 448 449 504 953 a
1 2 4 6 12 14 28 56 112 224 448 449 505 953 b
1 2 4 6 12 14 28 56 112 224 448 449 897 953 b
1 2 4 6 12 14 28 56 112 224 448 476 477 953 b
1 2 4 6 12 14 28 56 112 224 448 476 952 953 b
1 2 4 6 12 14 28 56 112 224 448 504 505 953 b
1 2 4 6 12 14 28 56 112 224 448 504 952 953 b
1 2 4 6 12 14 28 56 112 224 448 896 897 953 b
1 2 4 6 12 14 28 56 112 224 448 896 952 953 b
1 2 4 6 12 16 28 56 57 112 224 448 505 953 a
1 2 4 6 12 16 28 56 57 112 224 448 896 953 a
1 2 4 6 12 16 28 56 112 224 252 476 477 953 b
1 2 4 6 12 16 28 56 112 224 252 476 952 953 b
1 2 4 6 12 16 28 56 112 224 448 449 504 953 a
1 2 4 6 12 16 28 56 112 224 448 449 505 953 b
1 2 4 6 12 16 28 56 112 224 448 449 897 953 b
1 2 4 6 12 16 28 56 112 224 448 476 477 953 b
1 2 4 6 12 16 28 56 112 224 448 476 952 953 b
1 2 4 6 12 16 28 56 112 224 448 504 505 953 b
1 2 4 6 12 16 28 56 112 224 448 504 952 953 b
1 2 4 6 12 16 28 56 112 224 448 896 897 953 b
1 2 4 6 12 16 28 56 112 224 448 896 952 953 b
1 2 4 6 12 18 36 37 73 110 220 440 513 953 b
1 2 4 6 12 18 36 37 73 110 220 440 880 953 b
1 2 4 6 12 24 25 29 58 116 232 464 489 953 b
1 2 4 6 12 24 25 29 58 116 232 464 928 953 b
1 2 4 6 12 24 28 56 57 112 224 448 505 953 a
1 2 4 6 12 24 28 56 57 112 224 448 896 953 a
1 2 4 6 12 24 28 56 112 224 252 476 477 953 b
1 2 4 6 12 24 28 56 112 224 252 476 952 953 b
1 2 4 6 12 24 28 56 112 224 448 449 504 953 a
1 2 4 6 12 24 28 56 112 224 448 449 505 953 b
1 2 4 6 12 24 28 56 112 224 448 449 897 953 b
1 2 4 6 12 24 28 56 112 224 448 476 477 953 b
1 2 4 6 12 24 28 56 112 224 448 476 952 953 b
1 2 4 6 12 24 28 56 112 224 448 504 505 953 b
1 2 4 6 12 24 28 56 112 224 448 504 952 953 b
1 2 4 6 12 24 28 56 112 224 448 896 897 953 b
1 2 4 6 12 24 28 56 112 224 448 896 952 953 b
1 2 4 6 12 24 36 37 73 110 220 440 513 953 b
1 2 4 6 12 24 36 37 73 110 220 440 880 953 b
1 2 4 8 9 16 25 29 58 116 232 464 489 953 a
1 2 4 8 9 16 25 29 58 116 232 464 928 953 a
1 2 4 8 9 16 25 33 58 116 232 464 489 953 a
1 2 4 8 9 16 25 33 58 116 232 464 928 953 a
1 2 4 8 9 16 25 34 59 118 236 472 481 953 a
1 2 4 8 9 16 25 34 59 118 236 472 944 953 a
1 2 4 8 9 16 25 41 57 114 228 456 497 953 a
1 2 4 8 9 16 25 41 57 114 228 456 912 953 a
1 2 4 8 9 16 25 50 58 116 232 464 489 953 a
1 2 4 8 9 16 25 50 58 116 232 464 928 953 a
1 2 4 8 9 16 25 50 59 118 236 472 481 953 a
1 2 4 8 9 16 25 50 59 118 236 472 944 953 a
1 2 4 8 9 16 25 50 66 116 232 464 489 953 a
1 2 4 8 9 16 25 50 66 116 232 464 928 953 a
1 2 4 8 9 16 25 50 100 116 232 464 489 953 a
1 2 4 8 9 16 25 50 100 116 232 464 928 953 a
1 2 4 8 9 16 32 41 57 114 228 456 497 953 a
1 2 4 8 9 16 32 41 57 114 228 456 912 953 a
1 2 4 8 9 16 32 41 73 114 228 456 497 953 a
1 2 4 8 9 16 32 41 73 114 228 456 912 953 a
1 2 4 8 9 16 32 41 82 114 228 456 497 953 a
1 2 4 8 9 16 32 41 82 114 228 456 912 953 a
1 2 4 8 9 17 21 38 59 118 236 472 481 953 b
1 2 4 8 9 17 21 38 59 118 236 472 944 953 b
1 2 4 8 9 17 21 42 59 118 236 472 481 953 b
1 2 4 8 9 17 21 42 59 118 236 472 944 953 b
1 2 4 8 9 17 25 29 58 116 232 464 489 953 b
1 2 4 8 9 17 25 29 58 116 232 464 928 953 b
1 2 4 8 9 17 25 33 58 116 232 464 489 953 b
1 2 4 8 9 17 25 33 58 116 232 464 928 953 b
1 2 4 8 9 17 25 34 59 118 236 472 481 953 b
1 2 4 8 9 17 25 34 59 118 236 472 944 953 b
1 2 4 8 9 17 25 42 59 118 236 472 481 953 b
1 2 4 8 9 17 25 42 59 118 236 472 944 953 b
1 2 4 8 9 17 25 50 58 116 232 464 489 953 b
1 2 4 8 9 17 25 50 58 116 232 464 928 953 b
1 2 4 8 9 17 25 50 59 118 236 472 481 953 b
1 2 4 8 9 17 25 50 59 118 236 472 944 953 b
1 2 4 8 9 17 25 50 67 117 234 468 485 953 b
1 2 4 8 9 17 25 50 67 117 234 468 936 953 b
1 2 4 8 9 17 25 50 100 117 234 468 485 953 b
1 2 4 8 9 17 25 50 100 117 234 468 936 953 b
1 2 4 8 9 17 26 52 78 156 234 468 485 953 b
1 2 4 8 9 17 26 52 78 156 234 468 936 953 b
1 2 4 8 9 17 26 52 78 156 312 329 624 953 a
1 2 4 8 9 17 26 52 78 156 312 329 641 953 b
1 2 4 8 9 17 26 52 78 156 312 468 485 953 b
1 2 4 8 9 17 26 52 78 156 312 468 936 953 b
1 2 4 8 9 17 26 52 78 156 312 624 641 953 b
1 2 4 8 9 17 26 52 78 156 312 624 936 953 b
1 2 4 8 9 17 26 52 104 121 208 416 537 953 a
1 2 4 8 9 17 26 52 104 121 208 416 832 953 a
1 2 4 8 9 17 26 52 104 130 234 468 485 953 b
1 2 4 8 9 17 26 52 104 130 234 468 936 953 b
1 2 4 8 9 17 26 52 104 156 312 329 624 953 a
1 2 4 8 9 17 26 52 104 156 312 329 641 953 b
1 2 4 8 9 17 26 52 104 156 312 468 485 953 b
1 2 4 8 9 17 26 52 104 156 312 468 936 953 b
1 2 4 8 9 17 26 52 104 156 312 624 641 953 b
1 2 4 8 9 17 26 52 104 156 312 624 936 953 b
1 2 4 8 9 17 26 52 104 208 234 468 485 953 b
1 2 4 8 9 17 26 52 104 208 234 468 936 953 b
1 2 4 8 9 17 26 52 104 208 260 468 485 953 b
1 2 4 8 9 17 26 52 104 208 260 468 936 953 b
1 2 4 8 9 17 26 52 104 208 312 329 624 953 a
1 2 4 8 9 17 26 52 104 208 312 329 641 953 b
1 2 4 8 9 17 26 52 104 208 312 624 641 953 b
1 2 4 8 9 17 26 52 104 208 312 624 936 953 b
1 2 4 8 9 17 26 52 104 208 416 433 520 953 a
1 2 4 8 9 17 26 52 104 208 416 433 537 953 b
1 2 4 8 9 17 26 52 104 208 416 433 849 953 b
1 2 4 8 9 17 26 52 104 208 416 468 485 953 b
1 2 4 8 9 17 26 52 104 208 416 468 936 953 b
1 2 4 8 9 17 26 52 104 208 416 520 537 953 b
1 2 4 8 9 17 26 52 104 208 416 520 936 953 b
1 2 4 8 9 17 26 52 104 208 416 832 849 953 b
1 2 4 8 9 17 26 52 104 208 416 832 936 953 b
1 2 4 8 9 17 34 42 59 118 236 472 481 953 b
1 2 4 8 9 17 34 42 59 118 236 472 944 953 b
1 2 4 8 9 17 34 42 76 118 236 472 481 953 b
1 2 4 8 9 17 34 42 76 118 236 472 944 953 b
1 2 4 8 9 17 34 42 84 118 236 472 481 953 b
1 2 4 8 9 17 34 42 84 118 236 472 944 953 b
1 2 4 8 9 17 34 51 59 118 236 472 481 953 b
1 2 4 8 9 17 34 51 59 118 236 472 944 953 b
1 2 4 8 9 17 34 51 68 119 238 476 477 953 b
1 2 4 8 9 17 34 51 68 119 238 476 952 953 b
1 2 4 8 9 17 34 51 85 119 238 476 477 953 b
1 2 4 8 9 17 34 51 85 119 238 476 952 953 b
1 2 4 8 9 17 34 51 102 119 238 476 477 953 b
1 2 4 8 9 17 34 51 102 119 238 476 952 953 b
1 2 4 8 9 17 34 51 102 136 238 476 477 953 b
1 2 4 8 9 17 34 51 102 136 238 476 952 953 b
1 2 4 8 9 17 34 51 102 204 238 476 477 953 b
1 2 4 8 9 17 34 51 102 204 238 476 952 953 b
1 2 4 8 9 17 34 68 85 119 238 476 477 953 b
1 2 4 8 9 17 34 68 85 119 238 476 952 953 b
1 2 4 8 9 17 34 68 85 153 238 476 477 953 b
1 2 4 8 9 17 34 68 85 153 238 476 952 953 b
1 2 4 8 9 17 34 68 85 170 238 476 477 953 b
1 2 4 8 9 17 34 68 85 170 238 476 952 953 b
1 2 4 8 9 17 34 68 102 119 238 476 477 953 b
1 2 4 8 9 17 34 68 102 119 238 476 952 953 b
1 2 4 8 9 17 34 68 102 136 238 476 477 953 b
1 2 4 8 9 17 34 68 102 136 238 476 952 953 b
1 2 4 8 9 17 34 68 102 170 238 476 477 953 b
1 2 4 8 9 17 34 68 102 170 238 476 952 953 b
1 2 4 8 9 17 34 68 102 204 238 476 477 953 b
1 2 4 8 9 17 34 68 102 204 238 476 952 953 b
1 2 4 8 9 17 34 68 102 204 272 476 477 953 b
1 2 4 8 9 17 34 68 102 204 272 476 952 953 b
1 2 4 8 9 17 34 68 102 204 408 476 477 953 b
1 2 4 8 9 17 34 68 102 204 408 476 952 953 b
1 2 4 8 9 17 34 68 136 137 204 408 545 953 a
1 2 4 8 9 17 34 68 136 137 204 408 816 953 a
1 2 4 8 9 17 34 68 136 137 272 408 545 953 a
1 2 4 8 9 17 34 68 136 137 272 408 816 953 a
1 2 4 8 9 17 34 68 136 137 272 409 544 953 a
1 2 4 8 9 17 34 68 136 137 272 409 681 953 a
1 2 4 8 9 17 34 68 136 137 272 544 681 953 a
1 2 4 8 9 17 34 68 136 137 272 544 816 953 a
1 2 4 8 9 17 34 68 136 170 238 476 477 953 b
1 2 4 8 9 17 34 68 136 170 238 476 952 953 b
1 2 4 8 9 17 34 68 136 170 306 476 477 953 b
1 2 4 8 9 17 34 68 136 170 306 476 952 953 b
1 2 4 8 9 17 34 68 136 170 340 476 477 953 b
1 2 4 8 9 17 34 68 136 170 340 476 952 953 b
1 2 4 8 9 17 34 68 136 204 238 476 477 953 b
1 2 4 8 9 17 34 68 136 204 238 476 952 953 b
1 2 4 8 9 17 34 68 136 204 272 476 477 953 b
1 2 4 8 9 17 34 68 136 204 272 476 952 953 b
1 2 4 8 9 17 34 68 136 204 340 476 477 953 b
1 2 4 8 9 17 34 68 136 204 340 476 952 953 b
1 2 4 8 9 17 34 68 136 204 408 409 544 953 a
1 2 4 8 9 17 34 68 136 204 408 409 545 953 b
1 2 4 8 9 17 34 68 136 204 408 409 817 953 b
1 2 4 8 9 17 34 68 136 204 408 476 477 953 b
1 2 4 8 9 17 34 68 136 204 408 476 952 953 b
1 2 4 8 9 17 34 68 136 204 408 544 545 953 b
1 2 4 8 9 17 34 68 136 204 408 544 952 953 b
1 2 4 8 9 17 34 68 136 204 408 816 817 953 b
1 2 4 8 9 17 34 68 136 204 408 816 952 953 b
1 2 4 8 9 17 34 68 136 272 273 340 613 953 a
1 2 4 8 9 17 34 68 136 272 273 340 680 953 a
1 2 4 8 9 17 34 68 136 272 273 408 545 953 a
1 2 4 8 9 17 34 68 136 272 273 408 680 953 a
1 2 4 8 9 17 34 68 136 272 273 408 681 953 a
1 2 4 8 9 17 34 68 136 272 273 409 544 953 a
1 2 4 8 9 17 34 68 136 272 273 409 681 953 b
1 2 4 8 9 17 34 68 136 272 273 544 680 953 a
1 2 4 8 9 17 34 68 136 272 273 544 817 953 a
1 2 4 8 9 17 34 68 136 272 273 545 681 953 b
1 2 4 8 9 17 34 68 136 272 273 545 817 953 b
1 2 4 8 9 17 34 68 136 272 340 341 612 953 a
1 2 4 8 9 17 34 68 136 272 340 341 613 953 b
1 2 4 8 9 17 34 68 136 272 340 341 681 953 b
1 2 4 8 9 17 34 68 136 272 340 476 477 953 b
1 2 4 8 9 17 34 68 136 272 340 476 952 953 b
1 2 4 8 9 17 34 68 136 272 340 612 613 953 b
1 2 4 8 9 17 34 68 136 272 340 612 952 953 b
1 2 4 8 9 17 34 68 136 272 340 680 681 953 b
1 2 4 8 9 17 34 68 136 272 340 680 952 953 b
1 2 4 8 9 17 34 68 136 272 408 409 544 953 a
1 2 4 8 9 17 34 68 136 272 408 409 545 953 b
1 2 4 8 9 17 34 68 136 272 408 409 681 953 b
1 2 4 8 9 17 34 68 136 272 408 409 817 953 b
1 2 4 8 9 17 34 68 136 272 408 476 477 953 b
1 2 4 8 9 17 34 68 136 272 408 476 952 953 b
1 2 4 8 9 17 34 68 136 272 408 544 545 953 b
1 2 4 8 9 17 34 68 136 272 408 544 952 953 b
1 2 4 8 9 17 34 68 136 272 408 680 681 953 b
1 2 4 8 9 17 34 68 136 272 408 680 952 953 b
1 2 4 8 9 17 34 68 136 272 408 816 817 953 b
1 2 4 8 9 17 34 68 136 272 408 816 952 953 b
1 2 4 8 9 17 34 68 136 272 544 545 681 953 b
1 2 4 8 9 17 34 68 136 272 544 545 817 953 b
1 2 4 8 9 17 34 68 136 272 544 680 681 953 b
1 2 4 8 9 17 34 68 136 272 544 680 952 953 b
1 2 4 8 9 17 34 68 136 272 544 816 817 953 b
1 2 4 8 9 17 34 68 136 272 544 816 952 953 b
1 2 4 8 9 18 36 37 73 110 220 440 513 953 b
1 2 4 8 9 18 36 37 73 110 220 440 880 953 b
1 2 4 8 10 14 28 56 57 112 224 448 505 953 a
1 2 4 8 10 14 28 56 57 112 224 448 896 953 a
1 2 4 8 10 14 28 56 112 126 238 476 477 953 b
1 2 4 8 10 14 28 56 112 126 238 476 952 953 b
1 2 4 8 10 14 28 56 112 224 238 476 477 953 b
1 2 4 8 10 14 28 56 112 224 238 476 952 953 b
1 2 4 8 10 14 28 56 112 224 252 476 477 953 b
1 2 4 8 10 14 28 56 112 224 252 476 952 953 b
1 2 4 8 10 14 28 56 112 224 448 449 504 953 a
1 2 4 8 10 14 28 56 112 224 448 449 505 953 b
1 2 4 8 10 14 28 56 112 224 448 449 897 953 b
1 2 4 8 10 14 28 56 112 224 448 476 477 953 b
1 2 4 8 10 14 28 56 112 224 448 476 952 953 b
1 2 4 8 10 14 28 56 112 224 448 504 505 953 b
1 2 4 8 10 14 28 56 112 224 448 504 952 953 b
1 2 4 8 10 14 28 56 112 224 448 896 897 953 b
1 2 4 8 10 14 28 56 112 224 448 896 952 953 b
1 2 4 8 10 18 28 56 57 112 224 448 505 953 a
1 2 4 8 10 18 28 56 57 112 224 448 896 953 a
1 2 4 8 10 18 28 56 112 224 252 476 477 953 b
1 2 4 8 10 18 28 56 112 224 252 476 952 953 b
1 2 4 8 10 18 28 56 112 224 448 449 504 953 a
1 2 4 8 10 18 28 56 112 224 448 449 505 953 b
1 2 4 8 10 18 28 56 112 224 448 449 897 953 b
1 2 4 8 10 18 28 56 112 224 448 476 477 953 b
1 2 4 8 10 18 28 56 112 224 448 476 952 953 b
1 2 4 8 10 18 28 56 112 224 448 504 505 953 b
1 2 4 8 10 18 28 56 112 224 448 504 952 953 b
1 2 4 8 10 18 28 56 112 224 448 896 897 953 b
1 2 4 8 10 18 28 56 112 224 448 896 952 953 b
1 2 4 8 10 18 36 37 73 110 220 440 513 953 b
1 2 4 8 10 18 36 37 73 110 220 440 880 953 b
1 2 4 8 10 20 28 56 57 112 224 448 505 953 a
1 2 4 8 10 20 28 56 57 112 224 448 896 953 a
1 2 4 8 10 20 28 56 112 224 252 476 477 953 b
1 2 4 8 10 20 28 56 112 224 252 476 952 953 b
1 2 4 8 10 20 28 56 112 224 448 449 504 953 a
1 2 4 8 10 20 28 56 112 224 448 449 505 953 b
1 2 4 8 10 20 28 56 112 224 448 449 897 953 b
1 2 4 8 10 20 28 56 112 224 448 476 477 953 b
1 2 4 8 10 20 28 56 112 224 448 476 952 953 b
1 2 4 8 10 20 28 56 112 224 448 504 505 953 b
1 2 4 8 10 20 28 56 112 224 448 504 952 953 b
1 2 4 8 10 20 28 56 112 224 448 896 897 953 b
1 2 4 8 10 20 28 56 112 224 448 896 952 953 b
1 2 4 8 12 13 25 29 58 116 232 464 489 953 b
1 2 4 8 12 13 25 29 58 116 232 464 928 953 b
1 2 4 8 12 13 25 33 58 116 232 464 489 953 b
1 2 4 8 12 13 25 33 58 116 232 464 928 953 b
1 2 4 8 12 13 25 50 58 116 232 464 489 953 b
1 2 4 8 12 13 25 50 58 116 232 464 928 953 b
1 2 4 8 12 14 28 56 57 112 224 448 505 953 a
1 2 4 8 12 14 28 56 57 112 224 448 896 953 a
1 2 4 8 12 14 28 56 112 126 238 476 477 953 b
1 2 4 8 12 14 28 56 112 126 238 476 952 953 b
1 2 4 8 12 14 28 56 112 224 238 476 477 953 b
1 2 4 8 12 14 28 56 112 224 238 476 952 953 b
1 2 4 8 12 14 28 56 112 224 252 476 477 953 b
1 2 4 8 12 14 28 56 112 224 252 476 952 953 b
1 2 4 8 12 14 28 56 112 224 448 449 504 953 a
1 2 4 8 12 14 28 56 112 224 448 449 505 953 b
1 2 4 8 12 14 28 56 112 224 448 449 897 953 b
1 2 4 8 12 14 28 56 112 224 448 476 477 953 b
1 2 4 8 12 14 28 56 112 224 448 476 952 953 b
1 2 4 8 12 14 28 56 112 224 448 504 505 953 b
1 2 4 8 12 14 28 56 112 224 448 504 952 953 b
1 2 4 8 12 14 28 56 112 224 448 896 897 953 b
1 2 4 8 12 14 28 56 112 224 448 896 952 953 b
1 2 4 8 12 16 28 56 57 112 224 448 505 953 a
1 2 4 8 12 16 28 56 57 112 224 448 896 953 a
1 2 4 8 12 16 28 56 112 224 252 476 477 953 b
1 2 4 8 12 16 28 56 112 224 252 476 952 953 b
1 2 4 8 12 16 28 56 112 224 448 449 504 953 a
1 2 4 8 12 16 28 56 112 224 448 449 505 953 b
1 2 4 8 12 16 28 56 112 224 448 449 897 953 b
1 2 4 8 12 16 28 56 112 224 448 476 477 953 b
1 2 4 8 12 16 28 56 112 224 448 476 952 953 b
1 2 4 8 12 16 28 56 112 224 448 504 505 953 b
1 2 4 8 12 16 28 56 112 224 448 504 952 953 b
1 2 4 8 12 16 28 56 112 224 448 896 897 953 b
1 2 4 8 12 16 28 56 112 224 448 896 952 953 b
1 2 4 8 12 20 28 56 57 112 224 448 505 953 a
1 2 4 8 12 20 28 56 57 112 224 448 896 953 a
1 2 4 8 12 20 28 56 112 224 252 476 477 953 b
1 2 4 8 12 20 28 56 112 224 252 476 952 953 b
1 2 4 8 12 20 28 56 112 224 448 449 504 953 a
1 2 4 8 12 20 28 56 112 224 448 449 505 953 b
1 2 4 8 12 20 28 56 112 224 448 449 897 953 b
1 2 4 8 12 20 28 56 112 224 448 476 477 953 b
1 2 4 8 12 20 28 56 112 224 448 476 952 953 b
1 2 4 8 12 20 28 56 112 224 448 504 505 953 b
1 2 4 8 12 20 28 56 112 224 448 504 952 953 b
1 2 4 8 12 20 28 56 112 224 448 896 897 953 b
1 2 4 8 12 20 28 56 112 224 448 896 952 953 b
1 2 4 8 12 24 25 29 58 116 232 464 489 953 b
1 2 4 8 12 24 25 29 58 116 232 464 928 953 b
1 2 4 8 12 24 25 33 58 116 232 464 489 953 b
1 2 4 8 12 24 25 33 58 116 232 464 928 953 b
1 2 4 8 12 24 25 50 58 116 232 464 489 953 b
1 2 4 8 12 24 25 50 58 116 232 464 928 953 b
1 2 4 8 12 24 28 56 57 112 224 448 505 953 a
1 2 4 8 12 24 28 56 57 112 224 448 896 953 a
1 2 4 8 12 24 28 56 112 224 252 476 477 953 b
1 2 4 8 12 24 28 56 112 224 252 476 952 953 b
1 2 4 8 12 24 28 56 112 224 448 449 504 953 a
1 2 4 8 12 24 28 56 112 224 448 449 505 953 b
1 2 4 8 12 24 28 56 112 224 448 449 897 953 b
1 2 4 8 12 24 28 56 112 224 448 476 477 953 b
1 2 4 8 12 24 28 56 112 224 448 476 952 953 b
1 2 4 8 12 24 28 56 112 224 448 504 505 953 b
1 2 4 8 12 24 28 56 112 224 448 504 952 953 b
1 2 4 8 12 24 28 56 112 224 448 896 897 953 b
1 2 4 8 12 24 28 56 112 224 448 896 952 953 b
1 2 4 8 12 24 32 56 57 112 224 448 505 953 a
1 2 4 8 12 24 32 56 57 112 224 448 896 953 a
1 2 4 8 12 24 32 56 112 224 448 449 504 953 a
1 2 4 8 12 24 32 56 112 224 448 449 505 953 b
1 2 4 8 12 24 32 56 112 224 448 449 897 953 b
1 2 4 8 12 24 32 56 112 224 448 504 505 953 b
1 2 4 8 12 24 32 56 112 224 448 504 952 953 b
1 2 4 8 12 24 32 56 112 224 448 896 897 953 b
1 2 4 8 12 24 32 56 112 224 448 896 952 953 b
1 2 4 8 12 24 36 37 73 110 220 440 513 953 b
1 2 4 8 12 24 36 37 73 110 220 440 880 953 b
1 2 4 8 12 24 48 56 57 112 224 448 505 953 a
1 2 4 8 12 24 48 56 57 112 224 448 896 953 a
1 2 4 8 12 24 48 56 112 224 448 449 504 953 a
1 2 4 8 12 24 48 56 112 224 448 449 505 953 b
1 2 4 8 12 24 48 56 112 224 448 449 897 953 b
1 2 4 8 12 24 48 56 112 224 448 504 505 953 b
1 2 4 8 12 24 48 56 112 224 448 504 952 953 b
1 2 4 8 12 24 48 56 112 224 448 896 897 953 b
1 2 4 8 12 24 48 56 112 224 448 896 952 953 b
1 2 4 8 16 17 24 41 57 114 228 456 497 953 a
1 2 4 8 16 17 24 41 57 114 228 456 912 953 a
1 2 4 8 16 17 25 29 58 116 232 464 489 953 b
1 2 4 8 16 17 25 29 58 116 232 464 928 953 b
1 2 4 8 16 17 25 33 58 116 232 464 489 953 b
1 2 4 8 16 17 25 33 58 116 232 464 928 953 b
1 2 4 8 16 17 25 41 57 114 228 456 497 953 b
1 2 4 8 16 17 25 41 57 114 228 456 912 953 b
1 2 4 8 16 17 25 41 58 116 232 464 489 953 b
1 2 4 8 16 17 25 41 58 116 232 464 928 953 b
1 2 4 8 16 17 25 42 58 116 232 464 489 953 b
1 2 4 8 16 17 25 42 58 116 232 464 928 953 b
1 2 4 8 16 17 25 50 58 116 232 464 489 953 b
1 2 4 8 16 17 25 50 58 116 232 464 928 953 b
1 2 4 8 16 17 25 50 66 116 232 464 489 953 b
1 2 4 8 16 17 25 50 66 116 232 464 928 953 b
1 2 4 8 16 17 25 50 67 117 234 468 485 953 b
1 2 4 8 16 17 25 50 67 117 234 468 936 953 b
1 2 4 8 16 17 25 50 100 116 232 464 489 953 b
1 2 4 8 16 17 25 50 100 116 232 464 928 953 b
1 2 4 8 16 17 25 50 100 117 234 468 485 953 b
1 2 4 8 16 17 25 50 100 117 234 468 936 953 b
1 2 4 8 16 17 32 49 64 113 226 452 501 953 a
1 2 4 8 16 17 32 49 64 113 226 452 904 953 a
1 2 4 8 16 17 32 49 81 113 226 452 501 953 a
1 2 4 8 16 17 32 49 81 113 226 452 904 953 a
1 2 4 8 16 17 33 41 57 114 228 456 497 953 b
1 2 4 8 16 17 33 41 57 114 228 456 912 953 b
1 2 4 8 16 17 33 41 74 115 230 460 493 953 b
1 2 4 8 16 17 33 41 74 115 230 460 920 953 b
1 2 4 8 16 17 33 41 82 115 230 460 493 953 b
1 2 4 8 16 17 33 41 82 115 230 460 920 953 b
1 2 4 8 16 17 33 49 66 115 230 460 493 953 b
1 2 4 8 16 17 33 49 66 115 230 460 920 953 b
1 2 4 8 16 17 33 49 82 115 230 460 493 953 b
1 2 4 8 16 17 33 49 82 115 230 460 920 953 b
1 2 4 8 16 17 33 49 98 115 230 460 493 953 b
1 2 4 8 16 17 33 49 98 115 230 460 920 953 b
1 2 4 8 16 17 33 50 67 117 234 468 485 953 b
1 2 4 8 16 17 33 50 67 117 234 468 936 953 b
1 2 4 8 16 17 33 50 100 117 234 468 485 953 b
1 2 4 8 16 17 33 50 100 117 234 468 936 953 b
1 2 4 8 16 17 33 66 82 115 230 460 493 953 b
1 2 4 8 16 17 33 66 82 115 230 460 920 953 b
1 2 4 8 16 17 33 66 82 148 230 460 493 953 b
1 2 4 8 16 17 33 66 82 148 230 460 920 953 b
1 2 4 8 16 17 33 66 82 164 230 460 493 953 b
1 2 4 8 16 17 33 66 82 164 230 460 920 953 b
1 2 4 8 16 17 33 66 99 115 230 460 493 953 b
1 2 4 8 16 17 33 66 99 115 230 460 920 953 b
1 2 4 8 16 17 34 50 67 117 234 468 485 953 b
1 2 4 8 16 17 34 50 67 117 234 468 936 953 b
1 2 4 8 16 17 34 50 100 117 234 468 485 953 b
1 2 4 8 16 17 34 50 100 117 234 468 936 953 b
1 2 4 8 16 17 34 50 100 134 234 468 485 953 b
1 2 4 8 16 17 34 50 100 134 234 468 936 953 b
1 2 4 8 16 17 34 50 100 200 234 468 485 953 b
1 2 4 8 16 17 34 50 100 200 234 468 936 953 b
1 2 4 8 16 17 34 51 68 119 238 476 477 953 b
1 2 4 8 16 17 34 51 68 119 238 476 952 953 b
1 2 4 8 16 17 34 51 85 119 238 476 477 953 b
1 2 4 8 16 17 34 51 85 119 238 476 952 953 b
1 2 4 8 16 17 34 51 102 119 238 476 477 953 b
1 2 4 8 16 17 34 51 102 119 238 476 952 953 b
1 2 4 8 16 17 34 51 102 136 238 476 477 953 b
1 2 4 8 16 17 34 51 102 136 238 476 952 953 b
1 2 4 8 16 17 34 51 102 204 238 476 477 953 b
1 2 4 8 16 17 34 51 102 204 238 476 952 953 b
1 2 4 8 16 17 34 68 85 119 238 476 477 953 b
1 2 4 8 16 17 34 68 85 119 238 476 952 953 b
1 2 4 8 16 17 34 68 85 153 238 476 477 953 b
1 2 4 8 16 17 34 68 85 153 238 476 952 953 b
1 2 4 8 16 17 34 68 85 170 238 476 477 953 b
1 2 4 8 16 17 34 68 85 170 238 476 952 953 b
1 2 4 8 16 17 34 68 102 119 238 476 477 953 b
1 2 4 8 16 17 34 68 102 119 238 476 952 953 b
1 2 4 8 16 17 34 68 102 136 238 476 477 953 b
1 2 4 8 16 17 34 68 102 136 238 476 952 953 b
1 2 4 8 16 17 34 68 102 170 238 476 477 953 b
1 2 4 8 16 17 34 68 102 170 238 476 952 953 b
1 2 4 8 16 17 34 68 102 204 238 476 477 953 b
1 2 4 8 16 17 34 68 102 204 238 476 952 953 b
1 2 4 8 16 17 34 68 102 204 272 476 477 953 b
1 2 4 8 16 17 34 68 102 204 272 476 952 953 b
1 2 4 8 16 17 34 68 102 204 408 476 477 953 b
1 2 4 8 16 17 34 68 102 204 408 476 952 953 b
1 2 4 8 16 17 34 68 136 137 204 408 545 953 a
1 2 4 8 16 17 34 68 136 137 204 408 816 953 a
1 2 4 8 16 17 34 68 136 137 272 408 545 953 a
1 2 4 8 16 17 34 68 136 137 272 408 816 953 a
1 2 4 8 16 17 34 68 136 137 272 409 544 953 a
1 2 4 8 16 17 34 68 136 137 272 409 681 953 a
1 2 4 8 16 17 34 68 136 137 272 544 681 953 a
1 2 4 8 16 17 34 68 136 137 272 544 816 953 a
1 2 4 8 16 17 34 68 136 170 238 476 477 953 b
1 2 4 8 16 17 34 68 136 170 238 476 952 953 b
1 2 4 8 16 17 34 68 136 170 306 476 477 953 b
1 2 4 8 16 17 34 68 136 170 306 476 952 953 b
1 2 4 8 16 17 34 68 136 170 340 476 477 953 b
1 2 4 8 16 17 34 68 136 170 340 476 952 953 b
1 2 4 8 16 17 34 68 136 204 238 476 477 953 b
1 2 4 8 16 17 34 68 136 204 238 476 952 953 b
1 2 4 8 16 17 34 68 136 204 272 476 477 953 b
1 2 4 8 16 17 34 68 136 204 272 476 952 953 b
1 2 4 8 16 17 34 68 136 204 340 476 477 953 b
1 2 4 8 16 17 34 68 136 204 340 476 952 953 b
1 2 4 8 16 17 34 68 136 204 408 409 544 953 a
1 2 4 8 16 17 34 68 136 204 408 409 545 953 b
1 2 4 8 16 17 34 68 136 204 408 409 817 953 b
1 2 4 8 16 17 34 68 136 204 408 476 477 953 b
1 2 4 8 16 17 34 68 136 204 408 476 952 953 b
1 2 4 8 16 17 34 68 136 204 408 544 545 953 b
1 2 4 8 16 17 34 68 136 204 408 544 952 953 b
1 2 4 8 16 17 34 68 136 204 408 816 817 953 b
1 2 4 8 16 17 34 68 136 204 408 816 952 953 b
1 2 4 8 16 17 34 68 136 272 273 340 613 953 a
1 2 4 8 16 17 34 68 136 272 273 340 680 953 a
1 2 4 8 16 17 34 68 136 272 273 408 545 953 a
1 2 4 8 16 17 34 68 136 272 273 408 680 953 a
1 2 4 8 16 17 34 68 136 272 273 408 681 953 a
1 2 4 8 16 17 34 68 136 272 273 409 544 953 a
1 2 4 8 16 17 34 68 136 272 273 409 681 953 b
1 2 4 8 16 17 34 68 136 272 273 544 680 953 a
1 2 4 8 16 17 34 68 136 272 273 544 817 953 a
1 2 4 8 16 17 34 68 136 272 273 545 681 953 b
1 2 4 8 16 17 34 68 136 272 273 545 817 953 b
1 2 4 8 16 17 34 68 136 272 340 341 612 953 a
1 2 4 8 16 17 34 68 136 272 340 341 613 953 b
1 2 4 8 16 17 34 68 136 272 340 341 681 953 b
1 2 4 8 16 17 34 68 136 272 340 476 477 953 b
1 2 4 8 16 17 34 68 136 272 340 476 952 953 b
1 2 4 8 16 17 34 68 136 272 340 612 613 953 b
1 2 4 8 16 17 34 68 136 272 340 612 952 953 b
1 2 4 8 16 17 34 68 136 272 340 680 681 953 b
1 2 4 8 16 17 34 68 136 272 340 680 952 953 b
1 2 4 8 16 17 34 68 136 272 408 409 544 953 a
1 2 4 8 16 17 34 68 136 272 408 409 545 953 b
1 2 4 8 16 17 34 68 136 272 408 409 681 953 b
1 2 4 8 16 17 34 68 136 272 408 409 817 953 b
1 2 4 8 16 17 34 68 136 272 408 476 477 953 b
1 2 4 8 16 17 34 68 136 272 408 476 952 953 b
1 2 4 8 16 17 34 68 136 272 408 544 545 953 b
1 2 4 8 16 17 34 68 136 272 408 544 952 953 b
1 2 4 8 16 17 34 68 136 272 408 680 681 953 b
1 2 4 8 16 17 34 68 136 272 408 680 952 953 b
1 2 4 8 16 17 34 68 136 272 408 816 817 953 b
1 2 4 8 16 17 34 68 136 272 408 816 952 953 b
1 2 4 8 16 17 34 68 136 272 544 545 681 953 b
1 2 4 8 16 17 34 68 136 272 544 545 817 953 b
1 2 4 8 16 17 34 68 136 272 544 680 681 953 b
1 2 4 8 16 17 34 68 136 272 544 680 952 953 b
1 2 4 8 16 17 34 68 136 272 544 816 817 953 b
1 2 4 8 16 17 34 68 136 272 544 816 952 953 b
1 2 4 8 16 18 34 68 102 136 238 476 477 953 b
1 2 4 8 16 18 34 68 102 136 238 476 952 953 b
1 2 4 8 16 18 34 68 102 170 238 476 477 953 b
1 2 4 8 16 18 34 68 102 170 238 476 952 953 b
1 2 4 8 16 18 34 68 102 204 238 476 477 953 b
1 2 4 8 16 18 34 68 102 204 238 476 952 953 b
1 2 4 8 16 18 34 68 102 204 272 476 477 953 b
1 2 4 8 16 18 34 68 102 204 272 476 952 953 b
1 2 4 8 16 18 34 68 102 204 408 476 477 953 b
1 2 4 8 16 18 34 68 102 204 408 476 952 953 b
1 2 4 8 16 18 34 68 136 137 204 408 545 953 a
1 2 4 8 16 18 34 68 136 137 204 408 816 953 a
1 2 4 8 16 18 34 68 136 137 272 408 545 953 a
1 2 4 8 16 18 34 68 136 137 272 408 816 953 a
1 2 4 8 16 18 34 68 136 137 272 409 544 953 a
1 2 4 8 16 18 34 68 136 137 272 409 681 953 a
1 2 4 8 16 18 34 68 136 137 272 544 681 953 a
1 2 4 8 16 18 34 68 136 137 272 544 816 953 a
1 2 4 8 16 18 34 68 136 170 238 476 477 953 b
1 2 4 8 16 18 34 68 136 170 238 476 952 953 b
1 2 4 8 16 18 34 68 136 170 306 476 477 953 b
1 2 4 8 16 18 34 68 136 170 306 476 952 953 b
1 2 4 8 16 18 34 68 136 170 340 476 477 953 b
1 2 4 8 16 18 34 68 136 170 340 476 952 953 b
1 2 4 8 16 18 34 68 136 204 238 476 477 953 b
1 2 4 8 16 18 34 68 136 204 238 476 952 953 b
1 2 4 8 16 18 34 68 136 204 272 476 477 953 b
1 2 4 8 16 18 34 68 136 204 272 476 952 953 b
1 2 4 8 16 18 34 68 136 204 340 476 477 953 b
1 2 4 8 16 18 34 68 136 204 340 476 952 953 b
1 2 4 8 16 18 34 68 136 204 408 409 544 953 a
1 2 4 8 16 18 34 68 136 204 408 409 545 953 b
1 2 4 8 16 18 34 68 136 204 408 409 817 953 b
1 2 4 8 16 18 34 68 136 204 408 476 477 953 b
1 2 4 8 16 18 34 68 136 204 408 476 952 953 b
1 2 4 8 16 18 34 68 136 204 408 544 545 953 b
1 2 4 8 16 18 34 68 136 204 408 544 952 953 b
1 2 4 8 16 18 34 68 136 204 408 816 817 953 b
1 2 4 8 16 18 34 68 136 204 408 816 952 953 b
1 2 4 8 16 18 34 68 136 272 273 340 613 953 a
1 2 4 8 16 18 34 68 136 272 273 340 680 953 a
1 2 4 8 16 18 34 68 136 272 273 408 545 953 a
1 2 4 8 16 18 34 68 136 272 273 408 680 953 a
1 2 4 8 16 18 34 68 136 272 273 408 681 953 a
1 2 4 8 16 18 34 68 136 272 273 409 544 953 a
1 2 4 8 16 18 34 68 136 272 273 409 681 953 b
1 2 4 8 16 18 34 68 136 272 273 544 680 953 a
1 2 4 8 16 18 34 68 136 272 273 544 817 953 a
1 2 4 8 16 18 34 68 136 272 273 545 681 953 b
1 2 4 8 16 18 34 68 136 272 273 545 817 953 b
1 2 4 8 16 18 34 68 136 272 340 341 612 953 a
1 2 4 8 16 18 34 68 136 272 340 341 613 953 b
1 2 4 8 16 18 34 68 136 272 340 341 681 953 b
1 2 4 8 16 18 34 68 136 272 340 476 477 953 b
1 2 4 8 16 18 34 68 136 272 340 476 952 953 b
1 2 4 8 16 18 34 68 136 272 340 612 613 953 b
1 2 4 8 16 18 34 68 136 272 340 612 952 953 b
1 2 4 8 16 18 34 68 136 272 340 680 681 953 b
1 2 4 8 16 18 34 68 136 272 340 680 952 953 b
1 2 4 8 16 18 34 68 136 272 408 409 544 953 a
1 2 4 8 16 18 34 68 136 272 408 409 545 953 b
1 2 4 8 16 18 34 68 136 272 408 409 681 953 b
1 2 4 8 16 18 34 68 136 272 408 409 817 953 b
1 2 4 8 16 18 34 68 136 272 408 476 477 953 b
1 2 4 8 16 18 34 68 136 272 408 476 952 953 b
1 2 4 8 16 18 34 68 136 272 408 544 545 953 b
1 2 4 8 16 18 34 68 136 272 408 544 952 953 b
1 2 4 8 16 18 34 68 136 272 408 680 681 953 b
1 2 4 8 16 18 34 68 136 272 408 680 952 953 b
1 2 4 8 16 18 34 68 136 272 408 816 817 953 b
1 2 4 8 16 18 34 68 136 272 408 816 952 953 b
1 2 4 8 16 18 34 68 136 272 544 545 681 953 b
1 2 4 8 16 18 34 68 136 272 544 545 817 953 b
1 2 4 8 16 18 34 68 136 272 544 680 681 953 b
1 2 4 8 16 18 34 68 136 272 544 680 952 953 b
1 2 4 8 16 18 34 68 136 272 544 816 817 953 b
1 2 4 8 16 18 34 68 136 272 544 816 952 953 b
1 2 4 8 16 18 36 37 73 110 220 440 513 953 b
1 2 4 8 16 18 36 37 73 110 220 440 880 953 b
1 2 4 8 16 20 21 41 57 114 228 456 497 953 b
1 2 4 8 16 20 21 41 57 114 228 456 912 953 b
1 2 4 8 16 20 28 56 57 112 224 448 505 953 a
1 2 4 8 16 20 28 56 57 112 224 448 896 953 a
1 2 4 8 16 20 28 56 112 224 252 476 477 953 b
1 2 4 8 16 20 28 56 112 224 252 476 952 953 b
1 2 4 8 16 20 28 56 112 224 448 449 504 953 a
1 2 4 8 16 20 28 56 112 224 448 449 505 953 b
1 2 4 8 16 20 28 56 112 224 448 449 897 953 b
1 2 4 8 16 20 28 56 112 224 448 476 477 953 b
1 2 4 8 16 20 28 56 112 224 448 476 952 953 b
1 2 4 8 16 20 28 56 112 224 448 504 505 953 b
1 2 4 8 16 20 28 56 112 224 448 504 952 953 b
1 2 4 8 16 20 28 56 112 224 448 896 897 953 b
1 2 4 8 16 20 28 56 112 224 448 896 952 953 b
1 2 4 8 16 20 36 37 73 110 220 440 513 953 b
1 2 4 8 16 20 36 37 73 110 220 440 880 953 b
1 2 4 8 16 20 36 56 57 112 224 448 505 953 a
1 2 4 8 16 20 36 56 57 112 224 448 896 953 a
1 2 4 8 16 20 36 56 112 224 448 449 504 953 a
1 2 4 8 16 20 36 56 112 224 448 449 505 953 b
1 2 4 8 16 20 36 56 112 224 448 449 897 953 b
1 2 4 8 16 20 36 56 112 224 448 504 505 953 b
1 2 4 8 16 20 36 56 112 224 448 504 952 953 b
1 2 4 8 16 20 36 56 112 224 448 896 897 953 b
1 2 4 8 16 20 36 56 112 224 448 896 952 953 b
1 2 4 8 16 20 40 41 57 114 228 456 497 953 b
1 2 4 8 16 20 40 41 57 114 228 456 912 953 b
1 2 4 8 16 20 40 56 57 112 224 448 505 953 a
1 2 4 8 16 20 40 56 57 112 224 448 896 953 a
1 2 4 8 16 20 40 56 112 224 448 449 504 953 a
1 2 4 8 16 20 40 56 112 224 448 449 505 953 b
1 2 4 8 16 20 40 56 112 224 448 449 897 953 b
1 2 4 8 16 20 40 56 112 224 448 504 505 953 b
1 2 4 8 16 20 40 56 112 224 448 504 952 953 b
1 2 4 8 16 20 40 56 112 224 448 896 897 953 b
1 2 4 8 16 20 40 56 112 224 448 896 952 953 b
1 2 4 8 16 24 25 29 58 116 232 464 489 953 b
1 2 4 8 16 24 25 29 58 116 232 464 928 953 b
1 2 4 8 16 24 25 33 58 116 232 464 489 953 b
1 2 4 8 16 24 25 33 58 116 232 464 928 953 b
1 2 4 8 16 24 25 41 57 114 228 456 497 953 b
1 2 4 8 16 24 25 41 57 114 228 456 912 953 b
1 2 4 8 16 24 25 50 58 116 232 464 489 953 b
1 2 4 8 16 24 25 50 58 116 232 464 928 953 b
1 2 4 8 16 24 25 50 66 116 232 464 489 953 b
1 2 4 8 16 24 25 50 66 116 232 464 928 953 b
1 2 4 8 16 24 25 50 100 116 232 464 489 953 b
1 2 4 8 16 24 25 50 100 116 232 464 928 953 b
1 2 4 8 16 24 28 56 57 112 224 448 505 953 a
1 2 4 8 16 24 28 56 57 112 224 448 896 953 a
1 2 4 8 16 24 28 56 112 224 252 476 477 953 b
1 2 4 8 16 24 28 56 112 224 252 476 952 953 b
1 2 4 8 16 24 28 56 112 224 448 449 504 953 a
1 2 4 8 16 24 28 56 112 224 448 449 505 953 b
1 2 4 8 16 24 28 56 112 224 448 449 897 953 b
1 2 4 8 16 24 28 56 112 224 448 476 477 953 b
1 2 4 8 16 24 28 56 112 224 448 476 952 953 b
1 2 4 8 16 24 28 56 112 224 448 504 505 953 b
1 2 4 8 16 24 28 56 112 224 448 504 952 953 b
1 2 4 8 16 24 28 56 112 224 448 896 897 953 b
1 2 4 8 16 24 28 56 112 224 448 896 952 953 b
1 2 4 8 16 24 32 56 57 112 224 448 505 953 a
1 2 4 8 16 24 32 56 57 112 224 448 896 953 a
1 2 4 8 16 24 32 56 112 224 448 449 504 953 a
1 2 4 8 16 24 32 56 112 224 448 449 505 953 b
1 2 4 8 16 24 32 56 112 224 448 449 897 953 b
1 2 4 8 16 24 32 56 112 224 448 504 505 953 b
1 2 4 8 16 24 32 56 112 224 448 504 952 953 b
1 2 4 8 16 24 32 56 112 224 448 896 897 953 b
1 2 4 8 16 24 32 56 112 224 448 896 952 953 b
1 2 4 8 16 24 40 41 57 114 228 456 497 953 b
1 2 4 8 16 24 40 41 57 114 228 456 912 953 b
1 2 4 8 16 24 40 56 57 112 224 448 505 953 a
1 2 4 8 16 24 40 56 57 112 224 448 896 953 a
1 2 4 8 16 24 40 56 112 224 448 449 504 953 a
1 2 4 8 16 24 40 56 112 224 448 449 505 953 b
1 2 4 8 16 24 40 56 112 224 448 449 897 953 b
1 2 4 8 16 24 40 56 112 224 448 504 505 953 b
1 2 4 8 16 24 40 56 112 224 448 504 952 953 b
1 2 4 8 16 24 40 56 112 224 448 896 897 953 b
1 2 4 8 16 24 40 56 112 224 448 896 952 953 b
1 2 4 8 16 24 48 49 64 113 226 452 501 953 a
1 2 4 8 16 24 48 49 64 113 226 452 904 953 a
1 2 4 8 16 24 48 49 65 113 226 452 501 953 b
1 2 4 8 16 24 48 49 65 113 226 452 904 953 b
1 2 4 8 16 24 48 49 97 113 210 420 533 953 b
1 2 4 8 16 24 48 49 97 113 210 420 840 953 b
1 2 4 8 16 24 48 49 97 113 226 452 501 953 b
1 2 4 8 16 24 48 49 97 113 226 452 904 953 b
1 2 4 8 16 24 48 56 57 112 224 448 505 953 a
1 2 4 8 16 24 48 56 57 112 224 448 896 953 a
1 2 4 8 16 24 48 56 112 224 448 449 504 953 a
1 2 4 8 16 24 48 56 112 224 448 449 505 953 b
1 2 4 8 16 24 48 56 112 224 448 449 897 953 b
1 2 4 8 16 24 48 56 112 224 448 504 505 953 b
1 2 4 8 16 24 48 56 112 224 448 504 952 953 b
1 2 4 8 16 24 48 56 112 224 448 896 897 953 b
1 2 4 8 16 24 48 56 112 224 448 896 952 953 b
1 2 4 8 16 24 48 96 97 113 210 420 533 953 b
1 2 4 8 16 24 48 96 97 113 210 420 840 953 b
1 2 4 8 16 32 33 41 57 114 228 456 497 953 b
1 2 4 8 16 32 33 41 57 114 228 456 912 953 b
1 2 4 8 16 32 33 41 73 114 228 456 497 953 b
1 2 4 8 16 32 33 41 73 114 228 456 912 953 b
1 2 4 8 16 32 33 41 74 115 230 460 493 953 b
1 2 4 8 16 32 33 41 74 115 230 460 920 953 b
1 2 4 8 16 32 33 41 82 114 228 456 497 953 b
1 2 4 8 16 32 33 41 82 114 228 456 912 953 b
1 2 4 8 16 32 33 41 82 115 230 460 493 953 b
1 2 4 8 16 32 33 41 82 115 230 460 920 953 b
1 2 4 8 16 32 33 49 64 113 226 452 501 953 a
1 2 4 8 16 32 33 49 64 113 226 452 904 953 a
1 2 4 8 16 32 33 49 66 115 230 460 493 953 a
1 2 4 8 16 32 33 49 66 115 230 460 920 953 a
1 2 4 8 16 32 33 49 81 113 226 452 501 953 b
1 2 4 8 16 32 33 49 81 113 226 452 904 953 b
1 2 4 8 16 32 33 49 82 115 230 460 493 953 b
1 2 4 8 16 32 33 49 82 115 230 460 920 953 b
1 2 4 8 16 32 33 64 97 113 210 420 533 953 a
1 2 4 8 16 32 33 64 97 113 210 420 840 953 a
1 2 4 8 16 32 33 65 97 113 210 420 533 953 b
1 2 4 8 16 32 33 65 97 113 210 420 840 953 b
1 2 4 8 16 32 33 66 82 115 230 460 493 953 b
1 2 4 8 16 32 33 66 82 115 230 460 920 953 b
1 2 4 8 16 32 33 66 82 148 230 460 493 953 b
1 2 4 8 16 32 33 66 82 148 230 460 920 953 b
1 2 4 8 16 32 33 66 82 164 230 460 493 953 b
1 2 4 8 16 32 33 66 82 164 230 460 920 953 b
1 2 4 8 16 32 33 66 98 132 230 460 493 953 a
1 2 4 8 16 32 33 66 98 132 230 460 920 953 a
1 2 4 8 16 32 33 66 98 164 230 460 493 953 b
1 2 4 8 16 32 33 66 98 164 230 460 920 953 b
1 2 4 8 16 32 33 66 99 115 230 460 493 953 b
1 2 4 8 16 32 33 66 99 115 230 460 920 953 b
1 2 4 8 16 32 33 66 99 131 230 460 493 953 b
1 2 4 8 16 32 33 66 99 131 230 460 920 953 b
1 2 4 8 16 32 33 66 99 165 197 394 559 953 b
1 2 4 8 16 32 33 66 99 165 197 394 788 953 b
1 2 4 8 16 32 33 66 99 198 230 460 493 953 b
1 2 4 8 16 32 33 66 99 198 230 460 920 953 b
1 2 4 8 16 32 33 66 132 164 230 460 493 953 b
1 2 4 8 16 32 33 66 132 164 230 460 920 953 b
1 2 4 8 16 32 33 66 132 164 296 460 493 953 b
1 2 4 8 16 32 33 66 132 164 296 460 920 953 b
1 2 4 8 16 32 33 66 132 164 328 460 493 953 b
1 2 4 8 16 32 33 66 132 164 328 460 920 953 b
1 2 4 8 16 32 33 66 132 165 197 394 559 953 b
1 2 4 8 16 32 33 66 132 165 197 394 788 953 b
1 2 4 8 16 32 33 66 132 198 230 460 493 953 b
1 2 4 8 16 32 33 66 132 198 230 460 920 953 b
1 2 4 8 16 32 34 68 102 136 238 476 477 953 b
1 2 4 8 16 32 34 68 102 136 238 476 952 953 b
1 2 4 8 16 32 34 68 102 170 238 476 477 953 b
1 2 4 8 16 32 34 68 102 170 238 476 952 953 b
1 2 4 8 16 32 34 68 102 204 238 476 477 953 b
1 2 4 8 16 32 34 68 102 204 238 476 952 953 b
1 2 4 8 16 32 34 68 102 204 272 476 477 953 b
1 2 4 8 16 32 34 68 102 204 272 476 952 953 b
1 2 4 8 16 32 34 68 102 204 408 476 477 953 b
1 2 4 8 16 32 34 68 102 204 408 476 952 953 b
1 2 4 8 16 32 34 68 136 137 204 408 545 953 a
1 2 4 8 16 32 34 68 136 137 204 408 816 953 a
1 2 4 8 16 32 34 68 136 137 272 408 545 953 a
1 2 4 8 16 32 34 68 136 137 272 408 816 953 a
1 2 4 8 16 32 34 68 136 137 272 409 544 953 a
1 2 4 8 16 32 34 68 136 137 272 409 681 953 a
1 2 4 8 16 32 34 68 136 137 272 544 681 953 a
1 2 4 8 16 32 34 68 136 137 272 544 816 953 a
1 2 4 8 16 32 34 68 136 170 238 476 477 953 b
1 2 4 8 16 32 34 68 136 170 238 476 952 953 b
1 2 4 8 16 32 34 68 136 170 306 476 477 953 b
1 2 4 8 16 32 34 68 136 170 306 476 952 953 b
1 2 4 8 16 32 34 68 136 170 340 476 477 953 b
1 2 4 8 16 32 34 68 136 170 340 476 952 953 b
1 2 4 8 16 32 34 68 136 204 238 476 477 953 b
1 2 4 8 16 32 34 68 136 204 238 476 952 953 b
1 2 4 8 16 32 34 68 136 204 272 476 477 953 b
1 2 4 8 16 32 34 68 136 204 272 476 952 953 b
1 2 4 8 16 32 34 68 136 204 340 476 477 953 b
1 2 4 8 16 32 34 68 136 204 340 476 952 953 b
1 2 4 8 16 32 34 68 136 204 408 409 544 953 a
1 2 4 8 16 32 34 68 136 204 408 409 545 953 b
1 2 4 8 16 32 34 68 136 204 408 409 817 953 b
1 2 4 8 16 32 34 68 136 204 408 476 477 953 b
1 2 4 8 16 32 34 68 136 204 408 476 952 953 b
1 2 4 8 16 32 34 68 136 204 408 544 545 953 b
1 2 4 8 16 32 34 68 136 204 408 544 952 953 b
1 2 4 8 16 32 34 68 136 204 408 816 817 953 b
1 2 4 8 16 32 34 68 136 204 408 816 952 953 b
1 2 4 8 16 32 34 68 136 272 273 340 613 953 a
1 2 4 8 16 32 34 68 136 272 273 340 680 953 a
1 2 4 8 16 32 34 68 136 272 273 408 545 953 a
1 2 4 8 16 32 34 68 136 272 273 408 680 953 a
1 2 4 8 16 32 34 68 136 272 273 408 681 953 a
1 2 4 8 16 32 34 68 136 272 273 409 544 953 a
1 2 4 8 16 32 34 68 136 272 273 409 681 953 b
1 2 4 8 16 32 34 68 136 272 273 544 680 953 a
1 2 4 8 16 32 34 68 136 272 273 544 817 953 a
1 2 4 8 16 32 34 68 136 272 273 545 681 953 b
1 2 4 8 16 32 34 68 136 272 273 545 817 953 b
1 2 4 8 16 32 34 68 136 272 340 341 612 953 a
1 2 4 8 16 32 34 68 136 272 340 341 613 953 b
1 2 4 8 16 32 34 68 136 272 340 341 681 953 b
1 2 4 8 16 32 34 68 136 272 340 476 477 953 b
1 2 4 8 16 32 34 68 136 272 340 476 952 953 b
1 2 4 8 16 32 34 68 136 272 340 612 613 953 b
1 2 4 8 16 32 34 68 136 272 340 612 952 953 b
1 2 4 8 16 32 34 68 136 272 340 680 681 953 b
1 2 4 8 16 32 34 68 136 272 340 680 952 953 b
1 2 4 8 16 32 34 68 136 272 408 409 544 953 a
1 2 4 8 16 32 34 68 136 272 408 409 545 953 b
1 2 4 8 16 32 34 68 136 272 408 409 681 953 b
1 2 4 8 16 32 34 68 136 272 408 409 817 953 b
1 2 4 8 16 32 34 68 136 272 408 476 477 953 b
1 2 4 8 16 32 34 68 136 272 408 476 952 953 b
1 2 4 8 16 32 34 68 136 272 408 544 545 953 b
1 2 4 8 16 32 34 68 136 272 408 544 952 953 b
1 2 4 8 16 32 34 68 136 272 408 680 681 953 b
1 2 4 8 16 32 34 68 136 272 408 680 952 953 b
1 2 4 8 16 32 34 68 136 272 408 816 817 953 b
1 2 4 8 16 32 34 68 136 272 408 816 952 953 b
1 2 4 8 16 32 34 68 136 272 544 545 681 953 b
1 2 4 8 16 32 34 68 136 272 544 545 817 953 b
1 2 4 8 16 32 34 68 136 272 544 680 681 953 b
1 2 4 8 16 32 34 68 136 272 544 680 952 953 b
1 2 4 8 16 32 34 68 136 272 544 816 817 953 b
1 2 4 8 16 32 34 68 136 272 544 816 952 953 b
1 2 4 8 16 32 36 37 73 110 220 440 513 953 b
1 2 4 8 16 32 36 37 73 110 220 440 880 953 b
1 2 4 8 16 32 36 68 136 137 204 408 545 953 a
1 2 4 8 16 32 36 68 136 137 204 408 816 953 a
1 2 4 8 16 32 36 68 136 137 272 408 545 953 a
1 2 4 8 16 32 36 68 136 137 272 408 816 953 a
1 2 4 8 16 32 36 68 136 137 272 409 544 953 a
1 2 4 8 16 32 36 68 136 137 272 409 681 953 a
1 2 4 8 16 32 36 68 136 137 272 544 681 953 a
1 2 4 8 16 32 36 68 136 137 272 544 816 953 a
1 2 4 8 16 32 36 68 136 204 272 476 477 953 b
1 2 4 8 16 32 36 68 136 204 272 476 952 953 b
1 2 4 8 16 32 36 68 136 204 340 476 477 953 b
1 2 4 8 16 32 36 68 136 204 340 476 952 953 b
1 2 4 8 16 32 36 68 136 204 408 409 544 953 a
1 2 4 8 16 32 36 68 136 204 408 409 545 953 b
1 2 4 8 16 32 36 68 136 204 408 409 817 953 b
1 2 4 8 16 32 36 68 136 204 408 476 477 953 b
1 2 4 8 16 32 36 68 136 204 408 476 952 953 b
1 2 4 8 16 32 36 68 136 204 408 544 545 953 b
1 2 4 8 16 32 36 68 136 204 408 544 952 953 b
1 2 4 8 16 32 36 68 136 204 408 816 817 953 b
1 2 4 8 16 32 36 68 136 204 408 816 952 953 b
1 2 4 8 16 32 36 68 136 272 273 340 613 953 a
1 2 4 8 16 32 36 68 136 272 273 340 680 953 a
1 2 4 8 16 32 36 68 136 272 273 408 545 953 a
1 2 4 8 16 32 36 68 136 272 273 408 680 953 a
1 2 4 8 16 32 36 68 136 272 273 408 681 953 a
1 2 4 8 16 32 36 68 136 272 273 409 544 953 a
1 2 4 8 16 32 36 68 136 272 273 409 681 953 b
1 2 4 8 16 32 36 68 136 272 273 544 680 953 a
1 2 4 8 16 32 36 68 136 272 273 544 817 953 a
1 2 4 8 16 32 36 68 136 272 273 545 681 953 b
1 2 4 8 16 32 36 68 136 272 273 545 817 953 b
1 2 4 8 16 32 36 68 136 272 340 341 612 953 a
1 2 4 8 16 32 36 68 136 272 340 341 613 953 b
1 2 4 8 16 32 36 68 136 272 340 341 681 953 b
1 2 4 8 16 32 36 68 136 272 340 476 477 953 b
1 2 4 8 16 32 36 68 136 272 340 476 952 953 b
1 2 4 8 16 32 36 68 136 272 340 612 613 953 b
1 2 4 8 16 32 36 68 136 272 340 612 952 953 b
1 2 4 8 16 32 36 68 136 272 340 680 681 953 b
1 2 4 8 16 32 36 68 136 272 340 680 952 953 b
1 2 4 8 16 32 36 68 136 272 408 409 544 953 a
1 2 4 8 16 32 36 68 136 272 408 409 545 953 b
1 2 4 8 16 32 36 68 136 272 408 409 681 953 b
1 2 4 8 16 32 36 68 136 272 408 409 817 953 b
1 2 4 8 16 32 36 68 136 272 408 476 477 953 b
1 2 4 8 16 32 36 68 136 272 408 476 952 953 b
1 2 4 8 16 32 36 68 136 272 408 544 545 953 b
1 2 4 8 16 32 36 68 136 272 408 544 952 953 b
1 2 4 8 16 32 36 68 136 272 408 680 681 953 b
1 2 4 8 16 32 36 68 136 272 408 680 952 953 b
1 2 4 8 16 32 36 68 136 272 408 816 817 953 b
1 2 4 8 16 32 36 68 136 272 408 816 952 953 b
1 2 4 8 16 32 36 68 136 272 544 545 681 953 b
1 2 4 8 16 32 36 68 136 272 544 545 817 953 b
1 2 4 8 16 32 36 68 136 272 544 680 681 953 b
1 2 4 8 16 32 36 68 136 272 544 680 952 953 b
1 2 4 8 16 32 36 68 136 272 544 816 817 953 b
1 2 4 8 16 32 36 68 136 272 544 816 952 953 b
1 2 4 8 16 32 40 41 57 114 228 456 497 953 b
1 2 4 8 16 32 40 41 57 114 228 456 912 953 b
1 2 4 8 16 32 40 41 73 114 228 456 497 953 b
1 2 4 8 16 32 40 41 73 114 228 456 912 953 b
1 2 4 8 16 32 40 41 82 114 228 456 497 953 b
1 2 4 8 16 32 40 41 82 114 228 456 912 953 b
1 2 4 8 16 32 40 56 57 112 224 448 505 953 a
1 2 4 8 16 32 40 56 57 112 224 448 896 953 a
1 2 4 8 16 32 40 56 112 224 448 449 504 953 a
1 2 4 8 16 32 40 56 112 224 448 449 505 953 b
1 2 4 8 16 32 40 56 112 224 448 449 897 953 b
1 2 4 8 16 32 40 56 112 224 448 504 505 953 b
1 2 4 8 16 32 40 56 112 224 448 504 952 953 b
1 2 4 8 16 32 40 56 112 224 448 896 897 953 b
1 2 4 8 16 32 40 56 112 224 448 896 952 953 b
1 2 4 8 16 32 48 49 64 113 226 452 501 953 a
1 2 4 8 16 32 48 49 64 113 226 452 904 953 a
1 2 4 8 16 32 48 49 65 113 226 452 501 953 b
1 2 4 8 16 32 48 49 65 113 226 452 904 953 b
1 2 4 8 16 32 48 49 81 113 226 452 501 953 b
1 2 4 8 16 32 48 49 81 113 226 452 904 953 b
1 2 4 8 16 32 48 49 97 113 210 420 533 953 b
1 2 4 8 16 32 48 49 97 113 210 420 840 953 b
1 2 4 8 16 32 48 49 97 113 226 452 501 953 b
1 2 4 8 16 32 48 49 97 113 226 452 904 953 b
1 2 4 8 16 32 48 49 97 129 226 452 501 953 b
1 2 4 8 16 32 48 49 97 129 226 452 904 953 b
1 2 4 8 16 32 48 49 97 194 226 452 501 953 b
1 2 4 8 16 32 48 49 97 194 226 452 904 953 b
1 2 4 8 16 32 48 56 57 112 224 448 505 953 a
1 2 4 8 16 32 48 56 57 112 224 448 896 953 a
1 2 4 8 16 32 48 56 112 224 448 449 504 953 a
1 2 4 8 16 32 48 56 112 224 448 449 505 953 b
1 2 4 8 16 32 48 56 112 224 448 449 897 953 b
1 2 4 8 16 32 48 56 112 224 448 504 505 953 b
1 2 4 8 16 32 48 56 112 224 448 504 952 953 b
1 2 4 8 16 32 48 56 112 224 448 896 897 953 b
1 2 4 8 16 32 48 56 112 224 448 896 952 953 b
1 2 4 8 16 32 48 96 97 113 210 420 533 953 b
1 2 4 8 16 32 48 96 97 113 210 420 840 953 b
1 2 4 8 16 32 64 65 97 113 210 420 533 953 b
1 2 4 8 16 32 64 65 97 113 210 420 840 953 b
1 2 4 8 16 32 64 68 136 137 204 408 545 953 a
1 2 4 8 16 32 64 68 136 137 204 408 816 953 a
1 2 4 8 16 32 64 68 136 137 272 408 545 953 a
1 2 4 8 16 32 64 68 136 137 272 408 816 953 a
1 2 4 8 16 32 64 68 136 137 272 409 544 953 a
1 2 4 8 16 32 64 68 136 137 272 409 681 953 a
1 2 4 8 16 32 64 68 136 137 272 544 681 953 a
1 2 4 8 16 32 64 68 136 137 272 544 816 953 a
1 2 4 8 16 32 64 68 136 204 272 476 477 953 b
1 2 4 8 16 32 64 68 136 204 272 476 952 953 b
1 2 4 8 16 32 64 68 136 204 340 476 477 953 b
1 2 4 8 16 32 64 68 136 204 340 476 952 953 b
1 2 4 8 16 32 64 68 136 204 408 409 544 953 a
1 2 4 8 16 32 64 68 136 204 408 409 545 953 b
1 2 4 8 16 32 64 68 136 204 408 409 817 953 b
1 2 4 8 16 32 64 68 136 204 408 476 477 953 b
1 2 4 8 16 32 64 68 136 204 408 476 952 953 b
1 2 4 8 16 32 64 68 136 204 408 544 545 953 b
1 2 4 8 16 32 64 68 136 204 408 544 952 953 b
1 2 4 8 16 32 64 68 136 204 408 816 817 953 b
1 2 4 8 16 32 64 68 136 204 408 816 952 953 b
1 2 4 8 16 32 64 68 136 272 273 340 613 953 a
1 2 4 8 16 32 64 68 136 272 273 340 680 953 a
1 2 4 8 16 32 64 68 136 272 273 408 545 953 a
1 2 4 8 16 32 64 68 136 272 273 408 680 953 a
1 2 4 8 16 32 64 68 136 272 273 408 681 953 a
1 2 4 8 16 32 64 68 136 272 273 409 544 953 a
1 2 4 8 16 32 64 68 136 272 273 409 681 953 b
1 2 4 8 16 32 64 68 136 272 273 544 680 953 a
1 2 4 8 16 32 64 68 136 272 273 544 817 953 a
1 2 4 8 16 32 64 68 136 272 273 545 681 953 b
1 2 4 8 16 32 64 68 136 272 273 545 817 953 b
1 2 4 8 16 32 64 68 136 272 340 341 612 953 a
1 2 4 8 16 32 64 68 136 272 340 341 613 953 b
1 2 4 8 16 32 64 68 136 272 340 341 681 953 b
1 2 4 8 16 32 64 68 136 272 340 476 477 953 b
1 2 4 8 16 32 64 68 136 272 340 476 952 953 b
1 2 4 8 16 32 64 68 136 272 340 612 613 953 b
1 2 4 8 16 32 64 68 136 272 340 612 952 953 b
1 2 4 8 16 32 64 68 136 272 340 680 681 953 b
1 2 4 8 16 32 64 68 136 272 340 680 952 953 b
1 2 4 8 16 32 64 68 136 272 408 409 544 953 a
1 2 4 8 16 32 64 68 136 272 408 409 545 953 b
1 2 4 8 16 32 64 68 136 272 408 409 681 953 b
1 2 4 8 16 32 64 68 136 272 408 409 817 953 b
1 2 4 8 16 32 64 68 136 272 408 476 477 953 b
1 2 4 8 16 32 64 68 136 272 408 476 952 953 b
1 2 4 8 16 32 64 68 136 272 408 544 545 953 b
1 2 4 8 16 32 64 68 136 272 408 544 952 953 b
1 2 4 8 16 32 64 68 136 272 408 680 681 953 b
1 2 4 8 16 32 64 68 136 272 408 680 952 953 b
1 2 4 8 16 32 64 68 136 272 408 816 817 953 b
1 2 4 8 16 32 64 68 136 272 408 816 952 953 b
1 2 4 8 16 32 64 68 136 272 544 545 681 953 b
1 2 4 8 16 32 64 68 136 272 544 545 817 953 b
1 2 4 8 16 32 64 68 136 272 544 680 681 953 b
1 2 4 8 16 32 64 68 136 272 544 680 952 953 b
1 2 4 8 16 32 64 68 136 272 544 816 817 953 b
1 2 4 8 16 32 64 68 136 272 544 816 952 953 b
1 2 4 8 16 32 64 72 136 137 272 408 545 953 a
1 2 4 8 16 32 64 72 136 137 272 408 816 953 a
1 2 4 8 16 32 64 72 136 137 272 409 544 953 a
1 2 4 8 16 32 64 72 136 137 272 409 681 953 a
1 2 4 8 16 32 64 72 136 137 272 544 681 953 a
1 2 4 8 16 32 64 72 136 137 272 544 816 953 a
1 2 4 8 16 32 64 72 136 272 273 408 545 953 a
1 2 4 8 16 32 64 72 136 272 273 408 680 953 a
1 2 4 8 16 32 64 72 136 272 273 408 681 953 a
1 2 4 8 16 32 64 72 136 272 273 409 544 953 a
1 2 4 8 16 32 64 72 136 272 273 409 681 953 b
1 2 4 8 16 32 64 72 136 272 273 544 680 953 a
1 2 4 8 16 32 64 72 136 272 273 544 817 953 a
1 2 4 8 16 32 64 72 136 272 273 545 681 953 b
1 2 4 8 16 32 64 72 136 272 273 545 817 953 b
1 2 4 8 16 32 64 72 136 272 408 409 544 953 a
1 2 4 8 16 32 64 72 136 272 408 409 545 953 b
1 2 4 8 16 32 64 72 136 272 408 409 681 953 b
1 2 4 8 16 32 64 72 136 272 408 409 817 953 b
1 2 4 8 16 32 64 72 136 272 408 544 545 953 b
1 2 4 8 16 32 64 72 136 272 408 544 952 953 b
1 2 4 8 16 32 64 72 136 272 408 680 681 953 b
1 2 4 8 16 32 64 72 136 272 408 680 952 953 b
1 2 4 8 16 32 64 72 136 272 408 816 817 953 b
1 2 4 8 16 32 64 72 136 272 408 816 952 953 b
1 2 4 8 16 32 64 72 136 272 544 545 681 953 b
1 2 4 8 16 32 64 72 136 272 544 545 817 953 b
1 2 4 8 16 32 64 72 136 272 544 680 681 953 b
1 2 4 8 16 32 64 72 136 272 544 680 952 953 b
1 2 4 8 16 32 64 72 136 272 544 816 817 953 b
1 2 4 8 16 32 64 72 136 272 544 816 952 953 b
1 2 4 8 16 32 64 96 97 113 210 420 533 953 b
1 2 4 8 16 32 64 96 97 113 210 420 840 953 b
1 2 4 8 16 32 64 128 136 137 272 408 545 953 a
1 2 4 8 16 32 64 128 136 137 272 408 816 953 a
1 2 4 8 16 32 64 128 136 137 272 409 544 953 a
1 2 4 8 16 32 64 128 136 137 272 409 681 953 a
1 2 4 8 16 32 64 128 136 137 272 544 681 953 a
1 2 4 8 16 32 64 128 136 137 272 544 816 953 a
1 2 4 8 16 32 64 128 136 272 273 408 545 953 a
1 2 4 8 16 32 64 128 136 272 273 408 680 953 a
1 2 4 8 16 32 64 128 136 272 273 408 681 953 a
1 2 4 8 16 32 64 128 136 272 273 409 544 953 a
1 2 4 8 16 32 64 128 136 272 273 409 681 953 b
1 2 4 8 16 32 64 128 136 272 273 544 680 953 a
1 2 4 8 16 32 64 128 136 272 273 544 817 953 a
1 2 4 8 16 32 64 128 136 272 273 545 681 953 b
1 2 4 8 16 32 64 128 136 272 273 545 817 953 b
1 2 4 8 16 32 64 128 136 272 408 409 544 953 a
1 2 4 8 16 32 64 128 136 272 408 409 545 953 b
1 2 4 8 16 32 64 128 136 272 408 409 681 953 b
1 2 4 8 16 32 64 128 136 272 408 409 817 953 b
1 2 4 8 16 32 64 128 136 272 408 544 545 953 b
1 2 4 8 16 32 64 128 136 272 408 544 952 953 b
1 2 4 8 16 32 64 128 136 272 408 680 681 953 b
1 2 4 8 16 32 64 128 136 272 408 680 952 953 b
1 2 4 8 16 32 64 128 136 272 408 816 817 953 b
1 2 4 8 16 32 64 128 136 272 408 816 952 953 b
1 2 4 8 16 32 64 128 136 272 544 545 681 953 b
1 2 4 8 16 32 64 128 136 272 544 545 817 953 b
1 2 4 8 16 32 64 128 136 272 544 680 681 953 b
1 2 4 8 16 32 64 128 136 272 544 680 952 953 b
1 2 4 8 16 32 64 128 136 272 544 816 817 953 b
1 2 4 8 16 32 64 128 136 272 544 816 952 953 b
