1 2 3 4 8 16 32 64 67 131 198 329 658 987 b
1 2 3 4 8 16 32 64 67 131 262 329 658 987 b
1 2 3 5 8 16 32 64 67 131 198 329 658 987 b
1 2 3 5 8 16 32 64 67 131 262 329 658 987 b
1 2 3 5 10 15 30 60 63 123 246 492 495 987 b
1 2 3 5 10 15 30 60 63 123 246 492 984 987 b
1 2 3 5 10 15 30 60 120 123 243 486 501 987 b
1 2 3 5 10 15 30 60 120 123 243 486 972 987 b
1 2 3 5 10 15 30 60 120 123 246 492 495 987 b
1 2 3 5 10 15 30 60 120 123 246 492 984 987 b
1 2 3 5 10 15 30 60 120 240 243 486 501 987 b
1 2 3 5 10 15 30 60 120 240 243 486 972 987 b
1 2 3 5 10 20 21 41 82 123 246 492 495 987 b
1 2 3 5 10 20 21 41 82 123 246 492 984 987 b
1 2 3 5 10 20 21 41 82 164 165 329 658 987 b
1 2 3 5 10 20 21 41 82 164 246 492 495 987 b
1 2 3 5 10 20 21 41 82 164 246 492 984 987 b
1 2 3 5 10 20 21 41 82 164 328 329 658 987 b
1 2 3 5 10 20 21 41 82 164 328 331 656 987 a
1 2 3 5 10 20 21 41 82 164 328 331 659 987 b
1 2 3 5 10 20 21 41 82 164 328 492 495 987 b
1 2 3 5 10 20 21 41 82 164 328 492 984 987 b
1 2 3 5 10 20 21 41 82 164 328 656 659 987 b
1 2 3 5 10 20 21 41 82 164 328 656 984 987 b
1 2 3 5 10 20 30 60 63 123 246 492 495 987 b
1 2 3 5 10 20 30 60 63 123 246 492 984 987 b
1 2 3 5 10 20 30 60 120 123 246 492 495 987 b
1 2 3 5 10 20 30 60 120 123 246 492 984 987 b
1 2 3 5 10 20 40 41 81 162 167 329 658 987 b
1 2 3 5 10 20 40 41 81 162 324 329 658 987 b
1 2 3 5 10 20 40 41 82 123 246 492 495 987 b
1 2 3 5 10 20 40 41 82 123 246 492 984 987 b
1 2 3 5 10 20 40 41 82 164 165 329 658 987 b
1 2 3 5 10 20 40 41 82 164 246 492 495 987 b
1 2 3 5 10 20 40 41 82 164 246 492 984 987 b
1 2 3 5 10 20 40 41 82 164 328 329 658 987 b
1 2 3 5 10 20 40 41 82 164 328 331 656 987 a
1 2 3 5 10 20 40 41 82 164 328 331 659 987 b
1 2 3 5 10 20 40 41 82 164 328 492 495 987 b
1 2 3 5 10 20 40 41 82 164 328 492 984 987 b
1 2 3 5 10 20 40 41 82 164 328 656 659 987 b
1 2 3 5 10 20 40 41 82 164 328 656 984 987 b
1 2 3 5 10 20 40 42 82 164 165 329 658 987 b
1 2 3 5 10 20 40 42 82 164 246 492 495 987 b
1 2 3 5 10 20 40 42 82 164 246 492 984 987 b
1 2 3 5 10 20 40 42 82 164 328 329 658 987 b
1 2 3 5 10 20 40 42 82 164 328 331 656 987 a
1 2 3 5 10 20 40 42 82 164 328 331 659 987 b
1 2 3 5 10 20 40 42 82 164 328 492 495 987 b
1 2 3 5 10 20 40 42 82 164 328 492 984 987 b
1 2 3 5 10 20 40 42 82 164 328 656 659 987 b
1 2 3 5 10 20 40 42 82 164 328 656 984 987 b
1 2 3 5 10 20 40 43 80 123 246 492 495 987 a
1 2 3 5 10 20 40 43 80 123 246 492 984 987 a
1 2 3 5 10 20 40 43 83 123 206 329 658 987 b
1 2 3 5 10 20 40 43 83 123 246 329 658 987 b
1 2 3 5 10 20 40 43 83 123 246 492 495 987 b
1 2 3 5 10 20 40 43 83 123 246 492 984 987 b
1 2 3 5 10 20 40 60 63 123 246 492 495 987 b
1 2 3 5 10 20 40 60 63 123 246 492 984 987 b
1 2 3 5 10 20 40 60 120 123 246 492 495 987 b
1 2 3 5 10 20 40 60 120 123 246 492 984 987 b
1 2 3 5 10 20 40 80 81 162 167 329 658 987 b
1 2 3 5 10 20 40 80 81 162 324 329 658 987 b
1 2 3 5 10 20 40 80 82 162 167 329 658 987 b
1 2 3 5 10 20 40 80 82 162 324 329 658 987 b
1 2 3 5 10 20 40 80 82 164 165 329 658 987 b
1 2 3 5 10 20 40 80 82 164 246 492 495 987 b
1 2 3 5 10 20 40 80 82 164 246 492 984 987 b
1 2 3 5 10 20 40 80 82 164 328 329 658 987 b
1 2 3 5 10 20 40 80 82 164 328 331 656 987 a
1 2 3 5 10 20 40 80 82 164 328 331 659 987 b
1 2 3 5 10 20 40 80 82 164 328 492 495 987 b
1 2 3 5 10 20 40 80 82 164 328 492 984 987 b
1 2 3 5 10 20 40 80 82 164 328 656 659 987 b
1 2 3 5 10 20 40 80 82 164 328 656 984 987 b
1 2 3 5 10 20 40 80 83 123 206 329 658 987 b
1 2 3 5 10 20 40 80 83 123 246 329 658 987 b
1 2 3 5 10 20 40 80 83 123 246 492 495 987 b
1 2 3 5 10 20 40 80 83 123 246 492 984 987 b
1 2 3 5 10 20 40 80 83 163 166 329 658 987 b
1 2 3 5 10 20 40 80 83 163 246 329 658 987 b
1 2 3 5 10 20 40 80 83 163 246 492 495 987 b
1 2 3 5 10 20 40 80 83 163 246 492 984 987 b
1 2 3 5 10 20 40 80 83 163 326 329 658 987 b
1 2 3 5 10 20 40 80 83 166 246 329 658 987 b
1 2 3 5 10 20 40 80 83 166 246 492 495 987 b
1 2 3 5 10 20 40 80 83 166 246 492 984 987 b
1 2 3 5 10 20 40 80 83 166 249 329 658 987 b
1 2 3 5 10 20 40 80 120 123 246 492 495 987 b
1 2 3 5 10 20 40 80 120 123 246 492 984 987 b
1 2 3 5 10 20 40 80 160 162 167 329 658 987 b
1 2 3 5 10 20 40 80 160 162 324 329 658 987 b
1 2 3 5 10 20 40 80 160 163 166 329 658 987 b
1 2 3 5 10 20 40 80 160 163 326 329 658 987 b
1 2 3 6 8 16 32 64 67 131 198 329 658 987 b
1 2 3 6 8 16 32 64 67 131 262 329 658 987 b
1 2 3 6 9 10 20 40 80 160 169 329 658 987 b
1 2 3 6 9 10 20 40 80 160 320 329 658 987 b
1 2 3 6 9 11 20 40 80 160 169 329 658 987 b
1 2 3 6 9 11 20 40 80 160 320 329 658 987 b
1 2 3 6 9 12 24 48 96 192 201 393 594 987 b
1 2 3 6 9 12 24 48 96 192 201 393 786 987 b
1 2 3 6 9 15 24 48 96 192 201 393 594 987 b
1 2 3 6 9 15 24 48 96 192 201 393 786 987 b
1 2 3 6 9 15 30 60 63 123 246 492 495 987 b
1 2 3 6 9 15 30 60 63 123 246 492 984 987 b
1 2 3 6 9 15 30 60 120 123 243 486 501 987 b
1 2 3 6 9 15 30 60 120 123 243 486 972 987 b
1 2 3 6 9 15 30 60 120 123 246 492 495 987 b
1 2 3 6 9 15 30 60 120 123 246 492 984 987 b
1 2 3 6 9 15 30 60 120 126 246 492 495 987 b
1 2 3 6 9 15 30 60 120 126 246 492 984 987 b
1 2 3 6 9 15 30 60 120 129 249 369 618 987 b
1 2 3 6 9 15 30 60 120 129 249 369 738 987 b
1 2 3 6 9 15 30 60 120 240 243 486 501 987 b
1 2 3 6 9 15 30 60 120 240 243 486 972 987 b
1 2 3 6 9 15 30 60 120 240 246 486 501 987 b
1 2 3 6 9 15 30 60 120 240 246 486 972 987 b
1 2 3 6 9 15 30 60 120 240 246 492 495 987 b
1 2 3 6 9 15 30 60 120 240 246 492 984 987 b
1 2 3 6 9 15 30 60 120 240 249 369 618 987 b
1 2 3 6 9 15 30 60 120 240 249 369 738 987 b
1 2 3 6 9 15 30 60 120 240 249 489 498 987 b
1 2 3 6 9 15 30 60 120 240 249 489 738 987 b
1 2 3 6 9 15 30 60 120 240 249 489 978 987 b
1 2 3 6 9 15 30 60 120 240 249 498 738 987 b
1 2 3 6 9 15 30 60 120 240 249 498 747 987 b
1 2 3 6 9 15 30 60 120 240 480 486 501 987 b
1 2 3 6 9 15 30 60 120 240 480 486 972 987 b
1 2 3 6 9 15 30 60 120 240 480 489 498 987 b
1 2 3 6 9 15 30 60 120 240 480 489 978 987 b
1 2 3 6 9 18 20 40 80 160 169 329 658 987 b
1 2 3 6 9 18 20 40 80 160 320 329 658 987 b
1 2 3 6 9 18 24 48 96 192 201 393 594 987 b
1 2 3 6 9 18 24 48 96 192 201 393 786 987 b
1 2 3 6 9 18 27 30 60 120 240 480 507 987 b
1 2 3 6 9 18 27 30 60 120 240 480 960 987 b
1 2 3 6 9 18 27 33 60 120 240 480 507 987 b
1 2 3 6 9 18 27 33 60 120 240 480 960 987 b
1 2 3 6 9 18 27 54 60 120 240 480 507 987 b
1 2 3 6 9 18 27 54 60 120 240 480 960 987 b
1 2 3 6 9 18 27 54 108 111 219 438 549 987 b
1 2 3 6 9 18 27 54 108 111 219 438 876 987 b
1 2 3 6 9 18 36 37 73 146 183 329 658 987 b
1 2 3 6 9 18 36 37 73 146 292 329 658 987 b
1 2 3 6 9 18 36 39 75 114 228 456 531 987 b
1 2 3 6 9 18 36 39 75 114 228 456 912 987 b
1 2 3 6 9 18 36 54 108 111 219 438 549 987 b
1 2 3 6 9 18 36 54 108 111 219 438 876 987 b
1 2 3 6 9 18 36 72 108 111 219 438 549 987 b
1 2 3 6 9 18 36 72 108 111 219 438 876 987 b
1 2 3 6 12 13 25 38 76 152 177 329 658 987 b
1 2 3 6 12 13 25 38 76 152 304 329 658 987 b
1 2 3 6 12 15 27 30 60 120 240 480 507 987 b
1 2 3 6 12 15 27 30 60 120 240 480 960 987 b
1 2 3 6 12 15 27 33 60 120 240 480 507 987 b
1 2 3 6 12 15 27 33 60 120 240 480 960 987 b
1 2 3 6 12 15 27 54 60 120 240 480 507 987 b
1 2 3 6 12 15 27 54 60 120 240 480 960 987 b
1 2 3 6 12 15 27 54 66 120 240 480 507 987 b
1 2 3 6 12 15 27 54 66 120 240 480 960 987 b
1 2 3 6 12 15 27 54 69 123 246 492 495 987 b
1 2 3 6 12 15 27 54 69 123 246 492 984 987 b
1 2 3 6 12 15 27 54 81 162 243 486 501 987 b
1 2 3 6 12 15 27 54 81 162 243 486 972 987 b
1 2 3 6 12 15 27 54 81 162 324 339 648 987 a
1 2 3 6 12 15 27 54 81 162 324 339 663 987 b
1 2 3 6 12 15 27 54 81 162 324 486 501 987 b
1 2 3 6 12 15 27 54 81 162 324 486 972 987 b
1 2 3 6 12 15 27 54 81 162 324 648 663 987 b
1 2 3 6 12 15 27 54 81 162 324 648 972 987 b
1 2 3 6 12 15 27 54 108 111 219 438 549 987 b
1 2 3 6 12 15 27 54 108 111 219 438 876 987 b
1 2 3 6 12 15 27 54 108 120 240 480 507 987 b
1 2 3 6 12 15 27 54 108 120 240 480 960 987 b
1 2 3 6 12 15 27 54 108 123 216 432 555 987 a
1 2 3 6 12 15 27 54 108 123 216 432 864 987 a
1 2 3 6 12 15 27 54 108 123 246 492 495 987 b
1 2 3 6 12 15 27 54 108 123 246 492 984 987 b
1 2 3 6 12 15 27 54 108 135 243 486 501 987 b
1 2 3 6 12 15 27 54 108 135 243 486 972 987 b
1 2 3 6 12 15 27 54 108 162 324 339 648 987 a
1 2 3 6 12 15 27 54 108 162 324 339 663 987 b
1 2 3 6 12 15 27 54 108 162 324 486 501 987 b
1 2 3 6 12 15 27 54 108 162 324 486 972 987 b
1 2 3 6 12 15 27 54 108 162 324 648 663 987 b
1 2 3 6 12 15 27 54 108 162 324 648 972 987 b
1 2 3 6 12 15 27 54 108 216 243 486 501 987 b
1 2 3 6 12 15 27 54 108 216 243 486 972 987 b
1 2 3 6 12 15 27 54 108 216 270 486 501 987 b
1 2 3 6 12 15 27 54 108 216 270 486 972 987 b
1 2 3 6 12 15 27 54 108 216 324 339 648 987 a
1 2 3 6 12 15 27 54 108 216 324 339 663 987 b
1 2 3 6 12 15 27 54 108 216 324 648 663 987 b
1 2 3 6 12 15 27 54 108 216 324 648 972 987 b
1 2 3 6 12 15 27 54 108 216 432 447 540 987 a
1 2 3 6 12 15 27 54 108 216 432 447 555 987 b
1 2 3 6 12 15 27 54 108 216 432 447 879 987 b
1 2 3 6 12 15 27 54 108 216 432 486 501 987 b
1 2 3 6 12 15 27 54 108 216 432 486 972 987 b
1 2 3 6 12 15 27 54 108 216 432 540 555 987 b
1 2 3 6 12 15 27 54 108 216 432 540 972 987 b
1 2 3 6 12 15 27 54 108 216 432 864 879 987 b
1 2 3 6 12 15 27 54 108 216 432 864 972 987 b
1 2 3 6 12 15 30 60 63 123 246 492 495 987 b
1 2 3 6 12 15 30 60 63 123 246 492 984 987 b
1 2 3 6 12 15 30 60 120 123 243 486 501 987 b
1 2 3 6 12 15 30 60 120 123 243 486 972 987 b
1 2 3 6 12 15 30 60 120 123 246 492 495 987 b
1 2 3 6 12 15 30 60 120 123 246 492 984 987 b
1 2 3 6 12 15 30 60 120 126 246 492 495 987 b
1 2 3 6 12 15 30 60 120 126 246 492 984 987 b
1 2 3 6 12 15 30 60 120 240 243 486 501 987 b
1 2 3 6 12 15 30 60 120 240 243 486 972 987 b
1 2 3 6 12 15 30 60 120 240 246 486 501 987 b
1 2 3 6 12 15 30 60 120 240 246 486 972 987 b
1 2 3 6 12 15 30 60 120 240 246 492 495 987 b
1 2 3 6 12 15 30 60 120 240 246 492 984 987 b
1 2 3 6 12 15 30 60 120 240 252 492 495 987 b
1 2 3 6 12 15 30 60 120 240 252 492 984 987 b
1 2 3 6 12 15 30 60 120 240 480 486 501 987 b
1 2 3 6 12 15 30 60 120 240 480 486 972 987 b
1 2 3 6 12 15 30 60 120 240 480 492 495 987 b
1 2 3 6 12 15 30 60 120 240 480 492 507 987 b
1 2 3 6 12 15 30 60 120 240 480 492 972 987 b
1 2 3 6 12 15 30 60 120 240 480 492 984 987 b
1 2 3 6 12 15 30 60 120 240 480 495 507 987 b
1 2 3 6 12 15 30 60 120 240 480 495 975 987 b
1 2 3 6 12 15 30 60 120 240 480 960 972 987 b
1 2 3 6 12 15 30 60 120 240 480 960 975 987 b
1 2 3 6 12 18 30 60 63 123 246 492 495 987 b
1 2 3 6 12 18 30 60 63 123 246 492 984 987 b
1 2 3 6 12 18 30 60 120 123 246 492 495 987 b
1 2 3 6 12 18 30 60 120 123 246 492 984 987 b
1 2 3 6 12 18 30 60 120 126 246 492 495 987 b
1 2 3 6 12 18 30 60 120 126 246 492 984 987 b
1 2 3 6 12 18 30 60 120 240 246 492 495 987 b
1 2 3 6 12 18 30 60 120 240 246 492 984 987 b
1 2 3 6 12 18 30 60 120 240 252 492 495 987 b
1 2 3 6 12 18 30 60 120 240 252 492 984 987 b
1 2 3 6 12 18 30 60 120 240 480 492 495 987 b
1 2 3 6 12 18 30 60 120 240 480 492 984 987 b
1 2 3 6 12 18 36 37 73 146 183 329 658 987 b
1 2 3 6 12 18 36 37 73 146 292 329 658 987 b
1 2 3 6 12 18 36 39 75 114 228 456 531 987 b
1 2 3 6 12 18 36 39 75 114 228 456 912 987 b
1 2 3 6 12 18 36 54 108 111 219 438 549 987 b
1 2 3 6 12 18 36 54 108 111 219 438 876 987 b
1 2 3 6 12 18 36 72 108 111 219 438 549 987 b
1 2 3 6 12 18 36 72 108 111 219 438 876 987 b
1 2 3 6 12 24 25 49 74 123 246 492 495 987 b
1 2 3 6 12 24 25 49 74 123 246 492 984 987 b
1 2 3 6 12 24 25 49 98 123 246 492 495 987 b
1 2 3 6 12 24 25 49 98 123 246 492 984 987 b
1 2 3 6 12 24 27 30 60 120 240 480 507 987 b
1 2 3 6 12 24 27 30 60 120 240 480 960 987 b
1 2 3 6 12 24 27 33 60 120 240 480 507 987 b
1 2 3 6 12 24 27 33 60 120 240 480 960 987 b
1 2 3 6 12 24 27 36 60 120 240 480 507 987 a
1 2 3 6 12 24 27 36 60 120 240 480 960 987 a
1 2 3 6 12 24 27 48 60 120 240 480 507 987 a
1 2 3 6 12 24 27 48 60 120 240 480 960 987 a
1 2 3 6 12 24 27 48 72 120 240 480 507 987 a
1 2 3 6 12 24 27 48 72 120 240 480 960 987 a
1 2 3 6 12 24 27 48 75 123 246 492 495 987 a
1 2 3 6 12 24 27 48 75 123 246 492 984 987 a
1 2 3 6 12 24 27 48 96 120 240 480 507 987 a
1 2 3 6 12 24 27 48 96 120 240 480 960 987 a
1 2 3 6 12 24 27 48 96 123 246 492 495 987 a
1 2 3 6 12 24 27 48 96 123 246 492 984 987 a
1 2 3 6 12 24 27 48 96 144 240 480 507 987 a
1 2 3 6 12 24 27 48 96 144 240 480 960 987 a
1 2 3 6 12 24 27 48 96 192 219 384 603 987 a
1 2 3 6 12 24 27 48 96 192 219 384 768 987 a
1 2 3 6 12 24 27 48 96 192 240 480 507 987 a
1 2 3 6 12 24 27 48 96 192 240 480 960 987 a
1 2 3 6 12 24 27 48 96 192 288 480 507 987 a
1 2 3 6 12 24 27 48 96 192 288 480 960 987 a
1 2 3 6 12 24 27 48 96 192 384 411 576 987 a
1 2 3 6 12 24 27 48 96 192 384 411 603 987 a
1 2 3 6 12 24 27 48 96 192 384 411 795 987 a
1 2 3 6 12 24 27 48 96 192 384 480 507 987 a
1 2 3 6 12 24 27 48 96 192 384 480 960 987 a
1 2 3 6 12 24 27 48 96 192 384 576 603 987 a
1 2 3 6 12 24 27 48 96 192 384 576 960 987 a
1 2 3 6 12 24 27 48 96 192 384 768 795 987 a
1 2 3 6 12 24 27 48 96 192 384 768 960 987 a
1 2 3 6 12 24 27 51 78 156 234 468 519 987 b
1 2 3 6 12 24 27 51 78 156 234 468 936 987 b
1 2 3 6 12 24 27 51 78 156 312 363 624 987 a
1 2 3 6 12 24 27 51 78 156 312 363 675 987 b
1 2 3 6 12 24 27 51 78 156 312 468 519 987 b
1 2 3 6 12 24 27 51 78 156 312 468 936 987 b
1 2 3 6 12 24 27 51 78 156 312 624 675 987 b
1 2 3 6 12 24 27 51 78 156 312 624 936 987 b
1 2 3 6 12 24 27 54 60 120 240 480 507 987 b
1 2 3 6 12 24 27 54 60 120 240 480 960 987 b
1 2 3 6 12 24 27 54 66 120 240 480 507 987 b
1 2 3 6 12 24 27 54 66 120 240 480 960 987 b
1 2 3 6 12 24 27 54 108 111 219 438 549 987 b
1 2 3 6 12 24 27 54 108 111 219 438 876 987 b
1 2 3 6 12 24 27 54 108 120 240 480 507 987 b
1 2 3 6 12 24 27 54 108 120 240 480 960 987 b
1 2 3 6 12 24 27 54 108 132 240 480 507 987 b
1 2 3 6 12 24 27 54 108 132 240 480 960 987 b
1 2 3 6 12 24 27 54 108 216 240 480 507 987 b
1 2 3 6 12 24 27 54 108 216 240 480 960 987 b
1 2 3 6 12 24 30 54 108 111 219 438 549 987 b
1 2 3 6 12 24 30 54 108 111 219 438 876 987 b
1 2 3 6 12 24 30 54 108 138 246 492 495 987 b
1 2 3 6 12 24 30 54 108 138 246 492 984 987 b
1 2 3 6 12 24 30 54 108 216 246 492 495 987 b
1 2 3 6 12 24 30 54 108 216 246 492 984 987 b
1 2 3 6 12 24 30 60 63 123 246 492 495 987 b
1 2 3 6 12 24 30 60 63 123 246 492 984 987 b
1 2 3 6 12 24 30 60 120 123 246 492 495 987 b
1 2 3 6 12 24 30 60 120 123 246 492 984 987 b
1 2 3 6 12 24 30 60 120 126 246 492 495 987 b
1 2 3 6 12 24 30 60 120 126 246 492 984 987 b
1 2 3 6 12 24 30 60 120 240 246 492 495 987 b
1 2 3 6 12 24 30 60 120 240 246 492 984 987 b
1 2 3 6 12 24 30 60 120 240 252 492 495 987 b
1 2 3 6 12 24 30 60 120 240 252 492 984 987 b
1 2 3 6 12 24 30 60 120 240 480 483 504 987 a
1 2 3 6 12 24 30 60 120 240 480 483 507 987 b
1 2 3 6 12 24 30 60 120 240 480 483 963 987 b
1 2 3 6 12 24 30 60 120 240 480 492 495 987 b
1 2 3 6 12 24 30 60 120 240 480 492 984 987 b
1 2 3 6 12 24 30 60 120 240 480 504 507 987 b
1 2 3 6 12 24 30 60 120 240 480 504 984 987 b
1 2 3 6 12 24 30 60 120 240 480 960 963 987 b
1 2 3 6 12 24 30 60 120 240 480 960 984 987 b
1 2 3 6 12 24 36 37 73 146 183 329 658 987 b
1 2 3 6 12 24 36 37 73 146 292 329 658 987 b
1 2 3 6 12 24 36 39 75 114 228 456 531 987 b
1 2 3 6 12 24 36 39 75 114 228 456 912 987 b
1 2 3 6 12 24 36 60 63 123 246 492 495 987 b
1 2 3 6 12 24 36 60 63 123 246 492 984 987 b
1 2 3 6 12 24 36 60 120 123 246 492 495 987 b
1 2 3 6 12 24 36 60 120 123 246 492 984 987 b
1 2 3 6 12 24 36 60 120 126 246 492 495 987 b
1 2 3 6 12 24 36 60 120 126 246 492 984 987 b
1 2 3 6 12 24 36 60 120 240 246 492 495 987 b
1 2 3 6 12 24 36 60 120 240 246 492 984 987 b
1 2 3 6 12 24 36 60 120 240 252 492 495 987 b
1 2 3 6 12 24 36 60 120 240 252 492 984 987 b
1 2 3 6 12 24 36 60 120 240 480 483 504 987 a
1 2 3 6 12 24 36 60 120 240 480 483 507 987 b
1 2 3 6 12 24 36 60 120 240 480 483 963 987 b
1 2 3 6 12 24 36 60 120 240 480 492 495 987 b
1 2 3 6 12 24 36 60 120 240 480 492 984 987 b
1 2 3 6 12 24 36 60 120 240 480 504 507 987 b
1 2 3 6 12 24 36 60 120 240 480 504 984 987 b
1 2 3 6 12 24 36 60 120 240 480 960 963 987 b
1 2 3 6 12 24 36 60 120 240 480 960 984 987 b
1 2 3 6 12 24 36 72 108 111 219 438 549 987 b
1 2 3 6 12 24 36 72 108 111 219 438 876 987 b
1 2 3 6 12 24 48 50 98 148 246 492 495 987 b
1 2 3 6 12 24 48 50 98 148 246 492 984 987 b
1 2 3 6 12 24 48 50 98 196 246 492 495 987 b
1 2 3 6 12 24 48 50 98 196 246 492 984 987 b
1 2 3 6 12 24 48 51 72 123 246 492 495 987 a
1 2 3 6 12 24 48 51 72 123 246 492 984 987 a
1 2 3 6 12 24 48 51 75 123 246 492 495 987 b
1 2 3 6 12 24 48 51 75 123 246 492 984 987 b
1 2 3 6 12 24 48 51 99 111 222 444 543 987 b
1 2 3 6 12 24 48 51 99 111 222 444 888 987 b
1 2 3 6 12 24 48 51 99 123 222 444 543 987 b
1 2 3 6 12 24 48 51 99 123 222 444 888 987 b
1 2 3 6 12 24 48 51 99 123 246 492 495 987 b
1 2 3 6 12 24 48 51 99 123 246 492 984 987 b
1 2 3 6 12 24 48 51 99 147 246 492 495 987 b
1 2 3 6 12 24 48 51 99 147 246 492 984 987 b
1 2 3 6 12 24 48 51 99 198 222 444 543 987 b
1 2 3 6 12 24 48 51 99 198 222 444 888 987 b
1 2 3 6 12 24 48 51 99 198 246 444 543 987 b
1 2 3 6 12 24 48 51 99 198 246 444 888 987 b
1 2 3 6 12 24 48 51 99 198 246 492 495 987 b
1 2 3 6 12 24 48 51 99 198 246 492 984 987 b
1 2 3 6 12 24 48 51 99 198 297 345 642 987 b
1 2 3 6 12 24 48 51 99 198 297 345 690 987 b
1 2 3 6 12 24 48 51 99 198 396 444 543 987 b
1 2 3 6 12 24 48 51 99 198 396 444 888 987 b
1 2 3 6 12 24 48 54 96 150 246 492 495 987 a
1 2 3 6 12 24 48 54 96 150 246 492 984 987 a
1 2 3 6 12 24 48 54 96 192 246 492 495 987 a
1 2 3 6 12 24 48 54 96 192 246 492 984 987 a
1 2 3 6 12 24 48 54 108 111 219 438 549 987 b
1 2 3 6 12 24 48 54 108 111 219 438 876 987 b
1 2 3 6 12 24 48 60 63 123 246 492 495 987 b
1 2 3 6 12 24 48 60 63 123 246 492 984 987 b
1 2 3 6 12 24 48 60 108 111 219 438 549 987 b
1 2 3 6 12 24 48 60 108 111 219 438 876 987 b
1 2 3 6 12 24 48 60 108 216 276 492 495 987 b
1 2 3 6 12 24 48 60 108 216 276 492 984 987 b
1 2 3 6 12 24 48 60 108 216 432 492 495 987 b
1 2 3 6 12 24 48 60 108 216 432 492 984 987 b
1 2 3 6 12 24 48 60 120 123 246 492 495 987 b
1 2 3 6 12 24 48 60 120 123 246 492 984 987 b
1 2 3 6 12 24 48 60 120 126 246 492 495 987 b
1 2 3 6 12 24 48 60 120 126 246 492 984 987 b
1 2 3 6 12 24 48 60 120 240 246 492 495 987 b
1 2 3 6 12 24 48 60 120 240 246 492 984 987 b
1 2 3 6 12 24 48 60 120 240 252 492 495 987 b
1 2 3 6 12 24 48 60 120 240 252 492 984 987 b
1 2 3 6 12 24 48 60 120 240 480 483 504 987 a
1 2 3 6 12 24 48 60 120 240 480 483 507 987 b
1 2 3 6 12 24 48 60 120 240 480 483 963 987 b
1 2 3 6 12 24 48 60 120 240 480 492 495 987 b
1 2 3 6 12 24 48 60 120 240 480 492 984 987 b
1 2 3 6 12 24 48 60 120 240 480 504 507 987 b
1 2 3 6 12 24 48 60 120 240 480 504 984 987 b
1 2 3 6 12 24 48 60 120 240 480 960 963 987 b
1 2 3 6 12 24 48 60 120 240 480 960 984 987 b
1 2 3 6 12 24 48 72 75 123 246 492 495 987 b
1 2 3 6 12 24 48 72 75 123 246 492 984 987 b
1 2 3 6 12 24 48 72 120 123 246 492 495 987 b
1 2 3 6 12 24 48 72 120 123 246 492 984 987 b
1 2 3 6 12 24 48 72 120 126 246 492 495 987 b
1 2 3 6 12 24 48 72 120 126 246 492 984 987 b
1 2 3 6 12 24 48 72 120 240 246 492 495 987 b
1 2 3 6 12 24 48 72 120 240 246 492 984 987 b
1 2 3 6 12 24 48 72 120 240 252 492 495 987 b
1 2 3 6 12 24 48 72 120 240 252 492 984 987 b
1 2 3 6 12 24 48 72 120 240 480 483 504 987 a
1 2 3 6 12 24 48 72 120 240 480 483 507 987 b
1 2 3 6 12 24 48 72 120 240 480 483 963 987 b
1 2 3 6 12 24 48 72 120 240 480 492 495 987 b
1 2 3 6 12 24 48 72 120 240 480 492 984 987 b
1 2 3 6 12 24 48 72 120 240 480 504 507 987 b
1 2 3 6 12 24 48 72 120 240 480 504 984 987 b
1 2 3 6 12 24 48 72 120 240 480 960 963 987 b
1 2 3 6 12 24 48 72 120 240 480 960 984 987 b
1 2 3 6 12 24 48 96 99 111 222 444 543 987 b
1 2 3 6 12 24 48 96 99 111 222 444 888 987 b
1 2 3 6 12 24 48 96 99 123 222 444 543 987 b
1 2 3 6 12 24 48 96 99 123 222 444 888 987 b
1 2 3 6 12 24 48 96 99 123 246 492 495 987 b
1 2 3 6 12 24 48 96 99 123 246 492 984 987 b
1 2 3 6 12 24 48 96 99 147 246 492 495 987 b
1 2 3 6 12 24 48 96 99 147 246 492 984 987 b
1 2 3 6 12 24 48 96 99 195 198 396 591 987 b
1 2 3 6 12 24 48 96 99 195 198 396 792 987 b
1 2 3 6 12 24 48 96 99 195 201 396 591 987 b
1 2 3 6 12 24 48 96 99 195 201 396 792 987 b
1 2 3 6 12 24 48 96 99 195 207 390 597 987 a
1 2 3 6 12 24 48 96 99 195 207 390 780 987 a
1 2 3 6 12 24 48 96 99 195 390 396 591 987 b
1 2 3 6 12 24 48 96 99 195 390 396 792 987 b
1 2 3 6 12 24 48 96 99 195 390 402 585 987 a
1 2 3 6 12 24 48 96 99 195 390 402 597 987 b
1 2 3 6 12 24 48 96 99 195 390 402 792 987 b
1 2 3 6 12 24 48 96 99 195 390 585 597 987 b
1 2 3 6 12 24 48 96 99 195 390 585 975 987 b
1 2 3 6 12 24 48 96 99 195 390 780 792 987 b
1 2 3 6 12 24 48 96 99 195 390 780 975 987 b
1 2 3 6 12 24 48 96 99 198 222 444 543 987 b
1 2 3 6 12 24 48 96 99 198 222 444 888 987 b
1 2 3 6 12 24 48 96 99 198 246 444 543 987 b
1 2 3 6 12 24 48 96 99 198 246 444 888 987 b
1 2 3 6 12 24 48 96 99 198 246 492 495 987 b
1 2 3 6 12 24 48 96 99 198 246 492 984 987 b
1 2 3 6 12 24 48 96 99 198 294 492 495 987 b
1 2 3 6 12 24 48 96 99 198 294 492 984 987 b
1 2 3 6 12 24 48 96 99 198 297 345 642 987 b
1 2 3 6 12 24 48 96 99 198 297 345 690 987 b
1 2 3 6 12 24 48 96 99 198 297 393 594 987 a
1 2 3 6 12 24 48 96 99 198 297 393 690 987 b
1 2 3 6 12 24 48 96 99 198 297 594 690 987 b
1 2 3 6 12 24 48 96 99 198 297 594 891 987 b
1 2 3 6 12 24 48 96 99 198 396 444 543 987 b
1 2 3 6 12 24 48 96 99 198 396 444 888 987 b
1 2 3 6 12 24 48 96 99 198 396 492 495 987 b
1 2 3 6 12 24 48 96 99 198 396 492 591 987 b
1 2 3 6 12 24 48 96 99 198 396 492 888 987 b
1 2 3 6 12 24 48 96 99 198 396 492 984 987 b
1 2 3 6 12 24 48 96 99 198 396 495 591 987 b
1 2 3 6 12 24 48 96 99 198 396 495 891 987 b
1 2 3 6 12 24 48 96 99 198 396 792 888 987 b
1 2 3 6 12 24 48 96 99 198 396 792 891 987 b
1 2 3 6 12 24 48 96 102 144 246 492 495 987 a
1 2 3 6 12 24 48 96 102 144 246 492 984 987 a
1 2 3 6 12 24 48 96 102 150 246 492 495 987 b
1 2 3 6 12 24 48 96 102 150 246 492 984 987 b
1 2 3 6 12 24 48 96 102 198 246 492 495 987 b
1 2 3 6 12 24 48 96 102 198 246 492 984 987 b
1 2 3 6 12 24 48 96 102 198 294 492 495 987 b
1 2 3 6 12 24 48 96 102 198 294 492 984 987 b
1 2 3 6 12 24 48 96 102 198 396 492 495 987 b
1 2 3 6 12 24 48 96 102 198 396 492 984 987 b
1 2 3 6 12 24 48 96 108 111 219 438 549 987 b
1 2 3 6 12 24 48 96 108 111 219 438 876 987 b
1 2 3 6 12 24 48 96 108 192 300 492 495 987 a
1 2 3 6 12 24 48 96 108 192 300 492 984 987 a
1 2 3 6 12 24 48 96 108 192 384 492 495 987 a
1 2 3 6 12 24 48 96 108 192 384 492 984 987 a
1 2 3 6 12 24 48 96 120 123 216 432 555 987 a
1 2 3 6 12 24 48 96 120 123 216 432 864 987 a
1 2 3 6 12 24 48 96 120 123 246 492 495 987 b
1 2 3 6 12 24 48 96 120 123 246 492 984 987 b
1 2 3 6 12 24 48 96 120 126 246 492 495 987 b
1 2 3 6 12 24 48 96 120 126 246 492 984 987 b
1 2 3 6 12 24 48 96 120 216 432 435 552 987 a
1 2 3 6 12 24 48 96 120 216 432 435 555 987 b
1 2 3 6 12 24 48 96 120 216 432 435 867 987 b
1 2 3 6 12 24 48 96 120 216 432 552 555 987 b
1 2 3 6 12 24 48 96 120 216 432 552 984 987 b
1 2 3 6 12 24 48 96 120 216 432 864 867 987 b
1 2 3 6 12 24 48 96 120 216 432 864 984 987 b
1 2 3 6 12 24 48 96 120 240 246 492 495 987 b
1 2 3 6 12 24 48 96 120 240 246 492 984 987 b
1 2 3 6 12 24 48 96 120 240 252 492 495 987 b
1 2 3 6 12 24 48 96 120 240 252 492 984 987 b
1 2 3 6 12 24 48 96 120 240 480 483 504 987 a
1 2 3 6 12 24 48 96 120 240 480 483 507 987 b
1 2 3 6 12 24 48 96 120 240 480 483 963 987 b
1 2 3 6 12 24 48 96 120 240 480 492 495 987 b
1 2 3 6 12 24 48 96 120 240 480 492 984 987 b
1 2 3 6 12 24 48 96 120 240 480 504 507 987 b
1 2 3 6 12 24 48 96 120 240 480 504 984 987 b
1 2 3 6 12 24 48 96 120 240 480 960 963 987 b
1 2 3 6 12 24 48 96 120 240 480 960 984 987 b
1 2 3 6 12 24 48 96 144 150 246 492 495 987 b
1 2 3 6 12 24 48 96 144 150 246 492 984 987 b
1 2 3 6 12 24 48 96 144 240 246 492 495 987 b
1 2 3 6 12 24 48 96 144 240 246 492 984 987 b
1 2 3 6 12 24 48 96 144 240 252 492 495 987 b
1 2 3 6 12 24 48 96 144 240 252 492 984 987 b
1 2 3 6 12 24 48 96 144 240 480 483 504 987 a
1 2 3 6 12 24 48 96 144 240 480 483 507 987 b
1 2 3 6 12 24 48 96 144 240 480 483 963 987 b
1 2 3 6 12 24 48 96 144 240 480 492 495 987 b
1 2 3 6 12 24 48 96 144 240 480 492 984 987 b
1 2 3 6 12 24 48 96 144 240 480 504 507 987 b
1 2 3 6 12 24 48 96 144 240 480 504 984 987 b
1 2 3 6 12 24 48 96 144 240 480 960 963 987 b
1 2 3 6 12 24 48 96 144 240 480 960 984 987 b
1 2 3 6 12 24 48 96 192 193 204 397 590 987 a
1 2 3 6 12 24 48 96 192 193 204 397 794 987 a
1 2 3 6 12 24 48 96 192 193 205 397 590 987 b
1 2 3 6 12 24 48 96 192 193 205 397 794 987 b
1 2 3 6 12 24 48 96 192 193 217 385 602 987 a
1 2 3 6 12 24 48 96 192 193 217 385 770 987 a
1 2 3 6 12 24 48 96 192 193 385 397 590 987 b
1 2 3 6 12 24 48 96 192 193 385 397 794 987 b
1 2 3 6 12 24 48 96 192 193 385 409 578 987 a
1 2 3 6 12 24 48 96 192 193 385 409 602 987 b
1 2 3 6 12 24 48 96 192 193 385 409 794 987 b
1 2 3 6 12 24 48 96 192 193 385 578 602 987 b
1 2 3 6 12 24 48 96 192 193 385 578 963 987 b
1 2 3 6 12 24 48 96 192 193 385 770 794 987 b
1 2 3 6 12 24 48 96 192 193 385 770 963 987 b
1 2 3 6 12 24 48 96 192 195 198 396 591 987 b
1 2 3 6 12 24 48 96 192 195 198 396 792 987 b
1 2 3 6 12 24 48 96 192 195 201 393 594 987 b
1 2 3 6 12 24 48 96 192 195 201 393 786 987 b
1 2 3 6 12 24 48 96 192 195 201 396 591 987 b
1 2 3 6 12 24 48 96 192 195 201 396 792 987 b
1 2 3 6 12 24 48 96 192 195 204 396 591 987 a
1 2 3 6 12 24 48 96 192 195 204 396 792 987 a
1 2 3 6 12 24 48 96 192 195 207 390 597 987 a
1 2 3 6 12 24 48 96 192 195 207 390 780 987 a
1 2 3 6 12 24 48 96 192 195 219 384 603 987 a
1 2 3 6 12 24 48 96 192 195 219 384 768 987 a
1 2 3 6 12 24 48 96 192 195 384 396 591 987 a
1 2 3 6 12 24 48 96 192 195 384 396 792 987 a
1 2 3 6 12 24 48 96 192 195 384 408 579 987 a
1 2 3 6 12 24 48 96 192 195 384 408 603 987 a
1 2 3 6 12 24 48 96 192 195 384 408 792 987 a
1 2 3 6 12 24 48 96 192 195 384 579 603 987 a
1 2 3 6 12 24 48 96 192 195 384 579 963 987 a
1 2 3 6 12 24 48 96 192 195 384 768 792 987 a
1 2 3 6 12 24 48 96 192 195 384 768 963 987 a
1 2 3 6 12 24 48 96 192 195 390 396 591 987 b
1 2 3 6 12 24 48 96 192 195 390 396 792 987 b
1 2 3 6 12 24 48 96 192 195 390 402 585 987 a
1 2 3 6 12 24 48 96 192 195 390 402 597 987 b
1 2 3 6 12 24 48 96 192 195 390 402 792 987 b
1 2 3 6 12 24 48 96 192 195 390 585 597 987 b
1 2 3 6 12 24 48 96 192 195 390 585 975 987 b
1 2 3 6 12 24 48 96 192 195 390 780 792 987 b
1 2 3 6 12 24 48 96 192 195 390 780 975 987 b
1 2 3 6 12 24 48 96 192 198 201 393 594 987 b
1 2 3 6 12 24 48 96 192 198 201 393 786 987 b
1 2 3 6 12 24 48 96 192 198 246 492 495 987 b
1 2 3 6 12 24 48 96 192 198 246 492 984 987 b
1 2 3 6 12 24 48 96 192 198 294 492 495 987 b
1 2 3 6 12 24 48 96 192 198 294 492 984 987 b
1 2 3 6 12 24 48 96 192 198 396 399 588 987 a
1 2 3 6 12 24 48 96 192 198 396 399 591 987 b
1 2 3 6 12 24 48 96 192 198 396 399 795 987 b
1 2 3 6 12 24 48 96 192 198 396 492 495 987 b
1 2 3 6 12 24 48 96 192 198 396 492 984 987 b
1 2 3 6 12 24 48 96 192 198 396 588 591 987 b
1 2 3 6 12 24 48 96 192 198 396 588 984 987 b
1 2 3 6 12 24 48 96 192 198 396 792 795 987 b
1 2 3 6 12 24 48 96 192 198 396 792 984 987 b
1 2 3 6 12 24 48 96 192 204 288 492 495 987 a
1 2 3 6 12 24 48 96 192 204 288 492 984 987 a
1 2 3 6 12 24 48 96 192 204 300 492 495 987 b
1 2 3 6 12 24 48 96 192 204 300 492 984 987 b
1 2 3 6 12 24 48 96 192 204 396 399 588 987 a
1 2 3 6 12 24 48 96 192 204 396 399 591 987 b
1 2 3 6 12 24 48 96 192 204 396 399 795 987 b
1 2 3 6 12 24 48 96 192 204 396 492 495 987 b
1 2 3 6 12 24 48 96 192 204 396 492 984 987 b
1 2 3 6 12 24 48 96 192 204 396 588 591 987 b
1 2 3 6 12 24 48 96 192 204 396 588 984 987 b
1 2 3 6 12 24 48 96 192 204 396 792 795 987 b
1 2 3 6 12 24 48 96 192 204 396 792 984 987 b
1 2 3 6 12 24 48 96 192 216 219 384 603 987 a
1 2 3 6 12 24 48 96 192 216 219 384 768 987 a
1 2 3 6 12 24 48 96 192 216 384 387 600 987 a
1 2 3 6 12 24 48 96 192 216 384 387 603 987 a
1 2 3 6 12 24 48 96 192 216 384 387 771 987 a
1 2 3 6 12 24 48 96 192 216 384 600 603 987 a
1 2 3 6 12 24 48 96 192 216 384 600 984 987 a
1 2 3 6 12 24 48 96 192 216 384 768 771 987 a
1 2 3 6 12 24 48 96 192 216 384 768 984 987 a
1 2 3 6 12 24 48 96 192 240 246 492 495 987 b
1 2 3 6 12 24 48 96 192 240 246 492 984 987 b
1 2 3 6 12 24 48 96 192 240 252 492 495 987 b
1 2 3 6 12 24 48 96 192 240 252 492 984 987 b
1 2 3 6 12 24 48 96 192 240 480 483 504 987 a
1 2 3 6 12 24 48 96 192 240 480 483 507 987 b
1 2 3 6 12 24 48 96 192 240 480 483 963 987 b
1 2 3 6 12 24 48 96 192 240 480 492 495 987 b
1 2 3 6 12 24 48 96 192 240 480 492 984 987 b
1 2 3 6 12 24 48 96 192 240 480 504 507 987 b
1 2 3 6 12 24 48 96 192 240 480 504 984 987 b
1 2 3 6 12 24 48 96 192 240 480 960 963 987 b
1 2 3 6 12 24 48 96 192 240 480 960 984 987 b
1 2 3 6 12 24 48 96 192 288 300 492 495 987 b
1 2 3 6 12 24 48 96 192 288 300 492 984 987 b
1 2 3 6 12 24 48 96 192 288 480 483 504 987 a
1 2 3 6 12 24 48 96 192 288 480 483 507 987 b
1 2 3 6 12 24 48 96 192 288 480 483 963 987 b
1 2 3 6 12 24 48 96 192 288 480 492 495 987 b
1 2 3 6 12 24 48 96 192 288 480 492 984 987 b
1 2 3 6 12 24 48 96 192 288 480 504 507 987 b
1 2 3 6 12 24 48 96 192 288 480 504 984 987 b
1 2 3 6 12 24 48 96 192 288 480 960 963 987 b
1 2 3 6 12 24 48 96 192 288 480 960 984 987 b
1 2 3 6 12 24 48 96 192 384 387 408 579 987 a
1 2 3 6 12 24 48 96 192 384 387 408 600 987 a
1 2 3 6 12 24 48 96 192 384 387 408 795 987 a
1 2 3 6 12 24 48 96 192 384 387 411 576 987 a
1 2 3 6 12 24 48 96 192 384 387 411 603 987 b
1 2 3 6 12 24 48 96 192 384 387 411 795 987 b
1 2 3 6 12 24 48 96 192 384 387 576 600 987 a
1 2 3 6 12 24 48 96 192 384 387 576 963 987 a
1 2 3 6 12 24 48 96 192 384 387 579 603 987 b
1 2 3 6 12 24 48 96 192 384 387 579 963 987 b
1 2 3 6 12 24 48 96 192 384 387 771 795 987 b
1 2 3 6 12 24 48 96 192 384 387 771 963 987 b
1 2 3 6 12 24 48 96 192 384 396 399 588 987 a
1 2 3 6 12 24 48 96 192 384 396 399 591 987 b
1 2 3 6 12 24 48 96 192 384 396 399 795 987 b
1 2 3 6 12 24 48 96 192 384 396 492 495 987 b
1 2 3 6 12 24 48 96 192 384 396 492 984 987 b
1 2 3 6 12 24 48 96 192 384 396 588 591 987 b
1 2 3 6 12 24 48 96 192 384 396 588 984 987 b
1 2 3 6 12 24 48 96 192 384 396 792 795 987 b
1 2 3 6 12 24 48 96 192 384 396 792 984 987 b
1 2 3 6 12 24 48 96 192 384 408 411 576 987 a
1 2 3 6 12 24 48 96 192 384 408 411 603 987 b
1 2 3 6 12 24 48 96 192 384 408 411 795 987 b
1 2 3 6 12 24 48 96 192 384 408 576 579 987 a
1 2 3 6 12 24 48 96 192 384 408 576 984 987 a
1 2 3 6 12 24 48 96 192 384 408 600 603 987 b
1 2 3 6 12 24 48 96 192 384 408 600 984 987 b
1 2 3 6 12 24 48 96 192 384 408 792 795 987 b
1 2 3 6 12 24 48 96 192 384 408 792 984 987 b
1 2 3 6 12 24 48 96 192 384 480 483 504 987 a
1 2 3 6 12 24 48 96 192 384 480 483 507 987 b
1 2 3 6 12 24 48 96 192 384 480 483 963 987 b
1 2 3 6 12 24 48 96 192 384 480 492 495 987 b
1 2 3 6 12 24 48 96 192 384 480 492 984 987 b
1 2 3 6 12 24 48 96 192 384 480 504 507 987 b
1 2 3 6 12 24 48 96 192 384 480 504 984 987 b
1 2 3 6 12 24 48 96 192 384 480 960 963 987 b
1 2 3 6 12 24 48 96 192 384 480 960 984 987 b
1 2 3 6 12 24 48 96 192 384 576 579 603 987 b
1 2 3 6 12 24 48 96 192 384 576 579 963 987 b
1 2 3 6 12 24 48 96 192 384 576 600 603 987 b
1 2 3 6 12 24 48 96 192 384 576 600 984 987 b
1 2 3 6 12 24 48 96 192 384 576 960 963 987 b
1 2 3 6 12 24 48 96 192 384 576 960 984 987 b
1 2 3 6 12 24 48 96 192 384 768 771 795 987 b
1 2 3 6 12 24 48 96 192 384 768 771 963 987 b
1 2 3 6 12 24 48 96 192 384 768 792 795 987 b
1 2 3 6 12 24 48 96 192 384 768 792 984 987 b
1 2 3 6 12 24 48 96 192 384 768 960 963 987 b
1 2 3 6 12 24 48 96 192 384 768 960 984 987 b
1 2 4 5 9 10 20 40 80 160 169 329 658 987 b
1 2 4 5 9 10 20 40 80 160 320 329 658 987 b
1 2 4 5 9 11 20 40 80 160 169 329 658 987 b
1 2 4 5 9 11 20 40 80 160 320 329 658 987 b
1 2 4 5 9 18 20 40 80 160 169 329 658 987 b
1 2 4 5 9 18 20 40 80 160 320 329 658 987 b
1 2 4 5 9 18 22 40 80 160 169 329 658 987 b
1 2 4 5 9 18 22 40 80 160 320 329 658 987 b
1 2 4 5 9 18 23 41 82 164 165 329 658 987 b
1 2 4 5 9 18 23 41 82 164 328 329 658 987 b
1 2 4 5 9 18 27 54 81 162 167 329 658 987 b
1 2 4 5 9 18 27 54 81 162 324 329 658 987 b
1 2 4 5 9 18 27 54 108 113 216 329 658 987 a
1 2 4 5 9 18 27 54 108 113 221 329 658 987 b
1 2 4 5 9 18 27 54 108 162 167 329 658 987 b
1 2 4 5 9 18 27 54 108 162 324 329 658 987 b
1 2 4 5 9 18 27 54 108 216 221 329 658 987 b
1 2 4 5 9 18 27 54 108 216 324 329 658 987 b
1 2 4 5 9 18 36 37 73 146 183 329 658 987 b
1 2 4 5 9 18 36 37 73 146 292 329 658 987 b
1 2 4 5 9 18 36 40 80 160 169 329 658 987 b
1 2 4 5 9 18 36 40 80 160 320 329 658 987 b
1 2 4 5 9 18 36 41 72 144 185 329 658 987 a
1 2 4 5 9 18 36 41 72 144 288 329 658 987 a
1 2 4 5 9 18 36 41 82 164 165 329 658 987 b
1 2 4 5 9 18 36 41 82 164 328 329 658 987 b
1 2 4 5 9 18 36 45 81 162 167 329 658 987 b
1 2 4 5 9 18 36 45 81 162 324 329 658 987 b
1 2 4 5 9 18 36 54 108 113 216 329 658 987 a
1 2 4 5 9 18 36 54 108 113 221 329 658 987 b
1 2 4 5 9 18 36 54 108 162 167 329 658 987 b
1 2 4 5 9 18 36 54 108 162 324 329 658 987 b
1 2 4 5 9 18 36 54 108 216 221 329 658 987 b
1 2 4 5 9 18 36 54 108 216 324 329 658 987 b
1 2 4 5 9 18 36 72 81 162 167 329 658 987 b
1 2 4 5 9 18 36 72 81 162 324 329 658 987 b
1 2 4 5 9 18 36 72 90 162 167 329 658 987 b
1 2 4 5 9 18 36 72 90 162 324 329 658 987 b
1 2 4 5 9 18 36 72 108 113 216 329 658 987 a
1 2 4 5 9 18 36 72 108 113 221 329 658 987 b
1 2 4 5 9 18 36 72 108 216 221 329 658 987 b
1 2 4 5 9 18 36 72 108 216 324 329 658 987 b
1 2 4 5 9 18 36 72 144 149 180 329 658 987 a
1 2 4 5 9 18 36 72 144 149 185 329 658 987 b
1 2 4 5 9 18 36 72 144 149 293 329 658 987 b
1 2 4 5 9 18 36 72 144 162 167 329 658 987 b
1 2 4 5 9 18 36 72 144 162 324 329 658 987 b
1 2 4 5 9 18 36 72 144 180 185 329 658 987 b
1 2 4 5 9 18 36 72 144 180 324 329 658 987 b
1 2 4 5 9 18 36 72 144 288 293 329 658 987 b
1 2 4 5 9 18 36 72 144 288 324 329 658 987 b
1 2 4 5 10 20 21 41 82 164 165 329 658 987 b
1 2 4 5 10 20 21 41 82 164 328 329 658 987 b
1 2 4 5 10 20 40 41 81 162 167 329 658 987 b
1 2 4 5 10 20 40 41 81 162 324 329 658 987 b
1 2 4 5 10 20 40 41 82 164 165 329 658 987 b
1 2 4 5 10 20 40 41 82 164 328 329 658 987 b
1 2 4 5 10 20 40 42 82 164 165 329 658 987 b
1 2 4 5 10 20 40 42 82 164 328 329 658 987 b
1 2 4 5 10 20 40 80 81 162 167 329 658 987 b
1 2 4 5 10 20 40 80 81 162 324 329 658 987 b
1 2 4 5 10 20 40 80 82 162 167 329 658 987 b
1 2 4 5 10 20 40 80 82 162 324 329 658 987 b
1 2 4 5 10 20 40 80 82 164 165 329 658 987 b
1 2 4 5 10 20 40 80 82 164 328 329 658 987 b
1 2 4 5 10 20 40 80 84 164 165 329 658 987 b
1 2 4 5 10 20 40 80 84 164 328 329 658 987 b
1 2 4 5 10 20 40 80 160 162 167 329 658 987 b
1 2 4 5 10 20 40 80 160 162 324 329 658 987 b
1 2 4 5 10 20 40 80 160 164 165 329 658 987 b
1 2 4 5 10 20 40 80 160 164 169 329 658 987 b
1 2 4 5 10 20 40 80 160 164 324 329 658 987 b
1 2 4 5 10 20 40 80 160 164 328 329 658 987 b
1 2 4 5 10 20 40 80 160 165 169 329 658 987 b
1 2 4 5 10 20 40 80 160 165 325 329 658 987 b
1 2 4 5 10 20 40 80 160 320 324 329 658 987 b
1 2 4 5 10 20 40 80 160 320 325 329 658 987 b
1 2 4 6 10 20 21 41 82 164 165 329 658 987 b
1 2 4 6 10 20 21 41 82 164 328 329 658 987 b
1 2 4 6 10 20 40 41 82 164 165 329 658 987 b
1 2 4 6 10 20 40 41 82 164 328 329 658 987 b
1 2 4 6 10 20 40 42 82 164 165 329 658 987 b
1 2 4 6 10 20 40 42 82 164 328 329 658 987 b
1 2 4 6 10 20 40 80 82 164 165 329 658 987 b
1 2 4 6 10 20 40 80 82 164 328 329 658 987 b
1 2 4 6 10 20 40 80 84 164 165 329 658 987 b
1 2 4 6 10 20 40 80 84 164 328 329 658 987 b
1 2 4 6 10 20 40 80 160 164 165 329 658 987 b
1 2 4 6 10 20 40 80 160 164 328 329 658 987 b
1 2 4 6 12 13 25 38 76 152 177 329 658 987 b
1 2 4 6 12 13 25 38 76 152 304 329 658 987 b
1 2 4 6 12 18 36 37 73 146 183 329 658 987 b
1 2 4 6 12 18 36 37 73 146 292 329 658 987 b
1 2 4 6 12 24 36 37 73 146 183 329 658 987 b
1 2 4 6 12 24 36 37 73 146 292 329 658 987 b
1 2 4 6 12 24 48 96 192 193 204 397 590 987 a
1 2 4 6 12 24 48 96 192 193 204 397 794 987 a
1 2 4 6 12 24 48 96 192 193 205 397 590 987 b
1 2 4 6 12 24 48 96 192 193 205 397 794 987 b
1 2 4 6 12 24 48 96 192 193 217 385 602 987 a
1 2 4 6 12 24 48 96 192 193 217 385 770 987 a
1 2 4 6 12 24 48 96 192 193 385 397 590 987 b
1 2 4 6 12 24 48 96 192 193 385 397 794 987 b
1 2 4 6 12 24 48 96 192 193 385 409 578 987 a
1 2 4 6 12 24 48 96 192 193 385 409 602 987 b
1 2 4 6 12 24 48 96 192 193 385 409 794 987 b
1 2 4 6 12 24 48 96 192 193 385 578 602 987 b
1 2 4 6 12 24 48 96 192 193 385 578 963 987 b
1 2 4 6 12 24 48 96 192 193 385 770 794 987 b
1 2 4 6 12 24 48 96 192 193 385 770 963 987 b
1 2 4 8 9 10 20 40 80 160 169 329 658 987 b
1 2 4 8 9 10 20 40 80 160 320 329 658 987 b
1 2 4 8 9 11 20 40 80 160 169 329 658 987 b
1 2 4 8 9 11 20 40 80 160 320 329 658 987 b
1 2 4 8 9 12 20 40 80 160 169 329 658 987 a
1 2 4 8 9 12 20 40 80 160 320 329 658 987 a
1 2 4 8 9 12 24 48 96 192 201 393 594 987 a
1 2 4 8 9 12 24 48 96 192 201 393 786 987 a
1 2 4 8 9 16 20 40 80 160 169 329 658 987 a
1 2 4 8 9 16 20 40 80 160 320 329 658 987 a
1 2 4 8 9 16 24 40 80 160 169 329 658 987 a
1 2 4 8 9 16 24 40 80 160 320 329 658 987 a
1 2 4 8 9 16 24 48 96 192 201 393 594 987 a
1 2 4 8 9 16 24 48 96 192 201 393 786 987 a
1 2 4 8 9 16 25 41 82 164 165 329 658 987 a
1 2 4 8 9 16 25 41 82 164 328 329 658 987 a
1 2 4 8 9 16 32 40 80 160 169 329 658 987 a
1 2 4 8 9 16 32 40 80 160 320 329 658 987 a
1 2 4 8 9 16 32 41 82 164 165 329 658 987 a
1 2 4 8 9 16 32 41 82 164 328 329 658 987 a
1 2 4 8 9 16 32 48 80 160 169 329 658 987 a
1 2 4 8 9 16 32 48 80 160 320 329 658 987 a
1 2 4 8 9 16 32 48 96 192 201 393 594 987 a
1 2 4 8 9 16 32 48 96 192 201 393 786 987 a
1 2 4 8 9 16 32 64 73 128 201 329 658 987 a
1 2 4 8 9 16 32 64 73 128 256 329 658 987 a
1 2 4 8 9 16 32 64 80 160 169 329 658 987 a
1 2 4 8 9 16 32 64 80 160 320 329 658 987 a
1 2 4 8 9 16 32 64 96 160 169 329 658 987 a
1 2 4 8 9 16 32 64 96 160 320 329 658 987 a
1 2 4 8 9 16 32 64 96 192 201 393 594 987 a
1 2 4 8 9 16 32 64 96 192 201 393 786 987 a
1 2 4 8 9 16 32 64 128 137 192 329 658 987 a
1 2 4 8 9 16 32 64 128 137 201 329 658 987 a
1 2 4 8 9 16 32 64 128 137 265 329 658 987 a
1 2 4 8 9 16 32 64 128 160 169 329 658 987 a
1 2 4 8 9 16 32 64 128 160 320 329 658 987 a
1 2 4 8 9 16 32 64 128 192 201 329 658 987 a
1 2 4 8 9 16 32 64 128 192 201 393 594 987 a
1 2 4 8 9 16 32 64 128 192 201 393 786 987 a
1 2 4 8 9 16 32 64 128 192 320 329 658 987 a
1 2 4 8 9 16 32 64 128 256 265 329 658 987 a
1 2 4 8 9 16 32 64 128 256 320 329 658 987 a
1 2 4 8 9 17 26 52 78 156 173 329 658 987 b
1 2 4 8 9 17 26 52 78 156 312 329 658 987 b
1 2 4 8 9 17 26 52 104 121 208 329 658 987 a
1 2 4 8 9 17 26 52 104 121 225 329 658 987 b
1 2 4 8 9 17 26 52 104 156 173 329 658 987 b
1 2 4 8 9 17 26 52 104 156 312 329 658 987 b
1 2 4 8 9 17 26 52 104 208 225 329 658 987 b
1 2 4 8 9 17 26 52 104 208 312 329 658 987 b
1 2 4 8 9 18 20 40 80 160 169 329 658 987 b
1 2 4 8 9 18 20 40 80 160 320 329 658 987 b
1 2 4 8 9 18 22 40 80 160 169 329 658 987 b
1 2 4 8 9 18 22 40 80 160 320 329 658 987 b
1 2 4 8 9 18 36 37 73 146 183 329 658 987 b
1 2 4 8 9 18 36 37 73 146 292 329 658 987 b
1 2 4 8 9 18 36 40 80 160 169 329 658 987 b
1 2 4 8 9 18 36 40 80 160 320 329 658 987 b
1 2 4 8 9 18 36 44 80 160 169 329 658 987 b
1 2 4 8 9 18 36 44 80 160 320 329 658 987 b
1 2 4 8 9 18 36 72 80 160 169 329 658 987 b
1 2 4 8 9 18 36 72 80 160 320 329 658 987 b
1 2 4 8 10 18 36 37 73 146 183 329 658 987 b
1 2 4 8 10 18 36 37 73 146 292 329 658 987 b
1 2 4 8 10 18 36 46 82 164 165 329 658 987 b
1 2 4 8 10 18 36 46 82 164 328 329 658 987 b
1 2 4 8 10 18 36 72 82 164 165 329 658 987 b
1 2 4 8 10 18 36 72 82 164 328 329 658 987 b
1 2 4 8 10 20 21 41 82 164 165 329 658 987 b
1 2 4 8 10 20 21 41 82 164 328 329 658 987 b
1 2 4 8 10 20 40 41 82 164 165 329 658 987 b
1 2 4 8 10 20 40 41 82 164 328 329 658 987 b
1 2 4 8 10 20 40 42 82 164 165 329 658 987 b
1 2 4 8 10 20 40 42 82 164 328 329 658 987 b
1 2 4 8 10 20 40 80 82 164 165 329 658 987 b
1 2 4 8 10 20 40 80 82 164 328 329 658 987 b
1 2 4 8 10 20 40 80 84 164 165 329 658 987 b
1 2 4 8 10 20 40 80 84 164 328 329 658 987 b
1 2 4 8 10 20 40 80 160 161 168 329 658 987 a
1 2 4 8 10 20 40 80 160 161 169 329 658 987 b
1 2 4 8 10 20 40 80 160 161 321 329 658 987 b
1 2 4 8 10 20 40 80 160 164 165 329 658 987 b
1 2 4 8 10 20 40 80 160 164 328 329 658 987 b
1 2 4 8 10 20 40 80 160 168 169 329 658 987 b
1 2 4 8 10 20 40 80 160 168 328 329 658 987 b
1 2 4 8 10 20 40 80 160 320 321 329 658 987 b
1 2 4 8 10 20 40 80 160 320 328 329 658 987 b
1 2 4 8 12 13 25 38 76 152 177 329 658 987 b
1 2 4 8 12 13 25 38 76 152 304 329 658 987 b
1 2 4 8 12 20 21 41 82 164 165 329 658 987 b
1 2 4 8 12 20 21 41 82 164 328 329 658 987 b
1 2 4 8 12 20 40 41 82 164 165 329 658 987 b
1 2 4 8 12 20 40 41 82 164 328 329 658 987 b
1 2 4 8 12 20 40 42 82 164 165 329 658 987 b
1 2 4 8 12 20 40 42 82 164 328 329 658 987 b
1 2 4 8 12 20 40 80 82 164 165 329 658 987 b
1 2 4 8 12 20 40 80 82 164 328 329 658 987 b
1 2 4 8 12 20 40 80 84 164 165 329 658 987 b
1 2 4 8 12 20 40 80 84 164 328 329 658 987 b
1 2 4 8 12 20 40 80 160 161 168 329 658 987 a
1 2 4 8 12 20 40 80 160 161 169 329 658 987 b
1 2 4 8 12 20 40 80 160 161 321 329 658 987 b
1 2 4 8 12 20 40 80 160 161 321 333 654 987 b
1 2 4 8 12 20 40 80 160 161 321 333 666 987 b
1 2 4 8 12 20 40 80 160 164 165 329 658 987 b
1 2 4 8 12 20 40 80 160 164 328 329 658 987 b
1 2 4 8 12 20 40 80 160 168 169 329 658 987 b
1 2 4 8 12 20 40 80 160 168 328 329 658 987 b
1 2 4 8 12 20 40 80 160 320 321 329 658 987 b
1 2 4 8 12 20 40 80 160 320 321 333 654 987 b
1 2 4 8 12 20 40 80 160 320 321 333 666 987 b
1 2 4 8 12 20 40 80 160 320 328 329 658 987 b
1 2 4 8 12 24 36 37 73 146 183 329 658 987 b
1 2 4 8 12 24 36 37 73 146 292 329 658 987 b
1 2 4 8 12 24 48 96 192 193 201 393 594 987 b
1 2 4 8 12 24 48 96 192 193 201 393 786 987 b
1 2 4 8 12 24 48 96 192 193 204 397 590 987 a
1 2 4 8 12 24 48 96 192 193 204 397 794 987 a
1 2 4 8 12 24 48 96 192 193 205 397 590 987 b
1 2 4 8 12 24 48 96 192 193 205 397 794 987 b
1 2 4 8 12 24 48 96 192 193 217 385 602 987 a
1 2 4 8 12 24 48 96 192 193 217 385 770 987 a
1 2 4 8 12 24 48 96 192 193 385 397 590 987 b
1 2 4 8 12 24 48 96 192 193 385 397 794 987 b
1 2 4 8 12 24 48 96 192 193 385 409 578 987 a
1 2 4 8 12 24 48 96 192 193 385 409 602 987 b
1 2 4 8 12 24 48 96 192 193 385 409 794 987 b
1 2 4 8 12 24 48 96 192 193 385 578 602 987 b
1 2 4 8 12 24 48 96 192 193 385 578 963 987 b
1 2 4 8 12 24 48 96 192 193 385 770 794 987 b
1 2 4 8 12 24 48 96 192 193 385 770 963 987 b
1 2 4 8 12 24 48 96 192 200 201 393 594 987 b
1 2 4 8 12 24 48 96 192 200 201 393 786 987 b
1 2 4 8 16 17 24 41 82 164 165 329 658 987 a
1 2 4 8 16 17 24 41 82 164 328 329 658 987 a
1 2 4 8 16 17 25 41 82 164 165 329 658 987 b
1 2 4 8 16 17 25 41 82 164 328 329 658 987 b
1 2 4 8 16 17 33 37 74 148 181 329 658 987 b
1 2 4 8 16 17 33 37 74 148 296 329 658 987 b
1 2 4 8 16 17 33 41 74 148 181 329 658 987 b
1 2 4 8 16 17 33 41 74 148 296 329 658 987 b
1 2 4 8 16 17 33 41 82 164 165 329 658 987 b
1 2 4 8 16 17 33 41 82 164 328 329 658 987 b
1 2 4 8 16 17 33 49 82 164 165 329 658 987 b
1 2 4 8 16 17 33 49 82 164 328 329 658 987 b
1 2 4 8 16 17 33 66 74 148 181 329 658 987 b
1 2 4 8 16 17 33 66 74 148 296 329 658 987 b
1 2 4 8 16 17 33 66 82 148 181 329 658 987 b
1 2 4 8 16 17 33 66 82 148 296 329 658 987 b
1 2 4 8 16 17 33 66 82 164 165 329 658 987 b
1 2 4 8 16 17 33 66 82 164 328 329 658 987 b
1 2 4 8 16 17 33 66 99 115 214 329 658 987 b
1 2 4 8 16 17 33 66 99 115 230 329 658 987 b
1 2 4 8 16 17 33 66 132 148 181 329 658 987 b
1 2 4 8 16 17 33 66 132 148 296 329 658 987 b
1 2 4 8 16 18 32 50 82 164 165 329 658 987 a
1 2 4 8 16 18 32 50 82 164 328 329 658 987 a
1 2 4 8 16 18 32 64 82 164 165 329 658 987 a
1 2 4 8 16 18 32 64 82 164 328 329 658 987 a
1 2 4 8 16 18 36 37 73 146 183 329 658 987 b
1 2 4 8 16 18 36 37 73 146 292 329 658 987 b
1 2 4 8 16 20 21 41 82 164 165 329 658 987 b
1 2 4 8 16 20 21 41 82 164 328 329 658 987 b
1 2 4 8 16 20 36 37 73 146 183 329 658 987 b
1 2 4 8 16 20 36 37 73 146 292 329 658 987 b
1 2 4 8 16 20 36 72 92 164 165 329 658 987 b
1 2 4 8 16 20 36 72 92 164 328 329 658 987 b
1 2 4 8 16 20 36 72 144 164 165 329 658 987 b
1 2 4 8 16 20 36 72 144 164 328 329 658 987 b
1 2 4 8 16 20 40 41 82 164 165 329 658 987 b
1 2 4 8 16 20 40 41 82 164 328 329 658 987 b
1 2 4 8 16 20 40 42 82 164 165 329 658 987 b
1 2 4 8 16 20 40 42 82 164 328 329 658 987 b
1 2 4 8 16 20 40 80 82 164 165 329 658 987 b
1 2 4 8 16 20 40 80 82 164 328 329 658 987 b
1 2 4 8 16 20 40 80 84 164 165 329 658 987 b
1 2 4 8 16 20 40 80 84 164 328 329 658 987 b
1 2 4 8 16 20 40 80 160 161 168 329 658 987 a
1 2 4 8 16 20 40 80 160 161 169 329 658 987 b
1 2 4 8 16 20 40 80 160 161 321 329 658 987 b
1 2 4 8 16 20 40 80 160 164 165 329 658 987 b
1 2 4 8 16 20 40 80 160 164 328 329 658 987 b
1 2 4 8 16 20 40 80 160 168 169 329 658 987 b
1 2 4 8 16 20 40 80 160 168 328 329 658 987 b
1 2 4 8 16 20 40 80 160 320 321 329 658 987 b
1 2 4 8 16 20 40 80 160 320 328 329 658 987 b
1 2 4 8 16 24 25 41 82 164 165 329 658 987 b
1 2 4 8 16 24 25 41 82 164 328 329 658 987 b
1 2 4 8 16 24 40 41 82 164 165 329 658 987 b
1 2 4 8 16 24 40 41 82 164 328 329 658 987 b
1 2 4 8 16 24 40 42 82 164 165 329 658 987 b
1 2 4 8 16 24 40 42 82 164 328 329 658 987 b
1 2 4 8 16 24 40 80 82 164 165 329 658 987 b
1 2 4 8 16 24 40 80 82 164 328 329 658 987 b
1 2 4 8 16 24 40 80 84 164 165 329 658 987 b
1 2 4 8 16 24 40 80 84 164 328 329 658 987 b
1 2 4 8 16 24 40 80 160 161 168 329 658 987 a
1 2 4 8 16 24 40 80 160 161 169 329 658 987 b
1 2 4 8 16 24 40 80 160 161 321 329 658 987 b
1 2 4 8 16 24 40 80 160 161 321 345 642 987 a
1 2 4 8 16 24 40 80 160 161 321 345 666 987 b
1 2 4 8 16 24 40 80 160 161 321 642 666 987 b
1 2 4 8 16 24 40 80 160 161 321 642 963 987 b
1 2 4 8 16 24 40 80 160 164 165 329 658 987 b
1 2 4 8 16 24 40 80 160 164 328 329 658 987 b
1 2 4 8 16 24 40 80 160 168 169 329 658 987 b
1 2 4 8 16 24 40 80 160 168 328 329 658 987 b
1 2 4 8 16 24 40 80 160 320 321 329 658 987 b
1 2 4 8 16 24 40 80 160 320 321 345 642 987 a
1 2 4 8 16 24 40 80 160 320 321 345 666 987 b
1 2 4 8 16 24 40 80 160 320 321 642 666 987 b
1 2 4 8 16 24 40 80 160 320 321 642 963 987 b
1 2 4 8 16 24 40 80 160 320 328 329 658 987 b
1 2 4 8 16 24 48 96 192 193 201 393 594 987 b
1 2 4 8 16 24 48 96 192 193 201 393 786 987 b
1 2 4 8 16 24 48 96 192 193 217 385 602 987 a
1 2 4 8 16 24 48 96 192 193 217 385 770 987 a
1 2 4 8 16 24 48 96 192 193 385 409 578 987 a
1 2 4 8 16 24 48 96 192 193 385 409 602 987 b
1 2 4 8 16 24 48 96 192 193 385 409 794 987 b
1 2 4 8 16 24 48 96 192 193 385 578 602 987 b
1 2 4 8 16 24 48 96 192 193 385 578 963 987 b
1 2 4 8 16 24 48 96 192 193 385 770 794 987 b
1 2 4 8 16 24 48 96 192 193 385 770 963 987 b
1 2 4 8 16 24 48 96 192 200 201 393 594 987 b
1 2 4 8 16 24 48 96 192 200 201 393 786 987 b
1 2 4 8 16 32 33 37 74 148 181 329 658 987 b
1 2 4 8 16 32 33 37 74 148 296 329 658 987 b
1 2 4 8 16 32 33 41 74 148 181 329 658 987 b
1 2 4 8 16 32 33 41 74 148 296 329 658 987 b
1 2 4 8 16 32 33 41 82 164 165 329 658 987 b
1 2 4 8 16 32 33 41 82 164 328 329 658 987 b
1 2 4 8 16 32 33 49 82 164 165 329 658 987 b
1 2 4 8 16 32 33 49 82 164 328 329 658 987 b
1 2 4 8 16 32 33 65 66 132 197 329 658 987 b
1 2 4 8 16 32 33 65 66 132 264 329 658 987 b
1 2 4 8 16 32 33 65 67 132 197 329 658 987 b
1 2 4 8 16 32 33 65 67 132 264 329 658 987 b
1 2 4 8 16 32 33 65 69 130 199 329 658 987 a
1 2 4 8 16 32 33 65 69 130 260 329 658 987 a
1 2 4 8 16 32 33 65 130 132 197 329 658 987 b
1 2 4 8 16 32 33 65 130 132 264 329 658 987 b
1 2 4 8 16 32 33 65 130 134 195 329 658 987 a
1 2 4 8 16 32 33 65 130 134 199 329 658 987 b
1 2 4 8 16 32 33 65 130 134 264 329 658 987 b
1 2 4 8 16 32 33 65 130 195 199 329 658 987 b
1 2 4 8 16 32 33 65 130 195 199 394 593 987 b
1 2 4 8 16 32 33 65 130 195 199 394 788 987 b
1 2 4 8 16 32 33 65 130 195 325 329 658 987 b
1 2 4 8 16 32 33 65 130 260 264 329 658 987 b
1 2 4 8 16 32 33 65 130 260 325 329 658 987 b
1 2 4 8 16 32 33 66 74 148 181 329 658 987 b
1 2 4 8 16 32 33 66 74 148 296 329 658 987 b
1 2 4 8 16 32 33 66 82 148 181 329 658 987 b
1 2 4 8 16 32 33 66 82 148 296 329 658 987 b
1 2 4 8 16 32 33 66 82 164 165 329 658 987 b
1 2 4 8 16 32 33 66 82 164 328 329 658 987 b
1 2 4 8 16 32 33 66 98 164 165 329 658 987 b
1 2 4 8 16 32 33 66 98 164 328 329 658 987 b
1 2 4 8 16 32 33 66 99 115 214 329 658 987 b
1 2 4 8 16 32 33 66 99 115 230 329 658 987 b
1 2 4 8 16 32 33 66 99 131 198 329 658 987 a
1 2 4 8 16 32 33 66 99 131 230 329 658 987 b
1 2 4 8 16 32 33 66 99 198 230 329 658 987 b
1 2 4 8 16 32 33 66 99 198 297 329 658 987 b
1 2 4 8 16 32 33 66 132 148 181 329 658 987 b
1 2 4 8 16 32 33 66 132 148 296 329 658 987 b
1 2 4 8 16 32 33 66 132 164 165 329 658 987 b
1 2 4 8 16 32 33 66 132 164 197 329 658 987 b
1 2 4 8 16 32 33 66 132 164 296 329 658 987 b
1 2 4 8 16 32 33 66 132 164 328 329 658 987 b
1 2 4 8 16 32 33 66 132 165 197 329 658 987 b
1 2 4 8 16 32 33 66 132 165 297 329 658 987 b
1 2 4 8 16 32 33 66 132 264 296 329 658 987 b
1 2 4 8 16 32 33 66 132 264 297 329 658 987 b
1 2 4 8 16 32 34 48 82 164 165 329 658 987 a
1 2 4 8 16 32 34 48 82 164 328 329 658 987 a
1 2 4 8 16 32 34 50 82 164 165 329 658 987 b
1 2 4 8 16 32 34 50 82 164 328 329 658 987 b
1 2 4 8 16 32 34 66 82 164 165 329 658 987 b
1 2 4 8 16 32 34 66 82 164 328 329 658 987 b
1 2 4 8 16 32 34 66 98 164 165 329 658 987 b
1 2 4 8 16 32 34 66 98 164 328 329 658 987 b
1 2 4 8 16 32 34 66 132 164 165 329 658 987 b
1 2 4 8 16 32 34 66 132 164 328 329 658 987 b
1 2 4 8 16 32 36 37 73 146 183 329 658 987 b
1 2 4 8 16 32 36 37 73 146 292 329 658 987 b
1 2 4 8 16 32 36 64 100 164 165 329 658 987 a
1 2 4 8 16 32 36 64 100 164 328 329 658 987 a
1 2 4 8 16 32 36 64 128 164 165 329 658 987 a
1 2 4 8 16 32 36 64 128 164 328 329 658 987 a
1 2 4 8 16 32 40 41 72 144 185 329 658 987 a
1 2 4 8 16 32 40 41 72 144 288 329 658 987 a
1 2 4 8 16 32 40 41 82 164 165 329 658 987 b
1 2 4 8 16 32 40 41 82 164 328 329 658 987 b
1 2 4 8 16 32 40 42 82 164 165 329 658 987 b
1 2 4 8 16 32 40 42 82 164 328 329 658 987 b
1 2 4 8 16 32 40 72 144 145 184 329 658 987 a
1 2 4 8 16 32 40 72 144 145 185 329 658 987 b
1 2 4 8 16 32 40 72 144 145 289 329 658 987 b
1 2 4 8 16 32 40 72 144 184 185 329 658 987 b
1 2 4 8 16 32 40 72 144 184 328 329 658 987 b
1 2 4 8 16 32 40 72 144 288 289 329 658 987 b
1 2 4 8 16 32 40 72 144 288 328 329 658 987 b
1 2 4 8 16 32 40 80 82 164 165 329 658 987 b
1 2 4 8 16 32 40 80 82 164 328 329 658 987 b
1 2 4 8 16 32 40 80 84 164 165 329 658 987 b
1 2 4 8 16 32 40 80 84 164 328 329 658 987 b
1 2 4 8 16 32 40 80 160 161 168 329 658 987 a
1 2 4 8 16 32 40 80 160 161 169 329 658 987 b
1 2 4 8 16 32 40 80 160 161 321 329 658 987 b
1 2 4 8 16 32 40 80 160 164 165 329 658 987 b
1 2 4 8 16 32 40 80 160 164 328 329 658 987 b
1 2 4 8 16 32 40 80 160 168 169 329 658 987 b
1 2 4 8 16 32 40 80 160 168 328 329 658 987 b
1 2 4 8 16 32 40 80 160 320 321 329 658 987 b
1 2 4 8 16 32 40 80 160 320 328 329 658 987 b
1 2 4 8 16 32 48 50 82 164 165 329 658 987 b
1 2 4 8 16 32 48 50 82 164 328 329 658 987 b
1 2 4 8 16 32 48 80 82 164 165 329 658 987 b
1 2 4 8 16 32 48 80 82 164 328 329 658 987 b
1 2 4 8 16 32 48 80 84 164 165 329 658 987 b
1 2 4 8 16 32 48 80 84 164 328 329 658 987 b
1 2 4 8 16 32 48 80 160 161 168 329 658 987 a
1 2 4 8 16 32 48 80 160 161 169 329 658 987 b
1 2 4 8 16 32 48 80 160 161 321 329 658 987 b
1 2 4 8 16 32 48 80 160 164 165 329 658 987 b
1 2 4 8 16 32 48 80 160 164 328 329 658 987 b
1 2 4 8 16 32 48 80 160 168 169 329 658 987 b
1 2 4 8 16 32 48 80 160 168 328 329 658 987 b
1 2 4 8 16 32 48 80 160 320 321 329 658 987 b
1 2 4 8 16 32 48 80 160 320 328 329 658 987 b
1 2 4 8 16 32 48 96 192 193 201 393 594 987 b
1 2 4 8 16 32 48 96 192 193 201 393 786 987 b
1 2 4 8 16 32 48 96 192 200 201 393 594 987 b
1 2 4 8 16 32 48 96 192 200 201 393 786 987 b
1 2 4 8 16 32 64 65 66 132 197 329 658 987 b
1 2 4 8 16 32 64 65 66 132 264 329 658 987 b
1 2 4 8 16 32 64 65 67 131 198 329 658 987 b
1 2 4 8 16 32 64 65 67 131 262 329 658 987 b
1 2 4 8 16 32 64 65 67 132 197 329 658 987 b
1 2 4 8 16 32 64 65 67 132 264 329 658 987 b
1 2 4 8 16 32 64 65 68 132 197 329 658 987 a
1 2 4 8 16 32 64 65 68 132 264 329 658 987 a
1 2 4 8 16 32 64 65 69 130 199 329 658 987 a
1 2 4 8 16 32 64 65 69 130 260 329 658 987 a
1 2 4 8 16 32 64 65 73 128 201 329 658 987 a
1 2 4 8 16 32 64 65 73 128 256 329 658 987 a
1 2 4 8 16 32 64 65 128 132 197 329 658 987 a
1 2 4 8 16 32 64 65 128 132 264 329 658 987 a
1 2 4 8 16 32 64 65 128 136 193 329 658 987 a
1 2 4 8 16 32 64 65 128 136 201 329 658 987 a
1 2 4 8 16 32 64 65 128 136 264 329 658 987 a
1 2 4 8 16 32 64 65 128 193 201 329 658 987 a
1 2 4 8 16 32 64 65 128 193 321 329 658 987 a
1 2 4 8 16 32 64 65 128 256 264 329 658 987 a
1 2 4 8 16 32 64 65 128 256 321 329 658 987 a
1 2 4 8 16 32 64 65 130 132 197 329 658 987 b
1 2 4 8 16 32 64 65 130 132 264 329 658 987 b
1 2 4 8 16 32 64 65 130 134 195 329 658 987 a
1 2 4 8 16 32 64 65 130 134 199 329 658 987 b
1 2 4 8 16 32 64 65 130 134 264 329 658 987 b
1 2 4 8 16 32 64 65 130 195 199 329 658 987 b
1 2 4 8 16 32 64 65 130 195 199 394 593 987 b
1 2 4 8 16 32 64 65 130 195 199 394 788 987 b
1 2 4 8 16 32 64 65 130 195 325 329 658 987 b
1 2 4 8 16 32 64 65 130 260 264 329 658 987 b
1 2 4 8 16 32 64 65 130 260 325 329 658 987 b
1 2 4 8 16 32 64 66 67 131 198 329 658 987 b
1 2 4 8 16 32 64 66 67 131 262 329 658 987 b
1 2 4 8 16 32 64 66 82 164 165 329 658 987 b
1 2 4 8 16 32 64 66 82 164 328 329 658 987 b
1 2 4 8 16 32 64 66 98 164 165 329 658 987 b
1 2 4 8 16 32 64 66 98 164 328 329 658 987 b
1 2 4 8 16 32 64 66 132 133 196 329 658 987 a
1 2 4 8 16 32 64 66 132 133 197 329 658 987 b
1 2 4 8 16 32 64 66 132 133 265 329 658 987 b
1 2 4 8 16 32 64 66 132 164 165 329 658 987 b
1 2 4 8 16 32 64 66 132 164 328 329 658 987 b
1 2 4 8 16 32 64 66 132 196 197 329 658 987 b
1 2 4 8 16 32 64 66 132 196 328 329 658 987 b
1 2 4 8 16 32 64 66 132 264 265 329 658 987 b
1 2 4 8 16 32 64 66 132 264 328 329 658 987 b
1 2 4 8 16 32 64 68 96 164 165 329 658 987 a
1 2 4 8 16 32 64 68 96 164 328 329 658 987 a
1 2 4 8 16 32 64 68 100 164 165 329 658 987 b
1 2 4 8 16 32 64 68 100 164 328 329 658 987 b
1 2 4 8 16 32 64 68 132 133 196 329 658 987 a
1 2 4 8 16 32 64 68 132 133 197 329 658 987 b
1 2 4 8 16 32 64 68 132 133 265 329 658 987 b
1 2 4 8 16 32 64 68 132 164 165 329 658 987 b
1 2 4 8 16 32 64 68 132 164 328 329 658 987 b
1 2 4 8 16 32 64 68 132 196 197 329 658 987 b
1 2 4 8 16 32 64 68 132 196 328 329 658 987 b
1 2 4 8 16 32 64 68 132 264 265 329 658 987 b
1 2 4 8 16 32 64 68 132 264 328 329 658 987 b
1 2 4 8 16 32 64 72 73 128 201 329 658 987 a
1 2 4 8 16 32 64 72 73 128 256 329 658 987 a
1 2 4 8 16 32 64 72 128 129 200 329 658 987 a
1 2 4 8 16 32 64 72 128 129 201 329 658 987 a
1 2 4 8 16 32 64 72 128 129 257 329 658 987 a
1 2 4 8 16 32 64 72 128 200 201 329 658 987 a
1 2 4 8 16 32 64 72 128 200 328 329 658 987 a
1 2 4 8 16 32 64 72 128 256 257 329 658 987 a
1 2 4 8 16 32 64 72 128 256 328 329 658 987 a
1 2 4 8 16 32 64 80 82 164 165 329 658 987 b
1 2 4 8 16 32 64 80 82 164 328 329 658 987 b
1 2 4 8 16 32 64 80 84 164 165 329 658 987 b
1 2 4 8 16 32 64 80 84 164 328 329 658 987 b
1 2 4 8 16 32 64 80 160 161 168 329 658 987 a
1 2 4 8 16 32 64 80 160 161 169 329 658 987 b
1 2 4 8 16 32 64 80 160 161 321 329 658 987 b
1 2 4 8 16 32 64 80 160 164 165 329 658 987 b
1 2 4 8 16 32 64 80 160 164 328 329 658 987 b
1 2 4 8 16 32 64 80 160 168 169 329 658 987 b
1 2 4 8 16 32 64 80 160 168 328 329 658 987 b
1 2 4 8 16 32 64 80 160 320 321 329 658 987 b
1 2 4 8 16 32 64 80 160 320 328 329 658 987 b
1 2 4 8 16 32 64 96 100 164 165 329 658 987 b
1 2 4 8 16 32 64 96 100 164 328 329 658 987 b
1 2 4 8 16 32 64 96 160 161 168 329 658 987 a
1 2 4 8 16 32 64 96 160 161 169 329 658 987 b
1 2 4 8 16 32 64 96 160 161 321 329 658 987 b
1 2 4 8 16 32 64 96 160 164 165 329 658 987 b
1 2 4 8 16 32 64 96 160 164 328 329 658 987 b
1 2 4 8 16 32 64 96 160 168 169 329 658 987 b
1 2 4 8 16 32 64 96 160 168 328 329 658 987 b
1 2 4 8 16 32 64 96 160 320 321 329 658 987 b
1 2 4 8 16 32 64 96 160 320 328 329 658 987 b
1 2 4 8 16 32 64 96 192 193 201 393 594 987 b
1 2 4 8 16 32 64 96 192 193 201 393 786 987 b
1 2 4 8 16 32 64 96 192 200 201 393 594 987 b
1 2 4 8 16 32 64 96 192 200 201 393 786 987 b
1 2 4 8 16 32 64 128 129 136 193 329 658 987 a
1 2 4 8 16 32 64 128 129 136 200 329 658 987 a
1 2 4 8 16 32 64 128 129 136 265 329 658 987 a
1 2 4 8 16 32 64 128 129 137 192 329 658 987 a
1 2 4 8 16 32 64 128 129 137 201 329 658 987 b
1 2 4 8 16 32 64 128 129 137 265 329 658 987 b
1 2 4 8 16 32 64 128 129 192 200 329 658 987 a
1 2 4 8 16 32 64 128 129 192 321 329 658 987 a
1 2 4 8 16 32 64 128 129 193 201 329 658 987 b
1 2 4 8 16 32 64 128 129 193 321 329 658 987 b
1 2 4 8 16 32 64 128 129 257 265 329 658 987 b
1 2 4 8 16 32 64 128 129 257 321 329 658 987 b
1 2 4 8 16 32 64 128 132 133 196 329 658 987 a
1 2 4 8 16 32 64 128 132 133 197 329 658 987 b
1 2 4 8 16 32 64 128 132 133 265 329 658 987 b
1 2 4 8 16 32 64 128 132 164 165 329 658 987 b
1 2 4 8 16 32 64 128 132 164 328 329 658 987 b
1 2 4 8 16 32 64 128 132 196 197 329 658 987 b
1 2 4 8 16 32 64 128 132 196 328 329 658 987 b
1 2 4 8 16 32 64 128 132 264 265 329 658 987 b
1 2 4 8 16 32 64 128 132 264 328 329 658 987 b
1 2 4 8 16 32 64 128 136 137 192 329 658 987 a
1 2 4 8 16 32 64 128 136 137 201 329 658 987 b
1 2 4 8 16 32 64 128 136 137 265 329 658 987 b
1 2 4 8 16 32 64 128 136 192 193 329 658 987 a
1 2 4 8 16 32 64 128 136 192 328 329 658 987 a
1 2 4 8 16 32 64 128 136 200 201 329 658 987 b
1 2 4 8 16 32 64 128 136 200 328 329 658 987 b
1 2 4 8 16 32 64 128 136 264 265 329 658 987 b
1 2 4 8 16 32 64 128 136 264 328 329 658 987 b
1 2 4 8 16 32 64 128 160 161 168 329 658 987 a
1 2 4 8 16 32 64 128 160 161 169 329 658 987 b
1 2 4 8 16 32 64 128 160 161 321 329 658 987 b
1 2 4 8 16 32 64 128 160 164 165 329 658 987 b
1 2 4 8 16 32 64 128 160 164 328 329 658 987 b
1 2 4 8 16 32 64 128 160 168 169 329 658 987 b
1 2 4 8 16 32 64 128 160 168 328 329 658 987 b
1 2 4 8 16 32 64 128 160 320 321 329 658 987 b
1 2 4 8 16 32 64 128 160 320 328 329 658 987 b
1 2 4 8 16 32 64 128 192 193 201 329 658 987 b
1 2 4 8 16 32 64 128 192 193 201 393 594 987 b
1 2 4 8 16 32 64 128 192 193 201 393 786 987 b
1 2 4 8 16 32 64 128 192 193 321 329 658 987 b
1 2 4 8 16 32 64 128 192 200 201 329 658 987 b
1 2 4 8 16 32 64 128 192 200 201 393 594 987 b
1 2 4 8 16 32 64 128 192 200 201 393 786 987 b
1 2 4 8 16 32 64 128 192 200 328 329 658 987 b
1 2 4 8 16 32 64 128 192 320 321 329 658 987 b
1 2 4 8 16 32 64 128 192 320 328 329 658 987 b
1 2 4 8 16 32 64 128 256 257 265 329 658 987 b
1 2 4 8 16 32 64 128 256 257 321 329 658 987 b
1 2 4 8 16 32 64 128 256 264 265 329 658 987 b
1 2 4 8 16 32 64 128 256 264 328 329 658 987 b
1 2 4 8 16 32 64 128 256 320 321 329 658 987 b
1 2 4 8 16 32 64 128 256 320 328 329 658 987 b
