1 2 3 4 7 11 18 29 58 116 232 464 471 935 b
1 2 3 4 7 11 18 29 58 116 232 464 928 935 b
1 2 3 4 7 11 22 29 58 116 232 464 471 935 b
1 2 3 4 7 11 22 29 58 116 232 464 928 935 b
1 2 3 4 7 11 22 33 55 110 220 440 495 935 b
1 2 3 4 7 11 22 33 55 110 220 440 880 935 b
1 2 3 4 7 11 22 44 55 110 220 440 495 935 b
1 2 3 4 7 11 22 44 55 110 220 440 880 935 b
1 2 3 4 7 11 22 44 88 99 187 374 561 935 b
1 2 3 4 7 11 22 44 88 99 187 374 748 935 b
1 2 3 4 7 11 22 44 88 176 187 374 561 935 b
1 2 3 4 7 11 22 44 88 176 187 374 748 935 b
1 2 3 4 7 14 15 29 58 116 232 464 471 935 b
1 2 3 4 7 14 15 29 58 116 232 464 928 935 b
1 2 3 4 7 14 28 29 58 116 232 464 471 935 b
1 2 3 4 7 14 28 29 58 116 232 464 928 935 b
1 2 3 4 7 14 28 30 58 116 232 464 471 935 b
1 2 3 4 7 14 28 30 58 116 232 464 928 935 b
1 2 3 4 7 14 28 56 58 116 232 464 471 935 b
1 2 3 4 7 14 28 56 58 116 232 464 928 935 b
1 2 3 4 7 14 28 56 60 116 232 464 471 935 b
1 2 3 4 7 14 28 56 60 116 232 464 928 935 b
1 2 3 4 7 14 28 56 112 116 232 464 471 935 b
1 2 3 4 7 14 28 56 112 116 232 464 928 935 b
1 2 3 4 8 11 22 33 55 110 220 440 495 935 b
1 2 3 4 8 11 22 33 55 110 220 440 880 935 b
1 2 3 4 8 11 22 44 55 110 220 440 495 935 b
1 2 3 4 8 11 22 44 55 110 220 440 880 935 b
1 2 3 4 8 11 22 44 88 99 187 374 561 935 b
1 2 3 4 8 11 22 44 88 99 187 374 748 935 b
1 2 3 4 8 11 22 44 88 176 187 374 561 935 b
1 2 3 4 8 11 22 44 88 176 187 374 748 935 b
1 2 3 5 6 11 22 33 55 110 220 440 495 935 b
1 2 3 5 6 11 22 33 55 110 220 440 880 935 b
1 2 3 5 6 11 22 44 55 110 220 440 495 935 b
1 2 3 5 6 11 22 44 55 110 220 440 880 935 b
1 2 3 5 6 11 22 44 88 99 187 374 561 935 b
1 2 3 5 6 11 22 44 88 99 187 374 748 935 b
1 2 3 5 6 11 22 44 88 176 187 374 561 935 b
1 2 3 5 6 11 22 44 88 176 187 374 748 935 b
1 2 3 5 7 12 17 29 58 116 232 464 471 935 b
1 2 3 5 7 12 17 29 58 116 232 464 928 935 b
1 2 3 5 7 12 24 29 58 116 232 464 471 935 b
1 2 3 5 7 12 24 29 58 116 232 464 928 935 b
1 2 3 5 7 12 24 31 55 110 220 440 495 935 b
1 2 3 5 7 12 24 31 55 110 220 440 880 935 b
1 2 3 5 7 12 24 48 55 110 220 440 495 935 b
1 2 3 5 7 12 24 48 55 110 220 440 880 935 b
1 2 3 5 7 14 15 29 58 116 232 464 471 935 b
1 2 3 5 7 14 15 29 58 116 232 464 928 935 b
1 2 3 5 7 14 28 29 58 116 232 464 471 935 b
1 2 3 5 7 14 28 29 58 116 232 464 928 935 b
1 2 3 5 7 14 28 30 58 116 232 464 471 935 b
1 2 3 5 7 14 28 30 58 116 232 464 928 935 b
1 2 3 5 7 14 28 56 58 116 232 464 471 935 b
1 2 3 5 7 14 28 56 58 116 232 464 928 935 b
1 2 3 5 8 11 22 33 55 110 220 440 495 935 b
1 2 3 5 8 11 22 33 55 110 220 440 880 935 b
1 2 3 5 8 11 22 44 55 110 220 440 495 935 b
1 2 3 5 8 11 22 44 55 110 220 440 880 935 b
1 2 3 5 8 11 22 44 88 99 187 374 561 935 b
1 2 3 5 8 11 22 44 88 99 187 374 748 935 b
1 2 3 5 8 11 22 44 88 176 187 374 561 935 b
1 2 3 5 8 11 22 44 88 176 187 374 748 935 b
1 2 3 5 8 13 21 34 55 110 220 440 495 935 b
1 2 3 5 8 13 21 34 55 110 220 440 880 935 b
1 2 3 5 8 13 21 42 55 110 220 440 495 935 b
1 2 3 5 8 13 21 42 55 110 220 440 880 935 b
1 2 3 5 8 13 26 29 55 110 220 440 495 935 b
1 2 3 5 8 13 26 29 55 110 220 440 880 935 b
1 2 3 5 8 13 26 52 55 110 220 440 495 935 b
1 2 3 5 8 13 26 52 55 110 220 440 880 935 b
1 2 3 5 10 11 22 33 55 110 220 440 495 935 b
1 2 3 5 10 11 22 33 55 110 220 440 880 935 b
1 2 3 5 10 11 22 44 55 110 220 440 495 935 b
1 2 3 5 10 11 22 44 55 110 220 440 880 935 b
1 2 3 5 10 11 22 44 88 99 187 374 561 935 b
1 2 3 5 10 11 22 44 88 99 187 374 748 935 b
1 2 3 5 10 11 22 44 88 176 187 374 561 935 b
1 2 3 5 10 11 22 44 88 176 187 374 748 935 b
1 2 3 5 10 13 23 46 92 95 187 374 561 935 b
1 2 3 5 10 13 23 46 92 95 187 374 748 935 b
1 2 3 5 10 13 23 46 92 184 187 374 561 935 b
1 2 3 5 10 13 23 46 92 184 187 374 748 935 b
1 2 3 5 10 13 23 46 92 184 189 373 562 935 b
1 2 3 5 10 13 23 46 92 184 189 373 746 935 b
1 2 3 5 10 13 26 29 55 110 220 440 495 935 b
1 2 3 5 10 13 26 29 55 110 220 440 880 935 b
1 2 3 5 10 13 26 52 55 110 220 440 495 935 b
1 2 3 5 10 13 26 52 55 110 220 440 880 935 b
1 2 3 5 10 15 20 35 55 110 220 440 495 935 b
1 2 3 5 10 15 20 35 55 110 220 440 880 935 b
1 2 3 5 10 15 20 40 55 110 220 440 495 935 b
1 2 3 5 10 15 20 40 55 110 220 440 880 935 b
1 2 3 5 10 15 25 30 55 110 220 440 495 935 b
1 2 3 5 10 15 25 30 55 110 220 440 880 935 b
1 2 3 5 10 15 25 40 55 110 220 440 495 935 b
1 2 3 5 10 15 25 40 55 110 220 440 880 935 b
1 2 3 5 10 15 25 50 55 110 220 440 495 935 b
1 2 3 5 10 15 25 50 55 110 220 440 880 935 b
1 2 3 5 10 15 25 50 65 115 230 460 475 935 b
1 2 3 5 10 15 25 50 65 115 230 460 920 935 b
1 2 3 5 10 15 25 50 100 115 230 460 475 935 b
1 2 3 5 10 15 25 50 100 115 230 460 920 935 b
1 2 3 5 10 15 30 40 55 110 220 440 495 935 b
1 2 3 5 10 15 30 40 55 110 220 440 880 935 b
1 2 3 5 10 15 30 45 55 110 220 440 495 935 b
1 2 3 5 10 15 30 45 55 110 220 440 880 935 b
1 2 3 5 10 20 23 46 92 95 187 374 561 935 b
1 2 3 5 10 20 23 46 92 95 187 374 748 935 b
1 2 3 5 10 20 23 46 92 184 187 374 561 935 b
1 2 3 5 10 20 23 46 92 184 187 374 748 935 b
1 2 3 5 10 20 23 46 92 184 189 373 562 935 b
1 2 3 5 10 20 23 46 92 184 189 373 746 935 b
1 2 3 5 10 20 25 30 55 110 220 440 495 935 b
1 2 3 5 10 20 25 30 55 110 220 440 880 935 b
1 2 3 5 10 20 25 35 55 110 220 440 495 935 b
1 2 3 5 10 20 25 35 55 110 220 440 880 935 b
1 2 3 5 10 20 25 45 55 110 220 440 495 935 b
1 2 3 5 10 20 25 45 55 110 220 440 880 935 b
1 2 3 5 10 20 25 45 90 115 205 410 525 935 b
1 2 3 5 10 20 25 45 90 115 205 410 820 935 b
1 2 3 5 10 20 25 50 55 110 220 440 495 935 b
1 2 3 5 10 20 25 50 55 110 220 440 880 935 b
1 2 3 5 10 20 30 35 55 110 220 440 495 935 b
1 2 3 5 10 20 30 35 55 110 220 440 880 935 b
1 2 3 5 10 20 30 50 55 110 220 440 495 935 b
1 2 3 5 10 20 30 50 55 110 220 440 880 935 b
1 2 3 5 10 20 40 43 80 123 203 406 529 935 a
1 2 3 5 10 20 40 43 80 123 203 406 812 935 a
1 2 3 5 10 20 40 45 55 110 220 440 495 935 b
1 2 3 5 10 20 40 45 55 110 220 440 880 935 b
1 2 3 5 10 20 40 45 80 160 205 365 570 935 a
1 2 3 5 10 20 40 45 80 160 205 365 730 935 a
1 2 3 5 10 20 40 45 85 170 255 340 595 935 b
1 2 3 5 10 20 40 45 85 170 255 340 680 935 b
1 2 3 5 10 20 40 45 85 170 255 425 510 935 b
1 2 3 5 10 20 40 45 85 170 255 425 680 935 b
1 2 3 5 10 20 40 45 85 170 255 425 850 935 b
1 2 3 5 10 20 40 45 85 170 255 510 680 935 b
1 2 3 5 10 20 40 45 85 170 255 510 765 935 b
1 2 3 5 10 20 40 45 85 170 340 425 510 935 b
1 2 3 5 10 20 40 45 85 170 340 425 595 935 b
1 2 3 5 10 20 40 45 85 170 340 425 765 935 b
1 2 3 5 10 20 40 45 85 170 340 425 850 935 b
1 2 3 5 10 20 40 45 85 170 340 510 595 935 b
1 2 3 5 10 20 40 45 85 170 340 510 850 935 b
1 2 3 5 10 20 40 45 85 170 340 680 765 935 b
1 2 3 5 10 20 40 45 85 170 340 680 850 935 b
1 2 3 5 10 20 40 50 55 110 220 440 495 935 b
1 2 3 5 10 20 40 50 55 110 220 440 880 935 b
1 2 3 5 10 20 40 80 83 123 203 406 529 935 b
1 2 3 5 10 20 40 80 83 123 203 406 812 935 b
1 2 3 5 10 20 40 80 83 163 203 366 569 935 b
1 2 3 5 10 20 40 80 83 163 203 366 732 935 b
1 2 3 5 10 20 40 80 85 170 255 340 595 935 b
1 2 3 5 10 20 40 80 85 170 255 340 680 935 b
1 2 3 5 10 20 40 80 85 170 255 425 510 935 b
1 2 3 5 10 20 40 80 85 170 255 425 680 935 b
1 2 3 5 10 20 40 80 85 170 255 425 850 935 b
1 2 3 5 10 20 40 80 85 170 255 510 680 935 b
1 2 3 5 10 20 40 80 85 170 255 510 765 935 b
1 2 3 5 10 20 40 80 85 170 340 425 510 935 b
1 2 3 5 10 20 40 80 85 170 340 425 595 935 b
1 2 3 5 10 20 40 80 85 170 340 425 765 935 b
1 2 3 5 10 20 40 80 85 170 340 425 850 935 b
1 2 3 5 10 20 40 80 85 170 340 510 595 935 b
1 2 3 5 10 20 40 80 85 170 340 510 850 935 b
1 2 3 5 10 20 40 80 85 170 340 680 765 935 b
1 2 3 5 10 20 40 80 85 170 340 680 850 935 b
1 2 3 5 10 20 40 80 120 123 203 406 529 935 b
1 2 3 5 10 20 40 80 120 123 203 406 812 935 b
1 2 3 5 10 20 40 80 160 163 203 366 569 935 b
1 2 3 5 10 20 40 80 160 163 203 366 732 935 b
1 2 3 5 10 20 40 80 160 165 205 365 570 935 b
1 2 3 5 10 20 40 80 160 165 205 365 730 935 b
1 2 3 5 10 20 40 80 160 200 205 365 570 935 b
1 2 3 5 10 20 40 80 160 200 205 365 730 935 b
1 2 3 6 7 12 24 31 55 110 220 440 495 935 a
1 2 3 6 7 12 24 31 55 110 220 440 880 935 a
1 2 3 6 7 12 24 48 55 110 220 440 495 935 a
1 2 3 6 7 12 24 48 55 110 220 440 880 935 a
1 2 3 6 7 13 16 29 58 116 232 464 471 935 b
1 2 3 6 7 13 16 29 58 116 232 464 928 935 b
1 2 3 6 7 13 26 29 55 110 220 440 495 935 b
1 2 3 6 7 13 26 29 55 110 220 440 880 935 b
1 2 3 6 7 13 26 29 58 116 232 464 471 935 b
1 2 3 6 7 13 26 29 58 116 232 464 928 935 b
1 2 3 6 7 13 26 32 58 116 232 464 471 935 b
1 2 3 6 7 13 26 32 58 116 232 464 928 935 b
1 2 3 6 7 13 26 52 55 110 220 440 495 935 b
1 2 3 6 7 13 26 52 55 110 220 440 880 935 b
1 2 3 6 7 13 26 52 58 116 232 464 471 935 b
1 2 3 6 7 13 26 52 58 116 232 464 928 935 b
1 2 3 6 7 14 15 29 58 116 232 464 471 935 b
1 2 3 6 7 14 15 29 58 116 232 464 928 935 b
1 2 3 6 7 14 28 29 58 116 232 464 471 935 b
1 2 3 6 7 14 28 29 58 116 232 464 928 935 b
1 2 3 6 7 14 28 30 58 116 232 464 471 935 b
1 2 3 6 7 14 28 30 58 116 232 464 928 935 b
1 2 3 6 7 14 28 56 58 116 232 464 471 935 b
1 2 3 6 7 14 28 56 58 116 232 464 928 935 b
1 2 3 6 8 11 22 33 55 110 220 440 495 935 b
1 2 3 6 8 11 22 33 55 110 220 440 880 935 b
1 2 3 6 8 11 22 44 55 110 220 440 495 935 b
1 2 3 6 8 11 22 44 55 110 220 440 880 935 b
1 2 3 6 8 11 22 44 88 99 187 374 561 935 b
1 2 3 6 8 11 22 44 88 99 187 374 748 935 b
1 2 3 6 8 11 22 44 88 176 187 374 561 935 b
1 2 3 6 8 11 22 44 88 176 187 374 748 935 b
1 2 3 6 9 11 22 33 55 110 220 440 495 935 b
1 2 3 6 9 11 22 33 55 110 220 440 880 935 b
1 2 3 6 9 11 22 44 55 110 220 440 495 935 b
1 2 3 6 9 11 22 44 55 110 220 440 880 935 b
1 2 3 6 9 11 22 44 88 99 187 374 561 935 b
1 2 3 6 9 11 22 44 88 99 187 374 748 935 b
1 2 3 6 9 11 22 44 88 176 187 374 561 935 b
1 2 3 6 9 11 22 44 88 176 187 374 748 935 b
1 2 3 6 9 18 19 36 55 110 220 440 495 935 a
1 2 3 6 9 18 19 36 55 110 220 440 880 935 a
1 2 3 6 9 18 19 37 55 110 220 440 495 935 b
1 2 3 6 9 18 19 37 55 110 220 440 880 935 b
1 2 3 6 9 18 27 28 55 110 220 440 495 935 b
1 2 3 6 9 18 27 28 55 110 220 440 880 935 b
1 2 3 6 9 18 27 54 55 110 220 440 495 935 b
1 2 3 6 9 18 27 54 55 110 220 440 880 935 b
1 2 3 6 9 18 36 37 55 110 220 440 495 935 b
1 2 3 6 9 18 36 37 55 110 220 440 880 935 b
1 2 3 6 9 18 36 54 55 110 220 440 495 935 b
1 2 3 6 9 18 36 54 55 110 220 440 880 935 b
1 2 3 6 12 13 26 29 55 110 220 440 495 935 b
1 2 3 6 12 13 26 29 55 110 220 440 880 935 b
1 2 3 6 12 13 26 52 55 110 220 440 495 935 b
1 2 3 6 12 13 26 52 55 110 220 440 880 935 b
1 2 3 6 12 14 26 29 55 110 220 440 495 935 b
1 2 3 6 12 14 26 29 55 110 220 440 880 935 b
1 2 3 6 12 14 26 52 55 110 220 440 495 935 b
1 2 3 6 12 14 26 52 55 110 220 440 880 935 b
1 2 3 6 12 15 27 28 55 110 220 440 495 935 b
1 2 3 6 12 15 27 28 55 110 220 440 880 935 b
1 2 3 6 12 15 27 54 55 110 220 440 495 935 b
1 2 3 6 12 15 27 54 55 110 220 440 880 935 b
1 2 3 6 12 18 19 36 55 110 220 440 495 935 a
1 2 3 6 12 18 19 36 55 110 220 440 880 935 a
1 2 3 6 12 18 19 37 55 110 220 440 495 935 b
1 2 3 6 12 18 19 37 55 110 220 440 880 935 b
1 2 3 6 12 18 36 37 55 110 220 440 495 935 b
1 2 3 6 12 18 36 37 55 110 220 440 880 935 b
1 2 3 6 12 18 36 54 55 110 220 440 495 935 b
1 2 3 6 12 18 36 54 55 110 220 440 880 935 b
1 2 3 6 12 24 25 30 55 110 220 440 495 935 a
1 2 3 6 12 24 25 30 55 110 220 440 880 935 a
1 2 3 6 12 24 25 31 55 110 220 440 495 935 b
1 2 3 6 12 24 25 31 55 110 220 440 880 935 b
1 2 3 6 12 24 25 49 55 110 220 440 495 935 b
1 2 3 6 12 24 25 49 55 110 220 440 880 935 b
1 2 3 6 12 24 26 29 55 110 220 440 495 935 b
1 2 3 6 12 24 26 29 55 110 220 440 880 935 b
1 2 3 6 12 24 26 52 55 110 220 440 495 935 b
1 2 3 6 12 24 26 52 55 110 220 440 880 935 b
1 2 3 6 12 24 27 28 55 110 220 440 495 935 b
1 2 3 6 12 24 27 28 55 110 220 440 880 935 b
1 2 3 6 12 24 27 54 55 110 220 440 495 935 b
1 2 3 6 12 24 27 54 55 110 220 440 880 935 b
1 2 3 6 12 24 30 31 55 110 220 440 495 935 b
1 2 3 6 12 24 30 31 55 110 220 440 880 935 b
1 2 3 6 12 24 30 54 55 110 220 440 495 935 b
1 2 3 6 12 24 30 54 55 110 220 440 880 935 b
1 2 3 6 12 24 48 49 55 110 220 440 495 935 b
1 2 3 6 12 24 48 49 55 110 220 440 880 935 b
1 2 3 6 12 24 48 54 55 110 220 440 495 935 b
1 2 3 6 12 24 48 54 55 110 220 440 880 935 b
1 2 4 5 6 11 22 33 55 110 220 440 495 935 b
1 2 4 5 6 11 22 33 55 110 220 440 880 935 b
1 2 4 5 6 11 22 44 55 110 220 440 495 935 b
1 2 4 5 6 11 22 44 55 110 220 440 880 935 b
1 2 4 5 6 11 22 44 88 99 187 374 561 935 b
1 2 4 5 6 11 22 44 88 99 187 374 748 935 b
1 2 4 5 6 11 22 44 88 176 187 374 561 935 b
1 2 4 5 6 11 22 44 88 176 187 374 748 935 b
1 2 4 5 7 11 18 29 58 116 232 464 471 935 b
1 2 4 5 7 11 18 29 58 116 232 464 928 935 b
1 2 4 5 7 11 22 29 58 116 232 464 471 935 b
1 2 4 5 7 11 22 29 58 116 232 464 928 935 b
1 2 4 5 7 11 22 33 55 110 220 440 495 935 b
1 2 4 5 7 11 22 33 55 110 220 440 880 935 b
1 2 4 5 7 11 22 44 55 110 220 440 495 935 b
1 2 4 5 7 11 22 44 55 110 220 440 880 935 b
1 2 4 5 7 11 22 44 88 99 187 374 561 935 b
1 2 4 5 7 11 22 44 88 99 187 374 748 935 b
1 2 4 5 7 11 22 44 88 176 187 374 561 935 b
1 2 4 5 7 11 22 44 88 176 187 374 748 935 b
1 2 4 5 7 12 17 29 58 116 232 464 471 935 b
1 2 4 5 7 12 17 29 58 116 232 464 928 935 b
1 2 4 5 7 12 24 29 58 116 232 464 471 935 b
1 2 4 5 7 12 24 29 58 116 232 464 928 935 b
1 2 4 5 7 12 24 31 55 110 220 440 495 935 b
1 2 4 5 7 12 24 31 55 110 220 440 880 935 b
1 2 4 5 7 12 24 48 55 110 220 440 495 935 b
1 2 4 5 7 12 24 48 55 110 220 440 880 935 b
1 2 4 5 7 14 15 29 58 116 232 464 471 935 b
1 2 4 5 7 14 15 29 58 116 232 464 928 935 b
1 2 4 5 7 14 28 29 58 116 232 464 471 935 b
1 2 4 5 7 14 28 29 58 116 232 464 928 935 b
1 2 4 5 7 14 28 30 58 116 232 464 471 935 b
1 2 4 5 7 14 28 30 58 116 232 464 928 935 b
1 2 4 5 7 14 28 56 58 116 232 464 471 935 b
1 2 4 5 7 14 28 56 58 116 232 464 928 935 b
1 2 4 5 7 14 28 56 60 116 232 464 471 935 b
1 2 4 5 7 14 28 56 60 116 232 464 928 935 b
1 2 4 5 7 14 28 56 112 116 232 464 471 935 b
1 2 4 5 7 14 28 56 112 116 232 464 928 935 b
1 2 4 5 8 13 21 34 55 110 220 440 495 935 a
1 2 4 5 8 13 21 34 55 110 220 440 880 935 a
1 2 4 5 8 13 21 42 55 110 220 440 495 935 a
1 2 4 5 8 13 21 42 55 110 220 440 880 935 a
1 2 4 5 9 11 22 33 55 110 220 440 495 935 b
1 2 4 5 9 11 22 33 55 110 220 440 880 935 b
1 2 4 5 9 11 22 44 55 110 220 440 495 935 b
1 2 4 5 9 11 22 44 55 110 220 440 880 935 b
1 2 4 5 9 11 22 44 88 99 187 374 561 935 b
1 2 4 5 9 11 22 44 88 99 187 374 748 935 b
1 2 4 5 9 11 22 44 88 176 187 374 561 935 b
1 2 4 5 9 11 22 44 88 176 187 374 748 935 b
1 2 4 5 9 14 23 32 55 110 220 440 495 935 b
1 2 4 5 9 14 23 32 55 110 220 440 880 935 b
1 2 4 5 9 14 23 46 55 110 220 440 495 935 b
1 2 4 5 9 14 23 46 55 110 220 440 880 935 b
1 2 4 5 9 14 23 46 92 184 189 373 562 935 b
1 2 4 5 9 14 23 46 92 184 189 373 746 935 b
1 2 4 5 9 18 19 36 55 110 220 440 495 935 a
1 2 4 5 9 18 19 36 55 110 220 440 880 935 a
1 2 4 5 9 18 19 37 55 110 220 440 495 935 b
1 2 4 5 9 18 19 37 55 110 220 440 880 935 b
1 2 4 5 9 18 23 32 55 110 220 440 495 935 b
1 2 4 5 9 18 23 32 55 110 220 440 880 935 b
1 2 4 5 9 18 23 41 82 105 187 374 561 935 b
1 2 4 5 9 18 23 41 82 105 187 374 748 935 b
1 2 4 5 9 18 23 41 82 164 187 374 561 935 b
1 2 4 5 9 18 23 41 82 164 187 374 748 935 b
1 2 4 5 9 18 23 46 55 110 220 440 495 935 b
1 2 4 5 9 18 23 46 55 110 220 440 880 935 b
1 2 4 5 9 18 23 46 92 184 189 373 562 935 b
1 2 4 5 9 18 23 46 92 184 189 373 746 935 b
1 2 4 5 9 18 27 28 55 110 220 440 495 935 b
1 2 4 5 9 18 27 28 55 110 220 440 880 935 b
1 2 4 5 9 18 27 54 55 110 220 440 495 935 b
1 2 4 5 9 18 27 54 55 110 220 440 880 935 b
1 2 4 5 9 18 36 37 55 110 220 440 495 935 b
1 2 4 5 9 18 36 37 55 110 220 440 880 935 b
1 2 4 5 9 18 36 54 55 110 220 440 495 935 b
1 2 4 5 9 18 36 54 55 110 220 440 880 935 b
1 2 4 5 10 11 22 33 55 110 220 440 495 935 b
1 2 4 5 10 11 22 33 55 110 220 440 880 935 b
1 2 4 5 10 11 22 44 55 110 220 440 495 935 b
1 2 4 5 10 11 22 44 55 110 220 440 880 935 b
1 2 4 5 10 11 22 44 88 99 187 374 561 935 b
1 2 4 5 10 11 22 44 88 99 187 374 748 935 b
1 2 4 5 10 11 22 44 88 176 187 374 561 935 b
1 2 4 5 10 11 22 44 88 176 187 374 748 935 b
1 2 4 5 10 15 20 35 55 110 220 440 495 935 b
1 2 4 5 10 15 20 35 55 110 220 440 880 935 b
1 2 4 5 10 15 20 40 55 110 220 440 495 935 b
1 2 4 5 10 15 20 40 55 110 220 440 880 935 b
1 2 4 5 10 15 25 30 55 110 220 440 495 935 b
1 2 4 5 10 15 25 30 55 110 220 440 880 935 b
1 2 4 5 10 15 25 40 55 110 220 440 495 935 b
1 2 4 5 10 15 25 40 55 110 220 440 880 935 b
1 2 4 5 10 15 25 50 55 110 220 440 495 935 b
1 2 4 5 10 15 25 50 55 110 220 440 880 935 b
1 2 4 5 10 15 25 50 65 115 230 460 475 935 b
1 2 4 5 10 15 25 50 65 115 230 460 920 935 b
1 2 4 5 10 15 25 50 100 115 230 460 475 935 b
1 2 4 5 10 15 25 50 100 115 230 460 920 935 b
1 2 4 5 10 15 30 40 55 110 220 440 495 935 b
1 2 4 5 10 15 30 40 55 110 220 440 880 935 b
1 2 4 5 10 15 30 45 55 110 220 440 495 935 b
1 2 4 5 10 15 30 45 55 110 220 440 880 935 b
1 2 4 5 10 20 25 30 55 110 220 440 495 935 b
1 2 4 5 10 20 25 30 55 110 220 440 880 935 b
1 2 4 5 10 20 25 35 55 110 220 440 495 935 b
1 2 4 5 10 20 25 35 55 110 220 440 880 935 b
1 2 4 5 10 20 25 45 55 110 220 440 495 935 b
1 2 4 5 10 20 25 45 55 110 220 440 880 935 b
1 2 4 5 10 20 25 45 90 115 205 410 525 935 b
1 2 4 5 10 20 25 45 90 115 205 410 820 935 b
1 2 4 5 10 20 25 50 55 110 220 440 495 935 b
1 2 4 5 10 20 25 50 55 110 220 440 880 935 b
1 2 4 5 10 20 30 35 55 110 220 440 495 935 b
1 2 4 5 10 20 30 35 55 110 220 440 880 935 b
1 2 4 5 10 20 30 50 55 110 220 440 495 935 b
1 2 4 5 10 20 30 50 55 110 220 440 880 935 b
1 2 4 5 10 20 40 45 55 110 220 440 495 935 b
1 2 4 5 10 20 40 45 55 110 220 440 880 935 b
1 2 4 5 10 20 40 45 80 160 205 365 570 935 a
1 2 4 5 10 20 40 45 80 160 205 365 730 935 a
1 2 4 5 10 20 40 45 85 170 255 340 595 935 b
1 2 4 5 10 20 40 45 85 170 255 340 680 935 b
1 2 4 5 10 20 40 45 85 170 255 425 510 935 b
1 2 4 5 10 20 40 45 85 170 255 425 680 935 b
1 2 4 5 10 20 40 45 85 170 255 425 850 935 b
1 2 4 5 10 20 40 45 85 170 255 510 680 935 b
1 2 4 5 10 20 40 45 85 170 255 510 765 935 b
1 2 4 5 10 20 40 45 85 170 340 425 510 935 b
1 2 4 5 10 20 40 45 85 170 340 425 595 935 b
1 2 4 5 10 20 40 45 85 170 340 425 765 935 b
1 2 4 5 10 20 40 45 85 170 340 425 850 935 b
1 2 4 5 10 20 40 45 85 170 340 510 595 935 b
1 2 4 5 10 20 40 45 85 170 340 510 850 935 b
1 2 4 5 10 20 40 45 85 170 340 680 765 935 b
1 2 4 5 10 20 40 45 85 170 340 680 850 935 b
1 2 4 5 10 20 40 50 55 110 220 440 495 935 b
1 2 4 5 10 20 40 50 55 110 220 440 880 935 b
1 2 4 5 10 20 40 80 85 170 255 340 595 935 b
1 2 4 5 10 20 40 80 85 170 255 340 680 935 b
1 2 4 5 10 20 40 80 85 170 255 425 510 935 b
1 2 4 5 10 20 40 80 85 170 255 425 680 935 b
1 2 4 5 10 20 40 80 85 170 255 425 850 935 b
1 2 4 5 10 20 40 80 85 170 255 510 680 935 b
1 2 4 5 10 20 40 80 85 170 255 510 765 935 b
1 2 4 5 10 20 40 80 85 170 340 425 510 935 b
1 2 4 5 10 20 40 80 85 170 340 425 595 935 b
1 2 4 5 10 20 40 80 85 170 340 425 765 935 b
1 2 4 5 10 20 40 80 85 170 340 425 850 935 b
1 2 4 5 10 20 40 80 85 170 340 510 595 935 b
1 2 4 5 10 20 40 80 85 170 340 510 850 935 b
1 2 4 5 10 20 40 80 85 170 340 680 765 935 b
1 2 4 5 10 20 40 80 85 170 340 680 850 935 b
1 2 4 5 10 20 40 80 160 165 205 365 570 935 b
1 2 4 5 10 20 40 80 160 165 205 365 730 935 b
1 2 4 5 10 20 40 80 160 200 205 365 570 935 b
1 2 4 5 10 20 40 80 160 200 205 365 730 935 b
1 2 4 6 7 11 18 29 58 116 232 464 471 935 b
1 2 4 6 7 11 18 29 58 116 232 464 928 935 b
1 2 4 6 7 11 22 29 58 116 232 464 471 935 b
1 2 4 6 7 11 22 29 58 116 232 464 928 935 b
1 2 4 6 7 11 22 33 55 110 220 440 495 935 b
1 2 4 6 7 11 22 33 55 110 220 440 880 935 b
1 2 4 6 7 11 22 44 55 110 220 440 495 935 b
1 2 4 6 7 11 22 44 55 110 220 440 880 935 b
1 2 4 6 7 11 22 44 88 99 187 374 561 935 b
1 2 4 6 7 11 22 44 88 99 187 374 748 935 b
1 2 4 6 7 11 22 44 88 176 187 374 561 935 b
1 2 4 6 7 11 22 44 88 176 187 374 748 935 b
1 2 4 6 7 12 24 31 55 110 220 440 495 935 a
1 2 4 6 7 12 24 31 55 110 220 440 880 935 a
1 2 4 6 7 12 24 48 55 110 220 440 495 935 a
1 2 4 6 7 12 24 48 55 110 220 440 880 935 a
1 2 4 6 7 13 26 32 58 116 232 464 471 935 b
1 2 4 6 7 13 26 32 58 116 232 464 928 935 b
1 2 4 6 7 13 26 52 58 116 232 464 471 935 b
1 2 4 6 7 13 26 52 58 116 232 464 928 935 b
1 2 4 6 7 14 15 29 58 116 232 464 471 935 b
1 2 4 6 7 14 15 29 58 116 232 464 928 935 b
1 2 4 6 7 14 28 29 58 116 232 464 471 935 b
1 2 4 6 7 14 28 29 58 116 232 464 928 935 b
1 2 4 6 7 14 28 30 58 116 232 464 471 935 b
1 2 4 6 7 14 28 30 58 116 232 464 928 935 b
1 2 4 6 7 14 28 56 58 116 232 464 471 935 b
1 2 4 6 7 14 28 56 58 116 232 464 928 935 b
1 2 4 6 7 14 28 56 60 116 232 464 471 935 b
1 2 4 6 7 14 28 56 60 116 232 464 928 935 b
1 2 4 6 7 14 28 56 112 116 232 464 471 935 b
1 2 4 6 7 14 28 56 112 116 232 464 928 935 b
1 2 4 6 10 11 22 33 55 110 220 440 495 935 b
1 2 4 6 10 11 22 33 55 110 220 440 880 935 b
1 2 4 6 10 11 22 44 55 110 220 440 495 935 b
1 2 4 6 10 11 22 44 55 110 220 440 880 935 b
1 2 4 6 10 11 22 44 88 99 187 374 561 935 b
1 2 4 6 10 11 22 44 88 99 187 374 748 935 b
1 2 4 6 10 11 22 44 88 176 187 374 561 935 b
1 2 4 6 10 11 22 44 88 176 187 374 748 935 b
1 2 4 6 12 18 19 36 55 110 220 440 495 935 a
1 2 4 6 12 18 19 36 55 110 220 440 880 935 a
1 2 4 6 12 18 19 37 55 110 220 440 495 935 b
1 2 4 6 12 18 19 37 55 110 220 440 880 935 b
1 2 4 6 12 18 36 37 55 110 220 440 495 935 b
1 2 4 6 12 18 36 37 55 110 220 440 880 935 b
1 2 4 6 12 18 36 54 55 110 220 440 495 935 b
1 2 4 6 12 18 36 54 55 110 220 440 880 935 b
1 2 4 6 12 24 25 30 55 110 220 440 495 935 a
1 2 4 6 12 24 25 30 55 110 220 440 880 935 a
1 2 4 6 12 24 25 31 55 110 220 440 495 935 b
1 2 4 6 12 24 25 31 55 110 220 440 880 935 b
1 2 4 6 12 24 25 49 55 110 220 440 495 935 b
1 2 4 6 12 24 25 49 55 110 220 440 880 935 b
1 2 4 6 12 24 30 31 55 110 220 440 495 935 b
1 2 4 6 12 24 30 31 55 110 220 440 880 935 b
1 2 4 6 12 24 30 54 55 110 220 440 495 935 b
1 2 4 6 12 24 30 54 55 110 220 440 880 935 b
1 2 4 6 12 24 48 49 55 110 220 440 495 935 b
1 2 4 6 12 24 48 49 55 110 220 440 880 935 b
1 2 4 6 12 24 48 54 55 110 220 440 495 935 b
1 2 4 6 12 24 48 54 55 110 220 440 880 935 b
1 2 4 8 9 11 22 33 55 110 220 440 495 935 b
1 2 4 8 9 11 22 33 55 110 220 440 880 935 b
1 2 4 8 9 11 22 44 55 110 220 440 495 935 b
1 2 4 8 9 11 22 44 55 110 220 440 880 935 b
1 2 4 8 9 11 22 44 88 99 187 374 561 935 b
1 2 4 8 9 11 22 44 88 99 187 374 748 935 b
1 2 4 8 9 11 22 44 88 176 187 374 561 935 b
1 2 4 8 9 11 22 44 88 176 187 374 748 935 b
1 2 4 8 9 13 21 34 55 110 220 440 495 935 b
1 2 4 8 9 13 21 34 55 110 220 440 880 935 b
1 2 4 8 9 13 21 42 55 110 220 440 495 935 b
1 2 4 8 9 13 21 42 55 110 220 440 880 935 b
1 2 4 8 9 16 32 41 73 114 187 374 561 935 a
1 2 4 8 9 16 32 41 73 114 187 374 748 935 a
1 2 4 8 9 16 32 41 73 146 187 374 561 935 a
1 2 4 8 9 16 32 41 73 146 187 374 748 935 a
1 2 4 8 9 17 19 36 55 110 220 440 495 935 b
1 2 4 8 9 17 19 36 55 110 220 440 880 935 b
1 2 4 8 9 17 19 38 55 110 220 440 495 935 b
1 2 4 8 9 17 19 38 55 110 220 440 880 935 b
1 2 4 8 9 17 21 34 55 110 220 440 495 935 a
1 2 4 8 9 17 21 34 55 110 220 440 880 935 a
1 2 4 8 9 17 21 38 55 110 220 440 495 935 b
1 2 4 8 9 17 21 38 55 110 220 440 880 935 b
1 2 4 8 9 17 34 38 55 110 220 440 495 935 b
1 2 4 8 9 17 34 38 55 110 220 440 880 935 b
1 2 4 8 9 17 34 51 55 110 220 440 495 935 b
1 2 4 8 9 17 34 51 55 110 220 440 880 935 b
1 2 4 8 9 17 34 51 68 119 187 374 561 935 b
1 2 4 8 9 17 34 51 68 119 187 374 748 935 b
1 2 4 8 9 17 34 51 68 136 187 374 561 935 b
1 2 4 8 9 17 34 51 68 136 187 374 748 935 b
1 2 4 8 9 17 34 51 85 102 187 374 561 935 b
1 2 4 8 9 17 34 51 85 102 187 374 748 935 b
1 2 4 8 9 17 34 51 85 119 204 408 527 935 b
1 2 4 8 9 17 34 51 85 119 204 408 816 935 b
1 2 4 8 9 17 34 51 85 136 187 374 561 935 b
1 2 4 8 9 17 34 51 85 136 187 374 748 935 b
1 2 4 8 9 17 34 51 85 136 221 357 578 935 b
1 2 4 8 9 17 34 51 85 136 221 357 714 935 b
1 2 4 8 9 17 34 51 85 136 221 442 493 935 b
1 2 4 8 9 17 34 51 85 136 221 442 884 935 b
1 2 4 8 9 17 34 51 85 170 187 374 561 935 b
1 2 4 8 9 17 34 51 85 170 187 374 748 935 b
1 2 4 8 9 17 34 51 85 170 221 442 493 935 b
1 2 4 8 9 17 34 51 85 170 221 442 884 935 b
1 2 4 8 9 17 34 51 85 170 255 340 595 935 b
1 2 4 8 9 17 34 51 85 170 255 340 680 935 b
1 2 4 8 9 17 34 51 85 170 255 425 510 935 b
1 2 4 8 9 17 34 51 85 170 255 425 680 935 b
1 2 4 8 9 17 34 51 85 170 255 425 850 935 b
1 2 4 8 9 17 34 51 85 170 255 510 680 935 b
1 2 4 8 9 17 34 51 85 170 255 510 765 935 b
1 2 4 8 9 17 34 51 85 170 340 425 510 935 b
1 2 4 8 9 17 34 51 85 170 340 425 595 935 b
1 2 4 8 9 17 34 51 85 170 340 425 765 935 b
1 2 4 8 9 17 34 51 85 170 340 425 850 935 b
1 2 4 8 9 17 34 51 85 170 340 510 595 935 b
1 2 4 8 9 17 34 51 85 170 340 510 850 935 b
1 2 4 8 9 17 34 51 85 170 340 680 765 935 b
1 2 4 8 9 17 34 51 85 170 340 680 850 935 b
1 2 4 8 9 17 34 51 102 119 204 408 527 935 a
1 2 4 8 9 17 34 51 102 119 204 408 816 935 a
1 2 4 8 9 17 34 51 102 119 221 442 493 935 b
1 2 4 8 9 17 34 51 102 119 221 442 884 935 b
1 2 4 8 9 17 34 51 102 136 187 374 561 935 b
1 2 4 8 9 17 34 51 102 136 187 374 748 935 b
1 2 4 8 9 17 34 51 102 153 187 374 561 935 b
1 2 4 8 9 17 34 51 102 153 187 374 748 935 b
1 2 4 8 9 17 34 51 102 153 306 323 612 935 a
1 2 4 8 9 17 34 51 102 153 306 323 629 935 b
1 2 4 8 9 17 34 51 102 153 306 459 476 935 b
1 2 4 8 9 17 34 51 102 153 306 459 918 935 b
1 2 4 8 9 17 34 51 102 153 306 612 629 935 b
1 2 4 8 9 17 34 51 102 153 306 612 918 935 b
1 2 4 8 9 17 34 51 102 204 221 442 493 935 b
1 2 4 8 9 17 34 51 102 204 221 442 884 935 b
1 2 4 8 9 17 34 51 102 204 238 442 493 935 b
1 2 4 8 9 17 34 51 102 204 238 442 884 935 b
1 2 4 8 9 17 34 51 102 204 255 459 476 935 b
1 2 4 8 9 17 34 51 102 204 255 459 918 935 b
1 2 4 8 9 17 34 51 102 204 306 323 612 935 a
1 2 4 8 9 17 34 51 102 204 306 323 629 935 b
1 2 4 8 9 17 34 51 102 204 306 612 629 935 b
1 2 4 8 9 17 34 51 102 204 306 612 918 935 b
1 2 4 8 9 17 34 51 102 204 408 425 510 935 a
1 2 4 8 9 17 34 51 102 204 408 425 527 935 b
1 2 4 8 9 17 34 51 102 204 408 425 833 935 b
1 2 4 8 9 17 34 51 102 204 408 442 493 935 b
1 2 4 8 9 17 34 51 102 204 408 442 884 935 b
1 2 4 8 9 17 34 51 102 204 408 459 476 935 b
1 2 4 8 9 17 34 51 102 204 408 459 918 935 b
1 2 4 8 9 17 34 51 102 204 408 510 527 935 b
1 2 4 8 9 17 34 51 102 204 408 510 918 935 b
1 2 4 8 9 17 34 51 102 204 408 816 833 935 b
1 2 4 8 9 17 34 51 102 204 408 816 918 935 b
1 2 4 8 9 17 34 68 85 102 187 374 561 935 b
1 2 4 8 9 17 34 68 85 102 187 374 748 935 b
1 2 4 8 9 17 34 68 85 119 187 374 561 935 b
1 2 4 8 9 17 34 68 85 119 187 374 748 935 b
1 2 4 8 9 17 34 68 85 119 204 408 527 935 b
1 2 4 8 9 17 34 68 85 119 204 408 816 935 b
1 2 4 8 9 17 34 68 85 136 221 357 578 935 a
1 2 4 8 9 17 34 68 85 136 221 357 714 935 a
1 2 4 8 9 17 34 68 85 153 187 374 561 935 b
1 2 4 8 9 17 34 68 85 153 187 374 748 935 b
1 2 4 8 9 17 34 68 85 153 238 391 544 935 b
1 2 4 8 9 17 34 68 85 153 238 391 782 935 b
1 2 4 8 9 17 34 68 85 153 306 323 612 935 a
1 2 4 8 9 17 34 68 85 153 306 323 629 935 b
1 2 4 8 9 17 34 68 85 153 306 391 544 935 b
1 2 4 8 9 17 34 68 85 153 306 391 782 935 b
1 2 4 8 9 17 34 68 85 153 306 459 476 935 b
1 2 4 8 9 17 34 68 85 153 306 459 918 935 b
1 2 4 8 9 17 34 68 85 153 306 612 629 935 b
1 2 4 8 9 17 34 68 85 153 306 612 918 935 b
1 2 4 8 9 17 34 68 85 170 187 374 561 935 b
1 2 4 8 9 17 34 68 85 170 187 374 748 935 b
1 2 4 8 9 17 34 68 85 170 255 340 595 935 b
1 2 4 8 9 17 34 68 85 170 255 340 680 935 b
1 2 4 8 9 17 34 68 85 170 255 425 510 935 b
1 2 4 8 9 17 34 68 85 170 255 425 680 935 b
1 2 4 8 9 17 34 68 85 170 255 425 850 935 b
1 2 4 8 9 17 34 68 85 170 255 510 680 935 b
1 2 4 8 9 17 34 68 85 170 255 510 765 935 b
1 2 4 8 9 17 34 68 85 170 340 425 510 935 b
1 2 4 8 9 17 34 68 85 170 340 425 595 935 b
1 2 4 8 9 17 34 68 85 170 340 425 765 935 b
1 2 4 8 9 17 34 68 85 170 340 425 850 935 b
1 2 4 8 9 17 34 68 85 170 340 510 595 935 b
1 2 4 8 9 17 34 68 85 170 340 510 850 935 b
1 2 4 8 9 17 34 68 85 170 340 680 765 935 b
1 2 4 8 9 17 34 68 85 170 340 680 850 935 b
1 2 4 8 9 17 34 68 102 119 187 374 561 935 b
1 2 4 8 9 17 34 68 102 119 187 374 748 935 b
1 2 4 8 9 17 34 68 102 119 204 408 527 935 a
1 2 4 8 9 17 34 68 102 119 204 408 816 935 a
1 2 4 8 9 17 34 68 102 170 187 374 561 935 b
1 2 4 8 9 17 34 68 102 170 187 374 748 935 b
1 2 4 8 9 17 34 68 102 204 306 323 612 935 a
1 2 4 8 9 17 34 68 102 204 306 323 629 935 b
1 2 4 8 9 17 34 68 102 204 306 612 629 935 b
1 2 4 8 9 17 34 68 102 204 306 612 918 935 b
1 2 4 8 9 17 34 68 102 204 408 425 510 935 a
1 2 4 8 9 17 34 68 102 204 408 425 527 935 b
1 2 4 8 9 17 34 68 102 204 408 425 833 935 b
1 2 4 8 9 17 34 68 102 204 408 510 527 935 b
1 2 4 8 9 17 34 68 102 204 408 510 918 935 b
1 2 4 8 9 17 34 68 102 204 408 816 833 935 b
1 2 4 8 9 17 34 68 102 204 408 816 918 935 b
1 2 4 8 9 17 34 68 136 153 187 374 561 935 b
1 2 4 8 9 17 34 68 136 153 187 374 748 935 b
1 2 4 8 9 17 34 68 136 153 221 357 578 935 b
1 2 4 8 9 17 34 68 136 153 221 357 714 935 b
1 2 4 8 9 17 34 68 136 153 289 323 612 935 b
1 2 4 8 9 17 34 68 136 153 289 323 646 935 b
1 2 4 8 9 17 34 68 136 153 289 357 578 935 a
1 2 4 8 9 17 34 68 136 153 289 357 646 935 b
1 2 4 8 9 17 34 68 136 153 289 578 646 935 b
1 2 4 8 9 17 34 68 136 153 289 578 867 935 b
1 2 4 8 9 17 34 68 136 153 306 323 612 935 a
1 2 4 8 9 17 34 68 136 153 306 323 629 935 b
1 2 4 8 9 17 34 68 136 153 306 459 476 935 b
1 2 4 8 9 17 34 68 136 153 306 459 918 935 b
1 2 4 8 9 17 34 68 136 153 306 612 629 935 b
1 2 4 8 9 17 34 68 136 153 306 612 918 935 b
1 2 4 8 9 17 34 68 136 170 187 374 561 935 b
1 2 4 8 9 17 34 68 136 170 187 374 748 935 b
1 2 4 8 9 17 34 68 136 170 306 323 612 935 a
1 2 4 8 9 17 34 68 136 170 306 323 629 935 b
1 2 4 8 9 17 34 68 136 170 306 612 629 935 b
1 2 4 8 9 17 34 68 136 170 306 612 918 935 b
1 2 4 8 9 17 34 68 136 204 221 357 578 935 b
1 2 4 8 9 17 34 68 136 204 221 357 714 935 b
1 2 4 8 9 17 34 68 136 272 289 323 612 935 b
1 2 4 8 9 17 34 68 136 272 289 323 646 935 b
1 2 4 8 9 17 34 68 136 272 289 357 578 935 a
1 2 4 8 9 17 34 68 136 272 289 357 646 935 b
1 2 4 8 9 17 34 68 136 272 289 578 646 935 b
1 2 4 8 9 17 34 68 136 272 289 578 867 935 b
1 2 4 8 9 17 34 68 136 272 306 323 612 935 a
1 2 4 8 9 17 34 68 136 272 306 323 629 935 b
1 2 4 8 9 17 34 68 136 272 306 612 629 935 b
1 2 4 8 9 17 34 68 136 272 306 612 918 935 b
1 2 4 8 9 18 19 36 55 110 220 440 495 935 a
1 2 4 8 9 18 19 36 55 110 220 440 880 935 a
1 2 4 8 9 18 19 37 55 110 220 440 495 935 b
1 2 4 8 9 18 19 37 55 110 220 440 880 935 b
1 2 4 8 9 18 27 28 55 110 220 440 495 935 b
1 2 4 8 9 18 27 28 55 110 220 440 880 935 b
1 2 4 8 9 18 27 54 55 110 220 440 495 935 b
1 2 4 8 9 18 27 54 55 110 220 440 880 935 b
1 2 4 8 9 18 36 37 55 110 220 440 495 935 b
1 2 4 8 9 18 36 37 55 110 220 440 880 935 b
1 2 4 8 9 18 36 54 55 110 220 440 495 935 b
1 2 4 8 9 18 36 54 55 110 220 440 880 935 b
1 2 4 8 10 11 22 33 55 110 220 440 495 935 b
1 2 4 8 10 11 22 33 55 110 220 440 880 935 b
1 2 4 8 10 11 22 44 55 110 220 440 495 935 b
1 2 4 8 10 11 22 44 55 110 220 440 880 935 b
1 2 4 8 10 11 22 44 88 99 187 374 561 935 b
1 2 4 8 10 11 22 44 88 99 187 374 748 935 b
1 2 4 8 10 11 22 44 88 176 187 374 561 935 b
1 2 4 8 10 11 22 44 88 176 187 374 748 935 b
1 2 4 8 10 18 19 36 55 110 220 440 495 935 a
1 2 4 8 10 18 19 36 55 110 220 440 880 935 a
1 2 4 8 10 18 19 37 55 110 220 440 495 935 b
1 2 4 8 10 18 19 37 55 110 220 440 880 935 b
1 2 4 8 10 18 36 37 55 110 220 440 495 935 b
1 2 4 8 10 18 36 37 55 110 220 440 880 935 b
1 2 4 8 10 18 36 54 55 110 220 440 495 935 b
1 2 4 8 10 18 36 54 55 110 220 440 880 935 b
1 2 4 8 12 13 21 34 55 110 220 440 495 935 b
1 2 4 8 12 13 21 34 55 110 220 440 880 935 b
1 2 4 8 12 13 21 42 55 110 220 440 495 935 b
1 2 4 8 12 13 21 42 55 110 220 440 880 935 b
1 2 4 8 16 17 19 36 55 110 220 440 495 935 b
1 2 4 8 16 17 19 36 55 110 220 440 880 935 b
1 2 4 8 16 17 19 38 55 110 220 440 495 935 b
1 2 4 8 16 17 19 38 55 110 220 440 880 935 b
1 2 4 8 16 17 21 34 55 110 220 440 495 935 a
1 2 4 8 16 17 21 34 55 110 220 440 880 935 a
1 2 4 8 16 17 21 38 55 110 220 440 495 935 b
1 2 4 8 16 17 21 38 55 110 220 440 880 935 b
1 2 4 8 16 17 34 38 55 110 220 440 495 935 b
1 2 4 8 16 17 34 38 55 110 220 440 880 935 b
1 2 4 8 16 17 34 51 55 110 220 440 495 935 b
1 2 4 8 16 17 34 51 55 110 220 440 880 935 b
1 2 4 8 16 17 34 51 68 119 187 374 561 935 b
1 2 4 8 16 17 34 51 68 119 187 374 748 935 b
1 2 4 8 16 17 34 51 68 136 187 374 561 935 b
1 2 4 8 16 17 34 51 68 136 187 374 748 935 b
1 2 4 8 16 17 34 51 85 102 187 374 561 935 b
1 2 4 8 16 17 34 51 85 102 187 374 748 935 b
1 2 4 8 16 17 34 51 85 119 204 408 527 935 b
1 2 4 8 16 17 34 51 85 119 204 408 816 935 b
1 2 4 8 16 17 34 51 85 136 187 374 561 935 b
1 2 4 8 16 17 34 51 85 136 187 374 748 935 b
1 2 4 8 16 17 34 51 85 136 221 357 578 935 b
1 2 4 8 16 17 34 51 85 136 221 357 714 935 b
1 2 4 8 16 17 34 51 85 136 221 442 493 935 b
1 2 4 8 16 17 34 51 85 136 221 442 884 935 b
1 2 4 8 16 17 34 51 85 170 187 374 561 935 b
1 2 4 8 16 17 34 51 85 170 187 374 748 935 b
1 2 4 8 16 17 34 51 85 170 221 442 493 935 b
1 2 4 8 16 17 34 51 85 170 221 442 884 935 b
1 2 4 8 16 17 34 51 85 170 255 340 595 935 b
1 2 4 8 16 17 34 51 85 170 255 340 680 935 b
1 2 4 8 16 17 34 51 85 170 255 425 510 935 b
1 2 4 8 16 17 34 51 85 170 255 425 680 935 b
1 2 4 8 16 17 34 51 85 170 255 425 850 935 b
1 2 4 8 16 17 34 51 85 170 255 510 680 935 b
1 2 4 8 16 17 34 51 85 170 255 510 765 935 b
1 2 4 8 16 17 34 51 85 170 340 425 510 935 b
1 2 4 8 16 17 34 51 85 170 340 425 595 935 b
1 2 4 8 16 17 34 51 85 170 340 425 765 935 b
1 2 4 8 16 17 34 51 85 170 340 425 850 935 b
1 2 4 8 16 17 34 51 85 170 340 510 595 935 b
1 2 4 8 16 17 34 51 85 170 340 510 850 935 b
1 2 4 8 16 17 34 51 85 170 340 680 765 935 b
1 2 4 8 16 17 34 51 85 170 340 680 850 935 b
1 2 4 8 16 17 34 51 102 119 204 408 527 935 a
1 2 4 8 16 17 34 51 102 119 204 408 816 935 a
1 2 4 8 16 17 34 51 102 119 221 442 493 935 b
1 2 4 8 16 17 34 51 102 119 221 442 884 935 b
1 2 4 8 16 17 34 51 102 136 187 374 561 935 b
1 2 4 8 16 17 34 51 102 136 187 374 748 935 b
1 2 4 8 16 17 34 51 102 153 187 374 561 935 b
1 2 4 8 16 17 34 51 102 153 187 374 748 935 b
1 2 4 8 16 17 34 51 102 153 306 323 612 935 a
1 2 4 8 16 17 34 51 102 153 306 323 629 935 b
1 2 4 8 16 17 34 51 102 153 306 459 476 935 b
1 2 4 8 16 17 34 51 102 153 306 459 918 935 b
1 2 4 8 16 17 34 51 102 153 306 612 629 935 b
1 2 4 8 16 17 34 51 102 153 306 612 918 935 b
1 2 4 8 16 17 34 51 102 204 221 442 493 935 b
1 2 4 8 16 17 34 51 102 204 221 442 884 935 b
1 2 4 8 16 17 34 51 102 204 238 442 493 935 b
1 2 4 8 16 17 34 51 102 204 238 442 884 935 b
1 2 4 8 16 17 34 51 102 204 255 459 476 935 b
1 2 4 8 16 17 34 51 102 204 255 459 918 935 b
1 2 4 8 16 17 34 51 102 204 306 323 612 935 a
1 2 4 8 16 17 34 51 102 204 306 323 629 935 b
1 2 4 8 16 17 34 51 102 204 306 612 629 935 b
1 2 4 8 16 17 34 51 102 204 306 612 918 935 b
1 2 4 8 16 17 34 51 102 204 408 425 510 935 a
1 2 4 8 16 17 34 51 102 204 408 425 527 935 b
1 2 4 8 16 17 34 51 102 204 408 425 833 935 b
1 2 4 8 16 17 34 51 102 204 408 442 493 935 b
1 2 4 8 16 17 34 51 102 204 408 442 884 935 b
1 2 4 8 16 17 34 51 102 204 408 459 476 935 b
1 2 4 8 16 17 34 51 102 204 408 459 918 935 b
1 2 4 8 16 17 34 51 102 204 408 510 527 935 b
1 2 4 8 16 17 34 51 102 204 408 510 918 935 b
1 2 4 8 16 17 34 51 102 204 408 816 833 935 b
1 2 4 8 16 17 34 51 102 204 408 816 918 935 b
1 2 4 8 16 17 34 68 85 102 187 374 561 935 b
1 2 4 8 16 17 34 68 85 102 187 374 748 935 b
1 2 4 8 16 17 34 68 85 119 187 374 561 935 b
1 2 4 8 16 17 34 68 85 119 187 374 748 935 b
1 2 4 8 16 17 34 68 85 119 204 408 527 935 b
1 2 4 8 16 17 34 68 85 119 204 408 816 935 b
1 2 4 8 16 17 34 68 85 136 221 357 578 935 a
1 2 4 8 16 17 34 68 85 136 221 357 714 935 a
1 2 4 8 16 17 34 68 85 153 187 374 561 935 b
1 2 4 8 16 17 34 68 85 153 187 374 748 935 b
1 2 4 8 16 17 34 68 85 153 238 391 544 935 b
1 2 4 8 16 17 34 68 85 153 238 391 782 935 b
1 2 4 8 16 17 34 68 85 153 306 323 612 935 a
1 2 4 8 16 17 34 68 85 153 306 323 629 935 b
1 2 4 8 16 17 34 68 85 153 306 391 544 935 b
1 2 4 8 16 17 34 68 85 153 306 391 782 935 b
1 2 4 8 16 17 34 68 85 153 306 459 476 935 b
1 2 4 8 16 17 34 68 85 153 306 459 918 935 b
1 2 4 8 16 17 34 68 85 153 306 612 629 935 b
1 2 4 8 16 17 34 68 85 153 306 612 918 935 b
1 2 4 8 16 17 34 68 85 170 187 374 561 935 b
1 2 4 8 16 17 34 68 85 170 187 374 748 935 b
1 2 4 8 16 17 34 68 85 170 255 340 595 935 b
1 2 4 8 16 17 34 68 85 170 255 340 680 935 b
1 2 4 8 16 17 34 68 85 170 255 425 510 935 b
1 2 4 8 16 17 34 68 85 170 255 425 680 935 b
1 2 4 8 16 17 34 68 85 170 255 425 850 935 b
1 2 4 8 16 17 34 68 85 170 255 510 680 935 b
1 2 4 8 16 17 34 68 85 170 255 510 765 935 b
1 2 4 8 16 17 34 68 85 170 340 425 510 935 b
1 2 4 8 16 17 34 68 85 170 340 425 595 935 b
1 2 4 8 16 17 34 68 85 170 340 425 765 935 b
1 2 4 8 16 17 34 68 85 170 340 425 850 935 b
1 2 4 8 16 17 34 68 85 170 340 510 595 935 b
1 2 4 8 16 17 34 68 85 170 340 510 850 935 b
1 2 4 8 16 17 34 68 85 170 340 680 765 935 b
1 2 4 8 16 17 34 68 85 170 340 680 850 935 b
1 2 4 8 16 17 34 68 102 119 187 374 561 935 b
1 2 4 8 16 17 34 68 102 119 187 374 748 935 b
1 2 4 8 16 17 34 68 102 119 204 408 527 935 a
1 2 4 8 16 17 34 68 102 119 204 408 816 935 a
1 2 4 8 16 17 34 68 102 170 187 374 561 935 b
1 2 4 8 16 17 34 68 102 170 187 374 748 935 b
1 2 4 8 16 17 34 68 102 204 306 323 612 935 a
1 2 4 8 16 17 34 68 102 204 306 323 629 935 b
1 2 4 8 16 17 34 68 102 204 306 612 629 935 b
1 2 4 8 16 17 34 68 102 204 306 612 918 935 b
1 2 4 8 16 17 34 68 102 204 408 425 510 935 a
1 2 4 8 16 17 34 68 102 204 408 425 527 935 b
1 2 4 8 16 17 34 68 102 204 408 425 833 935 b
1 2 4 8 16 17 34 68 102 204 408 510 527 935 b
1 2 4 8 16 17 34 68 102 204 408 510 918 935 b
1 2 4 8 16 17 34 68 102 204 408 816 833 935 b
1 2 4 8 16 17 34 68 102 204 408 816 918 935 b
1 2 4 8 16 17 34 68 136 153 187 374 561 935 b
1 2 4 8 16 17 34 68 136 153 187 374 748 935 b
1 2 4 8 16 17 34 68 136 153 221 357 578 935 b
1 2 4 8 16 17 34 68 136 153 221 357 714 935 b
1 2 4 8 16 17 34 68 136 153 289 323 612 935 b
1 2 4 8 16 17 34 68 136 153 289 323 646 935 b
1 2 4 8 16 17 34 68 136 153 289 357 578 935 a
1 2 4 8 16 17 34 68 136 153 289 357 646 935 b
1 2 4 8 16 17 34 68 136 153 289 578 646 935 b
1 2 4 8 16 17 34 68 136 153 289 578 867 935 b
1 2 4 8 16 17 34 68 136 153 306 323 612 935 a
1 2 4 8 16 17 34 68 136 153 306 323 629 935 b
1 2 4 8 16 17 34 68 136 153 306 459 476 935 b
1 2 4 8 16 17 34 68 136 153 306 459 918 935 b
1 2 4 8 16 17 34 68 136 153 306 612 629 935 b
1 2 4 8 16 17 34 68 136 153 306 612 918 935 b
1 2 4 8 16 17 34 68 136 170 187 374 561 935 b
1 2 4 8 16 17 34 68 136 170 187 374 748 935 b
1 2 4 8 16 17 34 68 136 170 306 323 612 935 a
1 2 4 8 16 17 34 68 136 170 306 323 629 935 b
1 2 4 8 16 17 34 68 136 170 306 612 629 935 b
1 2 4 8 16 17 34 68 136 170 306 612 918 935 b
1 2 4 8 16 17 34 68 136 204 221 357 578 935 b
1 2 4 8 16 17 34 68 136 204 221 357 714 935 b
1 2 4 8 16 17 34 68 136 272 289 323 612 935 b
1 2 4 8 16 17 34 68 136 272 289 323 646 935 b
1 2 4 8 16 17 34 68 136 272 289 357 578 935 a
1 2 4 8 16 17 34 68 136 272 289 357 646 935 b
1 2 4 8 16 17 34 68 136 272 289 578 646 935 b
1 2 4 8 16 17 34 68 136 272 289 578 867 935 b
1 2 4 8 16 17 34 68 136 272 306 323 612 935 a
1 2 4 8 16 17 34 68 136 272 306 323 629 935 b
1 2 4 8 16 17 34 68 136 272 306 612 629 935 b
1 2 4 8 16 17 34 68 136 272 306 612 918 935 b
1 2 4 8 16 18 19 36 55 110 220 440 495 935 a
1 2 4 8 16 18 19 36 55 110 220 440 880 935 a
1 2 4 8 16 18 19 37 55 110 220 440 495 935 b
1 2 4 8 16 18 19 37 55 110 220 440 880 935 b
1 2 4 8 16 18 36 37 55 110 220 440 495 935 b
1 2 4 8 16 18 36 37 55 110 220 440 880 935 b
1 2 4 8 16 18 36 54 55 110 220 440 495 935 b
1 2 4 8 16 18 36 54 55 110 220 440 880 935 b
1 2 4 8 16 32 33 41 73 114 187 374 561 935 b
1 2 4 8 16 32 33 41 73 114 187 374 748 935 b
1 2 4 8 16 32 33 41 73 146 187 374 561 935 b
1 2 4 8 16 32 33 41 73 146 187 374 748 935 b
1 2 4 8 16 32 33 64 97 161 258 419 516 935 a
1 2 4 8 16 32 33 64 97 161 258 419 677 935 a
1 2 4 8 16 32 33 64 97 161 258 419 838 935 a
1 2 4 8 16 32 33 64 97 161 258 516 677 935 a
1 2 4 8 16 32 33 64 97 161 258 516 774 935 a
1 2 4 8 16 32 33 64 97 161 322 419 516 935 a
1 2 4 8 16 32 33 64 97 161 322 419 838 935 a
1 2 4 8 16 32 40 41 73 114 187 374 561 935 b
1 2 4 8 16 32 40 41 73 114 187 374 748 935 b
1 2 4 8 16 32 40 41 73 146 187 374 561 935 b
1 2 4 8 16 32 40 41 73 146 187 374 748 935 b
1 2 4 8 16 32 64 65 80 145 290 355 580 935 a
1 2 4 8 16 32 64 65 80 145 290 355 645 935 a
1 2 4 8 16 32 64 65 80 145 290 435 500 935 a
1 2 4 8 16 32 64 65 80 145 290 435 870 935 a
1 2 4 8 16 32 64 65 80 145 290 580 645 935 a
1 2 4 8 16 32 64 65 80 145 290 580 870 935 a
1 2 4 8 16 32 64 65 81 145 290 355 580 935 a
1 2 4 8 16 32 64 65 81 145 290 355 645 935 b
1 2 4 8 16 32 64 65 81 145 290 435 500 935 b
1 2 4 8 16 32 64 65 81 145 290 435 870 935 b
1 2 4 8 16 32 64 65 81 145 290 580 645 935 b
1 2 4 8 16 32 64 65 81 145 290 580 870 935 b
1 2 4 8 16 32 64 65 96 161 226 387 548 935 a
1 2 4 8 16 32 64 65 96 161 226 387 774 935 a
1 2 4 8 16 32 64 65 96 161 322 387 548 935 a
1 2 4 8 16 32 64 65 96 161 322 387 774 935 a
1 2 4 8 16 32 64 65 97 161 226 387 548 935 b
1 2 4 8 16 32 64 65 97 161 226 387 774 935 b
1 2 4 8 16 32 64 65 97 161 258 419 516 935 b
1 2 4 8 16 32 64 65 97 161 258 419 677 935 b
1 2 4 8 16 32 64 65 97 161 258 419 838 935 b
1 2 4 8 16 32 64 65 97 161 258 516 677 935 b
1 2 4 8 16 32 64 65 97 161 258 516 774 935 b
1 2 4 8 16 32 64 65 97 161 322 387 548 935 b
1 2 4 8 16 32 64 65 97 161 322 387 774 935 b
1 2 4 8 16 32 64 65 97 161 322 419 516 935 b
1 2 4 8 16 32 64 65 97 161 322 419 838 935 b
1 2 4 8 16 32 64 65 129 137 266 403 532 935 b
1 2 4 8 16 32 64 65 129 137 266 403 669 935 b
1 2 4 8 16 32 64 65 129 137 266 403 806 935 b
1 2 4 8 16 32 64 65 129 137 266 532 669 935 b
1 2 4 8 16 32 64 65 129 137 266 532 798 935 b
1 2 4 8 16 32 64 65 129 137 274 403 532 935 b
1 2 4 8 16 32 64 65 129 137 274 403 806 935 b
1 2 4 8 16 32 64 65 129 145 258 403 532 935 a
1 2 4 8 16 32 64 65 129 145 258 403 806 935 a
1 2 4 8 16 32 64 65 129 145 274 403 532 935 b
1 2 4 8 16 32 64 65 129 145 274 403 806 935 b
1 2 4 8 16 32 64 65 129 145 290 355 580 935 a
1 2 4 8 16 32 64 65 129 145 290 355 645 935 b
1 2 4 8 16 32 64 65 129 145 290 435 500 935 b
1 2 4 8 16 32 64 65 129 145 290 435 870 935 b
1 2 4 8 16 32 64 65 129 145 290 580 645 935 b
1 2 4 8 16 32 64 65 129 145 290 580 870 935 b
1 2 4 8 16 32 64 65 129 161 226 387 548 935 b
1 2 4 8 16 32 64 65 129 161 226 387 774 935 b
1 2 4 8 16 32 64 65 129 161 258 387 548 935 a
1 2 4 8 16 32 64 65 129 161 258 387 774 935 a
1 2 4 8 16 32 64 65 129 161 258 419 516 935 a
1 2 4 8 16 32 64 65 129 161 258 419 677 935 a
1 2 4 8 16 32 64 65 129 161 258 516 677 935 a
1 2 4 8 16 32 64 65 129 161 258 516 774 935 a
1 2 4 8 16 32 64 65 129 161 290 355 580 935 a
1 2 4 8 16 32 64 65 129 161 290 355 645 935 b
1 2 4 8 16 32 64 65 129 161 290 580 645 935 b
1 2 4 8 16 32 64 65 129 161 290 580 870 935 b
1 2 4 8 16 32 64 65 129 161 322 387 548 935 b
1 2 4 8 16 32 64 65 129 161 322 387 774 935 b
1 2 4 8 16 32 64 65 129 258 274 387 548 935 a
1 2 4 8 16 32 64 65 129 258 274 387 661 935 a
1 2 4 8 16 32 64 65 129 258 274 403 532 935 b
1 2 4 8 16 32 64 65 129 258 274 403 661 935 b
1 2 4 8 16 32 64 65 129 258 274 403 677 935 b
1 2 4 8 16 32 64 65 129 258 274 403 806 935 b
1 2 4 8 16 32 64 65 129 258 274 532 661 935 b
1 2 4 8 16 32 64 65 129 258 274 532 806 935 b
1 2 4 8 16 32 64 65 129 258 274 548 677 935 b
1 2 4 8 16 32 64 65 129 258 274 548 806 935 b
1 2 4 8 16 32 64 65 129 258 290 355 580 935 a
1 2 4 8 16 32 64 65 129 258 290 355 645 935 b
1 2 4 8 16 32 64 65 129 258 290 387 548 935 a
1 2 4 8 16 32 64 65 129 258 290 387 645 935 a
1 2 4 8 16 32 64 65 129 258 290 387 677 935 a
1 2 4 8 16 32 64 65 129 258 290 419 516 935 a
1 2 4 8 16 32 64 65 129 258 290 419 677 935 b
1 2 4 8 16 32 64 65 129 258 290 516 645 935 a
1 2 4 8 16 32 64 65 129 258 290 516 806 935 a
1 2 4 8 16 32 64 65 129 258 290 548 677 935 b
1 2 4 8 16 32 64 65 129 258 290 548 806 935 b
1 2 4 8 16 32 64 65 129 258 290 580 645 935 b
1 2 4 8 16 32 64 65 129 258 290 580 870 935 b
1 2 4 8 16 32 64 65 129 258 387 403 532 935 b
1 2 4 8 16 32 64 65 129 258 387 403 806 935 b
1 2 4 8 16 32 64 65 129 258 387 419 516 935 a
1 2 4 8 16 32 64 65 129 258 387 419 548 935 b
1 2 4 8 16 32 64 65 129 258 387 419 677 935 b
1 2 4 8 16 32 64 65 129 258 387 419 806 935 b
1 2 4 8 16 32 64 65 129 258 387 516 548 935 b
1 2 4 8 16 32 64 65 129 258 387 516 903 935 b
1 2 4 8 16 32 64 65 129 258 387 645 677 935 b
1 2 4 8 16 32 64 65 129 258 387 645 903 935 b
1 2 4 8 16 32 64 65 129 258 387 774 806 935 b
1 2 4 8 16 32 64 65 129 258 387 774 903 935 b
1 2 4 8 16 32 64 65 129 258 516 548 677 935 b
1 2 4 8 16 32 64 65 129 258 516 548 806 935 b
1 2 4 8 16 32 64 65 129 258 516 645 677 935 b
1 2 4 8 16 32 64 65 129 258 516 645 903 935 b
1 2 4 8 16 32 64 65 129 258 516 774 806 935 b
1 2 4 8 16 32 64 65 129 258 516 774 903 935 b
1 2 4 8 16 32 64 96 97 161 258 419 516 935 b
1 2 4 8 16 32 64 96 97 161 258 419 677 935 b
1 2 4 8 16 32 64 96 97 161 258 419 838 935 b
1 2 4 8 16 32 64 96 97 161 258 516 677 935 b
1 2 4 8 16 32 64 96 97 161 258 516 774 935 b
1 2 4 8 16 32 64 96 97 161 322 419 516 935 b
1 2 4 8 16 32 64 96 97 161 322 419 838 935 b
1 2 4 8 16 32 64 128 129 137 266 403 532 935 b
1 2 4 8 16 32 64 128 129 137 266 403 669 935 b
1 2 4 8 16 32 64 128 129 137 266 403 806 935 b
1 2 4 8 16 32 64 128 129 137 266 532 669 935 b
1 2 4 8 16 32 64 128 129 137 266 532 798 935 b
1 2 4 8 16 32 64 128 129 137 274 403 532 935 b
1 2 4 8 16 32 64 128 129 137 274 403 806 935 b
1 2 4 8 16 32 64 128 129 145 258 403 532 935 a
1 2 4 8 16 32 64 128 129 145 258 403 806 935 a
1 2 4 8 16 32 64 128 129 145 274 403 532 935 b
1 2 4 8 16 32 64 128 129 145 274 403 806 935 b
1 2 4 8 16 32 64 128 129 161 258 387 548 935 a
1 2 4 8 16 32 64 128 129 161 258 387 774 935 a
1 2 4 8 16 32 64 128 129 161 258 419 516 935 a
1 2 4 8 16 32 64 128 129 161 258 419 677 935 a
1 2 4 8 16 32 64 128 129 161 258 516 677 935 a
1 2 4 8 16 32 64 128 129 161 258 516 774 935 a
1 2 4 8 16 32 64 128 129 258 274 387 548 935 a
1 2 4 8 16 32 64 128 129 258 274 387 661 935 a
1 2 4 8 16 32 64 128 129 258 274 403 532 935 b
1 2 4 8 16 32 64 128 129 258 274 403 661 935 b
1 2 4 8 16 32 64 128 129 258 274 403 677 935 b
1 2 4 8 16 32 64 128 129 258 274 403 806 935 b
1 2 4 8 16 32 64 128 129 258 274 532 661 935 b
1 2 4 8 16 32 64 128 129 258 274 532 806 935 b
1 2 4 8 16 32 64 128 129 258 274 548 677 935 b
1 2 4 8 16 32 64 128 129 258 274 548 806 935 b
1 2 4 8 16 32 64 128 129 258 290 387 548 935 a
1 2 4 8 16 32 64 128 129 258 290 387 645 935 a
1 2 4 8 16 32 64 128 129 258 290 387 677 935 a
1 2 4 8 16 32 64 128 129 258 290 419 516 935 a
1 2 4 8 16 32 64 128 129 258 290 419 677 935 b
1 2 4 8 16 32 64 128 129 258 290 516 645 935 a
1 2 4 8 16 32 64 128 129 258 290 516 806 935 a
1 2 4 8 16 32 64 128 129 258 290 548 677 935 b
1 2 4 8 16 32 64 128 129 258 290 548 806 935 b
1 2 4 8 16 32 64 128 129 258 387 403 532 935 b
1 2 4 8 16 32 64 128 129 258 387 403 806 935 b
1 2 4 8 16 32 64 128 129 258 387 419 516 935 a
1 2 4 8 16 32 64 128 129 258 387 419 548 935 b
1 2 4 8 16 32 64 128 129 258 387 419 677 935 b
1 2 4 8 16 32 64 128 129 258 387 419 806 935 b
1 2 4 8 16 32 64 128 129 258 387 516 548 935 b
1 2 4 8 16 32 64 128 129 258 387 516 903 935 b
1 2 4 8 16 32 64 128 129 258 387 645 677 935 b
1 2 4 8 16 32 64 128 129 258 387 645 903 935 b
1 2 4 8 16 32 64 128 129 258 387 774 806 935 b
1 2 4 8 16 32 64 128 129 258 387 774 903 935 b
1 2 4 8 16 32 64 128 129 258 516 548 677 935 b
1 2 4 8 16 32 64 128 129 258 516 548 806 935 b
1 2 4 8 16 32 64 128 129 258 516 645 677 935 b
1 2 4 8 16 32 64 128 129 258 516 645 903 935 b
1 2 4 8 16 32 64 128 129 258 516 774 806 935 b
1 2 4 8 16 32 64 128 129 258 516 774 903 935 b
