1 2 3 5 7 14 28 56 112 224 448 453 901 b
1 2 3 5 7 14 28 56 112 224 448 896 901 b
1 2 4 5 7 14 28 56 112 224 448 453 901 b
1 2 4 5 7 14 28 56 112 224 448 896 901 b
1 2 4 5 9 14 28 56 112 224 448 453 901 b
1 2 4 5 9 14 28 56 112 224 448 896 901 b
1 2 4 5 10 14 28 56 112 224 448 453 901 b
1 2 4 5 10 14 28 56 112 224 448 896 901 b
1 2 4 8 16 32 64 65 129 193 386 515 901 b
1 2 4 8 16 32 64 65 129 193 386 772 901 b
1 2 4 8 16 32 64 128 129 193 386 515 901 b
1 2 4 8 16 32 64 128 129 193 386 772 901 b
1 2 4 8 16 32 64 128 129 257 386 515 901 b
1 2 4 8 16 32 64 128 129 257 386 772 901 b
1 2 4 8 16 32 64 128 129 258 386 515 901 b
1 2 4 8 16 32 64 128 129 258 386 772 901 b
