1 2 3 4 7 14 28 31 56 112 224 448 479 927 a
1 2 3 4 7 14 28 31 56 112 224 448 896 927 a
1 2 3 4 7 14 28 56 59 115 230 460 467 927 b
1 2 3 4 7 14 28 56 59 115 230 460 920 927 b
1 2 3 4 7 14 28 56 112 115 230 460 467 927 b
1 2 3 4 7 14 28 56 112 115 230 460 920 927 b
1 2 3 4 7 14 28 56 112 119 231 462 465 927 b
1 2 3 4 7 14 28 56 112 119 231 462 924 927 b
1 2 3 4 7 14 28 56 112 224 231 462 465 927 b
1 2 3 4 7 14 28 56 112 224 231 462 924 927 b
1 2 3 4 7 14 28 56 112 224 238 462 465 927 b
1 2 3 4 7 14 28 56 112 224 238 462 924 927 b
1 2 3 4 7 14 28 56 112 224 448 451 476 927 a
1 2 3 4 7 14 28 56 112 224 448 451 479 927 b
1 2 3 4 7 14 28 56 112 224 448 451 899 927 b
1 2 3 4 7 14 28 56 112 224 448 462 465 927 b
1 2 3 4 7 14 28 56 112 224 448 462 924 927 b
1 2 3 4 7 14 28 56 112 224 448 476 479 927 b
1 2 3 4 7 14 28 56 112 224 448 476 924 927 b
1 2 3 4 7 14 28 56 112 224 448 896 899 927 b
1 2 3 4 7 14 28 56 112 224 448 896 924 927 b
1 2 3 5 7 12 19 38 76 152 157 309 618 927 b
1 2 3 5 7 12 19 38 76 152 304 309 618 927 b
1 2 3 5 7 12 24 48 55 103 206 309 618 927 b
1 2 3 5 7 12 24 48 55 103 206 412 515 927 b
1 2 3 5 7 12 24 48 55 103 206 412 824 927 b
1 2 3 5 7 12 24 48 96 103 206 309 618 927 b
1 2 3 5 7 12 24 48 96 103 206 412 515 927 b
1 2 3 5 7 12 24 48 96 103 206 412 824 927 b
1 2 3 5 7 14 19 38 76 152 157 309 618 927 b
1 2 3 5 7 14 19 38 76 152 304 309 618 927 b
1 2 3 5 7 14 28 31 56 112 224 448 479 927 a
1 2 3 5 7 14 28 31 56 112 224 448 896 927 a
1 2 3 5 7 14 28 56 59 115 230 460 467 927 b
1 2 3 5 7 14 28 56 59 115 230 460 920 927 b
1 2 3 5 7 14 28 56 112 115 230 460 467 927 b
1 2 3 5 7 14 28 56 112 115 230 460 920 927 b
1 2 3 5 7 14 28 56 112 119 231 462 465 927 b
1 2 3 5 7 14 28 56 112 119 231 462 924 927 b
1 2 3 5 7 14 28 56 112 224 231 462 465 927 b
1 2 3 5 7 14 28 56 112 224 231 462 924 927 b
1 2 3 5 7 14 28 56 112 224 238 462 465 927 b
1 2 3 5 7 14 28 56 112 224 238 462 924 927 b
1 2 3 5 7 14 28 56 112 224 448 451 476 927 a
1 2 3 5 7 14 28 56 112 224 448 451 479 927 b
1 2 3 5 7 14 28 56 112 224 448 451 899 927 b
1 2 3 5 7 14 28 56 112 224 448 462 465 927 b
1 2 3 5 7 14 28 56 112 224 448 462 924 927 b
1 2 3 5 7 14 28 56 112 224 448 476 479 927 b
1 2 3 5 7 14 28 56 112 224 448 476 924 927 b
1 2 3 5 7 14 28 56 112 224 448 896 899 927 b
1 2 3 5 7 14 28 56 112 224 448 896 924 927 b
1 2 3 5 8 11 19 38 76 152 157 309 618 927 b
1 2 3 5 8 11 19 38 76 152 304 309 618 927 b
1 2 3 5 8 16 19 38 76 152 157 309 618 927 b
1 2 3 5 8 16 19 38 76 152 304 309 618 927 b
1 2 3 5 10 15 25 50 53 103 206 309 618 927 b
1 2 3 5 10 15 25 50 53 103 206 412 515 927 b
1 2 3 5 10 15 25 50 53 103 206 412 824 927 b
1 2 3 5 10 15 25 50 100 103 206 309 618 927 b
1 2 3 5 10 15 25 50 100 103 206 412 515 927 b
1 2 3 5 10 15 25 50 100 103 206 412 824 927 b
1 2 3 5 10 15 30 60 63 123 186 309 618 927 b
1 2 3 5 10 15 30 60 63 123 246 309 618 927 b
1 2 3 5 10 20 21 41 62 103 206 309 618 927 b
1 2 3 5 10 20 21 41 62 103 206 412 515 927 b
1 2 3 5 10 20 21 41 62 103 206 412 824 927 b
1 2 3 5 10 20 21 41 82 103 206 309 618 927 b
1 2 3 5 10 20 21 41 82 103 206 412 515 927 b
1 2 3 5 10 20 21 41 82 103 206 412 824 927 b
1 2 3 5 10 20 23 40 63 103 206 309 618 927 a
1 2 3 5 10 20 23 40 63 103 206 412 515 927 a
1 2 3 5 10 20 23 40 63 103 206 412 824 927 a
1 2 3 5 10 20 23 40 80 103 206 309 618 927 a
1 2 3 5 10 20 23 40 80 103 206 412 515 927 a
1 2 3 5 10 20 23 40 80 103 206 412 824 927 a
1 2 3 5 10 20 25 50 53 103 206 309 618 927 b
1 2 3 5 10 20 25 50 53 103 206 412 515 927 b
1 2 3 5 10 20 25 50 53 103 206 412 824 927 b
1 2 3 5 10 20 25 50 100 103 206 309 618 927 b
1 2 3 5 10 20 25 50 100 103 206 412 515 927 b
1 2 3 5 10 20 25 50 100 103 206 412 824 927 b
1 2 3 5 10 20 30 50 53 103 206 309 618 927 b
1 2 3 5 10 20 30 50 53 103 206 412 515 927 b
1 2 3 5 10 20 30 50 53 103 206 412 824 927 b
1 2 3 5 10 20 30 50 100 103 206 309 618 927 b
1 2 3 5 10 20 30 50 100 103 206 412 515 927 b
1 2 3 5 10 20 30 50 100 103 206 412 824 927 b
1 2 3 5 10 20 30 60 63 123 186 309 618 927 b
1 2 3 5 10 20 30 60 63 123 246 309 618 927 b
1 2 3 5 10 20 40 43 60 103 206 309 618 927 a
1 2 3 5 10 20 40 43 60 103 206 412 515 927 a
1 2 3 5 10 20 40 43 60 103 206 412 824 927 a
1 2 3 5 10 20 40 43 63 103 206 309 618 927 b
1 2 3 5 10 20 40 43 63 103 206 412 515 927 b
1 2 3 5 10 20 40 43 63 103 206 412 824 927 b
1 2 3 5 10 20 40 43 83 103 206 309 618 927 b
1 2 3 5 10 20 40 43 83 103 206 412 515 927 b
1 2 3 5 10 20 40 43 83 103 206 412 824 927 b
1 2 3 5 10 20 40 50 53 103 206 309 618 927 b
1 2 3 5 10 20 40 50 53 103 206 412 515 927 b
1 2 3 5 10 20 40 50 53 103 206 412 824 927 b
1 2 3 5 10 20 40 50 100 103 206 309 618 927 b
1 2 3 5 10 20 40 50 100 103 206 412 515 927 b
1 2 3 5 10 20 40 50 100 103 206 412 824 927 b
1 2 3 5 10 20 40 60 63 103 206 309 618 927 b
1 2 3 5 10 20 40 60 63 103 206 412 515 927 b
1 2 3 5 10 20 40 60 63 103 206 412 824 927 b
1 2 3 5 10 20 40 60 63 123 186 309 618 927 b
1 2 3 5 10 20 40 60 63 123 246 309 618 927 b
1 2 3 5 10 20 40 60 100 103 206 309 618 927 b
1 2 3 5 10 20 40 60 100 103 206 412 515 927 b
1 2 3 5 10 20 40 60 100 103 206 412 824 927 b
1 2 3 5 10 20 40 80 83 103 206 309 618 927 b
1 2 3 5 10 20 40 80 83 103 206 412 515 927 b
1 2 3 5 10 20 40 80 83 103 206 412 824 927 b
1 2 3 5 10 20 40 80 100 103 206 309 618 927 b
1 2 3 5 10 20 40 80 100 103 206 412 515 927 b
1 2 3 5 10 20 40 80 100 103 206 412 824 927 b
1 2 3 6 7 12 24 48 55 103 206 309 618 927 a
1 2 3 6 7 12 24 48 55 103 206 412 515 927 a
1 2 3 6 7 12 24 48 55 103 206 412 824 927 a
1 2 3 6 7 12 24 48 96 103 206 309 618 927 a
1 2 3 6 7 12 24 48 96 103 206 412 515 927 a
1 2 3 6 7 12 24 48 96 103 206 412 824 927 a
1 2 3 6 7 14 28 31 56 112 224 448 479 927 a
1 2 3 6 7 14 28 31 56 112 224 448 896 927 a
1 2 3 6 7 14 28 56 59 115 230 460 467 927 b
1 2 3 6 7 14 28 56 59 115 230 460 920 927 b
1 2 3 6 7 14 28 56 112 115 230 460 467 927 b
1 2 3 6 7 14 28 56 112 115 230 460 920 927 b
1 2 3 6 7 14 28 56 112 118 230 460 467 927 b
1 2 3 6 7 14 28 56 112 118 230 460 920 927 b
1 2 3 6 7 14 28 56 112 119 231 462 465 927 b
1 2 3 6 7 14 28 56 112 119 231 462 924 927 b
1 2 3 6 7 14 28 56 112 224 230 460 467 927 b
1 2 3 6 7 14 28 56 112 224 230 460 920 927 b
1 2 3 6 7 14 28 56 112 224 231 462 465 927 b
1 2 3 6 7 14 28 56 112 224 231 462 924 927 b
1 2 3 6 7 14 28 56 112 224 238 462 465 927 b
1 2 3 6 7 14 28 56 112 224 238 462 924 927 b
1 2 3 6 7 14 28 56 112 224 448 451 476 927 a
1 2 3 6 7 14 28 56 112 224 448 451 479 927 b
1 2 3 6 7 14 28 56 112 224 448 451 899 927 b
1 2 3 6 7 14 28 56 112 224 448 462 465 927 b
1 2 3 6 7 14 28 56 112 224 448 462 924 927 b
1 2 3 6 7 14 28 56 112 224 448 476 479 927 b
1 2 3 6 7 14 28 56 112 224 448 476 924 927 b
1 2 3 6 7 14 28 56 112 224 448 896 899 927 b
1 2 3 6 7 14 28 56 112 224 448 896 924 927 b
1 2 3 6 8 14 28 31 56 112 224 448 479 927 a
1 2 3 6 8 14 28 31 56 112 224 448 896 927 a
1 2 3 6 8 14 28 56 112 224 238 462 465 927 b
1 2 3 6 8 14 28 56 112 224 238 462 924 927 b
1 2 3 6 8 14 28 56 112 224 448 451 476 927 a
1 2 3 6 8 14 28 56 112 224 448 451 479 927 b
1 2 3 6 8 14 28 56 112 224 448 451 899 927 b
1 2 3 6 8 14 28 56 112 224 448 462 465 927 b
1 2 3 6 8 14 28 56 112 224 448 462 924 927 b
1 2 3 6 8 14 28 56 112 224 448 476 479 927 b
1 2 3 6 8 14 28 56 112 224 448 476 924 927 b
1 2 3 6 8 14 28 56 112 224 448 896 899 927 b
1 2 3 6 8 14 28 56 112 224 448 896 924 927 b
1 2 3 6 9 15 21 36 57 114 228 456 471 927 b
1 2 3 6 9 15 21 36 57 114 228 456 912 927 b
1 2 3 6 9 15 21 36 72 144 165 309 618 927 b
1 2 3 6 9 15 21 36 72 144 288 309 618 927 b
1 2 3 6 9 15 21 42 57 114 228 456 471 927 b
1 2 3 6 9 15 21 42 57 114 228 456 912 927 b
1 2 3 6 9 15 24 33 57 114 228 456 471 927 b
1 2 3 6 9 15 24 33 57 114 228 456 912 927 b
1 2 3 6 9 15 24 48 57 114 228 456 471 927 b
1 2 3 6 9 15 24 48 57 114 228 456 912 927 b
1 2 3 6 9 15 30 45 75 150 159 309 618 927 b
1 2 3 6 9 15 30 45 75 150 300 309 618 927 b
1 2 3 6 9 15 30 45 90 180 189 369 558 927 b
1 2 3 6 9 15 30 45 90 180 189 369 738 927 b
1 2 3 6 9 15 30 60 63 123 186 309 618 927 b
1 2 3 6 9 15 30 60 63 123 246 309 618 927 b
1 2 3 6 9 15 30 60 69 120 189 309 618 927 a
1 2 3 6 9 15 30 60 69 120 240 309 618 927 a
1 2 3 6 9 15 30 60 75 150 159 309 618 927 b
1 2 3 6 9 15 30 60 75 150 300 309 618 927 b
1 2 3 6 9 15 30 60 90 150 159 309 618 927 b
1 2 3 6 9 15 30 60 90 150 300 309 618 927 b
1 2 3 6 9 15 30 60 90 180 189 369 558 927 b
1 2 3 6 9 15 30 60 90 180 189 369 738 927 b
1 2 3 6 9 15 30 60 120 129 180 309 618 927 a
1 2 3 6 9 15 30 60 120 129 189 309 618 927 b
1 2 3 6 9 15 30 60 120 129 249 309 618 927 b
1 2 3 6 9 15 30 60 120 150 159 309 618 927 b
1 2 3 6 9 15 30 60 120 150 300 309 618 927 b
1 2 3 6 9 15 30 60 120 180 189 309 618 927 b
1 2 3 6 9 15 30 60 120 180 189 369 558 927 b
1 2 3 6 9 15 30 60 120 180 189 369 738 927 b
1 2 3 6 9 15 30 60 120 180 300 309 618 927 b
1 2 3 6 9 15 30 60 120 240 249 309 618 927 b
1 2 3 6 9 15 30 60 120 240 300 309 618 927 b
1 2 3 6 9 18 21 36 72 144 165 309 618 927 a
1 2 3 6 9 18 21 36 72 144 288 309 618 927 a
1 2 3 6 9 18 27 45 63 108 216 432 495 927 b
1 2 3 6 9 18 27 45 63 108 216 432 864 927 b
1 2 3 6 9 18 27 45 90 135 225 450 477 927 b
1 2 3 6 9 18 27 45 90 135 225 450 900 927 b
1 2 3 6 9 18 27 45 90 180 189 369 558 927 b
1 2 3 6 9 18 27 45 90 180 189 369 738 927 b
1 2 3 6 9 18 27 45 90 180 207 360 567 927 a
1 2 3 6 9 18 27 45 90 180 207 360 720 927 a
1 2 3 6 9 18 27 45 90 180 225 450 477 927 b
1 2 3 6 9 18 27 45 90 180 225 450 900 927 b
1 2 3 6 9 18 27 45 90 180 270 450 477 927 b
1 2 3 6 9 18 27 45 90 180 270 450 900 927 b
1 2 3 6 9 18 27 45 90 180 360 387 540 927 a
1 2 3 6 9 18 27 45 90 180 360 387 567 927 b
1 2 3 6 9 18 27 45 90 180 360 387 747 927 b
1 2 3 6 9 18 27 45 90 180 360 450 477 927 b
1 2 3 6 9 18 27 45 90 180 360 450 900 927 b
1 2 3 6 9 18 27 45 90 180 360 540 567 927 b
1 2 3 6 9 18 27 45 90 180 360 540 900 927 b
1 2 3 6 9 18 27 45 90 180 360 720 747 927 b
1 2 3 6 9 18 27 45 90 180 360 720 900 927 b
1 2 3 6 9 18 27 54 55 109 218 436 491 927 b
1 2 3 6 9 18 27 54 55 109 218 436 872 927 b
1 2 3 6 9 18 27 54 63 108 216 432 495 927 a
1 2 3 6 9 18 27 54 63 108 216 432 864 927 a
1 2 3 6 9 18 27 54 108 117 225 450 477 927 b
1 2 3 6 9 18 27 54 108 117 225 450 900 927 b
1 2 3 6 9 18 27 54 108 216 225 450 477 927 b
1 2 3 6 9 18 27 54 108 216 225 450 900 927 b
1 2 3 6 9 18 27 54 108 216 234 450 477 927 b
1 2 3 6 9 18 27 54 108 216 234 450 900 927 b
1 2 3 6 9 18 27 54 108 216 243 459 468 927 b
1 2 3 6 9 18 27 54 108 216 243 459 918 927 b
1 2 3 6 9 18 27 54 108 216 432 441 486 927 a
1 2 3 6 9 18 27 54 108 216 432 441 495 927 b
1 2 3 6 9 18 27 54 108 216 432 441 873 927 b
1 2 3 6 9 18 27 54 108 216 432 450 477 927 b
1 2 3 6 9 18 27 54 108 216 432 450 900 927 b
1 2 3 6 9 18 27 54 108 216 432 459 468 927 b
1 2 3 6 9 18 27 54 108 216 432 459 918 927 b
1 2 3 6 9 18 27 54 108 216 432 486 495 927 b
1 2 3 6 9 18 27 54 108 216 432 486 918 927 b
1 2 3 6 9 18 27 54 108 216 432 864 873 927 b
1 2 3 6 9 18 27 54 108 216 432 864 918 927 b
1 2 3 6 9 18 36 39 72 111 222 444 483 927 a
1 2 3 6 9 18 36 39 72 111 222 444 888 927 a
1 2 3 6 9 18 36 39 75 111 222 444 483 927 b
1 2 3 6 9 18 36 39 75 111 222 444 888 927 b
1 2 3 6 9 18 36 39 75 150 159 309 618 927 b
1 2 3 6 9 18 36 39 75 150 300 309 618 927 b
1 2 3 6 9 18 36 45 63 108 216 432 495 927 b
1 2 3 6 9 18 36 45 63 108 216 432 864 927 b
1 2 3 6 9 18 36 45 90 180 189 369 558 927 b
1 2 3 6 9 18 36 45 90 180 189 369 738 927 b
1 2 3 6 9 18 36 54 55 109 218 436 491 927 b
1 2 3 6 9 18 36 54 55 109 218 436 872 927 b
1 2 3 6 9 18 36 54 63 108 216 432 495 927 a
1 2 3 6 9 18 36 54 63 108 216 432 864 927 a
1 2 3 6 9 18 36 54 90 180 189 369 558 927 b
1 2 3 6 9 18 36 54 90 180 189 369 738 927 b
1 2 3 6 9 18 36 54 108 216 432 441 486 927 a
1 2 3 6 9 18 36 54 108 216 432 441 495 927 b
1 2 3 6 9 18 36 54 108 216 432 441 873 927 b
1 2 3 6 9 18 36 54 108 216 432 486 495 927 b
1 2 3 6 9 18 36 54 108 216 432 486 918 927 b
1 2 3 6 9 18 36 54 108 216 432 864 873 927 b
1 2 3 6 9 18 36 54 108 216 432 864 918 927 b
1 2 3 6 9 18 36 72 75 150 159 309 618 927 b
1 2 3 6 9 18 36 72 75 150 300 309 618 927 b
1 2 3 6 9 18 36 72 78 150 159 309 618 927 b
1 2 3 6 9 18 36 72 78 150 300 309 618 927 b
1 2 3 6 9 18 36 72 81 153 156 309 618 927 b
1 2 3 6 9 18 36 72 81 153 234 387 540 927 b
1 2 3 6 9 18 36 72 81 153 234 387 774 927 b
1 2 3 6 9 18 36 72 81 153 306 309 618 927 b
1 2 3 6 9 18 36 72 81 153 306 315 612 927 a
1 2 3 6 9 18 36 72 81 153 306 315 621 927 b
1 2 3 6 9 18 36 72 81 153 306 387 540 927 b
1 2 3 6 9 18 36 72 81 153 306 387 774 927 b
1 2 3 6 9 18 36 72 81 153 306 459 468 927 b
1 2 3 6 9 18 36 72 81 153 306 459 918 927 b
1 2 3 6 9 18 36 72 81 153 306 612 621 927 b
1 2 3 6 9 18 36 72 81 153 306 612 918 927 b
1 2 3 6 9 18 36 72 90 180 189 369 558 927 b
1 2 3 6 9 18 36 72 90 180 189 369 738 927 b
1 2 3 6 9 18 36 72 108 180 189 369 558 927 b
1 2 3 6 9 18 36 72 108 180 189 369 738 927 b
1 2 3 6 9 18 36 72 144 147 162 309 618 927 a
1 2 3 6 9 18 36 72 144 147 165 309 618 927 b
1 2 3 6 9 18 36 72 144 147 291 309 618 927 b
1 2 3 6 9 18 36 72 144 150 159 309 618 927 b
1 2 3 6 9 18 36 72 144 150 300 309 618 927 b
1 2 3 6 9 18 36 72 144 153 156 309 618 927 b
1 2 3 6 9 18 36 72 144 153 297 315 612 927 b
1 2 3 6 9 18 36 72 144 153 297 315 630 927 b
1 2 3 6 9 18 36 72 144 153 297 333 594 927 a
1 2 3 6 9 18 36 72 144 153 297 333 630 927 b
1 2 3 6 9 18 36 72 144 153 297 594 630 927 b
1 2 3 6 9 18 36 72 144 153 297 594 891 927 b
1 2 3 6 9 18 36 72 144 153 306 309 618 927 b
1 2 3 6 9 18 36 72 144 153 306 315 612 927 a
1 2 3 6 9 18 36 72 144 153 306 315 621 927 b
1 2 3 6 9 18 36 72 144 153 306 459 468 927 b
1 2 3 6 9 18 36 72 144 153 306 459 918 927 b
1 2 3 6 9 18 36 72 144 153 306 612 621 927 b
1 2 3 6 9 18 36 72 144 153 306 612 918 927 b
1 2 3 6 9 18 36 72 144 162 165 309 618 927 b
1 2 3 6 9 18 36 72 144 162 306 309 618 927 b
1 2 3 6 9 18 36 72 144 162 306 315 612 927 a
1 2 3 6 9 18 36 72 144 162 306 315 621 927 b
1 2 3 6 9 18 36 72 144 162 306 612 621 927 b
1 2 3 6 9 18 36 72 144 162 306 612 918 927 b
1 2 3 6 9 18 36 72 144 180 189 369 558 927 b
1 2 3 6 9 18 36 72 144 180 189 369 738 927 b
1 2 3 6 9 18 36 72 144 288 291 309 618 927 b
1 2 3 6 9 18 36 72 144 288 297 315 612 927 b
1 2 3 6 9 18 36 72 144 288 297 315 630 927 b
1 2 3 6 9 18 36 72 144 288 297 333 594 927 a
1 2 3 6 9 18 36 72 144 288 297 333 630 927 b
1 2 3 6 9 18 36 72 144 288 297 594 630 927 b
1 2 3 6 9 18 36 72 144 288 297 594 891 927 b
1 2 3 6 9 18 36 72 144 288 306 309 618 927 b
1 2 3 6 9 18 36 72 144 288 306 315 612 927 a
1 2 3 6 9 18 36 72 144 288 306 315 621 927 b
1 2 3 6 9 18 36 72 144 288 306 612 621 927 b
1 2 3 6 9 18 36 72 144 288 306 612 918 927 b
1 2 3 6 12 13 24 37 74 148 161 309 618 927 a
1 2 3 6 12 13 24 37 74 148 296 309 618 927 a
1 2 3 6 12 13 25 31 56 112 224 448 479 927 b
1 2 3 6 12 13 25 31 56 112 224 448 896 927 b
1 2 3 6 12 13 25 37 74 148 161 309 618 927 b
1 2 3 6 12 13 25 37 74 148 296 309 618 927 b
1 2 3 6 12 13 25 50 53 103 206 309 618 927 b
1 2 3 6 12 13 25 50 53 103 206 412 515 927 b
1 2 3 6 12 13 25 50 53 103 206 412 824 927 b
1 2 3 6 12 13 25 50 100 103 206 309 618 927 b
1 2 3 6 12 13 25 50 100 103 206 412 515 927 b
1 2 3 6 12 13 25 50 100 103 206 412 824 927 b
1 2 3 6 12 14 28 31 56 112 224 448 479 927 a
1 2 3 6 12 14 28 31 56 112 224 448 896 927 a
1 2 3 6 12 14 28 56 112 224 238 462 465 927 b
1 2 3 6 12 14 28 56 112 224 238 462 924 927 b
1 2 3 6 12 14 28 56 112 224 448 451 476 927 a
1 2 3 6 12 14 28 56 112 224 448 451 479 927 b
1 2 3 6 12 14 28 56 112 224 448 451 899 927 b
1 2 3 6 12 14 28 56 112 224 448 462 465 927 b
1 2 3 6 12 14 28 56 112 224 448 462 924 927 b
1 2 3 6 12 14 28 56 112 224 448 476 479 927 b
1 2 3 6 12 14 28 56 112 224 448 476 924 927 b
1 2 3 6 12 14 28 56 112 224 448 896 899 927 b
1 2 3 6 12 14 28 56 112 224 448 896 924 927 b
1 2 3 6 12 15 21 36 57 114 228 456 471 927 b
1 2 3 6 12 15 21 36 57 114 228 456 912 927 b
1 2 3 6 12 15 21 36 72 144 165 309 618 927 b
1 2 3 6 12 15 21 36 72 144 288 309 618 927 b
1 2 3 6 12 15 21 42 57 114 228 456 471 927 b
1 2 3 6 12 15 21 42 57 114 228 456 912 927 b
1 2 3 6 12 15 27 30 57 114 228 456 471 927 b
1 2 3 6 12 15 27 30 57 114 228 456 912 927 b
1 2 3 6 12 15 27 42 57 114 228 456 471 927 b
1 2 3 6 12 15 27 42 57 114 228 456 912 927 b
1 2 3 6 12 15 27 54 55 109 218 436 491 927 b
1 2 3 6 12 15 27 54 55 109 218 436 872 927 b
1 2 3 6 12 15 27 54 57 114 228 456 471 927 b
1 2 3 6 12 15 27 54 57 114 228 456 912 927 b
1 2 3 6 12 15 27 54 60 114 228 456 471 927 b
1 2 3 6 12 15 27 54 60 114 228 456 912 927 b
1 2 3 6 12 15 27 54 108 114 228 456 471 927 b
1 2 3 6 12 15 27 54 108 114 228 456 912 927 b
1 2 3 6 12 15 27 54 108 120 228 456 471 927 b
1 2 3 6 12 15 27 54 108 120 228 456 912 927 b
1 2 3 6 12 15 27 54 108 123 231 462 465 927 b
1 2 3 6 12 15 27 54 108 123 231 462 924 927 b
1 2 3 6 12 15 27 54 108 216 228 456 471 927 b
1 2 3 6 12 15 27 54 108 216 228 456 912 927 b
1 2 3 6 12 15 27 54 108 216 231 462 465 927 b
1 2 3 6 12 15 27 54 108 216 231 462 924 927 b
1 2 3 6 12 15 30 42 57 114 228 456 471 927 b
1 2 3 6 12 15 30 42 57 114 228 456 912 927 b
1 2 3 6 12 15 30 42 72 114 228 456 471 927 b
1 2 3 6 12 15 30 42 72 114 228 456 912 927 b
1 2 3 6 12 15 30 42 84 114 228 456 471 927 b
1 2 3 6 12 15 30 42 84 114 228 456 912 927 b
1 2 3 6 12 15 30 45 57 114 228 456 471 927 b
1 2 3 6 12 15 30 45 57 114 228 456 912 927 b
1 2 3 6 12 15 30 60 63 123 186 309 618 927 b
1 2 3 6 12 15 30 60 63 123 246 309 618 927 b
1 2 3 6 12 18 21 36 72 144 165 309 618 927 a
1 2 3 6 12 18 21 36 72 144 288 309 618 927 a
1 2 3 6 12 18 30 60 63 123 186 309 618 927 b
1 2 3 6 12 18 30 60 63 123 246 309 618 927 b
1 2 3 6 12 18 36 39 72 111 222 444 483 927 a
1 2 3 6 12 18 36 39 72 111 222 444 888 927 a
1 2 3 6 12 18 36 39 75 111 222 444 483 927 b
1 2 3 6 12 18 36 39 75 111 222 444 888 927 b
1 2 3 6 12 18 36 54 55 109 218 436 491 927 b
1 2 3 6 12 18 36 54 55 109 218 436 872 927 b
1 2 3 6 12 18 36 72 144 147 162 309 618 927 a
1 2 3 6 12 18 36 72 144 147 165 309 618 927 b
1 2 3 6 12 18 36 72 144 147 291 309 618 927 b
1 2 3 6 12 18 36 72 144 162 165 309 618 927 b
1 2 3 6 12 18 36 72 144 162 306 309 618 927 b
1 2 3 6 12 18 36 72 144 288 291 309 618 927 b
1 2 3 6 12 18 36 72 144 288 306 309 618 927 b
1 2 3 6 12 24 25 31 56 112 224 448 479 927 b
1 2 3 6 12 24 25 31 56 112 224 448 896 927 b
1 2 3 6 12 24 25 50 53 103 206 309 618 927 b
1 2 3 6 12 24 25 50 53 103 206 412 515 927 b
1 2 3 6 12 24 25 50 53 103 206 412 824 927 b
1 2 3 6 12 24 25 50 100 103 206 309 618 927 b
1 2 3 6 12 24 25 50 100 103 206 412 515 927 b
1 2 3 6 12 24 25 50 100 103 206 412 824 927 b
1 2 3 6 12 24 26 50 53 103 206 309 618 927 b
1 2 3 6 12 24 26 50 53 103 206 412 515 927 b
1 2 3 6 12 24 26 50 53 103 206 412 824 927 b
1 2 3 6 12 24 26 50 100 103 206 309 618 927 b
1 2 3 6 12 24 26 50 100 103 206 412 515 927 b
1 2 3 6 12 24 26 50 100 103 206 412 824 927 b
1 2 3 6 12 24 27 48 75 150 225 450 477 927 a
1 2 3 6 12 24 27 48 75 150 225 450 900 927 a
1 2 3 6 12 24 27 48 75 150 300 327 600 927 a
1 2 3 6 12 24 27 48 75 150 300 327 627 927 a
1 2 3 6 12 24 27 48 75 150 300 450 477 927 a
1 2 3 6 12 24 27 48 75 150 300 450 900 927 a
1 2 3 6 12 24 27 48 75 150 300 600 627 927 a
1 2 3 6 12 24 27 48 75 150 300 600 900 927 a
1 2 3 6 12 24 27 51 52 103 206 309 618 927 b
1 2 3 6 12 24 27 51 52 103 206 412 515 927 b
1 2 3 6 12 24 27 51 52 103 206 412 824 927 b
1 2 3 6 12 24 27 51 75 150 225 450 477 927 b
1 2 3 6 12 24 27 51 75 150 225 450 900 927 b
1 2 3 6 12 24 27 51 75 150 300 327 600 927 a
1 2 3 6 12 24 27 51 75 150 300 327 627 927 b
1 2 3 6 12 24 27 51 75 150 300 450 477 927 b
1 2 3 6 12 24 27 51 75 150 300 450 900 927 b
1 2 3 6 12 24 27 51 75 150 300 600 627 927 b
1 2 3 6 12 24 27 51 75 150 300 600 900 927 b
1 2 3 6 12 24 27 51 78 129 180 309 618 927 b
1 2 3 6 12 24 27 51 78 129 258 309 618 927 b
1 2 3 6 12 24 27 51 102 103 206 309 618 927 b
1 2 3 6 12 24 27 51 102 103 206 412 515 927 b
1 2 3 6 12 24 27 51 102 103 206 412 824 927 b
1 2 3 6 12 24 27 51 102 105 204 309 618 927 a
1 2 3 6 12 24 27 51 102 105 207 309 618 927 b
1 2 3 6 12 24 27 51 102 129 180 309 618 927 b
1 2 3 6 12 24 27 51 102 129 231 462 465 927 b
1 2 3 6 12 24 27 51 102 129 231 462 924 927 b
1 2 3 6 12 24 27 51 102 129 258 309 618 927 b
1 2 3 6 12 24 27 51 102 153 156 309 618 927 b
1 2 3 6 12 24 27 51 102 153 306 309 618 927 b
1 2 3 6 12 24 27 51 102 204 207 309 618 927 b
1 2 3 6 12 24 27 51 102 204 231 462 465 927 b
1 2 3 6 12 24 27 51 102 204 231 462 924 927 b
1 2 3 6 12 24 27 51 102 204 306 309 618 927 b
1 2 3 6 12 24 27 54 55 109 218 436 491 927 b
1 2 3 6 12 24 27 54 55 109 218 436 872 927 b
1 2 3 6 12 24 30 54 55 109 218 436 491 927 b
1 2 3 6 12 24 30 54 55 109 218 436 872 927 b
1 2 3 6 12 24 30 54 108 216 246 462 465 927 b
1 2 3 6 12 24 30 54 108 216 246 462 924 927 b
1 2 3 6 12 24 30 54 108 216 432 462 465 927 b
1 2 3 6 12 24 30 54 108 216 432 462 924 927 b
1 2 3 6 12 24 30 60 63 123 186 309 618 927 b
1 2 3 6 12 24 30 60 63 123 246 309 618 927 b
1 2 3 6 12 24 36 39 72 111 222 444 483 927 a
1 2 3 6 12 24 36 39 72 111 222 444 888 927 a
1 2 3 6 12 24 36 39 75 111 222 444 483 927 b
1 2 3 6 12 24 36 39 75 111 222 444 888 927 b
1 2 3 6 12 24 36 60 63 123 186 309 618 927 b
1 2 3 6 12 24 36 60 63 123 246 309 618 927 b
1 2 3 6 12 24 48 49 54 103 206 309 618 927 a
1 2 3 6 12 24 48 49 54 103 206 412 515 927 a
1 2 3 6 12 24 48 49 54 103 206 412 824 927 a
1 2 3 6 12 24 48 49 55 103 206 309 618 927 b
1 2 3 6 12 24 48 49 55 103 206 412 515 927 b
1 2 3 6 12 24 48 49 55 103 206 412 824 927 b
1 2 3 6 12 24 48 49 97 103 206 309 618 927 b
1 2 3 6 12 24 48 49 97 103 206 412 515 927 b
1 2 3 6 12 24 48 49 97 103 206 412 824 927 b
1 2 3 6 12 24 48 49 98 147 195 390 537 927 b
1 2 3 6 12 24 48 49 98 147 195 390 780 927 b
1 2 3 6 12 24 48 50 53 103 206 309 618 927 b
1 2 3 6 12 24 48 50 53 103 206 412 515 927 b
1 2 3 6 12 24 48 50 53 103 206 412 824 927 b
1 2 3 6 12 24 48 50 100 103 206 309 618 927 b
1 2 3 6 12 24 48 50 100 103 206 412 515 927 b
1 2 3 6 12 24 48 50 100 103 206 412 824 927 b
1 2 3 6 12 24 48 51 52 103 206 309 618 927 b
1 2 3 6 12 24 48 51 52 103 206 412 515 927 b
1 2 3 6 12 24 48 51 52 103 206 412 824 927 b
1 2 3 6 12 24 48 51 96 147 195 390 537 927 a
1 2 3 6 12 24 48 51 96 147 195 390 780 927 a
1 2 3 6 12 24 48 51 96 147 243 390 537 927 a
1 2 3 6 12 24 48 51 96 147 243 390 780 927 a
1 2 3 6 12 24 48 51 96 147 294 390 537 927 a
1 2 3 6 12 24 48 51 96 147 294 390 780 927 a
1 2 3 6 12 24 48 51 99 105 204 309 618 927 b
1 2 3 6 12 24 48 51 99 105 210 309 618 927 b
1 2 3 6 12 24 48 51 99 111 198 309 618 927 a
1 2 3 6 12 24 48 51 99 111 210 309 618 927 b
1 2 3 6 12 24 48 51 99 147 195 390 537 927 b
1 2 3 6 12 24 48 51 99 147 195 390 780 927 b
1 2 3 6 12 24 48 51 99 198 210 309 618 927 b
1 2 3 6 12 24 48 51 99 198 297 309 618 927 b
1 2 3 6 12 24 48 51 102 103 206 309 618 927 b
1 2 3 6 12 24 48 51 102 103 206 412 515 927 b
1 2 3 6 12 24 48 51 102 103 206 412 824 927 b
1 2 3 6 12 24 48 51 102 105 204 309 618 927 a
1 2 3 6 12 24 48 51 102 105 207 309 618 927 b
1 2 3 6 12 24 48 51 102 153 156 309 618 927 b
1 2 3 6 12 24 48 51 102 153 306 309 618 927 b
1 2 3 6 12 24 48 51 102 204 207 309 618 927 b
1 2 3 6 12 24 48 51 102 204 306 309 618 927 b
1 2 3 6 12 24 48 54 55 103 206 309 618 927 b
1 2 3 6 12 24 48 54 55 103 206 412 515 927 b
1 2 3 6 12 24 48 54 55 103 206 412 824 927 b
1 2 3 6 12 24 48 54 55 109 218 436 491 927 b
1 2 3 6 12 24 48 54 55 109 218 436 872 927 b
1 2 3 6 12 24 48 54 102 103 206 309 618 927 b
1 2 3 6 12 24 48 54 102 103 206 412 515 927 b
1 2 3 6 12 24 48 54 102 103 206 412 824 927 b
1 2 3 6 12 24 48 54 102 105 204 309 618 927 a
1 2 3 6 12 24 48 54 102 105 207 309 618 927 b
1 2 3 6 12 24 48 54 102 204 207 309 618 927 b
1 2 3 6 12 24 48 54 102 204 258 462 465 927 b
1 2 3 6 12 24 48 54 102 204 258 462 924 927 b
1 2 3 6 12 24 48 54 102 204 306 309 618 927 b
1 2 3 6 12 24 48 54 102 204 408 462 465 927 b
1 2 3 6 12 24 48 54 102 204 408 462 924 927 b
1 2 3 6 12 24 48 60 63 108 216 432 495 927 a
1 2 3 6 12 24 48 60 63 108 216 432 864 927 a
1 2 3 6 12 24 48 60 63 123 186 309 618 927 b
1 2 3 6 12 24 48 60 63 123 246 309 618 927 b
1 2 3 6 12 24 48 60 108 216 432 435 492 927 a
1 2 3 6 12 24 48 60 108 216 432 435 495 927 b
1 2 3 6 12 24 48 60 108 216 432 435 867 927 b
1 2 3 6 12 24 48 60 108 216 432 492 495 927 b
1 2 3 6 12 24 48 60 108 216 432 492 924 927 b
1 2 3 6 12 24 48 60 108 216 432 864 867 927 b
1 2 3 6 12 24 48 60 108 216 432 864 924 927 b
1 2 3 6 12 24 48 72 75 147 195 390 537 927 b
1 2 3 6 12 24 48 72 75 147 195 390 780 927 b
1 2 3 6 12 24 48 72 144 147 195 390 537 927 b
1 2 3 6 12 24 48 72 144 147 195 390 780 927 b
1 2 3 6 12 24 48 96 97 103 206 309 618 927 b
1 2 3 6 12 24 48 96 97 103 206 412 515 927 b
1 2 3 6 12 24 48 96 97 103 206 412 824 927 b
1 2 3 6 12 24 48 96 99 105 204 309 618 927 b
1 2 3 6 12 24 48 96 99 105 210 309 618 927 b
1 2 3 6 12 24 48 96 99 108 207 414 513 927 a
1 2 3 6 12 24 48 96 99 108 207 414 828 927 a
1 2 3 6 12 24 48 96 99 111 198 309 618 927 a
1 2 3 6 12 24 48 96 99 111 207 414 513 927 b
1 2 3 6 12 24 48 96 99 111 207 414 828 927 b
1 2 3 6 12 24 48 96 99 111 210 309 618 927 b
1 2 3 6 12 24 48 96 99 144 243 342 585 927 a
1 2 3 6 12 24 48 96 99 144 243 342 684 927 a
1 2 3 6 12 24 48 96 99 147 195 390 537 927 b
1 2 3 6 12 24 48 96 99 147 195 390 780 927 b
1 2 3 6 12 24 48 96 99 147 243 342 585 927 b
1 2 3 6 12 24 48 96 99 147 243 342 684 927 b
1 2 3 6 12 24 48 96 99 147 243 390 537 927 b
1 2 3 6 12 24 48 96 99 147 243 390 780 927 b
1 2 3 6 12 24 48 96 99 147 294 390 537 927 b
1 2 3 6 12 24 48 96 99 147 294 390 780 927 b
1 2 3 6 12 24 48 96 99 195 207 414 513 927 b
1 2 3 6 12 24 48 96 99 195 207 414 828 927 b
1 2 3 6 12 24 48 96 99 195 219 414 513 927 b
1 2 3 6 12 24 48 96 99 195 219 414 828 927 b
1 2 3 6 12 24 48 96 99 195 243 342 585 927 b
1 2 3 6 12 24 48 96 99 195 243 342 684 927 b
1 2 3 6 12 24 48 96 99 195 390 414 513 927 b
1 2 3 6 12 24 48 96 99 195 390 414 828 927 b
1 2 3 6 12 24 48 96 99 195 390 438 489 927 a
1 2 3 6 12 24 48 96 99 195 390 438 537 927 b
1 2 3 6 12 24 48 96 99 195 390 438 828 927 b
1 2 3 6 12 24 48 96 99 195 390 489 537 927 b
1 2 3 6 12 24 48 96 99 195 390 489 879 927 b
1 2 3 6 12 24 48 96 99 195 390 780 828 927 b
1 2 3 6 12 24 48 96 99 195 390 780 879 927 b
1 2 3 6 12 24 48 96 99 198 210 309 618 927 b
1 2 3 6 12 24 48 96 99 198 297 309 618 927 b
1 2 3 6 12 24 48 96 102 103 206 309 618 927 b
1 2 3 6 12 24 48 96 102 103 206 412 515 927 b
1 2 3 6 12 24 48 96 102 103 206 412 824 927 b
1 2 3 6 12 24 48 96 102 105 204 309 618 927 a
1 2 3 6 12 24 48 96 102 105 207 309 618 927 b
1 2 3 6 12 24 48 96 102 204 207 309 618 927 b
1 2 3 6 12 24 48 96 102 204 306 309 618 927 b
1 2 3 6 12 24 48 96 108 111 204 408 519 927 a
1 2 3 6 12 24 48 96 108 111 204 408 816 927 a
1 2 3 6 12 24 48 96 108 204 408 411 516 927 a
1 2 3 6 12 24 48 96 108 204 408 411 519 927 b
1 2 3 6 12 24 48 96 108 204 408 411 819 927 b
1 2 3 6 12 24 48 96 108 204 408 516 519 927 b
1 2 3 6 12 24 48 96 108 204 408 516 924 927 b
1 2 3 6 12 24 48 96 108 204 408 816 819 927 b
1 2 3 6 12 24 48 96 108 204 408 816 924 927 b
1 2 3 6 12 24 48 96 144 147 195 390 537 927 b
1 2 3 6 12 24 48 96 144 147 195 390 780 927 b
1 2 3 6 12 24 48 96 144 147 243 390 537 927 b
1 2 3 6 12 24 48 96 144 147 243 390 780 927 b
1 2 3 6 12 24 48 96 144 147 294 390 537 927 b
1 2 3 6 12 24 48 96 144 147 294 390 780 927 b
1 2 4 5 7 12 19 38 76 152 157 309 618 927 b
1 2 4 5 7 12 19 38 76 152 304 309 618 927 b
1 2 4 5 7 12 24 48 55 103 206 309 618 927 b
1 2 4 5 7 12 24 48 55 103 206 412 515 927 b
1 2 4 5 7 12 24 48 55 103 206 412 824 927 b
1 2 4 5 7 12 24 48 96 103 206 309 618 927 b
1 2 4 5 7 12 24 48 96 103 206 412 515 927 b
1 2 4 5 7 12 24 48 96 103 206 412 824 927 b
1 2 4 5 7 14 19 38 76 152 157 309 618 927 b
1 2 4 5 7 14 19 38 76 152 304 309 618 927 b
1 2 4 5 9 10 19 38 76 152 157 309 618 927 b
1 2 4 5 9 10 19 38 76 152 304 309 618 927 b
1 2 4 5 9 14 19 38 76 152 157 309 618 927 b
1 2 4 5 9 14 19 38 76 152 304 309 618 927 b
1 2 4 5 9 18 19 38 76 152 157 309 618 927 b
1 2 4 5 9 18 19 38 76 152 304 309 618 927 b
1 2 4 5 9 18 20 38 76 152 157 309 618 927 b
1 2 4 5 9 18 20 38 76 152 304 309 618 927 b
1 2 4 5 9 18 27 45 63 108 216 432 495 927 b
1 2 4 5 9 18 27 45 63 108 216 432 864 927 b
1 2 4 5 9 18 27 45 90 135 225 450 477 927 b
1 2 4 5 9 18 27 45 90 135 225 450 900 927 b
1 2 4 5 9 18 27 45 90 180 189 369 558 927 b
1 2 4 5 9 18 27 45 90 180 189 369 738 927 b
1 2 4 5 9 18 27 45 90 180 207 360 567 927 a
1 2 4 5 9 18 27 45 90 180 207 360 720 927 a
1 2 4 5 9 18 27 45 90 180 225 450 477 927 b
1 2 4 5 9 18 27 45 90 180 225 450 900 927 b
1 2 4 5 9 18 27 45 90 180 270 450 477 927 b
1 2 4 5 9 18 27 45 90 180 270 450 900 927 b
1 2 4 5 9 18 27 45 90 180 360 387 540 927 a
1 2 4 5 9 18 27 45 90 180 360 387 567 927 b
1 2 4 5 9 18 27 45 90 180 360 387 747 927 b
1 2 4 5 9 18 27 45 90 180 360 450 477 927 b
1 2 4 5 9 18 27 45 90 180 360 450 900 927 b
1 2 4 5 9 18 27 45 90 180 360 540 567 927 b
1 2 4 5 9 18 27 45 90 180 360 540 900 927 b
1 2 4 5 9 18 27 45 90 180 360 720 747 927 b
1 2 4 5 9 18 27 45 90 180 360 720 900 927 b
1 2 4 5 9 18 27 54 55 109 218 436 491 927 b
1 2 4 5 9 18 27 54 55 109 218 436 872 927 b
1 2 4 5 9 18 27 54 63 108 216 432 495 927 a
1 2 4 5 9 18 27 54 63 108 216 432 864 927 a
1 2 4 5 9 18 27 54 108 117 225 450 477 927 b
1 2 4 5 9 18 27 54 108 117 225 450 900 927 b
1 2 4 5 9 18 27 54 108 216 225 450 477 927 b
1 2 4 5 9 18 27 54 108 216 225 450 900 927 b
1 2 4 5 9 18 27 54 108 216 234 450 477 927 b
1 2 4 5 9 18 27 54 108 216 234 450 900 927 b
1 2 4 5 9 18 27 54 108 216 243 459 468 927 b
1 2 4 5 9 18 27 54 108 216 243 459 918 927 b
1 2 4 5 9 18 27 54 108 216 432 441 486 927 a
1 2 4 5 9 18 27 54 108 216 432 441 495 927 b
1 2 4 5 9 18 27 54 108 216 432 441 873 927 b
1 2 4 5 9 18 27 54 108 216 432 450 477 927 b
1 2 4 5 9 18 27 54 108 216 432 450 900 927 b
1 2 4 5 9 18 27 54 108 216 432 459 468 927 b
1 2 4 5 9 18 27 54 108 216 432 459 918 927 b
1 2 4 5 9 18 27 54 108 216 432 486 495 927 b
1 2 4 5 9 18 27 54 108 216 432 486 918 927 b
1 2 4 5 9 18 27 54 108 216 432 864 873 927 b
1 2 4 5 9 18 27 54 108 216 432 864 918 927 b
1 2 4 5 9 18 36 38 76 152 157 309 618 927 b
1 2 4 5 9 18 36 38 76 152 304 309 618 927 b
1 2 4 5 9 18 36 40 76 152 157 309 618 927 b
1 2 4 5 9 18 36 40 76 152 304 309 618 927 b
1 2 4 5 9 18 36 41 77 154 155 309 618 927 b
1 2 4 5 9 18 36 41 77 154 308 309 618 927 b
1 2 4 5 9 18 36 45 63 108 216 432 495 927 b
1 2 4 5 9 18 36 45 63 108 216 432 864 927 b
1 2 4 5 9 18 36 45 90 180 189 369 558 927 b
1 2 4 5 9 18 36 45 90 180 189 369 738 927 b
1 2 4 5 9 18 36 54 55 109 218 436 491 927 b
1 2 4 5 9 18 36 54 55 109 218 436 872 927 b
1 2 4 5 9 18 36 54 63 108 216 432 495 927 a
1 2 4 5 9 18 36 54 63 108 216 432 864 927 a
1 2 4 5 9 18 36 54 90 180 189 369 558 927 b
1 2 4 5 9 18 36 54 90 180 189 369 738 927 b
1 2 4 5 9 18 36 54 108 216 432 441 486 927 a
1 2 4 5 9 18 36 54 108 216 432 441 495 927 b
1 2 4 5 9 18 36 54 108 216 432 441 873 927 b
1 2 4 5 9 18 36 54 108 216 432 486 495 927 b
1 2 4 5 9 18 36 54 108 216 432 486 918 927 b
1 2 4 5 9 18 36 54 108 216 432 864 873 927 b
1 2 4 5 9 18 36 54 108 216 432 864 918 927 b
1 2 4 5 9 18 36 72 76 152 157 309 618 927 b
1 2 4 5 9 18 36 72 76 152 304 309 618 927 b
1 2 4 5 9 18 36 72 77 154 155 309 618 927 b
1 2 4 5 9 18 36 72 77 154 308 309 618 927 b
1 2 4 5 9 18 36 72 81 153 234 387 540 927 b
1 2 4 5 9 18 36 72 81 153 234 387 774 927 b
1 2 4 5 9 18 36 72 81 153 306 315 612 927 a
1 2 4 5 9 18 36 72 81 153 306 315 621 927 b
1 2 4 5 9 18 36 72 81 153 306 387 540 927 b
1 2 4 5 9 18 36 72 81 153 306 387 774 927 b
1 2 4 5 9 18 36 72 81 153 306 459 468 927 b
1 2 4 5 9 18 36 72 81 153 306 459 918 927 b
1 2 4 5 9 18 36 72 81 153 306 612 621 927 b
1 2 4 5 9 18 36 72 81 153 306 612 918 927 b
1 2 4 5 9 18 36 72 90 180 189 369 558 927 b
1 2 4 5 9 18 36 72 90 180 189 369 738 927 b
1 2 4 5 9 18 36 72 108 180 189 369 558 927 b
1 2 4 5 9 18 36 72 108 180 189 369 738 927 b
1 2 4 5 9 18 36 72 144 153 297 315 612 927 b
1 2 4 5 9 18 36 72 144 153 297 315 630 927 b
1 2 4 5 9 18 36 72 144 153 297 333 594 927 a
1 2 4 5 9 18 36 72 144 153 297 333 630 927 b
1 2 4 5 9 18 36 72 144 153 297 594 630 927 b
1 2 4 5 9 18 36 72 144 153 297 594 891 927 b
1 2 4 5 9 18 36 72 144 153 306 315 612 927 a
1 2 4 5 9 18 36 72 144 153 306 315 621 927 b
1 2 4 5 9 18 36 72 144 153 306 459 468 927 b
1 2 4 5 9 18 36 72 144 153 306 459 918 927 b
1 2 4 5 9 18 36 72 144 153 306 612 621 927 b
1 2 4 5 9 18 36 72 144 153 306 612 918 927 b
1 2 4 5 9 18 36 72 144 162 306 315 612 927 a
1 2 4 5 9 18 36 72 144 162 306 315 621 927 b
1 2 4 5 9 18 36 72 144 162 306 612 621 927 b
1 2 4 5 9 18 36 72 144 162 306 612 918 927 b
1 2 4 5 9 18 36 72 144 180 189 369 558 927 b
1 2 4 5 9 18 36 72 144 180 189 369 738 927 b
1 2 4 5 9 18 36 72 144 288 297 315 612 927 b
1 2 4 5 9 18 36 72 144 288 297 315 630 927 b
1 2 4 5 9 18 36 72 144 288 297 333 594 927 a
1 2 4 5 9 18 36 72 144 288 297 333 630 927 b
1 2 4 5 9 18 36 72 144 288 297 594 630 927 b
1 2 4 5 9 18 36 72 144 288 297 594 891 927 b
1 2 4 5 9 18 36 72 144 288 306 315 612 927 a
1 2 4 5 9 18 36 72 144 288 306 315 621 927 b
1 2 4 5 9 18 36 72 144 288 306 612 621 927 b
1 2 4 5 9 18 36 72 144 288 306 612 918 927 b
1 2 4 5 10 14 19 38 76 152 157 309 618 927 b
1 2 4 5 10 14 19 38 76 152 304 309 618 927 b
1 2 4 5 10 14 24 38 76 152 157 309 618 927 b
1 2 4 5 10 14 24 38 76 152 304 309 618 927 b
1 2 4 5 10 14 28 38 76 152 157 309 618 927 b
1 2 4 5 10 14 28 38 76 152 304 309 618 927 b
1 2 4 5 10 15 19 38 57 114 228 456 471 927 b
1 2 4 5 10 15 19 38 57 114 228 456 912 927 b
1 2 4 5 10 15 19 38 76 114 228 456 471 927 b
1 2 4 5 10 15 19 38 76 114 228 456 912 927 b
1 2 4 5 10 15 19 38 76 152 157 309 618 927 b
1 2 4 5 10 15 19 38 76 152 228 456 471 927 b
1 2 4 5 10 15 19 38 76 152 228 456 912 927 b
1 2 4 5 10 15 19 38 76 152 304 309 618 927 b
1 2 4 5 10 15 19 38 76 152 304 319 608 927 a
1 2 4 5 10 15 19 38 76 152 304 319 623 927 b
1 2 4 5 10 15 19 38 76 152 304 456 471 927 b
1 2 4 5 10 15 19 38 76 152 304 456 912 927 b
1 2 4 5 10 15 19 38 76 152 304 608 623 927 b
1 2 4 5 10 15 19 38 76 152 304 608 912 927 b
1 2 4 5 10 20 21 41 62 103 206 309 618 927 b
1 2 4 5 10 20 21 41 62 103 206 412 515 927 b
1 2 4 5 10 20 21 41 62 103 206 412 824 927 b
1 2 4 5 10 20 21 41 82 103 206 309 618 927 b
1 2 4 5 10 20 21 41 82 103 206 412 515 927 b
1 2 4 5 10 20 21 41 82 103 206 412 824 927 b
1 2 4 6 7 12 24 48 55 103 206 309 618 927 a
1 2 4 6 7 12 24 48 55 103 206 412 515 927 a
1 2 4 6 7 12 24 48 55 103 206 412 824 927 a
1 2 4 6 7 12 24 48 96 103 206 309 618 927 a
1 2 4 6 7 12 24 48 96 103 206 412 515 927 a
1 2 4 6 7 12 24 48 96 103 206 412 824 927 a
1 2 4 6 7 14 28 56 112 118 230 460 467 927 b
1 2 4 6 7 14 28 56 112 118 230 460 920 927 b
1 2 4 6 7 14 28 56 112 224 230 460 467 927 b
1 2 4 6 7 14 28 56 112 224 230 460 920 927 b
1 2 4 6 10 20 21 41 62 103 206 309 618 927 b
1 2 4 6 10 20 21 41 62 103 206 412 515 927 b
1 2 4 6 10 20 21 41 62 103 206 412 824 927 b
1 2 4 6 10 20 21 41 82 103 206 309 618 927 b
1 2 4 6 10 20 21 41 82 103 206 412 515 927 b
1 2 4 6 10 20 21 41 82 103 206 412 824 927 b
1 2 4 6 12 13 24 37 74 148 161 309 618 927 a
1 2 4 6 12 13 24 37 74 148 296 309 618 927 a
1 2 4 6 12 13 25 31 56 112 224 448 479 927 b
1 2 4 6 12 13 25 31 56 112 224 448 896 927 b
1 2 4 6 12 13 25 37 74 148 161 309 618 927 b
1 2 4 6 12 13 25 37 74 148 296 309 618 927 b
1 2 4 6 12 18 36 54 55 109 218 436 491 927 b
1 2 4 6 12 18 36 54 55 109 218 436 872 927 b
1 2 4 6 12 24 25 31 56 112 224 448 479 927 b
1 2 4 6 12 24 25 31 56 112 224 448 896 927 b
1 2 4 6 12 24 30 54 55 109 218 436 491 927 b
1 2 4 6 12 24 30 54 55 109 218 436 872 927 b
1 2 4 6 12 24 48 49 54 103 206 309 618 927 a
1 2 4 6 12 24 48 49 54 103 206 412 515 927 a
1 2 4 6 12 24 48 49 54 103 206 412 824 927 a
1 2 4 6 12 24 48 49 55 103 206 309 618 927 b
1 2 4 6 12 24 48 49 55 103 206 412 515 927 b
1 2 4 6 12 24 48 49 55 103 206 412 824 927 b
1 2 4 6 12 24 48 49 97 103 206 309 618 927 b
1 2 4 6 12 24 48 49 97 103 206 412 515 927 b
1 2 4 6 12 24 48 49 97 103 206 412 824 927 b
1 2 4 6 12 24 48 49 98 147 195 390 537 927 b
1 2 4 6 12 24 48 49 98 147 195 390 780 927 b
1 2 4 6 12 24 48 54 55 103 206 309 618 927 b
1 2 4 6 12 24 48 54 55 103 206 412 515 927 b
1 2 4 6 12 24 48 54 55 103 206 412 824 927 b
1 2 4 6 12 24 48 54 55 109 218 436 491 927 b
1 2 4 6 12 24 48 54 55 109 218 436 872 927 b
1 2 4 6 12 24 48 54 102 103 206 309 618 927 b
1 2 4 6 12 24 48 54 102 103 206 412 515 927 b
1 2 4 6 12 24 48 54 102 103 206 412 824 927 b
1 2 4 6 12 24 48 96 97 103 206 309 618 927 b
1 2 4 6 12 24 48 96 97 103 206 412 515 927 b
1 2 4 6 12 24 48 96 97 103 206 412 824 927 b
1 2 4 6 12 24 48 96 102 103 206 309 618 927 b
1 2 4 6 12 24 48 96 102 103 206 412 515 927 b
1 2 4 6 12 24 48 96 102 103 206 412 824 927 b
1 2 4 8 9 16 25 50 75 150 159 309 618 927 a
1 2 4 8 9 16 25 50 75 150 300 309 618 927 a
1 2 4 8 9 16 25 50 100 109 200 309 618 927 a
1 2 4 8 9 16 25 50 100 109 209 309 618 927 a
1 2 4 8 9 16 25 50 100 150 159 309 618 927 a
1 2 4 8 9 16 25 50 100 150 300 309 618 927 a
1 2 4 8 9 16 25 50 100 200 209 309 618 927 a
1 2 4 8 9 16 25 50 100 200 300 309 618 927 a
1 2 4 8 9 17 25 50 75 150 159 309 618 927 b
1 2 4 8 9 17 25 50 75 150 300 309 618 927 b
1 2 4 8 9 17 25 50 100 109 200 309 618 927 a
1 2 4 8 9 17 25 50 100 109 209 309 618 927 b
1 2 4 8 9 17 25 50 100 150 159 309 618 927 b
1 2 4 8 9 17 25 50 100 150 300 309 618 927 b
1 2 4 8 9 17 25 50 100 200 209 309 618 927 b
1 2 4 8 9 17 25 50 100 200 300 309 618 927 b
1 2 4 8 9 17 26 43 60 103 206 309 618 927 b
1 2 4 8 9 17 26 43 60 103 206 412 515 927 b
1 2 4 8 9 17 26 43 60 103 206 412 824 927 b
1 2 4 8 9 17 26 43 86 103 206 309 618 927 b
1 2 4 8 9 17 26 43 86 103 206 412 515 927 b
1 2 4 8 9 17 26 43 86 103 206 412 824 927 b
1 2 4 8 9 17 34 35 68 103 206 309 618 927 a
1 2 4 8 9 17 34 35 68 103 206 412 515 927 a
1 2 4 8 9 17 34 35 68 103 206 412 824 927 a
1 2 4 8 9 17 34 35 69 103 206 309 618 927 b
1 2 4 8 9 17 34 35 69 103 206 412 515 927 b
1 2 4 8 9 17 34 35 69 103 206 412 824 927 b
1 2 4 8 9 17 34 43 60 103 206 309 618 927 b
1 2 4 8 9 17 34 43 60 103 206 412 515 927 b
1 2 4 8 9 17 34 43 60 103 206 412 824 927 b
1 2 4 8 9 17 34 43 77 154 155 309 618 927 b
1 2 4 8 9 17 34 43 77 154 308 309 618 927 b
1 2 4 8 9 17 34 43 86 103 206 309 618 927 b
1 2 4 8 9 17 34 43 86 103 206 412 515 927 b
1 2 4 8 9 17 34 43 86 103 206 412 824 927 b
1 2 4 8 9 17 34 51 52 103 206 309 618 927 b
1 2 4 8 9 17 34 51 52 103 206 412 515 927 b
1 2 4 8 9 17 34 51 52 103 206 412 824 927 b
1 2 4 8 9 17 34 51 102 103 206 309 618 927 b
1 2 4 8 9 17 34 51 102 103 206 412 515 927 b
1 2 4 8 9 17 34 51 102 103 206 412 824 927 b
1 2 4 8 9 17 34 51 102 111 204 408 519 927 a
1 2 4 8 9 17 34 51 102 111 204 408 816 927 a
1 2 4 8 9 17 34 51 102 153 306 315 612 927 a
1 2 4 8 9 17 34 51 102 153 306 315 621 927 b
1 2 4 8 9 17 34 51 102 153 306 459 468 927 b
1 2 4 8 9 17 34 51 102 153 306 459 918 927 b
1 2 4 8 9 17 34 51 102 153 306 612 621 927 b
1 2 4 8 9 17 34 51 102 153 306 612 918 927 b
1 2 4 8 9 17 34 51 102 204 255 459 468 927 b
1 2 4 8 9 17 34 51 102 204 255 459 918 927 b
1 2 4 8 9 17 34 51 102 204 306 315 612 927 a
1 2 4 8 9 17 34 51 102 204 306 315 621 927 b
1 2 4 8 9 17 34 51 102 204 306 612 621 927 b
1 2 4 8 9 17 34 51 102 204 306 612 918 927 b
1 2 4 8 9 17 34 51 102 204 408 417 510 927 a
1 2 4 8 9 17 34 51 102 204 408 417 519 927 b
1 2 4 8 9 17 34 51 102 204 408 417 825 927 b
1 2 4 8 9 17 34 51 102 204 408 459 468 927 b
1 2 4 8 9 17 34 51 102 204 408 459 918 927 b
1 2 4 8 9 17 34 51 102 204 408 510 519 927 b
1 2 4 8 9 17 34 51 102 204 408 510 918 927 b
1 2 4 8 9 17 34 51 102 204 408 816 825 927 b
1 2 4 8 9 17 34 51 102 204 408 816 918 927 b
1 2 4 8 9 17 34 68 69 103 206 309 618 927 b
1 2 4 8 9 17 34 68 69 103 206 412 515 927 b
1 2 4 8 9 17 34 68 69 103 206 412 824 927 b
1 2 4 8 9 17 34 68 77 154 155 309 618 927 b
1 2 4 8 9 17 34 68 77 154 308 309 618 927 b
1 2 4 8 9 17 34 68 85 153 306 315 612 927 a
1 2 4 8 9 17 34 68 85 153 306 315 621 927 b
1 2 4 8 9 17 34 68 85 153 306 459 468 927 b
1 2 4 8 9 17 34 68 85 153 306 459 918 927 b
1 2 4 8 9 17 34 68 85 153 306 612 621 927 b
1 2 4 8 9 17 34 68 85 153 306 612 918 927 b
1 2 4 8 9 17 34 68 102 103 206 309 618 927 b
1 2 4 8 9 17 34 68 102 103 206 412 515 927 b
1 2 4 8 9 17 34 68 102 103 206 412 824 927 b
1 2 4 8 9 17 34 68 102 111 204 408 519 927 a
1 2 4 8 9 17 34 68 102 111 204 408 816 927 a
1 2 4 8 9 17 34 68 102 204 306 315 612 927 a
1 2 4 8 9 17 34 68 102 204 306 315 621 927 b
1 2 4 8 9 17 34 68 102 204 306 612 621 927 b
1 2 4 8 9 17 34 68 102 204 306 612 918 927 b
1 2 4 8 9 17 34 68 102 204 408 417 510 927 a
1 2 4 8 9 17 34 68 102 204 408 417 519 927 b
1 2 4 8 9 17 34 68 102 204 408 417 825 927 b
1 2 4 8 9 17 34 68 102 204 408 510 519 927 b
1 2 4 8 9 17 34 68 102 204 408 510 918 927 b
1 2 4 8 9 17 34 68 102 204 408 816 825 927 b
1 2 4 8 9 17 34 68 102 204 408 816 918 927 b
1 2 4 8 9 17 34 68 136 153 306 315 612 927 a
1 2 4 8 9 17 34 68 136 153 306 315 621 927 b
1 2 4 8 9 17 34 68 136 153 306 459 468 927 b
1 2 4 8 9 17 34 68 136 153 306 459 918 927 b
1 2 4 8 9 17 34 68 136 153 306 612 621 927 b
1 2 4 8 9 17 34 68 136 153 306 612 918 927 b
1 2 4 8 9 17 34 68 136 170 306 315 612 927 a
1 2 4 8 9 17 34 68 136 170 306 315 621 927 b
1 2 4 8 9 17 34 68 136 170 306 612 621 927 b
1 2 4 8 9 17 34 68 136 170 306 612 918 927 b
1 2 4 8 9 17 34 68 136 272 306 315 612 927 a
1 2 4 8 9 17 34 68 136 272 306 315 621 927 b
1 2 4 8 9 17 34 68 136 272 306 612 621 927 b
1 2 4 8 9 17 34 68 136 272 306 612 918 927 b
1 2 4 8 9 18 27 45 63 108 216 432 495 927 b
1 2 4 8 9 18 27 45 63 108 216 432 864 927 b
1 2 4 8 9 18 27 45 90 135 225 450 477 927 b
1 2 4 8 9 18 27 45 90 135 225 450 900 927 b
1 2 4 8 9 18 27 45 90 180 189 369 558 927 b
1 2 4 8 9 18 27 45 90 180 189 369 738 927 b
1 2 4 8 9 18 27 45 90 180 207 360 567 927 a
1 2 4 8 9 18 27 45 90 180 207 360 720 927 a
1 2 4 8 9 18 27 45 90 180 225 450 477 927 b
1 2 4 8 9 18 27 45 90 180 225 450 900 927 b
1 2 4 8 9 18 27 45 90 180 270 450 477 927 b
1 2 4 8 9 18 27 45 90 180 270 450 900 927 b
1 2 4 8 9 18 27 45 90 180 360 387 540 927 a
1 2 4 8 9 18 27 45 90 180 360 387 567 927 b
1 2 4 8 9 18 27 45 90 180 360 387 747 927 b
1 2 4 8 9 18 27 45 90 180 360 450 477 927 b
1 2 4 8 9 18 27 45 90 180 360 450 900 927 b
1 2 4 8 9 18 27 45 90 180 360 540 567 927 b
1 2 4 8 9 18 27 45 90 180 360 540 900 927 b
1 2 4 8 9 18 27 45 90 180 360 720 747 927 b
1 2 4 8 9 18 27 45 90 180 360 720 900 927 b
1 2 4 8 9 18 27 54 55 109 218 436 491 927 b
1 2 4 8 9 18 27 54 55 109 218 436 872 927 b
1 2 4 8 9 18 27 54 63 108 216 432 495 927 a
1 2 4 8 9 18 27 54 63 108 216 432 864 927 a
1 2 4 8 9 18 27 54 108 117 225 450 477 927 b
1 2 4 8 9 18 27 54 108 117 225 450 900 927 b
1 2 4 8 9 18 27 54 108 216 225 450 477 927 b
1 2 4 8 9 18 27 54 108 216 225 450 900 927 b
1 2 4 8 9 18 27 54 108 216 234 450 477 927 b
1 2 4 8 9 18 27 54 108 216 234 450 900 927 b
1 2 4 8 9 18 27 54 108 216 243 459 468 927 b
1 2 4 8 9 18 27 54 108 216 243 459 918 927 b
1 2 4 8 9 18 27 54 108 216 432 441 486 927 a
1 2 4 8 9 18 27 54 108 216 432 441 495 927 b
1 2 4 8 9 18 27 54 108 216 432 441 873 927 b
1 2 4 8 9 18 27 54 108 216 432 450 477 927 b
1 2 4 8 9 18 27 54 108 216 432 450 900 927 b
1 2 4 8 9 18 27 54 108 216 432 459 468 927 b
1 2 4 8 9 18 27 54 108 216 432 459 918 927 b
1 2 4 8 9 18 27 54 108 216 432 486 495 927 b
1 2 4 8 9 18 27 54 108 216 432 486 918 927 b
1 2 4 8 9 18 27 54 108 216 432 864 873 927 b
1 2 4 8 9 18 27 54 108 216 432 864 918 927 b
1 2 4 8 9 18 36 45 63 108 216 432 495 927 b
1 2 4 8 9 18 36 45 63 108 216 432 864 927 b
1 2 4 8 9 18 36 45 90 180 189 369 558 927 b
1 2 4 8 9 18 36 45 90 180 189 369 738 927 b
1 2 4 8 9 18 36 54 55 109 218 436 491 927 b
1 2 4 8 9 18 36 54 55 109 218 436 872 927 b
1 2 4 8 9 18 36 54 63 108 216 432 495 927 a
1 2 4 8 9 18 36 54 63 108 216 432 864 927 a
1 2 4 8 9 18 36 54 90 180 189 369 558 927 b
1 2 4 8 9 18 36 54 90 180 189 369 738 927 b
1 2 4 8 9 18 36 54 108 216 432 441 486 927 a
1 2 4 8 9 18 36 54 108 216 432 441 495 927 b
1 2 4 8 9 18 36 54 108 216 432 441 873 927 b
1 2 4 8 9 18 36 54 108 216 432 486 495 927 b
1 2 4 8 9 18 36 54 108 216 432 486 918 927 b
1 2 4 8 9 18 36 54 108 216 432 864 873 927 b
1 2 4 8 9 18 36 54 108 216 432 864 918 927 b
1 2 4 8 9 18 36 72 81 153 234 387 540 927 b
1 2 4 8 9 18 36 72 81 153 234 387 774 927 b
1 2 4 8 9 18 36 72 81 153 306 315 612 927 a
1 2 4 8 9 18 36 72 81 153 306 315 621 927 b
1 2 4 8 9 18 36 72 81 153 306 387 540 927 b
1 2 4 8 9 18 36 72 81 153 306 387 774 927 b
1 2 4 8 9 18 36 72 81 153 306 459 468 927 b
1 2 4 8 9 18 36 72 81 153 306 459 918 927 b
1 2 4 8 9 18 36 72 81 153 306 612 621 927 b
1 2 4 8 9 18 36 72 81 153 306 612 918 927 b
1 2 4 8 9 18 36 72 90 180 189 369 558 927 b
1 2 4 8 9 18 36 72 90 180 189 369 738 927 b
1 2 4 8 9 18 36 72 108 180 189 369 558 927 b
1 2 4 8 9 18 36 72 108 180 189 369 738 927 b
1 2 4 8 9 18 36 72 144 153 297 315 612 927 b
1 2 4 8 9 18 36 72 144 153 297 315 630 927 b
1 2 4 8 9 18 36 72 144 153 297 333 594 927 a
1 2 4 8 9 18 36 72 144 153 297 333 630 927 b
1 2 4 8 9 18 36 72 144 153 297 594 630 927 b
1 2 4 8 9 18 36 72 144 153 297 594 891 927 b
1 2 4 8 9 18 36 72 144 153 306 315 612 927 a
1 2 4 8 9 18 36 72 144 153 306 315 621 927 b
1 2 4 8 9 18 36 72 144 153 306 459 468 927 b
1 2 4 8 9 18 36 72 144 153 306 459 918 927 b
1 2 4 8 9 18 36 72 144 153 306 612 621 927 b
1 2 4 8 9 18 36 72 144 153 306 612 918 927 b
1 2 4 8 9 18 36 72 144 162 306 315 612 927 a
1 2 4 8 9 18 36 72 144 162 306 315 621 927 b
1 2 4 8 9 18 36 72 144 162 306 612 621 927 b
1 2 4 8 9 18 36 72 144 162 306 612 918 927 b
1 2 4 8 9 18 36 72 144 180 189 369 558 927 b
1 2 4 8 9 18 36 72 144 180 189 369 738 927 b
1 2 4 8 9 18 36 72 144 288 297 315 612 927 b
1 2 4 8 9 18 36 72 144 288 297 315 630 927 b
1 2 4 8 9 18 36 72 144 288 297 333 594 927 a
1 2 4 8 9 18 36 72 144 288 297 333 630 927 b
1 2 4 8 9 18 36 72 144 288 297 594 630 927 b
1 2 4 8 9 18 36 72 144 288 297 594 891 927 b
1 2 4 8 9 18 36 72 144 288 306 315 612 927 a
1 2 4 8 9 18 36 72 144 288 306 315 621 927 b
1 2 4 8 9 18 36 72 144 288 306 612 621 927 b
1 2 4 8 9 18 36 72 144 288 306 612 918 927 b
1 2 4 8 10 18 36 54 55 109 218 436 491 927 b
1 2 4 8 10 18 36 54 55 109 218 436 872 927 b
1 2 4 8 10 18 36 72 82 154 155 309 618 927 b
1 2 4 8 10 18 36 72 82 154 308 309 618 927 b
1 2 4 8 10 18 36 72 144 154 155 309 618 927 b
1 2 4 8 10 18 36 72 144 154 308 309 618 927 b
1 2 4 8 10 20 21 41 62 103 206 309 618 927 b
1 2 4 8 10 20 21 41 62 103 206 412 515 927 b
1 2 4 8 10 20 21 41 62 103 206 412 824 927 b
1 2 4 8 10 20 21 41 82 103 206 309 618 927 b
1 2 4 8 10 20 21 41 82 103 206 412 515 927 b
1 2 4 8 10 20 21 41 82 103 206 412 824 927 b
1 2 4 8 12 13 24 37 74 148 161 309 618 927 a
1 2 4 8 12 13 24 37 74 148 296 309 618 927 a
1 2 4 8 12 13 25 37 74 148 161 309 618 927 b
1 2 4 8 12 13 25 37 74 148 296 309 618 927 b
1 2 4 8 12 20 21 41 62 103 206 309 618 927 b
1 2 4 8 12 20 21 41 62 103 206 412 515 927 b
1 2 4 8 12 20 21 41 62 103 206 412 824 927 b
1 2 4 8 12 20 21 41 82 103 206 309 618 927 b
1 2 4 8 12 20 21 41 82 103 206 412 515 927 b
1 2 4 8 12 20 21 41 82 103 206 412 824 927 b
1 2 4 8 12 24 48 49 98 147 195 390 537 927 b
1 2 4 8 12 24 48 49 98 147 195 390 780 927 b
1 2 4 8 16 17 32 49 65 130 179 309 618 927 a
1 2 4 8 16 17 32 49 65 130 260 309 618 927 a
1 2 4 8 16 17 32 49 81 130 179 309 618 927 a
1 2 4 8 16 17 32 49 81 130 260 309 618 927 a
1 2 4 8 16 17 32 49 98 130 179 309 618 927 a
1 2 4 8 16 17 32 49 98 130 260 309 618 927 a
1 2 4 8 16 17 33 35 68 103 206 309 618 927 b
1 2 4 8 16 17 33 35 68 103 206 412 515 927 b
1 2 4 8 16 17 33 35 68 103 206 412 824 927 b
1 2 4 8 16 17 33 35 70 103 206 309 618 927 b
1 2 4 8 16 17 33 35 70 103 206 412 515 927 b
1 2 4 8 16 17 33 35 70 103 206 412 824 927 b
1 2 4 8 16 17 33 37 66 103 206 309 618 927 a
1 2 4 8 16 17 33 37 66 103 206 412 515 927 a
1 2 4 8 16 17 33 37 66 103 206 412 824 927 a
1 2 4 8 16 17 33 37 70 103 206 309 618 927 b
1 2 4 8 16 17 33 37 70 103 206 412 515 927 b
1 2 4 8 16 17 33 37 70 103 206 412 824 927 b
1 2 4 8 16 17 33 49 65 130 179 309 618 927 b
1 2 4 8 16 17 33 49 65 130 260 309 618 927 b
1 2 4 8 16 17 33 66 70 103 206 309 618 927 b
1 2 4 8 16 17 33 66 70 103 206 412 515 927 b
1 2 4 8 16 17 33 66 70 103 206 412 824 927 b
1 2 4 8 16 17 33 66 83 149 298 331 596 927 a
1 2 4 8 16 17 33 66 83 149 298 331 629 927 b
1 2 4 8 16 17 33 66 83 149 298 447 480 927 b
1 2 4 8 16 17 33 66 83 149 298 447 894 927 b
1 2 4 8 16 17 33 66 83 149 298 596 629 927 b
1 2 4 8 16 17 33 66 83 149 298 596 894 927 b
1 2 4 8 16 17 33 66 99 103 206 309 618 927 b
1 2 4 8 16 17 33 66 99 103 206 412 515 927 b
1 2 4 8 16 17 33 66 99 103 206 412 824 927 b
1 2 4 8 16 17 33 66 132 133 264 397 530 927 a
1 2 4 8 16 17 33 66 132 133 264 397 794 927 a
1 2 4 8 16 17 33 66 132 133 265 331 596 927 b
1 2 4 8 16 17 33 66 132 133 265 331 662 927 b
1 2 4 8 16 17 33 66 132 133 265 397 530 927 b
1 2 4 8 16 17 33 66 132 133 265 397 662 927 b
1 2 4 8 16 17 33 66 132 133 265 397 794 927 b
1 2 4 8 16 17 33 66 132 133 265 530 662 927 b
1 2 4 8 16 17 33 66 132 133 265 530 795 927 b
1 2 4 8 16 17 33 66 132 149 298 331 596 927 a
1 2 4 8 16 17 33 66 132 149 298 331 629 927 b
1 2 4 8 16 17 33 66 132 149 298 447 480 927 b
1 2 4 8 16 17 33 66 132 149 298 447 894 927 b
1 2 4 8 16 17 33 66 132 149 298 596 629 927 b
1 2 4 8 16 17 33 66 132 149 298 596 894 927 b
1 2 4 8 16 17 33 66 132 264 265 331 596 927 b
1 2 4 8 16 17 33 66 132 264 265 331 662 927 b
1 2 4 8 16 17 33 66 132 264 265 397 530 927 a
1 2 4 8 16 17 33 66 132 264 265 397 662 927 b
1 2 4 8 16 17 33 66 132 264 265 530 662 927 b
1 2 4 8 16 17 33 66 132 264 265 530 795 927 b
1 2 4 8 16 17 34 35 68 103 206 309 618 927 a
1 2 4 8 16 17 34 35 68 103 206 412 515 927 a
1 2 4 8 16 17 34 35 68 103 206 412 824 927 a
1 2 4 8 16 17 34 35 69 103 206 309 618 927 b
1 2 4 8 16 17 34 35 69 103 206 412 515 927 b
1 2 4 8 16 17 34 35 69 103 206 412 824 927 b
1 2 4 8 16 17 34 51 52 103 206 309 618 927 b
1 2 4 8 16 17 34 51 52 103 206 412 515 927 b
1 2 4 8 16 17 34 51 52 103 206 412 824 927 b
1 2 4 8 16 17 34 51 102 103 206 309 618 927 b
1 2 4 8 16 17 34 51 102 103 206 412 515 927 b
1 2 4 8 16 17 34 51 102 103 206 412 824 927 b
1 2 4 8 16 17 34 68 69 103 206 309 618 927 b
1 2 4 8 16 17 34 68 69 103 206 412 515 927 b
1 2 4 8 16 17 34 68 69 103 206 412 824 927 b
1 2 4 8 16 17 34 68 102 103 206 309 618 927 b
1 2 4 8 16 17 34 68 102 103 206 412 515 927 b
1 2 4 8 16 17 34 68 102 103 206 412 824 927 b
1 2 4 8 16 18 34 35 68 103 206 309 618 927 a
1 2 4 8 16 18 34 35 68 103 206 412 515 927 a
1 2 4 8 16 18 34 35 68 103 206 412 824 927 a
1 2 4 8 16 18 34 35 69 103 206 309 618 927 b
1 2 4 8 16 18 34 35 69 103 206 412 515 927 b
1 2 4 8 16 18 34 35 69 103 206 412 824 927 b
1 2 4 8 16 18 34 68 69 103 206 309 618 927 b
1 2 4 8 16 18 34 68 69 103 206 412 515 927 b
1 2 4 8 16 18 34 68 69 103 206 412 824 927 b
1 2 4 8 16 18 34 68 86 154 155 309 618 927 b
1 2 4 8 16 18 34 68 86 154 308 309 618 927 b
1 2 4 8 16 18 34 68 102 103 206 309 618 927 b
1 2 4 8 16 18 34 68 102 103 206 412 515 927 b
1 2 4 8 16 18 34 68 102 103 206 412 824 927 b
1 2 4 8 16 18 34 68 136 154 155 309 618 927 b
1 2 4 8 16 18 34 68 136 154 308 309 618 927 b
1 2 4 8 16 18 36 54 55 109 218 436 491 927 b
1 2 4 8 16 18 36 54 55 109 218 436 872 927 b
1 2 4 8 16 20 21 36 72 144 165 309 618 927 a
1 2 4 8 16 20 21 36 72 144 288 309 618 927 a
1 2 4 8 16 20 21 41 62 103 206 309 618 927 b
1 2 4 8 16 20 21 41 62 103 206 412 515 927 b
1 2 4 8 16 20 21 41 62 103 206 412 824 927 b
1 2 4 8 16 20 21 41 82 103 206 309 618 927 b
1 2 4 8 16 20 21 41 82 103 206 412 515 927 b
1 2 4 8 16 20 21 41 82 103 206 412 824 927 b
1 2 4 8 16 20 36 72 144 145 164 309 618 927 a
1 2 4 8 16 20 36 72 144 145 165 309 618 927 b
1 2 4 8 16 20 36 72 144 145 289 309 618 927 b
1 2 4 8 16 20 36 72 144 164 165 309 618 927 b
1 2 4 8 16 20 36 72 144 164 308 309 618 927 b
1 2 4 8 16 20 36 72 144 288 289 309 618 927 b
1 2 4 8 16 20 36 72 144 288 308 309 618 927 b
1 2 4 8 16 24 25 49 65 130 179 309 618 927 b
1 2 4 8 16 24 25 49 65 130 260 309 618 927 b
1 2 4 8 16 24 48 49 65 130 179 309 618 927 b
1 2 4 8 16 24 48 49 65 130 260 309 618 927 b
1 2 4 8 16 24 48 49 98 147 195 390 537 927 b
1 2 4 8 16 24 48 49 98 147 195 390 780 927 b
1 2 4 8 16 32 33 35 68 103 206 309 618 927 b
1 2 4 8 16 32 33 35 68 103 206 412 515 927 b
1 2 4 8 16 32 33 35 68 103 206 412 824 927 b
1 2 4 8 16 32 33 35 70 103 206 309 618 927 b
1 2 4 8 16 32 33 35 70 103 206 412 515 927 b
1 2 4 8 16 32 33 35 70 103 206 412 824 927 b
1 2 4 8 16 32 33 36 69 138 171 309 618 927 a
1 2 4 8 16 32 33 36 69 138 276 309 618 927 a
1 2 4 8 16 32 33 37 66 103 206 309 618 927 a
1 2 4 8 16 32 33 37 66 103 206 412 515 927 a
1 2 4 8 16 32 33 37 66 103 206 412 824 927 a
1 2 4 8 16 32 33 37 69 138 171 309 618 927 b
1 2 4 8 16 32 33 37 69 138 276 309 618 927 b
1 2 4 8 16 32 33 37 70 103 206 309 618 927 b
1 2 4 8 16 32 33 37 70 103 206 412 515 927 b
1 2 4 8 16 32 33 37 70 103 206 412 824 927 b
1 2 4 8 16 32 33 48 81 114 195 309 618 927 a
1 2 4 8 16 32 33 48 81 114 228 309 618 927 a
1 2 4 8 16 32 33 49 65 130 179 309 618 927 b
1 2 4 8 16 32 33 49 65 130 260 309 618 927 b
1 2 4 8 16 32 33 49 81 114 195 309 618 927 b
1 2 4 8 16 32 33 49 81 114 228 309 618 927 b
1 2 4 8 16 32 33 49 81 130 179 309 618 927 b
1 2 4 8 16 32 33 49 81 130 260 309 618 927 b
1 2 4 8 16 32 33 49 98 130 179 309 618 927 b
1 2 4 8 16 32 33 49 98 130 260 309 618 927 b
1 2 4 8 16 32 33 65 69 138 171 309 618 927 b
1 2 4 8 16 32 33 65 69 138 276 309 618 927 b
1 2 4 8 16 32 33 65 73 138 171 309 618 927 b
1 2 4 8 16 32 33 65 73 138 276 309 618 927 b
1 2 4 8 16 32 33 65 81 114 195 309 618 927 b
1 2 4 8 16 32 33 65 81 114 228 309 618 927 b
1 2 4 8 16 32 33 65 130 138 171 309 618 927 b
1 2 4 8 16 32 33 65 130 138 276 309 618 927 b
1 2 4 8 16 32 33 65 130 146 163 309 618 927 a
1 2 4 8 16 32 33 65 130 146 179 309 618 927 b
1 2 4 8 16 32 33 65 130 146 276 309 618 927 b
1 2 4 8 16 32 33 65 130 163 179 309 618 927 b
1 2 4 8 16 32 33 65 130 163 293 309 618 927 b
1 2 4 8 16 32 33 65 130 260 276 309 618 927 b
1 2 4 8 16 32 33 65 130 260 293 309 618 927 b
1 2 4 8 16 32 33 66 70 103 206 309 618 927 b
1 2 4 8 16 32 33 66 70 103 206 412 515 927 b
1 2 4 8 16 32 33 66 70 103 206 412 824 927 b
1 2 4 8 16 32 33 66 99 103 206 309 618 927 b
1 2 4 8 16 32 33 66 99 103 206 412 515 927 b
1 2 4 8 16 32 33 66 99 103 206 412 824 927 b
1 2 4 8 16 32 33 66 132 133 264 397 530 927 a
1 2 4 8 16 32 33 66 132 133 264 397 794 927 a
1 2 4 8 16 32 33 66 132 133 265 331 596 927 b
1 2 4 8 16 32 33 66 132 133 265 331 662 927 b
1 2 4 8 16 32 33 66 132 133 265 397 530 927 b
1 2 4 8 16 32 33 66 132 133 265 397 662 927 b
1 2 4 8 16 32 33 66 132 133 265 397 794 927 b
1 2 4 8 16 32 33 66 132 133 265 530 662 927 b
1 2 4 8 16 32 33 66 132 133 265 530 795 927 b
1 2 4 8 16 32 33 66 132 264 265 331 596 927 b
1 2 4 8 16 32 33 66 132 264 265 331 662 927 b
1 2 4 8 16 32 33 66 132 264 265 397 530 927 a
1 2 4 8 16 32 33 66 132 264 265 397 662 927 b
1 2 4 8 16 32 33 66 132 264 265 530 662 927 b
1 2 4 8 16 32 33 66 132 264 265 530 795 927 b
1 2 4 8 16 32 34 35 68 103 206 309 618 927 a
1 2 4 8 16 32 34 35 68 103 206 412 515 927 a
1 2 4 8 16 32 34 35 68 103 206 412 824 927 a
1 2 4 8 16 32 34 35 69 103 206 309 618 927 b
1 2 4 8 16 32 34 35 69 103 206 412 515 927 b
1 2 4 8 16 32 34 35 69 103 206 412 824 927 b
1 2 4 8 16 32 34 66 132 133 264 397 530 927 a
1 2 4 8 16 32 34 66 132 133 264 397 794 927 a
1 2 4 8 16 32 34 66 132 133 265 331 596 927 b
1 2 4 8 16 32 34 66 132 133 265 331 662 927 b
1 2 4 8 16 32 34 66 132 133 265 397 530 927 b
1 2 4 8 16 32 34 66 132 133 265 397 662 927 b
1 2 4 8 16 32 34 66 132 133 265 397 794 927 b
1 2 4 8 16 32 34 66 132 133 265 530 662 927 b
1 2 4 8 16 32 34 66 132 133 265 530 795 927 b
1 2 4 8 16 32 34 66 132 264 265 331 596 927 b
1 2 4 8 16 32 34 66 132 264 265 331 662 927 b
1 2 4 8 16 32 34 66 132 264 265 397 530 927 a
1 2 4 8 16 32 34 66 132 264 265 397 662 927 b
1 2 4 8 16 32 34 66 132 264 265 530 662 927 b
1 2 4 8 16 32 34 66 132 264 265 530 795 927 b
1 2 4 8 16 32 34 68 69 103 206 309 618 927 b
1 2 4 8 16 32 34 68 69 103 206 412 515 927 b
1 2 4 8 16 32 34 68 69 103 206 412 824 927 b
1 2 4 8 16 32 34 68 102 103 206 309 618 927 b
1 2 4 8 16 32 34 68 102 103 206 412 515 927 b
1 2 4 8 16 32 34 68 102 103 206 412 824 927 b
1 2 4 8 16 32 36 37 68 136 173 309 618 927 a
1 2 4 8 16 32 36 37 68 136 272 309 618 927 a
1 2 4 8 16 32 36 68 136 137 172 309 618 927 a
1 2 4 8 16 32 36 68 136 137 173 309 618 927 b
1 2 4 8 16 32 36 68 136 137 273 309 618 927 b
1 2 4 8 16 32 36 68 136 172 173 309 618 927 b
1 2 4 8 16 32 36 68 136 172 308 309 618 927 b
1 2 4 8 16 32 36 68 136 272 273 309 618 927 b
1 2 4 8 16 32 36 68 136 272 308 309 618 927 b
1 2 4 8 16 32 48 49 65 130 179 309 618 927 b
1 2 4 8 16 32 48 49 65 130 260 309 618 927 b
1 2 4 8 16 32 48 49 81 130 179 309 618 927 b
1 2 4 8 16 32 48 49 81 130 260 309 618 927 b
1 2 4 8 16 32 48 49 98 130 179 309 618 927 b
1 2 4 8 16 32 48 49 98 130 260 309 618 927 b
1 2 4 8 16 32 48 49 98 147 195 390 537 927 b
1 2 4 8 16 32 48 49 98 147 195 390 780 927 b
1 2 4 8 16 32 64 65 129 133 266 395 532 927 a
1 2 4 8 16 32 64 65 129 133 266 395 661 927 b
1 2 4 8 16 32 64 65 129 133 266 399 528 927 b
1 2 4 8 16 32 64 65 129 133 266 399 798 927 b
1 2 4 8 16 32 64 65 129 133 266 532 661 927 b
1 2 4 8 16 32 64 65 129 133 266 532 798 927 b
1 2 4 8 16 32 64 65 129 137 258 395 532 927 a
1 2 4 8 16 32 64 65 129 137 258 395 790 927 a
1 2 4 8 16 32 64 65 129 137 266 395 532 927 b
1 2 4 8 16 32 64 65 129 137 266 395 661 927 b
1 2 4 8 16 32 64 65 129 137 266 395 790 927 b
1 2 4 8 16 32 64 65 129 137 266 532 661 927 b
1 2 4 8 16 32 64 65 129 137 266 532 798 927 b
1 2 4 8 16 32 64 65 129 258 266 395 532 927 a
1 2 4 8 16 32 64 65 129 258 266 395 661 927 b
1 2 4 8 16 32 64 65 129 258 266 532 661 927 b
1 2 4 8 16 32 64 65 129 258 266 532 798 927 b
1 2 4 8 16 32 64 66 132 133 264 397 530 927 a
1 2 4 8 16 32 64 66 132 133 264 397 794 927 a
1 2 4 8 16 32 64 66 132 133 265 331 596 927 b
1 2 4 8 16 32 64 66 132 133 265 331 662 927 b
1 2 4 8 16 32 64 66 132 133 265 397 530 927 b
1 2 4 8 16 32 64 66 132 133 265 397 662 927 b
1 2 4 8 16 32 64 66 132 133 265 397 794 927 b
1 2 4 8 16 32 64 66 132 133 265 530 662 927 b
1 2 4 8 16 32 64 66 132 133 265 530 795 927 b
1 2 4 8 16 32 64 66 132 264 265 331 596 927 b
1 2 4 8 16 32 64 66 132 264 265 331 662 927 b
1 2 4 8 16 32 64 66 132 264 265 397 530 927 a
1 2 4 8 16 32 64 66 132 264 265 397 662 927 b
1 2 4 8 16 32 64 66 132 264 265 530 662 927 b
1 2 4 8 16 32 64 66 132 264 265 530 795 927 b
1 2 4 8 16 32 64 68 132 133 264 397 530 927 a
1 2 4 8 16 32 64 68 132 133 264 397 794 927 a
1 2 4 8 16 32 64 68 132 133 265 397 530 927 b
1 2 4 8 16 32 64 68 132 133 265 397 662 927 b
1 2 4 8 16 32 64 68 132 133 265 397 794 927 b
1 2 4 8 16 32 64 68 132 133 265 530 662 927 b
1 2 4 8 16 32 64 68 132 133 265 530 795 927 b
1 2 4 8 16 32 64 68 132 264 265 397 530 927 a
1 2 4 8 16 32 64 68 132 264 265 397 662 927 b
1 2 4 8 16 32 64 68 132 264 265 530 662 927 b
1 2 4 8 16 32 64 68 132 264 265 530 795 927 b
1 2 4 8 16 32 64 128 129 133 266 395 532 927 a
1 2 4 8 16 32 64 128 129 133 266 395 661 927 b
1 2 4 8 16 32 64 128 129 133 266 399 528 927 b
1 2 4 8 16 32 64 128 129 133 266 399 798 927 b
1 2 4 8 16 32 64 128 129 133 266 532 661 927 b
1 2 4 8 16 32 64 128 129 133 266 532 798 927 b
1 2 4 8 16 32 64 128 129 137 258 395 532 927 a
1 2 4 8 16 32 64 128 129 137 258 395 790 927 a
1 2 4 8 16 32 64 128 129 137 266 395 532 927 b
1 2 4 8 16 32 64 128 129 137 266 395 661 927 b
1 2 4 8 16 32 64 128 129 137 266 395 790 927 b
1 2 4 8 16 32 64 128 129 137 266 532 661 927 b
1 2 4 8 16 32 64 128 129 137 266 532 798 927 b
1 2 4 8 16 32 64 128 129 258 266 395 532 927 a
1 2 4 8 16 32 64 128 129 258 266 395 661 927 b
1 2 4 8 16 32 64 128 129 258 266 532 661 927 b
1 2 4 8 16 32 64 128 129 258 266 532 798 927 b
1 2 4 8 16 32 64 128 132 133 264 397 530 927 a
1 2 4 8 16 32 64 128 132 133 264 397 794 927 a
1 2 4 8 16 32 64 128 132 133 265 397 530 927 b
1 2 4 8 16 32 64 128 132 133 265 397 662 927 b
1 2 4 8 16 32 64 128 132 133 265 397 794 927 b
1 2 4 8 16 32 64 128 132 133 265 530 662 927 b
1 2 4 8 16 32 64 128 132 133 265 530 795 927 b
1 2 4 8 16 32 64 128 132 264 265 397 530 927 a
1 2 4 8 16 32 64 128 132 264 265 397 662 927 b
1 2 4 8 16 32 64 128 132 264 265 530 662 927 b
1 2 4 8 16 32 64 128 132 264 265 530 795 927 b
