1 2 3 4 7 14 28 29 57 114 228 456 485 941 b
1 2 3 4 7 14 28 29 57 114 228 456 912 941 b
1 2 3 5 7 14 28 29 57 114 228 456 485 941 b
1 2 3 5 7 14 28 29 57 114 228 456 912 941 b
1 2 3 5 7 14 28 56 61 117 234 468 473 941 b
1 2 3 5 7 14 28 56 61 117 234 468 936 941 b
1 2 3 5 7 14 28 56 112 117 234 468 473 941 b
1 2 3 5 7 14 28 56 112 117 234 468 936 941 b
1 2 3 5 8 13 16 29 58 116 232 464 477 941 b
1 2 3 5 8 13 16 29 58 116 232 464 928 941 b
1 2 3 5 8 13 21 29 58 116 232 464 477 941 b
1 2 3 5 8 13 21 29 58 116 232 464 928 941 b
1 2 3 5 8 13 26 29 58 116 232 464 477 941 b
1 2 3 5 8 13 26 29 58 116 232 464 928 941 b
1 2 3 5 8 13 26 39 78 117 234 468 473 941 b
1 2 3 5 8 13 26 39 78 117 234 468 936 941 b
1 2 3 5 8 13 26 39 78 156 234 468 473 941 b
1 2 3 5 8 13 26 39 78 156 234 468 936 941 b
1 2 3 5 8 13 26 39 78 156 312 317 624 941 a
1 2 3 5 8 13 26 39 78 156 312 317 629 941 b
1 2 3 5 8 13 26 39 78 156 312 468 473 941 b
1 2 3 5 8 13 26 39 78 156 312 468 936 941 b
1 2 3 5 8 13 26 39 78 156 312 624 629 941 b
1 2 3 5 8 13 26 39 78 156 312 624 936 941 b
1 2 3 5 8 13 26 52 65 117 234 468 473 941 b
1 2 3 5 8 13 26 52 65 117 234 468 936 941 b
1 2 3 5 8 13 26 52 78 156 234 468 473 941 b
1 2 3 5 8 13 26 52 78 156 234 468 936 941 b
1 2 3 5 8 13 26 52 78 156 312 317 624 941 a
1 2 3 5 8 13 26 52 78 156 312 317 629 941 b
1 2 3 5 8 13 26 52 78 156 312 468 473 941 b
1 2 3 5 8 13 26 52 78 156 312 468 936 941 b
1 2 3 5 8 13 26 52 78 156 312 624 629 941 b
1 2 3 5 8 13 26 52 78 156 312 624 936 941 b
1 2 3 5 8 13 26 52 104 105 209 418 523 941 b
1 2 3 5 8 13 26 52 104 105 209 418 836 941 b
1 2 3 5 8 13 26 52 104 109 208 416 525 941 a
1 2 3 5 8 13 26 52 104 109 208 416 832 941 a
1 2 3 5 8 13 26 52 104 117 234 468 473 941 b
1 2 3 5 8 13 26 52 104 117 234 468 936 941 b
1 2 3 5 8 13 26 52 104 130 234 468 473 941 b
1 2 3 5 8 13 26 52 104 130 234 468 936 941 b
1 2 3 5 8 13 26 52 104 156 312 317 624 941 a
1 2 3 5 8 13 26 52 104 156 312 317 629 941 b
1 2 3 5 8 13 26 52 104 156 312 468 473 941 b
1 2 3 5 8 13 26 52 104 156 312 468 936 941 b
1 2 3 5 8 13 26 52 104 156 312 624 629 941 b
1 2 3 5 8 13 26 52 104 156 312 624 936 941 b
1 2 3 5 8 13 26 52 104 208 234 468 473 941 b
1 2 3 5 8 13 26 52 104 208 234 468 936 941 b
1 2 3 5 8 13 26 52 104 208 260 468 473 941 b
1 2 3 5 8 13 26 52 104 208 260 468 936 941 b
1 2 3 5 8 13 26 52 104 208 312 317 624 941 a
1 2 3 5 8 13 26 52 104 208 312 317 629 941 b
1 2 3 5 8 13 26 52 104 208 312 624 629 941 b
1 2 3 5 8 13 26 52 104 208 312 624 936 941 b
1 2 3 5 8 13 26 52 104 208 416 421 520 941 a
1 2 3 5 8 13 26 52 104 208 416 421 525 941 b
1 2 3 5 8 13 26 52 104 208 416 421 837 941 b
1 2 3 5 8 13 26 52 104 208 416 468 473 941 b
1 2 3 5 8 13 26 52 104 208 416 468 936 941 b
1 2 3 5 8 13 26 52 104 208 416 520 525 941 b
1 2 3 5 8 13 26 52 104 208 416 520 936 941 b
1 2 3 5 8 13 26 52 104 208 416 832 837 941 b
1 2 3 5 8 13 26 52 104 208 416 832 936 941 b
1 2 3 5 8 16 32 64 69 133 202 404 537 941 b
1 2 3 5 8 16 32 64 69 133 202 404 808 941 b
1 2 3 5 10 13 16 29 58 116 232 464 477 941 b
1 2 3 5 10 13 16 29 58 116 232 464 928 941 b
1 2 3 5 10 13 26 29 58 116 232 464 477 941 b
1 2 3 5 10 13 26 29 58 116 232 464 928 941 b
1 2 3 5 10 13 26 39 78 117 234 468 473 941 b
1 2 3 5 10 13 26 39 78 117 234 468 936 941 b
1 2 3 5 10 13 26 39 78 156 234 468 473 941 b
1 2 3 5 10 13 26 39 78 156 234 468 936 941 b
1 2 3 5 10 13 26 39 78 156 312 317 624 941 a
1 2 3 5 10 13 26 39 78 156 312 317 629 941 b
1 2 3 5 10 13 26 39 78 156 312 468 473 941 b
1 2 3 5 10 13 26 39 78 156 312 468 936 941 b
1 2 3 5 10 13 26 39 78 156 312 624 629 941 b
1 2 3 5 10 13 26 39 78 156 312 624 936 941 b
1 2 3 5 10 13 26 52 65 117 234 468 473 941 b
1 2 3 5 10 13 26 52 65 117 234 468 936 941 b
1 2 3 5 10 13 26 52 78 156 234 468 473 941 b
1 2 3 5 10 13 26 52 78 156 234 468 936 941 b
1 2 3 5 10 13 26 52 78 156 312 317 624 941 a
1 2 3 5 10 13 26 52 78 156 312 317 629 941 b
1 2 3 5 10 13 26 52 78 156 312 468 473 941 b
1 2 3 5 10 13 26 52 78 156 312 468 936 941 b
1 2 3 5 10 13 26 52 78 156 312 624 629 941 b
1 2 3 5 10 13 26 52 78 156 312 624 936 941 b
1 2 3 5 10 13 26 52 104 105 209 418 523 941 b
1 2 3 5 10 13 26 52 104 105 209 418 836 941 b
1 2 3 5 10 13 26 52 104 109 208 416 525 941 a
1 2 3 5 10 13 26 52 104 109 208 416 832 941 a
1 2 3 5 10 13 26 52 104 117 234 468 473 941 b
1 2 3 5 10 13 26 52 104 117 234 468 936 941 b
1 2 3 5 10 13 26 52 104 130 234 468 473 941 b
1 2 3 5 10 13 26 52 104 130 234 468 936 941 b
1 2 3 5 10 13 26 52 104 156 312 317 624 941 a
1 2 3 5 10 13 26 52 104 156 312 317 629 941 b
1 2 3 5 10 13 26 52 104 156 312 468 473 941 b
1 2 3 5 10 13 26 52 104 156 312 468 936 941 b
1 2 3 5 10 13 26 52 104 156 312 624 629 941 b
1 2 3 5 10 13 26 52 104 156 312 624 936 941 b
1 2 3 5 10 13 26 52 104 208 234 468 473 941 b
1 2 3 5 10 13 26 52 104 208 234 468 936 941 b
1 2 3 5 10 13 26 52 104 208 260 468 473 941 b
1 2 3 5 10 13 26 52 104 208 260 468 936 941 b
1 2 3 5 10 13 26 52 104 208 312 317 624 941 a
1 2 3 5 10 13 26 52 104 208 312 317 629 941 b
1 2 3 5 10 13 26 52 104 208 312 624 629 941 b
1 2 3 5 10 13 26 52 104 208 312 624 936 941 b
1 2 3 5 10 13 26 52 104 208 416 421 520 941 a
1 2 3 5 10 13 26 52 104 208 416 421 525 941 b
1 2 3 5 10 13 26 52 104 208 416 421 837 941 b
1 2 3 5 10 13 26 52 104 208 416 468 473 941 b
1 2 3 5 10 13 26 52 104 208 416 468 936 941 b
1 2 3 5 10 13 26 52 104 208 416 520 525 941 b
1 2 3 5 10 13 26 52 104 208 416 520 936 941 b
1 2 3 5 10 13 26 52 104 208 416 832 837 941 b
1 2 3 5 10 13 26 52 104 208 416 832 936 941 b
1 2 3 6 7 13 16 29 58 116 232 464 477 941 b
1 2 3 6 7 13 16 29 58 116 232 464 928 941 b
1 2 3 6 7 13 26 29 58 116 232 464 477 941 b
1 2 3 6 7 13 26 29 58 116 232 464 928 941 b
1 2 3 6 7 13 26 32 58 116 232 464 477 941 b
1 2 3 6 7 13 26 32 58 116 232 464 928 941 b
1 2 3 6 7 13 26 52 58 116 232 464 477 941 b
1 2 3 6 7 13 26 52 58 116 232 464 928 941 b
1 2 3 6 7 13 26 52 104 105 209 418 523 941 b
1 2 3 6 7 13 26 52 104 105 209 418 836 941 b
1 2 3 6 7 14 28 29 57 114 228 456 485 941 b
1 2 3 6 7 14 28 29 57 114 228 456 912 941 b
1 2 3 6 8 14 28 29 57 114 228 456 485 941 b
1 2 3 6 8 14 28 29 57 114 228 456 912 941 b
1 2 3 6 9 18 36 72 73 144 217 434 507 941 a
1 2 3 6 9 18 36 72 73 144 217 434 868 941 a
1 2 3 6 9 18 36 72 73 145 217 362 579 941 b
1 2 3 6 9 18 36 72 73 145 217 362 724 941 b
1 2 3 6 9 18 36 72 73 145 217 434 507 941 b
1 2 3 6 9 18 36 72 73 145 217 434 868 941 b
1 2 3 6 9 18 36 72 144 145 217 362 579 941 b
1 2 3 6 9 18 36 72 144 145 217 362 724 941 b
1 2 3 6 12 13 16 29 58 116 232 464 477 941 b
1 2 3 6 12 13 16 29 58 116 232 464 928 941 b
1 2 3 6 12 13 26 29 58 116 232 464 477 941 b
1 2 3 6 12 13 26 29 58 116 232 464 928 941 b
1 2 3 6 12 13 26 32 58 116 232 464 477 941 b
1 2 3 6 12 13 26 32 58 116 232 464 928 941 b
1 2 3 6 12 13 26 52 58 116 232 464 477 941 b
1 2 3 6 12 13 26 52 58 116 232 464 928 941 b
1 2 3 6 12 13 26 52 64 116 232 464 477 941 b
1 2 3 6 12 13 26 52 64 116 232 464 928 941 b
1 2 3 6 12 13 26 52 104 105 209 418 523 941 b
1 2 3 6 12 13 26 52 104 105 209 418 836 941 b
1 2 3 6 12 13 26 52 104 116 232 464 477 941 b
1 2 3 6 12 13 26 52 104 116 232 464 928 941 b
1 2 3 6 12 14 26 52 104 105 209 418 523 941 b
1 2 3 6 12 14 26 52 104 105 209 418 836 941 b
1 2 3 6 12 14 28 29 57 114 228 456 485 941 b
1 2 3 6 12 14 28 29 57 114 228 456 912 941 b
1 2 3 6 12 18 36 72 73 144 217 434 507 941 a
1 2 3 6 12 18 36 72 73 144 217 434 868 941 a
1 2 3 6 12 18 36 72 73 145 217 362 579 941 b
1 2 3 6 12 18 36 72 73 145 217 362 724 941 b
1 2 3 6 12 18 36 72 73 145 217 434 507 941 b
1 2 3 6 12 18 36 72 73 145 217 434 868 941 b
1 2 3 6 12 18 36 72 144 145 217 362 579 941 b
1 2 3 6 12 18 36 72 144 145 217 362 724 941 b
1 2 3 6 12 24 25 49 61 110 220 440 501 941 b
1 2 3 6 12 24 25 49 61 110 220 440 880 941 b
1 2 3 6 12 24 26 52 104 105 209 418 523 941 b
1 2 3 6 12 24 26 52 104 105 209 418 836 941 b
1 2 3 6 12 24 36 72 73 144 217 434 507 941 a
1 2 3 6 12 24 36 72 73 144 217 434 868 941 a
1 2 3 6 12 24 36 72 73 145 217 362 579 941 b
1 2 3 6 12 24 36 72 73 145 217 362 724 941 b
1 2 3 6 12 24 36 72 73 145 217 434 507 941 b
1 2 3 6 12 24 36 72 73 145 217 434 868 941 b
1 2 3 6 12 24 36 72 144 145 217 362 579 941 b
1 2 3 6 12 24 36 72 144 145 217 362 724 941 b
1 2 3 6 12 24 48 49 61 110 220 440 501 941 b
1 2 3 6 12 24 48 49 61 110 220 440 880 941 b
1 2 3 6 12 24 48 72 73 144 217 434 507 941 a
1 2 3 6 12 24 48 72 73 144 217 434 868 941 a
1 2 3 6 12 24 48 72 73 145 217 362 579 941 b
1 2 3 6 12 24 48 72 73 145 217 362 724 941 b
1 2 3 6 12 24 48 72 73 145 217 434 507 941 b
1 2 3 6 12 24 48 72 73 145 217 434 868 941 b
1 2 3 6 12 24 48 72 144 145 217 362 579 941 b
1 2 3 6 12 24 48 72 144 145 217 362 724 941 b
1 2 4 5 7 14 28 29 57 114 228 456 485 941 b
1 2 4 5 7 14 28 29 57 114 228 456 912 941 b
1 2 4 5 7 14 28 56 61 117 234 468 473 941 b
1 2 4 5 7 14 28 56 61 117 234 468 936 941 b
1 2 4 5 7 14 28 56 112 117 234 468 473 941 b
1 2 4 5 7 14 28 56 112 117 234 468 936 941 b
1 2 4 5 8 13 16 29 58 116 232 464 477 941 a
1 2 4 5 8 13 16 29 58 116 232 464 928 941 a
1 2 4 5 8 13 21 29 58 116 232 464 477 941 a
1 2 4 5 8 13 21 29 58 116 232 464 928 941 a
1 2 4 5 8 13 26 39 78 117 234 468 473 941 a
1 2 4 5 8 13 26 39 78 117 234 468 936 941 a
1 2 4 5 8 13 26 39 78 156 234 468 473 941 a
1 2 4 5 8 13 26 39 78 156 234 468 936 941 a
1 2 4 5 8 13 26 39 78 156 312 317 624 941 a
1 2 4 5 8 13 26 39 78 156 312 317 629 941 a
1 2 4 5 8 13 26 39 78 156 312 468 473 941 a
1 2 4 5 8 13 26 39 78 156 312 468 936 941 a
1 2 4 5 8 13 26 39 78 156 312 624 629 941 a
1 2 4 5 8 13 26 39 78 156 312 624 936 941 a
1 2 4 5 8 13 26 52 65 117 234 468 473 941 a
1 2 4 5 8 13 26 52 65 117 234 468 936 941 a
1 2 4 5 8 13 26 52 78 156 234 468 473 941 a
1 2 4 5 8 13 26 52 78 156 234 468 936 941 a
1 2 4 5 8 13 26 52 78 156 312 317 624 941 a
1 2 4 5 8 13 26 52 78 156 312 317 629 941 a
1 2 4 5 8 13 26 52 78 156 312 468 473 941 a
1 2 4 5 8 13 26 52 78 156 312 468 936 941 a
1 2 4 5 8 13 26 52 78 156 312 624 629 941 a
1 2 4 5 8 13 26 52 78 156 312 624 936 941 a
1 2 4 5 8 13 26 52 104 105 209 418 523 941 a
1 2 4 5 8 13 26 52 104 105 209 418 836 941 a
1 2 4 5 8 13 26 52 104 109 208 416 525 941 a
1 2 4 5 8 13 26 52 104 109 208 416 832 941 a
1 2 4 5 8 13 26 52 104 117 234 468 473 941 a
1 2 4 5 8 13 26 52 104 117 234 468 936 941 a
1 2 4 5 8 13 26 52 104 130 234 468 473 941 a
1 2 4 5 8 13 26 52 104 130 234 468 936 941 a
1 2 4 5 8 13 26 52 104 156 312 317 624 941 a
1 2 4 5 8 13 26 52 104 156 312 317 629 941 a
1 2 4 5 8 13 26 52 104 156 312 468 473 941 a
1 2 4 5 8 13 26 52 104 156 312 468 936 941 a
1 2 4 5 8 13 26 52 104 156 312 624 629 941 a
1 2 4 5 8 13 26 52 104 156 312 624 936 941 a
1 2 4 5 8 13 26 52 104 208 234 468 473 941 a
1 2 4 5 8 13 26 52 104 208 234 468 936 941 a
1 2 4 5 8 13 26 52 104 208 260 468 473 941 a
1 2 4 5 8 13 26 52 104 208 260 468 936 941 a
1 2 4 5 8 13 26 52 104 208 312 317 624 941 a
1 2 4 5 8 13 26 52 104 208 312 317 629 941 a
1 2 4 5 8 13 26 52 104 208 312 624 629 941 a
1 2 4 5 8 13 26 52 104 208 312 624 936 941 a
1 2 4 5 8 13 26 52 104 208 416 421 520 941 a
1 2 4 5 8 13 26 52 104 208 416 421 525 941 a
1 2 4 5 8 13 26 52 104 208 416 421 837 941 a
1 2 4 5 8 13 26 52 104 208 416 468 473 941 a
1 2 4 5 8 13 26 52 104 208 416 468 936 941 a
1 2 4 5 8 13 26 52 104 208 416 520 525 941 a
1 2 4 5 8 13 26 52 104 208 416 520 936 941 a
1 2 4 5 8 13 26 52 104 208 416 832 837 941 a
1 2 4 5 8 13 26 52 104 208 416 832 936 941 a
1 2 4 5 8 16 32 64 69 133 202 404 537 941 a
1 2 4 5 8 16 32 64 69 133 202 404 808 941 a
1 2 4 5 9 13 26 39 78 117 234 468 473 941 b
1 2 4 5 9 13 26 39 78 117 234 468 936 941 b
1 2 4 5 9 13 26 39 78 156 234 468 473 941 b
1 2 4 5 9 13 26 39 78 156 234 468 936 941 b
1 2 4 5 9 13 26 39 78 156 312 317 624 941 a
1 2 4 5 9 13 26 39 78 156 312 317 629 941 b
1 2 4 5 9 13 26 39 78 156 312 468 473 941 b
1 2 4 5 9 13 26 39 78 156 312 468 936 941 b
1 2 4 5 9 13 26 39 78 156 312 624 629 941 b
1 2 4 5 9 13 26 39 78 156 312 624 936 941 b
1 2 4 5 9 13 26 52 65 117 234 468 473 941 b
1 2 4 5 9 13 26 52 65 117 234 468 936 941 b
1 2 4 5 9 13 26 52 78 156 234 468 473 941 b
1 2 4 5 9 13 26 52 78 156 234 468 936 941 b
1 2 4 5 9 13 26 52 78 156 312 317 624 941 a
1 2 4 5 9 13 26 52 78 156 312 317 629 941 b
1 2 4 5 9 13 26 52 78 156 312 468 473 941 b
1 2 4 5 9 13 26 52 78 156 312 468 936 941 b
1 2 4 5 9 13 26 52 78 156 312 624 629 941 b
1 2 4 5 9 13 26 52 78 156 312 624 936 941 b
1 2 4 5 9 13 26 52 104 105 209 418 523 941 b
1 2 4 5 9 13 26 52 104 105 209 418 836 941 b
1 2 4 5 9 13 26 52 104 109 208 416 525 941 a
1 2 4 5 9 13 26 52 104 109 208 416 832 941 a
1 2 4 5 9 13 26 52 104 117 234 468 473 941 b
1 2 4 5 9 13 26 52 104 117 234 468 936 941 b
1 2 4 5 9 13 26 52 104 130 234 468 473 941 b
1 2 4 5 9 13 26 52 104 130 234 468 936 941 b
1 2 4 5 9 13 26 52 104 156 312 317 624 941 a
1 2 4 5 9 13 26 52 104 156 312 317 629 941 b
1 2 4 5 9 13 26 52 104 156 312 468 473 941 b
1 2 4 5 9 13 26 52 104 156 312 468 936 941 b
1 2 4 5 9 13 26 52 104 156 312 624 629 941 b
1 2 4 5 9 13 26 52 104 156 312 624 936 941 b
1 2 4 5 9 13 26 52 104 208 234 468 473 941 b
1 2 4 5 9 13 26 52 104 208 234 468 936 941 b
1 2 4 5 9 13 26 52 104 208 260 468 473 941 b
1 2 4 5 9 13 26 52 104 208 260 468 936 941 b
1 2 4 5 9 13 26 52 104 208 312 317 624 941 a
1 2 4 5 9 13 26 52 104 208 312 317 629 941 b
1 2 4 5 9 13 26 52 104 208 312 624 629 941 b
1 2 4 5 9 13 26 52 104 208 312 624 936 941 b
1 2 4 5 9 13 26 52 104 208 416 421 520 941 a
1 2 4 5 9 13 26 52 104 208 416 421 525 941 b
1 2 4 5 9 13 26 52 104 208 416 421 837 941 b
1 2 4 5 9 13 26 52 104 208 416 468 473 941 b
1 2 4 5 9 13 26 52 104 208 416 468 936 941 b
1 2 4 5 9 13 26 52 104 208 416 520 525 941 b
1 2 4 5 9 13 26 52 104 208 416 520 936 941 b
1 2 4 5 9 13 26 52 104 208 416 832 837 941 b
1 2 4 5 9 13 26 52 104 208 416 832 936 941 b
1 2 4 5 9 14 28 29 57 114 228 456 485 941 b
1 2 4 5 9 14 28 29 57 114 228 456 912 941 b
1 2 4 5 9 14 28 56 61 117 234 468 473 941 b
1 2 4 5 9 14 28 56 61 117 234 468 936 941 b
1 2 4 5 9 14 28 56 112 117 234 468 473 941 b
1 2 4 5 9 14 28 56 112 117 234 468 936 941 b
1 2 4 5 9 14 28 56 112 121 233 354 587 941 b
1 2 4 5 9 14 28 56 112 121 233 354 708 941 b
1 2 4 5 9 14 28 56 112 121 233 466 475 941 b
1 2 4 5 9 14 28 56 112 121 233 466 932 941 b
1 2 4 5 9 14 28 56 112 224 233 466 475 941 b
1 2 4 5 9 14 28 56 112 224 233 466 932 941 b
1 2 4 5 9 18 27 45 72 117 234 468 473 941 b
1 2 4 5 9 18 27 45 72 117 234 468 936 941 b
1 2 4 5 9 18 27 45 90 117 234 468 473 941 b
1 2 4 5 9 18 27 45 90 117 234 468 936 941 b
1 2 4 5 9 18 27 54 63 117 234 468 473 941 b
1 2 4 5 9 18 27 54 63 117 234 468 936 941 b
1 2 4 5 9 18 27 54 108 117 234 468 473 941 b
1 2 4 5 9 18 27 54 108 117 234 468 936 941 b
1 2 4 5 9 18 27 54 108 126 234 468 473 941 b
1 2 4 5 9 18 27 54 108 126 234 468 936 941 b
1 2 4 5 9 18 27 54 108 216 234 468 473 941 b
1 2 4 5 9 18 27 54 108 216 234 468 936 941 b
1 2 4 5 9 18 36 45 72 117 234 468 473 941 a
1 2 4 5 9 18 36 45 72 117 234 468 936 941 a
1 2 4 5 9 18 36 45 81 117 234 468 473 941 b
1 2 4 5 9 18 36 45 81 117 234 468 936 941 b
1 2 4 5 9 18 36 54 63 117 234 468 473 941 b
1 2 4 5 9 18 36 54 63 117 234 468 936 941 b
1 2 4 5 9 18 36 54 90 144 234 468 473 941 b
1 2 4 5 9 18 36 54 90 144 234 468 936 941 b
1 2 4 5 9 18 36 54 90 180 234 468 473 941 b
1 2 4 5 9 18 36 54 90 180 234 468 936 941 b
1 2 4 5 9 18 36 54 108 117 234 468 473 941 b
1 2 4 5 9 18 36 54 108 117 234 468 936 941 b
1 2 4 5 9 18 36 54 108 126 234 468 473 941 b
1 2 4 5 9 18 36 54 108 126 234 468 936 941 b
1 2 4 5 9 18 36 54 108 216 234 468 473 941 b
1 2 4 5 9 18 36 54 108 216 234 468 936 941 b
1 2 4 5 9 18 36 54 108 216 252 468 473 941 b
1 2 4 5 9 18 36 54 108 216 252 468 936 941 b
1 2 4 5 9 18 36 54 108 216 432 468 473 941 b
1 2 4 5 9 18 36 54 108 216 432 468 936 941 b
1 2 4 5 9 18 36 72 73 144 217 434 507 941 a
1 2 4 5 9 18 36 72 73 144 217 434 868 941 a
1 2 4 5 9 18 36 72 73 145 217 362 579 941 b
1 2 4 5 9 18 36 72 73 145 217 362 724 941 b
1 2 4 5 9 18 36 72 73 145 217 434 507 941 b
1 2 4 5 9 18 36 72 73 145 217 434 868 941 b
1 2 4 5 9 18 36 72 77 108 216 432 509 941 a
1 2 4 5 9 18 36 72 77 108 216 432 864 941 a
1 2 4 5 9 18 36 72 77 144 216 432 509 941 a
1 2 4 5 9 18 36 72 77 144 216 432 864 941 a
1 2 4 5 9 18 36 72 77 144 288 365 576 941 a
1 2 4 5 9 18 36 72 77 144 288 365 653 941 a
1 2 4 5 9 18 36 72 77 144 288 432 509 941 a
1 2 4 5 9 18 36 72 77 144 288 432 864 941 a
1 2 4 5 9 18 36 72 77 144 288 576 653 941 a
1 2 4 5 9 18 36 72 77 144 288 576 864 941 a
1 2 4 5 9 18 36 72 81 117 234 468 473 941 b
1 2 4 5 9 18 36 72 81 117 234 468 936 941 b
1 2 4 5 9 18 36 72 81 153 234 468 473 941 b
1 2 4 5 9 18 36 72 81 153 234 468 936 941 b
1 2 4 5 9 18 36 72 81 162 234 468 473 941 b
1 2 4 5 9 18 36 72 81 162 234 468 936 941 b
1 2 4 5 9 18 36 72 90 144 234 468 473 941 a
1 2 4 5 9 18 36 72 90 144 234 468 936 941 a
1 2 4 5 9 18 36 72 90 162 234 468 473 941 b
1 2 4 5 9 18 36 72 90 162 234 468 936 941 b
1 2 4 5 9 18 36 72 108 117 234 468 473 941 b
1 2 4 5 9 18 36 72 108 117 234 468 936 941 b
1 2 4 5 9 18 36 72 108 126 234 468 473 941 b
1 2 4 5 9 18 36 72 108 126 234 468 936 941 b
1 2 4 5 9 18 36 72 108 180 288 468 473 941 b
1 2 4 5 9 18 36 72 108 180 288 468 936 941 b
1 2 4 5 9 18 36 72 108 180 360 468 473 941 b
1 2 4 5 9 18 36 72 108 180 360 468 936 941 b
1 2 4 5 9 18 36 72 108 216 234 468 473 941 b
1 2 4 5 9 18 36 72 108 216 234 468 936 941 b
1 2 4 5 9 18 36 72 108 216 252 468 473 941 b
1 2 4 5 9 18 36 72 108 216 252 468 936 941 b
1 2 4 5 9 18 36 72 108 216 432 437 504 941 a
1 2 4 5 9 18 36 72 108 216 432 437 509 941 b
1 2 4 5 9 18 36 72 108 216 432 437 869 941 b
1 2 4 5 9 18 36 72 108 216 432 468 473 941 b
1 2 4 5 9 18 36 72 108 216 432 468 936 941 b
1 2 4 5 9 18 36 72 108 216 432 504 509 941 b
1 2 4 5 9 18 36 72 108 216 432 504 936 941 b
1 2 4 5 9 18 36 72 108 216 432 864 869 941 b
1 2 4 5 9 18 36 72 108 216 432 864 936 941 b
1 2 4 5 9 18 36 72 144 145 217 362 579 941 b
1 2 4 5 9 18 36 72 144 145 217 362 724 941 b
1 2 4 5 9 18 36 72 144 162 234 468 473 941 b
1 2 4 5 9 18 36 72 144 162 234 468 936 941 b
1 2 4 5 9 18 36 72 144 162 306 468 473 941 b
1 2 4 5 9 18 36 72 144 162 306 468 936 941 b
1 2 4 5 9 18 36 72 144 162 324 468 473 941 b
1 2 4 5 9 18 36 72 144 162 324 468 936 941 b
1 2 4 5 9 18 36 72 144 180 288 468 473 941 a
1 2 4 5 9 18 36 72 144 180 288 468 936 941 a
1 2 4 5 9 18 36 72 144 180 324 468 473 941 b
1 2 4 5 9 18 36 72 144 180 324 468 936 941 b
1 2 4 5 9 18 36 72 144 216 221 360 581 941 a
1 2 4 5 9 18 36 72 144 216 221 360 720 941 a
1 2 4 5 9 18 36 72 144 216 234 468 473 941 b
1 2 4 5 9 18 36 72 144 216 234 468 936 941 b
1 2 4 5 9 18 36 72 144 216 252 468 473 941 b
1 2 4 5 9 18 36 72 144 216 252 468 936 941 b
1 2 4 5 9 18 36 72 144 216 360 365 576 941 a
1 2 4 5 9 18 36 72 144 216 360 365 581 941 b
1 2 4 5 9 18 36 72 144 216 360 365 725 941 b
1 2 4 5 9 18 36 72 144 216 360 576 581 941 b
1 2 4 5 9 18 36 72 144 216 360 576 936 941 b
1 2 4 5 9 18 36 72 144 216 360 720 725 941 b
1 2 4 5 9 18 36 72 144 216 360 720 936 941 b
1 2 4 5 9 18 36 72 144 216 432 437 504 941 a
1 2 4 5 9 18 36 72 144 216 432 437 509 941 b
1 2 4 5 9 18 36 72 144 216 432 437 869 941 b
1 2 4 5 9 18 36 72 144 216 432 468 473 941 b
1 2 4 5 9 18 36 72 144 216 432 468 936 941 b
1 2 4 5 9 18 36 72 144 216 432 504 509 941 b
1 2 4 5 9 18 36 72 144 216 432 504 936 941 b
1 2 4 5 9 18 36 72 144 216 432 864 869 941 b
1 2 4 5 9 18 36 72 144 216 432 864 936 941 b
1 2 4 5 9 18 36 72 144 288 293 324 617 941 a
1 2 4 5 9 18 36 72 144 288 293 324 648 941 a
1 2 4 5 9 18 36 72 144 288 293 360 581 941 a
1 2 4 5 9 18 36 72 144 288 293 360 648 941 a
1 2 4 5 9 18 36 72 144 288 293 360 653 941 a
1 2 4 5 9 18 36 72 144 288 293 365 576 941 a
1 2 4 5 9 18 36 72 144 288 293 365 653 941 b
1 2 4 5 9 18 36 72 144 288 293 576 648 941 a
1 2 4 5 9 18 36 72 144 288 293 576 869 941 a
1 2 4 5 9 18 36 72 144 288 293 581 653 941 b
1 2 4 5 9 18 36 72 144 288 293 581 869 941 b
1 2 4 5 9 18 36 72 144 288 324 329 612 941 a
1 2 4 5 9 18 36 72 144 288 324 329 617 941 b
1 2 4 5 9 18 36 72 144 288 324 329 653 941 b
1 2 4 5 9 18 36 72 144 288 324 468 473 941 b
1 2 4 5 9 18 36 72 144 288 324 468 936 941 b
1 2 4 5 9 18 36 72 144 288 324 612 617 941 b
1 2 4 5 9 18 36 72 144 288 324 612 936 941 b
1 2 4 5 9 18 36 72 144 288 324 648 653 941 b
1 2 4 5 9 18 36 72 144 288 324 648 936 941 b
1 2 4 5 9 18 36 72 144 288 360 365 576 941 a
1 2 4 5 9 18 36 72 144 288 360 365 653 941 b
1 2 4 5 9 18 36 72 144 288 360 576 581 941 a
1 2 4 5 9 18 36 72 144 288 360 576 936 941 a
1 2 4 5 9 18 36 72 144 288 360 648 653 941 b
1 2 4 5 9 18 36 72 144 288 360 648 936 941 b
1 2 4 5 9 18 36 72 144 288 432 437 504 941 a
1 2 4 5 9 18 36 72 144 288 432 437 509 941 b
1 2 4 5 9 18 36 72 144 288 432 437 869 941 b
1 2 4 5 9 18 36 72 144 288 432 468 473 941 b
1 2 4 5 9 18 36 72 144 288 432 468 936 941 b
1 2 4 5 9 18 36 72 144 288 432 504 509 941 b
1 2 4 5 9 18 36 72 144 288 432 504 936 941 b
1 2 4 5 9 18 36 72 144 288 432 864 869 941 b
1 2 4 5 9 18 36 72 144 288 432 864 936 941 b
1 2 4 5 9 18 36 72 144 288 576 581 653 941 b
1 2 4 5 9 18 36 72 144 288 576 581 869 941 b
1 2 4 5 9 18 36 72 144 288 576 648 653 941 b
1 2 4 5 9 18 36 72 144 288 576 648 936 941 b
1 2 4 5 9 18 36 72 144 288 576 864 869 941 b
1 2 4 5 9 18 36 72 144 288 576 864 936 941 b
1 2 4 5 10 14 28 29 57 114 228 456 485 941 b
1 2 4 5 10 14 28 29 57 114 228 456 912 941 b
1 2 4 5 10 14 28 56 61 117 234 468 473 941 b
1 2 4 5 10 14 28 56 61 117 234 468 936 941 b
1 2 4 5 10 14 28 56 112 117 234 468 473 941 b
1 2 4 5 10 14 28 56 112 117 234 468 936 941 b
1 2 4 5 10 14 28 56 112 122 234 468 473 941 b
1 2 4 5 10 14 28 56 112 122 234 468 936 941 b
1 2 4 5 10 14 28 56 112 224 234 468 473 941 b
1 2 4 5 10 14 28 56 112 224 234 468 936 941 b
1 2 4 6 7 13 26 32 58 116 232 464 477 941 b
1 2 4 6 7 13 26 32 58 116 232 464 928 941 b
1 2 4 6 7 13 26 52 58 116 232 464 477 941 b
1 2 4 6 7 13 26 52 58 116 232 464 928 941 b
1 2 4 6 7 13 26 52 104 105 209 418 523 941 b
1 2 4 6 7 13 26 52 104 105 209 418 836 941 b
1 2 4 6 7 14 28 29 57 114 228 456 485 941 b
1 2 4 6 7 14 28 29 57 114 228 456 912 941 b
1 2 4 6 8 14 28 29 57 114 228 456 485 941 b
1 2 4 6 8 14 28 29 57 114 228 456 912 941 b
1 2 4 6 10 14 28 29 57 114 228 456 485 941 b
1 2 4 6 10 14 28 29 57 114 228 456 912 941 b
1 2 4 6 10 16 26 52 104 105 209 418 523 941 b
1 2 4 6 10 16 26 52 104 105 209 418 836 941 b
1 2 4 6 10 20 26 52 104 105 209 418 523 941 b
1 2 4 6 10 20 26 52 104 105 209 418 836 941 b
1 2 4 6 12 13 16 29 58 116 232 464 477 941 a
1 2 4 6 12 13 16 29 58 116 232 464 928 941 a
1 2 4 6 12 13 17 29 58 116 232 464 477 941 b
1 2 4 6 12 13 17 29 58 116 232 464 928 941 b
1 2 4 6 12 13 25 29 58 116 232 464 477 941 b
1 2 4 6 12 13 25 29 58 116 232 464 928 941 b
1 2 4 6 12 13 26 32 58 116 232 464 477 941 b
1 2 4 6 12 13 26 32 58 116 232 464 928 941 b
1 2 4 6 12 13 26 52 58 116 232 464 477 941 b
1 2 4 6 12 13 26 52 58 116 232 464 928 941 b
1 2 4 6 12 13 26 52 64 116 232 464 477 941 b
1 2 4 6 12 13 26 52 64 116 232 464 928 941 b
1 2 4 6 12 13 26 52 104 105 209 418 523 941 b
1 2 4 6 12 13 26 52 104 105 209 418 836 941 b
1 2 4 6 12 13 26 52 104 116 232 464 477 941 b
1 2 4 6 12 13 26 52 104 116 232 464 928 941 b
1 2 4 6 12 14 26 52 104 105 209 418 523 941 b
1 2 4 6 12 14 26 52 104 105 209 418 836 941 b
1 2 4 6 12 14 28 29 57 114 228 456 485 941 b
1 2 4 6 12 14 28 29 57 114 228 456 912 941 b
1 2 4 6 12 16 28 29 57 114 228 456 485 941 b
1 2 4 6 12 16 28 29 57 114 228 456 912 941 b
1 2 4 6 12 18 36 72 73 144 217 434 507 941 a
1 2 4 6 12 18 36 72 73 144 217 434 868 941 a
1 2 4 6 12 18 36 72 73 145 217 362 579 941 b
1 2 4 6 12 18 36 72 73 145 217 362 724 941 b
1 2 4 6 12 18 36 72 73 145 217 434 507 941 b
1 2 4 6 12 18 36 72 73 145 217 434 868 941 b
1 2 4 6 12 18 36 72 144 145 217 362 579 941 b
1 2 4 6 12 18 36 72 144 145 217 362 724 941 b
1 2 4 6 12 24 25 49 61 110 220 440 501 941 b
1 2 4 6 12 24 25 49 61 110 220 440 880 941 b
1 2 4 6 12 24 26 52 104 105 209 418 523 941 b
1 2 4 6 12 24 26 52 104 105 209 418 836 941 b
1 2 4 6 12 24 28 29 57 114 228 456 485 941 b
1 2 4 6 12 24 28 29 57 114 228 456 912 941 b
1 2 4 6 12 24 28 52 104 105 209 418 523 941 b
1 2 4 6 12 24 28 52 104 105 209 418 836 941 b
1 2 4 6 12 24 36 72 73 144 217 434 507 941 a
1 2 4 6 12 24 36 72 73 144 217 434 868 941 a
1 2 4 6 12 24 36 72 73 145 217 362 579 941 b
1 2 4 6 12 24 36 72 73 145 217 362 724 941 b
1 2 4 6 12 24 36 72 73 145 217 434 507 941 b
1 2 4 6 12 24 36 72 73 145 217 434 868 941 b
1 2 4 6 12 24 36 72 144 145 217 362 579 941 b
1 2 4 6 12 24 36 72 144 145 217 362 724 941 b
1 2 4 6 12 24 48 49 61 110 220 440 501 941 b
1 2 4 6 12 24 48 49 61 110 220 440 880 941 b
1 2 4 6 12 24 48 52 104 105 209 418 523 941 b
1 2 4 6 12 24 48 52 104 105 209 418 836 941 b
1 2 4 6 12 24 48 72 73 144 217 434 507 941 a
1 2 4 6 12 24 48 72 73 144 217 434 868 941 a
1 2 4 6 12 24 48 72 73 145 217 362 579 941 b
1 2 4 6 12 24 48 72 73 145 217 362 724 941 b
1 2 4 6 12 24 48 72 73 145 217 434 507 941 b
1 2 4 6 12 24 48 72 73 145 217 434 868 941 b
1 2 4 6 12 24 48 72 144 145 217 362 579 941 b
1 2 4 6 12 24 48 72 144 145 217 362 724 941 b
1 2 4 8 9 13 16 29 58 116 232 464 477 941 a
1 2 4 8 9 13 16 29 58 116 232 464 928 941 a
1 2 4 8 9 13 21 29 58 116 232 464 477 941 b
1 2 4 8 9 13 21 29 58 116 232 464 928 941 b
1 2 4 8 9 13 26 52 104 105 209 418 523 941 b
1 2 4 8 9 13 26 52 104 105 209 418 836 941 b
1 2 4 8 9 16 32 64 73 137 201 402 539 941 a
1 2 4 8 9 16 32 64 73 137 201 402 804 941 a
1 2 4 8 9 16 32 64 128 137 201 402 539 941 a
1 2 4 8 9 16 32 64 128 137 201 402 804 941 a
1 2 4 8 9 16 32 64 128 137 265 402 539 941 a
1 2 4 8 9 16 32 64 128 137 265 402 804 941 a
1 2 4 8 9 16 32 64 128 137 274 402 539 941 a
1 2 4 8 9 16 32 64 128 137 274 402 804 941 a
1 2 4 8 9 17 26 52 104 105 209 418 523 941 b
1 2 4 8 9 17 26 52 104 105 209 418 836 941 b
1 2 4 8 9 17 34 43 77 154 231 462 479 941 b
1 2 4 8 9 17 34 43 77 154 231 462 924 941 b
1 2 4 8 9 17 34 43 77 154 308 325 616 941 a
1 2 4 8 9 17 34 43 77 154 308 325 633 941 b
1 2 4 8 9 17 34 43 77 154 308 462 479 941 b
1 2 4 8 9 17 34 43 77 154 308 462 924 941 b
1 2 4 8 9 17 34 43 77 154 308 616 633 941 b
1 2 4 8 9 17 34 43 77 154 308 616 924 941 b
1 2 4 8 9 17 34 68 77 154 231 462 479 941 b
1 2 4 8 9 17 34 68 77 154 231 462 924 941 b
1 2 4 8 9 17 34 68 77 154 308 325 616 941 a
1 2 4 8 9 17 34 68 77 154 308 325 633 941 b
1 2 4 8 9 17 34 68 77 154 308 462 479 941 b
1 2 4 8 9 17 34 68 77 154 308 462 924 941 b
1 2 4 8 9 17 34 68 77 154 308 616 633 941 b
1 2 4 8 9 17 34 68 77 154 308 616 924 941 b
1 2 4 8 9 18 26 52 104 105 209 418 523 941 b
1 2 4 8 9 18 26 52 104 105 209 418 836 941 b
1 2 4 8 9 18 36 72 73 144 217 434 507 941 a
1 2 4 8 9 18 36 72 73 144 217 434 868 941 a
1 2 4 8 9 18 36 72 73 145 217 362 579 941 b
1 2 4 8 9 18 36 72 73 145 217 362 724 941 b
1 2 4 8 9 18 36 72 73 145 217 434 507 941 b
1 2 4 8 9 18 36 72 73 145 217 434 868 941 b
1 2 4 8 9 18 36 72 144 145 217 362 579 941 b
1 2 4 8 9 18 36 72 144 145 217 362 724 941 b
1 2 4 8 10 14 28 29 57 114 228 456 485 941 b
1 2 4 8 10 14 28 29 57 114 228 456 912 941 b
1 2 4 8 10 16 26 52 104 105 209 418 523 941 a
1 2 4 8 10 16 26 52 104 105 209 418 836 941 a
1 2 4 8 10 18 26 52 104 105 209 418 523 941 b
1 2 4 8 10 18 26 52 104 105 209 418 836 941 b
1 2 4 8 10 18 28 29 57 114 228 456 485 941 b
1 2 4 8 10 18 28 29 57 114 228 456 912 941 b
1 2 4 8 10 18 36 72 73 144 217 434 507 941 a
1 2 4 8 10 18 36 72 73 144 217 434 868 941 a
1 2 4 8 10 18 36 72 73 145 217 362 579 941 b
1 2 4 8 10 18 36 72 73 145 217 362 724 941 b
1 2 4 8 10 18 36 72 73 145 217 434 507 941 b
1 2 4 8 10 18 36 72 73 145 217 434 868 941 b
1 2 4 8 10 18 36 72 144 145 217 362 579 941 b
1 2 4 8 10 18 36 72 144 145 217 362 724 941 b
1 2 4 8 10 20 28 29 57 114 228 456 485 941 b
1 2 4 8 10 20 28 29 57 114 228 456 912 941 b
1 2 4 8 12 13 16 29 58 116 232 464 477 941 a
1 2 4 8 12 13 16 29 58 116 232 464 928 941 a
1 2 4 8 12 13 17 29 58 116 232 464 477 941 b
1 2 4 8 12 13 17 29 58 116 232 464 928 941 b
1 2 4 8 12 13 21 29 58 116 232 464 477 941 b
1 2 4 8 12 13 21 29 58 116 232 464 928 941 b
1 2 4 8 12 13 25 29 58 116 232 464 477 941 b
1 2 4 8 12 13 25 29 58 116 232 464 928 941 b
1 2 4 8 12 13 25 33 58 116 232 464 477 941 b
1 2 4 8 12 13 25 33 58 116 232 464 928 941 b
1 2 4 8 12 13 25 50 58 116 232 464 477 941 b
1 2 4 8 12 13 25 50 58 116 232 464 928 941 b
1 2 4 8 12 13 26 52 64 116 232 464 477 941 b
1 2 4 8 12 13 26 52 64 116 232 464 928 941 b
1 2 4 8 12 13 26 52 104 105 209 418 523 941 b
1 2 4 8 12 13 26 52 104 105 209 418 836 941 b
1 2 4 8 12 13 26 52 104 116 232 464 477 941 b
1 2 4 8 12 13 26 52 104 116 232 464 928 941 b
1 2 4 8 12 14 26 52 104 105 209 418 523 941 b
1 2 4 8 12 14 26 52 104 105 209 418 836 941 b
1 2 4 8 12 14 28 29 57 114 228 456 485 941 b
1 2 4 8 12 14 28 29 57 114 228 456 912 941 b
1 2 4 8 12 16 28 29 57 114 228 456 485 941 b
1 2 4 8 12 16 28 29 57 114 228 456 912 941 b
1 2 4 8 12 20 28 29 57 114 228 456 485 941 b
1 2 4 8 12 20 28 29 57 114 228 456 912 941 b
1 2 4 8 12 20 32 52 104 105 209 418 523 941 b
1 2 4 8 12 20 32 52 104 105 209 418 836 941 b
1 2 4 8 12 20 40 52 104 105 209 418 523 941 b
1 2 4 8 12 20 40 52 104 105 209 418 836 941 b
1 2 4 8 12 24 25 49 61 110 220 440 501 941 b
1 2 4 8 12 24 25 49 61 110 220 440 880 941 b
1 2 4 8 12 24 26 52 104 105 209 418 523 941 b
1 2 4 8 12 24 26 52 104 105 209 418 836 941 b
1 2 4 8 12 24 28 29 57 114 228 456 485 941 b
1 2 4 8 12 24 28 29 57 114 228 456 912 941 b
1 2 4 8 12 24 28 52 104 105 209 418 523 941 b
1 2 4 8 12 24 28 52 104 105 209 418 836 941 b
1 2 4 8 12 24 36 72 73 144 217 434 507 941 a
1 2 4 8 12 24 36 72 73 144 217 434 868 941 a
1 2 4 8 12 24 36 72 73 145 217 362 579 941 b
1 2 4 8 12 24 36 72 73 145 217 362 724 941 b
1 2 4 8 12 24 36 72 73 145 217 434 507 941 b
1 2 4 8 12 24 36 72 73 145 217 434 868 941 b
1 2 4 8 12 24 36 72 144 145 217 362 579 941 b
1 2 4 8 12 24 36 72 144 145 217 362 724 941 b
1 2 4 8 12 24 48 49 61 110 220 440 501 941 b
1 2 4 8 12 24 48 49 61 110 220 440 880 941 b
1 2 4 8 12 24 48 52 104 105 209 418 523 941 b
1 2 4 8 12 24 48 52 104 105 209 418 836 941 b
1 2 4 8 12 24 48 56 104 105 209 418 523 941 b
1 2 4 8 12 24 48 56 104 105 209 418 836 941 b
1 2 4 8 12 24 48 72 73 144 217 434 507 941 a
1 2 4 8 12 24 48 72 73 144 217 434 868 941 a
1 2 4 8 12 24 48 72 73 145 217 362 579 941 b
1 2 4 8 12 24 48 72 73 145 217 362 724 941 b
1 2 4 8 12 24 48 72 73 145 217 434 507 941 b
1 2 4 8 12 24 48 72 73 145 217 434 868 941 b
1 2 4 8 12 24 48 72 144 145 217 362 579 941 b
1 2 4 8 12 24 48 72 144 145 217 362 724 941 b
1 2 4 8 12 24 48 96 104 105 209 418 523 941 b
1 2 4 8 12 24 48 96 104 105 209 418 836 941 b
1 2 4 8 16 17 33 66 99 132 231 462 479 941 b
1 2 4 8 16 17 33 66 99 132 231 462 924 941 b
1 2 4 8 16 17 33 66 99 165 231 462 479 941 b
1 2 4 8 16 17 33 66 99 165 231 462 924 941 b
1 2 4 8 16 17 33 66 99 198 231 462 479 941 b
1 2 4 8 16 17 33 66 99 198 231 462 924 941 b
1 2 4 8 16 17 33 66 99 198 264 462 479 941 b
1 2 4 8 16 17 33 66 99 198 264 462 924 941 b
1 2 4 8 16 17 33 66 99 198 396 462 479 941 b
1 2 4 8 16 17 33 66 99 198 396 462 924 941 b
1 2 4 8 16 17 33 66 132 149 198 396 545 941 a
1 2 4 8 16 17 33 66 132 149 198 396 792 941 a
1 2 4 8 16 17 33 66 132 149 264 396 545 941 a
1 2 4 8 16 17 33 66 132 149 264 396 792 941 a
1 2 4 8 16 17 33 66 132 149 264 413 528 941 a
1 2 4 8 16 17 33 66 132 149 264 413 677 941 a
1 2 4 8 16 17 33 66 132 149 264 528 677 941 a
1 2 4 8 16 17 33 66 132 149 264 528 792 941 a
1 2 4 8 16 17 33 66 132 165 231 462 479 941 b
1 2 4 8 16 17 33 66 132 165 231 462 924 941 b
1 2 4 8 16 17 33 66 132 165 297 462 479 941 b
1 2 4 8 16 17 33 66 132 165 297 462 924 941 b
1 2 4 8 16 17 33 66 132 165 330 462 479 941 b
1 2 4 8 16 17 33 66 132 165 330 462 924 941 b
1 2 4 8 16 17 33 66 132 198 231 462 479 941 b
1 2 4 8 16 17 33 66 132 198 231 462 924 941 b
1 2 4 8 16 17 33 66 132 198 264 462 479 941 b
1 2 4 8 16 17 33 66 132 198 264 462 924 941 b
1 2 4 8 16 17 33 66 132 198 330 462 479 941 b
1 2 4 8 16 17 33 66 132 198 330 462 924 941 b
1 2 4 8 16 17 33 66 132 198 396 413 528 941 a
1 2 4 8 16 17 33 66 132 198 396 413 545 941 b
1 2 4 8 16 17 33 66 132 198 396 413 809 941 b
1 2 4 8 16 17 33 66 132 198 396 462 479 941 b
1 2 4 8 16 17 33 66 132 198 396 462 924 941 b
1 2 4 8 16 17 33 66 132 198 396 528 545 941 b
1 2 4 8 16 17 33 66 132 198 396 528 924 941 b
1 2 4 8 16 17 33 66 132 198 396 792 809 941 b
1 2 4 8 16 17 33 66 132 198 396 792 924 941 b
1 2 4 8 16 17 33 66 132 264 281 330 611 941 a
1 2 4 8 16 17 33 66 132 264 281 330 660 941 a
1 2 4 8 16 17 33 66 132 264 281 396 545 941 a
1 2 4 8 16 17 33 66 132 264 281 396 660 941 a
1 2 4 8 16 17 33 66 132 264 281 396 677 941 a
1 2 4 8 16 17 33 66 132 264 281 413 528 941 a
1 2 4 8 16 17 33 66 132 264 281 413 677 941 b
1 2 4 8 16 17 33 66 132 264 281 528 660 941 a
1 2 4 8 16 17 33 66 132 264 281 528 809 941 a
1 2 4 8 16 17 33 66 132 264 281 545 677 941 b
1 2 4 8 16 17 33 66 132 264 281 545 809 941 b
1 2 4 8 16 17 33 66 132 264 330 347 594 941 a
1 2 4 8 16 17 33 66 132 264 330 347 611 941 b
1 2 4 8 16 17 33 66 132 264 330 347 677 941 b
1 2 4 8 16 17 33 66 132 264 330 462 479 941 b
1 2 4 8 16 17 33 66 132 264 330 462 924 941 b
1 2 4 8 16 17 33 66 132 264 330 594 611 941 b
1 2 4 8 16 17 33 66 132 264 330 594 924 941 b
1 2 4 8 16 17 33 66 132 264 330 660 677 941 b
1 2 4 8 16 17 33 66 132 264 330 660 924 941 b
1 2 4 8 16 17 33 66 132 264 396 413 528 941 a
1 2 4 8 16 17 33 66 132 264 396 413 545 941 b
1 2 4 8 16 17 33 66 132 264 396 413 677 941 b
1 2 4 8 16 17 33 66 132 264 396 413 809 941 b
1 2 4 8 16 17 33 66 132 264 396 462 479 941 b
1 2 4 8 16 17 33 66 132 264 396 462 924 941 b
1 2 4 8 16 17 33 66 132 264 396 528 545 941 b
1 2 4 8 16 17 33 66 132 264 396 528 924 941 b
1 2 4 8 16 17 33 66 132 264 396 660 677 941 b
1 2 4 8 16 17 33 66 132 264 396 660 924 941 b
1 2 4 8 16 17 33 66 132 264 396 792 809 941 b
1 2 4 8 16 17 33 66 132 264 396 792 924 941 b
1 2 4 8 16 17 33 66 132 264 528 545 677 941 b
1 2 4 8 16 17 33 66 132 264 528 545 809 941 b
1 2 4 8 16 17 33 66 132 264 528 660 677 941 b
1 2 4 8 16 17 33 66 132 264 528 660 924 941 b
1 2 4 8 16 17 33 66 132 264 528 792 809 941 b
1 2 4 8 16 17 33 66 132 264 528 792 924 941 b
1 2 4 8 16 18 26 52 104 105 209 418 523 941 b
1 2 4 8 16 18 26 52 104 105 209 418 836 941 b
1 2 4 8 16 18 34 52 104 105 209 418 523 941 b
1 2 4 8 16 18 34 52 104 105 209 418 836 941 b
1 2 4 8 16 18 36 52 104 105 209 418 523 941 b
1 2 4 8 16 18 36 52 104 105 209 418 836 941 b
1 2 4 8 16 18 36 72 73 144 217 434 507 941 a
1 2 4 8 16 18 36 72 73 144 217 434 868 941 a
1 2 4 8 16 18 36 72 73 145 217 362 579 941 b
1 2 4 8 16 18 36 72 73 145 217 362 724 941 b
1 2 4 8 16 18 36 72 73 145 217 434 507 941 b
1 2 4 8 16 18 36 72 73 145 217 434 868 941 b
1 2 4 8 16 18 36 72 144 145 217 362 579 941 b
1 2 4 8 16 18 36 72 144 145 217 362 724 941 b
1 2 4 8 16 20 28 29 57 114 228 456 485 941 b
1 2 4 8 16 20 28 29 57 114 228 456 912 941 b
1 2 4 8 16 20 32 52 104 105 209 418 523 941 a
1 2 4 8 16 20 32 52 104 105 209 418 836 941 a
1 2 4 8 16 20 36 52 104 105 209 418 523 941 b
1 2 4 8 16 20 36 52 104 105 209 418 836 941 b
1 2 4 8 16 20 36 72 73 144 217 434 507 941 a
1 2 4 8 16 20 36 72 73 144 217 434 868 941 a
1 2 4 8 16 20 36 72 73 145 217 362 579 941 b
1 2 4 8 16 20 36 72 73 145 217 362 724 941 b
1 2 4 8 16 20 36 72 73 145 217 434 507 941 b
1 2 4 8 16 20 36 72 73 145 217 434 868 941 b
1 2 4 8 16 20 36 72 144 145 217 362 579 941 b
1 2 4 8 16 20 36 72 144 145 217 362 724 941 b
1 2 4 8 16 24 26 52 104 105 209 418 523 941 b
1 2 4 8 16 24 26 52 104 105 209 418 836 941 b
1 2 4 8 16 24 28 29 57 114 228 456 485 941 b
1 2 4 8 16 24 28 29 57 114 228 456 912 941 b
1 2 4 8 16 24 28 52 104 105 209 418 523 941 b
1 2 4 8 16 24 28 52 104 105 209 418 836 941 b
1 2 4 8 16 24 40 64 104 105 209 418 523 941 b
1 2 4 8 16 24 40 64 104 105 209 418 836 941 b
1 2 4 8 16 24 40 80 104 105 209 418 523 941 b
1 2 4 8 16 24 40 80 104 105 209 418 836 941 b
1 2 4 8 16 24 48 52 104 105 209 418 523 941 b
1 2 4 8 16 24 48 52 104 105 209 418 836 941 b
1 2 4 8 16 24 48 56 104 105 209 418 523 941 b
1 2 4 8 16 24 48 56 104 105 209 418 836 941 b
1 2 4 8 16 24 48 72 73 144 217 434 507 941 a
1 2 4 8 16 24 48 72 73 144 217 434 868 941 a
1 2 4 8 16 24 48 72 73 145 217 362 579 941 b
1 2 4 8 16 24 48 72 73 145 217 362 724 941 b
1 2 4 8 16 24 48 72 73 145 217 434 507 941 b
1 2 4 8 16 24 48 72 73 145 217 434 868 941 b
1 2 4 8 16 24 48 72 144 145 217 362 579 941 b
1 2 4 8 16 24 48 72 144 145 217 362 724 941 b
1 2 4 8 16 24 48 96 104 105 209 418 523 941 b
1 2 4 8 16 24 48 96 104 105 209 418 836 941 b
1 2 4 8 16 32 33 64 97 130 227 357 584 941 a
1 2 4 8 16 32 33 64 97 130 227 357 714 941 a
1 2 4 8 16 32 33 64 97 130 227 454 487 941 a
1 2 4 8 16 32 33 64 97 130 227 454 908 941 a
1 2 4 8 16 32 33 64 97 194 227 454 487 941 a
1 2 4 8 16 32 33 64 97 194 227 454 908 941 a
1 2 4 8 16 32 33 65 73 146 219 438 503 941 b
1 2 4 8 16 32 33 65 73 146 219 438 876 941 b
1 2 4 8 16 32 33 65 73 146 292 357 584 941 a
1 2 4 8 16 32 33 65 73 146 292 357 649 941 b
1 2 4 8 16 32 33 65 73 146 292 438 503 941 b
1 2 4 8 16 32 33 65 73 146 292 438 876 941 b
1 2 4 8 16 32 33 65 73 146 292 584 649 941 b
1 2 4 8 16 32 33 65 73 146 292 584 876 941 b
1 2 4 8 16 32 33 65 81 146 227 454 487 941 b
1 2 4 8 16 32 33 65 81 146 227 454 908 941 b
1 2 4 8 16 32 33 65 81 146 292 357 584 941 a
1 2 4 8 16 32 33 65 81 146 292 357 649 941 b
1 2 4 8 16 32 33 65 81 146 292 438 503 941 b
1 2 4 8 16 32 33 65 81 146 292 438 876 941 b
1 2 4 8 16 32 33 65 81 146 292 584 649 941 b
1 2 4 8 16 32 33 65 81 146 292 584 876 941 b
1 2 4 8 16 32 33 65 81 162 227 454 487 941 b
1 2 4 8 16 32 33 65 81 162 227 454 908 941 b
1 2 4 8 16 32 33 65 97 130 227 357 584 941 b
1 2 4 8 16 32 33 65 97 130 227 357 714 941 b
1 2 4 8 16 32 33 65 97 130 227 454 487 941 b
1 2 4 8 16 32 33 65 97 130 227 454 908 941 b
1 2 4 8 16 32 33 65 97 162 227 454 487 941 b
1 2 4 8 16 32 33 65 97 162 227 454 908 941 b
1 2 4 8 16 32 33 65 97 194 227 454 487 941 b
1 2 4 8 16 32 33 65 97 194 227 454 908 941 b
1 2 4 8 16 32 33 65 130 146 292 357 584 941 a
1 2 4 8 16 32 33 65 130 146 292 357 649 941 b
1 2 4 8 16 32 33 65 130 146 292 438 503 941 b
1 2 4 8 16 32 33 65 130 146 292 438 876 941 b
1 2 4 8 16 32 33 65 130 146 292 584 649 941 b
1 2 4 8 16 32 33 65 130 146 292 584 876 941 b
1 2 4 8 16 32 33 65 130 162 227 357 584 941 b
1 2 4 8 16 32 33 65 130 162 227 357 714 941 b
1 2 4 8 16 32 33 65 130 162 227 454 487 941 b
1 2 4 8 16 32 33 65 130 162 227 454 908 941 b
1 2 4 8 16 32 33 65 130 162 292 357 584 941 a
1 2 4 8 16 32 33 65 130 162 292 357 649 941 b
1 2 4 8 16 32 33 65 130 162 292 454 487 941 b
1 2 4 8 16 32 33 65 130 162 292 454 908 941 b
1 2 4 8 16 32 33 65 130 162 292 584 649 941 b
1 2 4 8 16 32 33 65 130 162 292 584 876 941 b
1 2 4 8 16 32 33 65 130 162 324 454 487 941 b
1 2 4 8 16 32 33 65 130 162 324 454 908 941 b
1 2 4 8 16 32 33 65 130 195 227 357 584 941 b
1 2 4 8 16 32 33 65 130 195 227 357 714 941 b
1 2 4 8 16 32 33 65 130 195 227 454 487 941 b
1 2 4 8 16 32 33 65 130 195 227 454 908 941 b
1 2 4 8 16 32 33 65 130 260 292 357 584 941 a
1 2 4 8 16 32 33 65 130 260 292 357 649 941 b
1 2 4 8 16 32 33 65 130 260 292 584 649 941 b
1 2 4 8 16 32 33 65 130 260 292 584 876 941 b
1 2 4 8 16 32 36 52 104 105 209 418 523 941 b
1 2 4 8 16 32 36 52 104 105 209 418 836 941 b
1 2 4 8 16 32 36 68 104 105 209 418 523 941 b
1 2 4 8 16 32 36 68 104 105 209 418 836 941 b
1 2 4 8 16 32 36 72 73 144 217 434 507 941 a
1 2 4 8 16 32 36 72 73 144 217 434 868 941 a
1 2 4 8 16 32 36 72 73 145 217 362 579 941 b
1 2 4 8 16 32 36 72 73 145 217 362 724 941 b
1 2 4 8 16 32 36 72 73 145 217 434 507 941 b
1 2 4 8 16 32 36 72 73 145 217 434 868 941 b
1 2 4 8 16 32 36 72 104 105 209 418 523 941 b
1 2 4 8 16 32 36 72 104 105 209 418 836 941 b
1 2 4 8 16 32 36 72 144 145 217 362 579 941 b
1 2 4 8 16 32 36 72 144 145 217 362 724 941 b
1 2 4 8 16 32 40 64 104 105 209 418 523 941 a
1 2 4 8 16 32 40 64 104 105 209 418 836 941 a
1 2 4 8 16 32 40 72 73 144 217 434 507 941 a
1 2 4 8 16 32 40 72 73 144 217 434 868 941 a
1 2 4 8 16 32 40 72 73 145 217 362 579 941 b
1 2 4 8 16 32 40 72 73 145 217 362 724 941 b
1 2 4 8 16 32 40 72 73 145 217 434 507 941 b
1 2 4 8 16 32 40 72 73 145 217 434 868 941 b
1 2 4 8 16 32 40 72 104 105 209 418 523 941 b
1 2 4 8 16 32 40 72 104 105 209 418 836 941 b
1 2 4 8 16 32 40 72 144 145 217 362 579 941 b
1 2 4 8 16 32 40 72 144 145 217 362 724 941 b
1 2 4 8 16 32 48 52 104 105 209 418 523 941 b
1 2 4 8 16 32 48 52 104 105 209 418 836 941 b
1 2 4 8 16 32 48 56 104 105 209 418 523 941 b
1 2 4 8 16 32 48 56 104 105 209 418 836 941 b
1 2 4 8 16 32 48 96 104 105 209 418 523 941 b
1 2 4 8 16 32 48 96 104 105 209 418 836 941 b
1 2 4 8 16 32 64 65 69 133 202 404 537 941 b
1 2 4 8 16 32 64 65 69 133 202 404 808 941 b
1 2 4 8 16 32 64 65 72 137 201 402 539 941 a
1 2 4 8 16 32 64 65 72 137 201 402 804 941 a
1 2 4 8 16 32 64 65 73 137 201 402 539 941 b
1 2 4 8 16 32 64 65 73 137 201 402 804 941 b
1 2 4 8 16 32 64 65 73 146 219 438 503 941 b
1 2 4 8 16 32 64 65 73 146 219 438 876 941 b
1 2 4 8 16 32 64 65 73 146 292 357 584 941 a
1 2 4 8 16 32 64 65 73 146 292 357 649 941 b
1 2 4 8 16 32 64 65 73 146 292 438 503 941 b
1 2 4 8 16 32 64 65 73 146 292 438 876 941 b
1 2 4 8 16 32 64 65 73 146 292 584 649 941 b
1 2 4 8 16 32 64 65 73 146 292 584 876 941 b
1 2 4 8 16 32 64 65 81 146 292 357 584 941 a
1 2 4 8 16 32 64 65 81 146 292 357 649 941 b
1 2 4 8 16 32 64 65 81 146 292 438 503 941 b
1 2 4 8 16 32 64 65 81 146 292 438 876 941 b
1 2 4 8 16 32 64 65 81 146 292 584 649 941 b
1 2 4 8 16 32 64 65 81 146 292 584 876 941 b
1 2 4 8 16 32 64 65 97 130 227 357 584 941 a
1 2 4 8 16 32 64 65 97 130 227 357 714 941 a
1 2 4 8 16 32 64 65 129 137 201 402 539 941 b
1 2 4 8 16 32 64 65 129 137 201 402 804 941 b
1 2 4 8 16 32 64 65 130 146 292 357 584 941 a
1 2 4 8 16 32 64 65 130 146 292 357 649 941 b
1 2 4 8 16 32 64 65 130 146 292 438 503 941 b
1 2 4 8 16 32 64 65 130 146 292 438 876 941 b
1 2 4 8 16 32 64 65 130 146 292 584 649 941 b
1 2 4 8 16 32 64 65 130 146 292 584 876 941 b
1 2 4 8 16 32 64 65 130 162 227 357 584 941 b
1 2 4 8 16 32 64 65 130 162 227 357 714 941 b
1 2 4 8 16 32 64 65 130 162 292 357 584 941 a
1 2 4 8 16 32 64 65 130 162 292 357 649 941 b
1 2 4 8 16 32 64 65 130 162 292 584 649 941 b
1 2 4 8 16 32 64 65 130 162 292 584 876 941 b
1 2 4 8 16 32 64 65 130 195 227 357 584 941 b
1 2 4 8 16 32 64 65 130 195 227 357 714 941 b
1 2 4 8 16 32 64 65 130 260 292 357 584 941 a
1 2 4 8 16 32 64 65 130 260 292 357 649 941 b
1 2 4 8 16 32 64 65 130 260 292 584 649 941 b
1 2 4 8 16 32 64 65 130 260 292 584 876 941 b
1 2 4 8 16 32 64 68 69 133 202 404 537 941 b
1 2 4 8 16 32 64 68 69 133 202 404 808 941 b
1 2 4 8 16 32 64 68 69 137 201 402 539 941 b
1 2 4 8 16 32 64 68 69 137 201 402 804 941 b
1 2 4 8 16 32 64 68 136 137 201 402 539 941 b
1 2 4 8 16 32 64 68 136 137 201 402 804 941 b
1 2 4 8 16 32 64 72 73 137 201 402 539 941 b
1 2 4 8 16 32 64 72 73 137 201 402 804 941 b
1 2 4 8 16 32 64 72 73 144 217 434 507 941 a
1 2 4 8 16 32 64 72 73 144 217 434 868 941 a
1 2 4 8 16 32 64 72 73 145 217 362 579 941 b
1 2 4 8 16 32 64 72 73 145 217 362 724 941 b
1 2 4 8 16 32 64 72 73 145 217 434 507 941 b
1 2 4 8 16 32 64 72 73 145 217 434 868 941 b
1 2 4 8 16 32 64 72 104 105 209 418 523 941 b
1 2 4 8 16 32 64 72 104 105 209 418 836 941 b
1 2 4 8 16 32 64 72 136 137 201 402 539 941 b
1 2 4 8 16 32 64 72 136 137 201 402 804 941 b
1 2 4 8 16 32 64 72 144 145 217 362 579 941 b
1 2 4 8 16 32 64 72 144 145 217 362 724 941 b
1 2 4 8 16 32 64 96 104 105 209 418 523 941 b
1 2 4 8 16 32 64 96 104 105 209 418 836 941 b
1 2 4 8 16 32 64 128 129 137 201 402 539 941 b
1 2 4 8 16 32 64 128 129 137 201 402 804 941 b
1 2 4 8 16 32 64 128 129 137 265 402 539 941 b
1 2 4 8 16 32 64 128 129 137 265 402 804 941 b
1 2 4 8 16 32 64 128 129 137 274 402 539 941 b
1 2 4 8 16 32 64 128 129 137 274 402 804 941 b
1 2 4 8 16 32 64 128 136 137 201 402 539 941 b
1 2 4 8 16 32 64 128 136 137 201 402 804 941 b
1 2 4 8 16 32 64 128 136 137 265 402 539 941 b
1 2 4 8 16 32 64 128 136 137 265 402 804 941 b
1 2 4 8 16 32 64 128 136 137 274 402 539 941 b
1 2 4 8 16 32 64 128 136 137 274 402 804 941 b
