1 2 3 4 7 14 28 56 59 115 230 460 920 b
1 2 3 4 7 14 28 56 112 115 230 460 920 b
1 2 3 5 7 14 28 56 59 115 230 460 920 b
1 2 3 5 7 14 28 56 112 115 230 460 920 b
1 2 3 5 10 13 23 46 69 115 230 460 920 b
1 2 3 5 10 13 23 46 92 115 230 460 920 b
1 2 3 5 10 13 23 46 92 138 230 460 920 b
1 2 3 5 10 13 23 46 92 184 230 460 920 b
1 2 3 5 10 13 23 46 92 184 276 460 920 b
1 2 3 5 10 13 23 46 92 184 368 460 920 b
1 2 3 5 10 13 23 46 92 184 368 552 920 b
1 2 3 5 10 13 23 46 92 184 368 736 920 b
1 2 3 5 10 15 25 50 65 115 230 460 920 b
1 2 3 5 10 15 25 50 100 115 230 460 920 b
1 2 3 5 10 20 23 46 69 115 230 460 920 b
1 2 3 5 10 20 23 46 92 115 230 460 920 b
1 2 3 5 10 20 23 46 92 138 230 460 920 b
1 2 3 5 10 20 23 46 92 184 230 460 920 b
1 2 3 5 10 20 23 46 92 184 276 460 920 b
1 2 3 5 10 20 23 46 92 184 368 460 920 b
1 2 3 5 10 20 23 46 92 184 368 552 920 b
1 2 3 5 10 20 23 46 92 184 368 736 920 b
1 2 3 5 10 20 25 45 70 115 230 460 920 b
1 2 3 5 10 20 25 45 90 115 230 460 920 b
1 2 3 5 10 20 30 50 100 130 230 460 920 b
1 2 3 5 10 20 30 50 100 200 230 460 920 b
1 2 3 5 10 20 40 50 90 140 230 460 920 b
1 2 3 5 10 20 40 50 90 180 230 460 920 b
1 2 3 5 10 20 40 60 100 200 260 460 920 b
1 2 3 5 10 20 40 60 100 200 400 460 920 b
1 2 3 5 10 20 40 80 100 180 280 460 920 b
1 2 3 5 10 20 40 80 100 180 360 460 920 b
1 2 3 5 10 20 40 80 120 200 400 520 920 b
1 2 3 5 10 20 40 80 120 200 400 800 920 b
1 2 3 5 10 20 40 80 160 200 360 560 920 b
1 2 3 5 10 20 40 80 160 200 360 720 920 b
1 2 3 6 7 14 28 56 59 115 230 460 920 b
1 2 3 6 7 14 28 56 112 115 230 460 920 b
1 2 3 6 7 14 28 56 112 118 230 460 920 b
1 2 3 6 7 14 28 56 112 224 230 460 920 b
1 2 3 6 8 14 28 56 59 115 230 460 920 b
1 2 3 6 8 14 28 56 112 115 230 460 920 b
1 2 3 6 8 14 28 56 112 118 230 460 920 b
1 2 3 6 8 14 28 56 112 224 230 460 920 b
1 2 3 6 12 14 28 56 59 115 230 460 920 b
1 2 3 6 12 14 28 56 112 115 230 460 920 b
1 2 3 6 12 14 28 56 112 118 230 460 920 b
1 2 3 6 12 14 28 56 112 224 230 460 920 b
1 2 3 6 12 14 28 56 112 224 236 460 920 b
1 2 3 6 12 14 28 56 112 224 448 460 920 b
1 2 4 5 9 14 23 46 69 115 230 460 920 b
1 2 4 5 9 14 23 46 92 115 230 460 920 b
1 2 4 5 9 14 23 46 92 138 230 460 920 b
1 2 4 5 9 14 23 46 92 184 230 460 920 b
1 2 4 5 9 14 23 46 92 184 276 460 920 b
1 2 4 5 9 14 23 46 92 184 368 460 920 b
1 2 4 5 9 14 23 46 92 184 368 552 920 b
1 2 4 5 9 14 23 46 92 184 368 736 920 b
1 2 4 5 9 18 23 46 69 115 230 460 920 b
1 2 4 5 9 18 23 46 92 115 230 460 920 b
1 2 4 5 9 18 23 46 92 138 230 460 920 b
1 2 4 5 9 18 23 46 92 184 230 460 920 b
1 2 4 5 9 18 23 46 92 184 276 460 920 b
1 2 4 5 9 18 23 46 92 184 368 460 920 b
1 2 4 5 9 18 23 46 92 184 368 552 920 b
1 2 4 5 9 18 23 46 92 184 368 736 920 b
1 2 4 5 10 15 25 50 65 115 230 460 920 b
1 2 4 5 10 15 25 50 100 115 230 460 920 b
1 2 4 5 10 20 25 45 70 115 230 460 920 b
1 2 4 5 10 20 25 45 90 115 230 460 920 b
1 2 4 5 10 20 30 50 100 130 230 460 920 b
1 2 4 5 10 20 30 50 100 200 230 460 920 b
1 2 4 5 10 20 40 50 90 140 230 460 920 b
1 2 4 5 10 20 40 50 90 180 230 460 920 b
1 2 4 5 10 20 40 60 100 200 260 460 920 b
1 2 4 5 10 20 40 60 100 200 400 460 920 b
1 2 4 5 10 20 40 80 100 180 280 460 920 b
1 2 4 5 10 20 40 80 100 180 360 460 920 b
1 2 4 5 10 20 40 80 120 200 400 520 920 b
1 2 4 5 10 20 40 80 120 200 400 800 920 b
1 2 4 5 10 20 40 80 160 200 360 560 920 b
1 2 4 5 10 20 40 80 160 200 360 720 920 b
1 2 4 6 7 14 28 56 112 118 230 460 920 b
1 2 4 6 7 14 28 56 112 224 230 460 920 b
1 2 4 6 8 14 28 56 112 118 230 460 920 b
1 2 4 6 8 14 28 56 112 224 230 460 920 b
1 2 4 6 10 14 28 56 112 118 230 460 920 b
1 2 4 6 10 14 28 56 112 224 230 460 920 b
1 2 4 6 10 20 26 46 92 138 230 460 920 b
1 2 4 6 10 20 26 46 92 184 230 460 920 b
1 2 4 6 10 20 26 46 92 184 276 460 920 b
1 2 4 6 10 20 26 46 92 184 368 460 920 b
1 2 4 6 10 20 26 46 92 184 368 552 920 b
1 2 4 6 10 20 26 46 92 184 368 736 920 b
1 2 4 6 10 20 30 50 100 130 230 460 920 b
1 2 4 6 10 20 30 50 100 200 230 460 920 b
1 2 4 6 10 20 40 46 92 138 230 460 920 b
1 2 4 6 10 20 40 46 92 184 230 460 920 b
1 2 4 6 10 20 40 46 92 184 276 460 920 b
1 2 4 6 10 20 40 46 92 184 368 460 920 b
1 2 4 6 10 20 40 46 92 184 368 552 920 b
1 2 4 6 10 20 40 46 92 184 368 736 920 b
1 2 4 6 10 20 40 50 90 140 230 460 920 b
1 2 4 6 10 20 40 50 90 180 230 460 920 b
1 2 4 6 10 20 40 60 100 200 260 460 920 b
1 2 4 6 10 20 40 60 100 200 400 460 920 b
1 2 4 6 10 20 40 80 100 180 280 460 920 b
1 2 4 6 10 20 40 80 100 180 360 460 920 b
1 2 4 6 10 20 40 80 120 200 400 520 920 b
1 2 4 6 10 20 40 80 120 200 400 800 920 b
1 2 4 6 10 20 40 80 160 200 360 560 920 b
1 2 4 6 10 20 40 80 160 200 360 720 920 b
1 2 4 6 12 14 28 56 112 118 230 460 920 b
1 2 4 6 12 14 28 56 112 224 230 460 920 b
1 2 4 6 12 14 28 56 112 224 236 460 920 b
1 2 4 6 12 14 28 56 112 224 448 460 920 b
1 2 4 6 12 16 28 56 112 118 230 460 920 b
1 2 4 6 12 16 28 56 112 224 230 460 920 b
1 2 4 6 12 16 28 56 112 224 236 460 920 b
1 2 4 6 12 16 28 56 112 224 448 460 920 b
1 2 4 6 12 24 28 56 112 118 230 460 920 b
1 2 4 6 12 24 28 56 112 224 230 460 920 b
1 2 4 6 12 24 28 56 112 224 236 460 920 b
1 2 4 6 12 24 28 56 112 224 448 460 920 b
1 2 4 6 12 24 28 56 112 224 448 472 920 b
1 2 4 6 12 24 28 56 112 224 448 896 920 b
1 2 4 8 10 18 28 46 92 138 230 460 920 b
1 2 4 8 10 18 28 46 92 184 230 460 920 b
1 2 4 8 10 18 28 46 92 184 276 460 920 b
1 2 4 8 10 18 28 46 92 184 368 460 920 b
1 2 4 8 10 18 28 46 92 184 368 552 920 b
1 2 4 8 10 18 28 46 92 184 368 736 920 b
1 2 4 8 10 18 36 46 92 138 230 460 920 b
1 2 4 8 10 18 36 46 92 184 230 460 920 b
1 2 4 8 10 18 36 46 92 184 276 460 920 b
1 2 4 8 10 18 36 46 92 184 368 460 920 b
1 2 4 8 10 18 36 46 92 184 368 552 920 b
1 2 4 8 10 18 36 46 92 184 368 736 920 b
1 2 4 8 10 20 30 50 100 130 230 460 920 b
1 2 4 8 10 20 30 50 100 200 230 460 920 b
1 2 4 8 10 20 40 50 90 140 230 460 920 b
1 2 4 8 10 20 40 50 90 180 230 460 920 b
1 2 4 8 10 20 40 60 100 200 260 460 920 b
1 2 4 8 10 20 40 60 100 200 400 460 920 b
1 2 4 8 10 20 40 80 100 180 280 460 920 b
1 2 4 8 10 20 40 80 100 180 360 460 920 b
1 2 4 8 10 20 40 80 120 200 400 520 920 b
1 2 4 8 10 20 40 80 120 200 400 800 920 b
1 2 4 8 10 20 40 80 160 200 360 560 920 b
1 2 4 8 10 20 40 80 160 200 360 720 920 b
1 2 4 8 12 14 28 56 112 224 236 460 920 b
1 2 4 8 12 14 28 56 112 224 448 460 920 b
1 2 4 8 12 16 28 56 112 224 236 460 920 b
1 2 4 8 12 16 28 56 112 224 448 460 920 b
1 2 4 8 12 20 28 56 112 224 236 460 920 b
1 2 4 8 12 20 28 56 112 224 448 460 920 b
1 2 4 8 12 20 40 52 92 184 276 460 920 b
1 2 4 8 12 20 40 52 92 184 368 460 920 b
1 2 4 8 12 20 40 52 92 184 368 552 920 b
1 2 4 8 12 20 40 52 92 184 368 736 920 b
1 2 4 8 12 20 40 60 100 200 260 460 920 b
1 2 4 8 12 20 40 60 100 200 400 460 920 b
1 2 4 8 12 20 40 80 92 184 276 460 920 b
1 2 4 8 12 20 40 80 92 184 368 460 920 b
1 2 4 8 12 20 40 80 92 184 368 552 920 b
1 2 4 8 12 20 40 80 92 184 368 736 920 b
1 2 4 8 12 20 40 80 100 180 280 460 920 b
1 2 4 8 12 20 40 80 100 180 360 460 920 b
1 2 4 8 12 20 40 80 120 200 400 520 920 b
1 2 4 8 12 20 40 80 120 200 400 800 920 b
1 2 4 8 12 20 40 80 160 200 360 560 920 b
1 2 4 8 12 20 40 80 160 200 360 720 920 b
1 2 4 8 12 24 28 56 112 224 236 460 920 b
1 2 4 8 12 24 28 56 112 224 448 460 920 b
1 2 4 8 12 24 28 56 112 224 448 472 920 b
1 2 4 8 12 24 28 56 112 224 448 896 920 b
1 2 4 8 12 24 32 56 112 224 236 460 920 b
1 2 4 8 12 24 32 56 112 224 448 460 920 b
1 2 4 8 12 24 32 56 112 224 448 472 920 b
1 2 4 8 12 24 32 56 112 224 448 896 920 b
1 2 4 8 12 24 48 56 112 224 236 460 920 b
1 2 4 8 12 24 48 56 112 224 448 460 920 b
1 2 4 8 12 24 48 56 112 224 448 472 920 b
1 2 4 8 12 24 48 56 112 224 448 896 920 b
1 2 4 8 16 17 32 49 66 115 230 460 920 a
1 2 4 8 16 17 32 49 98 115 230 460 920 a
1 2 4 8 16 17 33 41 74 115 230 460 920 b
1 2 4 8 16 17 33 41 82 115 230 460 920 b
1 2 4 8 16 17 33 49 66 115 230 460 920 b
1 2 4 8 16 17 33 49 82 115 230 460 920 b
1 2 4 8 16 17 33 49 98 115 230 460 920 b
1 2 4 8 16 17 33 66 82 115 230 460 920 b
1 2 4 8 16 17 33 66 82 148 230 460 920 b
1 2 4 8 16 17 33 66 82 164 230 460 920 b
1 2 4 8 16 17 33 66 99 115 230 460 920 b
1 2 4 8 16 20 36 56 92 184 276 460 920 b
1 2 4 8 16 20 36 56 92 184 368 460 920 b
1 2 4 8 16 20 36 56 92 184 368 552 920 b
1 2 4 8 16 20 36 56 92 184 368 736 920 b
1 2 4 8 16 20 36 72 92 184 276 460 920 b
1 2 4 8 16 20 36 72 92 184 368 460 920 b
1 2 4 8 16 20 36 72 92 184 368 552 920 b
1 2 4 8 16 20 36 72 92 184 368 736 920 b
1 2 4 8 16 20 40 60 100 200 260 460 920 b
1 2 4 8 16 20 40 60 100 200 400 460 920 b
1 2 4 8 16 20 40 80 100 180 280 460 920 b
1 2 4 8 16 20 40 80 100 180 360 460 920 b
1 2 4 8 16 20 40 80 120 200 400 520 920 b
1 2 4 8 16 20 40 80 120 200 400 800 920 b
1 2 4 8 16 20 40 80 160 200 360 560 920 b
1 2 4 8 16 20 40 80 160 200 360 720 920 b
1 2 4 8 16 24 28 56 112 224 448 472 920 b
1 2 4 8 16 24 28 56 112 224 448 896 920 b
1 2 4 8 16 24 32 56 112 224 448 472 920 b
1 2 4 8 16 24 32 56 112 224 448 896 920 b
1 2 4 8 16 24 40 56 112 224 448 472 920 b
1 2 4 8 16 24 40 56 112 224 448 896 920 b
1 2 4 8 16 24 40 80 104 184 368 552 920 b
1 2 4 8 16 24 40 80 104 184 368 736 920 b
1 2 4 8 16 24 40 80 120 200 400 520 920 b
1 2 4 8 16 24 40 80 120 200 400 800 920 b
1 2 4 8 16 24 40 80 160 184 368 552 920 b
1 2 4 8 16 24 40 80 160 184 368 736 920 b
1 2 4 8 16 24 40 80 160 200 360 560 920 b
1 2 4 8 16 24 40 80 160 200 360 720 920 b
1 2 4 8 16 24 48 56 112 224 448 472 920 b
1 2 4 8 16 24 48 56 112 224 448 896 920 b
1 2 4 8 16 24 48 64 112 224 448 472 920 b
1 2 4 8 16 24 48 64 112 224 448 896 920 b
1 2 4 8 16 24 48 96 112 224 448 472 920 b
1 2 4 8 16 24 48 96 112 224 448 896 920 b
1 2 4 8 16 32 33 41 74 115 230 460 920 b
1 2 4 8 16 32 33 41 82 115 230 460 920 b
1 2 4 8 16 32 33 49 66 115 230 460 920 a
1 2 4 8 16 32 33 49 82 115 230 460 920 b
1 2 4 8 16 32 33 66 82 115 230 460 920 b
1 2 4 8 16 32 33 66 82 148 230 460 920 b
1 2 4 8 16 32 33 66 82 164 230 460 920 b
1 2 4 8 16 32 33 66 98 132 230 460 920 a
1 2 4 8 16 32 33 66 98 164 230 460 920 b
1 2 4 8 16 32 33 66 99 115 230 460 920 b
1 2 4 8 16 32 33 66 99 131 230 460 920 b
1 2 4 8 16 32 33 66 99 198 230 460 920 b
1 2 4 8 16 32 33 66 132 164 230 460 920 b
1 2 4 8 16 32 33 66 132 164 296 460 920 b
1 2 4 8 16 32 33 66 132 164 328 460 920 b
1 2 4 8 16 32 33 66 132 198 230 460 920 b
1 2 4 8 16 32 34 64 98 132 230 460 920 a
1 2 4 8 16 32 34 64 98 196 230 460 920 a
1 2 4 8 16 32 34 66 82 148 230 460 920 b
1 2 4 8 16 32 34 66 82 164 230 460 920 b
1 2 4 8 16 32 34 66 98 132 230 460 920 b
1 2 4 8 16 32 34 66 98 164 230 460 920 b
1 2 4 8 16 32 34 66 98 196 230 460 920 b
1 2 4 8 16 32 34 66 132 164 230 460 920 b
1 2 4 8 16 32 34 66 132 164 296 460 920 b
1 2 4 8 16 32 34 66 132 164 328 460 920 b
1 2 4 8 16 32 34 66 132 198 230 460 920 b
1 2 4 8 16 32 40 72 112 184 368 552 920 b
1 2 4 8 16 32 40 72 112 184 368 736 920 b
1 2 4 8 16 32 40 72 144 184 368 552 920 b
1 2 4 8 16 32 40 72 144 184 368 736 920 b
1 2 4 8 16 32 40 80 120 200 400 520 920 b
1 2 4 8 16 32 40 80 120 200 400 800 920 b
1 2 4 8 16 32 40 80 160 200 360 560 920 b
1 2 4 8 16 32 40 80 160 200 360 720 920 b
1 2 4 8 16 32 64 66 82 148 230 460 920 b
1 2 4 8 16 32 64 66 82 164 230 460 920 b
1 2 4 8 16 32 64 66 98 132 230 460 920 a
1 2 4 8 16 32 64 66 98 164 230 460 920 b
1 2 4 8 16 32 64 66 132 164 230 460 920 b
1 2 4 8 16 32 64 66 132 164 296 460 920 b
1 2 4 8 16 32 64 66 132 164 328 460 920 b
1 2 4 8 16 32 64 66 132 196 264 460 920 a
1 2 4 8 16 32 64 66 132 196 328 460 920 b
1 2 4 8 16 32 64 66 132 198 230 460 920 b
1 2 4 8 16 32 64 66 132 198 262 460 920 b
1 2 4 8 16 32 64 66 132 198 396 460 920 b
1 2 4 8 16 32 64 66 132 264 328 460 920 b
1 2 4 8 16 32 64 66 132 264 328 592 920 b
1 2 4 8 16 32 64 66 132 264 328 656 920 b
1 2 4 8 16 32 64 66 132 264 396 460 920 b
1 2 4 8 16 32 64 68 128 196 264 460 920 a
1 2 4 8 16 32 64 68 128 196 392 460 920 a
1 2 4 8 16 32 64 68 132 164 296 460 920 b
1 2 4 8 16 32 64 68 132 164 328 460 920 b
1 2 4 8 16 32 64 68 132 196 264 460 920 b
1 2 4 8 16 32 64 68 132 196 328 460 920 b
1 2 4 8 16 32 64 68 132 196 392 460 920 b
1 2 4 8 16 32 64 68 132 264 328 460 920 b
1 2 4 8 16 32 64 68 132 264 328 592 920 b
1 2 4 8 16 32 64 68 132 264 328 656 920 b
1 2 4 8 16 32 64 68 132 264 396 460 920 b
1 2 4 8 16 32 64 128 132 164 296 460 920 b
1 2 4 8 16 32 64 128 132 164 328 460 920 b
1 2 4 8 16 32 64 128 132 196 264 460 920 a
1 2 4 8 16 32 64 128 132 196 328 460 920 b
1 2 4 8 16 32 64 128 132 264 328 460 920 b
1 2 4 8 16 32 64 128 132 264 328 592 920 b
1 2 4 8 16 32 64 128 132 264 328 656 920 b
1 2 4 8 16 32 64 128 132 264 392 528 920 a
1 2 4 8 16 32 64 128 132 264 392 656 920 b
1 2 4 8 16 32 64 128 132 264 396 460 920 b
1 2 4 8 16 32 64 128 132 264 396 524 920 b
1 2 4 8 16 32 64 128 132 264 396 792 920 b
1 2 4 8 16 32 64 128 132 264 528 656 920 b
1 2 4 8 16 32 64 128 132 264 528 792 920 b
1 2 4 8 16 32 64 128 136 256 392 528 920 a
1 2 4 8 16 32 64 128 136 256 392 784 920 a
1 2 4 8 16 32 64 128 136 264 328 592 920 b
1 2 4 8 16 32 64 128 136 264 328 656 920 b
1 2 4 8 16 32 64 128 136 264 392 528 920 b
1 2 4 8 16 32 64 128 136 264 392 656 920 b
1 2 4 8 16 32 64 128 136 264 392 784 920 b
1 2 4 8 16 32 64 128 136 264 528 656 920 b
1 2 4 8 16 32 64 128 136 264 528 792 920 b
1 2 4 8 16 32 64 128 256 264 328 592 920 b
1 2 4 8 16 32 64 128 256 264 328 656 920 b
1 2 4 8 16 32 64 128 256 264 392 528 920 a
1 2 4 8 16 32 64 128 256 264 392 656 920 b
1 2 4 8 16 32 64 128 256 264 528 656 920 b
1 2 4 8 16 32 64 128 256 264 528 792 920 b
