1 2 3 4 7 14 17 31 b
1 2 3 4 7 14 28 31 b
1 2 3 5 7 12 19 31 b
1 2 3 5 7 12 24 31 b
1 2 3 5 7 14 17 31 b
1 2 3 5 7 14 28 31 b
1 2 3 5 8 13 18 31 b
1 2 3 5 8 13 26 31 b
1 2 3 5 10 11 20 31 a
1 2 3 5 10 11 21 31 b
1 2 3 5 10 13 18 31 b
1 2 3 5 10 13 26 31 b
1 2 3 5 10 15 16 31 b
1 2 3 5 10 15 30 31 b
1 2 3 5 10 20 21 31 b
1 2 3 5 10 20 30 31 b
1 2 3 6 7 12 19 31 a
1 2 3 6 7 12 24 31 a
1 2 3 6 7 14 17 31 b
1 2 3 6 7 14 28 31 b
1 2 3 6 8 14 17 31 b
1 2 3 6 8 14 28 31 b
1 2 3 6 9 11 20 31 b
1 2 3 6 9 11 22 31 b
1 2 3 6 9 15 16 31 b
1 2 3 6 9 15 30 31 b
1 2 3 6 12 13 18 31 a
1 2 3 6 12 13 19 31 b
1 2 3 6 12 13 25 31 b
1 2 3 6 12 14 17 31 b
1 2 3 6 12 14 28 31 b
1 2 3 6 12 15 16 31 b
1 2 3 6 12 15 30 31 b
1 2 3 6 12 18 19 31 b
1 2 3 6 12 18 30 31 b
1 2 3 6 12 24 25 31 b
1 2 3 6 12 24 30 31 b
1 2 4 5 7 12 19 31 b
1 2 4 5 7 12 24 31 b
1 2 4 5 8 13 18 31 a
1 2 4 5 8 13 26 31 a
1 2 4 5 9 11 20 31 b
1 2 4 5 9 11 22 31 b
1 2 4 5 9 13 18 31 b
1 2 4 5 9 13 22 31 b
1 2 4 5 9 13 26 31 b
1 2 4 5 9 18 22 31 b
1 2 4 5 9 18 27 31 b
1 2 4 5 10 11 20 31 a
1 2 4 5 10 11 21 31 b
1 2 4 5 10 15 16 31 b
1 2 4 5 10 15 30 31 b
1 2 4 5 10 20 21 31 b
1 2 4 5 10 20 30 31 b
1 2 4 6 7 12 19 31 a
1 2 4 6 7 12 24 31 a
1 2 4 6 10 11 20 31 a
1 2 4 6 10 11 21 31 b
1 2 4 6 10 20 21 31 b
1 2 4 6 10 20 30 31 b
1 2 4 6 12 13 18 31 a
1 2 4 6 12 13 19 31 b
1 2 4 6 12 13 25 31 b
1 2 4 6 12 18 19 31 b
1 2 4 6 12 18 30 31 b
1 2 4 6 12 24 25 31 b
1 2 4 6 12 24 30 31 b
1 2 4 8 9 11 20 31 b
1 2 4 8 9 11 22 31 b
1 2 4 8 9 13 18 31 a
1 2 4 8 9 13 22 31 b
1 2 4 8 9 18 22 31 b
1 2 4 8 9 18 27 31 b
1 2 4 8 10 11 20 31 a
1 2 4 8 10 11 21 31 b
1 2 4 8 10 20 21 31 b
1 2 4 8 10 20 30 31 b
