1 2 3 4 7 14 21 42 63 b
1 2 3 4 7 14 28 35 63 b
1 2 3 4 7 14 28 56 63 b
1 2 3 5 7 14 21 42 63 b
1 2 3 5 7 14 28 35 63 b
1 2 3 5 7 14 28 56 63 b
1 2 3 5 8 13 21 42 63 b
1 2 3 5 8 16 21 42 63 b
1 2 3 5 10 11 21 42 63 b
1 2 3 5 10 15 30 33 63 b
1 2 3 5 10 15 30 60 63 b
1 2 3 5 10 20 21 42 63 b
1 2 3 5 10 20 23 40 63 a
1 2 3 5 10 20 23 43 63 b
1 2 3 5 10 20 30 33 63 b
1 2 3 5 10 20 30 60 63 b
1 2 3 5 10 20 40 43 63 b
1 2 3 5 10 20 40 60 63 b
1 2 3 6 7 14 21 42 63 b
1 2 3 6 7 14 28 35 63 b
1 2 3 6 7 14 28 56 63 b
1 2 3 6 9 12 21 42 63 b
1 2 3 6 9 15 21 42 63 b
1 2 3 6 9 15 24 39 63 b
1 2 3 6 9 15 24 48 63 b
1 2 3 6 9 15 30 33 63 b
1 2 3 6 9 15 30 60 63 b
1 2 3 6 9 18 21 42 63 b
1 2 3 6 9 18 27 36 63 b
1 2 3 6 9 18 27 45 63 b
1 2 3 6 9 18 27 54 63 b
1 2 3 6 9 18 36 45 63 b
1 2 3 6 9 18 36 54 63 b
1 2 3 6 12 13 25 38 63 b
1 2 3 6 12 13 25 50 63 b
1 2 3 6 12 15 21 42 63 b
1 2 3 6 12 15 24 39 63 a
1 2 3 6 12 15 24 48 63 a
1 2 3 6 12 15 30 33 63 b
1 2 3 6 12 15 30 60 63 b
1 2 3 6 12 18 21 42 63 b
1 2 3 6 12 18 30 33 63 b
1 2 3 6 12 18 30 60 63 b
1 2 3 6 12 24 27 36 63 a
1 2 3 6 12 24 27 39 63 b
1 2 3 6 12 24 27 51 63 b
1 2 3 6 12 24 30 33 63 b
1 2 3 6 12 24 30 60 63 b
1 2 3 6 12 24 36 39 63 b
1 2 3 6 12 24 36 60 63 b
1 2 3 6 12 24 48 51 63 b
1 2 3 6 12 24 48 60 63 b
1 2 4 5 7 14 21 42 63 b
1 2 4 5 7 14 28 35 63 b
1 2 4 5 7 14 28 56 63 b
1 2 4 5 8 13 21 42 63 a
1 2 4 5 8 16 21 42 63 a
1 2 4 5 9 18 27 36 63 b
1 2 4 5 9 18 27 45 63 b
1 2 4 5 9 18 27 54 63 b
1 2 4 5 9 18 36 45 63 b
1 2 4 5 9 18 36 54 63 b
1 2 4 5 10 11 21 42 63 b
1 2 4 5 10 20 21 42 63 b
1 2 4 6 7 14 21 42 63 b
1 2 4 6 7 14 28 35 63 b
1 2 4 6 7 14 28 56 63 b
1 2 4 6 10 11 21 42 63 b
1 2 4 6 10 20 21 42 63 b
1 2 4 6 12 13 25 38 63 b
1 2 4 6 12 13 25 50 63 b
1 2 4 8 9 12 21 42 63 a
1 2 4 8 9 13 21 42 63 b
1 2 4 8 9 17 21 42 63 b
1 2 4 8 9 18 27 36 63 b
1 2 4 8 9 18 27 45 63 b
1 2 4 8 9 18 27 54 63 b
1 2 4 8 9 18 36 45 63 b
1 2 4 8 9 18 36 54 63 b
1 2 4 8 10 11 21 42 63 b
1 2 4 8 10 20 21 42 63 b
1 2 4 8 12 13 21 42 63 b
1 2 4 8 12 13 25 38 63 b
1 2 4 8 12 13 25 50 63 b
1 2 4 8 12 20 21 42 63 b
1 2 4 8 16 17 21 42 63 b
1 2 4 8 16 20 21 42 63 b
