1 2 3 4 7 11 22 44 88 b
1 2 3 4 8 11 22 44 88 b
1 2 3 5 6 11 22 44 88 b
1 2 3 5 8 11 22 44 88 b
1 2 3 5 10 11 22 44 88 b
1 2 3 5 10 12 22 44 88 b
1 2 3 5 10 20 22 44 88 b
1 2 3 6 8 11 22 44 88 b
1 2 3 6 8 14 22 44 88 b
1 2 3 6 8 16 22 44 88 b
1 2 3 6 9 11 22 44 88 b
1 2 4 5 6 11 22 44 88 b
1 2 4 5 7 11 22 44 88 b
1 2 4 5 9 11 22 44 88 b
1 2 4 5 9 13 22 44 88 b
1 2 4 5 9 18 22 44 88 b
1 2 4 5 10 11 22 44 88 b
1 2 4 5 10 12 22 44 88 b
1 2 4 5 10 20 22 44 88 b
1 2 4 5 10 20 24 44 88 b
1 2 4 5 10 20 40 44 88 b
1 2 4 6 7 11 22 44 88 b
1 2 4 6 8 14 22 44 88 b
1 2 4 6 8 16 22 44 88 b
1 2 4 6 10 11 22 44 88 b
1 2 4 6 10 12 22 44 88 b
1 2 4 6 10 16 22 44 88 b
1 2 4 6 10 20 22 44 88 b
1 2 4 6 10 20 24 44 88 b
1 2 4 6 10 20 40 44 88 b
1 2 4 6 12 16 22 44 88 b
1 2 4 6 12 16 28 44 88 b
1 2 4 6 12 16 32 44 88 b
1 2 4 6 12 18 22 44 88 b
1 2 4 8 9 11 22 44 88 b
1 2 4 8 9 13 22 44 88 b
1 2 4 8 9 18 22 44 88 b
1 2 4 8 9 18 26 44 88 b
1 2 4 8 9 18 36 44 88 b
1 2 4 8 10 11 22 44 88 b
1 2 4 8 10 12 22 44 88 b
1 2 4 8 10 14 22 44 88 b
1 2 4 8 10 18 22 44 88 b
1 2 4 8 10 18 26 44 88 b
1 2 4 8 10 18 36 44 88 b
1 2 4 8 10 20 22 44 88 b
1 2 4 8 10 20 24 44 88 b
1 2 4 8 10 20 40 44 88 b
1 2 4 8 10 20 40 48 88 b
1 2 4 8 10 20 40 80 88 b
1 2 4 8 12 14 22 44 88 b
1 2 4 8 12 16 28 44 88 b
1 2 4 8 12 16 32 44 88 b
1 2 4 8 12 20 22 44 88 b
1 2 4 8 12 20 24 44 88 b
1 2 4 8 12 20 32 44 88 b
1 2 4 8 12 20 40 44 88 b
1 2 4 8 12 20 40 48 88 b
1 2 4 8 12 20 40 80 88 b
1 2 4 8 12 24 32 44 88 b
1 2 4 8 12 24 32 56 88 b
1 2 4 8 12 24 32 64 88 b
1 2 4 8 12 24 36 44 88 b
1 2 4 8 16 18 22 44 88 b
1 2 4 8 16 18 26 44 88 b
1 2 4 8 16 18 36 44 88 b
1 2 4 8 16 18 36 52 88 b
1 2 4 8 16 18 36 72 88 b
1 2 4 8 16 20 22 44 88 b
1 2 4 8 16 20 24 44 88 b
1 2 4 8 16 20 28 44 88 b
1 2 4 8 16 20 36 44 88 b
1 2 4 8 16 20 36 52 88 b
1 2 4 8 16 20 36 72 88 b
1 2 4 8 16 20 40 44 88 b
1 2 4 8 16 20 40 48 88 b
1 2 4 8 16 20 40 80 88 b
1 2 4 8 16 24 28 44 88 b
1 2 4 8 16 24 32 56 88 b
1 2 4 8 16 24 32 64 88 b
1 2 4 8 16 24 40 44 88 b
1 2 4 8 16 24 40 48 88 b
1 2 4 8 16 24 40 64 88 b
1 2 4 8 16 24 40 80 88 b
1 2 4 8 16 24 48 64 88 b
1 2 4 8 16 24 48 72 88 b
1 2 4 8 16 32 36 44 88 b
1 2 4 8 16 32 36 52 88 b
1 2 4 8 16 32 36 72 88 b
1 2 4 8 16 32 40 44 88 b
1 2 4 8 16 32 40 48 88 b
1 2 4 8 16 32 40 56 88 b
1 2 4 8 16 32 40 72 88 b
1 2 4 8 16 32 40 80 88 b
1 2 4 8 16 32 48 56 88 b
1 2 4 8 16 32 48 80 88 b
1 2 4 8 16 32 64 72 88 b
1 2 4 8 16 32 64 80 88 b
