1 2 3 4 7 10 20 27 47 b
1 2 3 4 7 10 20 40 47 b
1 2 3 4 7 11 18 29 47 b
1 2 3 4 7 11 18 36 47 b
1 2 3 4 7 11 22 25 47 b
1 2 3 4 7 11 22 44 47 b
1 2 3 4 8 11 22 25 47 b
1 2 3 4 8 11 22 44 47 b
1 2 3 5 6 11 22 25 47 b
1 2 3 5 6 11 22 44 47 b
1 2 3 5 7 10 20 27 47 b
1 2 3 5 7 10 20 40 47 b
1 2 3 5 7 14 19 28 47 a
1 2 3 5 7 14 19 33 47 b
1 2 3 5 7 14 21 26 47 b
1 2 3 5 7 14 21 42 47 b
1 2 3 5 7 14 28 33 47 b
1 2 3 5 7 14 28 42 47 b
1 2 3 5 8 11 22 25 47 b
1 2 3 5 8 11 22 44 47 b
1 2 3 5 8 13 21 26 47 b
1 2 3 5 8 13 21 34 47 b
1 2 3 5 8 13 21 42 47 b
1 2 3 5 8 13 26 34 47 b
1 2 3 5 8 13 26 39 47 b
1 2 3 5 8 16 21 26 47 b
1 2 3 5 8 16 21 42 47 b
1 2 3 5 10 11 21 26 47 b
1 2 3 5 10 11 21 42 47 b
1 2 3 5 10 11 22 25 47 b
1 2 3 5 10 11 22 44 47 b
1 2 3 5 10 12 22 25 47 b
1 2 3 5 10 12 22 44 47 b
1 2 3 5 10 13 23 24 47 b
1 2 3 5 10 13 23 46 47 b
1 2 3 5 10 15 16 31 47 b
1 2 3 5 10 15 16 32 47 b
1 2 3 5 10 15 17 30 47 a
1 2 3 5 10 15 17 32 47 b
1 2 3 5 10 15 30 32 47 b
1 2 3 5 10 15 30 45 47 b
1 2 3 5 10 20 21 26 47 b
1 2 3 5 10 20 21 42 47 b
1 2 3 5 10 20 22 25 47 b
1 2 3 5 10 20 22 27 47 b
1 2 3 5 10 20 22 42 47 b
1 2 3 5 10 20 22 44 47 b
1 2 3 5 10 20 23 24 47 b
1 2 3 5 10 20 23 46 47 b
1 2 3 5 10 20 25 27 47 b
1 2 3 5 10 20 25 45 47 b
1 2 3 5 10 20 40 42 47 b
1 2 3 5 10 20 40 45 47 b
1 2 3 6 7 10 20 27 47 b
1 2 3 6 7 10 20 40 47 b
1 2 3 6 7 13 20 27 47 b
1 2 3 6 7 13 20 40 47 b
1 2 3 6 7 14 20 27 47 b
1 2 3 6 7 14 20 40 47 b
1 2 3 6 8 11 22 25 47 b
1 2 3 6 8 11 22 44 47 b
1 2 3 6 8 14 22 25 47 b
1 2 3 6 8 14 22 44 47 b
1 2 3 6 8 16 22 25 47 b
1 2 3 6 8 16 22 44 47 b
1 2 3 6 9 10 19 28 47 b
1 2 3 6 9 10 19 38 47 b
1 2 3 6 9 11 18 29 47 a
1 2 3 6 9 11 18 36 47 a
1 2 3 6 9 11 22 25 47 b
1 2 3 6 9 11 22 44 47 b
1 2 3 6 9 15 16 31 47 b
1 2 3 6 9 15 16 32 47 b
1 2 3 6 9 15 17 30 47 a
1 2 3 6 9 15 17 32 47 b
1 2 3 6 9 15 30 32 47 b
1 2 3 6 9 15 30 45 47 b
1 2 3 6 9 18 19 28 47 b
1 2 3 6 9 18 19 38 47 b
1 2 3 6 9 18 20 27 47 a
1 2 3 6 9 18 20 29 47 b
1 2 3 6 9 18 20 38 47 b
1 2 3 6 9 18 27 29 47 b
1 2 3 6 9 18 27 45 47 b
1 2 3 6 9 18 36 38 47 b
1 2 3 6 9 18 36 45 47 b
1 2 3 6 12 15 16 31 47 b
1 2 3 6 12 15 16 32 47 b
1 2 3 6 12 15 17 30 47 a
1 2 3 6 12 15 17 32 47 b
1 2 3 6 12 15 30 32 47 b
1 2 3 6 12 15 30 45 47 b
1 2 4 5 7 10 20 27 47 a
1 2 4 5 7 10 20 40 47 a
1 2 4 5 7 11 18 29 47 b
1 2 4 5 7 11 18 36 47 b
1 2 4 5 7 14 19 28 47 a
1 2 4 5 7 14 19 33 47 b
1 2 4 5 7 14 21 26 47 b
1 2 4 5 7 14 21 42 47 b
1 2 4 5 7 14 28 33 47 b
1 2 4 5 7 14 28 42 47 b
1 2 4 5 8 13 17 30 47 a
1 2 4 5 8 13 17 34 47 a
1 2 4 5 8 13 21 26 47 a
1 2 4 5 8 13 21 34 47 a
1 2 4 5 8 13 21 42 47 a
1 2 4 5 8 13 26 34 47 a
1 2 4 5 8 13 26 39 47 a
1 2 4 5 8 16 21 26 47 a
1 2 4 5 8 16 21 42 47 a
1 2 4 5 9 10 19 28 47 b
1 2 4 5 9 10 19 38 47 b
1 2 4 5 9 11 18 29 47 a
1 2 4 5 9 11 18 36 47 a
1 2 4 5 9 13 17 30 47 b
1 2 4 5 9 13 17 34 47 b
1 2 4 5 9 14 19 28 47 b
1 2 4 5 9 14 19 33 47 b
1 2 4 5 9 14 19 38 47 b
1 2 4 5 9 14 23 24 47 b
1 2 4 5 9 14 23 46 47 b
1 2 4 5 9 14 28 33 47 b
1 2 4 5 9 14 28 42 47 b
1 2 4 5 9 18 19 28 47 b
1 2 4 5 9 18 19 38 47 b
1 2 4 5 9 18 20 27 47 a
1 2 4 5 9 18 20 29 47 b
1 2 4 5 9 18 20 38 47 b
1 2 4 5 9 18 23 24 47 b
1 2 4 5 9 18 23 46 47 b
1 2 4 5 9 18 27 29 47 b
1 2 4 5 9 18 27 45 47 b
1 2 4 5 9 18 36 38 47 b
1 2 4 5 9 18 36 45 47 b
1 2 4 5 10 11 21 26 47 b
1 2 4 5 10 11 21 42 47 b
1 2 4 5 10 14 19 28 47 a
1 2 4 5 10 14 19 33 47 b
1 2 4 5 10 14 28 33 47 b
1 2 4 5 10 14 28 42 47 b
1 2 4 5 10 15 16 31 47 b
1 2 4 5 10 15 16 32 47 b
1 2 4 5 10 15 17 30 47 a
1 2 4 5 10 15 17 32 47 b
1 2 4 5 10 15 30 32 47 b
1 2 4 5 10 15 30 45 47 b
1 2 4 5 10 20 21 26 47 b
1 2 4 5 10 20 21 42 47 b
1 2 4 5 10 20 22 25 47 a
1 2 4 5 10 20 22 27 47 b
1 2 4 5 10 20 22 42 47 b
1 2 4 5 10 20 25 27 47 b
1 2 4 5 10 20 25 45 47 b
1 2 4 5 10 20 40 42 47 b
1 2 4 5 10 20 40 45 47 b
1 2 4 6 7 10 20 27 47 a
1 2 4 6 7 10 20 40 47 a
1 2 4 6 7 11 18 29 47 b
1 2 4 6 7 11 18 36 47 b
1 2 4 6 7 13 17 30 47 b
1 2 4 6 7 13 17 34 47 b
1 2 4 6 7 13 20 27 47 b
1 2 4 6 7 13 20 40 47 b
1 2 4 6 7 14 20 27 47 b
1 2 4 6 7 14 20 40 47 b
1 2 4 6 10 20 21 26 47 a
1 2 4 6 10 20 21 27 47 b
1 2 4 6 10 20 21 41 47 b
1 2 4 6 10 20 26 27 47 b
1 2 4 6 10 20 26 46 47 b
1 2 4 6 10 20 40 41 47 b
1 2 4 6 10 20 40 46 47 b
1 2 4 6 12 13 17 30 47 b
1 2 4 6 12 13 17 34 47 b
1 2 4 8 9 10 19 28 47 b
1 2 4 8 9 10 19 38 47 b
1 2 4 8 9 11 18 29 47 a
1 2 4 8 9 11 18 36 47 a
1 2 4 8 9 11 19 28 47 b
1 2 4 8 9 11 19 38 47 b
1 2 4 8 9 13 17 30 47 b
1 2 4 8 9 13 17 34 47 b
1 2 4 8 9 13 21 26 47 a
1 2 4 8 9 13 21 34 47 b
1 2 4 8 9 13 26 34 47 b
1 2 4 8 9 13 26 39 47 b
1 2 4 8 9 17 19 28 47 b
1 2 4 8 9 17 19 38 47 b
1 2 4 8 9 17 21 26 47 a
1 2 4 8 9 17 21 30 47 b
1 2 4 8 9 17 21 38 47 b
1 2 4 8 9 17 26 30 47 b
1 2 4 8 9 17 26 43 47 b
1 2 4 8 9 17 34 38 47 b
1 2 4 8 9 17 34 43 47 b
1 2 4 8 9 18 19 28 47 b
1 2 4 8 9 18 19 38 47 b
1 2 4 8 9 18 20 27 47 a
1 2 4 8 9 18 20 29 47 b
1 2 4 8 9 18 20 38 47 b
1 2 4 8 9 18 27 29 47 b
1 2 4 8 9 18 27 45 47 b
1 2 4 8 9 18 36 38 47 b
1 2 4 8 9 18 36 45 47 b
1 2 4 8 10 11 18 29 47 a
1 2 4 8 10 11 18 36 47 a
1 2 4 8 10 18 19 28 47 a
1 2 4 8 10 18 19 29 47 b
1 2 4 8 10 18 19 37 47 b
1 2 4 8 10 18 28 29 47 b
1 2 4 8 10 18 28 46 47 b
1 2 4 8 10 18 36 37 47 b
1 2 4 8 10 18 36 46 47 b
1 2 4 8 12 13 17 30 47 b
1 2 4 8 12 13 17 34 47 b
1 2 4 8 12 13 21 26 47 a
1 2 4 8 12 13 21 34 47 b
1 2 4 8 12 13 26 34 47 b
1 2 4 8 12 13 26 39 47 b
