1 2 3 4 7 10 20 40 47 87 b
1 2 3 4 7 10 20 40 80 87 b
1 2 3 4 7 11 18 29 58 87 b
1 2 3 4 7 11 22 29 58 87 b
1 2 3 4 7 14 15 29 58 87 b
1 2 3 4 7 14 21 42 45 87 b
1 2 3 4 7 14 21 42 84 87 b
1 2 3 4 7 14 28 29 58 87 b
1 2 3 4 7 14 28 31 56 87 a
1 2 3 4 7 14 28 31 59 87 b
1 2 3 4 7 14 28 42 45 87 b
1 2 3 4 7 14 28 42 84 87 b
1 2 3 4 7 14 28 56 59 87 b
1 2 3 4 7 14 28 56 84 87 b
1 2 3 4 8 11 19 38 49 87 b
1 2 3 4 8 11 19 38 76 87 b
1 2 3 5 6 12 17 29 58 87 b
1 2 3 5 6 12 24 29 58 87 b
1 2 3 5 7 10 20 40 47 87 b
1 2 3 5 7 10 20 40 80 87 b
1 2 3 5 7 12 17 29 58 87 b
1 2 3 5 7 12 24 29 58 87 b
1 2 3 5 7 14 15 29 58 87 b
1 2 3 5 7 14 21 42 45 87 b
1 2 3 5 7 14 21 42 84 87 b
1 2 3 5 7 14 28 29 58 87 b
1 2 3 5 7 14 28 31 56 87 a
1 2 3 5 7 14 28 31 59 87 b
1 2 3 5 7 14 28 42 45 87 b
1 2 3 5 7 14 28 42 84 87 b
1 2 3 5 7 14 28 56 59 87 b
1 2 3 5 7 14 28 56 84 87 b
1 2 3 5 8 11 19 38 49 87 b
1 2 3 5 8 11 19 38 76 87 b
1 2 3 5 8 13 16 29 58 87 b
1 2 3 5 8 13 21 29 58 87 b
1 2 3 5 8 13 21 42 45 87 b
1 2 3 5 8 13 21 42 84 87 b
1 2 3 5 8 13 26 29 58 87 b
1 2 3 5 8 16 21 29 58 87 b
1 2 3 5 8 16 21 42 45 87 b
1 2 3 5 8 16 21 42 84 87 b
1 2 3 5 8 16 24 29 58 87 b
1 2 3 5 10 11 21 42 45 87 b
1 2 3 5 10 11 21 42 84 87 b
1 2 3 5 10 12 17 29 58 87 b
1 2 3 5 10 12 24 29 58 87 b
1 2 3 5 10 13 16 29 58 87 b
1 2 3 5 10 13 26 29 58 87 b
1 2 3 5 10 15 18 36 51 87 b
1 2 3 5 10 15 18 36 72 87 b
1 2 3 5 10 20 21 41 46 87 b
1 2 3 5 10 20 21 41 82 87 b
1 2 3 5 10 20 21 42 45 87 b
1 2 3 5 10 20 21 42 84 87 b
1 2 3 5 10 20 22 42 45 87 b
1 2 3 5 10 20 22 42 84 87 b
1 2 3 5 10 20 23 43 44 87 b
1 2 3 5 10 20 23 43 86 87 b
1 2 3 5 10 20 40 41 46 87 b
1 2 3 5 10 20 40 41 82 87 b
1 2 3 5 10 20 40 42 45 87 b
1 2 3 5 10 20 40 42 47 87 b
1 2 3 5 10 20 40 42 82 87 b
1 2 3 5 10 20 40 42 84 87 b
1 2 3 5 10 20 40 43 44 87 b
1 2 3 5 10 20 40 43 86 87 b
1 2 3 5 10 20 40 45 47 87 b
1 2 3 5 10 20 40 45 85 87 b
1 2 3 5 10 20 40 80 82 87 b
1 2 3 5 10 20 40 80 85 87 b
1 2 3 6 7 10 20 40 47 87 b
1 2 3 6 7 10 20 40 80 87 b
1 2 3 6 7 13 16 29 58 87 b
1 2 3 6 7 13 20 40 47 87 b
1 2 3 6 7 13 20 40 80 87 b
1 2 3 6 7 13 26 29 58 87 b
1 2 3 6 7 14 15 29 58 87 b
1 2 3 6 7 14 20 40 47 87 b
1 2 3 6 7 14 20 40 80 87 b
1 2 3 6 7 14 21 42 45 87 b
1 2 3 6 7 14 21 42 84 87 b
1 2 3 6 7 14 28 29 58 87 b
1 2 3 6 7 14 28 31 56 87 a
1 2 3 6 7 14 28 31 59 87 b
1 2 3 6 7 14 28 42 45 87 b
1 2 3 6 7 14 28 42 84 87 b
1 2 3 6 7 14 28 56 59 87 b
1 2 3 6 7 14 28 56 84 87 b
1 2 3 6 8 11 19 38 49 87 b
1 2 3 6 8 11 19 38 76 87 b
1 2 3 6 8 14 15 29 58 87 b
1 2 3 6 8 14 28 29 58 87 b
1 2 3 6 8 14 28 31 56 87 a
1 2 3 6 8 14 28 31 59 87 b
1 2 3 6 8 14 28 42 45 87 b
1 2 3 6 8 14 28 42 84 87 b
1 2 3 6 8 14 28 56 59 87 b
1 2 3 6 8 14 28 56 84 87 b
1 2 3 6 9 10 19 29 58 87 b
1 2 3 6 9 10 20 29 58 87 b
1 2 3 6 9 11 18 29 58 87 a
1 2 3 6 9 11 20 29 58 87 b
1 2 3 6 9 12 21 33 54 87 b
1 2 3 6 9 12 21 33 66 87 b
1 2 3 6 9 12 21 42 45 87 b
1 2 3 6 9 12 21 42 84 87 b
1 2 3 6 9 15 18 36 51 87 b
1 2 3 6 9 15 18 36 72 87 b
1 2 3 6 9 15 21 36 51 87 b
1 2 3 6 9 15 21 36 72 87 b
1 2 3 6 9 15 21 42 45 87 b
1 2 3 6 9 15 21 42 84 87 b
1 2 3 6 9 15 24 39 48 87 b
1 2 3 6 9 15 24 39 63 87 b
1 2 3 6 9 15 24 39 78 87 b
1 2 3 6 9 15 24 48 63 87 b
1 2 3 6 9 15 24 48 72 87 b
1 2 3 6 9 15 30 36 51 87 b
1 2 3 6 9 15 30 36 72 87 b
1 2 3 6 9 15 30 39 48 87 b
1 2 3 6 9 15 30 39 78 87 b
1 2 3 6 9 18 20 29 58 87 b
1 2 3 6 9 18 21 39 48 87 b
1 2 3 6 9 18 21 39 78 87 b
1 2 3 6 9 18 21 42 45 87 b
1 2 3 6 9 18 21 42 84 87 b
1 2 3 6 9 18 24 42 45 87 b
1 2 3 6 9 18 24 42 84 87 b
1 2 3 6 9 18 27 29 58 87 b
1 2 3 6 9 18 27 30 57 87 b
1 2 3 6 9 18 27 30 60 87 b
1 2 3 6 9 18 27 33 54 87 a
1 2 3 6 9 18 27 33 60 87 b
1 2 3 6 9 18 27 54 60 87 b
1 2 3 6 9 18 27 54 81 87 b
1 2 3 6 9 18 36 39 48 87 b
1 2 3 6 9 18 36 39 78 87 b
1 2 3 6 9 18 36 42 45 87 b
1 2 3 6 9 18 36 42 51 87 b
1 2 3 6 9 18 36 42 78 87 b
1 2 3 6 9 18 36 42 84 87 b
1 2 3 6 9 18 36 45 51 87 b
1 2 3 6 9 18 36 45 81 87 b
1 2 3 6 9 18 36 72 78 87 b
1 2 3 6 9 18 36 72 81 87 b
1 2 3 6 12 13 16 29 58 87 b
1 2 3 6 12 13 24 37 50 87 a
1 2 3 6 12 13 24 37 74 87 a
1 2 3 6 12 13 25 31 56 87 b
1 2 3 6 12 13 25 31 62 87 b
1 2 3 6 12 13 25 37 50 87 b
1 2 3 6 12 13 25 37 62 87 b
1 2 3 6 12 13 25 37 74 87 b
1 2 3 6 12 13 25 50 62 87 b
1 2 3 6 12 13 25 50 75 87 b
1 2 3 6 12 13 26 29 58 87 b
1 2 3 6 12 14 15 29 58 87 b
1 2 3 6 12 14 17 29 58 87 b
1 2 3 6 12 14 26 29 58 87 b
1 2 3 6 12 14 28 29 58 87 b
1 2 3 6 12 14 28 31 56 87 a
1 2 3 6 12 14 28 31 59 87 b
1 2 3 6 12 14 28 42 45 87 b
1 2 3 6 12 14 28 42 84 87 b
1 2 3 6 12 14 28 56 59 87 b
1 2 3 6 12 14 28 56 84 87 b
1 2 3 6 12 15 17 29 58 87 b
1 2 3 6 12 15 18 36 51 87 b
1 2 3 6 12 15 18 36 72 87 b
1 2 3 6 12 15 21 33 54 87 b
1 2 3 6 12 15 21 33 66 87 b
1 2 3 6 12 15 21 36 51 87 b
1 2 3 6 12 15 21 36 72 87 b
1 2 3 6 12 15 21 42 45 87 b
1 2 3 6 12 15 21 42 84 87 b
1 2 3 6 12 15 24 36 51 87 a
1 2 3 6 12 15 24 36 72 87 a
1 2 3 6 12 15 24 39 48 87 a
1 2 3 6 12 15 24 39 63 87 a
1 2 3 6 12 15 24 48 63 87 a
1 2 3 6 12 15 24 48 72 87 a
1 2 3 6 12 15 27 29 58 87 b
1 2 3 6 12 15 27 30 57 87 b
1 2 3 6 12 15 27 30 60 87 b
1 2 3 6 12 15 27 33 54 87 a
1 2 3 6 12 15 27 33 60 87 b
1 2 3 6 12 15 27 42 45 87 b
1 2 3 6 12 15 27 42 84 87 b
1 2 3 6 12 15 27 54 60 87 b
1 2 3 6 12 15 27 54 81 87 b
1 2 3 6 12 15 30 36 51 87 b
1 2 3 6 12 15 30 36 72 87 b
1 2 3 6 12 15 30 42 45 87 b
1 2 3 6 12 15 30 42 57 87 b
1 2 3 6 12 15 30 42 72 87 b
1 2 3 6 12 15 30 42 84 87 b
1 2 3 6 12 15 30 45 57 87 b
1 2 3 6 12 15 30 45 75 87 b
1 2 3 6 12 15 30 60 72 87 b
1 2 3 6 12 15 30 60 75 87 b
1 2 3 6 12 18 21 33 54 87 b
1 2 3 6 12 18 21 33 66 87 b
1 2 3 6 12 18 21 42 45 87 b
1 2 3 6 12 18 21 42 84 87 b
1 2 3 6 12 18 24 42 45 87 b
1 2 3 6 12 18 24 42 84 87 b
1 2 3 6 12 18 30 42 45 87 b
1 2 3 6 12 18 30 42 84 87 b
1 2 3 6 12 18 36 39 48 87 a
1 2 3 6 12 18 36 39 51 87 b
1 2 3 6 12 18 36 39 75 87 b
1 2 3 6 12 18 36 42 45 87 b
1 2 3 6 12 18 36 42 84 87 b
1 2 3 6 12 18 36 48 51 87 b
1 2 3 6 12 18 36 48 84 87 b
1 2 3 6 12 18 36 72 75 87 b
1 2 3 6 12 18 36 72 84 87 b
1 2 3 6 12 24 25 31 56 87 b
1 2 3 6 12 24 25 31 62 87 b
1 2 3 6 12 24 25 37 50 87 a
1 2 3 6 12 24 25 37 62 87 b
1 2 3 6 12 24 25 50 62 87 b
1 2 3 6 12 24 25 50 75 87 b
1 2 3 6 12 24 26 29 58 87 b
1 2 3 6 12 24 27 29 58 87 b
1 2 3 6 12 24 27 30 57 87 b
1 2 3 6 12 24 27 30 60 87 b
1 2 3 6 12 24 27 33 54 87 a
1 2 3 6 12 24 27 33 60 87 b
1 2 3 6 12 24 27 36 51 87 a
1 2 3 6 12 24 27 36 60 87 a
1 2 3 6 12 24 27 36 63 87 a
1 2 3 6 12 24 27 39 48 87 a
1 2 3 6 12 24 27 39 63 87 b
1 2 3 6 12 24 27 48 60 87 a
1 2 3 6 12 24 27 48 75 87 a
1 2 3 6 12 24 27 51 63 87 b
1 2 3 6 12 24 27 51 75 87 b
1 2 3 6 12 24 27 54 60 87 b
1 2 3 6 12 24 27 54 81 87 b
1 2 3 6 12 24 30 33 54 87 a
1 2 3 6 12 24 30 33 57 87 b
1 2 3 6 12 24 30 33 63 87 b
1 2 3 6 12 24 30 42 45 87 b
1 2 3 6 12 24 30 42 84 87 b
1 2 3 6 12 24 30 54 57 87 b
1 2 3 6 12 24 30 54 84 87 b
1 2 3 6 12 24 30 60 63 87 b
1 2 3 6 12 24 30 60 84 87 b
1 2 3 6 12 24 36 39 48 87 a
1 2 3 6 12 24 36 39 51 87 b
1 2 3 6 12 24 36 39 63 87 b
1 2 3 6 12 24 36 39 75 87 b
1 2 3 6 12 24 36 42 45 87 b
1 2 3 6 12 24 36 42 84 87 b
1 2 3 6 12 24 36 48 51 87 b
1 2 3 6 12 24 36 48 84 87 b
1 2 3 6 12 24 36 60 63 87 b
1 2 3 6 12 24 36 60 84 87 b
1 2 3 6 12 24 36 72 75 87 b
1 2 3 6 12 24 36 72 84 87 b
1 2 3 6 12 24 48 51 63 87 b
1 2 3 6 12 24 48 51 75 87 b
1 2 3 6 12 24 48 60 63 87 b
1 2 3 6 12 24 48 60 84 87 b
1 2 3 6 12 24 48 72 75 87 b
1 2 3 6 12 24 48 72 84 87 b
1 2 4 5 6 12 17 29 58 87 b
1 2 4 5 6 12 24 29 58 87 b
1 2 4 5 7 10 20 40 47 87 a
1 2 4 5 7 10 20 40 80 87 a
1 2 4 5 7 11 18 29 58 87 b
1 2 4 5 7 11 22 29 58 87 b
1 2 4 5 7 12 17 29 58 87 b
1 2 4 5 7 12 24 29 58 87 b
1 2 4 5 7 14 15 29 58 87 b
1 2 4 5 7 14 28 29 58 87 b
1 2 4 5 8 12 17 29 58 87 a
1 2 4 5 8 12 24 29 58 87 a
1 2 4 5 8 13 16 29 58 87 a
1 2 4 5 8 13 21 29 58 87 a
1 2 4 5 8 16 21 29 58 87 a
1 2 4 5 8 16 24 29 58 87 a
1 2 4 5 9 10 19 29 58 87 b
1 2 4 5 9 10 20 29 58 87 b
1 2 4 5 9 11 18 29 58 87 a
1 2 4 5 9 11 20 29 58 87 b
1 2 4 5 9 13 26 35 52 87 a
1 2 4 5 9 13 26 35 61 87 b
1 2 4 5 9 13 26 39 48 87 b
1 2 4 5 9 13 26 39 78 87 b
1 2 4 5 9 13 26 52 61 87 b
1 2 4 5 9 13 26 52 78 87 b
1 2 4 5 9 14 15 29 58 87 b
1 2 4 5 9 14 23 32 55 87 b
1 2 4 5 9 14 23 32 64 87 b
1 2 4 5 9 14 28 29 58 87 b
1 2 4 5 9 18 20 29 58 87 b
1 2 4 5 9 18 23 32 55 87 b
1 2 4 5 9 18 23 32 64 87 b
1 2 4 5 9 18 23 41 46 87 b
1 2 4 5 9 18 23 41 64 87 b
1 2 4 5 9 18 23 41 82 87 b
1 2 4 5 9 18 23 46 64 87 b
1 2 4 5 9 18 23 46 69 87 b
1 2 4 5 9 18 27 29 58 87 b
1 2 4 5 9 18 36 41 46 87 b
1 2 4 5 9 18 36 41 82 87 b
1 2 4 5 10 12 17 29 58 87 b
1 2 4 5 10 12 24 29 58 87 b
1 2 4 5 10 14 15 29 58 87 b
1 2 4 5 10 14 19 29 58 87 b
1 2 4 5 10 14 24 29 58 87 b
1 2 4 5 10 14 28 29 58 87 b
1 2 4 5 10 15 19 29 58 87 b
1 2 4 5 10 15 19 34 53 87 b
1 2 4 5 10 15 19 34 68 87 b
1 2 4 5 10 15 25 29 58 87 b
1 2 4 5 10 20 21 41 46 87 b
1 2 4 5 10 20 21 41 82 87 b
1 2 4 5 10 20 24 29 58 87 b
1 2 4 5 10 20 25 29 58 87 b
1 2 4 5 10 20 40 41 46 87 b
1 2 4 5 10 20 40 41 82 87 b
1 2 4 5 10 20 40 42 45 87 a
1 2 4 5 10 20 40 42 47 87 b
1 2 4 5 10 20 40 42 82 87 b
1 2 4 5 10 20 40 45 47 87 b
1 2 4 5 10 20 40 45 85 87 b
1 2 4 5 10 20 40 80 82 87 b
1 2 4 5 10 20 40 80 85 87 b
1 2 4 6 7 10 20 40 47 87 a
1 2 4 6 7 10 20 40 80 87 a
1 2 4 6 7 11 18 29 58 87 b
1 2 4 6 7 11 22 29 58 87 b
1 2 4 6 7 13 20 40 47 87 b
1 2 4 6 7 13 20 40 80 87 b
1 2 4 6 7 14 15 29 58 87 b
1 2 4 6 7 14 20 40 47 87 b
1 2 4 6 7 14 20 40 80 87 b
1 2 4 6 7 14 28 29 58 87 b
1 2 4 6 8 14 15 29 58 87 b
1 2 4 6 8 14 28 29 58 87 b
1 2 4 6 10 14 15 29 58 87 b
1 2 4 6 10 14 28 29 58 87 b
1 2 4 6 10 20 40 41 46 87 a
1 2 4 6 10 20 40 41 47 87 b
1 2 4 6 10 20 40 41 81 87 b
1 2 4 6 10 20 40 46 47 87 b
1 2 4 6 10 20 40 46 86 87 b
1 2 4 6 10 20 40 80 81 87 b
1 2 4 6 10 20 40 80 86 87 b
1 2 4 6 12 13 16 29 58 87 a
1 2 4 6 12 13 17 29 58 87 b
1 2 4 6 12 13 24 37 50 87 a
1 2 4 6 12 13 24 37 74 87 a
1 2 4 6 12 13 25 29 58 87 b
1 2 4 6 12 13 25 31 56 87 b
1 2 4 6 12 13 25 31 62 87 b
1 2 4 6 12 13 25 37 50 87 b
1 2 4 6 12 13 25 37 62 87 b
1 2 4 6 12 13 25 37 74 87 b
1 2 4 6 12 13 25 50 62 87 b
1 2 4 6 12 13 25 50 75 87 b
1 2 4 6 12 14 15 29 58 87 b
1 2 4 6 12 14 28 29 58 87 b
1 2 4 6 12 16 17 29 58 87 b
1 2 4 6 12 16 28 29 58 87 b
1 2 4 6 12 24 25 29 58 87 b
1 2 4 6 12 24 25 31 56 87 b
1 2 4 6 12 24 25 31 62 87 b
1 2 4 6 12 24 25 37 50 87 a
1 2 4 6 12 24 25 37 62 87 b
1 2 4 6 12 24 25 50 62 87 b
1 2 4 6 12 24 25 50 75 87 b
1 2 4 6 12 24 28 29 58 87 b
1 2 4 8 9 10 19 29 58 87 b
1 2 4 8 9 10 20 29 58 87 b
1 2 4 8 9 11 18 29 58 87 a
1 2 4 8 9 11 19 38 49 87 b
1 2 4 8 9 11 19 38 76 87 b
1 2 4 8 9 11 20 29 58 87 b
1 2 4 8 9 12 17 29 58 87 a
1 2 4 8 9 12 20 29 58 87 a
1 2 4 8 9 12 21 29 58 87 a
1 2 4 8 9 12 21 33 54 87 a
1 2 4 8 9 12 21 33 66 87 a
1 2 4 8 9 13 16 29 58 87 a
1 2 4 8 9 13 21 29 58 87 b
1 2 4 8 9 13 26 35 52 87 a
1 2 4 8 9 13 26 35 61 87 b
1 2 4 8 9 13 26 39 48 87 b
1 2 4 8 9 13 26 39 78 87 b
1 2 4 8 9 13 26 52 61 87 b
1 2 4 8 9 13 26 52 78 87 b
1 2 4 8 9 16 20 29 58 87 a
1 2 4 8 9 16 25 29 58 87 a
1 2 4 8 9 17 18 35 52 87 b
1 2 4 8 9 17 18 35 70 87 b
1 2 4 8 9 17 19 34 53 87 a
1 2 4 8 9 17 19 34 68 87 a
1 2 4 8 9 17 21 29 58 87 b
1 2 4 8 9 17 25 29 58 87 b
1 2 4 8 9 17 26 35 52 87 b
1 2 4 8 9 17 26 35 61 87 b
1 2 4 8 9 17 26 35 70 87 b
1 2 4 8 9 17 26 43 44 87 b
1 2 4 8 9 17 26 43 86 87 b
1 2 4 8 9 17 26 52 61 87 b
1 2 4 8 9 17 26 52 78 87 b
1 2 4 8 9 17 34 35 52 87 b
1 2 4 8 9 17 34 35 70 87 b
1 2 4 8 9 17 34 36 51 87 a
1 2 4 8 9 17 34 36 53 87 b
1 2 4 8 9 17 34 36 70 87 b
1 2 4 8 9 17 34 43 44 87 b
1 2 4 8 9 17 34 43 86 87 b
1 2 4 8 9 17 34 51 53 87 b
1 2 4 8 9 17 34 51 85 87 b
1 2 4 8 9 17 34 68 70 87 b
1 2 4 8 9 17 34 68 85 87 b
1 2 4 8 9 18 20 29 58 87 b
1 2 4 8 9 18 26 35 52 87 a
1 2 4 8 9 18 26 35 61 87 b
1 2 4 8 9 18 26 52 61 87 b
1 2 4 8 9 18 26 52 78 87 b
1 2 4 8 9 18 27 29 58 87 b
1 2 4 8 10 11 18 29 58 87 a
1 2 4 8 10 11 19 29 58 87 b
1 2 4 8 10 11 19 38 49 87 b
1 2 4 8 10 11 19 38 76 87 b
1 2 4 8 10 11 21 29 58 87 b
1 2 4 8 10 14 15 29 58 87 b
1 2 4 8 10 14 28 29 58 87 b
1 2 4 8 10 18 19 29 58 87 b
1 2 4 8 10 18 28 29 58 87 b
1 2 4 8 10 20 21 29 58 87 b
1 2 4 8 10 20 28 29 58 87 b
1 2 4 8 12 13 16 29 58 87 a
1 2 4 8 12 13 17 29 58 87 b
1 2 4 8 12 13 21 29 58 87 b
1 2 4 8 12 13 21 33 54 87 b
1 2 4 8 12 13 21 33 66 87 b
1 2 4 8 12 13 24 37 50 87 a
1 2 4 8 12 13 24 37 74 87 a
1 2 4 8 12 13 25 29 58 87 b
1 2 4 8 12 13 25 37 50 87 b
1 2 4 8 12 13 25 37 62 87 b
1 2 4 8 12 13 25 37 74 87 b
1 2 4 8 12 13 25 50 62 87 b
1 2 4 8 12 13 25 50 75 87 b
1 2 4 8 12 14 15 29 58 87 b
1 2 4 8 12 14 28 29 58 87 b
1 2 4 8 12 16 17 29 58 87 b
1 2 4 8 12 16 28 29 58 87 b
1 2 4 8 12 20 21 29 58 87 b
1 2 4 8 12 20 21 33 54 87 b
1 2 4 8 12 20 21 33 66 87 b
1 2 4 8 12 20 28 29 58 87 b
1 2 4 8 12 24 25 29 58 87 b
1 2 4 8 12 24 25 37 50 87 a
1 2 4 8 12 24 25 37 62 87 b
1 2 4 8 12 24 25 50 62 87 b
1 2 4 8 12 24 25 50 75 87 b
1 2 4 8 12 24 28 29 58 87 b
1 2 4 8 16 17 18 35 52 87 b
1 2 4 8 16 17 18 35 70 87 b
1 2 4 8 16 17 19 34 53 87 a
1 2 4 8 16 17 19 34 68 87 a
1 2 4 8 16 17 19 35 52 87 b
1 2 4 8 16 17 19 35 70 87 b
1 2 4 8 16 17 21 29 58 87 b
1 2 4 8 16 17 21 33 54 87 a
1 2 4 8 16 17 21 33 66 87 a
1 2 4 8 16 17 25 29 58 87 b
1 2 4 8 16 17 33 35 52 87 b
1 2 4 8 16 17 33 35 70 87 b
1 2 4 8 16 17 33 37 50 87 a
1 2 4 8 16 17 33 37 54 87 b
1 2 4 8 16 17 33 37 70 87 b
1 2 4 8 16 17 33 50 54 87 b
1 2 4 8 16 17 33 50 83 87 b
1 2 4 8 16 17 33 66 70 87 b
1 2 4 8 16 17 33 66 83 87 b
1 2 4 8 16 17 34 35 52 87 b
1 2 4 8 16 17 34 35 70 87 b
1 2 4 8 16 17 34 36 51 87 a
1 2 4 8 16 17 34 36 53 87 b
1 2 4 8 16 17 34 36 70 87 b
1 2 4 8 16 17 34 51 53 87 b
1 2 4 8 16 17 34 51 85 87 b
1 2 4 8 16 17 34 68 70 87 b
1 2 4 8 16 17 34 68 85 87 b
1 2 4 8 16 18 19 34 53 87 a
1 2 4 8 16 18 19 34 68 87 a
1 2 4 8 16 18 34 35 52 87 a
1 2 4 8 16 18 34 35 53 87 b
1 2 4 8 16 18 34 35 69 87 b
1 2 4 8 16 18 34 52 53 87 b
1 2 4 8 16 18 34 52 86 87 b
1 2 4 8 16 18 34 68 69 87 b
1 2 4 8 16 18 34 68 86 87 b
1 2 4 8 16 20 21 29 58 87 b
1 2 4 8 16 20 28 29 58 87 b
1 2 4 8 16 24 25 29 58 87 b
1 2 4 8 16 24 28 29 58 87 b
