1 2 3 4 8 11 19 38 b
1 2 3 4 8 16 19 38 b
1 2 3 5 7 12 19 38 b
1 2 3 5 7 14 19 38 b
1 2 3 5 8 11 19 38 b
1 2 3 5 8 16 19 38 b
1 2 3 6 7 12 19 38 a
1 2 3 6 7 13 19 38 b
1 2 3 6 8 11 19 38 b
1 2 3 6 8 16 19 38 b
1 2 3 6 8 16 22 38 b
1 2 3 6 8 16 32 38 b
1 2 3 6 9 10 19 38 b
1 2 3 6 9 18 19 38 b
1 2 3 6 9 18 20 38 b
1 2 3 6 9 18 36 38 b
1 2 3 6 12 13 19 38 b
1 2 3 6 12 13 25 38 b
1 2 3 6 12 13 26 38 b
1 2 3 6 12 14 24 38 a
1 2 3 6 12 14 26 38 b
1 2 3 6 12 18 19 38 b
1 2 3 6 12 18 20 38 b
1 2 3 6 12 18 36 38 b
1 2 3 6 12 24 26 38 b
1 2 3 6 12 24 36 38 b
1 2 4 5 7 12 19 38 b
1 2 4 5 7 14 19 38 b
1 2 4 5 9 10 19 38 b
1 2 4 5 9 14 19 38 b
1 2 4 5 9 18 19 38 b
1 2 4 5 9 18 20 38 b
1 2 4 5 9 18 36 38 b
1 2 4 5 10 14 19 38 b
1 2 4 5 10 14 24 38 b
1 2 4 5 10 14 28 38 b
1 2 4 5 10 15 19 38 b
1 2 4 6 7 12 19 38 a
1 2 4 6 7 13 19 38 b
1 2 4 6 8 16 22 38 b
1 2 4 6 8 16 32 38 b
1 2 4 6 10 14 24 38 b
1 2 4 6 10 14 28 38 b
1 2 4 6 10 16 22 38 b
1 2 4 6 10 16 32 38 b
1 2 4 6 12 13 19 38 b
1 2 4 6 12 13 25 38 b
1 2 4 6 12 13 26 38 b
1 2 4 6 12 14 24 38 a
1 2 4 6 12 14 26 38 b
1 2 4 6 12 16 22 38 b
1 2 4 6 12 16 32 38 b
1 2 4 6 12 18 19 38 b
1 2 4 6 12 18 20 38 b
1 2 4 6 12 18 36 38 b
1 2 4 6 12 24 26 38 b
1 2 4 6 12 24 36 38 b
1 2 4 8 9 10 19 38 b
1 2 4 8 9 11 19 38 b
1 2 4 8 9 17 19 38 b
1 2 4 8 9 17 21 38 b
1 2 4 8 9 17 34 38 b
1 2 4 8 9 18 19 38 b
1 2 4 8 9 18 20 38 b
1 2 4 8 9 18 36 38 b
1 2 4 8 10 11 19 38 b
1 2 4 8 10 14 24 38 b
1 2 4 8 10 14 28 38 b
1 2 4 8 10 18 19 38 b
1 2 4 8 10 18 20 38 b
1 2 4 8 10 18 28 38 b
1 2 4 8 10 18 36 38 b
1 2 4 8 10 20 28 38 b
1 2 4 8 10 20 30 38 b
1 2 4 8 12 13 25 38 b
1 2 4 8 12 13 26 38 b
1 2 4 8 12 14 24 38 a
1 2 4 8 12 14 26 38 b
1 2 4 8 12 24 26 38 b
1 2 4 8 12 24 36 38 b
1 2 4 8 16 17 19 38 b
1 2 4 8 16 17 21 38 b
1 2 4 8 16 17 34 38 b
1 2 4 8 16 18 19 38 b
1 2 4 8 16 18 20 38 b
1 2 4 8 16 18 22 38 b
1 2 4 8 16 18 34 38 b
1 2 4 8 16 18 36 38 b
1 2 4 8 16 20 22 38 b
1 2 4 8 16 20 36 38 b
1 2 4 8 16 32 34 38 b
1 2 4 8 16 32 36 38 b
