1 2 3 4 7 14 17 31 62 93 b
1 2 3 4 7 14 28 31 62 93 b
1 2 3 5 6 11 22 44 49 93 b
1 2 3 5 6 11 22 44 88 93 b
1 2 3 5 7 12 19 31 62 93 b
1 2 3 5 7 12 24 31 62 93 b
1 2 3 5 7 14 17 31 62 93 b
1 2 3 5 7 14 28 31 62 93 b
1 2 3 5 8 11 22 44 49 93 b
1 2 3 5 8 11 22 44 88 93 b
1 2 3 5 8 13 18 31 62 93 b
1 2 3 5 8 13 26 31 62 93 b
1 2 3 5 10 11 20 31 62 93 a
1 2 3 5 10 11 21 31 62 93 b
1 2 3 5 10 11 22 44 49 93 b
1 2 3 5 10 11 22 44 88 93 b
1 2 3 5 10 12 22 44 49 93 b
1 2 3 5 10 12 22 44 88 93 b
1 2 3 5 10 13 18 31 62 93 b
1 2 3 5 10 13 20 40 53 93 a
1 2 3 5 10 13 20 40 80 93 a
1 2 3 5 10 13 23 46 47 93 b
1 2 3 5 10 13 23 46 92 93 b
1 2 3 5 10 13 26 31 62 93 b
1 2 3 5 10 15 16 31 62 93 b
1 2 3 5 10 15 30 31 62 93 b
1 2 3 5 10 15 30 33 60 93 a
1 2 3 5 10 15 30 33 63 93 b
1 2 3 5 10 15 30 45 48 93 b
1 2 3 5 10 15 30 45 90 93 b
1 2 3 5 10 15 30 60 63 93 b
1 2 3 5 10 15 30 60 90 93 b
1 2 3 5 10 20 21 31 62 93 b
1 2 3 5 10 20 22 44 49 93 b
1 2 3 5 10 20 22 44 88 93 b
1 2 3 5 10 20 23 46 47 93 b
1 2 3 5 10 20 23 46 92 93 b
1 2 3 5 10 20 25 45 48 93 b
1 2 3 5 10 20 25 45 90 93 b
1 2 3 5 10 20 30 31 62 93 b
1 2 3 5 10 20 30 33 60 93 a
1 2 3 5 10 20 30 33 63 93 b
1 2 3 5 10 20 30 60 63 93 b
1 2 3 5 10 20 30 60 90 93 b
1 2 3 5 10 20 40 43 50 93 a
1 2 3 5 10 20 40 43 53 93 b
1 2 3 5 10 20 40 43 83 93 b
1 2 3 5 10 20 40 45 48 93 b
1 2 3 5 10 20 40 45 90 93 b
1 2 3 5 10 20 40 50 53 93 b
1 2 3 5 10 20 40 50 90 93 b
1 2 3 5 10 20 40 80 83 93 b
1 2 3 5 10 20 40 80 90 93 b
1 2 3 6 7 12 19 31 62 93 a
1 2 3 6 7 12 24 31 62 93 a
1 2 3 6 7 13 20 40 53 93 b
1 2 3 6 7 13 20 40 80 93 b
1 2 3 6 7 14 17 31 62 93 b
1 2 3 6 7 14 28 31 62 93 b
1 2 3 6 8 14 17 31 62 93 b
1 2 3 6 8 14 28 31 62 93 b
1 2 3 6 9 11 20 31 62 93 b
1 2 3 6 9 11 22 31 62 93 b
1 2 3 6 9 12 21 42 51 93 b
1 2 3 6 9 12 21 42 84 93 b
1 2 3 6 9 15 16 31 62 93 b
1 2 3 6 9 15 21 36 57 93 b
1 2 3 6 9 15 21 36 72 93 b
1 2 3 6 9 15 21 42 51 93 b
1 2 3 6 9 15 21 42 84 93 b
1 2 3 6 9 15 24 39 54 93 b
1 2 3 6 9 15 24 39 78 93 b
1 2 3 6 9 15 30 31 62 93 b
1 2 3 6 9 15 30 33 60 93 a
1 2 3 6 9 15 30 33 63 93 b
1 2 3 6 9 15 30 39 54 93 b
1 2 3 6 9 15 30 39 78 93 b
1 2 3 6 9 15 30 45 48 93 b
1 2 3 6 9 15 30 45 90 93 b
1 2 3 6 9 15 30 60 63 93 b
1 2 3 6 9 15 30 60 90 93 b
1 2 3 6 9 18 19 37 56 93 b
1 2 3 6 9 18 19 37 74 93 b
1 2 3 6 9 18 21 36 57 93 a
1 2 3 6 9 18 21 36 72 93 a
1 2 3 6 9 18 21 42 51 93 b
1 2 3 6 9 18 21 42 84 93 b
1 2 3 6 9 18 24 42 51 93 b
1 2 3 6 9 18 24 42 84 93 b
1 2 3 6 9 18 27 33 60 93 b
1 2 3 6 9 18 27 33 66 93 b
1 2 3 6 9 18 27 45 48 93 b
1 2 3 6 9 18 27 45 90 93 b
1 2 3 6 9 18 36 39 54 93 a
1 2 3 6 9 18 36 39 57 93 b
1 2 3 6 9 18 36 39 75 93 b
1 2 3 6 9 18 36 42 51 93 b
1 2 3 6 9 18 36 42 84 93 b
1 2 3 6 9 18 36 45 48 93 b
1 2 3 6 9 18 36 45 90 93 b
1 2 3 6 9 18 36 54 57 93 b
1 2 3 6 9 18 36 54 90 93 b
1 2 3 6 9 18 36 72 75 93 b
1 2 3 6 9 18 36 72 90 93 b
1 2 3 6 12 13 18 31 62 93 a
1 2 3 6 12 13 19 31 62 93 b
1 2 3 6 12 13 25 31 62 93 b
1 2 3 6 12 14 17 31 62 93 b
1 2 3 6 12 14 28 31 62 93 b
1 2 3 6 12 15 16 31 62 93 b
1 2 3 6 12 15 21 36 57 93 b
1 2 3 6 12 15 21 36 72 93 b
1 2 3 6 12 15 24 39 54 93 a
1 2 3 6 12 15 24 39 78 93 a
1 2 3 6 12 15 27 33 60 93 b
1 2 3 6 12 15 27 33 66 93 b
1 2 3 6 12 15 27 39 54 93 b
1 2 3 6 12 15 27 39 66 93 b
1 2 3 6 12 15 27 39 78 93 b
1 2 3 6 12 15 27 54 66 93 b
1 2 3 6 12 15 27 54 81 93 b
1 2 3 6 12 15 30 31 62 93 b
1 2 3 6 12 15 30 33 60 93 a
1 2 3 6 12 15 30 33 63 93 b
1 2 3 6 12 15 30 45 48 93 b
1 2 3 6 12 15 30 45 90 93 b
1 2 3 6 12 15 30 60 63 93 b
1 2 3 6 12 15 30 60 90 93 b
1 2 3 6 12 18 19 31 62 93 b
1 2 3 6 12 18 19 37 56 93 b
1 2 3 6 12 18 19 37 74 93 b
1 2 3 6 12 18 21 36 57 93 a
1 2 3 6 12 18 21 36 72 93 a
1 2 3 6 12 18 30 31 62 93 b
1 2 3 6 12 18 30 33 60 93 a
1 2 3 6 12 18 30 33 63 93 b
1 2 3 6 12 18 30 60 63 93 b
1 2 3 6 12 18 30 60 90 93 b
1 2 3 6 12 18 36 39 54 93 a
1 2 3 6 12 18 36 39 57 93 b
1 2 3 6 12 18 36 39 75 93 b
1 2 3 6 12 18 36 54 57 93 b
1 2 3 6 12 18 36 54 90 93 b
1 2 3 6 12 18 36 72 75 93 b
1 2 3 6 12 18 36 72 90 93 b
1 2 3 6 12 24 25 31 62 93 b
1 2 3 6 12 24 27 33 60 93 b
1 2 3 6 12 24 27 33 66 93 b
1 2 3 6 12 24 27 39 54 93 a
1 2 3 6 12 24 27 39 66 93 b
1 2 3 6 12 24 27 54 66 93 b
1 2 3 6 12 24 27 54 81 93 b
1 2 3 6 12 24 30 31 62 93 b
1 2 3 6 12 24 30 33 60 93 a
1 2 3 6 12 24 30 33 63 93 b
1 2 3 6 12 24 30 60 63 93 b
1 2 3 6 12 24 30 60 90 93 b
1 2 4 5 6 11 22 44 49 93 b
1 2 4 5 6 11 22 44 88 93 b
1 2 4 5 7 11 22 44 49 93 b
1 2 4 5 7 11 22 44 88 93 b
1 2 4 5 7 12 19 31 62 93 b
1 2 4 5 7 12 24 31 62 93 b
1 2 4 5 8 13 18 31 62 93 a
1 2 4 5 8 13 26 31 62 93 a
1 2 4 5 9 11 20 31 62 93 b
1 2 4 5 9 11 22 31 62 93 b
1 2 4 5 9 11 22 44 49 93 b
1 2 4 5 9 11 22 44 88 93 b
1 2 4 5 9 13 18 31 62 93 b
1 2 4 5 9 13 22 31 62 93 b
1 2 4 5 9 13 22 44 49 93 b
1 2 4 5 9 13 22 44 88 93 b
1 2 4 5 9 13 26 31 62 93 b
1 2 4 5 9 14 23 46 47 93 b
1 2 4 5 9 14 23 46 92 93 b
1 2 4 5 9 14 28 37 56 93 a
1 2 4 5 9 14 28 37 65 93 b
1 2 4 5 9 14 28 42 51 93 b
1 2 4 5 9 14 28 42 84 93 b
1 2 4 5 9 14 28 56 65 93 b
1 2 4 5 9 14 28 56 84 93 b
1 2 4 5 9 18 19 37 56 93 b
1 2 4 5 9 18 19 37 74 93 b
1 2 4 5 9 18 22 31 62 93 b
1 2 4 5 9 18 22 44 49 93 b
1 2 4 5 9 18 22 44 88 93 b
1 2 4 5 9 18 23 46 47 93 b
1 2 4 5 9 18 23 46 92 93 b
1 2 4 5 9 18 27 31 62 93 b
1 2 4 5 10 11 20 31 62 93 a
1 2 4 5 10 11 21 31 62 93 b
1 2 4 5 10 11 22 44 49 93 b
1 2 4 5 10 11 22 44 88 93 b
1 2 4 5 10 12 22 44 49 93 b
1 2 4 5 10 12 22 44 88 93 b
1 2 4 5 10 15 16 31 62 93 b
1 2 4 5 10 15 30 31 62 93 b
1 2 4 5 10 20 21 31 62 93 b
1 2 4 5 10 20 22 44 49 93 b
1 2 4 5 10 20 22 44 88 93 b
1 2 4 5 10 20 24 44 49 93 b
1 2 4 5 10 20 24 44 88 93 b
1 2 4 5 10 20 30 31 62 93 b
1 2 4 5 10 20 40 44 49 93 b
1 2 4 5 10 20 40 44 88 93 b
1 2 4 6 7 12 19 31 62 93 a
1 2 4 6 7 12 24 31 62 93 a
1 2 4 6 7 13 20 40 53 93 b
1 2 4 6 7 13 20 40 80 93 b
1 2 4 6 10 11 20 31 62 93 a
1 2 4 6 10 11 21 31 62 93 b
1 2 4 6 10 20 21 31 62 93 b
1 2 4 6 10 20 26 46 47 93 b
1 2 4 6 10 20 26 46 92 93 b
1 2 4 6 10 20 30 31 62 93 b
1 2 4 6 10 20 40 46 47 93 b
1 2 4 6 10 20 40 46 92 93 b
1 2 4 6 12 13 18 31 62 93 a
1 2 4 6 12 13 19 31 62 93 b
1 2 4 6 12 13 25 31 62 93 b
1 2 4 6 12 18 19 31 62 93 b
1 2 4 6 12 18 19 37 56 93 b
1 2 4 6 12 18 19 37 74 93 b
1 2 4 6 12 18 30 31 62 93 b
1 2 4 6 12 24 25 31 62 93 b
1 2 4 6 12 24 30 31 62 93 b
1 2 4 8 9 11 20 31 62 93 b
1 2 4 8 9 11 22 31 62 93 b
1 2 4 8 9 12 21 42 51 93 a
1 2 4 8 9 12 21 42 84 93 a
1 2 4 8 9 13 18 31 62 93 a
1 2 4 8 9 13 21 42 51 93 b
1 2 4 8 9 13 21 42 84 93 b
1 2 4 8 9 13 22 31 62 93 b
1 2 4 8 9 16 25 34 59 93 a
1 2 4 8 9 16 25 34 68 93 a
1 2 4 8 9 17 19 38 55 93 b
1 2 4 8 9 17 19 38 76 93 b
1 2 4 8 9 17 21 38 55 93 b
1 2 4 8 9 17 21 38 76 93 b
1 2 4 8 9 17 21 42 51 93 b
1 2 4 8 9 17 21 42 84 93 b
1 2 4 8 9 17 25 34 59 93 b
1 2 4 8 9 17 25 34 68 93 b
1 2 4 8 9 17 25 42 51 93 b
1 2 4 8 9 17 25 42 84 93 b
1 2 4 8 9 17 34 38 55 93 b
1 2 4 8 9 17 34 38 76 93 b
1 2 4 8 9 17 34 42 51 93 b
1 2 4 8 9 17 34 42 59 93 b
1 2 4 8 9 17 34 42 76 93 b
1 2 4 8 9 17 34 42 84 93 b
1 2 4 8 9 17 34 51 59 93 b
1 2 4 8 9 17 34 51 85 93 b
1 2 4 8 9 17 34 68 76 93 b
1 2 4 8 9 17 34 68 85 93 b
1 2 4 8 9 18 19 37 56 93 b
1 2 4 8 9 18 19 37 74 93 b
1 2 4 8 9 18 22 31 62 93 b
1 2 4 8 9 18 27 31 62 93 b
1 2 4 8 10 11 20 31 62 93 a
1 2 4 8 10 11 21 31 62 93 b
1 2 4 8 10 18 19 37 56 93 b
1 2 4 8 10 18 19 37 74 93 b
1 2 4 8 10 18 28 46 47 93 b
1 2 4 8 10 18 28 46 92 93 b
1 2 4 8 10 18 36 46 47 93 b
1 2 4 8 10 18 36 46 92 93 b
1 2 4 8 10 20 21 31 62 93 b
1 2 4 8 10 20 30 31 62 93 b
1 2 4 8 12 13 20 40 53 93 a
1 2 4 8 12 13 20 40 80 93 a
1 2 4 8 12 20 40 41 52 93 a
1 2 4 8 12 20 40 41 53 93 b
1 2 4 8 12 20 40 41 81 93 b
1 2 4 8 12 20 40 52 53 93 b
1 2 4 8 12 20 40 52 92 93 b
1 2 4 8 12 20 40 80 81 93 b
1 2 4 8 12 20 40 80 92 93 b
1 2 4 8 16 17 19 38 55 93 b
1 2 4 8 16 17 19 38 76 93 b
1 2 4 8 16 17 21 38 55 93 b
1 2 4 8 16 17 21 38 76 93 b
1 2 4 8 16 17 25 34 59 93 a
1 2 4 8 16 17 25 34 68 93 a
1 2 4 8 16 17 34 38 55 93 b
1 2 4 8 16 17 34 38 76 93 b
1 2 4 8 16 17 34 42 51 93 a
1 2 4 8 16 17 34 42 59 93 b
1 2 4 8 16 17 34 42 76 93 b
1 2 4 8 16 17 34 51 59 93 b
1 2 4 8 16 17 34 51 85 93 b
1 2 4 8 16 17 34 68 76 93 b
1 2 4 8 16 17 34 68 85 93 b
1 2 4 8 16 18 19 37 56 93 b
1 2 4 8 16 18 19 37 74 93 b
1 2 4 8 16 20 21 36 57 93 a
1 2 4 8 16 20 21 36 72 93 a
1 2 4 8 16 20 36 37 56 93 a
1 2 4 8 16 20 36 37 57 93 b
1 2 4 8 16 20 36 37 73 93 b
1 2 4 8 16 20 36 56 57 93 b
1 2 4 8 16 20 36 56 92 93 b
1 2 4 8 16 20 36 72 73 93 b
1 2 4 8 16 20 36 72 92 93 b
