1 2 3 4 7 14 21 35 70 105 b
1 2 3 4 7 14 21 42 63 105 b
1 2 3 4 7 14 21 42 84 105 b
1 2 3 4 7 14 28 35 70 105 b
1 2 3 4 8 16 19 35 70 105 b
1 2 3 4 8 16 32 35 70 105 b
1 2 3 5 7 14 21 35 70 105 b
1 2 3 5 7 14 21 42 63 105 b
1 2 3 5 7 14 21 42 84 105 b
1 2 3 5 7 14 28 35 70 105 b
1 2 3 5 8 13 21 42 63 105 b
1 2 3 5 8 13 21 42 84 105 b
1 2 3 5 8 13 26 52 53 105 b
1 2 3 5 8 13 26 52 104 105 b
1 2 3 5 8 16 19 35 70 105 b
1 2 3 5 8 16 21 42 63 105 b
1 2 3 5 8 16 21 42 84 105 b
1 2 3 5 8 16 32 35 70 105 b
1 2 3 5 10 11 21 42 63 105 b
1 2 3 5 10 11 21 42 84 105 b
1 2 3 5 10 13 23 46 59 105 b
1 2 3 5 10 13 23 46 92 105 b
1 2 3 5 10 13 26 52 53 105 b
1 2 3 5 10 13 26 52 104 105 b
1 2 3 5 10 15 20 35 70 105 b
1 2 3 5 10 15 25 35 70 105 b
1 2 3 5 10 15 25 40 65 105 b
1 2 3 5 10 15 25 40 80 105 b
1 2 3 5 10 15 25 50 55 105 b
1 2 3 5 10 15 25 50 100 105 b
1 2 3 5 10 15 30 35 70 105 b
1 2 3 5 10 15 30 45 60 105 b
1 2 3 5 10 15 30 45 75 105 b
1 2 3 5 10 15 30 45 90 105 b
1 2 3 5 10 15 30 60 75 105 b
1 2 3 5 10 15 30 60 90 105 b
1 2 3 5 10 20 21 42 63 105 b
1 2 3 5 10 20 21 42 84 105 b
1 2 3 5 10 20 25 35 70 105 b
1 2 3 5 10 20 25 40 65 105 a
1 2 3 5 10 20 25 40 80 105 a
1 2 3 5 10 20 25 50 55 105 b
1 2 3 5 10 20 25 50 100 105 b
1 2 3 5 10 20 30 35 70 105 b
1 2 3 5 10 20 30 50 55 105 b
1 2 3 5 10 20 30 50 100 105 b
1 2 3 5 10 20 40 45 60 105 a
1 2 3 5 10 20 40 45 65 105 b
1 2 3 5 10 20 40 45 85 105 b
1 2 3 5 10 20 40 50 55 105 b
1 2 3 5 10 20 40 50 100 105 b
1 2 3 5 10 20 40 60 65 105 b
1 2 3 5 10 20 40 60 100 105 b
1 2 3 5 10 20 40 80 85 105 b
1 2 3 5 10 20 40 80 100 105 b
1 2 3 6 7 13 26 52 53 105 b
1 2 3 6 7 13 26 52 104 105 b
1 2 3 6 7 14 21 35 70 105 b
1 2 3 6 7 14 21 42 63 105 b
1 2 3 6 7 14 21 42 84 105 b
1 2 3 6 7 14 28 35 70 105 b
1 2 3 6 8 16 19 35 70 105 b
1 2 3 6 8 16 32 35 70 105 b
1 2 3 6 9 12 21 42 63 105 b
1 2 3 6 9 12 21 42 84 105 b
1 2 3 6 9 12 24 48 57 105 b
1 2 3 6 9 12 24 48 96 105 b
1 2 3 6 9 15 21 42 63 105 b
1 2 3 6 9 15 21 42 84 105 b
1 2 3 6 9 15 24 48 57 105 b
1 2 3 6 9 15 24 48 96 105 b
1 2 3 6 9 15 30 45 60 105 b
1 2 3 6 9 15 30 45 75 105 b
1 2 3 6 9 15 30 45 90 105 b
1 2 3 6 9 15 30 60 75 105 b
1 2 3 6 9 15 30 60 90 105 b
1 2 3 6 9 18 21 42 63 105 b
1 2 3 6 9 18 21 42 84 105 b
1 2 3 6 9 18 24 48 57 105 b
1 2 3 6 9 18 24 48 96 105 b
1 2 3 6 12 13 26 52 53 105 b
1 2 3 6 12 13 26 52 104 105 b
1 2 3 6 12 14 26 52 53 105 b
1 2 3 6 12 14 26 52 104 105 b
1 2 3 6 12 15 21 42 63 105 b
1 2 3 6 12 15 21 42 84 105 b
1 2 3 6 12 15 27 39 66 105 b
1 2 3 6 12 15 27 39 78 105 b
1 2 3 6 12 15 30 45 60 105 b
1 2 3 6 12 15 30 45 75 105 b
1 2 3 6 12 15 30 45 90 105 b
1 2 3 6 12 15 30 60 75 105 b
1 2 3 6 12 15 30 60 90 105 b
1 2 3 6 12 18 21 42 63 105 b
1 2 3 6 12 18 21 42 84 105 b
1 2 3 6 12 24 26 52 53 105 b
1 2 3 6 12 24 26 52 104 105 b
1 2 3 6 12 24 27 39 66 105 b
1 2 3 6 12 24 27 39 78 105 b
1 2 3 6 12 24 27 51 54 105 b
1 2 3 6 12 24 27 51 78 105 b
1 2 3 6 12 24 27 51 102 105 b
1 2 3 6 12 24 27 54 78 105 b
1 2 3 6 12 24 27 54 81 105 b
1 2 3 6 12 24 48 51 54 105 b
1 2 3 6 12 24 48 51 57 105 b
1 2 3 6 12 24 48 51 99 105 b
1 2 3 6 12 24 48 51 102 105 b
1 2 3 6 12 24 48 54 57 105 b
1 2 3 6 12 24 48 54 102 105 b
1 2 3 6 12 24 48 96 99 105 b
1 2 3 6 12 24 48 96 102 105 b
1 2 4 5 7 14 21 35 70 105 b
1 2 4 5 7 14 21 42 63 105 b
1 2 4 5 7 14 21 42 84 105 b
1 2 4 5 7 14 28 35 70 105 b
1 2 4 5 8 13 21 42 63 105 a
1 2 4 5 8 13 21 42 84 105 a
1 2 4 5 8 13 26 52 53 105 a
1 2 4 5 8 13 26 52 104 105 a
1 2 4 5 8 16 21 42 63 105 a
1 2 4 5 8 16 21 42 84 105 a
1 2 4 5 9 13 22 35 70 105 b
1 2 4 5 9 13 26 35 70 105 b
1 2 4 5 9 13 26 52 53 105 b
1 2 4 5 9 13 26 52 104 105 b
1 2 4 5 9 18 23 41 64 105 b
1 2 4 5 9 18 23 41 82 105 b
1 2 4 5 10 11 21 42 63 105 b
1 2 4 5 10 11 21 42 84 105 b
1 2 4 5 10 15 20 35 70 105 b
1 2 4 5 10 15 25 35 70 105 b
1 2 4 5 10 15 25 40 65 105 b
1 2 4 5 10 15 25 40 80 105 b
1 2 4 5 10 15 25 50 55 105 b
1 2 4 5 10 15 25 50 100 105 b
1 2 4 5 10 15 30 35 70 105 b
1 2 4 5 10 15 30 45 60 105 b
1 2 4 5 10 15 30 45 75 105 b
1 2 4 5 10 15 30 45 90 105 b
1 2 4 5 10 15 30 60 75 105 b
1 2 4 5 10 15 30 60 90 105 b
1 2 4 5 10 20 21 42 63 105 b
1 2 4 5 10 20 21 42 84 105 b
1 2 4 5 10 20 25 35 70 105 b
1 2 4 5 10 20 25 40 65 105 a
1 2 4 5 10 20 25 40 80 105 a
1 2 4 5 10 20 25 50 55 105 b
1 2 4 5 10 20 25 50 100 105 b
1 2 4 5 10 20 30 35 70 105 b
1 2 4 5 10 20 30 50 55 105 b
1 2 4 5 10 20 30 50 100 105 b
1 2 4 5 10 20 40 45 60 105 a
1 2 4 5 10 20 40 45 65 105 b
1 2 4 5 10 20 40 45 85 105 b
1 2 4 5 10 20 40 50 55 105 b
1 2 4 5 10 20 40 50 100 105 b
1 2 4 5 10 20 40 60 65 105 b
1 2 4 5 10 20 40 60 100 105 b
1 2 4 5 10 20 40 80 85 105 b
1 2 4 5 10 20 40 80 100 105 b
1 2 4 6 7 13 26 52 53 105 b
1 2 4 6 7 13 26 52 104 105 b
1 2 4 6 7 14 21 35 70 105 b
1 2 4 6 7 14 21 42 63 105 b
1 2 4 6 7 14 21 42 84 105 b
1 2 4 6 7 14 28 35 70 105 b
1 2 4 6 10 11 21 42 63 105 b
1 2 4 6 10 11 21 42 84 105 b
1 2 4 6 10 16 26 52 53 105 b
1 2 4 6 10 16 26 52 104 105 b
1 2 4 6 10 20 21 42 63 105 b
1 2 4 6 10 20 21 42 84 105 b
1 2 4 6 10 20 26 52 53 105 b
1 2 4 6 10 20 26 52 104 105 b
1 2 4 6 12 13 26 52 53 105 b
1 2 4 6 12 13 26 52 104 105 b
1 2 4 6 12 14 26 52 53 105 b
1 2 4 6 12 14 26 52 104 105 b
1 2 4 6 12 24 26 52 53 105 b
1 2 4 6 12 24 26 52 104 105 b
1 2 4 6 12 24 28 52 53 105 b
1 2 4 6 12 24 28 52 104 105 b
1 2 4 6 12 24 48 52 53 105 b
1 2 4 6 12 24 48 52 104 105 b
1 2 4 8 9 12 21 42 63 105 a
1 2 4 8 9 12 21 42 84 105 a
1 2 4 8 9 12 24 48 57 105 a
1 2 4 8 9 12 24 48 96 105 a
1 2 4 8 9 13 21 42 63 105 b
1 2 4 8 9 13 21 42 84 105 b
1 2 4 8 9 13 22 35 70 105 b
1 2 4 8 9 13 26 35 70 105 b
1 2 4 8 9 13 26 52 53 105 b
1 2 4 8 9 13 26 52 104 105 b
1 2 4 8 9 16 24 48 57 105 a
1 2 4 8 9 16 24 48 96 105 a
1 2 4 8 9 16 32 41 64 105 a
1 2 4 8 9 16 32 41 73 105 a
1 2 4 8 9 16 32 48 57 105 a
1 2 4 8 9 16 32 48 96 105 a
1 2 4 8 9 16 32 64 73 105 a
1 2 4 8 9 16 32 64 96 105 a
1 2 4 8 9 17 18 35 70 105 b
1 2 4 8 9 17 21 42 63 105 b
1 2 4 8 9 17 21 42 84 105 b
1 2 4 8 9 17 26 35 70 105 b
1 2 4 8 9 17 26 52 53 105 b
1 2 4 8 9 17 26 52 104 105 b
1 2 4 8 9 17 34 35 70 105 b
1 2 4 8 9 18 26 35 70 105 b
1 2 4 8 9 18 26 52 53 105 b
1 2 4 8 9 18 26 52 104 105 b
1 2 4 8 9 18 27 35 70 105 b
1 2 4 8 10 11 21 42 63 105 b
1 2 4 8 10 11 21 42 84 105 b
1 2 4 8 10 16 26 52 53 105 a
1 2 4 8 10 16 26 52 104 105 a
1 2 4 8 10 18 26 52 53 105 b
1 2 4 8 10 18 26 52 104 105 b
1 2 4 8 10 20 21 42 63 105 b
1 2 4 8 10 20 21 42 84 105 b
1 2 4 8 12 13 21 42 63 105 b
1 2 4 8 12 13 21 42 84 105 b
1 2 4 8 12 13 26 52 53 105 b
1 2 4 8 12 13 26 52 104 105 b
1 2 4 8 12 14 26 52 53 105 b
1 2 4 8 12 14 26 52 104 105 b
1 2 4 8 12 20 21 42 63 105 b
1 2 4 8 12 20 21 42 84 105 b
1 2 4 8 12 20 32 52 53 105 b
1 2 4 8 12 20 32 52 104 105 b
1 2 4 8 12 20 40 52 53 105 b
1 2 4 8 12 20 40 52 104 105 b
1 2 4 8 12 24 26 52 53 105 b
1 2 4 8 12 24 26 52 104 105 b
1 2 4 8 12 24 28 52 53 105 b
1 2 4 8 12 24 28 52 104 105 b
1 2 4 8 12 24 48 49 56 105 a
1 2 4 8 12 24 48 49 57 105 b
1 2 4 8 12 24 48 49 97 105 b
1 2 4 8 12 24 48 52 53 105 b
1 2 4 8 12 24 48 52 104 105 b
1 2 4 8 12 24 48 56 57 105 b
1 2 4 8 12 24 48 56 104 105 b
1 2 4 8 12 24 48 96 97 105 b
1 2 4 8 12 24 48 96 104 105 b
1 2 4 8 16 17 18 35 70 105 b
1 2 4 8 16 17 19 35 70 105 b
1 2 4 8 16 17 21 42 63 105 b
1 2 4 8 16 17 21 42 84 105 b
1 2 4 8 16 17 33 35 70 105 b
1 2 4 8 16 17 34 35 70 105 b
1 2 4 8 16 18 19 35 70 105 b
1 2 4 8 16 18 26 52 53 105 b
1 2 4 8 16 18 26 52 104 105 b
1 2 4 8 16 18 34 35 70 105 b
1 2 4 8 16 18 34 52 53 105 b
1 2 4 8 16 18 34 52 104 105 b
1 2 4 8 16 18 36 52 53 105 b
1 2 4 8 16 18 36 52 104 105 b
1 2 4 8 16 20 21 42 63 105 b
1 2 4 8 16 20 21 42 84 105 b
1 2 4 8 16 20 32 52 53 105 a
1 2 4 8 16 20 32 52 104 105 a
1 2 4 8 16 20 36 52 53 105 b
1 2 4 8 16 20 36 52 104 105 b
1 2 4 8 16 24 25 40 65 105 a
1 2 4 8 16 24 25 40 80 105 a
1 2 4 8 16 24 26 52 53 105 b
1 2 4 8 16 24 26 52 104 105 b
1 2 4 8 16 24 28 52 53 105 b
1 2 4 8 16 24 28 52 104 105 b
1 2 4 8 16 24 40 41 64 105 a
1 2 4 8 16 24 40 41 65 105 b
1 2 4 8 16 24 40 41 81 105 b
1 2 4 8 16 24 40 64 65 105 b
1 2 4 8 16 24 40 64 104 105 b
1 2 4 8 16 24 40 80 81 105 b
1 2 4 8 16 24 40 80 104 105 b
1 2 4 8 16 24 48 49 56 105 a
1 2 4 8 16 24 48 49 57 105 b
1 2 4 8 16 24 48 49 97 105 b
1 2 4 8 16 24 48 52 53 105 b
1 2 4 8 16 24 48 52 104 105 b
1 2 4 8 16 24 48 56 57 105 b
1 2 4 8 16 24 48 56 104 105 b
1 2 4 8 16 24 48 96 97 105 b
1 2 4 8 16 24 48 96 104 105 b
1 2 4 8 16 32 33 35 70 105 b
1 2 4 8 16 32 33 36 69 105 a
1 2 4 8 16 32 33 36 72 105 a
1 2 4 8 16 32 33 40 65 105 a
1 2 4 8 16 32 33 40 72 105 a
1 2 4 8 16 32 33 40 73 105 a
1 2 4 8 16 32 33 41 64 105 a
1 2 4 8 16 32 33 41 73 105 b
1 2 4 8 16 32 33 64 72 105 a
1 2 4 8 16 32 33 64 97 105 a
1 2 4 8 16 32 33 65 73 105 b
1 2 4 8 16 32 33 65 97 105 b
1 2 4 8 16 32 34 35 70 105 b
1 2 4 8 16 32 36 37 68 105 a
1 2 4 8 16 32 36 37 69 105 b
1 2 4 8 16 32 36 37 73 105 b
1 2 4 8 16 32 36 52 53 105 b
1 2 4 8 16 32 36 52 104 105 b
1 2 4 8 16 32 36 68 69 105 b
1 2 4 8 16 32 36 68 104 105 b
1 2 4 8 16 32 36 72 73 105 b
1 2 4 8 16 32 36 72 104 105 b
1 2 4 8 16 32 40 41 64 105 a
1 2 4 8 16 32 40 41 73 105 b
1 2 4 8 16 32 40 64 65 105 a
1 2 4 8 16 32 40 64 104 105 a
1 2 4 8 16 32 40 72 73 105 b
1 2 4 8 16 32 40 72 104 105 b
1 2 4 8 16 32 48 49 56 105 a
1 2 4 8 16 32 48 49 57 105 b
1 2 4 8 16 32 48 49 97 105 b
1 2 4 8 16 32 48 52 53 105 b
1 2 4 8 16 32 48 52 104 105 b
1 2 4 8 16 32 48 56 57 105 b
1 2 4 8 16 32 48 56 104 105 b
1 2 4 8 16 32 48 96 97 105 b
1 2 4 8 16 32 48 96 104 105 b
1 2 4 8 16 32 64 65 73 105 b
1 2 4 8 16 32 64 65 97 105 b
1 2 4 8 16 32 64 72 73 105 b
1 2 4 8 16 32 64 72 104 105 b
1 2 4 8 16 32 64 96 97 105 b
1 2 4 8 16 32 64 96 104 105 b
