1 2 3 5 7 14 28 33 61 122 b
1 2 3 5 7 14 28 56 61 122 b
1 2 3 5 10 15 30 31 61 122 b
1 2 3 5 10 15 30 60 61 122 b
1 2 3 5 10 15 30 60 62 122 b
1 2 3 5 10 15 30 60 120 122 b
1 2 3 5 10 20 21 40 61 122 a
1 2 3 5 10 20 21 41 61 122 b
1 2 3 5 10 20 30 31 61 122 b
1 2 3 5 10 20 30 60 61 122 b
1 2 3 5 10 20 30 60 62 122 b
1 2 3 5 10 20 30 60 120 122 b
1 2 3 5 10 20 40 41 61 122 b
1 2 3 5 10 20 40 41 81 122 b
1 2 3 5 10 20 40 41 82 122 b
1 2 3 5 10 20 40 42 80 122 a
1 2 3 5 10 20 40 42 82 122 b
1 2 3 5 10 20 40 60 61 122 b
1 2 3 5 10 20 40 60 62 122 b
1 2 3 5 10 20 40 60 120 122 b
1 2 3 5 10 20 40 80 82 122 b
1 2 3 5 10 20 40 80 120 122 b
1 2 3 6 9 15 30 31 61 122 b
1 2 3 6 9 15 30 60 61 122 b
1 2 3 6 9 15 30 60 62 122 b
1 2 3 6 9 15 30 60 120 122 b
1 2 3 6 12 13 24 37 61 122 a
1 2 3 6 12 13 24 48 61 122 a
1 2 3 6 12 15 30 31 61 122 b
1 2 3 6 12 15 30 60 61 122 b
1 2 3 6 12 15 30 60 62 122 b
1 2 3 6 12 15 30 60 120 122 b
1 2 3 6 12 18 30 31 61 122 b
1 2 3 6 12 18 30 60 61 122 b
1 2 3 6 12 18 30 60 62 122 b
1 2 3 6 12 18 30 60 120 122 b
1 2 3 6 12 24 25 36 61 122 a
1 2 3 6 12 24 25 37 61 122 b
1 2 3 6 12 24 25 49 61 122 b
1 2 3 6 12 24 25 49 73 122 b
1 2 3 6 12 24 25 49 98 122 b
1 2 3 6 12 24 26 48 74 122 a
1 2 3 6 12 24 26 48 96 122 a
1 2 3 6 12 24 30 31 61 122 b
1 2 3 6 12 24 30 60 61 122 b
1 2 3 6 12 24 30 60 62 122 b
1 2 3 6 12 24 30 60 120 122 b
1 2 3 6 12 24 36 37 61 122 b
1 2 3 6 12 24 36 60 61 122 b
1 2 3 6 12 24 36 60 62 122 b
1 2 3 6 12 24 36 60 120 122 b
1 2 3 6 12 24 48 49 61 122 b
1 2 3 6 12 24 48 49 73 122 b
1 2 3 6 12 24 48 49 98 122 b
1 2 3 6 12 24 48 50 72 122 a
1 2 3 6 12 24 48 50 74 122 b
1 2 3 6 12 24 48 50 98 122 b
1 2 3 6 12 24 48 60 61 122 b
1 2 3 6 12 24 48 60 62 122 b
1 2 3 6 12 24 48 60 120 122 b
1 2 3 6 12 24 48 72 74 122 b
1 2 3 6 12 24 48 72 120 122 b
1 2 3 6 12 24 48 96 98 122 b
1 2 3 6 12 24 48 96 120 122 b
1 2 4 5 7 14 28 33 61 122 b
1 2 4 5 7 14 28 56 61 122 b
1 2 4 5 9 13 26 35 61 122 b
1 2 4 5 9 13 26 52 61 122 b
1 2 4 5 9 14 28 33 61 122 b
1 2 4 5 9 14 28 56 61 122 b
1 2 4 5 10 14 28 33 61 122 b
1 2 4 5 10 14 28 56 61 122 b
1 2 4 5 10 14 28 56 66 122 b
1 2 4 5 10 14 28 56 112 122 b
1 2 4 5 10 15 30 31 61 122 b
1 2 4 5 10 15 30 60 61 122 b
1 2 4 5 10 15 30 60 62 122 b
1 2 4 5 10 15 30 60 120 122 b
1 2 4 5 10 20 21 40 61 122 a
1 2 4 5 10 20 21 41 61 122 b
1 2 4 5 10 20 30 31 61 122 b
1 2 4 5 10 20 30 60 61 122 b
1 2 4 5 10 20 30 60 62 122 b
1 2 4 5 10 20 30 60 120 122 b
1 2 4 5 10 20 40 41 61 122 b
1 2 4 5 10 20 40 41 81 122 b
1 2 4 5 10 20 40 41 82 122 b
1 2 4 5 10 20 40 42 80 122 a
1 2 4 5 10 20 40 42 82 122 b
1 2 4 5 10 20 40 60 61 122 b
1 2 4 5 10 20 40 60 62 122 b
1 2 4 5 10 20 40 60 120 122 b
1 2 4 5 10 20 40 80 82 122 b
1 2 4 5 10 20 40 80 120 122 b
1 2 4 6 10 14 28 56 66 122 b
1 2 4 6 10 14 28 56 112 122 b
1 2 4 6 10 20 21 40 61 122 a
1 2 4 6 10 20 21 41 61 122 b
1 2 4 6 10 20 30 31 61 122 b
1 2 4 6 10 20 30 60 61 122 b
1 2 4 6 10 20 30 60 62 122 b
1 2 4 6 10 20 30 60 120 122 b
1 2 4 6 10 20 40 41 61 122 b
1 2 4 6 10 20 40 41 81 122 b
1 2 4 6 10 20 40 41 82 122 b
1 2 4 6 10 20 40 42 80 122 a
1 2 4 6 10 20 40 42 82 122 b
1 2 4 6 10 20 40 60 61 122 b
1 2 4 6 10 20 40 60 62 122 b
1 2 4 6 10 20 40 60 120 122 b
1 2 4 6 10 20 40 80 82 122 b
1 2 4 6 10 20 40 80 120 122 b
1 2 4 6 12 13 24 37 61 122 a
1 2 4 6 12 13 24 48 61 122 a
1 2 4 6 12 18 30 31 61 122 b
1 2 4 6 12 18 30 60 61 122 b
1 2 4 6 12 18 30 60 62 122 b
1 2 4 6 12 18 30 60 120 122 b
1 2 4 6 12 24 25 36 61 122 a
1 2 4 6 12 24 25 37 61 122 b
1 2 4 6 12 24 25 49 61 122 b
1 2 4 6 12 24 25 49 73 122 b
1 2 4 6 12 24 25 49 98 122 b
1 2 4 6 12 24 26 48 74 122 a
1 2 4 6 12 24 26 48 96 122 a
1 2 4 6 12 24 30 31 61 122 b
1 2 4 6 12 24 30 60 61 122 b
1 2 4 6 12 24 30 60 62 122 b
1 2 4 6 12 24 30 60 120 122 b
1 2 4 6 12 24 36 37 61 122 b
1 2 4 6 12 24 36 60 61 122 b
1 2 4 6 12 24 36 60 62 122 b
1 2 4 6 12 24 36 60 120 122 b
1 2 4 6 12 24 48 49 61 122 b
1 2 4 6 12 24 48 49 73 122 b
1 2 4 6 12 24 48 49 98 122 b
1 2 4 6 12 24 48 50 72 122 a
1 2 4 6 12 24 48 50 74 122 b
1 2 4 6 12 24 48 50 98 122 b
1 2 4 6 12 24 48 60 61 122 b
1 2 4 6 12 24 48 60 62 122 b
1 2 4 6 12 24 48 60 120 122 b
1 2 4 6 12 24 48 72 74 122 b
1 2 4 6 12 24 48 72 120 122 b
1 2 4 6 12 24 48 96 98 122 b
1 2 4 6 12 24 48 96 120 122 b
1 2 4 8 9 13 26 35 61 122 b
1 2 4 8 9 13 26 52 61 122 b
1 2 4 8 9 17 26 35 61 122 b
1 2 4 8 9 17 26 52 61 122 b
1 2 4 8 9 18 26 35 61 122 b
1 2 4 8 9 18 26 52 61 122 b
1 2 4 8 9 18 26 52 70 122 b
1 2 4 8 9 18 26 52 104 122 b
1 2 4 8 10 14 28 56 66 122 b
1 2 4 8 10 14 28 56 112 122 b
1 2 4 8 10 18 26 52 70 122 b
1 2 4 8 10 18 26 52 104 122 b
1 2 4 8 10 18 28 56 66 122 b
1 2 4 8 10 18 28 56 112 122 b
1 2 4 8 10 20 21 40 61 122 a
1 2 4 8 10 20 21 41 61 122 b
1 2 4 8 10 20 28 56 66 122 b
1 2 4 8 10 20 28 56 112 122 b
1 2 4 8 10 20 30 31 61 122 b
1 2 4 8 10 20 30 60 61 122 b
1 2 4 8 10 20 30 60 62 122 b
1 2 4 8 10 20 30 60 120 122 b
1 2 4 8 10 20 40 41 61 122 b
1 2 4 8 10 20 40 41 81 122 b
1 2 4 8 10 20 40 41 82 122 b
1 2 4 8 10 20 40 42 80 122 a
1 2 4 8 10 20 40 42 82 122 b
1 2 4 8 10 20 40 60 61 122 b
1 2 4 8 10 20 40 60 62 122 b
1 2 4 8 10 20 40 60 120 122 b
1 2 4 8 10 20 40 80 82 122 b
1 2 4 8 10 20 40 80 120 122 b
1 2 4 8 12 13 24 37 61 122 a
1 2 4 8 12 13 24 48 61 122 a
1 2 4 8 12 20 21 40 61 122 a
1 2 4 8 12 20 21 41 61 122 b
1 2 4 8 12 20 40 41 61 122 b
1 2 4 8 12 20 40 41 81 122 b
1 2 4 8 12 20 40 41 82 122 b
1 2 4 8 12 20 40 42 80 122 a
1 2 4 8 12 20 40 42 82 122 b
1 2 4 8 12 20 40 60 61 122 b
1 2 4 8 12 20 40 60 62 122 b
1 2 4 8 12 20 40 60 120 122 b
1 2 4 8 12 20 40 80 82 122 b
1 2 4 8 12 20 40 80 120 122 b
1 2 4 8 12 24 25 36 61 122 a
1 2 4 8 12 24 25 37 61 122 b
1 2 4 8 12 24 25 49 61 122 b
1 2 4 8 12 24 25 49 73 122 b
1 2 4 8 12 24 25 49 98 122 b
1 2 4 8 12 24 26 48 74 122 a
1 2 4 8 12 24 26 48 96 122 a
1 2 4 8 12 24 36 37 61 122 b
1 2 4 8 12 24 36 60 61 122 b
1 2 4 8 12 24 36 60 62 122 b
1 2 4 8 12 24 36 60 120 122 b
1 2 4 8 12 24 48 49 61 122 b
1 2 4 8 12 24 48 49 73 122 b
1 2 4 8 12 24 48 49 98 122 b
1 2 4 8 12 24 48 50 72 122 a
1 2 4 8 12 24 48 50 74 122 b
1 2 4 8 12 24 48 50 98 122 b
1 2 4 8 12 24 48 60 61 122 b
1 2 4 8 12 24 48 60 62 122 b
1 2 4 8 12 24 48 60 120 122 b
1 2 4 8 12 24 48 72 74 122 b
1 2 4 8 12 24 48 72 120 122 b
1 2 4 8 12 24 48 96 98 122 b
1 2 4 8 12 24 48 96 120 122 b
1 2 4 8 16 18 26 52 70 122 b
1 2 4 8 16 18 26 52 104 122 b
1 2 4 8 16 18 34 52 70 122 b
1 2 4 8 16 18 34 52 104 122 b
1 2 4 8 16 18 36 52 70 122 b
1 2 4 8 16 18 36 52 104 122 b
1 2 4 8 16 20 21 40 61 122 a
1 2 4 8 16 20 21 41 61 122 b
1 2 4 8 16 20 40 41 61 122 b
1 2 4 8 16 20 40 41 81 122 b
1 2 4 8 16 20 40 41 82 122 b
1 2 4 8 16 20 40 42 80 122 a
1 2 4 8 16 20 40 42 82 122 b
1 2 4 8 16 20 40 60 61 122 b
1 2 4 8 16 20 40 60 62 122 b
1 2 4 8 16 20 40 60 120 122 b
1 2 4 8 16 20 40 80 82 122 b
1 2 4 8 16 20 40 80 120 122 b
1 2 4 8 16 24 25 49 73 122 b
1 2 4 8 16 24 25 49 98 122 b
1 2 4 8 16 24 26 48 74 122 a
1 2 4 8 16 24 26 48 96 122 a
1 2 4 8 16 24 40 41 81 122 b
1 2 4 8 16 24 40 41 82 122 b
1 2 4 8 16 24 40 42 80 122 a
1 2 4 8 16 24 40 42 82 122 b
1 2 4 8 16 24 40 80 82 122 b
1 2 4 8 16 24 40 80 120 122 b
1 2 4 8 16 24 48 49 73 122 b
1 2 4 8 16 24 48 49 98 122 b
1 2 4 8 16 24 48 50 72 122 a
1 2 4 8 16 24 48 50 74 122 b
1 2 4 8 16 24 48 50 98 122 b
1 2 4 8 16 24 48 72 74 122 b
1 2 4 8 16 24 48 72 120 122 b
1 2 4 8 16 24 48 96 98 122 b
1 2 4 8 16 24 48 96 120 122 b
1 2 4 8 16 32 40 41 81 122 b
1 2 4 8 16 32 40 41 82 122 b
1 2 4 8 16 32 40 42 80 122 a
1 2 4 8 16 32 40 42 82 122 b
1 2 4 8 16 32 40 80 82 122 b
1 2 4 8 16 32 40 80 120 122 b
