1 2 3 5 8 16 21 37 74 148 b
1 2 3 5 8 16 32 37 74 148 b
1 2 3 6 9 18 19 37 74 148 b
1 2 3 6 9 18 36 37 74 148 b
1 2 3 6 9 18 36 38 74 148 b
1 2 3 6 9 18 36 72 74 148 b
1 2 3 6 12 13 24 37 74 148 a
1 2 3 6 12 13 25 37 74 148 b
1 2 3 6 12 18 19 37 74 148 b
1 2 3 6 12 18 36 37 74 148 b
1 2 3 6 12 18 36 38 74 148 b
1 2 3 6 12 18 36 72 74 148 b
1 2 3 6 12 24 25 37 74 148 b
1 2 3 6 12 24 25 49 74 148 b
1 2 3 6 12 24 25 50 74 148 b
1 2 3 6 12 24 26 48 74 148 a
1 2 3 6 12 24 26 50 74 148 b
1 2 3 6 12 24 36 37 74 148 b
1 2 3 6 12 24 36 38 74 148 b
1 2 3 6 12 24 36 72 74 148 b
1 2 3 6 12 24 48 50 74 148 b
1 2 3 6 12 24 48 50 98 148 b
1 2 3 6 12 24 48 50 100 148 b
1 2 3 6 12 24 48 72 74 148 b
1 2 4 5 8 16 21 37 74 148 a
1 2 4 5 8 16 32 37 74 148 a
1 2 4 5 9 14 23 37 74 148 b
1 2 4 5 9 14 28 37 74 148 b
1 2 4 5 9 18 19 37 74 148 b
1 2 4 5 9 18 36 37 74 148 b
1 2 4 5 9 18 36 38 74 148 b
1 2 4 5 9 18 36 72 74 148 b
1 2 4 5 9 18 36 72 76 148 b
1 2 4 5 9 18 36 72 144 148 b
1 2 4 6 10 16 32 42 74 148 b
1 2 4 6 10 16 32 64 74 148 b
1 2 4 6 12 13 24 37 74 148 a
1 2 4 6 12 13 25 37 74 148 b
1 2 4 6 12 18 19 37 74 148 b
1 2 4 6 12 18 36 37 74 148 b
1 2 4 6 12 18 36 38 74 148 b
1 2 4 6 12 18 36 72 74 148 b
1 2 4 6 12 18 36 72 76 148 b
1 2 4 6 12 18 36 72 144 148 b
1 2 4 6 12 24 25 37 74 148 b
1 2 4 6 12 24 25 49 74 148 b
1 2 4 6 12 24 25 50 74 148 b
1 2 4 6 12 24 26 48 74 148 a
1 2 4 6 12 24 26 50 74 148 b
1 2 4 6 12 24 36 37 74 148 b
1 2 4 6 12 24 36 38 74 148 b
1 2 4 6 12 24 36 72 74 148 b
1 2 4 6 12 24 36 72 76 148 b
1 2 4 6 12 24 36 72 144 148 b
1 2 4 6 12 24 48 50 74 148 b
1 2 4 6 12 24 48 50 98 148 b
1 2 4 6 12 24 48 50 100 148 b
1 2 4 6 12 24 48 52 96 148 a
1 2 4 6 12 24 48 52 100 148 b
1 2 4 6 12 24 48 72 74 148 b
1 2 4 6 12 24 48 72 76 148 b
1 2 4 6 12 24 48 72 144 148 b
1 2 4 6 12 24 48 96 100 148 b
1 2 4 6 12 24 48 96 144 148 b
1 2 4 8 9 18 19 37 74 148 b
1 2 4 8 9 18 36 37 74 148 b
1 2 4 8 9 18 36 38 74 148 b
1 2 4 8 9 18 36 72 74 148 b
1 2 4 8 9 18 36 72 76 148 b
1 2 4 8 9 18 36 72 144 148 b
1 2 4 8 10 16 32 42 74 148 a
1 2 4 8 10 16 32 64 74 148 a
1 2 4 8 10 18 19 37 74 148 b
1 2 4 8 10 18 28 46 74 148 b
1 2 4 8 10 18 28 56 74 148 b
1 2 4 8 10 18 36 37 74 148 b
1 2 4 8 10 18 36 38 74 148 b
1 2 4 8 10 18 36 72 74 148 b
1 2 4 8 10 18 36 72 76 148 b
1 2 4 8 10 18 36 72 144 148 b
1 2 4 8 12 13 24 37 74 148 a
1 2 4 8 12 13 25 37 74 148 b
1 2 4 8 12 20 32 64 84 148 b
1 2 4 8 12 20 32 64 128 148 b
1 2 4 8 12 24 25 37 74 148 b
1 2 4 8 12 24 25 49 74 148 b
1 2 4 8 12 24 25 50 74 148 b
1 2 4 8 12 24 26 48 74 148 a
1 2 4 8 12 24 26 50 74 148 b
1 2 4 8 12 24 36 37 74 148 b
1 2 4 8 12 24 36 38 74 148 b
1 2 4 8 12 24 36 72 74 148 b
1 2 4 8 12 24 36 72 76 148 b
1 2 4 8 12 24 36 72 144 148 b
1 2 4 8 12 24 48 50 74 148 b
1 2 4 8 12 24 48 50 98 148 b
1 2 4 8 12 24 48 50 100 148 b
1 2 4 8 12 24 48 52 96 148 a
1 2 4 8 12 24 48 52 100 148 b
1 2 4 8 12 24 48 72 74 148 b
1 2 4 8 12 24 48 72 76 148 b
1 2 4 8 12 24 48 72 144 148 b
1 2 4 8 12 24 48 96 100 148 b
1 2 4 8 12 24 48 96 144 148 b
1 2 4 8 16 17 20 37 74 148 a
1 2 4 8 16 17 21 37 74 148 b
1 2 4 8 16 17 33 37 74 148 b
1 2 4 8 16 17 33 41 74 148 b
1 2 4 8 16 17 33 66 74 148 b
1 2 4 8 16 17 33 66 82 148 b
1 2 4 8 16 17 33 66 132 148 b
1 2 4 8 16 18 19 37 74 148 b
1 2 4 8 16 18 36 37 74 148 b
1 2 4 8 16 18 36 38 74 148 b
1 2 4 8 16 18 36 72 74 148 b
1 2 4 8 16 18 36 72 76 148 b
1 2 4 8 16 18 36 72 144 148 b
1 2 4 8 16 20 21 37 74 148 b
1 2 4 8 16 20 32 64 84 148 a
1 2 4 8 16 20 32 64 128 148 a
1 2 4 8 16 20 36 37 74 148 b
1 2 4 8 16 20 36 38 74 148 b
1 2 4 8 16 20 36 56 92 148 b
1 2 4 8 16 20 36 56 112 148 b
1 2 4 8 16 20 36 72 74 148 b
1 2 4 8 16 20 36 72 76 148 b
1 2 4 8 16 20 36 72 144 148 b
1 2 4 8 16 24 25 49 74 148 b
1 2 4 8 16 24 25 50 74 148 b
1 2 4 8 16 24 26 48 74 148 a
1 2 4 8 16 24 26 50 74 148 b
1 2 4 8 16 24 48 50 74 148 b
1 2 4 8 16 24 48 50 98 148 b
1 2 4 8 16 24 48 50 100 148 b
1 2 4 8 16 24 48 52 96 148 a
1 2 4 8 16 24 48 52 100 148 b
1 2 4 8 16 24 48 72 74 148 b
1 2 4 8 16 24 48 72 76 148 b
1 2 4 8 16 24 48 72 144 148 b
1 2 4 8 16 24 48 96 100 148 b
1 2 4 8 16 24 48 96 144 148 b
1 2 4 8 16 32 33 37 74 148 b
1 2 4 8 16 32 33 41 74 148 b
1 2 4 8 16 32 33 66 74 148 b
1 2 4 8 16 32 33 66 82 148 b
1 2 4 8 16 32 33 66 132 148 b
1 2 4 8 16 32 34 40 74 148 a
1 2 4 8 16 32 34 42 74 148 b
1 2 4 8 16 32 34 66 74 148 b
1 2 4 8 16 32 34 66 82 148 b
1 2 4 8 16 32 34 66 132 148 b
1 2 4 8 16 32 36 37 74 148 b
1 2 4 8 16 32 36 38 74 148 b
1 2 4 8 16 32 36 72 74 148 b
1 2 4 8 16 32 36 72 76 148 b
1 2 4 8 16 32 36 72 144 148 b
1 2 4 8 16 32 40 42 74 148 b
1 2 4 8 16 32 40 72 74 148 b
1 2 4 8 16 32 40 72 76 148 b
1 2 4 8 16 32 40 72 144 148 b
1 2 4 8 16 32 48 50 98 148 b
1 2 4 8 16 32 48 50 100 148 b
1 2 4 8 16 32 48 52 96 148 a
1 2 4 8 16 32 48 52 100 148 b
1 2 4 8 16 32 48 96 100 148 b
1 2 4 8 16 32 48 96 144 148 b
1 2 4 8 16 32 64 66 74 148 b
1 2 4 8 16 32 64 66 82 148 b
1 2 4 8 16 32 64 66 132 148 b
1 2 4 8 16 32 64 68 80 148 a
1 2 4 8 16 32 64 68 84 148 b
1 2 4 8 16 32 64 68 132 148 b
1 2 4 8 16 32 64 72 74 148 b
1 2 4 8 16 32 64 72 76 148 b
1 2 4 8 16 32 64 72 144 148 b
1 2 4 8 16 32 64 80 84 148 b
1 2 4 8 16 32 64 80 144 148 b
1 2 4 8 16 32 64 128 132 148 b
1 2 4 8 16 32 64 128 144 148 b
