1 2 3 4 7 11 22 44 88 95 183 b
1 2 3 4 7 11 22 44 88 176 183 b
1 2 3 5 7 14 28 33 61 122 183 b
1 2 3 5 7 14 28 56 61 122 183 b
1 2 3 5 10 15 30 31 61 122 183 b
1 2 3 5 10 15 30 45 90 93 183 b
1 2 3 5 10 15 30 45 90 180 183 b
1 2 3 5 10 15 30 60 61 122 183 b
1 2 3 5 10 15 30 60 63 120 183 a
1 2 3 5 10 15 30 60 63 123 183 b
1 2 3 5 10 15 30 60 90 93 183 b
1 2 3 5 10 15 30 60 90 180 183 b
1 2 3 5 10 15 30 60 120 123 183 b
1 2 3 5 10 15 30 60 120 180 183 b
1 2 3 5 10 20 21 40 61 122 183 a
1 2 3 5 10 20 21 41 61 122 183 b
1 2 3 5 10 20 23 40 80 103 183 a
1 2 3 5 10 20 23 40 80 160 183 a
1 2 3 5 10 20 25 45 90 93 183 b
1 2 3 5 10 20 25 45 90 180 183 b
1 2 3 5 10 20 30 31 61 122 183 b
1 2 3 5 10 20 30 60 61 122 183 b
1 2 3 5 10 20 30 60 63 120 183 a
1 2 3 5 10 20 30 60 63 123 183 b
1 2 3 5 10 20 30 60 90 93 183 b
1 2 3 5 10 20 30 60 90 180 183 b
1 2 3 5 10 20 30 60 120 123 183 b
1 2 3 5 10 20 30 60 120 180 183 b
1 2 3 5 10 20 40 41 61 122 183 b
1 2 3 5 10 20 40 45 90 93 183 b
1 2 3 5 10 20 40 45 90 180 183 b
1 2 3 5 10 20 40 50 90 93 183 b
1 2 3 5 10 20 40 50 90 180 183 b
1 2 3 5 10 20 40 60 61 122 183 b
1 2 3 5 10 20 40 60 63 120 183 a
1 2 3 5 10 20 40 60 63 123 183 b
1 2 3 5 10 20 40 60 120 123 183 b
1 2 3 5 10 20 40 60 120 180 183 b
1 2 3 5 10 20 40 80 83 100 183 a
1 2 3 5 10 20 40 80 83 103 183 b
1 2 3 5 10 20 40 80 83 163 183 b
1 2 3 5 10 20 40 80 90 93 183 b
1 2 3 5 10 20 40 80 90 180 183 b
1 2 3 5 10 20 40 80 100 103 183 b
1 2 3 5 10 20 40 80 100 180 183 b
1 2 3 5 10 20 40 80 160 163 183 b
1 2 3 5 10 20 40 80 160 180 183 b
1 2 3 6 9 15 21 42 84 99 183 b
1 2 3 6 9 15 21 42 84 168 183 b
1 2 3 6 9 15 30 31 61 122 183 b
1 2 3 6 9 15 30 45 90 93 183 b
1 2 3 6 9 15 30 45 90 180 183 b
1 2 3 6 9 15 30 60 61 122 183 b
1 2 3 6 9 15 30 60 63 120 183 a
1 2 3 6 9 15 30 60 63 123 183 b
1 2 3 6 9 15 30 60 90 93 183 b
1 2 3 6 9 15 30 60 90 180 183 b
1 2 3 6 9 15 30 60 120 123 183 b
1 2 3 6 9 15 30 60 120 180 183 b
1 2 3 6 9 18 27 45 90 93 183 b
1 2 3 6 9 18 27 45 90 180 183 b
1 2 3 6 9 18 36 37 73 110 183 b
1 2 3 6 9 18 36 37 73 146 183 b
1 2 3 6 9 18 36 39 72 111 183 a
1 2 3 6 9 18 36 39 72 144 183 a
1 2 3 6 9 18 36 45 90 93 183 b
1 2 3 6 9 18 36 45 90 180 183 b
1 2 3 6 9 18 36 54 90 93 183 b
1 2 3 6 9 18 36 54 90 180 183 b
1 2 3 6 9 18 36 72 75 108 183 a
1 2 3 6 9 18 36 72 75 111 183 b
1 2 3 6 9 18 36 72 75 147 183 b
1 2 3 6 9 18 36 72 90 93 183 b
1 2 3 6 9 18 36 72 90 180 183 b
1 2 3 6 9 18 36 72 108 111 183 b
1 2 3 6 9 18 36 72 108 180 183 b
1 2 3 6 9 18 36 72 144 147 183 b
1 2 3 6 9 18 36 72 144 180 183 b
1 2 3 6 12 13 24 37 61 122 183 a
1 2 3 6 12 13 24 48 61 122 183 a
1 2 3 6 12 15 21 42 84 99 183 b
1 2 3 6 12 15 21 42 84 168 183 b
1 2 3 6 12 15 27 39 78 105 183 b
1 2 3 6 12 15 27 39 78 156 183 b
1 2 3 6 12 15 27 42 84 99 183 b
1 2 3 6 12 15 27 42 84 168 183 b
1 2 3 6 12 15 30 31 61 122 183 b
1 2 3 6 12 15 30 42 84 99 183 b
1 2 3 6 12 15 30 42 84 168 183 b
1 2 3 6 12 15 30 45 90 93 183 b
1 2 3 6 12 15 30 45 90 180 183 b
1 2 3 6 12 15 30 60 61 122 183 b
1 2 3 6 12 15 30 60 63 120 183 a
1 2 3 6 12 15 30 60 63 123 183 b
1 2 3 6 12 15 30 60 90 93 183 b
1 2 3 6 12 15 30 60 90 180 183 b
1 2 3 6 12 15 30 60 120 123 183 b
1 2 3 6 12 15 30 60 120 180 183 b
1 2 3 6 12 18 30 31 61 122 183 b
1 2 3 6 12 18 30 60 61 122 183 b
1 2 3 6 12 18 30 60 63 120 183 a
1 2 3 6 12 18 30 60 63 123 183 b
1 2 3 6 12 18 30 60 90 93 183 b
1 2 3 6 12 18 30 60 90 180 183 b
1 2 3 6 12 18 30 60 120 123 183 b
1 2 3 6 12 18 30 60 120 180 183 b
1 2 3 6 12 18 36 37 73 110 183 b
1 2 3 6 12 18 36 37 73 146 183 b
1 2 3 6 12 18 36 39 72 111 183 a
1 2 3 6 12 18 36 39 72 144 183 a
1 2 3 6 12 18 36 54 90 93 183 b
1 2 3 6 12 18 36 54 90 180 183 b
1 2 3 6 12 18 36 72 75 108 183 a
1 2 3 6 12 18 36 72 75 111 183 b
1 2 3 6 12 18 36 72 75 147 183 b
1 2 3 6 12 18 36 72 90 93 183 b
1 2 3 6 12 18 36 72 90 180 183 b
1 2 3 6 12 18 36 72 108 111 183 b
1 2 3 6 12 18 36 72 108 180 183 b
1 2 3 6 12 18 36 72 144 147 183 b
1 2 3 6 12 18 36 72 144 180 183 b
1 2 3 6 12 24 25 36 61 122 183 a
1 2 3 6 12 24 25 37 61 122 183 b
1 2 3 6 12 24 25 49 61 122 183 b
1 2 3 6 12 24 27 39 78 105 183 b
1 2 3 6 12 24 27 39 78 156 183 b
1 2 3 6 12 24 27 51 78 105 183 b
1 2 3 6 12 24 27 51 78 156 183 b
1 2 3 6 12 24 27 54 78 105 183 b
1 2 3 6 12 24 27 54 78 156 183 b
1 2 3 6 12 24 30 31 61 122 183 b
1 2 3 6 12 24 30 60 61 122 183 b
1 2 3 6 12 24 30 60 63 120 183 a
1 2 3 6 12 24 30 60 63 123 183 b
1 2 3 6 12 24 30 60 90 93 183 b
1 2 3 6 12 24 30 60 90 180 183 b
1 2 3 6 12 24 30 60 120 123 183 b
1 2 3 6 12 24 30 60 120 180 183 b
1 2 3 6 12 24 36 37 61 122 183 b
1 2 3 6 12 24 36 37 73 110 183 b
1 2 3 6 12 24 36 37 73 146 183 b
1 2 3 6 12 24 36 39 72 111 183 a
1 2 3 6 12 24 36 39 72 144 183 a
1 2 3 6 12 24 36 60 61 122 183 b
1 2 3 6 12 24 36 60 63 120 183 a
1 2 3 6 12 24 36 60 63 123 183 b
1 2 3 6 12 24 36 60 120 123 183 b
1 2 3 6 12 24 36 60 120 180 183 b
1 2 3 6 12 24 36 72 75 108 183 a
1 2 3 6 12 24 36 72 75 111 183 b
1 2 3 6 12 24 36 72 75 147 183 b
1 2 3 6 12 24 36 72 108 111 183 b
1 2 3 6 12 24 36 72 108 180 183 b
1 2 3 6 12 24 36 72 144 147 183 b
1 2 3 6 12 24 36 72 144 180 183 b
1 2 3 6 12 24 48 49 61 122 183 b
1 2 3 6 12 24 48 60 61 122 183 b
1 2 3 6 12 24 48 60 63 120 183 a
1 2 3 6 12 24 48 60 63 123 183 b
1 2 3 6 12 24 48 60 120 123 183 b
1 2 3 6 12 24 48 60 120 180 183 b
1 2 4 5 7 11 22 44 88 95 183 b
1 2 4 5 7 11 22 44 88 176 183 b
1 2 4 5 7 14 28 33 61 122 183 b
1 2 4 5 7 14 28 56 61 122 183 b
1 2 4 5 9 13 26 35 61 122 183 b
1 2 4 5 9 13 26 52 61 122 183 b
1 2 4 5 9 14 28 33 61 122 183 b
1 2 4 5 9 14 28 56 61 122 183 b
1 2 4 5 9 18 36 37 73 110 183 b
1 2 4 5 9 18 36 37 73 146 183 b
1 2 4 5 10 14 28 33 61 122 183 b
1 2 4 5 10 14 28 56 61 122 183 b
1 2 4 5 10 15 30 31 61 122 183 b
1 2 4 5 10 15 30 60 61 122 183 b
1 2 4 5 10 20 21 40 61 122 183 a
1 2 4 5 10 20 21 41 61 122 183 b
1 2 4 5 10 20 30 31 61 122 183 b
1 2 4 5 10 20 30 60 61 122 183 b
1 2 4 5 10 20 40 41 61 122 183 b
1 2 4 5 10 20 40 60 61 122 183 b
1 2 4 6 7 11 22 44 88 95 183 b
1 2 4 6 7 11 22 44 88 176 183 b
1 2 4 6 10 20 21 40 61 122 183 a
1 2 4 6 10 20 21 41 61 122 183 b
1 2 4 6 10 20 30 31 61 122 183 b
1 2 4 6 10 20 30 60 61 122 183 b
1 2 4 6 10 20 40 41 61 122 183 b
1 2 4 6 10 20 40 60 61 122 183 b
1 2 4 6 12 13 24 37 61 122 183 a
1 2 4 6 12 13 24 48 61 122 183 a
1 2 4 6 12 18 30 31 61 122 183 b
1 2 4 6 12 18 30 60 61 122 183 b
1 2 4 6 12 18 36 37 73 110 183 b
1 2 4 6 12 18 36 37 73 146 183 b
1 2 4 6 12 24 25 36 61 122 183 a
1 2 4 6 12 24 25 37 61 122 183 b
1 2 4 6 12 24 25 49 61 122 183 b
1 2 4 6 12 24 30 31 61 122 183 b
1 2 4 6 12 24 30 60 61 122 183 b
1 2 4 6 12 24 36 37 61 122 183 b
1 2 4 6 12 24 36 37 73 110 183 b
1 2 4 6 12 24 36 37 73 146 183 b
1 2 4 6 12 24 36 60 61 122 183 b
1 2 4 6 12 24 48 49 61 122 183 b
1 2 4 6 12 24 48 60 61 122 183 b
1 2 4 8 9 13 26 35 61 122 183 b
1 2 4 8 9 13 26 52 61 122 183 b
1 2 4 8 9 17 26 35 61 122 183 b
1 2 4 8 9 17 26 52 61 122 183 b
1 2 4 8 9 18 26 35 61 122 183 b
1 2 4 8 9 18 26 52 61 122 183 b
1 2 4 8 9 18 36 37 73 110 183 b
1 2 4 8 9 18 36 37 73 146 183 b
1 2 4 8 10 18 36 37 73 110 183 b
1 2 4 8 10 18 36 37 73 146 183 b
1 2 4 8 10 20 21 40 61 122 183 a
1 2 4 8 10 20 21 41 61 122 183 b
1 2 4 8 10 20 30 31 61 122 183 b
1 2 4 8 10 20 30 60 61 122 183 b
1 2 4 8 10 20 40 41 61 122 183 b
1 2 4 8 10 20 40 60 61 122 183 b
1 2 4 8 12 13 24 37 61 122 183 a
1 2 4 8 12 13 24 48 61 122 183 a
1 2 4 8 12 20 21 40 61 122 183 a
1 2 4 8 12 20 21 41 61 122 183 b
1 2 4 8 12 20 40 41 61 122 183 b
1 2 4 8 12 20 40 60 61 122 183 b
1 2 4 8 12 24 25 36 61 122 183 a
1 2 4 8 12 24 25 37 61 122 183 b
1 2 4 8 12 24 25 49 61 122 183 b
1 2 4 8 12 24 36 37 61 122 183 b
1 2 4 8 12 24 36 37 73 110 183 b
1 2 4 8 12 24 36 37 73 146 183 b
1 2 4 8 12 24 36 60 61 122 183 b
1 2 4 8 12 24 48 49 61 122 183 b
1 2 4 8 12 24 48 60 61 122 183 b
1 2 4 8 16 17 33 50 83 100 183 b
1 2 4 8 16 17 33 50 83 133 183 b
1 2 4 8 16 17 33 50 83 166 183 b
1 2 4 8 16 17 33 50 100 133 183 b
1 2 4 8 16 17 33 50 100 150 183 b
1 2 4 8 16 17 33 66 83 100 183 b
1 2 4 8 16 17 33 66 83 166 183 b
1 2 4 8 16 18 36 37 73 110 183 b
1 2 4 8 16 18 36 37 73 146 183 b
1 2 4 8 16 20 21 40 61 122 183 a
1 2 4 8 16 20 21 41 61 122 183 b
1 2 4 8 16 20 36 37 73 110 183 b
1 2 4 8 16 20 36 37 73 146 183 b
1 2 4 8 16 20 40 41 61 122 183 b
1 2 4 8 16 20 40 60 61 122 183 b
1 2 4 8 16 32 36 37 73 110 183 b
1 2 4 8 16 32 36 37 73 146 183 b
