1 2 3 4 7 11 22 44 88 99 187 b
1 2 3 4 7 11 22 44 88 176 187 b
1 2 3 4 8 11 22 44 88 99 187 b
1 2 3 4 8 11 22 44 88 176 187 b
1 2 3 5 6 11 22 44 88 99 187 b
1 2 3 5 6 11 22 44 88 176 187 b
1 2 3 5 8 11 22 44 88 99 187 b
1 2 3 5 8 11 22 44 88 176 187 b
1 2 3 5 10 11 22 44 88 99 187 b
1 2 3 5 10 11 22 44 88 176 187 b
1 2 3 5 10 13 23 46 92 95 187 b
1 2 3 5 10 13 23 46 92 184 187 b
1 2 3 5 10 20 23 46 92 95 187 b
1 2 3 5 10 20 23 46 92 184 187 b
1 2 3 6 8 11 22 44 88 99 187 b
1 2 3 6 8 11 22 44 88 176 187 b
1 2 3 6 9 11 22 44 88 99 187 b
1 2 3 6 9 11 22 44 88 176 187 b
1 2 4 5 6 11 22 44 88 99 187 b
1 2 4 5 6 11 22 44 88 176 187 b
1 2 4 5 7 11 22 44 88 99 187 b
1 2 4 5 7 11 22 44 88 176 187 b
1 2 4 5 9 11 22 44 88 99 187 b
1 2 4 5 9 11 22 44 88 176 187 b
1 2 4 5 9 18 23 41 82 105 187 b
1 2 4 5 9 18 23 41 82 164 187 b
1 2 4 5 10 11 22 44 88 99 187 b
1 2 4 5 10 11 22 44 88 176 187 b
1 2 4 6 7 11 22 44 88 99 187 b
1 2 4 6 7 11 22 44 88 176 187 b
1 2 4 6 10 11 22 44 88 99 187 b
1 2 4 6 10 11 22 44 88 176 187 b
1 2 4 8 9 11 22 44 88 99 187 b
1 2 4 8 9 11 22 44 88 176 187 b
1 2 4 8 9 16 32 41 73 114 187 a
1 2 4 8 9 16 32 41 73 146 187 a
1 2 4 8 9 17 34 51 68 119 187 b
1 2 4 8 9 17 34 51 68 136 187 b
1 2 4 8 9 17 34 51 85 102 187 b
1 2 4 8 9 17 34 51 85 136 187 b
1 2 4 8 9 17 34 51 85 170 187 b
1 2 4 8 9 17 34 51 102 136 187 b
1 2 4 8 9 17 34 51 102 153 187 b
1 2 4 8 9 17 34 68 85 102 187 b
1 2 4 8 9 17 34 68 85 119 187 b
1 2 4 8 9 17 34 68 85 153 187 b
1 2 4 8 9 17 34 68 85 170 187 b
1 2 4 8 9 17 34 68 102 119 187 b
1 2 4 8 9 17 34 68 102 170 187 b
1 2 4 8 9 17 34 68 136 153 187 b
1 2 4 8 9 17 34 68 136 170 187 b
1 2 4 8 10 11 22 44 88 99 187 b
1 2 4 8 10 11 22 44 88 176 187 b
1 2 4 8 16 17 34 51 68 119 187 b
1 2 4 8 16 17 34 51 68 136 187 b
1 2 4 8 16 17 34 51 85 102 187 b
1 2 4 8 16 17 34 51 85 136 187 b
1 2 4 8 16 17 34 51 85 170 187 b
1 2 4 8 16 17 34 51 102 136 187 b
1 2 4 8 16 17 34 51 102 153 187 b
1 2 4 8 16 17 34 68 85 102 187 b
1 2 4 8 16 17 34 68 85 119 187 b
1 2 4 8 16 17 34 68 85 153 187 b
1 2 4 8 16 17 34 68 85 170 187 b
1 2 4 8 16 17 34 68 102 119 187 b
1 2 4 8 16 17 34 68 102 170 187 b
1 2 4 8 16 17 34 68 136 153 187 b
1 2 4 8 16 17 34 68 136 170 187 b
1 2 4 8 16 32 33 41 73 114 187 b
1 2 4 8 16 32 33 41 73 146 187 b
1 2 4 8 16 32 40 41 73 114 187 b
1 2 4 8 16 32 40 41 73 146 187 b
