1 2 3 5 10 20 40 45 85 170 b
1 2 3 5 10 20 40 80 85 170 b
1 2 3 5 10 20 40 80 90 170 b
1 2 3 5 10 20 40 80 160 170 b
1 2 4 5 10 20 40 45 85 170 b
1 2 4 5 10 20 40 80 85 170 b
1 2 4 5 10 20 40 80 90 170 b
1 2 4 5 10 20 40 80 160 170 b
1 2 4 6 10 20 40 80 90 170 b
1 2 4 6 10 20 40 80 160 170 b
1 2 4 8 9 17 34 51 85 170 b
1 2 4 8 9 17 34 68 85 170 b
1 2 4 8 9 17 34 68 102 170 b
1 2 4 8 9 17 34 68 136 170 b
1 2 4 8 10 20 40 80 90 170 b
1 2 4 8 10 20 40 80 160 170 b
1 2 4 8 16 17 34 51 85 170 b
1 2 4 8 16 17 34 68 85 170 b
1 2 4 8 16 17 34 68 102 170 b
1 2 4 8 16 17 34 68 136 170 b
1 2 4 8 16 18 34 68 102 170 b
1 2 4 8 16 18 34 68 136 170 b
1 2 4 8 16 32 34 68 102 170 b
1 2 4 8 16 32 34 68 136 170 b
