1 2 3 4 7 11 18 36 72 83 155 b
1 2 3 4 7 11 18 36 72 144 155 b
1 2 3 4 7 14 17 31 62 93 155 b
1 2 3 4 7 14 17 31 62 124 155 b
1 2 3 4 7 14 28 31 62 93 155 b
1 2 3 4 7 14 28 31 62 124 155 b
1 2 3 4 8 11 19 38 76 79 155 b
1 2 3 4 8 11 19 38 76 152 155 b
1 2 3 4 8 16 19 38 76 79 155 b
1 2 3 4 8 16 19 38 76 152 155 b
1 2 3 5 7 12 19 31 62 93 155 b
1 2 3 5 7 12 19 31 62 124 155 b
1 2 3 5 7 12 19 38 76 79 155 b
1 2 3 5 7 12 19 38 76 152 155 b
1 2 3 5 7 12 24 31 62 93 155 b
1 2 3 5 7 12 24 31 62 124 155 b
1 2 3 5 7 14 17 31 62 93 155 b
1 2 3 5 7 14 17 31 62 124 155 b
1 2 3 5 7 14 19 38 76 79 155 b
1 2 3 5 7 14 19 38 76 152 155 b
1 2 3 5 7 14 28 31 62 93 155 b
1 2 3 5 7 14 28 31 62 124 155 b
1 2 3 5 7 14 28 33 61 94 155 b
1 2 3 5 7 14 28 33 61 122 155 b
1 2 3 5 8 11 19 38 76 79 155 b
1 2 3 5 8 11 19 38 76 152 155 b
1 2 3 5 8 13 18 31 62 93 155 b
1 2 3 5 8 13 18 31 62 124 155 b
1 2 3 5 8 13 26 31 62 93 155 b
1 2 3 5 8 13 26 31 62 124 155 b
1 2 3 5 8 16 19 38 76 79 155 b
1 2 3 5 8 16 19 38 76 152 155 b
1 2 3 5 10 11 20 31 62 93 155 a
1 2 3 5 10 11 20 31 62 124 155 a
1 2 3 5 10 11 21 31 62 93 155 b
1 2 3 5 10 11 21 31 62 124 155 b
1 2 3 5 10 13 18 31 62 93 155 b
1 2 3 5 10 13 18 31 62 124 155 b
1 2 3 5 10 13 23 33 66 89 155 b
1 2 3 5 10 13 23 33 66 132 155 b
1 2 3 5 10 13 26 31 62 93 155 b
1 2 3 5 10 13 26 31 62 124 155 b
1 2 3 5 10 15 16 31 62 93 155 b
1 2 3 5 10 15 16 31 62 124 155 b
1 2 3 5 10 15 20 35 70 85 155 b
1 2 3 5 10 15 20 35 70 140 155 b
1 2 3 5 10 15 25 35 60 95 155 b
1 2 3 5 10 15 25 35 60 120 155 b
1 2 3 5 10 15 25 35 70 85 155 b
1 2 3 5 10 15 25 35 70 140 155 b
1 2 3 5 10 15 25 40 65 90 155 b
1 2 3 5 10 15 25 40 65 130 155 b
1 2 3 5 10 15 25 50 55 100 155 a
1 2 3 5 10 15 25 50 55 105 155 b
1 2 3 5 10 15 25 50 65 90 155 b
1 2 3 5 10 15 25 50 65 130 155 b
1 2 3 5 10 15 25 50 75 80 155 b
1 2 3 5 10 15 25 50 75 150 155 b
1 2 3 5 10 15 25 50 100 105 155 b
1 2 3 5 10 15 25 50 100 150 155 b
1 2 3 5 10 15 30 31 62 93 155 b
1 2 3 5 10 15 30 31 62 124 155 b
1 2 3 5 10 15 30 35 60 95 155 a
1 2 3 5 10 15 30 35 60 120 155 a
1 2 3 5 10 15 30 35 70 85 155 b
1 2 3 5 10 15 30 35 70 140 155 b
1 2 3 5 10 15 30 40 70 85 155 b
1 2 3 5 10 15 30 40 70 140 155 b
1 2 3 5 10 15 30 45 55 100 155 b
1 2 3 5 10 15 30 45 55 110 155 b
1 2 3 5 10 15 30 45 75 80 155 b
1 2 3 5 10 15 30 45 75 150 155 b
1 2 3 5 10 15 30 60 65 90 155 a
1 2 3 5 10 15 30 60 65 95 155 b
1 2 3 5 10 15 30 60 65 125 155 b
1 2 3 5 10 15 30 60 70 85 155 b
1 2 3 5 10 15 30 60 70 140 155 b
1 2 3 5 10 15 30 60 75 80 155 b
1 2 3 5 10 15 30 60 75 150 155 b
1 2 3 5 10 15 30 60 90 95 155 b
1 2 3 5 10 15 30 60 90 150 155 b
1 2 3 5 10 15 30 60 120 125 155 b
1 2 3 5 10 15 30 60 120 150 155 b
1 2 3 5 10 20 21 31 62 93 155 b
1 2 3 5 10 20 21 31 62 124 155 b
1 2 3 5 10 20 23 33 66 89 155 b
1 2 3 5 10 20 23 33 66 132 155 b
1 2 3 5 10 20 23 43 66 89 155 b
1 2 3 5 10 20 23 43 66 132 155 b
1 2 3 5 10 20 23 46 66 89 155 b
1 2 3 5 10 20 23 46 66 132 155 b
1 2 3 5 10 20 25 35 60 95 155 b
1 2 3 5 10 20 25 35 60 120 155 b
1 2 3 5 10 20 25 40 65 90 155 a
1 2 3 5 10 20 25 40 65 130 155 a
1 2 3 5 10 20 25 45 55 100 155 b
1 2 3 5 10 20 25 45 55 110 155 b
1 2 3 5 10 20 25 45 65 90 155 b
1 2 3 5 10 20 25 45 65 110 155 b
1 2 3 5 10 20 25 45 65 130 155 b
1 2 3 5 10 20 25 45 90 110 155 b
1 2 3 5 10 20 25 45 90 135 155 b
1 2 3 5 10 20 25 50 55 100 155 a
1 2 3 5 10 20 25 50 55 105 155 b
1 2 3 5 10 20 25 50 75 80 155 b
1 2 3 5 10 20 25 50 75 150 155 b
1 2 3 5 10 20 25 50 100 105 155 b
1 2 3 5 10 20 25 50 100 150 155 b
1 2 3 5 10 20 30 31 62 93 155 b
1 2 3 5 10 20 30 31 62 124 155 b
1 2 3 5 10 20 30 35 60 95 155 a
1 2 3 5 10 20 30 35 60 120 155 a
1 2 3 5 10 20 30 50 55 100 155 a
1 2 3 5 10 20 30 50 55 105 155 b
1 2 3 5 10 20 30 50 100 105 155 b
1 2 3 5 10 20 30 50 100 150 155 b
1 2 3 5 10 20 30 60 65 90 155 a
1 2 3 5 10 20 30 60 65 95 155 b
1 2 3 5 10 20 30 60 65 125 155 b
1 2 3 5 10 20 30 60 90 95 155 b
1 2 3 5 10 20 30 60 90 150 155 b
1 2 3 5 10 20 30 60 120 125 155 b
1 2 3 5 10 20 30 60 120 150 155 b
1 2 3 5 10 20 40 45 55 100 155 b
1 2 3 5 10 20 40 45 55 110 155 b
1 2 3 5 10 20 40 45 65 90 155 a
1 2 3 5 10 20 40 45 65 110 155 b
1 2 3 5 10 20 40 45 90 110 155 b
1 2 3 5 10 20 40 45 90 135 155 b
1 2 3 5 10 20 40 50 55 100 155 a
1 2 3 5 10 20 40 50 55 105 155 b
1 2 3 5 10 20 40 50 100 105 155 b
1 2 3 5 10 20 40 50 100 150 155 b
1 2 3 6 7 12 19 31 62 93 155 a
1 2 3 6 7 12 19 31 62 124 155 a
1 2 3 6 7 12 19 38 76 79 155 a
1 2 3 6 7 12 19 38 76 152 155 a
1 2 3 6 7 12 24 31 62 93 155 a
1 2 3 6 7 12 24 31 62 124 155 a
1 2 3 6 7 13 19 38 76 79 155 b
1 2 3 6 7 13 19 38 76 152 155 b
1 2 3 6 7 14 17 31 62 93 155 b
1 2 3 6 7 14 17 31 62 124 155 b
1 2 3 6 7 14 28 31 62 93 155 b
1 2 3 6 7 14 28 31 62 124 155 b
1 2 3 6 8 11 19 38 76 79 155 b
1 2 3 6 8 11 19 38 76 152 155 b
1 2 3 6 8 14 17 31 62 93 155 b
1 2 3 6 8 14 17 31 62 124 155 b
1 2 3 6 8 14 28 31 62 93 155 b
1 2 3 6 8 14 28 31 62 124 155 b
1 2 3 6 8 16 19 38 76 79 155 b
1 2 3 6 8 16 19 38 76 152 155 b
1 2 3 6 8 16 22 38 76 79 155 b
1 2 3 6 8 16 22 38 76 152 155 b
1 2 3 6 8 16 32 38 76 79 155 b
1 2 3 6 8 16 32 38 76 152 155 b
1 2 3 6 9 10 19 38 76 79 155 b
1 2 3 6 9 10 19 38 76 152 155 b
1 2 3 6 9 11 18 36 72 83 155 a
1 2 3 6 9 11 18 36 72 144 155 a
1 2 3 6 9 11 20 31 62 93 155 b
1 2 3 6 9 11 20 31 62 124 155 b
1 2 3 6 9 11 22 31 62 93 155 b
1 2 3 6 9 11 22 31 62 124 155 b
1 2 3 6 9 15 16 31 62 93 155 b
1 2 3 6 9 15 16 31 62 124 155 b
1 2 3 6 9 15 30 31 62 93 155 b
1 2 3 6 9 15 30 31 62 124 155 b
1 2 3 6 9 18 19 38 76 79 155 b
1 2 3 6 9 18 19 38 76 152 155 b
1 2 3 6 9 18 20 38 76 79 155 b
1 2 3 6 9 18 20 38 76 152 155 b
1 2 3 6 9 18 36 37 73 82 155 b
1 2 3 6 9 18 36 37 73 146 155 b
1 2 3 6 9 18 36 38 76 79 155 b
1 2 3 6 9 18 36 38 76 152 155 b
1 2 3 6 9 18 36 72 73 82 155 b
1 2 3 6 9 18 36 72 73 146 155 b
1 2 3 6 9 18 36 72 74 81 155 a
1 2 3 6 9 18 36 72 74 83 155 b
1 2 3 6 9 18 36 72 74 146 155 b
1 2 3 6 9 18 36 72 81 83 155 b
1 2 3 6 9 18 36 72 81 153 155 b
1 2 3 6 9 18 36 72 144 146 155 b
1 2 3 6 9 18 36 72 144 153 155 b
1 2 3 6 12 13 18 31 62 93 155 a
1 2 3 6 12 13 18 31 62 124 155 a
1 2 3 6 12 13 19 31 62 93 155 b
1 2 3 6 12 13 19 31 62 124 155 b
1 2 3 6 12 13 19 38 76 79 155 b
1 2 3 6 12 13 19 38 76 152 155 b
1 2 3 6 12 13 25 31 62 93 155 b
1 2 3 6 12 13 25 31 62 124 155 b
1 2 3 6 12 13 25 38 76 79 155 b
1 2 3 6 12 13 25 38 76 152 155 b
1 2 3 6 12 13 26 38 76 79 155 b
1 2 3 6 12 13 26 38 76 152 155 b
1 2 3 6 12 14 17 31 62 93 155 b
1 2 3 6 12 14 17 31 62 124 155 b
1 2 3 6 12 14 24 38 76 79 155 a
1 2 3 6 12 14 24 38 76 152 155 a
1 2 3 6 12 14 26 38 76 79 155 b
1 2 3 6 12 14 26 38 76 152 155 b
1 2 3 6 12 14 28 31 62 93 155 b
1 2 3 6 12 14 28 31 62 124 155 b
1 2 3 6 12 15 16 31 62 93 155 b
1 2 3 6 12 15 16 31 62 124 155 b
1 2 3 6 12 15 30 31 62 93 155 b
1 2 3 6 12 15 30 31 62 124 155 b
1 2 3 6 12 18 19 31 62 93 155 b
1 2 3 6 12 18 19 31 62 124 155 b
1 2 3 6 12 18 19 38 76 79 155 b
1 2 3 6 12 18 19 38 76 152 155 b
1 2 3 6 12 18 20 38 76 79 155 b
1 2 3 6 12 18 20 38 76 152 155 b
1 2 3 6 12 18 30 31 62 93 155 b
1 2 3 6 12 18 30 31 62 124 155 b
1 2 3 6 12 18 36 38 76 79 155 b
1 2 3 6 12 18 36 38 76 152 155 b
1 2 3 6 12 24 25 31 62 93 155 b
1 2 3 6 12 24 25 31 62 124 155 b
1 2 3 6 12 24 26 38 76 79 155 b
1 2 3 6 12 24 26 38 76 152 155 b
1 2 3 6 12 24 26 50 76 79 155 b
1 2 3 6 12 24 26 50 76 152 155 b
1 2 3 6 12 24 26 52 76 79 155 b
1 2 3 6 12 24 26 52 76 152 155 b
1 2 3 6 12 24 27 51 52 103 155 b
1 2 3 6 12 24 27 51 52 104 155 b
1 2 3 6 12 24 27 51 53 102 155 a
1 2 3 6 12 24 27 51 53 104 155 b
1 2 3 6 12 24 27 51 102 104 155 b
1 2 3 6 12 24 27 51 102 153 155 b
1 2 3 6 12 24 30 31 62 93 155 b
1 2 3 6 12 24 30 31 62 124 155 b
1 2 3 6 12 24 36 38 76 79 155 b
1 2 3 6 12 24 36 38 76 152 155 b
1 2 3 6 12 24 48 51 52 103 155 b
1 2 3 6 12 24 48 51 52 104 155 b
1 2 3 6 12 24 48 51 53 102 155 a
1 2 3 6 12 24 48 51 53 104 155 b
1 2 3 6 12 24 48 51 102 104 155 b
1 2 3 6 12 24 48 51 102 153 155 b
1 2 4 5 7 11 18 36 72 83 155 b
1 2 4 5 7 11 18 36 72 144 155 b
1 2 4 5 7 12 19 31 62 93 155 b
1 2 4 5 7 12 19 31 62 124 155 b
1 2 4 5 7 12 24 31 62 93 155 b
1 2 4 5 7 12 24 31 62 124 155 b
1 2 4 5 7 14 28 33 61 94 155 b
1 2 4 5 7 14 28 33 61 122 155 b
1 2 4 5 8 13 18 31 62 93 155 a
1 2 4 5 8 13 18 31 62 124 155 a
1 2 4 5 8 13 26 31 62 93 155 a
1 2 4 5 8 13 26 31 62 124 155 a
1 2 4 5 9 11 18 36 72 83 155 a
1 2 4 5 9 11 18 36 72 144 155 a
1 2 4 5 9 11 20 31 62 93 155 b
1 2 4 5 9 11 20 31 62 124 155 b
1 2 4 5 9 11 22 31 62 93 155 b
1 2 4 5 9 11 22 31 62 124 155 b
1 2 4 5 9 13 18 31 62 93 155 b
1 2 4 5 9 13 18 31 62 124 155 b
1 2 4 5 9 13 22 31 62 93 155 b
1 2 4 5 9 13 22 31 62 124 155 b
1 2 4 5 9 13 26 31 62 93 155 b
1 2 4 5 9 13 26 31 62 124 155 b
1 2 4 5 9 14 28 33 61 94 155 b
1 2 4 5 9 14 28 33 61 122 155 b
1 2 4 5 9 18 22 31 62 93 155 b
1 2 4 5 9 18 22 31 62 124 155 b
1 2 4 5 9 18 27 31 62 93 155 b
1 2 4 5 9 18 27 31 62 124 155 b
1 2 4 5 9 18 27 32 64 91 155 b
1 2 4 5 9 18 27 32 64 128 155 b
1 2 4 5 9 18 36 37 73 82 155 b
1 2 4 5 9 18 36 37 73 146 155 b
1 2 4 5 9 18 36 41 77 78 155 b
1 2 4 5 9 18 36 41 77 154 155 b
1 2 4 5 9 18 36 72 73 82 155 b
1 2 4 5 9 18 36 72 73 146 155 b
1 2 4 5 9 18 36 72 74 81 155 a
1 2 4 5 9 18 36 72 74 83 155 b
1 2 4 5 9 18 36 72 74 146 155 b
1 2 4 5 9 18 36 72 77 78 155 b
1 2 4 5 9 18 36 72 77 154 155 b
1 2 4 5 9 18 36 72 81 83 155 b
1 2 4 5 9 18 36 72 81 153 155 b
1 2 4 5 9 18 36 72 144 146 155 b
1 2 4 5 9 18 36 72 144 153 155 b
1 2 4 5 10 11 20 31 62 93 155 a
1 2 4 5 10 11 20 31 62 124 155 a
1 2 4 5 10 11 21 31 62 93 155 b
1 2 4 5 10 11 21 31 62 124 155 b
1 2 4 5 10 14 28 33 61 94 155 b
1 2 4 5 10 14 28 33 61 122 155 b
1 2 4 5 10 15 16 31 62 93 155 b
1 2 4 5 10 15 16 31 62 124 155 b
1 2 4 5 10 15 19 34 68 87 155 b
1 2 4 5 10 15 19 34 68 136 155 b
1 2 4 5 10 15 20 35 70 85 155 b
1 2 4 5 10 15 20 35 70 140 155 b
1 2 4 5 10 15 25 35 60 95 155 b
1 2 4 5 10 15 25 35 60 120 155 b
1 2 4 5 10 15 25 35 70 85 155 b
1 2 4 5 10 15 25 35 70 140 155 b
1 2 4 5 10 15 25 40 65 90 155 b
1 2 4 5 10 15 25 40 65 130 155 b
1 2 4 5 10 15 25 50 55 100 155 a
1 2 4 5 10 15 25 50 55 105 155 b
1 2 4 5 10 15 25 50 65 90 155 b
1 2 4 5 10 15 25 50 65 130 155 b
1 2 4 5 10 15 25 50 75 80 155 b
1 2 4 5 10 15 25 50 75 150 155 b
1 2 4 5 10 15 25 50 100 105 155 b
1 2 4 5 10 15 25 50 100 150 155 b
1 2 4 5 10 15 30 31 62 93 155 b
1 2 4 5 10 15 30 31 62 124 155 b
1 2 4 5 10 15 30 35 60 95 155 a
1 2 4 5 10 15 30 35 60 120 155 a
1 2 4 5 10 15 30 35 70 85 155 b
1 2 4 5 10 15 30 35 70 140 155 b
1 2 4 5 10 15 30 40 70 85 155 b
1 2 4 5 10 15 30 40 70 140 155 b
1 2 4 5 10 15 30 45 55 100 155 b
1 2 4 5 10 15 30 45 55 110 155 b
1 2 4 5 10 15 30 45 75 80 155 b
1 2 4 5 10 15 30 45 75 150 155 b
1 2 4 5 10 15 30 60 65 90 155 a
1 2 4 5 10 15 30 60 65 95 155 b
1 2 4 5 10 15 30 60 65 125 155 b
1 2 4 5 10 15 30 60 70 85 155 b
1 2 4 5 10 15 30 60 70 140 155 b
1 2 4 5 10 15 30 60 75 80 155 b
1 2 4 5 10 15 30 60 75 150 155 b
1 2 4 5 10 15 30 60 90 95 155 b
1 2 4 5 10 15 30 60 90 150 155 b
1 2 4 5 10 15 30 60 120 125 155 b
1 2 4 5 10 15 30 60 120 150 155 b
1 2 4 5 10 20 21 31 62 93 155 b
1 2 4 5 10 20 21 31 62 124 155 b
1 2 4 5 10 20 25 35 60 95 155 b
1 2 4 5 10 20 25 35 60 120 155 b
1 2 4 5 10 20 25 40 65 90 155 a
1 2 4 5 10 20 25 40 65 130 155 a
1 2 4 5 10 20 25 45 55 100 155 b
1 2 4 5 10 20 25 45 55 110 155 b
1 2 4 5 10 20 25 45 65 90 155 b
1 2 4 5 10 20 25 45 65 110 155 b
1 2 4 5 10 20 25 45 65 130 155 b
1 2 4 5 10 20 25 45 90 110 155 b
1 2 4 5 10 20 25 45 90 135 155 b
1 2 4 5 10 20 25 50 55 100 155 a
1 2 4 5 10 20 25 50 55 105 155 b
1 2 4 5 10 20 25 50 75 80 155 b
1 2 4 5 10 20 25 50 75 150 155 b
1 2 4 5 10 20 25 50 100 105 155 b
1 2 4 5 10 20 25 50 100 150 155 b
1 2 4 5 10 20 30 31 62 93 155 b
1 2 4 5 10 20 30 31 62 124 155 b
1 2 4 5 10 20 30 35 60 95 155 a
1 2 4 5 10 20 30 35 60 120 155 a
1 2 4 5 10 20 30 50 55 100 155 a
1 2 4 5 10 20 30 50 55 105 155 b
1 2 4 5 10 20 30 50 100 105 155 b
1 2 4 5 10 20 30 50 100 150 155 b
1 2 4 5 10 20 30 60 65 90 155 a
1 2 4 5 10 20 30 60 65 95 155 b
1 2 4 5 10 20 30 60 65 125 155 b
1 2 4 5 10 20 30 60 90 95 155 b
1 2 4 5 10 20 30 60 90 150 155 b
1 2 4 5 10 20 30 60 120 125 155 b
1 2 4 5 10 20 30 60 120 150 155 b
1 2 4 5 10 20 40 45 55 100 155 b
1 2 4 5 10 20 40 45 55 110 155 b
1 2 4 5 10 20 40 45 65 90 155 a
1 2 4 5 10 20 40 45 65 110 155 b
1 2 4 5 10 20 40 45 90 110 155 b
1 2 4 5 10 20 40 45 90 135 155 b
1 2 4 5 10 20 40 50 55 100 155 a
1 2 4 5 10 20 40 50 55 105 155 b
1 2 4 5 10 20 40 50 100 105 155 b
1 2 4 5 10 20 40 50 100 150 155 b
1 2 4 6 7 11 18 36 72 83 155 b
1 2 4 6 7 11 18 36 72 144 155 b
1 2 4 6 7 12 19 31 62 93 155 a
1 2 4 6 7 12 19 31 62 124 155 a
1 2 4 6 7 12 24 31 62 93 155 a
1 2 4 6 7 12 24 31 62 124 155 a
1 2 4 6 10 11 20 31 62 93 155 a
1 2 4 6 10 11 20 31 62 124 155 a
1 2 4 6 10 11 21 31 62 93 155 b
1 2 4 6 10 11 21 31 62 124 155 b
1 2 4 6 10 20 21 31 62 93 155 b
1 2 4 6 10 20 21 31 62 124 155 b
1 2 4 6 10 20 30 31 62 93 155 b
1 2 4 6 10 20 30 31 62 124 155 b
1 2 4 6 12 13 18 31 62 93 155 a
1 2 4 6 12 13 18 31 62 124 155 a
1 2 4 6 12 13 19 31 62 93 155 b
1 2 4 6 12 13 19 31 62 124 155 b
1 2 4 6 12 13 25 31 62 93 155 b
1 2 4 6 12 13 25 31 62 124 155 b
1 2 4 6 12 18 19 31 62 93 155 b
1 2 4 6 12 18 19 31 62 124 155 b
1 2 4 6 12 18 30 31 62 93 155 b
1 2 4 6 12 18 30 31 62 124 155 b
1 2 4 6 12 24 25 31 62 93 155 b
1 2 4 6 12 24 25 31 62 124 155 b
1 2 4 6 12 24 25 49 53 102 155 b
1 2 4 6 12 24 25 49 53 106 155 b
1 2 4 6 12 24 30 31 62 93 155 b
1 2 4 6 12 24 30 31 62 124 155 b
1 2 4 6 12 24 48 49 53 102 155 b
1 2 4 6 12 24 48 49 53 106 155 b
1 2 4 8 9 11 18 36 72 83 155 a
1 2 4 8 9 11 18 36 72 144 155 a
1 2 4 8 9 11 20 31 62 93 155 b
1 2 4 8 9 11 20 31 62 124 155 b
1 2 4 8 9 11 22 31 62 93 155 b
1 2 4 8 9 11 22 31 62 124 155 b
1 2 4 8 9 13 18 31 62 93 155 a
1 2 4 8 9 13 18 31 62 124 155 a
1 2 4 8 9 13 22 31 62 93 155 b
1 2 4 8 9 13 22 31 62 124 155 b
1 2 4 8 9 16 25 41 57 98 155 a
1 2 4 8 9 16 25 41 57 114 155 a
1 2 4 8 9 16 32 41 57 98 155 a
1 2 4 8 9 16 32 41 57 114 155 a
1 2 4 8 9 16 32 41 73 82 155 a
1 2 4 8 9 16 32 41 73 114 155 a
1 2 4 8 9 16 32 41 73 146 155 a
1 2 4 8 9 16 32 41 82 114 155 a
1 2 4 8 9 16 32 41 82 123 155 a
1 2 4 8 9 16 32 64 73 82 155 a
1 2 4 8 9 16 32 64 73 146 155 a
1 2 4 8 9 17 19 34 68 87 155 a
1 2 4 8 9 17 19 34 68 136 155 a
1 2 4 8 9 17 26 43 69 86 155 b
1 2 4 8 9 17 26 43 69 112 155 b
1 2 4 8 9 17 26 43 69 138 155 b
1 2 4 8 9 17 26 43 86 112 155 b
1 2 4 8 9 17 26 43 86 129 155 b
1 2 4 8 9 17 26 52 69 86 155 b
1 2 4 8 9 17 26 52 69 138 155 b
1 2 4 8 9 17 34 35 69 86 155 b
1 2 4 8 9 17 34 35 69 138 155 b
1 2 4 8 9 17 34 43 77 78 155 b
1 2 4 8 9 17 34 43 77 154 155 b
1 2 4 8 9 17 34 51 52 103 155 b
1 2 4 8 9 17 34 51 52 104 155 b
1 2 4 8 9 17 34 51 53 102 155 a
1 2 4 8 9 17 34 51 53 104 155 b
1 2 4 8 9 17 34 51 102 104 155 b
1 2 4 8 9 17 34 51 102 153 155 b
1 2 4 8 9 17 34 68 69 86 155 b
1 2 4 8 9 17 34 68 69 138 155 b
1 2 4 8 9 17 34 68 70 85 155 a
1 2 4 8 9 17 34 68 70 87 155 b
1 2 4 8 9 17 34 68 70 138 155 b
1 2 4 8 9 17 34 68 77 78 155 b
1 2 4 8 9 17 34 68 77 154 155 b
1 2 4 8 9 17 34 68 85 87 155 b
1 2 4 8 9 17 34 68 85 153 155 b
1 2 4 8 9 17 34 68 136 138 155 b
1 2 4 8 9 17 34 68 136 153 155 b
1 2 4 8 9 18 22 31 62 93 155 b
1 2 4 8 9 18 22 31 62 124 155 b
1 2 4 8 9 18 27 31 62 93 155 b
1 2 4 8 9 18 27 31 62 124 155 b
1 2 4 8 9 18 36 37 73 82 155 b
1 2 4 8 9 18 36 37 73 146 155 b
1 2 4 8 9 18 36 72 73 82 155 b
1 2 4 8 9 18 36 72 73 146 155 b
1 2 4 8 9 18 36 72 74 81 155 a
1 2 4 8 9 18 36 72 74 83 155 b
1 2 4 8 9 18 36 72 74 146 155 b
1 2 4 8 9 18 36 72 81 83 155 b
1 2 4 8 9 18 36 72 81 153 155 b
1 2 4 8 9 18 36 72 144 146 155 b
1 2 4 8 9 18 36 72 144 153 155 b
1 2 4 8 10 11 18 36 72 83 155 a
1 2 4 8 10 11 18 36 72 144 155 a
1 2 4 8 10 11 20 31 62 93 155 a
1 2 4 8 10 11 20 31 62 124 155 a
1 2 4 8 10 11 21 31 62 93 155 b
1 2 4 8 10 11 21 31 62 124 155 b
1 2 4 8 10 18 36 72 73 82 155 a
1 2 4 8 10 18 36 72 73 83 155 b
1 2 4 8 10 18 36 72 73 145 155 b
1 2 4 8 10 18 36 72 82 83 155 b
1 2 4 8 10 18 36 72 82 154 155 b
1 2 4 8 10 18 36 72 144 145 155 b
1 2 4 8 10 18 36 72 144 154 155 b
1 2 4 8 10 20 21 31 62 93 155 b
1 2 4 8 10 20 21 31 62 124 155 b
1 2 4 8 10 20 30 31 62 93 155 b
1 2 4 8 10 20 30 31 62 124 155 b
1 2 4 8 12 24 25 49 53 102 155 b
1 2 4 8 12 24 25 49 53 106 155 b
1 2 4 8 12 24 25 49 57 98 155 a
1 2 4 8 12 24 25 49 57 106 155 b
1 2 4 8 12 24 25 49 98 106 155 b
1 2 4 8 12 24 25 49 98 147 155 b
1 2 4 8 12 24 48 49 53 102 155 b
1 2 4 8 12 24 48 49 53 106 155 b
1 2 4 8 12 24 48 49 57 98 155 a
1 2 4 8 12 24 48 49 57 106 155 b
1 2 4 8 12 24 48 49 98 106 155 b
1 2 4 8 12 24 48 49 98 147 155 b
1 2 4 8 16 17 19 34 68 87 155 a
1 2 4 8 16 17 19 34 68 136 155 a
1 2 4 8 16 17 24 41 57 98 155 a
1 2 4 8 16 17 24 41 57 114 155 a
1 2 4 8 16 17 25 41 57 98 155 b
1 2 4 8 16 17 25 41 57 114 155 b
1 2 4 8 16 17 32 49 53 102 155 a
1 2 4 8 16 17 32 49 53 106 155 a
1 2 4 8 16 17 32 49 57 98 155 a
1 2 4 8 16 17 32 49 57 106 155 a
1 2 4 8 16 17 32 49 98 106 155 a
1 2 4 8 16 17 32 49 98 147 155 a
1 2 4 8 16 17 33 41 57 98 155 b
1 2 4 8 16 17 33 41 57 114 155 b
1 2 4 8 16 17 33 49 53 102 155 b
1 2 4 8 16 17 33 49 53 106 155 b
1 2 4 8 16 17 33 49 57 98 155 a
1 2 4 8 16 17 33 49 57 106 155 b
1 2 4 8 16 17 33 49 98 106 155 b
1 2 4 8 16 17 33 49 98 147 155 b
1 2 4 8 16 17 34 35 69 86 155 b
1 2 4 8 16 17 34 35 69 138 155 b
1 2 4 8 16 17 34 51 52 103 155 b
1 2 4 8 16 17 34 51 52 104 155 b
1 2 4 8 16 17 34 51 53 102 155 a
1 2 4 8 16 17 34 51 53 104 155 b
1 2 4 8 16 17 34 51 102 104 155 b
1 2 4 8 16 17 34 51 102 153 155 b
1 2 4 8 16 17 34 68 69 86 155 b
1 2 4 8 16 17 34 68 69 138 155 b
1 2 4 8 16 17 34 68 70 85 155 a
1 2 4 8 16 17 34 68 70 87 155 b
1 2 4 8 16 17 34 68 70 138 155 b
1 2 4 8 16 17 34 68 85 87 155 b
1 2 4 8 16 17 34 68 85 153 155 b
1 2 4 8 16 17 34 68 136 138 155 b
1 2 4 8 16 17 34 68 136 153 155 b
1 2 4 8 16 18 19 34 68 87 155 a
1 2 4 8 16 18 19 34 68 136 155 a
1 2 4 8 16 18 34 68 69 86 155 a
1 2 4 8 16 18 34 68 69 87 155 b
1 2 4 8 16 18 34 68 69 137 155 b
1 2 4 8 16 18 34 68 86 87 155 b
1 2 4 8 16 18 34 68 86 154 155 b
1 2 4 8 16 18 34 68 136 137 155 b
1 2 4 8 16 18 34 68 136 154 155 b
1 2 4 8 16 20 21 41 57 98 155 b
1 2 4 8 16 20 21 41 57 114 155 b
1 2 4 8 16 20 40 41 57 98 155 b
1 2 4 8 16 20 40 41 57 114 155 b
1 2 4 8 16 24 25 40 65 90 155 a
1 2 4 8 16 24 25 40 65 130 155 a
1 2 4 8 16 24 25 41 57 98 155 b
1 2 4 8 16 24 25 41 57 114 155 b
1 2 4 8 16 24 25 41 65 90 155 b
1 2 4 8 16 24 25 41 65 130 155 b
1 2 4 8 16 24 25 49 53 102 155 b
1 2 4 8 16 24 25 49 53 106 155 b
1 2 4 8 16 24 25 49 57 98 155 a
1 2 4 8 16 24 25 49 57 106 155 b
1 2 4 8 16 24 25 49 65 90 155 b
1 2 4 8 16 24 25 49 65 130 155 b
1 2 4 8 16 24 25 49 98 106 155 b
1 2 4 8 16 24 25 49 98 147 155 b
1 2 4 8 16 24 40 41 57 98 155 b
1 2 4 8 16 24 40 41 57 114 155 b
1 2 4 8 16 24 48 49 53 102 155 b
1 2 4 8 16 24 48 49 53 106 155 b
1 2 4 8 16 24 48 49 57 98 155 a
1 2 4 8 16 24 48 49 57 106 155 b
1 2 4 8 16 24 48 49 98 106 155 b
1 2 4 8 16 24 48 49 98 147 155 b
1 2 4 8 16 32 33 41 57 98 155 b
1 2 4 8 16 32 33 41 57 114 155 b
1 2 4 8 16 32 33 41 73 82 155 a
1 2 4 8 16 32 33 41 73 114 155 b
1 2 4 8 16 32 33 41 82 114 155 b
1 2 4 8 16 32 33 41 82 123 155 b
1 2 4 8 16 32 33 49 53 102 155 b
1 2 4 8 16 32 33 49 53 106 155 b
1 2 4 8 16 32 33 49 57 98 155 a
1 2 4 8 16 32 33 49 57 106 155 b
1 2 4 8 16 32 33 49 98 106 155 b
1 2 4 8 16 32 33 49 98 147 155 b
1 2 4 8 16 32 40 41 57 98 155 b
1 2 4 8 16 32 40 41 57 114 155 b
1 2 4 8 16 32 40 41 73 82 155 a
1 2 4 8 16 32 40 41 73 114 155 b
1 2 4 8 16 32 40 41 82 114 155 b
1 2 4 8 16 32 40 41 82 123 155 b
1 2 4 8 16 32 48 49 53 102 155 b
1 2 4 8 16 32 48 49 53 106 155 b
1 2 4 8 16 32 48 49 57 98 155 a
1 2 4 8 16 32 48 49 57 106 155 b
1 2 4 8 16 32 48 49 98 106 155 b
1 2 4 8 16 32 48 49 98 147 155 b
