1 2 3 5 8 16 32 64 69 133 b
1 2 3 5 8 16 32 64 128 133 b
1 2 4 5 8 16 32 64 69 133 a
1 2 4 5 8 16 32 64 128 133 a
1 2 4 8 16 17 33 50 83 133 b
1 2 4 8 16 17 33 50 100 133 b
1 2 4 8 16 17 33 66 67 133 b
1 2 4 8 16 17 33 66 132 133 b
1 2 4 8 16 32 33 66 67 133 b
1 2 4 8 16 32 33 66 132 133 b
1 2 4 8 16 32 34 66 67 133 b
1 2 4 8 16 32 34 66 132 133 b
1 2 4 8 16 32 64 65 68 133 a
1 2 4 8 16 32 64 65 69 133 b
1 2 4 8 16 32 64 65 129 133 b
1 2 4 8 16 32 64 66 67 133 b
1 2 4 8 16 32 64 66 132 133 b
1 2 4 8 16 32 64 68 69 133 b
1 2 4 8 16 32 64 68 132 133 b
1 2 4 8 16 32 64 128 129 133 b
1 2 4 8 16 32 64 128 132 133 b
