1 2 3 5 8 16 32 37 69 138 b
1 2 3 5 8 16 32 64 69 138 b
1 2 3 5 10 13 23 46 69 138 b
1 2 3 5 10 13 23 46 92 138 b
1 2 3 5 10 20 23 46 69 138 b
1 2 3 5 10 20 23 46 92 138 b
1 2 3 6 9 15 30 39 69 138 b
1 2 3 6 9 15 30 60 69 138 b
1 2 3 6 12 15 27 42 69 138 b
1 2 3 6 12 15 27 54 69 138 b
1 2 3 6 12 18 30 60 78 138 b
1 2 3 6 12 18 30 60 120 138 b
1 2 3 6 12 24 30 54 84 138 b
1 2 3 6 12 24 30 54 108 138 b
1 2 4 5 8 16 32 37 69 138 a
1 2 4 5 8 16 32 64 69 138 a
1 2 4 5 9 14 23 46 69 138 b
1 2 4 5 9 14 23 46 92 138 b
1 2 4 5 9 18 23 46 69 138 b
1 2 4 5 9 18 23 46 92 138 b
1 2 4 6 10 16 32 64 74 138 b
1 2 4 6 10 16 32 64 128 138 b
1 2 4 6 10 20 26 46 92 138 b
1 2 4 6 10 20 40 46 92 138 b
1 2 4 6 12 18 30 60 78 138 b
1 2 4 6 12 18 30 60 120 138 b
1 2 4 6 12 24 30 54 84 138 b
1 2 4 6 12 24 30 54 108 138 b
1 2 4 8 9 17 26 43 69 138 b
1 2 4 8 9 17 26 52 69 138 b
1 2 4 8 9 17 34 35 69 138 b
1 2 4 8 9 17 34 68 69 138 b
1 2 4 8 9 17 34 68 70 138 b
1 2 4 8 9 17 34 68 136 138 b
1 2 4 8 10 16 32 64 74 138 a
1 2 4 8 10 16 32 64 128 138 a
1 2 4 8 10 18 28 46 92 138 b
1 2 4 8 10 18 36 46 92 138 b
1 2 4 8 16 17 34 35 69 138 b
1 2 4 8 16 17 34 68 69 138 b
1 2 4 8 16 17 34 68 70 138 b
1 2 4 8 16 17 34 68 136 138 b
1 2 4 8 16 18 34 35 69 138 b
1 2 4 8 16 18 34 52 86 138 b
1 2 4 8 16 18 34 52 104 138 b
1 2 4 8 16 18 34 68 69 138 b
1 2 4 8 16 18 34 68 70 138 b
1 2 4 8 16 18 34 68 136 138 b
1 2 4 8 16 32 33 36 69 138 a
1 2 4 8 16 32 33 37 69 138 b
1 2 4 8 16 32 33 65 69 138 b
1 2 4 8 16 32 33 65 73 138 b
1 2 4 8 16 32 33 65 130 138 b
1 2 4 8 16 32 34 35 69 138 b
1 2 4 8 16 32 34 68 69 138 b
1 2 4 8 16 32 34 68 70 138 b
1 2 4 8 16 32 34 68 136 138 b
1 2 4 8 16 32 36 37 69 138 b
1 2 4 8 16 32 36 68 69 138 b
1 2 4 8 16 32 36 68 70 138 b
1 2 4 8 16 32 36 68 136 138 b
1 2 4 8 16 32 64 65 69 138 b
1 2 4 8 16 32 64 65 73 138 b
1 2 4 8 16 32 64 65 130 138 b
1 2 4 8 16 32 64 66 72 138 a
1 2 4 8 16 32 64 66 74 138 b
1 2 4 8 16 32 64 66 130 138 b
1 2 4 8 16 32 64 68 69 138 b
1 2 4 8 16 32 64 68 70 138 b
1 2 4 8 16 32 64 68 136 138 b
1 2 4 8 16 32 64 72 74 138 b
1 2 4 8 16 32 64 72 136 138 b
1 2 4 8 16 32 64 128 130 138 b
1 2 4 8 16 32 64 128 136 138 b
