1 2 3 4 7 14 28 31 59 118 b
1 2 3 4 7 14 28 56 59 118 b
1 2 3 5 7 14 28 31 59 118 b
1 2 3 5 7 14 28 56 59 118 b
1 2 3 5 10 13 23 36 59 118 b
1 2 3 5 10 13 23 46 59 118 b
1 2 3 6 7 13 26 33 59 118 b
1 2 3 6 7 13 26 52 59 118 b
1 2 3 6 7 14 28 31 59 118 b
1 2 3 6 7 14 28 56 59 118 b
1 2 3 6 7 14 28 56 62 118 b
1 2 3 6 7 14 28 56 112 118 b
1 2 3 6 8 14 28 31 59 118 b
1 2 3 6 8 14 28 56 59 118 b
1 2 3 6 8 14 28 56 62 118 b
1 2 3 6 8 14 28 56 112 118 b
1 2 3 6 12 14 26 52 66 118 b
1 2 3 6 12 14 26 52 104 118 b
1 2 3 6 12 14 28 31 59 118 b
1 2 3 6 12 14 28 56 59 118 b
1 2 3 6 12 14 28 56 62 118 b
1 2 3 6 12 14 28 56 112 118 b
1 2 4 5 9 18 23 36 59 118 a
1 2 4 5 9 18 23 41 59 118 b
1 2 4 5 9 18 27 32 59 118 b
1 2 4 5 9 18 27 54 59 118 b
1 2 4 5 9 18 36 41 59 118 b
1 2 4 5 9 18 36 41 77 118 b
1 2 4 5 9 18 36 41 82 118 b
1 2 4 5 9 18 36 54 59 118 b
1 2 4 6 7 13 26 33 59 118 b
1 2 4 6 7 13 26 52 59 118 b
1 2 4 6 7 14 28 56 62 118 b
1 2 4 6 7 14 28 56 112 118 b
1 2 4 6 8 14 28 56 62 118 b
1 2 4 6 8 14 28 56 112 118 b
1 2 4 6 10 14 28 56 62 118 b
1 2 4 6 10 14 28 56 112 118 b
1 2 4 6 10 20 26 46 72 118 b
1 2 4 6 10 20 26 46 92 118 b
1 2 4 6 12 14 26 52 66 118 b
1 2 4 6 12 14 26 52 104 118 b
1 2 4 6 12 14 28 56 62 118 b
1 2 4 6 12 14 28 56 112 118 b
1 2 4 6 12 16 28 56 62 118 b
1 2 4 6 12 16 28 56 112 118 b
1 2 4 6 12 24 28 56 62 118 b
1 2 4 6 12 24 28 56 112 118 b
1 2 4 8 9 16 25 34 59 118 a
1 2 4 8 9 16 25 50 59 118 a
1 2 4 8 9 17 21 38 59 118 b
1 2 4 8 9 17 21 42 59 118 b
1 2 4 8 9 17 25 34 59 118 b
1 2 4 8 9 17 25 42 59 118 b
1 2 4 8 9 17 25 50 59 118 b
1 2 4 8 9 17 34 42 59 118 b
1 2 4 8 9 17 34 42 76 118 b
1 2 4 8 9 17 34 42 84 118 b
1 2 4 8 9 17 34 51 59 118 b
1 2 4 8 10 18 36 46 72 118 a
1 2 4 8 10 18 36 46 82 118 b
1 2 4 8 10 18 36 54 64 118 b
1 2 4 8 10 18 36 54 108 118 b
1 2 4 8 10 18 36 72 82 118 b
1 2 4 8 10 18 36 72 108 118 b
1 2 4 8 12 14 26 52 66 118 b
1 2 4 8 12 14 26 52 104 118 b
1 2 4 8 16 17 21 38 59 118 b
1 2 4 8 16 17 21 42 59 118 b
1 2 4 8 16 17 25 34 59 118 a
1 2 4 8 16 17 25 42 59 118 b
1 2 4 8 16 17 34 42 59 118 b
1 2 4 8 16 17 34 42 76 118 b
1 2 4 8 16 17 34 42 84 118 b
1 2 4 8 16 17 34 50 68 118 a
1 2 4 8 16 17 34 50 84 118 b
1 2 4 8 16 17 34 51 59 118 b
1 2 4 8 16 17 34 51 67 118 b
1 2 4 8 16 17 34 51 102 118 b
1 2 4 8 16 17 34 68 84 118 b
1 2 4 8 16 17 34 68 102 118 b
1 2 4 8 16 18 32 50 68 118 a
1 2 4 8 16 18 32 50 100 118 a
1 2 4 8 16 18 34 42 76 118 b
1 2 4 8 16 18 34 42 84 118 b
1 2 4 8 16 18 34 50 68 118 b
1 2 4 8 16 18 34 50 84 118 b
1 2 4 8 16 18 34 50 100 118 b
1 2 4 8 16 18 34 68 84 118 b
1 2 4 8 16 18 34 68 102 118 b
1 2 4 8 16 32 34 42 76 118 b
1 2 4 8 16 32 34 42 84 118 b
1 2 4 8 16 32 34 50 68 118 a
1 2 4 8 16 32 34 50 84 118 b
1 2 4 8 16 32 34 68 84 118 b
1 2 4 8 16 32 34 68 102 118 b
