1 2 3 5 6 12 24 29 53 106 b
1 2 3 5 6 12 24 48 53 106 b
1 2 3 5 7 12 24 29 53 106 b
1 2 3 5 7 12 24 48 53 106 b
1 2 3 5 8 13 26 27 53 106 b
1 2 3 5 8 13 26 52 53 106 b
1 2 3 5 8 13 26 52 54 106 b
1 2 3 5 8 13 26 52 104 106 b
1 2 3 5 8 16 21 32 53 106 a
1 2 3 5 8 16 21 37 53 106 b
1 2 3 5 8 16 24 29 53 106 b
1 2 3 5 8 16 24 48 53 106 b
1 2 3 5 8 16 32 37 53 106 b
1 2 3 5 8 16 32 37 69 106 b
1 2 3 5 8 16 32 37 74 106 b
1 2 3 5 8 16 32 48 53 106 b
1 2 3 5 10 11 21 32 53 106 b
1 2 3 5 10 11 21 42 53 106 b
1 2 3 5 10 12 24 29 53 106 b
1 2 3 5 10 12 24 48 53 106 b
1 2 3 5 10 12 24 48 58 106 b
1 2 3 5 10 12 24 48 96 106 b
1 2 3 5 10 13 20 33 53 106 a
1 2 3 5 10 13 20 40 53 106 a
1 2 3 5 10 13 26 27 53 106 b
1 2 3 5 10 13 26 52 53 106 b
1 2 3 5 10 13 26 52 54 106 b
1 2 3 5 10 13 26 52 104 106 b
1 2 3 5 10 15 25 28 53 106 b
1 2 3 5 10 15 25 50 53 106 b
1 2 3 5 10 20 22 42 64 106 b
1 2 3 5 10 20 22 42 84 106 b
1 2 3 5 10 20 23 30 53 106 a
1 2 3 5 10 20 23 33 53 106 b
1 2 3 5 10 20 23 43 53 106 b
1 2 3 5 10 20 23 43 63 106 b
1 2 3 5 10 20 23 43 86 106 b
1 2 3 5 10 20 25 28 53 106 b
1 2 3 5 10 20 25 50 53 106 b
1 2 3 5 10 20 30 33 53 106 b
1 2 3 5 10 20 30 50 53 106 b
1 2 3 5 10 20 40 43 53 106 b
1 2 3 5 10 20 40 43 63 106 b
1 2 3 5 10 20 40 43 86 106 b
1 2 3 5 10 20 40 50 53 106 b
1 2 3 6 7 13 20 33 53 106 b
1 2 3 6 7 13 20 40 53 106 b
1 2 3 6 7 13 26 27 53 106 b
1 2 3 6 7 13 26 52 53 106 b
1 2 3 6 7 13 26 52 54 106 b
1 2 3 6 7 13 26 52 104 106 b
1 2 3 6 9 11 22 31 53 106 b
1 2 3 6 9 11 22 44 53 106 b
1 2 3 6 12 13 25 28 53 106 b
1 2 3 6 12 13 25 50 53 106 b
1 2 3 6 12 13 25 50 56 106 b
1 2 3 6 12 13 25 50 100 106 b
1 2 3 6 12 13 26 27 53 106 b
1 2 3 6 12 13 26 52 53 106 b
1 2 3 6 12 13 26 52 54 106 b
1 2 3 6 12 13 26 52 104 106 b
1 2 3 6 12 14 26 27 53 106 b
1 2 3 6 12 14 26 40 66 106 b
1 2 3 6 12 14 26 40 80 106 b
1 2 3 6 12 14 26 52 53 106 b
1 2 3 6 12 14 26 52 54 106 b
1 2 3 6 12 14 26 52 104 106 b
1 2 3 6 12 24 25 28 53 106 b
1 2 3 6 12 24 25 50 53 106 b
1 2 3 6 12 24 25 50 56 106 b
1 2 3 6 12 24 25 50 100 106 b
1 2 3 6 12 24 26 27 53 106 b
1 2 3 6 12 24 26 29 53 106 b
1 2 3 6 12 24 26 50 53 106 b
1 2 3 6 12 24 26 50 56 106 b
1 2 3 6 12 24 26 50 100 106 b
1 2 3 6 12 24 26 52 53 106 b
1 2 3 6 12 24 26 52 54 106 b
1 2 3 6 12 24 26 52 104 106 b
1 2 3 6 12 24 27 29 53 106 b
1 2 3 6 12 24 27 51 53 106 b
1 2 3 6 12 24 48 50 53 106 b
1 2 3 6 12 24 48 50 56 106 b
1 2 3 6 12 24 48 50 100 106 b
1 2 3 6 12 24 48 51 53 106 b
1 2 4 5 6 12 24 29 53 106 b
1 2 4 5 6 12 24 48 53 106 b
1 2 4 5 7 12 24 29 53 106 b
1 2 4 5 7 12 24 48 53 106 b
1 2 4 5 8 12 24 29 53 106 a
1 2 4 5 8 12 24 48 53 106 a
1 2 4 5 8 13 26 27 53 106 a
1 2 4 5 8 13 26 52 53 106 a
1 2 4 5 8 13 26 52 54 106 a
1 2 4 5 8 13 26 52 104 106 a
1 2 4 5 8 16 21 32 53 106 a
1 2 4 5 8 16 21 37 53 106 a
1 2 4 5 8 16 24 29 53 106 a
1 2 4 5 8 16 24 48 53 106 a
1 2 4 5 8 16 32 37 53 106 a
1 2 4 5 8 16 32 37 69 106 a
1 2 4 5 8 16 32 37 74 106 a
1 2 4 5 8 16 32 48 53 106 a
1 2 4 5 9 11 22 31 53 106 b
1 2 4 5 9 11 22 44 53 106 b
1 2 4 5 9 13 22 31 53 106 b
1 2 4 5 9 13 22 44 53 106 b
1 2 4 5 9 13 26 27 53 106 b
1 2 4 5 9 13 26 52 53 106 b
1 2 4 5 9 13 26 52 54 106 b
1 2 4 5 9 13 26 52 104 106 b
1 2 4 5 9 14 23 46 60 106 b
1 2 4 5 9 14 23 46 92 106 b
1 2 4 5 9 18 22 31 53 106 b
1 2 4 5 9 18 22 44 53 106 b
1 2 4 5 9 18 22 44 62 106 b
1 2 4 5 9 18 22 44 88 106 b
1 2 4 5 10 11 21 32 53 106 b
1 2 4 5 10 11 21 42 53 106 b
1 2 4 5 10 12 24 29 53 106 b
1 2 4 5 10 12 24 48 53 106 b
1 2 4 5 10 12 24 48 58 106 b
1 2 4 5 10 12 24 48 96 106 b
1 2 4 5 10 14 24 29 53 106 b
1 2 4 5 10 14 24 48 53 106 b
1 2 4 5 10 14 24 48 58 106 b
1 2 4 5 10 14 24 48 96 106 b
1 2 4 5 10 15 19 34 53 106 b
1 2 4 5 10 15 19 38 53 106 b
1 2 4 5 10 20 22 42 64 106 b
1 2 4 5 10 20 22 42 84 106 b
1 2 4 5 10 20 24 29 53 106 b
1 2 4 5 10 20 24 48 53 106 b
1 2 4 5 10 20 24 48 58 106 b
1 2 4 5 10 20 24 48 96 106 b
1 2 4 6 7 13 20 33 53 106 b
1 2 4 6 7 13 20 40 53 106 b
1 2 4 6 7 13 26 27 53 106 b
1 2 4 6 7 13 26 52 53 106 b
1 2 4 6 7 13 26 52 54 106 b
1 2 4 6 7 13 26 52 104 106 b
1 2 4 6 10 11 21 32 53 106 b
1 2 4 6 10 11 21 42 53 106 b
1 2 4 6 10 12 24 48 58 106 b
1 2 4 6 10 12 24 48 96 106 b
1 2 4 6 10 14 24 48 58 106 b
1 2 4 6 10 14 24 48 96 106 b
1 2 4 6 10 16 26 27 53 106 b
1 2 4 6 10 16 26 52 53 106 b
1 2 4 6 10 16 26 52 54 106 b
1 2 4 6 10 16 26 52 104 106 b
1 2 4 6 10 16 32 42 64 106 a
1 2 4 6 10 16 32 42 74 106 b
1 2 4 6 10 16 32 48 58 106 b
1 2 4 6 10 16 32 48 96 106 b
1 2 4 6 10 16 32 64 74 106 b
1 2 4 6 10 16 32 64 96 106 b
1 2 4 6 10 20 22 42 64 106 b
1 2 4 6 10 20 22 42 84 106 b
1 2 4 6 10 20 24 48 58 106 b
1 2 4 6 10 20 24 48 96 106 b
1 2 4 6 10 20 26 27 53 106 b
1 2 4 6 10 20 26 40 66 106 a
1 2 4 6 10 20 26 40 80 106 a
1 2 4 6 10 20 26 52 53 106 b
1 2 4 6 10 20 26 52 54 106 b
1 2 4 6 10 20 26 52 104 106 b
1 2 4 6 10 20 30 50 56 106 b
1 2 4 6 10 20 30 50 100 106 b
1 2 4 6 10 20 40 46 60 106 a
1 2 4 6 10 20 40 46 66 106 b
1 2 4 6 10 20 40 46 86 106 b
1 2 4 6 10 20 40 50 56 106 b
1 2 4 6 10 20 40 50 100 106 b
1 2 4 6 10 20 40 60 66 106 b
1 2 4 6 10 20 40 60 100 106 b
1 2 4 6 10 20 40 80 86 106 b
1 2 4 6 10 20 40 80 100 106 b
1 2 4 6 12 13 25 50 56 106 b
1 2 4 6 12 13 25 50 100 106 b
1 2 4 6 12 13 26 27 53 106 b
1 2 4 6 12 13 26 52 53 106 b
1 2 4 6 12 13 26 52 54 106 b
1 2 4 6 12 13 26 52 104 106 b
1 2 4 6 12 14 26 27 53 106 b
1 2 4 6 12 14 26 40 66 106 b
1 2 4 6 12 14 26 40 80 106 b
1 2 4 6 12 14 26 52 53 106 b
1 2 4 6 12 14 26 52 54 106 b
1 2 4 6 12 14 26 52 104 106 b
1 2 4 6 12 18 22 44 62 106 b
1 2 4 6 12 18 22 44 88 106 b
1 2 4 6 12 24 25 28 53 106 a
1 2 4 6 12 24 25 29 53 106 b
1 2 4 6 12 24 25 49 53 106 b
1 2 4 6 12 24 25 50 56 106 b
1 2 4 6 12 24 25 50 100 106 b
1 2 4 6 12 24 26 27 53 106 b
1 2 4 6 12 24 26 50 56 106 b
1 2 4 6 12 24 26 50 100 106 b
1 2 4 6 12 24 26 52 53 106 b
1 2 4 6 12 24 26 52 54 106 b
1 2 4 6 12 24 26 52 104 106 b
1 2 4 6 12 24 28 29 53 106 b
1 2 4 6 12 24 28 52 53 106 b
1 2 4 6 12 24 28 52 54 106 b
1 2 4 6 12 24 28 52 104 106 b
1 2 4 6 12 24 48 49 53 106 b
1 2 4 6 12 24 48 50 56 106 b
1 2 4 6 12 24 48 50 100 106 b
1 2 4 6 12 24 48 52 53 106 b
1 2 4 6 12 24 48 52 54 106 b
1 2 4 6 12 24 48 52 58 106 b
1 2 4 6 12 24 48 52 100 106 b
1 2 4 6 12 24 48 52 104 106 b
1 2 4 6 12 24 48 54 58 106 b
1 2 4 6 12 24 48 54 102 106 b
1 2 4 6 12 24 48 96 100 106 b
1 2 4 6 12 24 48 96 102 106 b
1 2 4 8 9 11 22 31 53 106 b
1 2 4 8 9 11 22 44 53 106 b
1 2 4 8 9 13 22 31 53 106 b
1 2 4 8 9 13 22 44 53 106 b
1 2 4 8 9 13 26 27 53 106 b
1 2 4 8 9 13 26 52 53 106 b
1 2 4 8 9 13 26 52 54 106 b
1 2 4 8 9 13 26 52 104 106 b
1 2 4 8 9 17 18 35 53 106 b
1 2 4 8 9 17 18 36 53 106 b
1 2 4 8 9 17 19 34 53 106 a
1 2 4 8 9 17 19 36 53 106 b
1 2 4 8 9 17 26 27 53 106 b
1 2 4 8 9 17 26 52 53 106 b
1 2 4 8 9 17 26 52 54 106 b
1 2 4 8 9 17 26 52 104 106 b
1 2 4 8 9 17 34 36 53 106 b
1 2 4 8 9 17 34 36 70 106 b
1 2 4 8 9 17 34 36 72 106 b
1 2 4 8 9 17 34 38 68 106 a
1 2 4 8 9 17 34 38 72 106 b
1 2 4 8 9 17 34 51 53 106 b
1 2 4 8 9 17 34 51 55 106 b
1 2 4 8 9 17 34 51 102 106 b
1 2 4 8 9 17 34 68 72 106 b
1 2 4 8 9 17 34 68 102 106 b
1 2 4 8 9 18 22 31 53 106 b
1 2 4 8 9 18 22 44 53 106 b
1 2 4 8 9 18 22 44 62 106 b
1 2 4 8 9 18 22 44 88 106 b
1 2 4 8 9 18 26 27 53 106 b
1 2 4 8 9 18 26 35 53 106 b
1 2 4 8 9 18 26 44 53 106 b
1 2 4 8 9 18 26 44 62 106 b
1 2 4 8 9 18 26 44 88 106 b
1 2 4 8 9 18 26 52 53 106 b
1 2 4 8 9 18 26 52 54 106 b
1 2 4 8 9 18 26 52 104 106 b
1 2 4 8 9 18 27 35 53 106 b
1 2 4 8 9 18 27 45 53 106 b
1 2 4 8 9 18 36 44 53 106 b
1 2 4 8 9 18 36 44 62 106 b
1 2 4 8 9 18 36 44 88 106 b
1 2 4 8 9 18 36 45 53 106 b
1 2 4 8 10 11 21 32 53 106 b
1 2 4 8 10 11 21 42 53 106 b
1 2 4 8 10 12 24 48 58 106 b
1 2 4 8 10 12 24 48 96 106 b
1 2 4 8 10 14 24 48 58 106 b
1 2 4 8 10 14 24 48 96 106 b
1 2 4 8 10 16 24 48 58 106 a
1 2 4 8 10 16 24 48 96 106 a
1 2 4 8 10 16 26 27 53 106 a
1 2 4 8 10 16 26 52 53 106 a
1 2 4 8 10 16 26 52 54 106 a
1 2 4 8 10 16 26 52 104 106 a
1 2 4 8 10 16 32 42 64 106 a
1 2 4 8 10 16 32 42 74 106 a
1 2 4 8 10 16 32 48 58 106 a
1 2 4 8 10 16 32 48 96 106 a
1 2 4 8 10 16 32 64 74 106 a
1 2 4 8 10 16 32 64 96 106 a
1 2 4 8 10 18 22 44 62 106 b
1 2 4 8 10 18 22 44 88 106 b
1 2 4 8 10 18 26 27 53 106 b
1 2 4 8 10 18 26 44 62 106 b
1 2 4 8 10 18 26 44 88 106 b
1 2 4 8 10 18 26 52 53 106 b
1 2 4 8 10 18 26 52 54 106 b
1 2 4 8 10 18 26 52 104 106 b
1 2 4 8 10 18 36 44 62 106 b
1 2 4 8 10 18 36 44 88 106 b
1 2 4 8 10 20 22 42 64 106 b
1 2 4 8 10 20 22 42 84 106 b
1 2 4 8 10 20 24 48 58 106 b
1 2 4 8 10 20 24 48 96 106 b
1 2 4 8 10 20 28 48 58 106 b
1 2 4 8 10 20 28 48 96 106 b
1 2 4 8 10 20 30 38 68 106 b
1 2 4 8 10 20 30 38 76 106 b
1 2 4 8 10 20 40 48 58 106 b
1 2 4 8 10 20 40 48 96 106 b
1 2 4 8 12 13 20 33 53 106 a
1 2 4 8 12 13 20 40 53 106 a
1 2 4 8 12 13 26 27 53 106 b
1 2 4 8 12 13 26 52 53 106 b
1 2 4 8 12 13 26 52 54 106 b
1 2 4 8 12 13 26 52 104 106 b
1 2 4 8 12 14 26 27 53 106 b
1 2 4 8 12 14 26 40 66 106 b
1 2 4 8 12 14 26 40 80 106 b
1 2 4 8 12 14 26 52 53 106 b
1 2 4 8 12 14 26 52 54 106 b
1 2 4 8 12 14 26 52 104 106 b
1 2 4 8 12 20 21 32 53 106 a
1 2 4 8 12 20 21 33 53 106 b
1 2 4 8 12 20 21 41 53 106 b
1 2 4 8 12 20 22 42 64 106 b
1 2 4 8 12 20 22 42 84 106 b
1 2 4 8 12 20 32 33 53 106 b
1 2 4 8 12 20 32 52 53 106 b
1 2 4 8 12 20 32 52 54 106 b
1 2 4 8 12 20 32 52 104 106 b
1 2 4 8 12 20 40 41 53 106 b
1 2 4 8 12 20 40 52 53 106 b
1 2 4 8 12 20 40 52 54 106 b
1 2 4 8 12 20 40 52 104 106 b
1 2 4 8 12 24 25 28 53 106 a
1 2 4 8 12 24 25 29 53 106 b
1 2 4 8 12 24 25 49 53 106 b
1 2 4 8 12 24 25 49 57 106 b
1 2 4 8 12 24 25 49 98 106 b
1 2 4 8 12 24 26 27 53 106 b
1 2 4 8 12 24 26 52 53 106 b
1 2 4 8 12 24 26 52 54 106 b
1 2 4 8 12 24 26 52 104 106 b
1 2 4 8 12 24 28 29 53 106 b
1 2 4 8 12 24 28 52 53 106 b
1 2 4 8 12 24 28 52 54 106 b
1 2 4 8 12 24 28 52 104 106 b
1 2 4 8 12 24 48 49 53 106 b
1 2 4 8 12 24 48 49 57 106 b
1 2 4 8 12 24 48 49 98 106 b
1 2 4 8 12 24 48 50 56 106 a
1 2 4 8 12 24 48 50 58 106 b
1 2 4 8 12 24 48 50 98 106 b
1 2 4 8 12 24 48 52 53 106 b
1 2 4 8 12 24 48 52 54 106 b
1 2 4 8 12 24 48 52 104 106 b
1 2 4 8 12 24 48 56 58 106 b
1 2 4 8 12 24 48 56 104 106 b
1 2 4 8 12 24 48 96 98 106 b
1 2 4 8 12 24 48 96 104 106 b
1 2 4 8 16 17 18 35 53 106 b
1 2 4 8 16 17 18 36 53 106 b
1 2 4 8 16 17 19 34 53 106 a
1 2 4 8 16 17 19 36 53 106 b
1 2 4 8 16 17 20 33 53 106 a
1 2 4 8 16 17 20 36 53 106 a
1 2 4 8 16 17 20 37 53 106 a
1 2 4 8 16 17 21 32 53 106 a
1 2 4 8 16 17 21 37 53 106 b
1 2 4 8 16 17 24 41 65 106 a
1 2 4 8 16 17 24 41 82 106 a
1 2 4 8 16 17 32 36 53 106 a
1 2 4 8 16 17 32 49 53 106 a
1 2 4 8 16 17 32 49 57 106 a
1 2 4 8 16 17 32 49 98 106 a
1 2 4 8 16 17 33 37 53 106 b
1 2 4 8 16 17 33 49 53 106 b
1 2 4 8 16 17 33 49 57 106 b
1 2 4 8 16 17 33 49 98 106 b
1 2 4 8 16 17 34 36 53 106 b
1 2 4 8 16 17 34 36 70 106 b
1 2 4 8 16 17 34 36 72 106 b
1 2 4 8 16 17 34 38 68 106 a
1 2 4 8 16 17 34 38 72 106 b
1 2 4 8 16 17 34 51 53 106 b
1 2 4 8 16 17 34 51 55 106 b
1 2 4 8 16 17 34 51 102 106 b
1 2 4 8 16 17 34 68 72 106 b
1 2 4 8 16 17 34 68 102 106 b
1 2 4 8 16 18 19 34 53 106 a
1 2 4 8 16 18 19 35 53 106 b
1 2 4 8 16 18 19 37 53 106 b
1 2 4 8 16 18 22 44 62 106 b
1 2 4 8 16 18 22 44 88 106 b
1 2 4 8 16 18 26 27 53 106 b
1 2 4 8 16 18 26 44 62 106 b
1 2 4 8 16 18 26 44 88 106 b
1 2 4 8 16 18 26 52 53 106 b
1 2 4 8 16 18 26 52 54 106 b
1 2 4 8 16 18 26 52 104 106 b
1 2 4 8 16 18 34 35 53 106 b
1 2 4 8 16 18 34 36 70 106 b
1 2 4 8 16 18 34 36 72 106 b
1 2 4 8 16 18 34 38 68 106 a
1 2 4 8 16 18 34 38 72 106 b
1 2 4 8 16 18 34 52 53 106 b
1 2 4 8 16 18 34 52 54 106 b
1 2 4 8 16 18 34 52 104 106 b
1 2 4 8 16 18 34 68 72 106 b
1 2 4 8 16 18 34 68 102 106 b
1 2 4 8 16 18 36 37 53 106 b
1 2 4 8 16 18 36 44 62 106 b
1 2 4 8 16 18 36 44 88 106 b
1 2 4 8 16 18 36 52 53 106 b
1 2 4 8 16 18 36 52 54 106 b
1 2 4 8 16 18 36 52 70 106 b
1 2 4 8 16 18 36 52 88 106 b
1 2 4 8 16 18 36 52 104 106 b
1 2 4 8 16 18 36 54 70 106 b
1 2 4 8 16 18 36 54 90 106 b
1 2 4 8 16 18 36 72 88 106 b
1 2 4 8 16 18 36 72 90 106 b
1 2 4 8 16 20 21 32 53 106 a
1 2 4 8 16 20 21 37 53 106 b
1 2 4 8 16 20 22 42 64 106 b
1 2 4 8 16 20 22 42 84 106 b
1 2 4 8 16 20 32 33 53 106 a
1 2 4 8 16 20 32 52 53 106 a
1 2 4 8 16 20 32 52 54 106 a
1 2 4 8 16 20 32 52 104 106 a
1 2 4 8 16 20 36 37 53 106 b
1 2 4 8 16 20 36 52 53 106 b
1 2 4 8 16 20 36 52 54 106 b
1 2 4 8 16 20 36 52 104 106 b
1 2 4 8 16 24 25 28 53 106 a
1 2 4 8 16 24 25 29 53 106 b
1 2 4 8 16 24 25 41 65 106 b
1 2 4 8 16 24 25 41 82 106 b
1 2 4 8 16 24 25 49 53 106 b
1 2 4 8 16 24 25 49 57 106 b
1 2 4 8 16 24 25 49 98 106 b
1 2 4 8 16 24 26 27 53 106 b
1 2 4 8 16 24 26 40 66 106 a
1 2 4 8 16 24 26 40 80 106 a
1 2 4 8 16 24 26 52 53 106 b
1 2 4 8 16 24 26 52 54 106 b
1 2 4 8 16 24 26 52 104 106 b
1 2 4 8 16 24 28 29 53 106 b
1 2 4 8 16 24 28 52 53 106 b
1 2 4 8 16 24 28 52 54 106 b
1 2 4 8 16 24 28 52 104 106 b
1 2 4 8 16 24 40 41 65 106 b
1 2 4 8 16 24 40 41 82 106 b
1 2 4 8 16 24 40 42 64 106 a
1 2 4 8 16 24 40 42 66 106 b
1 2 4 8 16 24 40 42 82 106 b
1 2 4 8 16 24 40 64 66 106 b
1 2 4 8 16 24 40 64 104 106 b
1 2 4 8 16 24 40 80 82 106 b
1 2 4 8 16 24 40 80 104 106 b
1 2 4 8 16 24 48 49 53 106 b
1 2 4 8 16 24 48 49 57 106 b
1 2 4 8 16 24 48 49 98 106 b
1 2 4 8 16 24 48 50 56 106 a
1 2 4 8 16 24 48 50 58 106 b
1 2 4 8 16 24 48 50 98 106 b
1 2 4 8 16 24 48 52 53 106 b
1 2 4 8 16 24 48 52 54 106 b
1 2 4 8 16 24 48 52 104 106 b
1 2 4 8 16 24 48 56 58 106 b
1 2 4 8 16 24 48 56 104 106 b
1 2 4 8 16 24 48 96 98 106 b
1 2 4 8 16 24 48 96 104 106 b
1 2 4 8 16 32 33 37 53 106 b
1 2 4 8 16 32 33 37 69 106 b
1 2 4 8 16 32 33 37 74 106 b
1 2 4 8 16 32 33 40 66 106 a
1 2 4 8 16 32 33 40 73 106 a
1 2 4 8 16 32 33 41 65 106 a
1 2 4 8 16 32 33 41 73 106 b
1 2 4 8 16 32 33 41 74 106 b
1 2 4 8 16 32 33 49 53 106 b
1 2 4 8 16 32 33 49 57 106 b
1 2 4 8 16 32 33 49 98 106 b
1 2 4 8 16 32 33 65 73 106 b
1 2 4 8 16 32 33 65 98 106 b
1 2 4 8 16 32 33 66 74 106 b
1 2 4 8 16 32 33 66 98 106 b
1 2 4 8 16 32 34 36 70 106 b
1 2 4 8 16 32 34 36 72 106 b
1 2 4 8 16 32 34 38 68 106 a
1 2 4 8 16 32 34 38 72 106 b
1 2 4 8 16 32 34 40 66 106 a
1 2 4 8 16 32 34 40 72 106 a
1 2 4 8 16 32 34 40 74 106 a
1 2 4 8 16 32 34 42 64 106 a
1 2 4 8 16 32 34 42 74 106 b
1 2 4 8 16 32 34 64 72 106 a
1 2 4 8 16 32 34 64 98 106 a
1 2 4 8 16 32 34 66 74 106 b
1 2 4 8 16 32 34 66 98 106 b
1 2 4 8 16 32 34 68 72 106 b
1 2 4 8 16 32 34 68 102 106 b
1 2 4 8 16 32 36 37 53 106 b
1 2 4 8 16 32 36 37 69 106 b
1 2 4 8 16 32 36 37 74 106 b
1 2 4 8 16 32 36 38 68 106 a
1 2 4 8 16 32 36 38 70 106 b
1 2 4 8 16 32 36 38 74 106 b
1 2 4 8 16 32 36 52 53 106 b
1 2 4 8 16 32 36 52 54 106 b
1 2 4 8 16 32 36 52 104 106 b
1 2 4 8 16 32 36 68 70 106 b
1 2 4 8 16 32 36 68 104 106 b
1 2 4 8 16 32 36 72 74 106 b
1 2 4 8 16 32 36 72 104 106 b
1 2 4 8 16 32 40 42 64 106 a
1 2 4 8 16 32 40 42 74 106 b
1 2 4 8 16 32 40 64 66 106 a
1 2 4 8 16 32 40 64 104 106 a
1 2 4 8 16 32 40 72 74 106 b
1 2 4 8 16 32 40 72 104 106 b
1 2 4 8 16 32 48 49 53 106 b
1 2 4 8 16 32 48 49 57 106 b
1 2 4 8 16 32 48 49 98 106 b
1 2 4 8 16 32 48 50 56 106 a
1 2 4 8 16 32 48 50 58 106 b
1 2 4 8 16 32 48 50 98 106 b
1 2 4 8 16 32 48 52 53 106 b
1 2 4 8 16 32 48 52 54 106 b
1 2 4 8 16 32 48 52 104 106 b
1 2 4 8 16 32 48 56 58 106 b
1 2 4 8 16 32 48 56 104 106 b
1 2 4 8 16 32 48 96 98 106 b
1 2 4 8 16 32 48 96 104 106 b
1 2 4 8 16 32 64 66 74 106 b
1 2 4 8 16 32 64 66 98 106 b
1 2 4 8 16 32 64 72 74 106 b
1 2 4 8 16 32 64 72 104 106 b
1 2 4 8 16 32 64 96 98 106 b
1 2 4 8 16 32 64 96 104 106 b
