1 2 3 5 7 12 24 48 96 103 199 b
1 2 3 5 7 12 24 48 96 192 199 b
1 2 3 6 7 12 24 48 96 103 199 a
1 2 3 6 7 12 24 48 96 192 199 a
1 2 3 6 12 24 25 49 98 101 199 b
1 2 3 6 12 24 25 49 98 196 199 b
1 2 3 6 12 24 48 49 98 101 199 b
1 2 3 6 12 24 48 49 98 196 199 b
1 2 3 6 12 24 48 50 98 101 199 b
1 2 3 6 12 24 48 50 98 196 199 b
1 2 3 6 12 24 48 51 99 100 199 b
1 2 3 6 12 24 48 51 99 198 199 b
1 2 3 6 12 24 48 96 97 102 199 a
1 2 3 6 12 24 48 96 97 103 199 b
1 2 3 6 12 24 48 96 97 193 199 b
1 2 3 6 12 24 48 96 98 101 199 b
1 2 3 6 12 24 48 96 98 196 199 b
1 2 3 6 12 24 48 96 99 100 199 b
1 2 3 6 12 24 48 96 99 198 199 b
1 2 3 6 12 24 48 96 102 103 199 b
1 2 3 6 12 24 48 96 102 198 199 b
1 2 3 6 12 24 48 96 192 193 199 b
1 2 3 6 12 24 48 96 192 198 199 b
1 2 4 5 7 12 24 48 96 103 199 b
1 2 4 5 7 12 24 48 96 192 199 b
1 2 4 6 7 12 24 48 96 103 199 a
1 2 4 6 7 12 24 48 96 192 199 a
1 2 4 6 12 24 48 96 97 102 199 a
1 2 4 6 12 24 48 96 97 103 199 b
1 2 4 6 12 24 48 96 97 193 199 b
1 2 4 6 12 24 48 96 102 103 199 b
1 2 4 6 12 24 48 96 102 198 199 b
1 2 4 6 12 24 48 96 192 193 199 b
1 2 4 6 12 24 48 96 192 198 199 b
1 2 4 8 16 17 33 50 83 116 199 b
1 2 4 8 16 17 33 50 83 166 199 b
1 2 4 8 16 17 33 66 67 132 199 a
1 2 4 8 16 17 33 66 67 133 199 b
1 2 4 8 16 17 33 66 83 116 199 b
1 2 4 8 16 17 33 66 83 166 199 b
1 2 4 8 16 17 33 66 99 100 199 b
1 2 4 8 16 17 33 66 99 198 199 b
1 2 4 8 16 17 33 66 132 133 199 b
1 2 4 8 16 17 33 66 132 198 199 b
1 2 4 8 16 32 33 65 67 132 199 b
1 2 4 8 16 32 33 65 67 134 199 b
1 2 4 8 16 32 33 65 69 130 199 a
1 2 4 8 16 32 33 65 69 134 199 b
1 2 4 8 16 32 33 65 130 134 199 b
1 2 4 8 16 32 33 65 130 195 199 b
1 2 4 8 16 32 33 66 67 132 199 a
1 2 4 8 16 32 33 66 67 133 199 b
1 2 4 8 16 32 33 66 99 100 199 b
1 2 4 8 16 32 33 66 99 198 199 b
1 2 4 8 16 32 33 66 132 133 199 b
1 2 4 8 16 32 33 66 132 198 199 b
1 2 4 8 16 32 34 66 67 132 199 a
1 2 4 8 16 32 34 66 67 133 199 b
1 2 4 8 16 32 34 66 132 133 199 b
1 2 4 8 16 32 34 66 132 198 199 b
1 2 4 8 16 32 64 65 67 132 199 b
1 2 4 8 16 32 64 65 67 134 199 b
1 2 4 8 16 32 64 65 69 130 199 a
1 2 4 8 16 32 64 65 69 134 199 b
1 2 4 8 16 32 64 65 130 134 199 b
1 2 4 8 16 32 64 65 130 195 199 b
1 2 4 8 16 32 64 66 67 132 199 a
1 2 4 8 16 32 64 66 67 133 199 b
1 2 4 8 16 32 64 66 132 133 199 b
1 2 4 8 16 32 64 66 132 198 199 b
