1 2 3 4 7 11 22 33 55 110 b
1 2 3 4 7 11 22 44 55 110 b
1 2 3 4 7 11 22 44 66 110 b
1 2 3 4 7 11 22 44 88 110 b
1 2 3 4 8 11 22 33 55 110 b
1 2 3 4 8 11 22 44 55 110 b
1 2 3 4 8 11 22 44 66 110 b
1 2 3 4 8 11 22 44 88 110 b
1 2 3 5 6 11 22 33 55 110 b
1 2 3 5 6 11 22 44 55 110 b
1 2 3 5 6 11 22 44 66 110 b
1 2 3 5 6 11 22 44 88 110 b
1 2 3 5 7 12 24 31 55 110 b
1 2 3 5 7 12 24 48 55 110 b
1 2 3 5 8 11 22 33 55 110 b
1 2 3 5 8 11 22 44 55 110 b
1 2 3 5 8 11 22 44 66 110 b
1 2 3 5 8 11 22 44 88 110 b
1 2 3 5 8 13 21 34 55 110 b
1 2 3 5 8 13 21 42 55 110 b
1 2 3 5 8 13 26 29 55 110 b
1 2 3 5 8 13 26 52 55 110 b
1 2 3 5 10 11 22 33 55 110 b
1 2 3 5 10 11 22 44 55 110 b
1 2 3 5 10 11 22 44 66 110 b
1 2 3 5 10 11 22 44 88 110 b
1 2 3 5 10 12 22 44 66 110 b
1 2 3 5 10 12 22 44 88 110 b
1 2 3 5 10 13 26 29 55 110 b
1 2 3 5 10 13 26 52 55 110 b
1 2 3 5 10 15 20 35 55 110 b
1 2 3 5 10 15 20 40 55 110 b
1 2 3 5 10 15 25 30 55 110 b
1 2 3 5 10 15 25 40 55 110 b
1 2 3 5 10 15 25 50 55 110 b
1 2 3 5 10 15 25 50 60 110 b
1 2 3 5 10 15 25 50 100 110 b
1 2 3 5 10 15 30 40 55 110 b
1 2 3 5 10 15 30 40 70 110 b
1 2 3 5 10 15 30 40 80 110 b
1 2 3 5 10 15 30 45 55 110 b
1 2 3 5 10 20 22 44 66 110 b
1 2 3 5 10 20 22 44 88 110 b
1 2 3 5 10 20 25 30 55 110 b
1 2 3 5 10 20 25 35 55 110 b
1 2 3 5 10 20 25 45 55 110 b
1 2 3 5 10 20 25 45 65 110 b
1 2 3 5 10 20 25 45 90 110 b
1 2 3 5 10 20 25 50 55 110 b
1 2 3 5 10 20 25 50 60 110 b
1 2 3 5 10 20 25 50 100 110 b
1 2 3 5 10 20 30 35 55 110 b
1 2 3 5 10 20 30 40 70 110 b
1 2 3 5 10 20 30 40 80 110 b
1 2 3 5 10 20 30 50 55 110 b
1 2 3 5 10 20 30 50 60 110 b
1 2 3 5 10 20 30 50 80 110 b
1 2 3 5 10 20 30 50 100 110 b
1 2 3 5 10 20 30 60 80 110 b
1 2 3 5 10 20 30 60 90 110 b
1 2 3 5 10 20 40 45 55 110 b
1 2 3 5 10 20 40 45 65 110 b
1 2 3 5 10 20 40 45 90 110 b
1 2 3 5 10 20 40 50 55 110 b
1 2 3 5 10 20 40 50 60 110 b
1 2 3 5 10 20 40 50 70 110 b
1 2 3 5 10 20 40 50 90 110 b
1 2 3 5 10 20 40 50 100 110 b
1 2 3 5 10 20 40 60 70 110 b
1 2 3 5 10 20 40 60 100 110 b
1 2 3 5 10 20 40 80 90 110 b
1 2 3 5 10 20 40 80 100 110 b
1 2 3 6 7 12 24 31 55 110 a
1 2 3 6 7 12 24 48 55 110 a
1 2 3 6 7 13 26 29 55 110 b
1 2 3 6 7 13 26 52 55 110 b
1 2 3 6 7 13 26 52 58 110 b
1 2 3 6 7 13 26 52 104 110 b
1 2 3 6 8 11 22 33 55 110 b
1 2 3 6 8 11 22 44 55 110 b
1 2 3 6 8 11 22 44 66 110 b
1 2 3 6 8 11 22 44 88 110 b
1 2 3 6 8 14 22 44 66 110 b
1 2 3 6 8 14 22 44 88 110 b
1 2 3 6 8 16 22 44 66 110 b
1 2 3 6 8 16 22 44 88 110 b
1 2 3 6 9 11 22 33 55 110 b
1 2 3 6 9 11 22 44 55 110 b
1 2 3 6 9 11 22 44 66 110 b
1 2 3 6 9 11 22 44 88 110 b
1 2 3 6 9 18 19 36 55 110 a
1 2 3 6 9 18 19 37 55 110 b
1 2 3 6 9 18 27 28 55 110 b
1 2 3 6 9 18 27 54 55 110 b
1 2 3 6 9 18 27 54 56 110 b
1 2 3 6 9 18 27 54 108 110 b
1 2 3 6 9 18 36 37 55 110 b
1 2 3 6 9 18 36 37 73 110 b
1 2 3 6 9 18 36 37 74 110 b
1 2 3 6 9 18 36 38 72 110 a
1 2 3 6 9 18 36 38 74 110 b
1 2 3 6 9 18 36 54 55 110 b
1 2 3 6 9 18 36 54 56 110 b
1 2 3 6 9 18 36 54 108 110 b
1 2 3 6 9 18 36 72 74 110 b
1 2 3 6 9 18 36 72 108 110 b
1 2 3 6 12 13 26 29 55 110 b
1 2 3 6 12 13 26 52 55 110 b
1 2 3 6 12 13 26 52 58 110 b
1 2 3 6 12 13 26 52 104 110 b
1 2 3 6 12 14 24 48 62 110 a
1 2 3 6 12 14 24 48 96 110 a
1 2 3 6 12 14 26 29 55 110 b
1 2 3 6 12 14 26 52 55 110 b
1 2 3 6 12 14 26 52 58 110 b
1 2 3 6 12 14 26 52 104 110 b
1 2 3 6 12 15 27 28 55 110 b
1 2 3 6 12 15 27 54 55 110 b
1 2 3 6 12 15 27 54 56 110 b
1 2 3 6 12 15 27 54 108 110 b
1 2 3 6 12 18 19 36 55 110 a
1 2 3 6 12 18 19 37 55 110 b
1 2 3 6 12 18 36 37 55 110 b
1 2 3 6 12 18 36 37 73 110 b
1 2 3 6 12 18 36 37 74 110 b
1 2 3 6 12 18 36 38 72 110 a
1 2 3 6 12 18 36 38 74 110 b
1 2 3 6 12 18 36 54 55 110 b
1 2 3 6 12 18 36 54 56 110 b
1 2 3 6 12 18 36 54 108 110 b
1 2 3 6 12 18 36 72 74 110 b
1 2 3 6 12 18 36 72 108 110 b
1 2 3 6 12 24 25 30 55 110 a
1 2 3 6 12 24 25 31 55 110 b
1 2 3 6 12 24 25 49 55 110 b
1 2 3 6 12 24 25 49 61 110 b
1 2 3 6 12 24 25 49 98 110 b
1 2 3 6 12 24 26 29 55 110 b
1 2 3 6 12 24 26 52 55 110 b
1 2 3 6 12 24 26 52 58 110 b
1 2 3 6 12 24 26 52 104 110 b
1 2 3 6 12 24 27 28 55 110 b
1 2 3 6 12 24 27 54 55 110 b
1 2 3 6 12 24 27 54 56 110 b
1 2 3 6 12 24 27 54 108 110 b
1 2 3 6 12 24 30 31 55 110 b
1 2 3 6 12 24 30 54 55 110 b
1 2 3 6 12 24 30 54 56 110 b
1 2 3 6 12 24 30 54 108 110 b
1 2 3 6 12 24 36 37 73 110 b
1 2 3 6 12 24 36 37 74 110 b
1 2 3 6 12 24 36 38 72 110 a
1 2 3 6 12 24 36 38 74 110 b
1 2 3 6 12 24 36 72 74 110 b
1 2 3 6 12 24 36 72 108 110 b
1 2 3 6 12 24 48 49 55 110 b
1 2 3 6 12 24 48 49 61 110 b
1 2 3 6 12 24 48 49 98 110 b
1 2 3 6 12 24 48 50 60 110 a
1 2 3 6 12 24 48 50 62 110 b
1 2 3 6 12 24 48 50 98 110 b
1 2 3 6 12 24 48 54 55 110 b
1 2 3 6 12 24 48 54 56 110 b
1 2 3 6 12 24 48 54 108 110 b
1 2 3 6 12 24 48 60 62 110 b
1 2 3 6 12 24 48 60 108 110 b
1 2 3 6 12 24 48 96 98 110 b
1 2 3 6 12 24 48 96 108 110 b
1 2 4 5 6 11 22 33 55 110 b
1 2 4 5 6 11 22 44 55 110 b
1 2 4 5 6 11 22 44 66 110 b
1 2 4 5 6 11 22 44 88 110 b
1 2 4 5 7 11 22 33 55 110 b
1 2 4 5 7 11 22 44 55 110 b
1 2 4 5 7 11 22 44 66 110 b
1 2 4 5 7 11 22 44 88 110 b
1 2 4 5 7 12 24 31 55 110 b
1 2 4 5 7 12 24 48 55 110 b
1 2 4 5 8 13 21 34 55 110 a
1 2 4 5 8 13 21 42 55 110 a
1 2 4 5 9 11 22 33 55 110 b
1 2 4 5 9 11 22 44 55 110 b
1 2 4 5 9 11 22 44 66 110 b
1 2 4 5 9 11 22 44 88 110 b
1 2 4 5 9 13 22 44 66 110 b
1 2 4 5 9 13 22 44 88 110 b
1 2 4 5 9 14 23 32 55 110 b
1 2 4 5 9 14 23 46 55 110 b
1 2 4 5 9 18 19 36 55 110 a
1 2 4 5 9 18 19 37 55 110 b
1 2 4 5 9 18 22 44 66 110 b
1 2 4 5 9 18 22 44 88 110 b
1 2 4 5 9 18 23 32 55 110 b
1 2 4 5 9 18 23 46 55 110 b
1 2 4 5 9 18 23 46 64 110 b
1 2 4 5 9 18 23 46 92 110 b
1 2 4 5 9 18 27 28 55 110 b
1 2 4 5 9 18 27 54 55 110 b
1 2 4 5 9 18 27 54 56 110 b
1 2 4 5 9 18 27 54 108 110 b
1 2 4 5 9 18 36 37 55 110 b
1 2 4 5 9 18 36 37 73 110 b
1 2 4 5 9 18 36 37 74 110 b
1 2 4 5 9 18 36 38 72 110 a
1 2 4 5 9 18 36 38 74 110 b
1 2 4 5 9 18 36 54 55 110 b
1 2 4 5 9 18 36 54 56 110 b
1 2 4 5 9 18 36 54 108 110 b
1 2 4 5 9 18 36 72 74 110 b
1 2 4 5 9 18 36 72 108 110 b
1 2 4 5 10 11 22 33 55 110 b
1 2 4 5 10 11 22 44 55 110 b
1 2 4 5 10 11 22 44 66 110 b
1 2 4 5 10 11 22 44 88 110 b
1 2 4 5 10 12 22 44 66 110 b
1 2 4 5 10 12 22 44 88 110 b
1 2 4 5 10 14 24 48 62 110 b
1 2 4 5 10 14 24 48 96 110 b
1 2 4 5 10 15 20 35 55 110 b
1 2 4 5 10 15 20 40 55 110 b
1 2 4 5 10 15 25 30 55 110 b
1 2 4 5 10 15 25 40 55 110 b
1 2 4 5 10 15 25 50 55 110 b
1 2 4 5 10 15 25 50 60 110 b
1 2 4 5 10 15 25 50 100 110 b
1 2 4 5 10 15 30 40 55 110 b
1 2 4 5 10 15 30 40 70 110 b
1 2 4 5 10 15 30 40 80 110 b
1 2 4 5 10 15 30 45 55 110 b
1 2 4 5 10 20 22 44 66 110 b
1 2 4 5 10 20 22 44 88 110 b
1 2 4 5 10 20 25 30 55 110 b
1 2 4 5 10 20 25 35 55 110 b
1 2 4 5 10 20 25 45 55 110 b
1 2 4 5 10 20 25 45 65 110 b
1 2 4 5 10 20 25 45 90 110 b
1 2 4 5 10 20 25 50 55 110 b
1 2 4 5 10 20 25 50 60 110 b
1 2 4 5 10 20 25 50 100 110 b
1 2 4 5 10 20 30 35 55 110 b
1 2 4 5 10 20 30 40 70 110 b
1 2 4 5 10 20 30 40 80 110 b
1 2 4 5 10 20 30 50 55 110 b
1 2 4 5 10 20 30 50 60 110 b
1 2 4 5 10 20 30 50 80 110 b
1 2 4 5 10 20 30 50 100 110 b
1 2 4 5 10 20 30 60 80 110 b
1 2 4 5 10 20 30 60 90 110 b
1 2 4 5 10 20 40 45 55 110 b
1 2 4 5 10 20 40 45 65 110 b
1 2 4 5 10 20 40 45 90 110 b
1 2 4 5 10 20 40 50 55 110 b
1 2 4 5 10 20 40 50 60 110 b
1 2 4 5 10 20 40 50 70 110 b
1 2 4 5 10 20 40 50 90 110 b
1 2 4 5 10 20 40 50 100 110 b
1 2 4 5 10 20 40 60 70 110 b
1 2 4 5 10 20 40 60 100 110 b
1 2 4 5 10 20 40 80 90 110 b
1 2 4 5 10 20 40 80 100 110 b
1 2 4 6 7 11 22 33 55 110 b
1 2 4 6 7 11 22 44 55 110 b
1 2 4 6 7 11 22 44 66 110 b
1 2 4 6 7 11 22 44 88 110 b
1 2 4 6 7 12 24 31 55 110 a
1 2 4 6 7 12 24 48 55 110 a
1 2 4 6 7 13 26 52 58 110 b
1 2 4 6 7 13 26 52 104 110 b
1 2 4 6 8 14 22 44 66 110 b
1 2 4 6 8 14 22 44 88 110 b
1 2 4 6 8 16 22 44 66 110 b
1 2 4 6 8 16 22 44 88 110 b
1 2 4 6 10 11 22 33 55 110 b
1 2 4 6 10 11 22 44 55 110 b
1 2 4 6 10 11 22 44 66 110 b
1 2 4 6 10 11 22 44 88 110 b
1 2 4 6 10 12 22 44 66 110 b
1 2 4 6 10 12 22 44 88 110 b
1 2 4 6 10 14 24 48 62 110 b
1 2 4 6 10 14 24 48 96 110 b
1 2 4 6 10 16 22 44 66 110 b
1 2 4 6 10 16 22 44 88 110 b
1 2 4 6 10 16 26 42 68 110 b
1 2 4 6 10 16 26 42 84 110 b
1 2 4 6 10 16 26 52 58 110 b
1 2 4 6 10 16 26 52 104 110 b
1 2 4 6 10 20 22 44 66 110 b
1 2 4 6 10 20 22 44 88 110 b
1 2 4 6 10 20 26 52 58 110 b
1 2 4 6 10 20 26 52 104 110 b
1 2 4 6 10 20 30 40 70 110 b
1 2 4 6 10 20 30 40 80 110 b
1 2 4 6 10 20 30 50 60 110 b
1 2 4 6 10 20 30 50 80 110 b
1 2 4 6 10 20 30 50 100 110 b
1 2 4 6 10 20 30 60 80 110 b
1 2 4 6 10 20 30 60 90 110 b
1 2 4 6 10 20 40 50 60 110 b
1 2 4 6 10 20 40 50 70 110 b
1 2 4 6 10 20 40 50 90 110 b
1 2 4 6 10 20 40 50 100 110 b
1 2 4 6 10 20 40 60 70 110 b
1 2 4 6 10 20 40 60 100 110 b
1 2 4 6 10 20 40 80 90 110 b
1 2 4 6 10 20 40 80 100 110 b
1 2 4 6 12 13 26 52 58 110 b
1 2 4 6 12 13 26 52 104 110 b
1 2 4 6 12 14 24 48 62 110 a
1 2 4 6 12 14 24 48 96 110 a
1 2 4 6 12 14 26 52 58 110 b
1 2 4 6 12 14 26 52 104 110 b
1 2 4 6 12 16 22 44 66 110 b
1 2 4 6 12 16 22 44 88 110 b
1 2 4 6 12 18 19 36 55 110 a
1 2 4 6 12 18 19 37 55 110 b
1 2 4 6 12 18 22 44 66 110 b
1 2 4 6 12 18 22 44 88 110 b
1 2 4 6 12 18 36 37 55 110 b
1 2 4 6 12 18 36 37 73 110 b
1 2 4 6 12 18 36 37 74 110 b
1 2 4 6 12 18 36 38 72 110 a
1 2 4 6 12 18 36 38 74 110 b
1 2 4 6 12 18 36 54 55 110 b
1 2 4 6 12 18 36 54 56 110 b
1 2 4 6 12 18 36 54 108 110 b
1 2 4 6 12 18 36 72 74 110 b
1 2 4 6 12 18 36 72 108 110 b
1 2 4 6 12 24 25 30 55 110 a
1 2 4 6 12 24 25 31 55 110 b
1 2 4 6 12 24 25 49 55 110 b
1 2 4 6 12 24 25 49 61 110 b
1 2 4 6 12 24 25 49 98 110 b
1 2 4 6 12 24 26 52 58 110 b
1 2 4 6 12 24 26 52 104 110 b
1 2 4 6 12 24 28 52 58 110 b
1 2 4 6 12 24 28 52 104 110 b
1 2 4 6 12 24 30 31 55 110 b
1 2 4 6 12 24 30 54 55 110 b
1 2 4 6 12 24 30 54 56 110 b
1 2 4 6 12 24 30 54 108 110 b
1 2 4 6 12 24 36 37 73 110 b
1 2 4 6 12 24 36 37 74 110 b
1 2 4 6 12 24 36 38 72 110 a
1 2 4 6 12 24 36 38 74 110 b
1 2 4 6 12 24 36 72 74 110 b
1 2 4 6 12 24 36 72 108 110 b
1 2 4 6 12 24 48 49 55 110 b
1 2 4 6 12 24 48 49 61 110 b
1 2 4 6 12 24 48 49 98 110 b
1 2 4 6 12 24 48 50 60 110 a
1 2 4 6 12 24 48 50 62 110 b
1 2 4 6 12 24 48 50 98 110 b
1 2 4 6 12 24 48 52 58 110 b
1 2 4 6 12 24 48 52 104 110 b
1 2 4 6 12 24 48 54 55 110 b
1 2 4 6 12 24 48 54 56 110 b
1 2 4 6 12 24 48 54 108 110 b
1 2 4 6 12 24 48 60 62 110 b
1 2 4 6 12 24 48 60 108 110 b
1 2 4 6 12 24 48 96 98 110 b
1 2 4 6 12 24 48 96 108 110 b
1 2 4 8 9 11 22 33 55 110 b
1 2 4 8 9 11 22 44 55 110 b
1 2 4 8 9 11 22 44 66 110 b
1 2 4 8 9 11 22 44 88 110 b
1 2 4 8 9 13 21 34 55 110 b
1 2 4 8 9 13 21 42 55 110 b
1 2 4 8 9 13 22 44 66 110 b
1 2 4 8 9 13 22 44 88 110 b
1 2 4 8 9 17 19 36 55 110 b
1 2 4 8 9 17 19 38 55 110 b
1 2 4 8 9 17 21 34 55 110 a
1 2 4 8 9 17 21 38 55 110 b
1 2 4 8 9 17 34 38 55 110 b
1 2 4 8 9 17 34 38 72 110 b
1 2 4 8 9 17 34 38 76 110 b
1 2 4 8 9 17 34 42 68 110 a
1 2 4 8 9 17 34 42 76 110 b
1 2 4 8 9 17 34 51 55 110 b
1 2 4 8 9 17 34 51 59 110 b
1 2 4 8 9 17 34 51 102 110 b
1 2 4 8 9 17 34 68 76 110 b
1 2 4 8 9 17 34 68 102 110 b
1 2 4 8 9 18 19 36 55 110 a
1 2 4 8 9 18 19 37 55 110 b
1 2 4 8 9 18 22 44 66 110 b
1 2 4 8 9 18 22 44 88 110 b
1 2 4 8 9 18 27 28 55 110 b
1 2 4 8 9 18 27 54 55 110 b
1 2 4 8 9 18 27 54 56 110 b
1 2 4 8 9 18 27 54 108 110 b
1 2 4 8 9 18 36 37 55 110 b
1 2 4 8 9 18 36 37 73 110 b
1 2 4 8 9 18 36 37 74 110 b
1 2 4 8 9 18 36 38 72 110 a
1 2 4 8 9 18 36 38 74 110 b
1 2 4 8 9 18 36 54 55 110 b
1 2 4 8 9 18 36 54 56 110 b
1 2 4 8 9 18 36 54 108 110 b
1 2 4 8 9 18 36 72 74 110 b
1 2 4 8 9 18 36 72 108 110 b
1 2 4 8 10 11 22 33 55 110 b
1 2 4 8 10 11 22 44 55 110 b
1 2 4 8 10 11 22 44 66 110 b
1 2 4 8 10 11 22 44 88 110 b
1 2 4 8 10 12 22 44 66 110 b
1 2 4 8 10 12 22 44 88 110 b
1 2 4 8 10 14 22 44 66 110 b
1 2 4 8 10 14 22 44 88 110 b
1 2 4 8 10 14 24 48 62 110 b
1 2 4 8 10 14 24 48 96 110 b
1 2 4 8 10 16 26 42 68 110 a
1 2 4 8 10 16 26 42 84 110 a
1 2 4 8 10 18 19 36 55 110 a
1 2 4 8 10 18 19 37 55 110 b
1 2 4 8 10 18 22 44 66 110 b
1 2 4 8 10 18 22 44 88 110 b
1 2 4 8 10 18 28 46 64 110 b
1 2 4 8 10 18 28 46 92 110 b
1 2 4 8 10 18 36 37 55 110 b
1 2 4 8 10 18 36 37 73 110 b
1 2 4 8 10 18 36 37 74 110 b
1 2 4 8 10 18 36 38 72 110 a
1 2 4 8 10 18 36 38 74 110 b
1 2 4 8 10 18 36 46 64 110 b
1 2 4 8 10 18 36 46 92 110 b
1 2 4 8 10 18 36 54 55 110 b
1 2 4 8 10 18 36 54 56 110 b
1 2 4 8 10 18 36 54 108 110 b
1 2 4 8 10 18 36 72 74 110 b
1 2 4 8 10 18 36 72 108 110 b
1 2 4 8 10 20 22 44 66 110 b
1 2 4 8 10 20 22 44 88 110 b
1 2 4 8 10 20 30 40 70 110 b
1 2 4 8 10 20 30 40 80 110 b
1 2 4 8 10 20 30 50 60 110 b
1 2 4 8 10 20 30 50 80 110 b
1 2 4 8 10 20 30 50 100 110 b
1 2 4 8 10 20 30 60 80 110 b
1 2 4 8 10 20 30 60 90 110 b
1 2 4 8 10 20 40 50 60 110 b
1 2 4 8 10 20 40 50 70 110 b
1 2 4 8 10 20 40 50 90 110 b
1 2 4 8 10 20 40 50 100 110 b
1 2 4 8 10 20 40 60 70 110 b
1 2 4 8 10 20 40 60 100 110 b
1 2 4 8 10 20 40 80 90 110 b
1 2 4 8 10 20 40 80 100 110 b
1 2 4 8 12 13 21 34 55 110 b
1 2 4 8 12 13 21 42 55 110 b
1 2 4 8 12 14 22 44 66 110 b
1 2 4 8 12 14 22 44 88 110 b
1 2 4 8 12 14 24 48 62 110 a
1 2 4 8 12 14 24 48 96 110 a
1 2 4 8 12 20 22 44 66 110 b
1 2 4 8 12 20 22 44 88 110 b
1 2 4 8 12 24 25 49 61 110 b
1 2 4 8 12 24 25 49 98 110 b
1 2 4 8 12 24 36 37 73 110 b
1 2 4 8 12 24 36 37 74 110 b
1 2 4 8 12 24 36 38 72 110 a
1 2 4 8 12 24 36 38 74 110 b
1 2 4 8 12 24 36 72 74 110 b
1 2 4 8 12 24 36 72 108 110 b
1 2 4 8 12 24 48 49 61 110 b
1 2 4 8 12 24 48 49 98 110 b
1 2 4 8 12 24 48 50 60 110 a
1 2 4 8 12 24 48 50 62 110 b
1 2 4 8 12 24 48 50 98 110 b
1 2 4 8 12 24 48 60 62 110 b
1 2 4 8 12 24 48 60 108 110 b
1 2 4 8 12 24 48 96 98 110 b
1 2 4 8 12 24 48 96 108 110 b
1 2 4 8 16 17 19 36 55 110 b
1 2 4 8 16 17 19 38 55 110 b
1 2 4 8 16 17 21 34 55 110 a
1 2 4 8 16 17 21 38 55 110 b
1 2 4 8 16 17 34 38 55 110 b
1 2 4 8 16 17 34 38 72 110 b
1 2 4 8 16 17 34 38 76 110 b
1 2 4 8 16 17 34 42 68 110 a
1 2 4 8 16 17 34 42 76 110 b
1 2 4 8 16 17 34 51 55 110 b
1 2 4 8 16 17 34 51 59 110 b
1 2 4 8 16 17 34 51 102 110 b
1 2 4 8 16 17 34 68 76 110 b
1 2 4 8 16 17 34 68 102 110 b
1 2 4 8 16 18 19 36 55 110 a
1 2 4 8 16 18 19 37 55 110 b
1 2 4 8 16 18 22 44 66 110 b
1 2 4 8 16 18 22 44 88 110 b
1 2 4 8 16 18 26 42 68 110 b
1 2 4 8 16 18 26 42 84 110 b
1 2 4 8 16 18 34 38 72 110 b
1 2 4 8 16 18 34 38 76 110 b
1 2 4 8 16 18 34 42 68 110 a
1 2 4 8 16 18 34 42 76 110 b
1 2 4 8 16 18 34 68 76 110 b
1 2 4 8 16 18 34 68 102 110 b
1 2 4 8 16 18 36 37 55 110 b
1 2 4 8 16 18 36 37 73 110 b
1 2 4 8 16 18 36 37 74 110 b
1 2 4 8 16 18 36 38 72 110 a
1 2 4 8 16 18 36 38 74 110 b
1 2 4 8 16 18 36 54 55 110 b
1 2 4 8 16 18 36 54 56 110 b
1 2 4 8 16 18 36 54 108 110 b
1 2 4 8 16 18 36 72 74 110 b
1 2 4 8 16 18 36 72 108 110 b
1 2 4 8 16 20 22 44 66 110 b
1 2 4 8 16 20 22 44 88 110 b
1 2 4 8 16 20 36 37 73 110 b
1 2 4 8 16 20 36 37 74 110 b
1 2 4 8 16 20 36 38 72 110 a
1 2 4 8 16 20 36 38 74 110 b
1 2 4 8 16 20 36 72 74 110 b
1 2 4 8 16 20 36 72 108 110 b
1 2 4 8 16 24 26 42 68 110 b
1 2 4 8 16 24 26 42 84 110 b
1 2 4 8 16 32 34 38 72 110 b
1 2 4 8 16 32 34 38 76 110 b
1 2 4 8 16 32 34 42 68 110 a
1 2 4 8 16 32 34 42 76 110 b
1 2 4 8 16 32 34 68 76 110 b
1 2 4 8 16 32 34 68 102 110 b
1 2 4 8 16 32 36 37 73 110 b
1 2 4 8 16 32 36 37 74 110 b
1 2 4 8 16 32 36 38 72 110 a
1 2 4 8 16 32 36 38 74 110 b
1 2 4 8 16 32 36 72 74 110 b
1 2 4 8 16 32 36 72 108 110 b
