1 2 3 4 7 10 20 40 47 87 174 b
1 2 3 4 7 10 20 40 80 87 174 b
1 2 3 4 7 11 18 29 58 87 174 b
1 2 3 4 7 11 18 29 58 116 174 b
1 2 3 4 7 11 22 29 58 87 174 b
1 2 3 4 7 11 22 29 58 116 174 b
1 2 3 4 7 14 15 29 58 87 174 b
1 2 3 4 7 14 15 29 58 116 174 b
1 2 3 4 7 14 21 42 45 87 174 b
1 2 3 4 7 14 21 42 84 87 174 b
1 2 3 4 7 14 28 29 58 87 174 b
1 2 3 4 7 14 28 29 58 116 174 b
1 2 3 4 7 14 28 30 58 116 174 b
1 2 3 4 7 14 28 31 56 87 174 a
1 2 3 4 7 14 28 31 59 87 174 b
1 2 3 4 7 14 28 42 45 87 174 b
1 2 3 4 7 14 28 42 84 87 174 b
1 2 3 4 7 14 28 56 58 116 174 b
1 2 3 4 7 14 28 56 59 87 174 b
1 2 3 4 7 14 28 56 59 115 174 b
1 2 3 4 7 14 28 56 59 118 174 b
1 2 3 4 7 14 28 56 84 87 174 b
1 2 3 4 8 11 19 38 49 87 174 b
1 2 3 4 8 11 19 38 76 87 174 b
1 2 3 5 6 12 17 29 58 87 174 b
1 2 3 5 6 12 17 29 58 116 174 b
1 2 3 5 6 12 24 29 58 87 174 b
1 2 3 5 6 12 24 29 58 116 174 b
1 2 3 5 7 10 20 40 47 87 174 b
1 2 3 5 7 10 20 40 80 87 174 b
1 2 3 5 7 12 17 29 58 87 174 b
1 2 3 5 7 12 17 29 58 116 174 b
1 2 3 5 7 12 24 29 58 87 174 b
1 2 3 5 7 12 24 29 58 116 174 b
1 2 3 5 7 14 15 29 58 87 174 b
1 2 3 5 7 14 15 29 58 116 174 b
1 2 3 5 7 14 21 42 45 87 174 b
1 2 3 5 7 14 21 42 84 87 174 b
1 2 3 5 7 14 28 29 58 87 174 b
1 2 3 5 7 14 28 29 58 116 174 b
1 2 3 5 7 14 28 30 58 116 174 b
1 2 3 5 7 14 28 31 56 87 174 a
1 2 3 5 7 14 28 31 59 87 174 b
1 2 3 5 7 14 28 42 45 87 174 b
1 2 3 5 7 14 28 42 84 87 174 b
1 2 3 5 7 14 28 56 58 116 174 b
1 2 3 5 7 14 28 56 59 87 174 b
1 2 3 5 7 14 28 56 59 115 174 b
1 2 3 5 7 14 28 56 59 118 174 b
1 2 3 5 7 14 28 56 84 87 174 b
1 2 3 5 8 11 19 38 49 87 174 b
1 2 3 5 8 11 19 38 76 87 174 b
1 2 3 5 8 13 16 29 58 87 174 b
1 2 3 5 8 13 16 29 58 116 174 b
1 2 3 5 8 13 21 29 58 87 174 b
1 2 3 5 8 13 21 29 58 116 174 b
1 2 3 5 8 13 21 42 45 87 174 b
1 2 3 5 8 13 21 42 84 87 174 b
1 2 3 5 8 13 26 29 58 87 174 b
1 2 3 5 8 13 26 29 58 116 174 b
1 2 3 5 8 16 21 29 58 87 174 b
1 2 3 5 8 16 21 29 58 116 174 b
1 2 3 5 8 16 21 37 58 116 174 b
1 2 3 5 8 16 21 42 45 87 174 b
1 2 3 5 8 16 21 42 58 116 174 b
1 2 3 5 8 16 21 42 84 87 174 b
1 2 3 5 8 16 24 29 58 87 174 b
1 2 3 5 8 16 24 29 58 116 174 b
1 2 3 5 10 11 21 42 45 87 174 b
1 2 3 5 10 11 21 42 84 87 174 b
1 2 3 5 10 12 17 29 58 87 174 b
1 2 3 5 10 12 17 29 58 116 174 b
1 2 3 5 10 12 24 29 58 87 174 b
1 2 3 5 10 12 24 29 58 116 174 b
1 2 3 5 10 12 24 34 58 116 174 b
1 2 3 5 10 12 24 48 58 116 174 b
1 2 3 5 10 13 16 29 58 87 174 b
1 2 3 5 10 13 16 29 58 116 174 b
1 2 3 5 10 13 26 29 58 87 174 b
1 2 3 5 10 13 26 29 58 116 174 b
1 2 3 5 10 15 18 36 51 87 174 b
1 2 3 5 10 15 18 36 72 87 174 b
1 2 3 5 10 20 21 41 46 87 174 b
1 2 3 5 10 20 21 41 82 87 174 b
1 2 3 5 10 20 21 41 82 92 174 b
1 2 3 5 10 20 21 41 82 164 174 b
1 2 3 5 10 20 21 42 45 87 174 b
1 2 3 5 10 20 21 42 84 87 174 b
1 2 3 5 10 20 22 42 45 87 174 b
1 2 3 5 10 20 22 42 84 87 174 b
1 2 3 5 10 20 23 43 44 87 174 b
1 2 3 5 10 20 23 43 86 87 174 b
1 2 3 5 10 20 23 43 86 88 174 b
1 2 3 5 10 20 23 43 86 172 174 b
1 2 3 5 10 20 40 41 46 87 174 b
1 2 3 5 10 20 40 41 82 87 174 b
1 2 3 5 10 20 40 41 82 92 174 b
1 2 3 5 10 20 40 41 82 164 174 b
1 2 3 5 10 20 40 42 45 87 174 b
1 2 3 5 10 20 40 42 47 87 174 b
1 2 3 5 10 20 40 42 82 87 174 b
1 2 3 5 10 20 40 42 82 92 174 b
1 2 3 5 10 20 40 42 82 164 174 b
1 2 3 5 10 20 40 42 84 87 174 b
1 2 3 5 10 20 40 43 44 87 174 b
1 2 3 5 10 20 40 43 86 87 174 b
1 2 3 5 10 20 40 43 86 88 174 b
1 2 3 5 10 20 40 43 86 172 174 b
1 2 3 5 10 20 40 45 47 87 174 b
1 2 3 5 10 20 40 45 85 87 174 b
1 2 3 5 10 20 40 80 82 87 174 b
1 2 3 5 10 20 40 80 82 92 174 b
1 2 3 5 10 20 40 80 82 164 174 b
1 2 3 5 10 20 40 80 85 87 174 b
1 2 3 6 7 10 20 40 47 87 174 b
1 2 3 6 7 10 20 40 80 87 174 b
1 2 3 6 7 13 16 29 58 87 174 b
1 2 3 6 7 13 16 29 58 116 174 b
1 2 3 6 7 13 20 40 47 87 174 b
1 2 3 6 7 13 20 40 80 87 174 b
1 2 3 6 7 13 26 29 58 87 174 b
1 2 3 6 7 13 26 29 58 116 174 b
1 2 3 6 7 13 26 32 58 116 174 b
1 2 3 6 7 13 26 52 58 116 174 b
1 2 3 6 7 14 15 29 58 87 174 b
1 2 3 6 7 14 15 29 58 116 174 b
1 2 3 6 7 14 20 40 47 87 174 b
1 2 3 6 7 14 20 40 80 87 174 b
1 2 3 6 7 14 20 40 80 94 174 b
1 2 3 6 7 14 20 40 80 160 174 b
1 2 3 6 7 14 21 42 45 87 174 b
1 2 3 6 7 14 21 42 84 87 174 b
1 2 3 6 7 14 21 42 84 90 174 b
1 2 3 6 7 14 21 42 84 168 174 b
1 2 3 6 7 14 28 29 58 87 174 b
1 2 3 6 7 14 28 29 58 116 174 b
1 2 3 6 7 14 28 30 58 116 174 b
1 2 3 6 7 14 28 31 56 87 174 a
1 2 3 6 7 14 28 31 59 87 174 b
1 2 3 6 7 14 28 42 45 87 174 b
1 2 3 6 7 14 28 42 84 87 174 b
1 2 3 6 7 14 28 42 84 90 174 b
1 2 3 6 7 14 28 42 84 168 174 b
1 2 3 6 7 14 28 56 58 116 174 b
1 2 3 6 7 14 28 56 59 87 174 b
1 2 3 6 7 14 28 56 59 115 174 b
1 2 3 6 7 14 28 56 59 118 174 b
1 2 3 6 7 14 28 56 62 112 174 a
1 2 3 6 7 14 28 56 62 118 174 b
1 2 3 6 7 14 28 56 84 87 174 b
1 2 3 6 7 14 28 56 84 90 174 b
1 2 3 6 7 14 28 56 84 168 174 b
1 2 3 6 7 14 28 56 112 118 174 b
1 2 3 6 7 14 28 56 112 168 174 b
1 2 3 6 8 11 19 38 49 87 174 b
1 2 3 6 8 11 19 38 76 87 174 b
1 2 3 6 8 14 15 29 58 87 174 b
1 2 3 6 8 14 15 29 58 116 174 b
1 2 3 6 8 14 20 40 80 94 174 b
1 2 3 6 8 14 20 40 80 160 174 b
1 2 3 6 8 14 22 36 58 116 174 b
1 2 3 6 8 14 22 44 58 116 174 b
1 2 3 6 8 14 28 29 58 87 174 b
1 2 3 6 8 14 28 29 58 116 174 b
1 2 3 6 8 14 28 30 58 116 174 b
1 2 3 6 8 14 28 31 56 87 174 a
1 2 3 6 8 14 28 31 59 87 174 b
1 2 3 6 8 14 28 42 45 87 174 b
1 2 3 6 8 14 28 42 84 87 174 b
1 2 3 6 8 14 28 42 84 90 174 b
1 2 3 6 8 14 28 42 84 168 174 b
1 2 3 6 8 14 28 56 58 116 174 b
1 2 3 6 8 14 28 56 59 87 174 b
1 2 3 6 8 14 28 56 59 115 174 b
1 2 3 6 8 14 28 56 59 118 174 b
1 2 3 6 8 14 28 56 62 112 174 a
1 2 3 6 8 14 28 56 62 118 174 b
1 2 3 6 8 14 28 56 84 87 174 b
1 2 3 6 8 14 28 56 84 90 174 b
1 2 3 6 8 14 28 56 84 168 174 b
1 2 3 6 8 14 28 56 112 118 174 b
1 2 3 6 8 14 28 56 112 168 174 b
1 2 3 6 8 16 22 38 76 98 174 b
1 2 3 6 8 16 22 38 76 152 174 b
1 2 3 6 9 10 19 29 58 87 174 b
1 2 3 6 9 10 19 29 58 116 174 b
1 2 3 6 9 10 20 29 58 87 174 b
1 2 3 6 9 10 20 29 58 116 174 b
1 2 3 6 9 11 18 29 58 87 174 a
1 2 3 6 9 11 18 29 58 116 174 a
1 2 3 6 9 11 20 29 58 87 174 b
1 2 3 6 9 11 20 29 58 116 174 b
1 2 3 6 9 12 21 33 54 87 174 b
1 2 3 6 9 12 21 33 66 87 174 b
1 2 3 6 9 12 21 42 45 87 174 b
1 2 3 6 9 12 21 42 84 87 174 b
1 2 3 6 9 12 21 42 84 90 174 b
1 2 3 6 9 12 21 42 84 168 174 b
1 2 3 6 9 15 18 36 51 87 174 b
1 2 3 6 9 15 18 36 72 87 174 b
1 2 3 6 9 15 21 36 51 87 174 b
1 2 3 6 9 15 21 36 72 87 174 b
1 2 3 6 9 15 21 42 45 87 174 b
1 2 3 6 9 15 21 42 84 87 174 b
1 2 3 6 9 15 21 42 84 90 174 b
1 2 3 6 9 15 21 42 84 168 174 b
1 2 3 6 9 15 24 39 48 87 174 b
1 2 3 6 9 15 24 39 63 87 174 b
1 2 3 6 9 15 24 39 78 87 174 b
1 2 3 6 9 15 24 48 63 87 174 b
1 2 3 6 9 15 24 48 63 111 174 b
1 2 3 6 9 15 24 48 63 126 174 b
1 2 3 6 9 15 24 48 72 87 174 b
1 2 3 6 9 15 30 36 51 87 174 b
1 2 3 6 9 15 30 36 72 87 174 b
1 2 3 6 9 15 30 36 72 102 174 b
1 2 3 6 9 15 30 36 72 144 174 b
1 2 3 6 9 15 30 39 48 87 174 b
1 2 3 6 9 15 30 39 78 87 174 b
1 2 3 6 9 18 20 29 58 87 174 b
1 2 3 6 9 18 20 29 58 116 174 b
1 2 3 6 9 18 20 38 58 116 174 b
1 2 3 6 9 18 20 40 58 116 174 b
1 2 3 6 9 18 21 39 48 87 174 b
1 2 3 6 9 18 21 39 78 87 174 b
1 2 3 6 9 18 21 39 78 96 174 b
1 2 3 6 9 18 21 39 78 156 174 b
1 2 3 6 9 18 21 42 45 87 174 b
1 2 3 6 9 18 21 42 84 87 174 b
1 2 3 6 9 18 21 42 84 90 174 b
1 2 3 6 9 18 21 42 84 168 174 b
1 2 3 6 9 18 24 42 45 87 174 b
1 2 3 6 9 18 24 42 66 108 174 b
1 2 3 6 9 18 24 42 66 132 174 b
1 2 3 6 9 18 24 42 84 87 174 b
1 2 3 6 9 18 24 42 84 90 174 b
1 2 3 6 9 18 24 42 84 168 174 b
1 2 3 6 9 18 27 29 58 87 174 b
1 2 3 6 9 18 27 29 58 116 174 b
1 2 3 6 9 18 27 30 57 87 174 b
1 2 3 6 9 18 27 30 60 87 174 b
1 2 3 6 9 18 27 33 54 87 174 a
1 2 3 6 9 18 27 33 60 87 174 b
1 2 3 6 9 18 27 54 60 87 174 b
1 2 3 6 9 18 27 54 60 114 174 b
1 2 3 6 9 18 27 54 60 120 174 b
1 2 3 6 9 18 27 54 81 87 174 b
1 2 3 6 9 18 36 39 48 87 174 b
1 2 3 6 9 18 36 39 78 87 174 b
1 2 3 6 9 18 36 39 78 96 174 b
1 2 3 6 9 18 36 39 78 156 174 b
1 2 3 6 9 18 36 42 45 87 174 b
1 2 3 6 9 18 36 42 51 87 174 b
1 2 3 6 9 18 36 42 78 87 174 b
1 2 3 6 9 18 36 42 78 96 174 b
1 2 3 6 9 18 36 42 78 156 174 b
1 2 3 6 9 18 36 42 84 87 174 b
1 2 3 6 9 18 36 42 84 90 174 b
1 2 3 6 9 18 36 42 84 168 174 b
1 2 3 6 9 18 36 45 51 87 174 b
1 2 3 6 9 18 36 45 81 87 174 b
1 2 3 6 9 18 36 54 60 114 174 b
1 2 3 6 9 18 36 54 60 120 174 b
1 2 3 6 9 18 36 72 78 87 174 b
1 2 3 6 9 18 36 72 78 96 174 b
1 2 3 6 9 18 36 72 78 156 174 b
1 2 3 6 9 18 36 72 81 87 174 b
1 2 3 6 12 13 16 29 58 87 174 b
1 2 3 6 12 13 16 29 58 116 174 b
1 2 3 6 12 13 24 37 50 87 174 a
1 2 3 6 12 13 24 37 74 87 174 a
1 2 3 6 12 13 25 31 56 87 174 b
1 2 3 6 12 13 25 31 62 87 174 b
1 2 3 6 12 13 25 37 50 87 174 b
1 2 3 6 12 13 25 37 62 87 174 b
1 2 3 6 12 13 25 37 74 87 174 b
1 2 3 6 12 13 25 50 62 87 174 b
1 2 3 6 12 13 25 50 62 112 174 b
1 2 3 6 12 13 25 50 62 124 174 b
1 2 3 6 12 13 25 50 75 87 174 b
1 2 3 6 12 13 26 29 58 87 174 b
1 2 3 6 12 13 26 29 58 116 174 b
1 2 3 6 12 13 26 32 58 116 174 b
1 2 3 6 12 13 26 52 58 116 174 b
1 2 3 6 12 14 15 29 58 87 174 b
1 2 3 6 12 14 15 29 58 116 174 b
1 2 3 6 12 14 17 29 58 87 174 b
1 2 3 6 12 14 17 29 58 116 174 b
1 2 3 6 12 14 20 40 80 94 174 b
1 2 3 6 12 14 20 40 80 160 174 b
1 2 3 6 12 14 26 29 58 87 174 b
1 2 3 6 12 14 26 29 58 116 174 b
1 2 3 6 12 14 26 32 58 116 174 b
1 2 3 6 12 14 26 40 80 94 174 b
1 2 3 6 12 14 26 40 80 160 174 b
1 2 3 6 12 14 26 52 58 116 174 b
1 2 3 6 12 14 28 29 58 87 174 b
1 2 3 6 12 14 28 29 58 116 174 b
1 2 3 6 12 14 28 30 58 116 174 b
1 2 3 6 12 14 28 31 56 87 174 a
1 2 3 6 12 14 28 31 59 87 174 b
1 2 3 6 12 14 28 40 80 94 174 b
1 2 3 6 12 14 28 40 80 160 174 b
1 2 3 6 12 14 28 42 45 87 174 b
1 2 3 6 12 14 28 42 84 87 174 b
1 2 3 6 12 14 28 42 84 90 174 b
1 2 3 6 12 14 28 42 84 168 174 b
1 2 3 6 12 14 28 56 58 116 174 b
1 2 3 6 12 14 28 56 59 87 174 b
1 2 3 6 12 14 28 56 59 115 174 b
1 2 3 6 12 14 28 56 59 118 174 b
1 2 3 6 12 14 28 56 62 112 174 a
1 2 3 6 12 14 28 56 62 118 174 b
1 2 3 6 12 14 28 56 84 87 174 b
1 2 3 6 12 14 28 56 84 90 174 b
1 2 3 6 12 14 28 56 84 168 174 b
1 2 3 6 12 14 28 56 112 118 174 b
1 2 3 6 12 14 28 56 112 168 174 b
1 2 3 6 12 15 17 29 58 87 174 b
1 2 3 6 12 15 17 29 58 116 174 b
1 2 3 6 12 15 18 36 51 87 174 b
1 2 3 6 12 15 18 36 72 87 174 b
1 2 3 6 12 15 21 33 54 87 174 b
1 2 3 6 12 15 21 33 66 87 174 b
1 2 3 6 12 15 21 36 51 87 174 b
1 2 3 6 12 15 21 36 72 87 174 b
1 2 3 6 12 15 21 42 45 87 174 b
1 2 3 6 12 15 21 42 84 87 174 b
1 2 3 6 12 15 21 42 84 90 174 b
1 2 3 6 12 15 21 42 84 168 174 b
1 2 3 6 12 15 24 36 51 87 174 a
1 2 3 6 12 15 24 36 72 87 174 a
1 2 3 6 12 15 24 39 48 87 174 a
1 2 3 6 12 15 24 39 63 87 174 a
1 2 3 6 12 15 24 48 63 87 174 a
1 2 3 6 12 15 24 48 63 111 174 a
1 2 3 6 12 15 24 48 63 126 174 a
1 2 3 6 12 15 24 48 72 87 174 a
1 2 3 6 12 15 27 29 58 87 174 b
1 2 3 6 12 15 27 29 58 116 174 b
1 2 3 6 12 15 27 30 57 87 174 b
1 2 3 6 12 15 27 30 60 87 174 b
1 2 3 6 12 15 27 33 54 87 174 a
1 2 3 6 12 15 27 33 60 87 174 b
1 2 3 6 12 15 27 42 45 87 174 b
1 2 3 6 12 15 27 42 84 87 174 b
1 2 3 6 12 15 27 42 84 90 174 b
1 2 3 6 12 15 27 42 84 168 174 b
1 2 3 6 12 15 27 54 60 87 174 b
1 2 3 6 12 15 27 54 60 114 174 b
1 2 3 6 12 15 27 54 60 120 174 b
1 2 3 6 12 15 27 54 66 108 174 a
1 2 3 6 12 15 27 54 66 120 174 b
1 2 3 6 12 15 27 54 81 87 174 b
1 2 3 6 12 15 27 54 81 93 174 b
1 2 3 6 12 15 27 54 81 162 174 b
1 2 3 6 12 15 27 54 108 120 174 b
1 2 3 6 12 15 27 54 108 162 174 b
1 2 3 6 12 15 30 36 51 87 174 b
1 2 3 6 12 15 30 36 72 87 174 b
1 2 3 6 12 15 30 36 72 102 174 b
1 2 3 6 12 15 30 36 72 144 174 b
1 2 3 6 12 15 30 42 45 87 174 b
1 2 3 6 12 15 30 42 57 87 174 b
1 2 3 6 12 15 30 42 72 87 174 b
1 2 3 6 12 15 30 42 72 102 174 b
1 2 3 6 12 15 30 42 72 144 174 b
1 2 3 6 12 15 30 42 84 87 174 b
1 2 3 6 12 15 30 42 84 90 174 b
1 2 3 6 12 15 30 42 84 168 174 b
1 2 3 6 12 15 30 45 57 87 174 b
1 2 3 6 12 15 30 45 75 87 174 b
1 2 3 6 12 15 30 60 72 87 174 b
1 2 3 6 12 15 30 60 72 102 174 b
1 2 3 6 12 15 30 60 72 144 174 b
1 2 3 6 12 15 30 60 75 87 174 b
1 2 3 6 12 18 20 38 58 116 174 b
1 2 3 6 12 18 20 40 58 116 174 b
1 2 3 6 12 18 21 33 54 87 174 b
1 2 3 6 12 18 21 33 66 87 174 b
1 2 3 6 12 18 21 39 78 96 174 b
1 2 3 6 12 18 21 39 78 156 174 b
1 2 3 6 12 18 21 42 45 87 174 b
1 2 3 6 12 18 21 42 84 87 174 b
1 2 3 6 12 18 21 42 84 90 174 b
1 2 3 6 12 18 21 42 84 168 174 b
1 2 3 6 12 18 24 42 45 87 174 b
1 2 3 6 12 18 24 42 66 108 174 b
1 2 3 6 12 18 24 42 66 132 174 b
1 2 3 6 12 18 24 42 84 87 174 b
1 2 3 6 12 18 24 42 84 90 174 b
1 2 3 6 12 18 24 42 84 168 174 b
1 2 3 6 12 18 30 36 72 102 174 b
1 2 3 6 12 18 30 36 72 144 174 b
1 2 3 6 12 18 30 42 45 87 174 b
1 2 3 6 12 18 30 42 72 102 174 b
1 2 3 6 12 18 30 42 72 144 174 b
1 2 3 6 12 18 30 42 84 87 174 b
1 2 3 6 12 18 30 42 84 90 174 b
1 2 3 6 12 18 30 42 84 168 174 b
1 2 3 6 12 18 30 48 78 96 174 b
1 2 3 6 12 18 30 48 78 126 174 b
1 2 3 6 12 18 30 48 78 156 174 b
1 2 3 6 12 18 30 48 96 126 174 b
1 2 3 6 12 18 30 48 96 144 174 b
1 2 3 6 12 18 30 60 72 102 174 b
1 2 3 6 12 18 30 60 72 144 174 b
1 2 3 6 12 18 30 60 78 96 174 b
1 2 3 6 12 18 30 60 78 156 174 b
1 2 3 6 12 18 36 39 48 87 174 a
1 2 3 6 12 18 36 39 51 87 174 b
1 2 3 6 12 18 36 39 75 87 174 b
1 2 3 6 12 18 36 39 78 96 174 b
1 2 3 6 12 18 36 39 78 156 174 b
1 2 3 6 12 18 36 42 45 87 174 b
1 2 3 6 12 18 36 42 78 96 174 b
1 2 3 6 12 18 36 42 78 156 174 b
1 2 3 6 12 18 36 42 84 87 174 b
1 2 3 6 12 18 36 42 84 90 174 b
1 2 3 6 12 18 36 42 84 168 174 b
1 2 3 6 12 18 36 48 51 87 174 b
1 2 3 6 12 18 36 48 84 87 174 b
1 2 3 6 12 18 36 48 84 90 174 b
1 2 3 6 12 18 36 48 84 168 174 b
1 2 3 6 12 18 36 54 60 114 174 b
1 2 3 6 12 18 36 54 60 120 174 b
1 2 3 6 12 18 36 54 66 108 174 a
1 2 3 6 12 18 36 54 66 120 174 b
1 2 3 6 12 18 36 54 108 120 174 b
1 2 3 6 12 18 36 54 108 162 174 b
1 2 3 6 12 18 36 72 75 87 174 b
1 2 3 6 12 18 36 72 78 96 174 b
1 2 3 6 12 18 36 72 78 156 174 b
1 2 3 6 12 18 36 72 84 87 174 b
1 2 3 6 12 18 36 72 84 90 174 b
1 2 3 6 12 18 36 72 84 102 174 b
1 2 3 6 12 18 36 72 84 156 174 b
1 2 3 6 12 18 36 72 84 168 174 b
1 2 3 6 12 18 36 72 90 102 174 b
1 2 3 6 12 18 36 72 90 162 174 b
1 2 3 6 12 18 36 72 144 156 174 b
1 2 3 6 12 18 36 72 144 162 174 b
1 2 3 6 12 24 25 31 56 87 174 b
1 2 3 6 12 24 25 31 62 87 174 b
1 2 3 6 12 24 25 37 50 87 174 a
1 2 3 6 12 24 25 37 62 87 174 b
1 2 3 6 12 24 25 50 62 87 174 b
1 2 3 6 12 24 25 50 62 112 174 b
1 2 3 6 12 24 25 50 62 124 174 b
1 2 3 6 12 24 25 50 74 100 174 a
1 2 3 6 12 24 25 50 74 124 174 b
1 2 3 6 12 24 25 50 75 87 174 b
1 2 3 6 12 24 25 50 75 99 174 b
1 2 3 6 12 24 25 50 75 150 174 b
1 2 3 6 12 24 25 50 100 124 174 b
1 2 3 6 12 24 25 50 100 150 174 b
1 2 3 6 12 24 26 29 58 87 174 b
1 2 3 6 12 24 26 29 58 116 174 b
1 2 3 6 12 24 26 32 58 116 174 b
1 2 3 6 12 24 26 48 74 100 174 a
1 2 3 6 12 24 26 48 74 148 174 a
1 2 3 6 12 24 26 50 62 112 174 b
1 2 3 6 12 24 26 50 62 124 174 b
1 2 3 6 12 24 26 50 74 100 174 b
1 2 3 6 12 24 26 50 74 124 174 b
1 2 3 6 12 24 26 50 74 148 174 b
1 2 3 6 12 24 26 50 100 124 174 b
1 2 3 6 12 24 26 50 100 150 174 b
1 2 3 6 12 24 26 52 58 116 174 b
1 2 3 6 12 24 27 29 58 87 174 b
1 2 3 6 12 24 27 29 58 116 174 b
1 2 3 6 12 24 27 30 57 87 174 b
1 2 3 6 12 24 27 30 60 87 174 b
1 2 3 6 12 24 27 33 54 87 174 a
1 2 3 6 12 24 27 33 60 87 174 b
1 2 3 6 12 24 27 36 51 87 174 a
1 2 3 6 12 24 27 36 60 87 174 a
1 2 3 6 12 24 27 36 63 87 174 a
1 2 3 6 12 24 27 39 48 87 174 a
1 2 3 6 12 24 27 39 63 87 174 b
1 2 3 6 12 24 27 48 60 87 174 a
1 2 3 6 12 24 27 48 75 87 174 a
1 2 3 6 12 24 27 48 75 99 174 a
1 2 3 6 12 24 27 48 75 150 174 a
1 2 3 6 12 24 27 51 63 87 174 b
1 2 3 6 12 24 27 51 75 87 174 b
1 2 3 6 12 24 27 51 75 99 174 b
1 2 3 6 12 24 27 51 75 150 174 b
1 2 3 6 12 24 27 54 60 87 174 b
1 2 3 6 12 24 27 54 60 114 174 b
1 2 3 6 12 24 27 54 60 120 174 b
1 2 3 6 12 24 27 54 66 108 174 a
1 2 3 6 12 24 27 54 66 120 174 b
1 2 3 6 12 24 27 54 81 87 174 b
1 2 3 6 12 24 27 54 81 93 174 b
1 2 3 6 12 24 27 54 81 162 174 b
1 2 3 6 12 24 27 54 108 120 174 b
1 2 3 6 12 24 27 54 108 162 174 b
1 2 3 6 12 24 30 33 54 87 174 a
1 2 3 6 12 24 30 33 57 87 174 b
1 2 3 6 12 24 30 33 63 87 174 b
1 2 3 6 12 24 30 36 72 102 174 b
1 2 3 6 12 24 30 36 72 144 174 b
1 2 3 6 12 24 30 42 45 87 174 b
1 2 3 6 12 24 30 42 66 108 174 b
1 2 3 6 12 24 30 42 66 132 174 b
1 2 3 6 12 24 30 42 72 102 174 b
1 2 3 6 12 24 30 42 72 144 174 b
1 2 3 6 12 24 30 42 84 87 174 b
1 2 3 6 12 24 30 42 84 90 174 b
1 2 3 6 12 24 30 42 84 168 174 b
1 2 3 6 12 24 30 48 72 102 174 a
1 2 3 6 12 24 30 48 72 144 174 a
1 2 3 6 12 24 30 48 78 96 174 a
1 2 3 6 12 24 30 48 78 126 174 a
1 2 3 6 12 24 30 48 96 126 174 a
1 2 3 6 12 24 30 48 96 144 174 a
1 2 3 6 12 24 30 54 57 87 174 b
1 2 3 6 12 24 30 54 60 114 174 b
1 2 3 6 12 24 30 54 60 120 174 b
1 2 3 6 12 24 30 54 66 108 174 a
1 2 3 6 12 24 30 54 66 120 174 b
1 2 3 6 12 24 30 54 84 87 174 b
1 2 3 6 12 24 30 54 84 90 174 b
1 2 3 6 12 24 30 54 84 168 174 b
1 2 3 6 12 24 30 54 108 120 174 b
1 2 3 6 12 24 30 54 108 162 174 b
1 2 3 6 12 24 30 60 63 87 174 b
1 2 3 6 12 24 30 60 72 102 174 b
1 2 3 6 12 24 30 60 72 144 174 b
1 2 3 6 12 24 30 60 84 87 174 b
1 2 3 6 12 24 30 60 84 90 174 b
1 2 3 6 12 24 30 60 84 114 174 b
1 2 3 6 12 24 30 60 84 144 174 b
1 2 3 6 12 24 30 60 84 168 174 b
1 2 3 6 12 24 30 60 90 114 174 b
1 2 3 6 12 24 30 60 90 150 174 b
1 2 3 6 12 24 30 60 120 144 174 b
1 2 3 6 12 24 30 60 120 150 174 b
1 2 3 6 12 24 36 39 48 87 174 a
1 2 3 6 12 24 36 39 51 87 174 b
1 2 3 6 12 24 36 39 63 87 174 b
1 2 3 6 12 24 36 39 75 87 174 b
1 2 3 6 12 24 36 39 75 99 174 b
1 2 3 6 12 24 36 39 75 150 174 b
1 2 3 6 12 24 36 42 45 87 174 b
1 2 3 6 12 24 36 42 66 108 174 b
1 2 3 6 12 24 36 42 66 132 174 b
1 2 3 6 12 24 36 42 84 87 174 b
1 2 3 6 12 24 36 42 84 90 174 b
1 2 3 6 12 24 36 42 84 168 174 b
1 2 3 6 12 24 36 48 51 87 174 b
1 2 3 6 12 24 36 48 84 87 174 b
1 2 3 6 12 24 36 48 84 90 174 b
1 2 3 6 12 24 36 48 84 168 174 b
1 2 3 6 12 24 36 60 63 87 174 b
1 2 3 6 12 24 36 60 84 87 174 b
1 2 3 6 12 24 36 60 84 90 174 b
1 2 3 6 12 24 36 60 84 168 174 b
1 2 3 6 12 24 36 72 75 87 174 b
1 2 3 6 12 24 36 72 75 99 174 b
1 2 3 6 12 24 36 72 75 150 174 b
1 2 3 6 12 24 36 72 78 96 174 a
1 2 3 6 12 24 36 72 78 102 174 b
1 2 3 6 12 24 36 72 78 150 174 b
1 2 3 6 12 24 36 72 84 87 174 b
1 2 3 6 12 24 36 72 84 90 174 b
1 2 3 6 12 24 36 72 84 168 174 b
1 2 3 6 12 24 36 72 96 102 174 b
1 2 3 6 12 24 36 72 96 168 174 b
1 2 3 6 12 24 36 72 144 150 174 b
1 2 3 6 12 24 36 72 144 168 174 b
1 2 3 6 12 24 48 50 62 112 174 b
1 2 3 6 12 24 48 50 62 124 174 b
1 2 3 6 12 24 48 50 74 100 174 a
1 2 3 6 12 24 48 50 74 124 174 b
1 2 3 6 12 24 48 50 100 124 174 b
1 2 3 6 12 24 48 50 100 150 174 b
1 2 3 6 12 24 48 51 63 87 174 b
1 2 3 6 12 24 48 51 63 111 174 b
1 2 3 6 12 24 48 51 63 126 174 b
1 2 3 6 12 24 48 51 72 102 174 a
1 2 3 6 12 24 48 51 72 123 174 a
1 2 3 6 12 24 48 51 75 87 174 b
1 2 3 6 12 24 48 51 75 99 174 b
1 2 3 6 12 24 48 51 75 123 174 b
1 2 3 6 12 24 48 51 75 126 174 b
1 2 3 6 12 24 48 51 75 150 174 b
1 2 3 6 12 24 48 51 99 123 174 b
1 2 3 6 12 24 48 51 99 150 174 b
1 2 3 6 12 24 48 51 102 126 174 b
1 2 3 6 12 24 48 51 102 150 174 b
1 2 3 6 12 24 48 54 60 114 174 b
1 2 3 6 12 24 48 54 60 120 174 b
1 2 3 6 12 24 48 54 66 108 174 a
1 2 3 6 12 24 48 54 66 120 174 b
1 2 3 6 12 24 48 54 72 102 174 a
1 2 3 6 12 24 48 54 72 120 174 a
1 2 3 6 12 24 48 54 72 126 174 a
1 2 3 6 12 24 48 54 78 96 174 a
1 2 3 6 12 24 48 54 78 126 174 b
1 2 3 6 12 24 48 54 96 120 174 a
1 2 3 6 12 24 48 54 96 150 174 a
1 2 3 6 12 24 48 54 102 126 174 b
1 2 3 6 12 24 48 54 102 150 174 b
1 2 3 6 12 24 48 54 108 120 174 b
1 2 3 6 12 24 48 54 108 162 174 b
1 2 3 6 12 24 48 60 63 87 174 b
1 2 3 6 12 24 48 60 63 111 174 b
1 2 3 6 12 24 48 60 63 126 174 b
1 2 3 6 12 24 48 60 66 108 174 a
1 2 3 6 12 24 48 60 66 114 174 b
1 2 3 6 12 24 48 60 66 126 174 b
1 2 3 6 12 24 48 60 84 87 174 b
1 2 3 6 12 24 48 60 84 90 174 b
1 2 3 6 12 24 48 60 84 168 174 b
1 2 3 6 12 24 48 60 108 114 174 b
1 2 3 6 12 24 48 60 108 168 174 b
1 2 3 6 12 24 48 60 120 126 174 b
1 2 3 6 12 24 48 60 120 168 174 b
1 2 3 6 12 24 48 72 75 87 174 b
1 2 3 6 12 24 48 72 75 99 174 b
1 2 3 6 12 24 48 72 75 150 174 b
1 2 3 6 12 24 48 72 78 96 174 a
1 2 3 6 12 24 48 72 78 102 174 b
1 2 3 6 12 24 48 72 78 126 174 b
1 2 3 6 12 24 48 72 78 150 174 b
1 2 3 6 12 24 48 72 84 87 174 b
1 2 3 6 12 24 48 72 84 90 174 b
1 2 3 6 12 24 48 72 84 168 174 b
1 2 3 6 12 24 48 72 96 102 174 b
1 2 3 6 12 24 48 72 96 168 174 b
1 2 3 6 12 24 48 72 120 126 174 b
1 2 3 6 12 24 48 72 120 168 174 b
1 2 3 6 12 24 48 72 144 150 174 b
1 2 3 6 12 24 48 72 144 168 174 b
1 2 3 6 12 24 48 96 102 126 174 b
1 2 3 6 12 24 48 96 102 150 174 b
1 2 3 6 12 24 48 96 120 126 174 b
1 2 3 6 12 24 48 96 120 168 174 b
1 2 3 6 12 24 48 96 144 150 174 b
1 2 3 6 12 24 48 96 144 168 174 b
1 2 4 5 6 12 17 29 58 87 174 b
1 2 4 5 6 12 17 29 58 116 174 b
1 2 4 5 6 12 24 29 58 87 174 b
1 2 4 5 6 12 24 29 58 116 174 b
1 2 4 5 7 10 20 40 47 87 174 a
1 2 4 5 7 10 20 40 80 87 174 a
1 2 4 5 7 11 18 29 58 87 174 b
1 2 4 5 7 11 18 29 58 116 174 b
1 2 4 5 7 11 22 29 58 87 174 b
1 2 4 5 7 11 22 29 58 116 174 b
1 2 4 5 7 12 17 29 58 87 174 b
1 2 4 5 7 12 17 29 58 116 174 b
1 2 4 5 7 12 24 29 58 87 174 b
1 2 4 5 7 12 24 29 58 116 174 b
1 2 4 5 7 14 15 29 58 87 174 b
1 2 4 5 7 14 15 29 58 116 174 b
1 2 4 5 7 14 28 29 58 87 174 b
1 2 4 5 7 14 28 29 58 116 174 b
1 2 4 5 7 14 28 30 58 116 174 b
1 2 4 5 7 14 28 56 58 116 174 b
1 2 4 5 8 12 17 29 58 87 174 a
1 2 4 5 8 12 17 29 58 116 174 a
1 2 4 5 8 12 24 29 58 87 174 a
1 2 4 5 8 12 24 29 58 116 174 a
1 2 4 5 8 13 16 29 58 87 174 a
1 2 4 5 8 13 16 29 58 116 174 a
1 2 4 5 8 13 21 29 58 87 174 a
1 2 4 5 8 13 21 29 58 116 174 a
1 2 4 5 8 16 21 29 58 87 174 a
1 2 4 5 8 16 21 29 58 116 174 a
1 2 4 5 8 16 21 37 58 116 174 a
1 2 4 5 8 16 21 42 58 116 174 a
1 2 4 5 8 16 24 29 58 87 174 a
1 2 4 5 8 16 24 29 58 116 174 a
1 2 4 5 9 10 19 29 58 87 174 b
1 2 4 5 9 10 19 29 58 116 174 b
1 2 4 5 9 10 20 29 58 87 174 b
1 2 4 5 9 10 20 29 58 116 174 b
1 2 4 5 9 11 18 29 58 87 174 a
1 2 4 5 9 11 18 29 58 116 174 a
1 2 4 5 9 11 20 29 58 87 174 b
1 2 4 5 9 11 20 29 58 116 174 b
1 2 4 5 9 13 26 35 52 87 174 a
1 2 4 5 9 13 26 35 61 87 174 b
1 2 4 5 9 13 26 39 48 87 174 b
1 2 4 5 9 13 26 39 78 87 174 b
1 2 4 5 9 13 26 52 61 87 174 b
1 2 4 5 9 13 26 52 61 113 174 b
1 2 4 5 9 13 26 52 61 122 174 b
1 2 4 5 9 13 26 52 78 87 174 b
1 2 4 5 9 14 15 29 58 87 174 b
1 2 4 5 9 14 15 29 58 116 174 b
1 2 4 5 9 14 23 32 55 87 174 b
1 2 4 5 9 14 23 32 64 87 174 b
1 2 4 5 9 14 28 29 58 87 174 b
1 2 4 5 9 14 28 29 58 116 174 b
1 2 4 5 9 14 28 30 58 116 174 b
1 2 4 5 9 14 28 56 58 116 174 b
1 2 4 5 9 18 20 29 58 87 174 b
1 2 4 5 9 18 20 29 58 116 174 b
1 2 4 5 9 18 20 38 58 116 174 b
1 2 4 5 9 18 20 40 58 116 174 b
1 2 4 5 9 18 22 36 58 116 174 a
1 2 4 5 9 18 22 40 58 116 174 b
1 2 4 5 9 18 23 32 55 87 174 b
1 2 4 5 9 18 23 32 64 87 174 b
1 2 4 5 9 18 23 41 46 87 174 b
1 2 4 5 9 18 23 41 64 87 174 b
1 2 4 5 9 18 23 41 82 87 174 b
1 2 4 5 9 18 23 46 64 87 174 b
1 2 4 5 9 18 23 46 64 110 174 b
1 2 4 5 9 18 23 46 64 128 174 b
1 2 4 5 9 18 23 46 69 87 174 b
1 2 4 5 9 18 27 29 58 87 174 b
1 2 4 5 9 18 27 29 58 116 174 b
1 2 4 5 9 18 27 31 58 116 174 b
1 2 4 5 9 18 27 54 58 116 174 b
1 2 4 5 9 18 36 40 58 116 174 b
1 2 4 5 9 18 36 41 46 87 174 b
1 2 4 5 9 18 36 41 82 87 174 b
1 2 4 5 9 18 36 54 58 116 174 b
1 2 4 5 10 12 17 29 58 87 174 b
1 2 4 5 10 12 17 29 58 116 174 b
1 2 4 5 10 12 24 29 58 87 174 b
1 2 4 5 10 12 24 29 58 116 174 b
1 2 4 5 10 12 24 34 58 116 174 b
1 2 4 5 10 12 24 48 58 116 174 b
1 2 4 5 10 14 15 29 58 87 174 b
1 2 4 5 10 14 15 29 58 116 174 b
1 2 4 5 10 14 19 29 58 87 174 b
1 2 4 5 10 14 19 29 58 116 174 b
1 2 4 5 10 14 20 40 80 94 174 a
1 2 4 5 10 14 20 40 80 160 174 a
1 2 4 5 10 14 24 29 58 87 174 b
1 2 4 5 10 14 24 29 58 116 174 b
1 2 4 5 10 14 24 34 58 116 174 b
1 2 4 5 10 14 24 48 58 116 174 b
1 2 4 5 10 14 28 29 58 87 174 b
1 2 4 5 10 14 28 29 58 116 174 b
1 2 4 5 10 14 28 30 58 116 174 b
1 2 4 5 10 14 28 56 58 116 174 b
1 2 4 5 10 15 19 29 58 87 174 b
1 2 4 5 10 15 19 29 58 116 174 b
1 2 4 5 10 15 19 34 53 87 174 b
1 2 4 5 10 15 19 34 68 87 174 b
1 2 4 5 10 15 25 29 58 87 174 b
1 2 4 5 10 15 25 29 58 116 174 b
1 2 4 5 10 20 21 41 46 87 174 b
1 2 4 5 10 20 21 41 82 87 174 b
1 2 4 5 10 20 21 41 82 92 174 b
1 2 4 5 10 20 21 41 82 164 174 b
1 2 4 5 10 20 24 29 58 87 174 b
1 2 4 5 10 20 24 29 58 116 174 b
1 2 4 5 10 20 24 34 58 116 174 b
1 2 4 5 10 20 24 48 58 116 174 b
1 2 4 5 10 20 25 29 58 87 174 b
1 2 4 5 10 20 25 29 58 116 174 b
1 2 4 5 10 20 40 41 46 87 174 b
1 2 4 5 10 20 40 41 82 87 174 b
1 2 4 5 10 20 40 41 82 92 174 b
1 2 4 5 10 20 40 41 82 164 174 b
1 2 4 5 10 20 40 42 45 87 174 a
1 2 4 5 10 20 40 42 47 87 174 b
1 2 4 5 10 20 40 42 82 87 174 b
1 2 4 5 10 20 40 42 82 92 174 b
1 2 4 5 10 20 40 42 82 164 174 b
1 2 4 5 10 20 40 45 47 87 174 b
1 2 4 5 10 20 40 45 85 87 174 b
1 2 4 5 10 20 40 45 85 89 174 b
1 2 4 5 10 20 40 45 85 170 174 b
1 2 4 5 10 20 40 80 82 87 174 b
1 2 4 5 10 20 40 80 82 92 174 b
1 2 4 5 10 20 40 80 82 164 174 b
1 2 4 5 10 20 40 80 84 90 174 a
1 2 4 5 10 20 40 80 84 94 174 b
1 2 4 5 10 20 40 80 84 164 174 b
1 2 4 5 10 20 40 80 85 87 174 b
1 2 4 5 10 20 40 80 85 89 174 b
1 2 4 5 10 20 40 80 85 170 174 b
1 2 4 5 10 20 40 80 90 94 174 b
1 2 4 5 10 20 40 80 90 170 174 b
1 2 4 5 10 20 40 80 160 164 174 b
1 2 4 5 10 20 40 80 160 170 174 b
1 2 4 6 7 10 20 40 47 87 174 a
1 2 4 6 7 10 20 40 80 87 174 a
1 2 4 6 7 11 18 29 58 87 174 b
1 2 4 6 7 11 18 29 58 116 174 b
1 2 4 6 7 11 22 29 58 87 174 b
1 2 4 6 7 11 22 29 58 116 174 b
1 2 4 6 7 13 20 40 47 87 174 b
1 2 4 6 7 13 20 40 80 87 174 b
1 2 4 6 7 13 26 32 58 116 174 b
1 2 4 6 7 13 26 52 58 116 174 b
1 2 4 6 7 14 15 29 58 87 174 b
1 2 4 6 7 14 15 29 58 116 174 b
1 2 4 6 7 14 20 40 47 87 174 b
1 2 4 6 7 14 20 40 80 87 174 b
1 2 4 6 7 14 20 40 80 94 174 b
1 2 4 6 7 14 20 40 80 160 174 b
1 2 4 6 7 14 21 42 84 90 174 b
1 2 4 6 7 14 21 42 84 168 174 b
1 2 4 6 7 14 28 29 58 87 174 b
1 2 4 6 7 14 28 29 58 116 174 b
1 2 4 6 7 14 28 30 58 116 174 b
1 2 4 6 7 14 28 42 84 90 174 b
1 2 4 6 7 14 28 42 84 168 174 b
1 2 4 6 7 14 28 56 58 116 174 b
1 2 4 6 7 14 28 56 62 112 174 a
1 2 4 6 7 14 28 56 62 118 174 b
1 2 4 6 7 14 28 56 84 90 174 b
1 2 4 6 7 14 28 56 84 168 174 b
1 2 4 6 7 14 28 56 112 118 174 b
1 2 4 6 7 14 28 56 112 168 174 b
1 2 4 6 8 14 15 29 58 87 174 b
1 2 4 6 8 14 15 29 58 116 174 b
1 2 4 6 8 14 20 40 80 94 174 b
1 2 4 6 8 14 20 40 80 160 174 b
1 2 4 6 8 14 22 36 58 116 174 b
1 2 4 6 8 14 22 44 58 116 174 b
1 2 4 6 8 14 28 29 58 87 174 b
1 2 4 6 8 14 28 29 58 116 174 b
1 2 4 6 8 14 28 30 58 116 174 b
1 2 4 6 8 14 28 42 84 90 174 b
1 2 4 6 8 14 28 42 84 168 174 b
1 2 4 6 8 14 28 56 58 116 174 b
1 2 4 6 8 14 28 56 62 112 174 a
1 2 4 6 8 14 28 56 62 118 174 b
1 2 4 6 8 14 28 56 84 90 174 b
1 2 4 6 8 14 28 56 84 168 174 b
1 2 4 6 8 14 28 56 112 118 174 b
1 2 4 6 8 14 28 56 112 168 174 b
1 2 4 6 8 16 22 38 76 98 174 b
1 2 4 6 8 16 22 38 76 152 174 b
1 2 4 6 10 11 21 42 84 90 174 b
1 2 4 6 10 11 21 42 84 168 174 b
1 2 4 6 10 12 24 34 58 116 174 b
1 2 4 6 10 12 24 48 58 116 174 b
1 2 4 6 10 14 15 29 58 87 174 b
1 2 4 6 10 14 15 29 58 116 174 b
1 2 4 6 10 14 20 40 80 94 174 b
1 2 4 6 10 14 20 40 80 160 174 b
1 2 4 6 10 14 24 34 58 116 174 b
1 2 4 6 10 14 24 48 58 116 174 b
1 2 4 6 10 14 28 29 58 87 174 b
1 2 4 6 10 14 28 29 58 116 174 b
1 2 4 6 10 14 28 30 58 116 174 b
1 2 4 6 10 14 28 42 84 90 174 b
1 2 4 6 10 14 28 42 84 168 174 b
1 2 4 6 10 14 28 56 58 116 174 b
1 2 4 6 10 14 28 56 62 112 174 a
1 2 4 6 10 14 28 56 62 118 174 b
1 2 4 6 10 14 28 56 84 90 174 b
1 2 4 6 10 14 28 56 84 168 174 b
1 2 4 6 10 14 28 56 112 118 174 b
1 2 4 6 10 14 28 56 112 168 174 b
1 2 4 6 10 16 22 38 76 98 174 b
1 2 4 6 10 16 22 38 76 152 174 b
1 2 4 6 10 16 26 32 58 116 174 b
1 2 4 6 10 16 26 42 58 116 174 b
1 2 4 6 10 16 26 42 84 90 174 b
1 2 4 6 10 16 26 42 84 168 174 b
1 2 4 6 10 16 26 52 58 116 174 b
1 2 4 6 10 16 32 42 58 116 174 b
1 2 4 6 10 16 32 42 84 90 174 b
1 2 4 6 10 16 32 42 84 168 174 b
1 2 4 6 10 16 32 48 58 116 174 b
1 2 4 6 10 20 21 41 82 92 174 b
1 2 4 6 10 20 21 41 82 164 174 b
1 2 4 6 10 20 21 42 84 90 174 b
1 2 4 6 10 20 21 42 84 168 174 b
1 2 4 6 10 20 22 42 84 90 174 b
1 2 4 6 10 20 22 42 84 168 174 b
1 2 4 6 10 20 24 34 58 116 174 b
1 2 4 6 10 20 24 48 58 116 174 b
1 2 4 6 10 20 26 32 58 116 174 b
1 2 4 6 10 20 26 52 58 116 174 b
1 2 4 6 10 20 30 36 72 102 174 b
1 2 4 6 10 20 30 36 72 144 174 b
1 2 4 6 10 20 40 41 46 87 174 a
1 2 4 6 10 20 40 41 47 87 174 b
1 2 4 6 10 20 40 41 81 87 174 b
1 2 4 6 10 20 40 41 82 92 174 b
1 2 4 6 10 20 40 41 82 164 174 b
1 2 4 6 10 20 40 42 82 92 174 b
1 2 4 6 10 20 40 42 82 164 174 b
1 2 4 6 10 20 40 42 84 90 174 b
1 2 4 6 10 20 40 42 84 168 174 b
1 2 4 6 10 20 40 44 84 90 174 b
1 2 4 6 10 20 40 44 84 168 174 b
1 2 4 6 10 20 40 46 47 87 174 b
1 2 4 6 10 20 40 46 86 87 174 b
1 2 4 6 10 20 40 46 86 88 174 b
1 2 4 6 10 20 40 46 86 172 174 b
1 2 4 6 10 20 40 80 81 87 174 b
1 2 4 6 10 20 40 80 82 92 174 b
1 2 4 6 10 20 40 80 82 164 174 b
1 2 4 6 10 20 40 80 84 90 174 b
1 2 4 6 10 20 40 80 84 94 174 b
1 2 4 6 10 20 40 80 84 164 174 b
1 2 4 6 10 20 40 80 84 168 174 b
1 2 4 6 10 20 40 80 86 87 174 b
1 2 4 6 10 20 40 80 86 88 174 b
1 2 4 6 10 20 40 80 86 172 174 b
1 2 4 6 10 20 40 80 90 94 174 b
1 2 4 6 10 20 40 80 90 170 174 b
1 2 4 6 10 20 40 80 160 164 174 b
1 2 4 6 10 20 40 80 160 170 174 b
1 2 4 6 12 13 16 29 58 87 174 a
1 2 4 6 12 13 16 29 58 116 174 a
1 2 4 6 12 13 17 29 58 87 174 b
1 2 4 6 12 13 17 29 58 116 174 b
1 2 4 6 12 13 24 37 50 87 174 a
1 2 4 6 12 13 24 37 74 87 174 a
1 2 4 6 12 13 25 29 58 87 174 b
1 2 4 6 12 13 25 29 58 116 174 b
1 2 4 6 12 13 25 31 56 87 174 b
1 2 4 6 12 13 25 31 62 87 174 b
1 2 4 6 12 13 25 37 50 87 174 b
1 2 4 6 12 13 25 37 62 87 174 b
1 2 4 6 12 13 25 37 74 87 174 b
1 2 4 6 12 13 25 50 62 87 174 b
1 2 4 6 12 13 25 50 62 112 174 b
1 2 4 6 12 13 25 50 62 124 174 b
1 2 4 6 12 13 25 50 75 87 174 b
1 2 4 6 12 13 26 32 58 116 174 b
1 2 4 6 12 13 26 52 58 116 174 b
1 2 4 6 12 14 15 29 58 87 174 b
1 2 4 6 12 14 15 29 58 116 174 b
1 2 4 6 12 14 20 40 80 94 174 b
1 2 4 6 12 14 20 40 80 160 174 b
1 2 4 6 12 14 26 32 58 116 174 b
1 2 4 6 12 14 26 40 80 94 174 b
1 2 4 6 12 14 26 40 80 160 174 b
1 2 4 6 12 14 26 52 58 116 174 b
1 2 4 6 12 14 28 29 58 87 174 b
1 2 4 6 12 14 28 29 58 116 174 b
1 2 4 6 12 14 28 30 58 116 174 b
1 2 4 6 12 14 28 40 80 94 174 b
1 2 4 6 12 14 28 40 80 160 174 b
1 2 4 6 12 14 28 42 84 90 174 b
1 2 4 6 12 14 28 42 84 168 174 b
1 2 4 6 12 14 28 56 58 116 174 b
1 2 4 6 12 14 28 56 62 112 174 a
1 2 4 6 12 14 28 56 62 118 174 b
1 2 4 6 12 14 28 56 84 90 174 b
1 2 4 6 12 14 28 56 84 168 174 b
1 2 4 6 12 14 28 56 112 118 174 b
1 2 4 6 12 14 28 56 112 168 174 b
1 2 4 6 12 16 17 29 58 87 174 b
1 2 4 6 12 16 17 29 58 116 174 b
1 2 4 6 12 16 22 38 76 98 174 b
1 2 4 6 12 16 22 38 76 152 174 b
1 2 4 6 12 16 28 29 58 87 174 b
1 2 4 6 12 16 28 29 58 116 174 b
1 2 4 6 12 16 28 30 58 116 174 b
1 2 4 6 12 16 28 56 58 116 174 b
1 2 4 6 12 16 28 56 62 112 174 a
1 2 4 6 12 16 28 56 62 118 174 b
1 2 4 6 12 16 28 56 84 90 174 b
1 2 4 6 12 16 28 56 84 168 174 b
1 2 4 6 12 16 28 56 112 118 174 b
1 2 4 6 12 16 28 56 112 168 174 b
1 2 4 6 12 18 20 38 58 116 174 b
1 2 4 6 12 18 20 40 58 116 174 b
1 2 4 6 12 18 22 36 58 116 174 a
1 2 4 6 12 18 22 40 58 116 174 b
1 2 4 6 12 18 24 42 66 108 174 b
1 2 4 6 12 18 24 42 66 132 174 b
1 2 4 6 12 18 24 42 84 90 174 b
1 2 4 6 12 18 24 42 84 168 174 b
1 2 4 6 12 18 30 36 72 102 174 b
1 2 4 6 12 18 30 36 72 144 174 b
1 2 4 6 12 18 30 42 72 102 174 b
1 2 4 6 12 18 30 42 72 144 174 b
1 2 4 6 12 18 30 42 84 90 174 b
1 2 4 6 12 18 30 42 84 168 174 b
1 2 4 6 12 18 30 48 78 96 174 b
1 2 4 6 12 18 30 48 78 126 174 b
1 2 4 6 12 18 30 48 78 156 174 b
1 2 4 6 12 18 30 48 96 126 174 b
1 2 4 6 12 18 30 48 96 144 174 b
1 2 4 6 12 18 30 60 72 102 174 b
1 2 4 6 12 18 30 60 72 144 174 b
1 2 4 6 12 18 30 60 78 96 174 b
1 2 4 6 12 18 30 60 78 156 174 b
1 2 4 6 12 18 36 40 58 116 174 b
1 2 4 6 12 18 36 42 78 96 174 b
1 2 4 6 12 18 36 42 78 156 174 b
1 2 4 6 12 18 36 42 84 90 174 b
1 2 4 6 12 18 36 42 84 168 174 b
1 2 4 6 12 18 36 48 84 90 174 b
1 2 4 6 12 18 36 48 84 168 174 b
1 2 4 6 12 18 36 54 58 116 174 b
1 2 4 6 12 18 36 54 60 114 174 b
1 2 4 6 12 18 36 54 60 120 174 b
1 2 4 6 12 18 36 54 66 108 174 a
1 2 4 6 12 18 36 54 66 120 174 b
1 2 4 6 12 18 36 54 108 120 174 b
1 2 4 6 12 18 36 54 108 162 174 b
1 2 4 6 12 18 36 72 78 96 174 b
1 2 4 6 12 18 36 72 78 156 174 b
1 2 4 6 12 18 36 72 84 90 174 b
1 2 4 6 12 18 36 72 84 102 174 b
1 2 4 6 12 18 36 72 84 156 174 b
1 2 4 6 12 18 36 72 84 168 174 b
1 2 4 6 12 18 36 72 90 102 174 b
1 2 4 6 12 18 36 72 90 162 174 b
1 2 4 6 12 18 36 72 144 156 174 b
1 2 4 6 12 18 36 72 144 162 174 b
1 2 4 6 12 24 25 29 58 87 174 b
1 2 4 6 12 24 25 29 58 116 174 b
1 2 4 6 12 24 25 31 56 87 174 b
1 2 4 6 12 24 25 31 62 87 174 b
1 2 4 6 12 24 25 37 50 87 174 a
1 2 4 6 12 24 25 37 62 87 174 b
1 2 4 6 12 24 25 50 62 87 174 b
1 2 4 6 12 24 25 50 62 112 174 b
1 2 4 6 12 24 25 50 62 124 174 b
1 2 4 6 12 24 25 50 74 100 174 a
1 2 4 6 12 24 25 50 74 124 174 b
1 2 4 6 12 24 25 50 75 87 174 b
1 2 4 6 12 24 25 50 75 99 174 b
1 2 4 6 12 24 25 50 75 150 174 b
1 2 4 6 12 24 25 50 100 124 174 b
1 2 4 6 12 24 25 50 100 150 174 b
1 2 4 6 12 24 26 32 58 116 174 b
1 2 4 6 12 24 26 48 74 100 174 a
1 2 4 6 12 24 26 48 74 148 174 a
1 2 4 6 12 24 26 50 62 112 174 b
1 2 4 6 12 24 26 50 62 124 174 b
1 2 4 6 12 24 26 50 74 100 174 b
1 2 4 6 12 24 26 50 74 124 174 b
1 2 4 6 12 24 26 50 74 148 174 b
1 2 4 6 12 24 26 50 100 124 174 b
1 2 4 6 12 24 26 50 100 150 174 b
1 2 4 6 12 24 26 52 58 116 174 b
1 2 4 6 12 24 28 29 58 87 174 b
1 2 4 6 12 24 28 29 58 116 174 b
1 2 4 6 12 24 28 30 58 116 174 b
1 2 4 6 12 24 28 34 58 116 174 b
1 2 4 6 12 24 28 52 58 116 174 b
1 2 4 6 12 24 28 56 58 116 174 b
1 2 4 6 12 24 28 56 62 112 174 a
1 2 4 6 12 24 28 56 62 118 174 b
1 2 4 6 12 24 28 56 84 90 174 b
1 2 4 6 12 24 28 56 84 168 174 b
1 2 4 6 12 24 28 56 112 118 174 b
1 2 4 6 12 24 28 56 112 168 174 b
1 2 4 6 12 24 30 34 58 116 174 b
1 2 4 6 12 24 30 36 72 102 174 b
1 2 4 6 12 24 30 36 72 144 174 b
1 2 4 6 12 24 30 42 66 108 174 b
1 2 4 6 12 24 30 42 66 132 174 b
1 2 4 6 12 24 30 42 72 102 174 b
1 2 4 6 12 24 30 42 72 144 174 b
1 2 4 6 12 24 30 42 84 90 174 b
1 2 4 6 12 24 30 42 84 168 174 b
1 2 4 6 12 24 30 48 72 102 174 a
1 2 4 6 12 24 30 48 72 144 174 a
1 2 4 6 12 24 30 48 78 96 174 a
1 2 4 6 12 24 30 48 78 126 174 a
1 2 4 6 12 24 30 48 96 126 174 a
1 2 4 6 12 24 30 48 96 144 174 a
1 2 4 6 12 24 30 54 58 116 174 b
1 2 4 6 12 24 30 54 60 114 174 b
1 2 4 6 12 24 30 54 60 120 174 b
1 2 4 6 12 24 30 54 66 108 174 a
1 2 4 6 12 24 30 54 66 120 174 b
1 2 4 6 12 24 30 54 84 90 174 b
1 2 4 6 12 24 30 54 84 168 174 b
1 2 4 6 12 24 30 54 108 120 174 b
1 2 4 6 12 24 30 54 108 162 174 b
1 2 4 6 12 24 30 60 72 102 174 b
1 2 4 6 12 24 30 60 72 144 174 b
1 2 4 6 12 24 30 60 84 90 174 b
1 2 4 6 12 24 30 60 84 114 174 b
1 2 4 6 12 24 30 60 84 144 174 b
1 2 4 6 12 24 30 60 84 168 174 b
1 2 4 6 12 24 30 60 90 114 174 b
1 2 4 6 12 24 30 60 90 150 174 b
1 2 4 6 12 24 30 60 120 144 174 b
1 2 4 6 12 24 30 60 120 150 174 b
1 2 4 6 12 24 36 42 66 108 174 b
1 2 4 6 12 24 36 42 66 132 174 b
1 2 4 6 12 24 36 42 84 90 174 b
1 2 4 6 12 24 36 42 84 168 174 b
1 2 4 6 12 24 36 48 84 90 174 b
1 2 4 6 12 24 36 48 84 168 174 b
1 2 4 6 12 24 36 60 84 90 174 b
1 2 4 6 12 24 36 60 84 168 174 b
1 2 4 6 12 24 36 72 78 96 174 a
1 2 4 6 12 24 36 72 78 102 174 b
1 2 4 6 12 24 36 72 78 150 174 b
1 2 4 6 12 24 36 72 84 90 174 b
1 2 4 6 12 24 36 72 84 168 174 b
1 2 4 6 12 24 36 72 96 102 174 b
1 2 4 6 12 24 36 72 96 168 174 b
1 2 4 6 12 24 36 72 144 150 174 b
1 2 4 6 12 24 36 72 144 168 174 b
1 2 4 6 12 24 48 50 62 112 174 b
1 2 4 6 12 24 48 50 62 124 174 b
1 2 4 6 12 24 48 50 74 100 174 a
1 2 4 6 12 24 48 50 74 124 174 b
1 2 4 6 12 24 48 50 100 124 174 b
1 2 4 6 12 24 48 50 100 150 174 b
1 2 4 6 12 24 48 52 58 116 174 b
1 2 4 6 12 24 48 54 58 116 174 b
1 2 4 6 12 24 48 54 60 114 174 b
1 2 4 6 12 24 48 54 60 120 174 b
1 2 4 6 12 24 48 54 66 108 174 a
1 2 4 6 12 24 48 54 66 120 174 b
1 2 4 6 12 24 48 54 72 102 174 a
1 2 4 6 12 24 48 54 72 120 174 a
1 2 4 6 12 24 48 54 72 126 174 a
1 2 4 6 12 24 48 54 78 96 174 a
1 2 4 6 12 24 48 54 78 126 174 b
1 2 4 6 12 24 48 54 96 120 174 a
1 2 4 6 12 24 48 54 96 150 174 a
1 2 4 6 12 24 48 54 102 126 174 b
1 2 4 6 12 24 48 54 102 150 174 b
1 2 4 6 12 24 48 54 108 120 174 b
1 2 4 6 12 24 48 54 108 162 174 b
1 2 4 6 12 24 48 60 66 108 174 a
1 2 4 6 12 24 48 60 66 114 174 b
1 2 4 6 12 24 48 60 66 126 174 b
1 2 4 6 12 24 48 60 84 90 174 b
1 2 4 6 12 24 48 60 84 168 174 b
1 2 4 6 12 24 48 60 108 114 174 b
1 2 4 6 12 24 48 60 108 168 174 b
1 2 4 6 12 24 48 60 120 126 174 b
1 2 4 6 12 24 48 60 120 168 174 b
1 2 4 6 12 24 48 72 78 96 174 a
1 2 4 6 12 24 48 72 78 102 174 b
1 2 4 6 12 24 48 72 78 126 174 b
1 2 4 6 12 24 48 72 78 150 174 b
1 2 4 6 12 24 48 72 84 90 174 b
1 2 4 6 12 24 48 72 84 168 174 b
1 2 4 6 12 24 48 72 96 102 174 b
1 2 4 6 12 24 48 72 96 168 174 b
1 2 4 6 12 24 48 72 120 126 174 b
1 2 4 6 12 24 48 72 120 168 174 b
1 2 4 6 12 24 48 72 144 150 174 b
1 2 4 6 12 24 48 72 144 168 174 b
1 2 4 6 12 24 48 96 102 126 174 b
1 2 4 6 12 24 48 96 102 150 174 b
1 2 4 6 12 24 48 96 120 126 174 b
1 2 4 6 12 24 48 96 120 168 174 b
1 2 4 6 12 24 48 96 144 150 174 b
1 2 4 6 12 24 48 96 144 168 174 b
1 2 4 8 9 10 19 29 58 87 174 b
1 2 4 8 9 10 19 29 58 116 174 b
1 2 4 8 9 10 20 29 58 87 174 b
1 2 4 8 9 10 20 29 58 116 174 b
1 2 4 8 9 11 18 29 58 87 174 a
1 2 4 8 9 11 18 29 58 116 174 a
1 2 4 8 9 11 19 38 49 87 174 b
1 2 4 8 9 11 19 38 76 87 174 b
1 2 4 8 9 11 20 29 58 87 174 b
1 2 4 8 9 11 20 29 58 116 174 b
1 2 4 8 9 12 17 29 58 87 174 a
1 2 4 8 9 12 17 29 58 116 174 a
1 2 4 8 9 12 20 29 58 87 174 a
1 2 4 8 9 12 20 29 58 116 174 a
1 2 4 8 9 12 21 29 58 87 174 a
1 2 4 8 9 12 21 29 58 116 174 a
1 2 4 8 9 12 21 33 54 87 174 a
1 2 4 8 9 12 21 33 66 87 174 a
1 2 4 8 9 13 16 29 58 87 174 a
1 2 4 8 9 13 16 29 58 116 174 a
1 2 4 8 9 13 21 29 58 87 174 b
1 2 4 8 9 13 21 29 58 116 174 b
1 2 4 8 9 13 26 35 52 87 174 a
1 2 4 8 9 13 26 35 61 87 174 b
1 2 4 8 9 13 26 39 48 87 174 b
1 2 4 8 9 13 26 39 78 87 174 b
1 2 4 8 9 13 26 52 61 87 174 b
1 2 4 8 9 13 26 52 61 113 174 b
1 2 4 8 9 13 26 52 61 122 174 b
1 2 4 8 9 13 26 52 78 87 174 b
1 2 4 8 9 16 20 29 58 87 174 a
1 2 4 8 9 16 20 29 58 116 174 a
1 2 4 8 9 16 25 29 58 87 174 a
1 2 4 8 9 16 25 29 58 116 174 a
1 2 4 8 9 16 25 33 58 116 174 a
1 2 4 8 9 16 25 50 58 116 174 a
1 2 4 8 9 17 18 35 52 87 174 b
1 2 4 8 9 17 18 35 70 87 174 b
1 2 4 8 9 17 19 34 53 87 174 a
1 2 4 8 9 17 19 34 68 87 174 a
1 2 4 8 9 17 21 29 58 87 174 b
1 2 4 8 9 17 21 29 58 116 174 b
1 2 4 8 9 17 25 29 58 87 174 b
1 2 4 8 9 17 25 29 58 116 174 b
1 2 4 8 9 17 25 33 58 116 174 b
1 2 4 8 9 17 25 50 58 116 174 b
1 2 4 8 9 17 26 35 52 87 174 b
1 2 4 8 9 17 26 35 61 87 174 b
1 2 4 8 9 17 26 35 70 87 174 b
1 2 4 8 9 17 26 43 44 87 174 b
1 2 4 8 9 17 26 43 86 87 174 b
1 2 4 8 9 17 26 43 86 88 174 b
1 2 4 8 9 17 26 43 86 172 174 b
1 2 4 8 9 17 26 52 61 87 174 b
1 2 4 8 9 17 26 52 61 113 174 b
1 2 4 8 9 17 26 52 61 122 174 b
1 2 4 8 9 17 26 52 78 87 174 b
1 2 4 8 9 17 34 35 52 87 174 b
1 2 4 8 9 17 34 35 70 87 174 b
1 2 4 8 9 17 34 35 70 104 174 b
1 2 4 8 9 17 34 35 70 140 174 b
1 2 4 8 9 17 34 36 51 87 174 a
1 2 4 8 9 17 34 36 53 87 174 b
1 2 4 8 9 17 34 36 70 87 174 b
1 2 4 8 9 17 34 36 70 104 174 b
1 2 4 8 9 17 34 36 70 140 174 b
1 2 4 8 9 17 34 38 68 106 174 a
1 2 4 8 9 17 34 38 68 136 174 a
1 2 4 8 9 17 34 43 44 87 174 b
1 2 4 8 9 17 34 43 86 87 174 b
1 2 4 8 9 17 34 43 86 88 174 b
1 2 4 8 9 17 34 43 86 172 174 b
1 2 4 8 9 17 34 51 53 87 174 b
1 2 4 8 9 17 34 51 85 87 174 b
1 2 4 8 9 17 34 51 85 89 174 b
1 2 4 8 9 17 34 51 85 170 174 b
1 2 4 8 9 17 34 68 70 87 174 b
1 2 4 8 9 17 34 68 70 104 174 b
1 2 4 8 9 17 34 68 70 140 174 b
1 2 4 8 9 17 34 68 72 102 174 a
1 2 4 8 9 17 34 68 72 106 174 b
1 2 4 8 9 17 34 68 72 140 174 b
1 2 4 8 9 17 34 68 85 87 174 b
1 2 4 8 9 17 34 68 85 89 174 b
1 2 4 8 9 17 34 68 85 170 174 b
1 2 4 8 9 17 34 68 102 106 174 b
1 2 4 8 9 17 34 68 102 170 174 b
1 2 4 8 9 17 34 68 136 140 174 b
1 2 4 8 9 17 34 68 136 170 174 b
1 2 4 8 9 18 20 29 58 87 174 b
1 2 4 8 9 18 20 29 58 116 174 b
1 2 4 8 9 18 20 38 58 116 174 b
1 2 4 8 9 18 20 40 58 116 174 b
1 2 4 8 9 18 22 36 58 116 174 a
1 2 4 8 9 18 22 40 58 116 174 b
1 2 4 8 9 18 26 35 52 87 174 a
1 2 4 8 9 18 26 35 61 87 174 b
1 2 4 8 9 18 26 52 61 87 174 b
1 2 4 8 9 18 26 52 61 113 174 b
1 2 4 8 9 18 26 52 61 122 174 b
1 2 4 8 9 18 26 52 70 104 174 a
1 2 4 8 9 18 26 52 70 122 174 b
1 2 4 8 9 18 26 52 78 87 174 b
1 2 4 8 9 18 26 52 78 96 174 b
1 2 4 8 9 18 26 52 78 156 174 b
1 2 4 8 9 18 26 52 104 122 174 b
1 2 4 8 9 18 26 52 104 156 174 b
1 2 4 8 9 18 27 29 58 87 174 b
1 2 4 8 9 18 27 29 58 116 174 b
1 2 4 8 9 18 27 31 58 116 174 b
1 2 4 8 9 18 27 54 58 116 174 b
1 2 4 8 9 18 36 40 58 116 174 b
1 2 4 8 9 18 36 54 58 116 174 b
1 2 4 8 10 11 18 29 58 87 174 a
1 2 4 8 10 11 18 29 58 116 174 a
1 2 4 8 10 11 19 29 58 87 174 b
1 2 4 8 10 11 19 29 58 116 174 b
1 2 4 8 10 11 19 38 49 87 174 b
1 2 4 8 10 11 19 38 76 87 174 b
1 2 4 8 10 11 21 29 58 87 174 b
1 2 4 8 10 11 21 29 58 116 174 b
1 2 4 8 10 12 24 34 58 116 174 b
1 2 4 8 10 12 24 48 58 116 174 b
1 2 4 8 10 14 15 29 58 87 174 b
1 2 4 8 10 14 15 29 58 116 174 b
1 2 4 8 10 14 20 40 80 94 174 a
1 2 4 8 10 14 20 40 80 160 174 a
1 2 4 8 10 14 22 36 58 116 174 b
1 2 4 8 10 14 22 44 58 116 174 b
1 2 4 8 10 14 24 34 58 116 174 b
1 2 4 8 10 14 24 48 58 116 174 b
1 2 4 8 10 14 28 29 58 87 174 b
1 2 4 8 10 14 28 29 58 116 174 b
1 2 4 8 10 14 28 30 58 116 174 b
1 2 4 8 10 14 28 56 58 116 174 b
1 2 4 8 10 16 24 34 58 116 174 a
1 2 4 8 10 16 24 48 58 116 174 a
1 2 4 8 10 16 26 32 58 116 174 a
1 2 4 8 10 16 26 42 58 116 174 a
1 2 4 8 10 16 32 42 58 116 174 a
1 2 4 8 10 16 32 48 58 116 174 a
1 2 4 8 10 18 19 29 58 87 174 b
1 2 4 8 10 18 19 29 58 116 174 b
1 2 4 8 10 18 20 38 58 116 174 b
1 2 4 8 10 18 20 40 58 116 174 b
1 2 4 8 10 18 22 36 58 116 174 a
1 2 4 8 10 18 22 40 58 116 174 b
1 2 4 8 10 18 26 52 70 104 174 a
1 2 4 8 10 18 26 52 70 122 174 b
1 2 4 8 10 18 26 52 78 96 174 b
1 2 4 8 10 18 26 52 78 156 174 b
1 2 4 8 10 18 26 52 104 122 174 b
1 2 4 8 10 18 26 52 104 156 174 b
1 2 4 8 10 18 28 29 58 87 174 b
1 2 4 8 10 18 28 29 58 116 174 b
1 2 4 8 10 18 28 30 58 116 174 b
1 2 4 8 10 18 28 46 64 110 174 b
1 2 4 8 10 18 28 46 64 128 174 b
1 2 4 8 10 18 28 56 58 116 174 b
1 2 4 8 10 18 36 40 58 116 174 b
1 2 4 8 10 18 36 46 64 110 174 b
1 2 4 8 10 18 36 46 64 128 174 b
1 2 4 8 10 18 36 46 82 92 174 b
1 2 4 8 10 18 36 46 82 128 174 b
1 2 4 8 10 18 36 46 82 164 174 b
1 2 4 8 10 18 36 46 92 128 174 b
1 2 4 8 10 18 36 46 92 138 174 b
1 2 4 8 10 18 36 54 58 116 174 b
1 2 4 8 10 18 36 72 82 92 174 b
1 2 4 8 10 18 36 72 82 164 174 b
1 2 4 8 10 20 21 29 58 87 174 b
1 2 4 8 10 20 21 29 58 116 174 b
1 2 4 8 10 20 21 41 82 92 174 b
1 2 4 8 10 20 21 41 82 164 174 b
1 2 4 8 10 20 24 34 58 116 174 b
1 2 4 8 10 20 24 48 58 116 174 b
1 2 4 8 10 20 28 29 58 87 174 b
1 2 4 8 10 20 28 29 58 116 174 b
1 2 4 8 10 20 28 30 58 116 174 b
1 2 4 8 10 20 28 38 58 116 174 b
1 2 4 8 10 20 28 48 58 116 174 b
1 2 4 8 10 20 28 56 58 116 174 b
1 2 4 8 10 20 30 38 58 116 174 b
1 2 4 8 10 20 30 38 68 106 174 b
1 2 4 8 10 20 30 38 68 136 174 b
1 2 4 8 10 20 30 50 58 116 174 b
1 2 4 8 10 20 40 41 82 92 174 b
1 2 4 8 10 20 40 41 82 164 174 b
1 2 4 8 10 20 40 42 82 92 174 b
1 2 4 8 10 20 40 42 82 164 174 b
1 2 4 8 10 20 40 48 58 116 174 b
1 2 4 8 10 20 40 50 58 116 174 b
1 2 4 8 10 20 40 80 82 92 174 b
1 2 4 8 10 20 40 80 82 164 174 b
1 2 4 8 10 20 40 80 84 90 174 a
1 2 4 8 10 20 40 80 84 94 174 b
1 2 4 8 10 20 40 80 84 164 174 b
1 2 4 8 10 20 40 80 90 94 174 b
1 2 4 8 10 20 40 80 90 170 174 b
1 2 4 8 10 20 40 80 160 164 174 b
1 2 4 8 10 20 40 80 160 170 174 b
1 2 4 8 12 13 16 29 58 87 174 a
1 2 4 8 12 13 16 29 58 116 174 a
1 2 4 8 12 13 17 29 58 87 174 b
1 2 4 8 12 13 17 29 58 116 174 b
1 2 4 8 12 13 21 29 58 87 174 b
1 2 4 8 12 13 21 29 58 116 174 b
1 2 4 8 12 13 21 33 54 87 174 b
1 2 4 8 12 13 21 33 66 87 174 b
1 2 4 8 12 13 24 37 50 87 174 a
1 2 4 8 12 13 24 37 74 87 174 a
1 2 4 8 12 13 25 29 58 87 174 b
1 2 4 8 12 13 25 29 58 116 174 b
1 2 4 8 12 13 25 33 58 116 174 b
1 2 4 8 12 13 25 37 50 87 174 b
1 2 4 8 12 13 25 37 62 87 174 b
1 2 4 8 12 13 25 37 74 87 174 b
1 2 4 8 12 13 25 50 58 116 174 b
1 2 4 8 12 13 25 50 62 87 174 b
1 2 4 8 12 13 25 50 62 112 174 b
1 2 4 8 12 13 25 50 62 124 174 b
1 2 4 8 12 13 25 50 75 87 174 b
1 2 4 8 12 14 15 29 58 87 174 b
1 2 4 8 12 14 15 29 58 116 174 b
1 2 4 8 12 14 20 40 80 94 174 a
1 2 4 8 12 14 20 40 80 160 174 a
1 2 4 8 12 14 22 36 58 116 174 b
1 2 4 8 12 14 22 44 58 116 174 b
1 2 4 8 12 14 26 40 80 94 174 b
1 2 4 8 12 14 26 40 80 160 174 b
1 2 4 8 12 14 28 29 58 87 174 b
1 2 4 8 12 14 28 29 58 116 174 b
1 2 4 8 12 14 28 30 58 116 174 b
1 2 4 8 12 14 28 40 80 94 174 b
1 2 4 8 12 14 28 40 80 160 174 b
1 2 4 8 12 14 28 56 58 116 174 b
1 2 4 8 12 16 17 29 58 87 174 b
1 2 4 8 12 16 17 29 58 116 174 b
1 2 4 8 12 16 28 29 58 87 174 b
1 2 4 8 12 16 28 29 58 116 174 b
1 2 4 8 12 16 28 30 58 116 174 b
1 2 4 8 12 16 28 56 58 116 174 b
1 2 4 8 12 20 21 29 58 87 174 b
1 2 4 8 12 20 21 29 58 116 174 b
1 2 4 8 12 20 21 33 54 87 174 b
1 2 4 8 12 20 21 33 66 87 174 b
1 2 4 8 12 20 28 29 58 87 174 b
1 2 4 8 12 20 28 29 58 116 174 b
1 2 4 8 12 20 28 30 58 116 174 b
1 2 4 8 12 20 28 56 58 116 174 b
1 2 4 8 12 20 40 41 81 93 174 b
1 2 4 8 12 20 40 41 81 162 174 b
1 2 4 8 12 20 40 80 81 93 174 b
1 2 4 8 12 20 40 80 81 162 174 b
1 2 4 8 12 20 40 80 82 92 174 a
1 2 4 8 12 20 40 80 82 94 174 b
1 2 4 8 12 20 40 80 82 162 174 b
1 2 4 8 12 20 40 80 92 94 174 b
1 2 4 8 12 20 40 80 92 172 174 b
1 2 4 8 12 20 40 80 160 162 174 b
1 2 4 8 12 20 40 80 160 172 174 b
1 2 4 8 12 24 25 29 58 87 174 b
1 2 4 8 12 24 25 29 58 116 174 b
1 2 4 8 12 24 25 33 58 116 174 b
1 2 4 8 12 24 25 37 50 87 174 a
1 2 4 8 12 24 25 37 62 87 174 b
1 2 4 8 12 24 25 50 58 116 174 b
1 2 4 8 12 24 25 50 62 87 174 b
1 2 4 8 12 24 25 50 62 112 174 b
1 2 4 8 12 24 25 50 62 124 174 b
1 2 4 8 12 24 25 50 74 100 174 a
1 2 4 8 12 24 25 50 74 124 174 b
1 2 4 8 12 24 25 50 75 87 174 b
1 2 4 8 12 24 25 50 75 99 174 b
1 2 4 8 12 24 25 50 75 150 174 b
1 2 4 8 12 24 25 50 100 124 174 b
1 2 4 8 12 24 25 50 100 150 174 b
1 2 4 8 12 24 26 32 58 116 174 a
1 2 4 8 12 24 26 34 58 116 174 b
1 2 4 8 12 24 26 48 74 100 174 a
1 2 4 8 12 24 26 48 74 148 174 a
1 2 4 8 12 24 26 50 58 116 174 b
1 2 4 8 12 24 26 50 62 112 174 b
1 2 4 8 12 24 26 50 62 124 174 b
1 2 4 8 12 24 26 50 74 100 174 b
1 2 4 8 12 24 26 50 74 124 174 b
1 2 4 8 12 24 26 50 74 148 174 b
1 2 4 8 12 24 26 50 100 124 174 b
1 2 4 8 12 24 26 50 100 150 174 b
1 2 4 8 12 24 28 29 58 87 174 b
1 2 4 8 12 24 28 29 58 116 174 b
1 2 4 8 12 24 28 30 58 116 174 b
1 2 4 8 12 24 28 56 58 116 174 b
1 2 4 8 12 24 32 34 58 116 174 b
1 2 4 8 12 24 32 56 58 116 174 b
1 2 4 8 12 24 48 50 58 116 174 b
1 2 4 8 12 24 48 50 62 112 174 b
1 2 4 8 12 24 48 50 62 124 174 b
1 2 4 8 12 24 48 50 74 100 174 a
1 2 4 8 12 24 48 50 74 124 174 b
1 2 4 8 12 24 48 50 100 124 174 b
1 2 4 8 12 24 48 50 100 150 174 b
1 2 4 8 12 24 48 56 58 116 174 b
1 2 4 8 16 17 18 35 52 87 174 b
1 2 4 8 16 17 18 35 70 87 174 b
1 2 4 8 16 17 19 34 53 87 174 a
1 2 4 8 16 17 19 34 68 87 174 a
1 2 4 8 16 17 19 35 52 87 174 b
1 2 4 8 16 17 19 35 70 87 174 b
1 2 4 8 16 17 21 29 58 87 174 b
1 2 4 8 16 17 21 29 58 116 174 b
1 2 4 8 16 17 21 33 54 87 174 a
1 2 4 8 16 17 21 33 66 87 174 a
1 2 4 8 16 17 21 37 58 116 174 b
1 2 4 8 16 17 21 42 58 116 174 b
1 2 4 8 16 17 24 34 58 116 174 a
1 2 4 8 16 17 24 41 58 116 174 a
1 2 4 8 16 17 25 29 58 87 174 b
1 2 4 8 16 17 25 29 58 116 174 b
1 2 4 8 16 17 25 33 58 116 174 b
1 2 4 8 16 17 25 41 58 116 174 b
1 2 4 8 16 17 25 42 58 116 174 b
1 2 4 8 16 17 25 50 58 116 174 b
1 2 4 8 16 17 33 35 52 87 174 b
1 2 4 8 16 17 33 35 70 87 174 b
1 2 4 8 16 17 33 37 50 87 174 a
1 2 4 8 16 17 33 37 54 87 174 b
1 2 4 8 16 17 33 37 70 87 174 b
1 2 4 8 16 17 33 41 58 116 174 b
1 2 4 8 16 17 33 50 54 87 174 b
1 2 4 8 16 17 33 50 58 116 174 b
1 2 4 8 16 17 33 50 83 87 174 b
1 2 4 8 16 17 33 50 83 91 174 b
1 2 4 8 16 17 33 50 83 166 174 b
1 2 4 8 16 17 33 66 70 87 174 b
1 2 4 8 16 17 33 66 83 87 174 b
1 2 4 8 16 17 33 66 83 91 174 b
1 2 4 8 16 17 33 66 83 166 174 b
1 2 4 8 16 17 34 35 52 87 174 b
1 2 4 8 16 17 34 35 70 87 174 b
1 2 4 8 16 17 34 35 70 104 174 b
1 2 4 8 16 17 34 35 70 140 174 b
1 2 4 8 16 17 34 36 51 87 174 a
1 2 4 8 16 17 34 36 53 87 174 b
1 2 4 8 16 17 34 36 70 87 174 b
1 2 4 8 16 17 34 36 70 104 174 b
1 2 4 8 16 17 34 36 70 140 174 b
1 2 4 8 16 17 34 38 68 106 174 a
1 2 4 8 16 17 34 38 68 136 174 a
1 2 4 8 16 17 34 42 58 116 174 b
1 2 4 8 16 17 34 50 58 116 174 b
1 2 4 8 16 17 34 51 53 87 174 b
1 2 4 8 16 17 34 51 85 87 174 b
1 2 4 8 16 17 34 51 85 89 174 b
1 2 4 8 16 17 34 51 85 170 174 b
1 2 4 8 16 17 34 68 70 87 174 b
1 2 4 8 16 17 34 68 70 104 174 b
1 2 4 8 16 17 34 68 70 140 174 b
1 2 4 8 16 17 34 68 72 102 174 a
1 2 4 8 16 17 34 68 72 106 174 b
1 2 4 8 16 17 34 68 72 140 174 b
1 2 4 8 16 17 34 68 85 87 174 b
1 2 4 8 16 17 34 68 85 89 174 b
1 2 4 8 16 17 34 68 85 170 174 b
1 2 4 8 16 17 34 68 102 106 174 b
1 2 4 8 16 17 34 68 102 170 174 b
1 2 4 8 16 17 34 68 136 140 174 b
1 2 4 8 16 17 34 68 136 170 174 b
1 2 4 8 16 18 19 34 53 87 174 a
1 2 4 8 16 18 19 34 68 87 174 a
1 2 4 8 16 18 20 38 58 116 174 b
1 2 4 8 16 18 20 40 58 116 174 b
1 2 4 8 16 18 22 36 58 116 174 a
1 2 4 8 16 18 22 38 76 98 174 b
1 2 4 8 16 18 22 38 76 152 174 b
1 2 4 8 16 18 22 40 58 116 174 b
1 2 4 8 16 18 24 34 58 116 174 a
1 2 4 8 16 18 24 40 58 116 174 a
1 2 4 8 16 18 24 42 58 116 174 a
1 2 4 8 16 18 24 42 66 108 174 a
1 2 4 8 16 18 24 42 66 132 174 a
1 2 4 8 16 18 26 32 58 116 174 a
1 2 4 8 16 18 26 42 58 116 174 b
1 2 4 8 16 18 26 52 70 104 174 a
1 2 4 8 16 18 26 52 70 122 174 b
1 2 4 8 16 18 26 52 78 96 174 b
1 2 4 8 16 18 26 52 78 156 174 b
1 2 4 8 16 18 26 52 104 122 174 b
1 2 4 8 16 18 26 52 104 156 174 b
1 2 4 8 16 18 32 40 58 116 174 a
1 2 4 8 16 18 32 50 58 116 174 a
1 2 4 8 16 18 34 35 52 87 174 a
1 2 4 8 16 18 34 35 53 87 174 b
1 2 4 8 16 18 34 35 69 87 174 b
1 2 4 8 16 18 34 35 70 104 174 b
1 2 4 8 16 18 34 35 70 140 174 b
1 2 4 8 16 18 34 36 70 104 174 b
1 2 4 8 16 18 34 36 70 140 174 b
1 2 4 8 16 18 34 38 68 106 174 a
1 2 4 8 16 18 34 38 68 136 174 a
1 2 4 8 16 18 34 42 58 116 174 b
1 2 4 8 16 18 34 50 58 116 174 b
1 2 4 8 16 18 34 52 53 87 174 b
1 2 4 8 16 18 34 52 70 104 174 b
1 2 4 8 16 18 34 52 70 122 174 b
1 2 4 8 16 18 34 52 70 140 174 b
1 2 4 8 16 18 34 52 86 87 174 b
1 2 4 8 16 18 34 52 86 88 174 b
1 2 4 8 16 18 34 52 86 172 174 b
1 2 4 8 16 18 34 52 104 122 174 b
1 2 4 8 16 18 34 52 104 156 174 b
1 2 4 8 16 18 34 68 69 87 174 b
1 2 4 8 16 18 34 68 70 104 174 b
1 2 4 8 16 18 34 68 70 140 174 b
1 2 4 8 16 18 34 68 72 102 174 a
1 2 4 8 16 18 34 68 72 106 174 b
1 2 4 8 16 18 34 68 72 140 174 b
1 2 4 8 16 18 34 68 86 87 174 b
1 2 4 8 16 18 34 68 86 88 174 b
1 2 4 8 16 18 34 68 86 172 174 b
1 2 4 8 16 18 34 68 102 106 174 b
1 2 4 8 16 18 34 68 102 170 174 b
1 2 4 8 16 18 34 68 136 140 174 b
1 2 4 8 16 18 34 68 136 170 174 b
1 2 4 8 16 18 36 40 58 116 174 b
1 2 4 8 16 18 36 52 70 104 174 a
1 2 4 8 16 18 36 52 70 122 174 b
1 2 4 8 16 18 36 52 104 122 174 b
1 2 4 8 16 18 36 52 104 156 174 b
1 2 4 8 16 18 36 54 58 116 174 b
1 2 4 8 16 20 21 29 58 87 174 b
1 2 4 8 16 20 21 29 58 116 174 b
1 2 4 8 16 20 21 37 58 116 174 b
1 2 4 8 16 20 21 42 58 116 174 b
1 2 4 8 16 20 22 36 58 116 174 a
1 2 4 8 16 20 22 38 58 116 174 b
1 2 4 8 16 20 22 38 76 98 174 b
1 2 4 8 16 20 22 38 76 152 174 b
1 2 4 8 16 20 22 42 58 116 174 b
1 2 4 8 16 20 28 29 58 87 174 b
1 2 4 8 16 20 28 29 58 116 174 b
1 2 4 8 16 20 28 30 58 116 174 b
1 2 4 8 16 20 28 56 58 116 174 b
1 2 4 8 16 20 36 38 58 116 174 b
1 2 4 8 16 20 36 56 58 116 174 b
1 2 4 8 16 20 40 42 58 116 174 b
1 2 4 8 16 20 40 56 58 116 174 b
1 2 4 8 16 24 25 29 58 87 174 b
1 2 4 8 16 24 25 29 58 116 174 b
1 2 4 8 16 24 25 33 58 116 174 b
1 2 4 8 16 24 25 50 58 116 174 b
1 2 4 8 16 24 25 50 74 100 174 a
1 2 4 8 16 24 25 50 74 124 174 b
1 2 4 8 16 24 25 50 75 99 174 b
1 2 4 8 16 24 25 50 75 150 174 b
1 2 4 8 16 24 25 50 100 124 174 b
1 2 4 8 16 24 25 50 100 150 174 b
1 2 4 8 16 24 26 32 58 116 174 a
1 2 4 8 16 24 26 34 58 116 174 b
1 2 4 8 16 24 26 42 58 116 174 b
1 2 4 8 16 24 26 42 66 108 174 b
1 2 4 8 16 24 26 42 66 132 174 b
1 2 4 8 16 24 26 48 74 100 174 a
1 2 4 8 16 24 26 48 74 148 174 a
1 2 4 8 16 24 26 50 58 116 174 b
1 2 4 8 16 24 26 50 74 100 174 b
1 2 4 8 16 24 26 50 74 124 174 b
1 2 4 8 16 24 26 50 74 148 174 b
1 2 4 8 16 24 26 50 100 124 174 b
1 2 4 8 16 24 26 50 100 150 174 b
1 2 4 8 16 24 28 29 58 87 174 b
1 2 4 8 16 24 28 29 58 116 174 b
1 2 4 8 16 24 28 30 58 116 174 b
1 2 4 8 16 24 28 56 58 116 174 b
1 2 4 8 16 24 32 34 58 116 174 b
1 2 4 8 16 24 32 56 58 116 174 b
1 2 4 8 16 24 40 42 58 116 174 b
1 2 4 8 16 24 40 42 66 108 174 b
1 2 4 8 16 24 40 42 66 132 174 b
1 2 4 8 16 24 40 56 58 116 174 b
1 2 4 8 16 24 48 50 58 116 174 b
1 2 4 8 16 24 48 50 74 100 174 a
1 2 4 8 16 24 48 50 74 124 174 b
1 2 4 8 16 24 48 50 100 124 174 b
1 2 4 8 16 24 48 50 100 150 174 b
1 2 4 8 16 24 48 56 58 116 174 b
1 2 4 8 16 32 33 36 69 105 174 a
1 2 4 8 16 32 33 36 69 138 174 a
1 2 4 8 16 32 34 35 70 104 174 b
1 2 4 8 16 32 34 35 70 140 174 b
1 2 4 8 16 32 34 36 70 104 174 b
1 2 4 8 16 32 34 36 70 140 174 b
1 2 4 8 16 32 34 38 68 106 174 a
1 2 4 8 16 32 34 38 68 136 174 a
1 2 4 8 16 32 34 38 70 104 174 b
1 2 4 8 16 32 34 38 70 140 174 b
1 2 4 8 16 32 34 42 58 116 174 b
1 2 4 8 16 32 34 42 66 108 174 a
1 2 4 8 16 32 34 42 66 132 174 a
1 2 4 8 16 32 34 50 58 116 174 b
1 2 4 8 16 32 34 66 70 104 174 b
1 2 4 8 16 32 34 66 70 140 174 b
1 2 4 8 16 32 34 66 74 100 174 a
1 2 4 8 16 32 34 66 74 108 174 b
1 2 4 8 16 32 34 66 74 140 174 b
1 2 4 8 16 32 34 66 100 108 174 b
1 2 4 8 16 32 34 66 100 166 174 b
1 2 4 8 16 32 34 66 132 140 174 b
1 2 4 8 16 32 34 66 132 166 174 b
1 2 4 8 16 32 34 68 70 104 174 b
1 2 4 8 16 32 34 68 70 140 174 b
1 2 4 8 16 32 34 68 72 102 174 a
1 2 4 8 16 32 34 68 72 106 174 b
1 2 4 8 16 32 34 68 72 140 174 b
1 2 4 8 16 32 34 68 102 106 174 b
1 2 4 8 16 32 34 68 102 170 174 b
1 2 4 8 16 32 34 68 136 140 174 b
1 2 4 8 16 32 34 68 136 170 174 b
1 2 4 8 16 32 36 37 69 105 174 b
1 2 4 8 16 32 36 37 69 138 174 b
1 2 4 8 16 32 36 38 68 106 174 a
1 2 4 8 16 32 36 38 68 136 174 a
1 2 4 8 16 32 36 68 69 105 174 b
1 2 4 8 16 32 36 68 69 138 174 b
1 2 4 8 16 32 36 68 70 104 174 a
1 2 4 8 16 32 36 68 70 106 174 b
1 2 4 8 16 32 36 68 70 138 174 b
1 2 4 8 16 32 36 68 104 106 174 b
1 2 4 8 16 32 36 68 104 172 174 b
1 2 4 8 16 32 36 68 136 138 174 b
1 2 4 8 16 32 36 68 136 172 174 b
1 2 4 8 16 32 40 42 58 116 174 b
1 2 4 8 16 32 40 56 58 116 174 b
1 2 4 8 16 32 48 50 58 116 174 b
1 2 4 8 16 32 48 56 58 116 174 b
