1 2 3 5 10 15 25 50 75 125 b
1 2 3 5 10 15 25 50 100 125 b
1 2 3 5 10 15 30 60 65 125 b
1 2 3 5 10 15 30 60 120 125 b
1 2 3 5 10 20 25 50 75 125 b
1 2 3 5 10 20 25 50 100 125 b
1 2 3 5 10 20 30 60 65 125 b
1 2 3 5 10 20 30 60 120 125 b
1 2 3 5 10 20 40 45 80 125 a
1 2 3 5 10 20 40 45 85 125 b
1 2 3 5 10 20 40 60 65 125 b
1 2 3 5 10 20 40 60 120 125 b
1 2 3 5 10 20 40 80 85 125 b
1 2 3 5 10 20 40 80 120 125 b
1 2 3 6 12 13 25 50 75 125 b
1 2 3 6 12 13 25 50 100 125 b
1 2 3 6 12 24 25 50 75 125 b
1 2 3 6 12 24 25 50 100 125 b
1 2 4 5 10 15 25 50 75 125 b
1 2 4 5 10 15 25 50 100 125 b
1 2 4 5 10 15 30 60 65 125 b
1 2 4 5 10 15 30 60 120 125 b
1 2 4 5 10 20 25 50 75 125 b
1 2 4 5 10 20 25 50 100 125 b
1 2 4 5 10 20 30 60 65 125 b
1 2 4 5 10 20 30 60 120 125 b
1 2 4 5 10 20 40 45 80 125 a
1 2 4 5 10 20 40 45 85 125 b
1 2 4 5 10 20 40 60 65 125 b
1 2 4 5 10 20 40 60 120 125 b
1 2 4 5 10 20 40 80 85 125 b
1 2 4 5 10 20 40 80 120 125 b
1 2 4 6 12 13 25 50 75 125 b
1 2 4 6 12 13 25 50 100 125 b
1 2 4 6 12 24 25 50 75 125 b
1 2 4 6 12 24 25 50 100 125 b
1 2 4 8 9 16 25 50 75 125 a
1 2 4 8 9 16 25 50 100 125 a
1 2 4 8 9 17 25 50 75 125 b
1 2 4 8 9 17 25 50 100 125 b
1 2 4 8 12 13 25 50 75 125 b
1 2 4 8 12 13 25 50 100 125 b
1 2 4 8 12 24 25 50 75 125 b
1 2 4 8 12 24 25 50 100 125 b
1 2 4 8 16 17 25 50 75 125 b
1 2 4 8 16 17 25 50 100 125 b
1 2 4 8 16 24 25 50 75 125 b
1 2 4 8 16 24 25 50 100 125 b
