1 2 3 4 7 14 28 29 57 114 b
1 2 3 4 7 14 28 56 57 114 b
1 2 3 4 7 14 28 56 58 114 b
1 2 3 4 7 14 28 56 112 114 b
1 2 3 4 8 11 19 38 57 114 b
1 2 3 4 8 11 19 38 76 114 b
1 2 3 4 8 16 19 38 57 114 b
1 2 3 4 8 16 19 38 76 114 b
1 2 3 5 7 12 19 38 57 114 b
1 2 3 5 7 12 19 38 76 114 b
1 2 3 5 7 14 19 38 57 114 b
1 2 3 5 7 14 19 38 76 114 b
1 2 3 5 7 14 28 29 57 114 b
1 2 3 5 7 14 28 56 57 114 b
1 2 3 5 7 14 28 56 58 114 b
1 2 3 5 7 14 28 56 112 114 b
1 2 3 5 8 11 19 38 57 114 b
1 2 3 5 8 11 19 38 76 114 b
1 2 3 5 8 13 26 31 57 114 b
1 2 3 5 8 13 26 52 57 114 b
1 2 3 5 8 16 19 38 57 114 b
1 2 3 5 8 16 19 38 76 114 b
1 2 3 5 10 13 26 31 57 114 b
1 2 3 5 10 13 26 52 57 114 b
1 2 3 5 10 13 26 52 62 114 b
1 2 3 5 10 13 26 52 104 114 b
1 2 3 6 7 12 19 38 57 114 a
1 2 3 6 7 12 19 38 76 114 a
1 2 3 6 7 13 19 38 57 114 b
1 2 3 6 7 13 19 38 76 114 b
1 2 3 6 7 14 28 29 57 114 b
1 2 3 6 7 14 28 56 57 114 b
1 2 3 6 7 14 28 56 58 114 b
1 2 3 6 7 14 28 56 112 114 b
1 2 3 6 8 11 19 38 57 114 b
1 2 3 6 8 11 19 38 76 114 b
1 2 3 6 8 14 28 29 57 114 b
1 2 3 6 8 14 28 56 57 114 b
1 2 3 6 8 14 28 56 58 114 b
1 2 3 6 8 14 28 56 112 114 b
1 2 3 6 8 16 19 38 57 114 b
1 2 3 6 8 16 19 38 76 114 b
1 2 3 6 8 16 22 38 76 114 b
1 2 3 6 8 16 32 38 76 114 b
1 2 3 6 9 10 19 38 57 114 b
1 2 3 6 9 10 19 38 76 114 b
1 2 3 6 9 12 24 33 57 114 b
1 2 3 6 9 12 24 48 57 114 b
1 2 3 6 9 15 21 36 57 114 b
1 2 3 6 9 15 21 42 57 114 b
1 2 3 6 9 15 24 33 57 114 b
1 2 3 6 9 15 24 48 57 114 b
1 2 3 6 9 18 19 38 57 114 b
1 2 3 6 9 18 19 38 76 114 b
1 2 3 6 9 18 20 38 76 114 b
1 2 3 6 9 18 21 36 57 114 a
1 2 3 6 9 18 21 39 57 114 b
1 2 3 6 9 18 24 33 57 114 b
1 2 3 6 9 18 24 48 57 114 b
1 2 3 6 9 18 24 48 66 114 b
1 2 3 6 9 18 24 48 96 114 b
1 2 3 6 9 18 27 30 57 114 b
1 2 3 6 9 18 27 54 57 114 b
1 2 3 6 9 18 27 54 60 114 b
1 2 3 6 9 18 27 54 108 114 b
1 2 3 6 9 18 36 38 76 114 b
1 2 3 6 9 18 36 39 57 114 b
1 2 3 6 9 18 36 39 75 114 b
1 2 3 6 9 18 36 39 78 114 b
1 2 3 6 9 18 36 42 72 114 a
1 2 3 6 9 18 36 42 78 114 b
1 2 3 6 9 18 36 54 57 114 b
1 2 3 6 9 18 36 54 60 114 b
1 2 3 6 9 18 36 54 108 114 b
1 2 3 6 9 18 36 72 78 114 b
1 2 3 6 9 18 36 72 108 114 b
1 2 3 6 12 13 19 38 57 114 b
1 2 3 6 12 13 19 38 76 114 b
1 2 3 6 12 13 25 38 76 114 b
1 2 3 6 12 13 26 38 76 114 b
1 2 3 6 12 14 24 38 76 114 a
1 2 3 6 12 14 26 38 76 114 b
1 2 3 6 12 14 28 29 57 114 b
1 2 3 6 12 14 28 56 57 114 b
1 2 3 6 12 14 28 56 58 114 b
1 2 3 6 12 14 28 56 112 114 b
1 2 3 6 12 15 21 36 57 114 b
1 2 3 6 12 15 21 42 57 114 b
1 2 3 6 12 15 27 30 57 114 b
1 2 3 6 12 15 27 42 57 114 b
1 2 3 6 12 15 27 54 57 114 b
1 2 3 6 12 15 27 54 60 114 b
1 2 3 6 12 15 27 54 108 114 b
1 2 3 6 12 15 30 42 57 114 b
1 2 3 6 12 15 30 42 72 114 b
1 2 3 6 12 15 30 42 84 114 b
1 2 3 6 12 15 30 45 57 114 b
1 2 3 6 12 18 19 38 57 114 b
1 2 3 6 12 18 19 38 76 114 b
1 2 3 6 12 18 20 38 76 114 b
1 2 3 6 12 18 21 36 57 114 a
1 2 3 6 12 18 21 39 57 114 b
1 2 3 6 12 18 24 48 66 114 b
1 2 3 6 12 18 24 48 96 114 b
1 2 3 6 12 18 30 42 72 114 b
1 2 3 6 12 18 30 42 84 114 b
1 2 3 6 12 18 30 48 66 114 b
1 2 3 6 12 18 30 48 96 114 b
1 2 3 6 12 18 36 38 76 114 b
1 2 3 6 12 18 36 39 57 114 b
1 2 3 6 12 18 36 39 75 114 b
1 2 3 6 12 18 36 39 78 114 b
1 2 3 6 12 18 36 42 72 114 a
1 2 3 6 12 18 36 42 78 114 b
1 2 3 6 12 18 36 48 66 114 b
1 2 3 6 12 18 36 48 96 114 b
1 2 3 6 12 18 36 54 57 114 b
1 2 3 6 12 18 36 54 60 114 b
1 2 3 6 12 18 36 54 108 114 b
1 2 3 6 12 18 36 72 78 114 b
1 2 3 6 12 18 36 72 108 114 b
1 2 3 6 12 24 26 38 76 114 b
1 2 3 6 12 24 27 30 57 114 b
1 2 3 6 12 24 27 33 57 114 b
1 2 3 6 12 24 27 51 57 114 b
1 2 3 6 12 24 27 51 63 114 b
1 2 3 6 12 24 27 51 102 114 b
1 2 3 6 12 24 27 54 57 114 b
1 2 3 6 12 24 27 54 60 114 b
1 2 3 6 12 24 27 54 108 114 b
1 2 3 6 12 24 30 33 57 114 b
1 2 3 6 12 24 30 42 72 114 b
1 2 3 6 12 24 30 42 84 114 b
1 2 3 6 12 24 30 54 57 114 b
1 2 3 6 12 24 30 54 60 114 b
1 2 3 6 12 24 30 54 84 114 b
1 2 3 6 12 24 30 54 108 114 b
1 2 3 6 12 24 30 60 84 114 b
1 2 3 6 12 24 30 60 90 114 b
1 2 3 6 12 24 36 38 76 114 b
1 2 3 6 12 24 36 39 75 114 b
1 2 3 6 12 24 36 39 78 114 b
1 2 3 6 12 24 36 42 72 114 a
1 2 3 6 12 24 36 42 78 114 b
1 2 3 6 12 24 36 72 78 114 b
1 2 3 6 12 24 36 72 108 114 b
1 2 3 6 12 24 48 51 57 114 b
1 2 3 6 12 24 48 51 63 114 b
1 2 3 6 12 24 48 51 102 114 b
1 2 3 6 12 24 48 54 57 114 b
1 2 3 6 12 24 48 54 60 114 b
1 2 3 6 12 24 48 54 66 114 b
1 2 3 6 12 24 48 54 102 114 b
1 2 3 6 12 24 48 54 108 114 b
1 2 3 6 12 24 48 60 66 114 b
1 2 3 6 12 24 48 60 108 114 b
1 2 3 6 12 24 48 96 102 114 b
1 2 3 6 12 24 48 96 108 114 b
1 2 4 5 7 12 19 38 57 114 b
1 2 4 5 7 12 19 38 76 114 b
1 2 4 5 7 14 19 38 57 114 b
1 2 4 5 7 14 19 38 76 114 b
1 2 4 5 7 14 28 29 57 114 b
1 2 4 5 7 14 28 56 57 114 b
1 2 4 5 7 14 28 56 58 114 b
1 2 4 5 7 14 28 56 112 114 b
1 2 4 5 8 13 26 31 57 114 a
1 2 4 5 8 13 26 52 57 114 a
1 2 4 5 9 10 19 38 57 114 b
1 2 4 5 9 10 19 38 76 114 b
1 2 4 5 9 13 22 35 57 114 b
1 2 4 5 9 13 22 44 57 114 b
1 2 4 5 9 13 26 31 57 114 b
1 2 4 5 9 13 26 52 57 114 b
1 2 4 5 9 14 19 38 57 114 b
1 2 4 5 9 14 19 38 76 114 b
1 2 4 5 9 14 28 29 57 114 b
1 2 4 5 9 14 28 56 57 114 b
1 2 4 5 9 14 28 56 58 114 b
1 2 4 5 9 14 28 56 112 114 b
1 2 4 5 9 18 19 38 57 114 b
1 2 4 5 9 18 19 38 76 114 b
1 2 4 5 9 18 20 38 76 114 b
1 2 4 5 9 18 36 38 76 114 b
1 2 4 5 10 14 19 38 57 114 b
1 2 4 5 10 14 19 38 76 114 b
1 2 4 5 10 14 24 38 76 114 b
1 2 4 5 10 14 28 29 57 114 b
1 2 4 5 10 14 28 38 76 114 b
1 2 4 5 10 14 28 56 57 114 b
1 2 4 5 10 14 28 56 58 114 b
1 2 4 5 10 14 28 56 112 114 b
1 2 4 5 10 15 19 38 57 114 b
1 2 4 5 10 15 19 38 76 114 b
1 2 4 6 7 12 19 38 57 114 a
1 2 4 6 7 12 19 38 76 114 a
1 2 4 6 7 13 19 38 57 114 b
1 2 4 6 7 13 19 38 76 114 b
1 2 4 6 7 14 28 29 57 114 b
1 2 4 6 7 14 28 56 57 114 b
1 2 4 6 7 14 28 56 58 114 b
1 2 4 6 7 14 28 56 112 114 b
1 2 4 6 8 14 28 29 57 114 b
1 2 4 6 8 14 28 56 57 114 b
1 2 4 6 8 14 28 56 58 114 b
1 2 4 6 8 14 28 56 112 114 b
1 2 4 6 8 16 22 38 76 114 b
1 2 4 6 8 16 32 38 76 114 b
1 2 4 6 10 14 24 38 76 114 b
1 2 4 6 10 14 28 29 57 114 b
1 2 4 6 10 14 28 38 76 114 b
1 2 4 6 10 14 28 56 57 114 b
1 2 4 6 10 14 28 56 58 114 b
1 2 4 6 10 14 28 56 112 114 b
1 2 4 6 10 16 22 38 76 114 b
1 2 4 6 10 16 26 52 62 114 b
1 2 4 6 10 16 26 52 104 114 b
1 2 4 6 10 16 32 38 76 114 b
1 2 4 6 10 20 26 52 62 114 b
1 2 4 6 10 20 26 52 104 114 b
1 2 4 6 12 13 19 38 57 114 b
1 2 4 6 12 13 19 38 76 114 b
1 2 4 6 12 13 25 38 76 114 b
1 2 4 6 12 13 26 38 76 114 b
1 2 4 6 12 14 24 38 76 114 a
1 2 4 6 12 14 26 38 76 114 b
1 2 4 6 12 14 28 29 57 114 b
1 2 4 6 12 14 28 56 57 114 b
1 2 4 6 12 14 28 56 58 114 b
1 2 4 6 12 14 28 56 112 114 b
1 2 4 6 12 16 22 38 76 114 b
1 2 4 6 12 16 28 29 57 114 b
1 2 4 6 12 16 28 56 57 114 b
1 2 4 6 12 16 28 56 58 114 b
1 2 4 6 12 16 28 56 112 114 b
1 2 4 6 12 16 32 38 76 114 b
1 2 4 6 12 18 19 38 57 114 b
1 2 4 6 12 18 19 38 76 114 b
1 2 4 6 12 18 20 38 76 114 b
1 2 4 6 12 18 24 48 66 114 b
1 2 4 6 12 18 24 48 96 114 b
1 2 4 6 12 18 30 42 72 114 b
1 2 4 6 12 18 30 42 84 114 b
1 2 4 6 12 18 30 48 66 114 b
1 2 4 6 12 18 30 48 96 114 b
1 2 4 6 12 18 36 38 76 114 b
1 2 4 6 12 18 36 42 72 114 a
1 2 4 6 12 18 36 42 78 114 b
1 2 4 6 12 18 36 48 66 114 b
1 2 4 6 12 18 36 48 96 114 b
1 2 4 6 12 18 36 54 60 114 b
1 2 4 6 12 18 36 54 108 114 b
1 2 4 6 12 18 36 72 78 114 b
1 2 4 6 12 18 36 72 108 114 b
1 2 4 6 12 24 26 38 76 114 b
1 2 4 6 12 24 28 29 57 114 b
1 2 4 6 12 24 28 56 57 114 b
1 2 4 6 12 24 28 56 58 114 b
1 2 4 6 12 24 28 56 112 114 b
1 2 4 6 12 24 30 42 72 114 b
1 2 4 6 12 24 30 42 84 114 b
1 2 4 6 12 24 30 54 60 114 b
1 2 4 6 12 24 30 54 84 114 b
1 2 4 6 12 24 30 54 108 114 b
1 2 4 6 12 24 30 60 84 114 b
1 2 4 6 12 24 30 60 90 114 b
1 2 4 6 12 24 36 38 76 114 b
1 2 4 6 12 24 36 42 72 114 a
1 2 4 6 12 24 36 42 78 114 b
1 2 4 6 12 24 36 72 78 114 b
1 2 4 6 12 24 36 72 108 114 b
1 2 4 6 12 24 48 54 60 114 b
1 2 4 6 12 24 48 54 66 114 b
1 2 4 6 12 24 48 54 102 114 b
1 2 4 6 12 24 48 54 108 114 b
1 2 4 6 12 24 48 60 66 114 b
1 2 4 6 12 24 48 60 108 114 b
1 2 4 6 12 24 48 96 102 114 b
1 2 4 6 12 24 48 96 108 114 b
1 2 4 8 9 10 19 38 57 114 b
1 2 4 8 9 10 19 38 76 114 b
1 2 4 8 9 11 19 38 57 114 b
1 2 4 8 9 11 19 38 76 114 b
1 2 4 8 9 12 24 33 57 114 a
1 2 4 8 9 12 24 48 57 114 a
1 2 4 8 9 13 22 35 57 114 b
1 2 4 8 9 13 22 44 57 114 b
1 2 4 8 9 16 24 33 57 114 a
1 2 4 8 9 16 24 48 57 114 a
1 2 4 8 9 16 25 32 57 114 a
1 2 4 8 9 16 25 41 57 114 a
1 2 4 8 9 16 32 41 57 114 a
1 2 4 8 9 16 32 41 73 114 a
1 2 4 8 9 16 32 41 82 114 a
1 2 4 8 9 16 32 48 57 114 a
1 2 4 8 9 17 19 38 57 114 b
1 2 4 8 9 17 19 38 76 114 b
1 2 4 8 9 17 21 38 76 114 b
1 2 4 8 9 17 34 38 76 114 b
1 2 4 8 9 18 19 38 57 114 b
1 2 4 8 9 18 19 38 76 114 b
1 2 4 8 9 18 20 38 76 114 b
1 2 4 8 9 18 26 44 70 114 b
1 2 4 8 9 18 26 44 88 114 b
1 2 4 8 9 18 36 38 76 114 b
1 2 4 8 10 11 19 38 57 114 b
1 2 4 8 10 11 19 38 76 114 b
1 2 4 8 10 14 24 38 76 114 b
1 2 4 8 10 14 28 29 57 114 b
1 2 4 8 10 14 28 38 76 114 b
1 2 4 8 10 14 28 56 57 114 b
1 2 4 8 10 14 28 56 58 114 b
1 2 4 8 10 14 28 56 112 114 b
1 2 4 8 10 16 26 52 62 114 a
1 2 4 8 10 16 26 52 104 114 a
1 2 4 8 10 18 19 38 57 114 b
1 2 4 8 10 18 19 38 76 114 b
1 2 4 8 10 18 20 38 76 114 b
1 2 4 8 10 18 26 44 70 114 b
1 2 4 8 10 18 26 44 88 114 b
1 2 4 8 10 18 26 52 62 114 b
1 2 4 8 10 18 26 52 104 114 b
1 2 4 8 10 18 28 29 57 114 b
1 2 4 8 10 18 28 38 76 114 b
1 2 4 8 10 18 28 56 57 114 b
1 2 4 8 10 18 28 56 58 114 b
1 2 4 8 10 18 28 56 112 114 b
1 2 4 8 10 18 36 38 76 114 b
1 2 4 8 10 20 28 29 57 114 b
1 2 4 8 10 20 28 38 76 114 b
1 2 4 8 10 20 28 56 57 114 b
1 2 4 8 10 20 28 56 58 114 b
1 2 4 8 10 20 28 56 112 114 b
1 2 4 8 10 20 30 38 76 114 b
1 2 4 8 12 13 25 38 76 114 b
1 2 4 8 12 13 26 38 76 114 b
1 2 4 8 12 14 24 38 76 114 a
1 2 4 8 12 14 26 38 76 114 b
1 2 4 8 12 14 28 29 57 114 b
1 2 4 8 12 14 28 56 57 114 b
1 2 4 8 12 14 28 56 58 114 b
1 2 4 8 12 14 28 56 112 114 b
1 2 4 8 12 16 28 29 57 114 b
1 2 4 8 12 16 28 56 57 114 b
1 2 4 8 12 16 28 56 58 114 b
1 2 4 8 12 16 28 56 112 114 b
1 2 4 8 12 20 28 29 57 114 b
1 2 4 8 12 20 28 56 57 114 b
1 2 4 8 12 20 28 56 58 114 b
1 2 4 8 12 20 28 56 112 114 b
1 2 4 8 12 24 25 32 57 114 a
1 2 4 8 12 24 25 33 57 114 b
1 2 4 8 12 24 25 49 57 114 b
1 2 4 8 12 24 26 38 76 114 b
1 2 4 8 12 24 28 29 57 114 b
1 2 4 8 12 24 28 56 57 114 b
1 2 4 8 12 24 28 56 58 114 b
1 2 4 8 12 24 28 56 112 114 b
1 2 4 8 12 24 32 33 57 114 b
1 2 4 8 12 24 32 56 57 114 b
1 2 4 8 12 24 32 56 58 114 b
1 2 4 8 12 24 32 56 112 114 b
1 2 4 8 12 24 36 38 76 114 b
1 2 4 8 12 24 48 49 57 114 b
1 2 4 8 12 24 48 56 57 114 b
1 2 4 8 12 24 48 56 58 114 b
1 2 4 8 12 24 48 56 112 114 b
1 2 4 8 16 17 19 38 57 114 b
1 2 4 8 16 17 19 38 76 114 b
1 2 4 8 16 17 20 37 57 114 a
1 2 4 8 16 17 20 40 57 114 a
1 2 4 8 16 17 21 38 76 114 b
1 2 4 8 16 17 24 33 57 114 a
1 2 4 8 16 17 24 40 57 114 a
1 2 4 8 16 17 24 41 57 114 a
1 2 4 8 16 17 25 32 57 114 a
1 2 4 8 16 17 25 41 57 114 b
1 2 4 8 16 17 32 40 57 114 a
1 2 4 8 16 17 32 49 57 114 a
1 2 4 8 16 17 32 49 65 114 a
1 2 4 8 16 17 32 49 98 114 a
1 2 4 8 16 17 33 41 57 114 b
1 2 4 8 16 17 33 49 57 114 b
1 2 4 8 16 17 33 49 65 114 b
1 2 4 8 16 17 33 49 98 114 b
1 2 4 8 16 17 34 38 76 114 b
1 2 4 8 16 18 19 38 57 114 b
1 2 4 8 16 18 19 38 76 114 b
1 2 4 8 16 18 20 38 76 114 b
1 2 4 8 16 18 22 38 76 114 b
1 2 4 8 16 18 24 48 66 114 a
1 2 4 8 16 18 24 48 96 114 a
1 2 4 8 16 18 26 44 70 114 b
1 2 4 8 16 18 26 44 88 114 b
1 2 4 8 16 18 32 48 66 114 a
1 2 4 8 16 18 32 48 96 114 a
1 2 4 8 16 18 32 50 64 114 a
1 2 4 8 16 18 32 50 82 114 a
1 2 4 8 16 18 32 64 82 114 a
1 2 4 8 16 18 32 64 96 114 a
1 2 4 8 16 18 34 38 76 114 b
1 2 4 8 16 18 36 38 76 114 b
1 2 4 8 16 20 21 36 57 114 a
1 2 4 8 16 20 21 37 57 114 b
1 2 4 8 16 20 21 41 57 114 b
1 2 4 8 16 20 22 38 76 114 b
1 2 4 8 16 20 28 29 57 114 b
1 2 4 8 16 20 28 56 57 114 b
1 2 4 8 16 20 28 56 58 114 b
1 2 4 8 16 20 28 56 112 114 b
1 2 4 8 16 20 36 37 57 114 b
1 2 4 8 16 20 36 38 76 114 b
1 2 4 8 16 20 36 56 57 114 b
1 2 4 8 16 20 36 56 58 114 b
1 2 4 8 16 20 36 56 112 114 b
1 2 4 8 16 20 40 41 57 114 b
1 2 4 8 16 20 40 56 57 114 b
1 2 4 8 16 20 40 56 58 114 b
1 2 4 8 16 20 40 56 112 114 b
1 2 4 8 16 24 25 32 57 114 a
1 2 4 8 16 24 25 33 57 114 b
1 2 4 8 16 24 25 41 57 114 b
1 2 4 8 16 24 25 49 57 114 b
1 2 4 8 16 24 25 49 65 114 b
1 2 4 8 16 24 25 49 98 114 b
1 2 4 8 16 24 28 29 57 114 b
1 2 4 8 16 24 28 56 57 114 b
1 2 4 8 16 24 28 56 58 114 b
1 2 4 8 16 24 28 56 112 114 b
1 2 4 8 16 24 32 33 57 114 b
1 2 4 8 16 24 32 56 57 114 b
1 2 4 8 16 24 32 56 58 114 b
1 2 4 8 16 24 32 56 112 114 b
1 2 4 8 16 24 40 41 57 114 b
1 2 4 8 16 24 40 56 57 114 b
1 2 4 8 16 24 40 56 58 114 b
1 2 4 8 16 24 40 56 112 114 b
1 2 4 8 16 24 48 49 57 114 b
1 2 4 8 16 24 48 49 65 114 b
1 2 4 8 16 24 48 49 98 114 b
1 2 4 8 16 24 48 50 64 114 a
1 2 4 8 16 24 48 50 66 114 b
1 2 4 8 16 24 48 50 98 114 b
1 2 4 8 16 24 48 56 57 114 b
1 2 4 8 16 24 48 56 58 114 b
1 2 4 8 16 24 48 56 112 114 b
1 2 4 8 16 24 48 64 66 114 b
1 2 4 8 16 24 48 64 112 114 b
1 2 4 8 16 24 48 96 98 114 b
1 2 4 8 16 24 48 96 112 114 b
1 2 4 8 16 32 33 41 57 114 b
1 2 4 8 16 32 33 41 73 114 b
1 2 4 8 16 32 33 41 82 114 b
1 2 4 8 16 32 33 48 66 114 a
1 2 4 8 16 32 33 48 81 114 a
1 2 4 8 16 32 33 49 57 114 b
1 2 4 8 16 32 33 49 65 114 b
1 2 4 8 16 32 33 49 81 114 b
1 2 4 8 16 32 33 49 82 114 b
1 2 4 8 16 32 33 49 98 114 b
1 2 4 8 16 32 33 65 81 114 b
1 2 4 8 16 32 33 65 98 114 b
1 2 4 8 16 32 33 66 82 114 b
1 2 4 8 16 32 33 66 98 114 b
1 2 4 8 16 32 34 38 76 114 b
1 2 4 8 16 32 34 40 74 114 a
1 2 4 8 16 32 34 40 80 114 a
1 2 4 8 16 32 34 48 66 114 a
1 2 4 8 16 32 34 48 80 114 a
1 2 4 8 16 32 34 48 82 114 a
1 2 4 8 16 32 34 50 64 114 a
1 2 4 8 16 32 34 50 82 114 b
1 2 4 8 16 32 34 64 80 114 a
1 2 4 8 16 32 34 64 98 114 a
1 2 4 8 16 32 34 66 82 114 b
1 2 4 8 16 32 34 66 98 114 b
1 2 4 8 16 32 36 38 76 114 b
1 2 4 8 16 32 40 41 57 114 b
1 2 4 8 16 32 40 41 73 114 b
1 2 4 8 16 32 40 41 82 114 b
1 2 4 8 16 32 40 42 72 114 a
1 2 4 8 16 32 40 42 74 114 b
1 2 4 8 16 32 40 42 82 114 b
1 2 4 8 16 32 40 56 57 114 b
1 2 4 8 16 32 40 56 58 114 b
1 2 4 8 16 32 40 56 112 114 b
1 2 4 8 16 32 40 72 74 114 b
1 2 4 8 16 32 40 72 112 114 b
1 2 4 8 16 32 40 80 82 114 b
1 2 4 8 16 32 40 80 112 114 b
1 2 4 8 16 32 48 49 57 114 b
1 2 4 8 16 32 48 49 65 114 b
1 2 4 8 16 32 48 49 98 114 b
1 2 4 8 16 32 48 50 64 114 a
1 2 4 8 16 32 48 50 66 114 b
1 2 4 8 16 32 48 50 82 114 b
1 2 4 8 16 32 48 50 98 114 b
1 2 4 8 16 32 48 56 57 114 b
1 2 4 8 16 32 48 56 58 114 b
1 2 4 8 16 32 48 56 112 114 b
1 2 4 8 16 32 48 64 66 114 b
1 2 4 8 16 32 48 64 112 114 b
1 2 4 8 16 32 48 80 82 114 b
1 2 4 8 16 32 48 80 112 114 b
1 2 4 8 16 32 48 96 98 114 b
1 2 4 8 16 32 48 96 112 114 b
1 2 4 8 16 32 64 66 82 114 b
1 2 4 8 16 32 64 66 98 114 b
1 2 4 8 16 32 64 80 82 114 b
1 2 4 8 16 32 64 80 112 114 b
1 2 4 8 16 32 64 96 98 114 b
1 2 4 8 16 32 64 96 112 114 b
