1 2 3 4 7 14 21 42 84 85 169 b
1 2 3 4 7 14 21 42 84 168 169 b
1 2 3 4 7 14 28 42 84 85 169 b
1 2 3 4 7 14 28 42 84 168 169 b
1 2 3 4 7 14 28 56 57 112 169 a
1 2 3 4 7 14 28 56 57 113 169 b
1 2 3 4 7 14 28 56 84 85 169 b
1 2 3 4 7 14 28 56 84 168 169 b
1 2 3 4 7 14 28 56 112 113 169 b
1 2 3 4 7 14 28 56 112 168 169 b
1 2 3 4 8 16 32 35 67 102 169 b
1 2 3 4 8 16 32 35 67 134 169 b
1 2 3 5 7 14 21 42 84 85 169 b
1 2 3 5 7 14 21 42 84 168 169 b
1 2 3 5 7 14 28 42 84 85 169 b
1 2 3 5 7 14 28 42 84 168 169 b
1 2 3 5 7 14 28 56 57 112 169 a
1 2 3 5 7 14 28 56 57 113 169 b
1 2 3 5 7 14 28 56 84 85 169 b
1 2 3 5 7 14 28 56 84 168 169 b
1 2 3 5 7 14 28 56 112 113 169 b
1 2 3 5 7 14 28 56 112 168 169 b
1 2 3 5 8 13 21 42 84 85 169 b
1 2 3 5 8 13 21 42 84 168 169 b
1 2 3 5 8 13 26 39 65 104 169 b
1 2 3 5 8 13 26 39 65 130 169 b
1 2 3 5 8 13 26 39 78 91 169 b
1 2 3 5 8 13 26 39 78 156 169 b
1 2 3 5 8 13 26 52 65 104 169 a
1 2 3 5 8 13 26 52 65 117 169 b
1 2 3 5 8 13 26 52 78 91 169 b
1 2 3 5 8 13 26 52 78 156 169 b
1 2 3 5 8 13 26 52 104 117 169 b
1 2 3 5 8 13 26 52 104 156 169 b
1 2 3 5 8 16 21 37 74 95 169 b
1 2 3 5 8 16 21 37 74 148 169 b
1 2 3 5 8 16 21 42 84 85 169 b
1 2 3 5 8 16 21 42 84 168 169 b
1 2 3 5 8 16 32 35 67 102 169 b
1 2 3 5 8 16 32 35 67 134 169 b
1 2 3 5 10 11 21 42 84 85 169 b
1 2 3 5 10 11 21 42 84 168 169 b
1 2 3 5 10 13 26 39 65 104 169 b
1 2 3 5 10 13 26 39 65 130 169 b
1 2 3 5 10 13 26 39 78 91 169 b
1 2 3 5 10 13 26 39 78 156 169 b
1 2 3 5 10 13 26 52 65 104 169 a
1 2 3 5 10 13 26 52 65 117 169 b
1 2 3 5 10 13 26 52 78 91 169 b
1 2 3 5 10 13 26 52 78 156 169 b
1 2 3 5 10 13 26 52 104 117 169 b
1 2 3 5 10 13 26 52 104 156 169 b
1 2 3 5 10 20 21 41 82 87 169 b
1 2 3 5 10 20 21 41 82 164 169 b
1 2 3 5 10 20 21 42 84 85 169 b
1 2 3 5 10 20 21 42 84 168 169 b
1 2 3 5 10 20 22 42 84 85 169 b
1 2 3 5 10 20 22 42 84 168 169 b
1 2 3 5 10 20 23 43 63 106 169 b
1 2 3 5 10 20 23 43 63 126 169 b
1 2 3 5 10 20 40 41 82 87 169 b
1 2 3 5 10 20 40 41 82 164 169 b
1 2 3 5 10 20 40 42 82 87 169 b
1 2 3 5 10 20 40 42 82 164 169 b
1 2 3 5 10 20 40 42 84 85 169 b
1 2 3 5 10 20 40 42 84 168 169 b
1 2 3 5 10 20 40 43 63 106 169 b
1 2 3 5 10 20 40 43 63 126 169 b
1 2 3 5 10 20 40 43 83 86 169 b
1 2 3 5 10 20 40 43 83 126 169 b
1 2 3 5 10 20 40 43 83 166 169 b
1 2 3 5 10 20 40 43 86 126 169 b
1 2 3 5 10 20 40 43 86 129 169 b
1 2 3 5 10 20 40 80 82 87 169 b
1 2 3 5 10 20 40 80 82 164 169 b
1 2 3 5 10 20 40 80 83 86 169 b
1 2 3 5 10 20 40 80 83 166 169 b
1 2 3 6 7 13 26 39 65 104 169 b
1 2 3 6 7 13 26 39 65 130 169 b
1 2 3 6 7 13 26 39 78 91 169 b
1 2 3 6 7 13 26 39 78 156 169 b
1 2 3 6 7 13 26 52 65 104 169 a
1 2 3 6 7 13 26 52 65 117 169 b
1 2 3 6 7 13 26 52 78 91 169 b
1 2 3 6 7 13 26 52 78 156 169 b
1 2 3 6 7 13 26 52 104 117 169 b
1 2 3 6 7 13 26 52 104 156 169 b
1 2 3 6 7 14 21 42 84 85 169 b
1 2 3 6 7 14 21 42 84 168 169 b
1 2 3 6 7 14 28 42 84 85 169 b
1 2 3 6 7 14 28 42 84 168 169 b
1 2 3 6 7 14 28 56 57 112 169 a
1 2 3 6 7 14 28 56 57 113 169 b
1 2 3 6 7 14 28 56 84 85 169 b
1 2 3 6 7 14 28 56 84 168 169 b
1 2 3 6 7 14 28 56 112 113 169 b
1 2 3 6 7 14 28 56 112 168 169 b
1 2 3 6 8 14 28 42 84 85 169 b
1 2 3 6 8 14 28 42 84 168 169 b
1 2 3 6 8 14 28 56 57 112 169 a
1 2 3 6 8 14 28 56 57 113 169 b
1 2 3 6 8 14 28 56 84 85 169 b
1 2 3 6 8 14 28 56 84 168 169 b
1 2 3 6 8 14 28 56 112 113 169 b
1 2 3 6 8 14 28 56 112 168 169 b
1 2 3 6 8 16 32 35 67 102 169 b
1 2 3 6 8 16 32 35 67 134 169 b
1 2 3 6 9 10 20 40 80 89 169 b
1 2 3 6 9 10 20 40 80 160 169 b
1 2 3 6 9 11 20 40 80 89 169 b
1 2 3 6 9 11 20 40 80 160 169 b
1 2 3 6 9 12 21 42 84 85 169 b
1 2 3 6 9 12 21 42 84 168 169 b
1 2 3 6 9 15 21 42 84 85 169 b
1 2 3 6 9 15 21 42 84 168 169 b
1 2 3 6 9 18 20 40 80 89 169 b
1 2 3 6 9 18 20 40 80 160 169 b
1 2 3 6 9 18 21 42 84 85 169 b
1 2 3 6 9 18 21 42 84 168 169 b
1 2 3 6 9 18 24 42 84 85 169 b
1 2 3 6 9 18 24 42 84 168 169 b
1 2 3 6 9 18 36 42 84 85 169 b
1 2 3 6 9 18 36 42 84 168 169 b
1 2 3 6 12 13 26 39 65 104 169 b
1 2 3 6 12 13 26 39 65 130 169 b
1 2 3 6 12 13 26 39 78 91 169 b
1 2 3 6 12 13 26 39 78 156 169 b
1 2 3 6 12 13 26 52 65 104 169 a
1 2 3 6 12 13 26 52 65 117 169 b
1 2 3 6 12 13 26 52 78 91 169 b
1 2 3 6 12 13 26 52 78 156 169 b
1 2 3 6 12 13 26 52 104 117 169 b
1 2 3 6 12 13 26 52 104 156 169 b
1 2 3 6 12 14 28 42 84 85 169 b
1 2 3 6 12 14 28 42 84 168 169 b
1 2 3 6 12 14 28 56 57 112 169 a
1 2 3 6 12 14 28 56 57 113 169 b
1 2 3 6 12 14 28 56 84 85 169 b
1 2 3 6 12 14 28 56 84 168 169 b
1 2 3 6 12 14 28 56 112 113 169 b
1 2 3 6 12 14 28 56 112 168 169 b
1 2 3 6 12 15 21 42 84 85 169 b
1 2 3 6 12 15 21 42 84 168 169 b
1 2 3 6 12 15 27 42 84 85 169 b
1 2 3 6 12 15 27 42 84 168 169 b
1 2 3 6 12 15 30 42 84 85 169 b
1 2 3 6 12 15 30 42 84 168 169 b
1 2 3 6 12 18 21 42 84 85 169 b
1 2 3 6 12 18 21 42 84 168 169 b
1 2 3 6 12 18 24 42 84 85 169 b
1 2 3 6 12 18 24 42 84 168 169 b
1 2 3 6 12 18 30 42 84 85 169 b
1 2 3 6 12 18 30 42 84 168 169 b
1 2 3 6 12 18 36 42 84 85 169 b
1 2 3 6 12 18 36 42 84 168 169 b
1 2 3 6 12 18 36 48 84 85 169 b
1 2 3 6 12 18 36 48 84 168 169 b
1 2 3 6 12 18 36 72 84 85 169 b
1 2 3 6 12 18 36 72 84 168 169 b
1 2 3 6 12 24 25 36 72 97 169 a
1 2 3 6 12 24 25 36 72 144 169 a
1 2 3 6 12 24 25 48 72 97 169 a
1 2 3 6 12 24 25 48 72 144 169 a
1 2 3 6 12 24 25 48 73 96 169 a
1 2 3 6 12 24 25 48 73 121 169 a
1 2 3 6 12 24 25 48 96 121 169 a
1 2 3 6 12 24 25 48 96 144 169 a
1 2 3 6 12 24 30 42 84 85 169 b
1 2 3 6 12 24 30 42 84 168 169 b
1 2 3 6 12 24 30 54 84 85 169 b
1 2 3 6 12 24 30 54 84 168 169 b
1 2 3 6 12 24 30 60 84 85 169 b
1 2 3 6 12 24 30 60 84 168 169 b
1 2 3 6 12 24 36 42 84 85 169 b
1 2 3 6 12 24 36 42 84 168 169 b
1 2 3 6 12 24 36 48 84 85 169 b
1 2 3 6 12 24 36 48 84 168 169 b
1 2 3 6 12 24 36 60 84 85 169 b
1 2 3 6 12 24 36 60 84 168 169 b
1 2 3 6 12 24 36 72 73 96 169 a
1 2 3 6 12 24 36 72 73 97 169 b
1 2 3 6 12 24 36 72 73 145 169 b
1 2 3 6 12 24 36 72 84 85 169 b
1 2 3 6 12 24 36 72 84 168 169 b
1 2 3 6 12 24 36 72 96 97 169 b
1 2 3 6 12 24 36 72 96 168 169 b
1 2 3 6 12 24 36 72 144 145 169 b
1 2 3 6 12 24 36 72 144 168 169 b
1 2 3 6 12 24 48 49 60 109 169 a
1 2 3 6 12 24 48 49 60 120 169 a
1 2 3 6 12 24 48 49 72 97 169 a
1 2 3 6 12 24 48 49 72 120 169 a
1 2 3 6 12 24 48 49 72 121 169 a
1 2 3 6 12 24 48 49 73 96 169 a
1 2 3 6 12 24 48 49 73 121 169 b
1 2 3 6 12 24 48 49 96 120 169 a
1 2 3 6 12 24 48 49 96 145 169 a
1 2 3 6 12 24 48 49 97 121 169 b
1 2 3 6 12 24 48 49 97 145 169 b
1 2 3 6 12 24 48 60 61 108 169 a
1 2 3 6 12 24 48 60 61 109 169 b
1 2 3 6 12 24 48 60 61 121 169 b
1 2 3 6 12 24 48 60 84 85 169 b
1 2 3 6 12 24 48 60 84 168 169 b
1 2 3 6 12 24 48 60 108 109 169 b
1 2 3 6 12 24 48 60 108 168 169 b
1 2 3 6 12 24 48 60 120 121 169 b
1 2 3 6 12 24 48 60 120 168 169 b
1 2 3 6 12 24 48 72 73 96 169 a
1 2 3 6 12 24 48 72 73 97 169 b
1 2 3 6 12 24 48 72 73 121 169 b
1 2 3 6 12 24 48 72 73 145 169 b
1 2 3 6 12 24 48 72 84 85 169 b
1 2 3 6 12 24 48 72 84 168 169 b
1 2 3 6 12 24 48 72 96 97 169 b
1 2 3 6 12 24 48 72 96 168 169 b
1 2 3 6 12 24 48 72 120 121 169 b
1 2 3 6 12 24 48 72 120 168 169 b
1 2 3 6 12 24 48 72 144 145 169 b
1 2 3 6 12 24 48 72 144 168 169 b
1 2 3 6 12 24 48 96 97 121 169 b
1 2 3 6 12 24 48 96 97 145 169 b
1 2 3 6 12 24 48 96 120 121 169 b
1 2 3 6 12 24 48 96 120 168 169 b
1 2 3 6 12 24 48 96 144 145 169 b
1 2 3 6 12 24 48 96 144 168 169 b
1 2 4 5 7 14 21 42 84 85 169 b
1 2 4 5 7 14 21 42 84 168 169 b
1 2 4 5 7 14 28 42 84 85 169 b
1 2 4 5 7 14 28 42 84 168 169 b
1 2 4 5 7 14 28 56 57 112 169 a
1 2 4 5 7 14 28 56 57 113 169 b
1 2 4 5 7 14 28 56 84 85 169 b
1 2 4 5 7 14 28 56 84 168 169 b
1 2 4 5 7 14 28 56 112 113 169 b
1 2 4 5 7 14 28 56 112 168 169 b
1 2 4 5 8 13 21 42 84 85 169 a
1 2 4 5 8 13 21 42 84 168 169 a
1 2 4 5 8 13 26 39 65 104 169 a
1 2 4 5 8 13 26 39 65 130 169 a
1 2 4 5 8 13 26 39 78 91 169 a
1 2 4 5 8 13 26 39 78 156 169 a
1 2 4 5 8 13 26 52 65 104 169 a
1 2 4 5 8 13 26 52 65 117 169 a
1 2 4 5 8 13 26 52 78 91 169 a
1 2 4 5 8 13 26 52 78 156 169 a
1 2 4 5 8 13 26 52 104 117 169 a
1 2 4 5 8 13 26 52 104 156 169 a
1 2 4 5 8 16 21 37 74 95 169 a
1 2 4 5 8 16 21 37 74 148 169 a
1 2 4 5 8 16 21 42 84 85 169 a
1 2 4 5 8 16 21 42 84 168 169 a
1 2 4 5 9 10 20 40 80 89 169 b
1 2 4 5 9 10 20 40 80 160 169 b
1 2 4 5 9 11 20 40 80 89 169 b
1 2 4 5 9 11 20 40 80 160 169 b
1 2 4 5 9 13 26 39 65 104 169 b
1 2 4 5 9 13 26 39 65 130 169 b
1 2 4 5 9 13 26 39 78 91 169 b
1 2 4 5 9 13 26 39 78 156 169 b
1 2 4 5 9 13 26 52 65 104 169 a
1 2 4 5 9 13 26 52 65 117 169 b
1 2 4 5 9 13 26 52 78 91 169 b
1 2 4 5 9 13 26 52 78 156 169 b
1 2 4 5 9 13 26 52 104 117 169 b
1 2 4 5 9 13 26 52 104 156 169 b
1 2 4 5 9 14 28 42 84 85 169 b
1 2 4 5 9 14 28 42 84 168 169 b
1 2 4 5 9 14 28 56 57 112 169 a
1 2 4 5 9 14 28 56 57 113 169 b
1 2 4 5 9 14 28 56 84 85 169 b
1 2 4 5 9 14 28 56 84 168 169 b
1 2 4 5 9 14 28 56 112 113 169 b
1 2 4 5 9 14 28 56 112 168 169 b
1 2 4 5 9 18 20 40 80 89 169 b
1 2 4 5 9 18 20 40 80 160 169 b
1 2 4 5 9 18 22 40 80 89 169 b
1 2 4 5 9 18 22 40 80 160 169 b
1 2 4 5 9 18 23 41 64 105 169 b
1 2 4 5 9 18 23 41 64 128 169 b
1 2 4 5 9 18 23 41 82 87 169 b
1 2 4 5 9 18 23 41 82 164 169 b
1 2 4 5 9 18 36 40 80 89 169 b
1 2 4 5 9 18 36 40 80 160 169 b
1 2 4 5 9 18 36 41 82 87 169 b
1 2 4 5 9 18 36 41 82 164 169 b
1 2 4 5 10 11 21 42 84 85 169 b
1 2 4 5 10 11 21 42 84 168 169 b
1 2 4 5 10 14 28 42 84 85 169 b
1 2 4 5 10 14 28 42 84 168 169 b
1 2 4 5 10 14 28 56 57 112 169 a
1 2 4 5 10 14 28 56 57 113 169 b
1 2 4 5 10 14 28 56 84 85 169 b
1 2 4 5 10 14 28 56 84 168 169 b
1 2 4 5 10 14 28 56 112 113 169 b
1 2 4 5 10 14 28 56 112 168 169 b
1 2 4 5 10 20 21 41 82 87 169 b
1 2 4 5 10 20 21 41 82 164 169 b
1 2 4 5 10 20 21 42 84 85 169 b
1 2 4 5 10 20 21 42 84 168 169 b
1 2 4 5 10 20 22 42 84 85 169 b
1 2 4 5 10 20 22 42 84 168 169 b
1 2 4 5 10 20 40 41 82 87 169 b
1 2 4 5 10 20 40 41 82 164 169 b
1 2 4 5 10 20 40 42 82 87 169 b
1 2 4 5 10 20 40 42 82 164 169 b
1 2 4 5 10 20 40 42 84 85 169 b
1 2 4 5 10 20 40 42 84 168 169 b
1 2 4 5 10 20 40 44 84 85 169 b
1 2 4 5 10 20 40 44 84 168 169 b
1 2 4 5 10 20 40 80 82 87 169 b
1 2 4 5 10 20 40 80 82 164 169 b
1 2 4 5 10 20 40 80 84 85 169 b
1 2 4 5 10 20 40 80 84 89 169 b
1 2 4 5 10 20 40 80 84 164 169 b
1 2 4 5 10 20 40 80 84 168 169 b
1 2 4 5 10 20 40 80 85 89 169 b
1 2 4 5 10 20 40 80 85 165 169 b
1 2 4 5 10 20 40 80 160 164 169 b
1 2 4 5 10 20 40 80 160 165 169 b
1 2 4 6 7 13 26 39 65 104 169 b
1 2 4 6 7 13 26 39 65 130 169 b
1 2 4 6 7 13 26 39 78 91 169 b
1 2 4 6 7 13 26 39 78 156 169 b
1 2 4 6 7 13 26 52 65 104 169 a
1 2 4 6 7 13 26 52 65 117 169 b
1 2 4 6 7 13 26 52 78 91 169 b
1 2 4 6 7 13 26 52 78 156 169 b
1 2 4 6 7 13 26 52 104 117 169 b
1 2 4 6 7 13 26 52 104 156 169 b
1 2 4 6 7 14 21 42 84 85 169 b
1 2 4 6 7 14 21 42 84 168 169 b
1 2 4 6 7 14 28 42 84 85 169 b
1 2 4 6 7 14 28 42 84 168 169 b
1 2 4 6 7 14 28 56 57 112 169 a
1 2 4 6 7 14 28 56 57 113 169 b
1 2 4 6 7 14 28 56 84 85 169 b
1 2 4 6 7 14 28 56 84 168 169 b
1 2 4 6 7 14 28 56 112 113 169 b
1 2 4 6 7 14 28 56 112 168 169 b
1 2 4 6 8 14 28 42 84 85 169 b
1 2 4 6 8 14 28 42 84 168 169 b
1 2 4 6 8 14 28 56 57 112 169 a
1 2 4 6 8 14 28 56 57 113 169 b
1 2 4 6 8 14 28 56 84 85 169 b
1 2 4 6 8 14 28 56 84 168 169 b
1 2 4 6 8 14 28 56 112 113 169 b
1 2 4 6 8 14 28 56 112 168 169 b
1 2 4 6 10 11 21 42 84 85 169 b
1 2 4 6 10 11 21 42 84 168 169 b
1 2 4 6 10 14 28 42 84 85 169 b
1 2 4 6 10 14 28 42 84 168 169 b
1 2 4 6 10 14 28 56 57 112 169 a
1 2 4 6 10 14 28 56 57 113 169 b
1 2 4 6 10 14 28 56 84 85 169 b
1 2 4 6 10 14 28 56 84 168 169 b
1 2 4 6 10 14 28 56 112 113 169 b
1 2 4 6 10 14 28 56 112 168 169 b
1 2 4 6 10 16 26 42 84 85 169 b
1 2 4 6 10 16 26 42 84 168 169 b
1 2 4 6 10 16 32 42 84 85 169 b
1 2 4 6 10 16 32 42 84 168 169 b
1 2 4 6 10 20 21 42 84 85 169 b
1 2 4 6 10 20 21 42 84 168 169 b
1 2 4 6 10 20 22 42 84 85 169 b
1 2 4 6 10 20 22 42 84 168 169 b
1 2 4 6 10 20 40 42 84 85 169 b
1 2 4 6 10 20 40 42 84 168 169 b
1 2 4 6 10 20 40 44 84 85 169 b
1 2 4 6 10 20 40 44 84 168 169 b
1 2 4 6 10 20 40 80 84 85 169 b
1 2 4 6 10 20 40 80 84 168 169 b
1 2 4 6 12 13 26 39 65 104 169 b
1 2 4 6 12 13 26 39 65 130 169 b
1 2 4 6 12 13 26 39 78 91 169 b
1 2 4 6 12 13 26 39 78 156 169 b
1 2 4 6 12 13 26 52 65 104 169 a
1 2 4 6 12 13 26 52 65 117 169 b
1 2 4 6 12 13 26 52 78 91 169 b
1 2 4 6 12 13 26 52 78 156 169 b
1 2 4 6 12 13 26 52 104 117 169 b
1 2 4 6 12 13 26 52 104 156 169 b
1 2 4 6 12 14 28 42 84 85 169 b
1 2 4 6 12 14 28 42 84 168 169 b
1 2 4 6 12 14 28 56 57 112 169 a
1 2 4 6 12 14 28 56 57 113 169 b
1 2 4 6 12 14 28 56 84 85 169 b
1 2 4 6 12 14 28 56 84 168 169 b
1 2 4 6 12 14 28 56 112 113 169 b
1 2 4 6 12 14 28 56 112 168 169 b
1 2 4 6 12 16 28 56 57 112 169 a
1 2 4 6 12 16 28 56 57 113 169 b
1 2 4 6 12 16 28 56 84 85 169 b
1 2 4 6 12 16 28 56 84 168 169 b
1 2 4 6 12 16 28 56 112 113 169 b
1 2 4 6 12 16 28 56 112 168 169 b
1 2 4 6 12 18 24 42 84 85 169 b
1 2 4 6 12 18 24 42 84 168 169 b
1 2 4 6 12 18 30 42 84 85 169 b
1 2 4 6 12 18 30 42 84 168 169 b
1 2 4 6 12 18 36 42 84 85 169 b
1 2 4 6 12 18 36 42 84 168 169 b
1 2 4 6 12 18 36 48 84 85 169 b
1 2 4 6 12 18 36 48 84 168 169 b
1 2 4 6 12 18 36 72 84 85 169 b
1 2 4 6 12 18 36 72 84 168 169 b
1 2 4 6 12 24 25 36 72 97 169 a
1 2 4 6 12 24 25 36 72 144 169 a
1 2 4 6 12 24 25 48 72 97 169 a
1 2 4 6 12 24 25 48 72 144 169 a
1 2 4 6 12 24 25 48 73 96 169 a
1 2 4 6 12 24 25 48 73 121 169 a
1 2 4 6 12 24 25 48 96 121 169 a
1 2 4 6 12 24 25 48 96 144 169 a
1 2 4 6 12 24 28 56 57 112 169 a
1 2 4 6 12 24 28 56 57 113 169 b
1 2 4 6 12 24 28 56 84 85 169 b
1 2 4 6 12 24 28 56 84 168 169 b
1 2 4 6 12 24 28 56 112 113 169 b
1 2 4 6 12 24 28 56 112 168 169 b
1 2 4 6 12 24 30 42 84 85 169 b
1 2 4 6 12 24 30 42 84 168 169 b
1 2 4 6 12 24 30 54 84 85 169 b
1 2 4 6 12 24 30 54 84 168 169 b
1 2 4 6 12 24 30 60 84 85 169 b
1 2 4 6 12 24 30 60 84 168 169 b
1 2 4 6 12 24 36 42 84 85 169 b
1 2 4 6 12 24 36 42 84 168 169 b
1 2 4 6 12 24 36 48 84 85 169 b
1 2 4 6 12 24 36 48 84 168 169 b
1 2 4 6 12 24 36 60 84 85 169 b
1 2 4 6 12 24 36 60 84 168 169 b
1 2 4 6 12 24 36 72 73 96 169 a
1 2 4 6 12 24 36 72 73 97 169 b
1 2 4 6 12 24 36 72 73 145 169 b
1 2 4 6 12 24 36 72 84 85 169 b
1 2 4 6 12 24 36 72 84 168 169 b
1 2 4 6 12 24 36 72 96 97 169 b
1 2 4 6 12 24 36 72 96 168 169 b
1 2 4 6 12 24 36 72 144 145 169 b
1 2 4 6 12 24 36 72 144 168 169 b
1 2 4 6 12 24 48 49 60 109 169 a
1 2 4 6 12 24 48 49 60 120 169 a
1 2 4 6 12 24 48 49 72 97 169 a
1 2 4 6 12 24 48 49 72 120 169 a
1 2 4 6 12 24 48 49 72 121 169 a
1 2 4 6 12 24 48 49 73 96 169 a
1 2 4 6 12 24 48 49 73 121 169 b
1 2 4 6 12 24 48 49 96 120 169 a
1 2 4 6 12 24 48 49 96 145 169 a
1 2 4 6 12 24 48 49 97 121 169 b
1 2 4 6 12 24 48 49 97 145 169 b
1 2 4 6 12 24 48 60 61 108 169 a
1 2 4 6 12 24 48 60 61 109 169 b
1 2 4 6 12 24 48 60 61 121 169 b
1 2 4 6 12 24 48 60 84 85 169 b
1 2 4 6 12 24 48 60 84 168 169 b
1 2 4 6 12 24 48 60 108 109 169 b
1 2 4 6 12 24 48 60 108 168 169 b
1 2 4 6 12 24 48 60 120 121 169 b
1 2 4 6 12 24 48 60 120 168 169 b
1 2 4 6 12 24 48 72 73 96 169 a
1 2 4 6 12 24 48 72 73 97 169 b
1 2 4 6 12 24 48 72 73 121 169 b
1 2 4 6 12 24 48 72 73 145 169 b
1 2 4 6 12 24 48 72 84 85 169 b
1 2 4 6 12 24 48 72 84 168 169 b
1 2 4 6 12 24 48 72 96 97 169 b
1 2 4 6 12 24 48 72 96 168 169 b
1 2 4 6 12 24 48 72 120 121 169 b
1 2 4 6 12 24 48 72 120 168 169 b
1 2 4 6 12 24 48 72 144 145 169 b
1 2 4 6 12 24 48 72 144 168 169 b
1 2 4 6 12 24 48 96 97 121 169 b
1 2 4 6 12 24 48 96 97 145 169 b
1 2 4 6 12 24 48 96 120 121 169 b
1 2 4 6 12 24 48 96 120 168 169 b
1 2 4 6 12 24 48 96 144 145 169 b
1 2 4 6 12 24 48 96 144 168 169 b
1 2 4 8 9 10 20 40 80 89 169 b
1 2 4 8 9 10 20 40 80 160 169 b
1 2 4 8 9 11 20 40 80 89 169 b
1 2 4 8 9 11 20 40 80 160 169 b
1 2 4 8 9 12 20 40 80 89 169 a
1 2 4 8 9 12 20 40 80 160 169 a
1 2 4 8 9 12 21 42 84 85 169 a
1 2 4 8 9 12 21 42 84 168 169 a
1 2 4 8 9 13 21 42 84 85 169 b
1 2 4 8 9 13 21 42 84 168 169 b
1 2 4 8 9 13 26 39 65 104 169 b
1 2 4 8 9 13 26 39 65 130 169 b
1 2 4 8 9 13 26 39 78 91 169 b
1 2 4 8 9 13 26 39 78 156 169 b
1 2 4 8 9 13 26 52 65 104 169 a
1 2 4 8 9 13 26 52 65 117 169 b
1 2 4 8 9 13 26 52 78 91 169 b
1 2 4 8 9 13 26 52 78 156 169 b
1 2 4 8 9 13 26 52 104 117 169 b
1 2 4 8 9 13 26 52 104 156 169 b
1 2 4 8 9 16 20 40 80 89 169 a
1 2 4 8 9 16 20 40 80 160 169 a
1 2 4 8 9 16 24 40 80 89 169 a
1 2 4 8 9 16 24 40 80 160 169 a
1 2 4 8 9 16 32 40 80 89 169 a
1 2 4 8 9 16 32 40 80 160 169 a
1 2 4 8 9 16 32 41 64 105 169 a
1 2 4 8 9 16 32 41 64 128 169 a
1 2 4 8 9 16 32 48 80 89 169 a
1 2 4 8 9 16 32 48 80 160 169 a
1 2 4 8 9 16 32 64 73 96 169 a
1 2 4 8 9 16 32 64 73 105 169 a
1 2 4 8 9 16 32 64 73 137 169 a
1 2 4 8 9 16 32 64 80 89 169 a
1 2 4 8 9 16 32 64 80 160 169 a
1 2 4 8 9 16 32 64 96 105 169 a
1 2 4 8 9 16 32 64 96 160 169 a
1 2 4 8 9 16 32 64 128 137 169 a
1 2 4 8 9 16 32 64 128 160 169 a
1 2 4 8 9 17 19 38 76 93 169 b
1 2 4 8 9 17 19 38 76 152 169 b
1 2 4 8 9 17 21 38 76 93 169 b
1 2 4 8 9 17 21 38 76 152 169 b
1 2 4 8 9 17 21 42 84 85 169 b
1 2 4 8 9 17 21 42 84 168 169 b
1 2 4 8 9 17 25 42 84 85 169 b
1 2 4 8 9 17 25 42 84 168 169 b
1 2 4 8 9 17 34 38 76 93 169 b
1 2 4 8 9 17 34 38 76 152 169 b
1 2 4 8 9 17 34 42 76 93 169 b
1 2 4 8 9 17 34 42 76 152 169 b
1 2 4 8 9 17 34 42 84 85 169 b
1 2 4 8 9 17 34 42 84 168 169 b
1 2 4 8 9 17 34 51 59 110 169 b
1 2 4 8 9 17 34 51 59 118 169 b
1 2 4 8 9 17 34 68 76 93 169 b
1 2 4 8 9 17 34 68 76 152 169 b
1 2 4 8 9 18 20 40 80 89 169 b
1 2 4 8 9 18 20 40 80 160 169 b
1 2 4 8 9 18 22 40 80 89 169 b
1 2 4 8 9 18 22 40 80 160 169 b
1 2 4 8 9 18 36 40 80 89 169 b
1 2 4 8 9 18 36 40 80 160 169 b
1 2 4 8 9 18 36 44 80 89 169 b
1 2 4 8 9 18 36 44 80 160 169 b
1 2 4 8 9 18 36 72 80 89 169 b
1 2 4 8 9 18 36 72 80 160 169 b
1 2 4 8 10 11 21 42 84 85 169 b
1 2 4 8 10 11 21 42 84 168 169 b
1 2 4 8 10 14 28 42 84 85 169 b
1 2 4 8 10 14 28 42 84 168 169 b
1 2 4 8 10 14 28 56 57 112 169 a
1 2 4 8 10 14 28 56 57 113 169 b
1 2 4 8 10 14 28 56 84 85 169 b
1 2 4 8 10 14 28 56 84 168 169 b
1 2 4 8 10 14 28 56 112 113 169 b
1 2 4 8 10 14 28 56 112 168 169 b
1 2 4 8 10 16 26 42 84 85 169 a
1 2 4 8 10 16 26 42 84 168 169 a
1 2 4 8 10 16 32 42 84 85 169 a
1 2 4 8 10 16 32 42 84 168 169 a
1 2 4 8 10 18 28 56 57 112 169 a
1 2 4 8 10 18 28 56 57 113 169 b
1 2 4 8 10 18 28 56 84 85 169 b
1 2 4 8 10 18 28 56 84 168 169 b
1 2 4 8 10 18 28 56 112 113 169 b
1 2 4 8 10 18 28 56 112 168 169 b
1 2 4 8 10 20 21 42 84 85 169 b
1 2 4 8 10 20 21 42 84 168 169 b
1 2 4 8 10 20 22 42 84 85 169 b
1 2 4 8 10 20 22 42 84 168 169 b
1 2 4 8 10 20 28 56 57 112 169 a
1 2 4 8 10 20 28 56 57 113 169 b
1 2 4 8 10 20 28 56 84 85 169 b
1 2 4 8 10 20 28 56 84 168 169 b
1 2 4 8 10 20 28 56 112 113 169 b
1 2 4 8 10 20 28 56 112 168 169 b
1 2 4 8 10 20 40 42 84 85 169 b
1 2 4 8 10 20 40 42 84 168 169 b
1 2 4 8 10 20 40 44 84 85 169 b
1 2 4 8 10 20 40 44 84 168 169 b
1 2 4 8 10 20 40 80 81 88 169 a
1 2 4 8 10 20 40 80 81 89 169 b
1 2 4 8 10 20 40 80 81 161 169 b
1 2 4 8 10 20 40 80 84 85 169 b
1 2 4 8 10 20 40 80 84 168 169 b
1 2 4 8 10 20 40 80 88 89 169 b
1 2 4 8 10 20 40 80 88 168 169 b
1 2 4 8 10 20 40 80 160 161 169 b
1 2 4 8 10 20 40 80 160 168 169 b
1 2 4 8 12 13 21 42 84 85 169 b
1 2 4 8 12 13 21 42 84 168 169 b
1 2 4 8 12 13 26 39 65 104 169 b
1 2 4 8 12 13 26 39 65 130 169 b
1 2 4 8 12 13 26 39 78 91 169 b
1 2 4 8 12 13 26 39 78 156 169 b
1 2 4 8 12 13 26 52 65 104 169 a
1 2 4 8 12 13 26 52 65 117 169 b
1 2 4 8 12 13 26 52 78 91 169 b
1 2 4 8 12 13 26 52 78 156 169 b
1 2 4 8 12 13 26 52 104 117 169 b
1 2 4 8 12 13 26 52 104 156 169 b
1 2 4 8 12 14 28 42 84 85 169 b
1 2 4 8 12 14 28 42 84 168 169 b
1 2 4 8 12 14 28 56 57 112 169 a
1 2 4 8 12 14 28 56 57 113 169 b
1 2 4 8 12 14 28 56 84 85 169 b
1 2 4 8 12 14 28 56 84 168 169 b
1 2 4 8 12 14 28 56 112 113 169 b
1 2 4 8 12 14 28 56 112 168 169 b
1 2 4 8 12 16 28 56 57 112 169 a
1 2 4 8 12 16 28 56 57 113 169 b
1 2 4 8 12 16 28 56 84 85 169 b
1 2 4 8 12 16 28 56 84 168 169 b
1 2 4 8 12 16 28 56 112 113 169 b
1 2 4 8 12 16 28 56 112 168 169 b
1 2 4 8 12 20 21 42 84 85 169 b
1 2 4 8 12 20 21 42 84 168 169 b
1 2 4 8 12 20 22 42 84 85 169 b
1 2 4 8 12 20 22 42 84 168 169 b
1 2 4 8 12 20 28 56 57 112 169 a
1 2 4 8 12 20 28 56 57 113 169 b
1 2 4 8 12 20 28 56 84 85 169 b
1 2 4 8 12 20 28 56 84 168 169 b
1 2 4 8 12 20 28 56 112 113 169 b
1 2 4 8 12 20 28 56 112 168 169 b
1 2 4 8 12 20 32 52 84 85 169 b
1 2 4 8 12 20 32 52 84 168 169 b
1 2 4 8 12 20 32 64 84 85 169 b
1 2 4 8 12 20 32 64 84 168 169 b
1 2 4 8 12 20 40 42 84 85 169 b
1 2 4 8 12 20 40 42 84 168 169 b
1 2 4 8 12 20 40 44 84 85 169 b
1 2 4 8 12 20 40 44 84 168 169 b
1 2 4 8 12 20 40 80 81 88 169 a
1 2 4 8 12 20 40 80 81 89 169 b
1 2 4 8 12 20 40 80 81 161 169 b
1 2 4 8 12 20 40 80 84 85 169 b
1 2 4 8 12 20 40 80 84 168 169 b
1 2 4 8 12 20 40 80 88 89 169 b
1 2 4 8 12 20 40 80 88 168 169 b
1 2 4 8 12 20 40 80 160 161 169 b
1 2 4 8 12 20 40 80 160 168 169 b
1 2 4 8 12 24 25 36 72 97 169 a
1 2 4 8 12 24 25 36 72 144 169 a
1 2 4 8 12 24 25 48 72 97 169 a
1 2 4 8 12 24 25 48 72 144 169 a
1 2 4 8 12 24 25 48 73 96 169 a
1 2 4 8 12 24 25 48 73 121 169 a
1 2 4 8 12 24 25 48 96 121 169 a
1 2 4 8 12 24 25 48 96 144 169 a
1 2 4 8 12 24 28 56 57 112 169 a
1 2 4 8 12 24 28 56 57 113 169 b
1 2 4 8 12 24 28 56 84 85 169 b
1 2 4 8 12 24 28 56 84 168 169 b
1 2 4 8 12 24 28 56 112 113 169 b
1 2 4 8 12 24 28 56 112 168 169 b
1 2 4 8 12 24 32 56 57 112 169 a
1 2 4 8 12 24 32 56 57 113 169 b
1 2 4 8 12 24 32 56 112 113 169 b
1 2 4 8 12 24 32 56 112 168 169 b
1 2 4 8 12 24 36 48 84 85 169 b
1 2 4 8 12 24 36 48 84 168 169 b
1 2 4 8 12 24 36 60 84 85 169 b
1 2 4 8 12 24 36 60 84 168 169 b
1 2 4 8 12 24 36 72 73 96 169 a
1 2 4 8 12 24 36 72 73 97 169 b
1 2 4 8 12 24 36 72 73 145 169 b
1 2 4 8 12 24 36 72 84 85 169 b
1 2 4 8 12 24 36 72 84 168 169 b
1 2 4 8 12 24 36 72 96 97 169 b
1 2 4 8 12 24 36 72 96 168 169 b
1 2 4 8 12 24 36 72 144 145 169 b
1 2 4 8 12 24 36 72 144 168 169 b
1 2 4 8 12 24 48 49 60 109 169 a
1 2 4 8 12 24 48 49 60 120 169 a
1 2 4 8 12 24 48 49 72 97 169 a
1 2 4 8 12 24 48 49 72 120 169 a
1 2 4 8 12 24 48 49 72 121 169 a
1 2 4 8 12 24 48 49 73 96 169 a
1 2 4 8 12 24 48 49 73 121 169 b
1 2 4 8 12 24 48 49 96 120 169 a
1 2 4 8 12 24 48 49 96 145 169 a
1 2 4 8 12 24 48 49 97 121 169 b
1 2 4 8 12 24 48 49 97 145 169 b
1 2 4 8 12 24 48 56 57 112 169 a
1 2 4 8 12 24 48 56 57 113 169 b
1 2 4 8 12 24 48 56 112 113 169 b
1 2 4 8 12 24 48 56 112 168 169 b
1 2 4 8 12 24 48 60 61 108 169 a
1 2 4 8 12 24 48 60 61 109 169 b
1 2 4 8 12 24 48 60 61 121 169 b
1 2 4 8 12 24 48 60 84 85 169 b
1 2 4 8 12 24 48 60 84 168 169 b
1 2 4 8 12 24 48 60 108 109 169 b
1 2 4 8 12 24 48 60 108 168 169 b
1 2 4 8 12 24 48 60 120 121 169 b
1 2 4 8 12 24 48 60 120 168 169 b
1 2 4 8 12 24 48 72 73 96 169 a
1 2 4 8 12 24 48 72 73 97 169 b
1 2 4 8 12 24 48 72 73 121 169 b
1 2 4 8 12 24 48 72 73 145 169 b
1 2 4 8 12 24 48 72 84 85 169 b
1 2 4 8 12 24 48 72 84 168 169 b
1 2 4 8 12 24 48 72 96 97 169 b
1 2 4 8 12 24 48 72 96 168 169 b
1 2 4 8 12 24 48 72 120 121 169 b
1 2 4 8 12 24 48 72 120 168 169 b
1 2 4 8 12 24 48 72 144 145 169 b
1 2 4 8 12 24 48 72 144 168 169 b
1 2 4 8 12 24 48 96 97 121 169 b
1 2 4 8 12 24 48 96 97 145 169 b
1 2 4 8 12 24 48 96 120 121 169 b
1 2 4 8 12 24 48 96 120 168 169 b
1 2 4 8 12 24 48 96 144 145 169 b
1 2 4 8 12 24 48 96 144 168 169 b
1 2 4 8 16 17 19 38 76 93 169 b
1 2 4 8 16 17 19 38 76 152 169 b
1 2 4 8 16 17 21 37 74 95 169 b
1 2 4 8 16 17 21 37 74 148 169 b
1 2 4 8 16 17 21 38 76 93 169 b
1 2 4 8 16 17 21 38 76 152 169 b
1 2 4 8 16 17 21 42 84 85 169 b
1 2 4 8 16 17 21 42 84 168 169 b
1 2 4 8 16 17 25 42 84 85 169 b
1 2 4 8 16 17 25 42 84 168 169 b
1 2 4 8 16 17 33 34 68 101 169 b
1 2 4 8 16 17 33 34 68 136 169 b
1 2 4 8 16 17 33 35 68 101 169 b
1 2 4 8 16 17 33 35 68 136 169 b
1 2 4 8 16 17 33 37 66 103 169 a
1 2 4 8 16 17 33 37 66 132 169 a
1 2 4 8 16 17 33 66 68 101 169 b
1 2 4 8 16 17 33 66 68 136 169 b
1 2 4 8 16 17 33 66 70 99 169 a
1 2 4 8 16 17 33 66 70 103 169 b
1 2 4 8 16 17 33 66 70 136 169 b
1 2 4 8 16 17 33 66 99 103 169 b
1 2 4 8 16 17 33 66 99 165 169 b
1 2 4 8 16 17 33 66 132 136 169 b
1 2 4 8 16 17 33 66 132 165 169 b
1 2 4 8 16 17 34 38 76 93 169 b
1 2 4 8 16 17 34 38 76 152 169 b
1 2 4 8 16 17 34 42 76 93 169 b
1 2 4 8 16 17 34 42 76 152 169 b
1 2 4 8 16 17 34 42 84 85 169 b
1 2 4 8 16 17 34 42 84 168 169 b
1 2 4 8 16 17 34 50 84 85 169 b
1 2 4 8 16 17 34 50 84 168 169 b
1 2 4 8 16 17 34 51 59 110 169 b
1 2 4 8 16 17 34 51 59 118 169 b
1 2 4 8 16 17 34 51 67 102 169 a
1 2 4 8 16 17 34 51 67 118 169 b
1 2 4 8 16 17 34 51 102 118 169 b
1 2 4 8 16 17 34 51 102 153 169 b
1 2 4 8 16 17 34 68 76 93 169 b
1 2 4 8 16 17 34 68 76 152 169 b
1 2 4 8 16 17 34 68 84 85 169 b
1 2 4 8 16 17 34 68 84 101 169 b
1 2 4 8 16 17 34 68 84 152 169 b
1 2 4 8 16 17 34 68 84 168 169 b
1 2 4 8 16 17 34 68 85 101 169 b
1 2 4 8 16 17 34 68 85 153 169 b
1 2 4 8 16 17 34 68 136 152 169 b
1 2 4 8 16 17 34 68 136 153 169 b
1 2 4 8 16 18 24 42 84 85 169 a
1 2 4 8 16 18 24 42 84 168 169 a
1 2 4 8 16 18 26 42 84 85 169 b
1 2 4 8 16 18 26 42 84 168 169 b
1 2 4 8 16 18 34 42 84 85 169 b
1 2 4 8 16 18 34 42 84 168 169 b
1 2 4 8 16 18 34 50 84 85 169 b
1 2 4 8 16 18 34 50 84 168 169 b
1 2 4 8 16 18 34 68 84 85 169 b
1 2 4 8 16 18 34 68 84 168 169 b
1 2 4 8 16 20 21 37 74 95 169 b
1 2 4 8 16 20 21 37 74 148 169 b
1 2 4 8 16 20 21 42 84 85 169 b
1 2 4 8 16 20 21 42 84 168 169 b
1 2 4 8 16 20 22 42 84 85 169 b
1 2 4 8 16 20 22 42 84 168 169 b
1 2 4 8 16 20 28 56 57 112 169 a
1 2 4 8 16 20 28 56 57 113 169 b
1 2 4 8 16 20 28 56 84 85 169 b
1 2 4 8 16 20 28 56 84 168 169 b
1 2 4 8 16 20 28 56 112 113 169 b
1 2 4 8 16 20 28 56 112 168 169 b
1 2 4 8 16 20 32 52 84 85 169 a
1 2 4 8 16 20 32 52 84 168 169 a
1 2 4 8 16 20 32 64 84 85 169 a
1 2 4 8 16 20 32 64 84 168 169 a
1 2 4 8 16 20 36 56 57 112 169 a
1 2 4 8 16 20 36 56 57 113 169 b
1 2 4 8 16 20 36 56 112 113 169 b
1 2 4 8 16 20 36 56 112 168 169 b
1 2 4 8 16 20 40 42 84 85 169 b
1 2 4 8 16 20 40 42 84 168 169 b
1 2 4 8 16 20 40 44 84 85 169 b
1 2 4 8 16 20 40 44 84 168 169 b
1 2 4 8 16 20 40 56 57 112 169 a
1 2 4 8 16 20 40 56 57 113 169 b
1 2 4 8 16 20 40 56 112 113 169 b
1 2 4 8 16 20 40 56 112 168 169 b
1 2 4 8 16 20 40 80 81 88 169 a
1 2 4 8 16 20 40 80 81 89 169 b
1 2 4 8 16 20 40 80 81 161 169 b
1 2 4 8 16 20 40 80 84 85 169 b
1 2 4 8 16 20 40 80 84 168 169 b
1 2 4 8 16 20 40 80 88 89 169 b
1 2 4 8 16 20 40 80 88 168 169 b
1 2 4 8 16 20 40 80 160 161 169 b
1 2 4 8 16 20 40 80 160 168 169 b
1 2 4 8 16 24 25 48 72 97 169 a
1 2 4 8 16 24 25 48 72 144 169 a
1 2 4 8 16 24 25 48 73 96 169 a
1 2 4 8 16 24 25 48 73 121 169 a
1 2 4 8 16 24 25 48 96 121 169 a
1 2 4 8 16 24 25 48 96 144 169 a
1 2 4 8 16 24 26 42 84 85 169 b
1 2 4 8 16 24 26 42 84 168 169 b
1 2 4 8 16 24 28 56 57 112 169 a
1 2 4 8 16 24 28 56 57 113 169 b
1 2 4 8 16 24 28 56 84 85 169 b
1 2 4 8 16 24 28 56 84 168 169 b
1 2 4 8 16 24 28 56 112 113 169 b
1 2 4 8 16 24 28 56 112 168 169 b
1 2 4 8 16 24 32 56 57 112 169 a
1 2 4 8 16 24 32 56 57 113 169 b
1 2 4 8 16 24 32 56 112 113 169 b
1 2 4 8 16 24 32 56 112 168 169 b
1 2 4 8 16 24 40 41 64 105 169 a
1 2 4 8 16 24 40 41 64 128 169 a
1 2 4 8 16 24 40 42 84 85 169 b
1 2 4 8 16 24 40 42 84 168 169 b
1 2 4 8 16 24 40 44 84 85 169 b
1 2 4 8 16 24 40 44 84 168 169 b
1 2 4 8 16 24 40 56 57 112 169 a
1 2 4 8 16 24 40 56 57 113 169 b
1 2 4 8 16 24 40 56 112 113 169 b
1 2 4 8 16 24 40 56 112 168 169 b
1 2 4 8 16 24 40 64 65 104 169 a
1 2 4 8 16 24 40 64 65 105 169 b
1 2 4 8 16 24 40 64 65 129 169 b
1 2 4 8 16 24 40 64 104 105 169 b
1 2 4 8 16 24 40 64 104 168 169 b
1 2 4 8 16 24 40 64 128 129 169 b
1 2 4 8 16 24 40 64 128 168 169 b
1 2 4 8 16 24 40 80 81 88 169 a
1 2 4 8 16 24 40 80 81 89 169 b
1 2 4 8 16 24 40 80 81 161 169 b
1 2 4 8 16 24 40 80 84 85 169 b
1 2 4 8 16 24 40 80 84 168 169 b
1 2 4 8 16 24 40 80 88 89 169 b
1 2 4 8 16 24 40 80 88 168 169 b
1 2 4 8 16 24 40 80 160 161 169 b
1 2 4 8 16 24 40 80 160 168 169 b
1 2 4 8 16 24 48 49 72 97 169 a
1 2 4 8 16 24 48 49 72 120 169 a
1 2 4 8 16 24 48 49 72 121 169 a
1 2 4 8 16 24 48 49 73 96 169 a
1 2 4 8 16 24 48 49 73 121 169 b
1 2 4 8 16 24 48 49 96 120 169 a
1 2 4 8 16 24 48 49 96 145 169 a
1 2 4 8 16 24 48 49 97 121 169 b
1 2 4 8 16 24 48 49 97 145 169 b
1 2 4 8 16 24 48 56 57 112 169 a
1 2 4 8 16 24 48 56 57 113 169 b
1 2 4 8 16 24 48 56 112 113 169 b
1 2 4 8 16 24 48 56 112 168 169 b
1 2 4 8 16 24 48 72 73 96 169 a
1 2 4 8 16 24 48 72 73 97 169 b
1 2 4 8 16 24 48 72 73 121 169 b
1 2 4 8 16 24 48 72 73 145 169 b
1 2 4 8 16 24 48 72 96 97 169 b
1 2 4 8 16 24 48 72 96 168 169 b
1 2 4 8 16 24 48 72 120 121 169 b
1 2 4 8 16 24 48 72 120 168 169 b
1 2 4 8 16 24 48 72 144 145 169 b
1 2 4 8 16 24 48 72 144 168 169 b
1 2 4 8 16 24 48 96 97 121 169 b
1 2 4 8 16 24 48 96 97 145 169 b
1 2 4 8 16 24 48 96 120 121 169 b
1 2 4 8 16 24 48 96 120 168 169 b
1 2 4 8 16 24 48 96 144 145 169 b
1 2 4 8 16 24 48 96 144 168 169 b
1 2 4 8 16 32 33 34 68 101 169 b
1 2 4 8 16 32 33 34 68 136 169 b
1 2 4 8 16 32 33 35 67 102 169 b
1 2 4 8 16 32 33 35 67 134 169 b
1 2 4 8 16 32 33 35 68 101 169 b
1 2 4 8 16 32 33 35 68 136 169 b
1 2 4 8 16 32 33 36 68 101 169 a
1 2 4 8 16 32 33 36 68 136 169 a
1 2 4 8 16 32 33 37 66 103 169 a
1 2 4 8 16 32 33 37 66 132 169 a
1 2 4 8 16 32 33 41 64 105 169 a
1 2 4 8 16 32 33 41 64 128 169 a
1 2 4 8 16 32 33 64 68 101 169 a
1 2 4 8 16 32 33 64 68 136 169 a
1 2 4 8 16 32 33 64 72 97 169 a
1 2 4 8 16 32 33 64 72 105 169 a
1 2 4 8 16 32 33 64 72 136 169 a
1 2 4 8 16 32 33 64 97 105 169 a
1 2 4 8 16 32 33 64 97 161 169 a
1 2 4 8 16 32 33 64 128 136 169 a
1 2 4 8 16 32 33 64 128 161 169 a
1 2 4 8 16 32 33 66 68 101 169 b
1 2 4 8 16 32 33 66 68 136 169 b
1 2 4 8 16 32 33 66 70 99 169 a
1 2 4 8 16 32 33 66 70 103 169 b
1 2 4 8 16 32 33 66 70 136 169 b
1 2 4 8 16 32 33 66 99 103 169 b
1 2 4 8 16 32 33 66 99 165 169 b
1 2 4 8 16 32 33 66 132 136 169 b
1 2 4 8 16 32 33 66 132 165 169 b
1 2 4 8 16 32 34 35 67 102 169 b
1 2 4 8 16 32 34 35 67 134 169 b
1 2 4 8 16 32 34 42 84 85 169 b
1 2 4 8 16 32 34 42 84 168 169 b
1 2 4 8 16 32 34 50 84 85 169 b
1 2 4 8 16 32 34 50 84 168 169 b
1 2 4 8 16 32 34 68 69 100 169 a
1 2 4 8 16 32 34 68 69 101 169 b
1 2 4 8 16 32 34 68 69 137 169 b
1 2 4 8 16 32 34 68 84 85 169 b
1 2 4 8 16 32 34 68 84 168 169 b
1 2 4 8 16 32 34 68 100 101 169 b
1 2 4 8 16 32 34 68 100 168 169 b
1 2 4 8 16 32 34 68 136 137 169 b
1 2 4 8 16 32 34 68 136 168 169 b
1 2 4 8 16 32 36 48 84 85 169 a
1 2 4 8 16 32 36 48 84 168 169 a
1 2 4 8 16 32 36 52 84 85 169 b
1 2 4 8 16 32 36 52 84 168 169 b
1 2 4 8 16 32 36 68 69 100 169 a
1 2 4 8 16 32 36 68 69 101 169 b
1 2 4 8 16 32 36 68 69 137 169 b
1 2 4 8 16 32 36 68 84 85 169 b
1 2 4 8 16 32 36 68 84 168 169 b
1 2 4 8 16 32 36 68 100 101 169 b
1 2 4 8 16 32 36 68 100 168 169 b
1 2 4 8 16 32 36 68 136 137 169 b
1 2 4 8 16 32 36 68 136 168 169 b
1 2 4 8 16 32 40 41 64 105 169 a
1 2 4 8 16 32 40 41 64 128 169 a
1 2 4 8 16 32 40 42 84 85 169 b
1 2 4 8 16 32 40 42 84 168 169 b
1 2 4 8 16 32 40 44 84 85 169 b
1 2 4 8 16 32 40 44 84 168 169 b
1 2 4 8 16 32 40 56 57 112 169 a
1 2 4 8 16 32 40 56 57 113 169 b
1 2 4 8 16 32 40 56 112 113 169 b
1 2 4 8 16 32 40 56 112 168 169 b
1 2 4 8 16 32 40 64 65 104 169 a
1 2 4 8 16 32 40 64 65 105 169 a
1 2 4 8 16 32 40 64 65 129 169 a
1 2 4 8 16 32 40 64 104 105 169 a
1 2 4 8 16 32 40 64 104 168 169 a
1 2 4 8 16 32 40 64 128 129 169 a
1 2 4 8 16 32 40 64 128 168 169 a
1 2 4 8 16 32 40 80 81 88 169 a
1 2 4 8 16 32 40 80 81 89 169 b
1 2 4 8 16 32 40 80 81 161 169 b
1 2 4 8 16 32 40 80 84 85 169 b
1 2 4 8 16 32 40 80 84 168 169 b
1 2 4 8 16 32 40 80 88 89 169 b
1 2 4 8 16 32 40 80 88 168 169 b
1 2 4 8 16 32 40 80 160 161 169 b
1 2 4 8 16 32 40 80 160 168 169 b
1 2 4 8 16 32 48 52 84 85 169 b
1 2 4 8 16 32 48 52 84 168 169 b
1 2 4 8 16 32 48 56 57 112 169 a
1 2 4 8 16 32 48 56 57 113 169 b
1 2 4 8 16 32 48 56 112 113 169 b
1 2 4 8 16 32 48 56 112 168 169 b
1 2 4 8 16 32 48 80 81 88 169 a
1 2 4 8 16 32 48 80 81 89 169 b
1 2 4 8 16 32 48 80 81 161 169 b
1 2 4 8 16 32 48 80 84 85 169 b
1 2 4 8 16 32 48 80 84 168 169 b
1 2 4 8 16 32 48 80 88 89 169 b
1 2 4 8 16 32 48 80 88 168 169 b
1 2 4 8 16 32 48 80 160 161 169 b
1 2 4 8 16 32 48 80 160 168 169 b
1 2 4 8 16 32 64 65 72 97 169 a
1 2 4 8 16 32 64 65 72 104 169 a
1 2 4 8 16 32 64 65 72 137 169 a
1 2 4 8 16 32 64 65 73 96 169 a
1 2 4 8 16 32 64 65 73 105 169 b
1 2 4 8 16 32 64 65 73 137 169 b
1 2 4 8 16 32 64 65 96 104 169 a
1 2 4 8 16 32 64 65 96 161 169 a
1 2 4 8 16 32 64 65 97 105 169 b
1 2 4 8 16 32 64 65 97 161 169 b
1 2 4 8 16 32 64 65 129 137 169 b
1 2 4 8 16 32 64 65 129 161 169 b
1 2 4 8 16 32 64 68 69 100 169 a
1 2 4 8 16 32 64 68 69 101 169 b
1 2 4 8 16 32 64 68 69 137 169 b
1 2 4 8 16 32 64 68 84 85 169 b
1 2 4 8 16 32 64 68 84 168 169 b
1 2 4 8 16 32 64 68 100 101 169 b
1 2 4 8 16 32 64 68 100 168 169 b
1 2 4 8 16 32 64 68 136 137 169 b
1 2 4 8 16 32 64 68 136 168 169 b
1 2 4 8 16 32 64 72 73 96 169 a
1 2 4 8 16 32 64 72 73 105 169 b
1 2 4 8 16 32 64 72 73 137 169 b
1 2 4 8 16 32 64 72 96 97 169 a
1 2 4 8 16 32 64 72 96 168 169 a
1 2 4 8 16 32 64 72 104 105 169 b
1 2 4 8 16 32 64 72 104 168 169 b
1 2 4 8 16 32 64 72 136 137 169 b
1 2 4 8 16 32 64 72 136 168 169 b
1 2 4 8 16 32 64 80 81 88 169 a
1 2 4 8 16 32 64 80 81 89 169 b
1 2 4 8 16 32 64 80 81 161 169 b
1 2 4 8 16 32 64 80 84 85 169 b
1 2 4 8 16 32 64 80 84 168 169 b
1 2 4 8 16 32 64 80 88 89 169 b
1 2 4 8 16 32 64 80 88 168 169 b
1 2 4 8 16 32 64 80 160 161 169 b
1 2 4 8 16 32 64 80 160 168 169 b
1 2 4 8 16 32 64 96 97 105 169 b
1 2 4 8 16 32 64 96 97 161 169 b
1 2 4 8 16 32 64 96 104 105 169 b
1 2 4 8 16 32 64 96 104 168 169 b
1 2 4 8 16 32 64 96 160 161 169 b
1 2 4 8 16 32 64 96 160 168 169 b
1 2 4 8 16 32 64 128 129 137 169 b
1 2 4 8 16 32 64 128 129 161 169 b
1 2 4 8 16 32 64 128 136 137 169 b
1 2 4 8 16 32 64 128 136 168 169 b
1 2 4 8 16 32 64 128 160 161 169 b
1 2 4 8 16 32 64 128 160 168 169 b
