1 2 3 5 10 15 25 50 100 115 215 b
1 2 3 5 10 15 25 50 100 200 215 b
1 2 3 5 10 20 23 43 86 129 215 b
1 2 3 5 10 20 23 43 86 172 215 b
1 2 3 5 10 20 40 43 86 129 215 b
1 2 3 5 10 20 40 43 86 172 215 b
1 2 3 5 10 20 40 45 85 130 215 b
1 2 3 5 10 20 40 45 85 170 215 b
1 2 3 6 7 13 26 52 104 111 215 b
1 2 3 6 7 13 26 52 104 208 215 b
1 2 4 5 10 15 25 50 100 115 215 b
1 2 4 5 10 15 25 50 100 200 215 b
1 2 4 5 10 20 40 45 85 130 215 b
1 2 4 5 10 20 40 45 85 170 215 b
1 2 4 6 7 13 26 52 104 111 215 b
1 2 4 6 7 13 26 52 104 208 215 b
1 2 4 8 9 17 26 43 86 129 215 b
1 2 4 8 9 17 26 43 86 172 215 b
1 2 4 8 9 17 34 43 86 129 215 b
1 2 4 8 9 17 34 43 86 172 215 b
1 2 4 8 16 17 33 66 83 132 215 a
1 2 4 8 16 17 33 66 83 149 215 b
1 2 4 8 16 17 33 66 99 116 215 b
1 2 4 8 16 17 33 66 99 198 215 b
1 2 4 8 16 17 33 66 132 149 215 b
1 2 4 8 16 17 33 66 132 198 215 b
