1 2 4 8 9 16 32 64 128 137 265 a
1 2 4 8 9 16 32 64 128 256 265 a
1 2 4 8 16 17 33 66 132 133 265 b
1 2 4 8 16 17 33 66 132 264 265 b
1 2 4 8 16 32 33 66 132 133 265 b
1 2 4 8 16 32 33 66 132 264 265 b
1 2 4 8 16 32 34 66 132 133 265 b
1 2 4 8 16 32 34 66 132 264 265 b
1 2 4 8 16 32 64 66 132 133 265 b
1 2 4 8 16 32 64 66 132 264 265 b
1 2 4 8 16 32 64 68 132 133 265 b
1 2 4 8 16 32 64 68 132 264 265 b
1 2 4 8 16 32 64 128 129 136 265 a
1 2 4 8 16 32 64 128 129 137 265 b
1 2 4 8 16 32 64 128 129 257 265 b
1 2 4 8 16 32 64 128 132 133 265 b
1 2 4 8 16 32 64 128 132 264 265 b
1 2 4 8 16 32 64 128 136 137 265 b
1 2 4 8 16 32 64 128 136 264 265 b
1 2 4 8 16 32 64 128 256 257 265 b
1 2 4 8 16 32 64 128 256 264 265 b
