1 2 3 4 7 14 28 56 59 115 230 b
1 2 3 4 7 14 28 56 112 115 230 b
1 2 3 5 7 14 28 56 59 115 230 b
1 2 3 5 7 14 28 56 112 115 230 b
1 2 3 5 10 13 23 46 69 115 230 b
1 2 3 5 10 13 23 46 92 115 230 b
1 2 3 5 10 13 23 46 92 138 230 b
1 2 3 5 10 13 23 46 92 184 230 b
1 2 3 5 10 15 25 50 65 115 230 b
1 2 3 5 10 15 25 50 100 115 230 b
1 2 3 5 10 20 23 46 69 115 230 b
1 2 3 5 10 20 23 46 92 115 230 b
1 2 3 5 10 20 23 46 92 138 230 b
1 2 3 5 10 20 23 46 92 184 230 b
1 2 3 5 10 20 25 45 70 115 230 b
1 2 3 5 10 20 25 45 90 115 230 b
1 2 3 5 10 20 30 50 100 130 230 b
1 2 3 5 10 20 30 50 100 200 230 b
1 2 3 5 10 20 40 50 90 140 230 b
1 2 3 5 10 20 40 50 90 180 230 b
1 2 3 6 7 14 28 56 59 115 230 b
1 2 3 6 7 14 28 56 112 115 230 b
1 2 3 6 7 14 28 56 112 118 230 b
1 2 3 6 7 14 28 56 112 224 230 b
1 2 3 6 8 14 28 56 59 115 230 b
1 2 3 6 8 14 28 56 112 115 230 b
1 2 3 6 8 14 28 56 112 118 230 b
1 2 3 6 8 14 28 56 112 224 230 b
1 2 3 6 12 14 28 56 59 115 230 b
1 2 3 6 12 14 28 56 112 115 230 b
1 2 3 6 12 14 28 56 112 118 230 b
1 2 3 6 12 14 28 56 112 224 230 b
1 2 4 5 9 14 23 46 69 115 230 b
1 2 4 5 9 14 23 46 92 115 230 b
1 2 4 5 9 14 23 46 92 138 230 b
1 2 4 5 9 14 23 46 92 184 230 b
1 2 4 5 9 18 23 46 69 115 230 b
1 2 4 5 9 18 23 46 92 115 230 b
1 2 4 5 9 18 23 46 92 138 230 b
1 2 4 5 9 18 23 46 92 184 230 b
1 2 4 5 10 15 25 50 65 115 230 b
1 2 4 5 10 15 25 50 100 115 230 b
1 2 4 5 10 20 25 45 70 115 230 b
1 2 4 5 10 20 25 45 90 115 230 b
1 2 4 5 10 20 30 50 100 130 230 b
1 2 4 5 10 20 30 50 100 200 230 b
1 2 4 5 10 20 40 50 90 140 230 b
1 2 4 5 10 20 40 50 90 180 230 b
1 2 4 6 7 14 28 56 112 118 230 b
1 2 4 6 7 14 28 56 112 224 230 b
1 2 4 6 8 14 28 56 112 118 230 b
1 2 4 6 8 14 28 56 112 224 230 b
1 2 4 6 10 14 28 56 112 118 230 b
1 2 4 6 10 14 28 56 112 224 230 b
1 2 4 6 10 20 26 46 92 138 230 b
1 2 4 6 10 20 26 46 92 184 230 b
1 2 4 6 10 20 30 50 100 130 230 b
1 2 4 6 10 20 30 50 100 200 230 b
1 2 4 6 10 20 40 46 92 138 230 b
1 2 4 6 10 20 40 46 92 184 230 b
1 2 4 6 10 20 40 50 90 140 230 b
1 2 4 6 10 20 40 50 90 180 230 b
1 2 4 6 12 14 28 56 112 118 230 b
1 2 4 6 12 14 28 56 112 224 230 b
1 2 4 6 12 16 28 56 112 118 230 b
1 2 4 6 12 16 28 56 112 224 230 b
1 2 4 6 12 24 28 56 112 118 230 b
1 2 4 6 12 24 28 56 112 224 230 b
1 2 4 8 10 18 28 46 92 138 230 b
1 2 4 8 10 18 28 46 92 184 230 b
1 2 4 8 10 18 36 46 92 138 230 b
1 2 4 8 10 18 36 46 92 184 230 b
1 2 4 8 10 20 30 50 100 130 230 b
1 2 4 8 10 20 30 50 100 200 230 b
1 2 4 8 10 20 40 50 90 140 230 b
1 2 4 8 10 20 40 50 90 180 230 b
1 2 4 8 16 17 32 49 66 115 230 a
1 2 4 8 16 17 32 49 98 115 230 a
1 2 4 8 16 17 33 41 74 115 230 b
1 2 4 8 16 17 33 41 82 115 230 b
1 2 4 8 16 17 33 49 66 115 230 b
1 2 4 8 16 17 33 49 82 115 230 b
1 2 4 8 16 17 33 49 98 115 230 b
1 2 4 8 16 17 33 66 82 115 230 b
1 2 4 8 16 17 33 66 82 148 230 b
1 2 4 8 16 17 33 66 82 164 230 b
1 2 4 8 16 17 33 66 99 115 230 b
1 2 4 8 16 32 33 41 74 115 230 b
1 2 4 8 16 32 33 41 82 115 230 b
1 2 4 8 16 32 33 49 66 115 230 a
1 2 4 8 16 32 33 49 82 115 230 b
1 2 4 8 16 32 33 66 82 115 230 b
1 2 4 8 16 32 33 66 82 148 230 b
1 2 4 8 16 32 33 66 82 164 230 b
1 2 4 8 16 32 33 66 98 132 230 a
1 2 4 8 16 32 33 66 98 164 230 b
1 2 4 8 16 32 33 66 99 115 230 b
1 2 4 8 16 32 33 66 99 131 230 b
1 2 4 8 16 32 33 66 99 198 230 b
1 2 4 8 16 32 33 66 132 164 230 b
1 2 4 8 16 32 33 66 132 198 230 b
1 2 4 8 16 32 34 64 98 132 230 a
1 2 4 8 16 32 34 64 98 196 230 a
1 2 4 8 16 32 34 66 82 148 230 b
1 2 4 8 16 32 34 66 82 164 230 b
1 2 4 8 16 32 34 66 98 132 230 b
1 2 4 8 16 32 34 66 98 164 230 b
1 2 4 8 16 32 34 66 98 196 230 b
1 2 4 8 16 32 34 66 132 164 230 b
1 2 4 8 16 32 34 66 132 198 230 b
1 2 4 8 16 32 64 66 82 148 230 b
1 2 4 8 16 32 64 66 82 164 230 b
1 2 4 8 16 32 64 66 98 132 230 a
1 2 4 8 16 32 64 66 98 164 230 b
1 2 4 8 16 32 64 66 132 164 230 b
1 2 4 8 16 32 64 66 132 198 230 b
