1 2 4 8 9 17 34 68 136 137 273 b
1 2 4 8 9 17 34 68 136 272 273 b
1 2 4 8 16 17 32 64 128 145 273 a
1 2 4 8 16 17 32 64 128 256 273 a
1 2 4 8 16 17 34 68 136 137 273 b
1 2 4 8 16 17 34 68 136 272 273 b
1 2 4 8 16 18 34 68 136 137 273 b
1 2 4 8 16 18 34 68 136 272 273 b
1 2 4 8 16 32 34 68 136 137 273 b
1 2 4 8 16 32 34 68 136 272 273 b
1 2 4 8 16 32 36 68 136 137 273 b
1 2 4 8 16 32 36 68 136 272 273 b
1 2 4 8 16 32 64 68 136 137 273 b
1 2 4 8 16 32 64 68 136 272 273 b
1 2 4 8 16 32 64 72 136 137 273 b
1 2 4 8 16 32 64 72 136 272 273 b
1 2 4 8 16 32 64 128 129 144 273 a
1 2 4 8 16 32 64 128 129 145 273 b
1 2 4 8 16 32 64 128 129 257 273 b
1 2 4 8 16 32 64 128 136 137 273 b
1 2 4 8 16 32 64 128 136 272 273 b
1 2 4 8 16 32 64 128 144 145 273 b
1 2 4 8 16 32 64 128 144 272 273 b
1 2 4 8 16 32 64 128 256 257 273 b
1 2 4 8 16 32 64 128 256 272 273 b
