1 2 3 5 8 13 26 52 57 109 218 b
1 2 3 5 8 13 26 52 104 109 218 b
1 2 3 5 10 13 26 52 57 109 218 b
1 2 3 5 10 13 26 52 104 109 218 b
1 2 3 5 10 13 26 52 104 114 218 b
1 2 3 5 10 13 26 52 104 208 218 b
1 2 3 5 10 20 23 43 66 109 218 b
1 2 3 5 10 20 23 43 86 109 218 b
1 2 3 6 9 18 27 54 55 109 218 b
1 2 3 6 9 18 27 54 108 109 218 b
1 2 3 6 9 18 27 54 108 110 218 b
1 2 3 6 9 18 27 54 108 216 218 b
1 2 3 6 9 18 36 37 72 109 218 a
1 2 3 6 9 18 36 37 73 109 218 b
1 2 3 6 9 18 36 54 55 109 218 b
1 2 3 6 9 18 36 54 108 109 218 b
1 2 3 6 9 18 36 54 108 110 218 b
1 2 3 6 9 18 36 54 108 216 218 b
1 2 3 6 9 18 36 72 73 109 218 b
1 2 3 6 9 18 36 72 73 145 218 b
1 2 3 6 9 18 36 72 73 146 218 b
1 2 3 6 9 18 36 72 74 144 218 a
1 2 3 6 9 18 36 72 74 146 218 b
1 2 3 6 9 18 36 72 108 109 218 b
1 2 3 6 9 18 36 72 108 110 218 b
1 2 3 6 9 18 36 72 108 216 218 b
1 2 3 6 9 18 36 72 144 146 218 b
1 2 3 6 9 18 36 72 144 216 218 b
1 2 3 6 12 13 24 48 61 109 218 a
1 2 3 6 12 13 24 48 96 109 218 a
1 2 3 6 12 15 27 54 55 109 218 b
1 2 3 6 12 15 27 54 108 109 218 b
1 2 3 6 12 15 27 54 108 110 218 b
1 2 3 6 12 15 27 54 108 216 218 b
1 2 3 6 12 18 36 37 72 109 218 a
1 2 3 6 12 18 36 37 73 109 218 b
1 2 3 6 12 18 36 54 55 109 218 b
1 2 3 6 12 18 36 54 108 109 218 b
1 2 3 6 12 18 36 54 108 110 218 b
1 2 3 6 12 18 36 54 108 216 218 b
1 2 3 6 12 18 36 72 73 109 218 b
1 2 3 6 12 18 36 72 73 145 218 b
1 2 3 6 12 18 36 72 73 146 218 b
1 2 3 6 12 18 36 72 74 144 218 a
1 2 3 6 12 18 36 72 74 146 218 b
1 2 3 6 12 18 36 72 108 109 218 b
1 2 3 6 12 18 36 72 108 110 218 b
1 2 3 6 12 18 36 72 108 216 218 b
1 2 3 6 12 18 36 72 144 146 218 b
1 2 3 6 12 18 36 72 144 216 218 b
1 2 3 6 12 24 26 48 96 122 218 a
1 2 3 6 12 24 26 48 96 192 218 a
1 2 3 6 12 24 27 54 55 109 218 b
1 2 3 6 12 24 27 54 108 109 218 b
1 2 3 6 12 24 27 54 108 110 218 b
1 2 3 6 12 24 27 54 108 216 218 b
1 2 3 6 12 24 30 54 55 109 218 b
1 2 3 6 12 24 30 54 108 109 218 b
1 2 3 6 12 24 30 54 108 110 218 b
1 2 3 6 12 24 30 54 108 216 218 b
1 2 3 6 12 24 36 37 72 109 218 a
1 2 3 6 12 24 36 37 73 109 218 b
1 2 3 6 12 24 36 72 73 109 218 b
1 2 3 6 12 24 36 72 73 145 218 b
1 2 3 6 12 24 36 72 73 146 218 b
1 2 3 6 12 24 36 72 74 144 218 a
1 2 3 6 12 24 36 72 74 146 218 b
1 2 3 6 12 24 36 72 108 109 218 b
1 2 3 6 12 24 36 72 108 110 218 b
1 2 3 6 12 24 36 72 108 216 218 b
1 2 3 6 12 24 36 72 144 146 218 b
1 2 3 6 12 24 36 72 144 216 218 b
1 2 3 6 12 24 48 49 60 109 218 a
1 2 3 6 12 24 48 49 61 109 218 b
1 2 3 6 12 24 48 49 97 109 218 b
1 2 3 6 12 24 48 49 97 121 218 b
1 2 3 6 12 24 48 49 97 194 218 b
1 2 3 6 12 24 48 54 55 109 218 b
1 2 3 6 12 24 48 54 108 109 218 b
1 2 3 6 12 24 48 54 108 110 218 b
1 2 3 6 12 24 48 54 108 216 218 b
1 2 3 6 12 24 48 60 61 109 218 b
1 2 3 6 12 24 48 60 108 109 218 b
1 2 3 6 12 24 48 60 108 110 218 b
1 2 3 6 12 24 48 60 108 216 218 b
1 2 3 6 12 24 48 72 73 145 218 b
1 2 3 6 12 24 48 72 73 146 218 b
1 2 3 6 12 24 48 72 74 144 218 a
1 2 3 6 12 24 48 72 74 146 218 b
1 2 3 6 12 24 48 72 144 146 218 b
1 2 3 6 12 24 48 72 144 216 218 b
1 2 3 6 12 24 48 96 97 109 218 b
1 2 3 6 12 24 48 96 97 121 218 b
1 2 3 6 12 24 48 96 97 194 218 b
1 2 3 6 12 24 48 96 98 120 218 a
1 2 3 6 12 24 48 96 98 122 218 b
1 2 3 6 12 24 48 96 98 194 218 b
1 2 3 6 12 24 48 96 108 109 218 b
1 2 3 6 12 24 48 96 108 110 218 b
1 2 3 6 12 24 48 96 108 216 218 b
1 2 3 6 12 24 48 96 120 122 218 b
1 2 3 6 12 24 48 96 120 216 218 b
1 2 3 6 12 24 48 96 192 194 218 b
1 2 3 6 12 24 48 96 192 216 218 b
1 2 4 5 8 13 26 52 57 109 218 a
1 2 4 5 8 13 26 52 104 109 218 a
1 2 4 5 9 13 26 52 57 109 218 b
1 2 4 5 9 13 26 52 104 109 218 b
1 2 4 5 9 18 27 54 55 109 218 b
1 2 4 5 9 18 27 54 108 109 218 b
1 2 4 5 9 18 27 54 108 110 218 b
1 2 4 5 9 18 27 54 108 216 218 b
1 2 4 5 9 18 36 37 72 109 218 a
1 2 4 5 9 18 36 37 73 109 218 b
1 2 4 5 9 18 36 54 55 109 218 b
1 2 4 5 9 18 36 54 108 109 218 b
1 2 4 5 9 18 36 54 108 110 218 b
1 2 4 5 9 18 36 54 108 216 218 b
1 2 4 5 9 18 36 72 73 109 218 b
1 2 4 5 9 18 36 72 73 145 218 b
1 2 4 5 9 18 36 72 73 146 218 b
1 2 4 5 9 18 36 72 74 144 218 a
1 2 4 5 9 18 36 72 74 146 218 b
1 2 4 5 9 18 36 72 108 109 218 b
1 2 4 5 9 18 36 72 108 110 218 b
1 2 4 5 9 18 36 72 108 216 218 b
1 2 4 5 9 18 36 72 144 146 218 b
1 2 4 5 9 18 36 72 144 216 218 b
1 2 4 6 10 16 26 52 104 114 218 b
1 2 4 6 10 16 26 52 104 208 218 b
1 2 4 6 10 20 26 52 104 114 218 b
1 2 4 6 10 20 26 52 104 208 218 b
1 2 4 6 10 20 40 46 86 132 218 b
1 2 4 6 10 20 40 46 86 172 218 b
1 2 4 6 12 13 24 48 61 109 218 a
1 2 4 6 12 13 24 48 96 109 218 a
1 2 4 6 12 18 36 37 72 109 218 a
1 2 4 6 12 18 36 37 73 109 218 b
1 2 4 6 12 18 36 54 55 109 218 b
1 2 4 6 12 18 36 54 108 109 218 b
1 2 4 6 12 18 36 54 108 110 218 b
1 2 4 6 12 18 36 54 108 216 218 b
1 2 4 6 12 18 36 72 73 109 218 b
1 2 4 6 12 18 36 72 73 145 218 b
1 2 4 6 12 18 36 72 73 146 218 b
1 2 4 6 12 18 36 72 74 144 218 a
1 2 4 6 12 18 36 72 74 146 218 b
1 2 4 6 12 18 36 72 108 109 218 b
1 2 4 6 12 18 36 72 108 110 218 b
1 2 4 6 12 18 36 72 108 216 218 b
1 2 4 6 12 18 36 72 144 146 218 b
1 2 4 6 12 18 36 72 144 216 218 b
1 2 4 6 12 24 26 48 96 122 218 a
1 2 4 6 12 24 26 48 96 192 218 a
1 2 4 6 12 24 30 54 55 109 218 b
1 2 4 6 12 24 30 54 108 109 218 b
1 2 4 6 12 24 30 54 108 110 218 b
1 2 4 6 12 24 30 54 108 216 218 b
1 2 4 6 12 24 36 37 72 109 218 a
1 2 4 6 12 24 36 37 73 109 218 b
1 2 4 6 12 24 36 72 73 109 218 b
1 2 4 6 12 24 36 72 73 145 218 b
1 2 4 6 12 24 36 72 73 146 218 b
1 2 4 6 12 24 36 72 74 144 218 a
1 2 4 6 12 24 36 72 74 146 218 b
1 2 4 6 12 24 36 72 108 109 218 b
1 2 4 6 12 24 36 72 108 110 218 b
1 2 4 6 12 24 36 72 108 216 218 b
1 2 4 6 12 24 36 72 144 146 218 b
1 2 4 6 12 24 36 72 144 216 218 b
1 2 4 6 12 24 48 49 60 109 218 a
1 2 4 6 12 24 48 49 61 109 218 b
1 2 4 6 12 24 48 49 97 109 218 b
1 2 4 6 12 24 48 49 97 121 218 b
1 2 4 6 12 24 48 49 97 194 218 b
1 2 4 6 12 24 48 54 55 109 218 b
1 2 4 6 12 24 48 54 108 109 218 b
1 2 4 6 12 24 48 54 108 110 218 b
1 2 4 6 12 24 48 54 108 216 218 b
1 2 4 6 12 24 48 60 61 109 218 b
1 2 4 6 12 24 48 60 108 109 218 b
1 2 4 6 12 24 48 60 108 110 218 b
1 2 4 6 12 24 48 60 108 216 218 b
1 2 4 6 12 24 48 72 73 145 218 b
1 2 4 6 12 24 48 72 73 146 218 b
1 2 4 6 12 24 48 72 74 144 218 a
1 2 4 6 12 24 48 72 74 146 218 b
1 2 4 6 12 24 48 72 144 146 218 b
1 2 4 6 12 24 48 72 144 216 218 b
1 2 4 6 12 24 48 96 97 109 218 b
1 2 4 6 12 24 48 96 97 121 218 b
1 2 4 6 12 24 48 96 97 194 218 b
1 2 4 6 12 24 48 96 98 120 218 a
1 2 4 6 12 24 48 96 98 122 218 b
1 2 4 6 12 24 48 96 98 194 218 b
1 2 4 6 12 24 48 96 108 109 218 b
1 2 4 6 12 24 48 96 108 110 218 b
1 2 4 6 12 24 48 96 108 216 218 b
1 2 4 6 12 24 48 96 120 122 218 b
1 2 4 6 12 24 48 96 120 216 218 b
1 2 4 6 12 24 48 96 192 194 218 b
1 2 4 6 12 24 48 96 192 216 218 b
1 2 4 8 9 16 25 50 59 109 218 a
1 2 4 8 9 16 25 50 100 109 218 a
1 2 4 8 9 17 25 42 67 109 218 b
1 2 4 8 9 17 25 42 84 109 218 b
1 2 4 8 9 17 25 50 59 109 218 b
1 2 4 8 9 17 25 50 100 109 218 b
1 2 4 8 9 18 27 54 55 109 218 b
1 2 4 8 9 18 27 54 108 109 218 b
1 2 4 8 9 18 27 54 108 110 218 b
1 2 4 8 9 18 27 54 108 216 218 b
1 2 4 8 9 18 36 37 72 109 218 a
1 2 4 8 9 18 36 37 73 109 218 b
1 2 4 8 9 18 36 54 55 109 218 b
1 2 4 8 9 18 36 54 108 109 218 b
1 2 4 8 9 18 36 54 108 110 218 b
1 2 4 8 9 18 36 54 108 216 218 b
1 2 4 8 9 18 36 72 73 109 218 b
1 2 4 8 9 18 36 72 73 145 218 b
1 2 4 8 9 18 36 72 73 146 218 b
1 2 4 8 9 18 36 72 74 144 218 a
1 2 4 8 9 18 36 72 74 146 218 b
1 2 4 8 9 18 36 72 108 109 218 b
1 2 4 8 9 18 36 72 108 110 218 b
1 2 4 8 9 18 36 72 108 216 218 b
1 2 4 8 9 18 36 72 144 146 218 b
1 2 4 8 9 18 36 72 144 216 218 b
1 2 4 8 10 16 26 52 104 114 218 a
1 2 4 8 10 16 26 52 104 208 218 a
1 2 4 8 10 18 26 52 104 114 218 b
1 2 4 8 10 18 26 52 104 208 218 b
1 2 4 8 10 18 36 37 72 109 218 a
1 2 4 8 10 18 36 37 73 109 218 b
1 2 4 8 10 18 36 54 55 109 218 b
1 2 4 8 10 18 36 54 108 109 218 b
1 2 4 8 10 18 36 54 108 110 218 b
1 2 4 8 10 18 36 54 108 216 218 b
1 2 4 8 10 18 36 72 73 109 218 b
1 2 4 8 10 18 36 72 73 145 218 b
1 2 4 8 10 18 36 72 73 146 218 b
1 2 4 8 10 18 36 72 74 144 218 a
1 2 4 8 10 18 36 72 74 146 218 b
1 2 4 8 10 18 36 72 108 109 218 b
1 2 4 8 10 18 36 72 108 110 218 b
1 2 4 8 10 18 36 72 108 216 218 b
1 2 4 8 10 18 36 72 144 146 218 b
1 2 4 8 10 18 36 72 144 216 218 b
1 2 4 8 12 13 24 48 61 109 218 a
1 2 4 8 12 13 24 48 96 109 218 a
1 2 4 8 12 24 26 48 96 122 218 a
1 2 4 8 12 24 26 48 96 192 218 a
1 2 4 8 12 24 36 37 72 109 218 a
1 2 4 8 12 24 36 37 73 109 218 b
1 2 4 8 12 24 36 72 73 109 218 b
1 2 4 8 12 24 36 72 73 145 218 b
1 2 4 8 12 24 36 72 73 146 218 b
1 2 4 8 12 24 36 72 74 144 218 a
1 2 4 8 12 24 36 72 74 146 218 b
1 2 4 8 12 24 36 72 108 109 218 b
1 2 4 8 12 24 36 72 108 110 218 b
1 2 4 8 12 24 36 72 108 216 218 b
1 2 4 8 12 24 36 72 144 146 218 b
1 2 4 8 12 24 36 72 144 216 218 b
1 2 4 8 12 24 48 49 60 109 218 a
1 2 4 8 12 24 48 49 61 109 218 b
1 2 4 8 12 24 48 49 97 109 218 b
1 2 4 8 12 24 48 49 97 121 218 b
1 2 4 8 12 24 48 49 97 194 218 b
1 2 4 8 12 24 48 60 61 109 218 b
1 2 4 8 12 24 48 60 108 109 218 b
1 2 4 8 12 24 48 60 108 110 218 b
1 2 4 8 12 24 48 60 108 216 218 b
1 2 4 8 12 24 48 72 73 145 218 b
1 2 4 8 12 24 48 72 73 146 218 b
1 2 4 8 12 24 48 72 74 144 218 a
1 2 4 8 12 24 48 72 74 146 218 b
1 2 4 8 12 24 48 72 144 146 218 b
1 2 4 8 12 24 48 72 144 216 218 b
1 2 4 8 12 24 48 96 97 109 218 b
1 2 4 8 12 24 48 96 97 121 218 b
1 2 4 8 12 24 48 96 97 194 218 b
1 2 4 8 12 24 48 96 98 120 218 a
1 2 4 8 12 24 48 96 98 122 218 b
1 2 4 8 12 24 48 96 98 194 218 b
1 2 4 8 12 24 48 96 108 109 218 b
1 2 4 8 12 24 48 96 108 110 218 b
1 2 4 8 12 24 48 96 108 216 218 b
1 2 4 8 12 24 48 96 120 122 218 b
1 2 4 8 12 24 48 96 120 216 218 b
1 2 4 8 12 24 48 96 192 194 218 b
1 2 4 8 12 24 48 96 192 216 218 b
1 2 4 8 16 17 25 42 67 109 218 b
1 2 4 8 16 17 25 42 84 109 218 b
1 2 4 8 16 17 34 50 84 134 218 b
1 2 4 8 16 17 34 50 84 168 218 b
1 2 4 8 16 18 32 50 100 118 218 a
1 2 4 8 16 18 32 50 100 200 218 a
1 2 4 8 16 18 34 50 84 134 218 b
1 2 4 8 16 18 34 50 84 168 218 b
1 2 4 8 16 18 34 50 100 118 218 b
1 2 4 8 16 18 34 50 100 200 218 b
1 2 4 8 16 18 36 37 72 109 218 a
1 2 4 8 16 18 36 37 73 109 218 b
1 2 4 8 16 18 36 54 55 109 218 b
1 2 4 8 16 18 36 54 108 109 218 b
1 2 4 8 16 18 36 54 108 110 218 b
1 2 4 8 16 18 36 54 108 216 218 b
1 2 4 8 16 18 36 72 73 109 218 b
1 2 4 8 16 18 36 72 73 145 218 b
1 2 4 8 16 18 36 72 73 146 218 b
1 2 4 8 16 18 36 72 74 144 218 a
1 2 4 8 16 18 36 72 74 146 218 b
1 2 4 8 16 18 36 72 108 109 218 b
1 2 4 8 16 18 36 72 108 110 218 b
1 2 4 8 16 18 36 72 108 216 218 b
1 2 4 8 16 18 36 72 144 146 218 b
1 2 4 8 16 18 36 72 144 216 218 b
1 2 4 8 16 20 36 37 72 109 218 a
1 2 4 8 16 20 36 37 73 109 218 b
1 2 4 8 16 20 36 72 73 109 218 b
1 2 4 8 16 20 36 72 73 145 218 b
1 2 4 8 16 20 36 72 73 146 218 b
1 2 4 8 16 20 36 72 74 144 218 a
1 2 4 8 16 20 36 72 74 146 218 b
1 2 4 8 16 20 36 72 108 109 218 b
1 2 4 8 16 20 36 72 108 110 218 b
1 2 4 8 16 20 36 72 108 216 218 b
1 2 4 8 16 20 36 72 144 146 218 b
1 2 4 8 16 20 36 72 144 216 218 b
1 2 4 8 16 24 26 48 96 122 218 a
1 2 4 8 16 24 26 48 96 192 218 a
1 2 4 8 16 24 48 49 97 121 218 b
1 2 4 8 16 24 48 49 97 194 218 b
1 2 4 8 16 24 48 72 73 145 218 b
1 2 4 8 16 24 48 72 73 146 218 b
1 2 4 8 16 24 48 72 74 144 218 a
1 2 4 8 16 24 48 72 74 146 218 b
1 2 4 8 16 24 48 72 144 146 218 b
1 2 4 8 16 24 48 72 144 216 218 b
1 2 4 8 16 24 48 96 97 121 218 b
1 2 4 8 16 24 48 96 97 194 218 b
1 2 4 8 16 24 48 96 98 120 218 a
1 2 4 8 16 24 48 96 98 122 218 b
1 2 4 8 16 24 48 96 98 194 218 b
1 2 4 8 16 24 48 96 120 122 218 b
1 2 4 8 16 24 48 96 120 216 218 b
1 2 4 8 16 24 48 96 192 194 218 b
1 2 4 8 16 24 48 96 192 216 218 b
1 2 4 8 16 32 34 50 84 134 218 b
1 2 4 8 16 32 34 50 84 168 218 b
1 2 4 8 16 32 36 37 72 109 218 a
1 2 4 8 16 32 36 37 73 109 218 b
1 2 4 8 16 32 36 72 73 109 218 b
1 2 4 8 16 32 36 72 73 145 218 b
1 2 4 8 16 32 36 72 73 146 218 b
1 2 4 8 16 32 36 72 74 144 218 a
1 2 4 8 16 32 36 72 74 146 218 b
1 2 4 8 16 32 36 72 108 109 218 b
1 2 4 8 16 32 36 72 108 110 218 b
1 2 4 8 16 32 36 72 108 216 218 b
1 2 4 8 16 32 36 72 144 146 218 b
1 2 4 8 16 32 36 72 144 216 218 b
1 2 4 8 16 32 40 72 73 145 218 b
1 2 4 8 16 32 40 72 73 146 218 b
1 2 4 8 16 32 40 72 74 144 218 a
1 2 4 8 16 32 40 72 74 146 218 b
1 2 4 8 16 32 40 72 144 146 218 b
1 2 4 8 16 32 40 72 144 216 218 b
1 2 4 8 16 32 64 72 73 145 218 b
1 2 4 8 16 32 64 72 73 146 218 b
1 2 4 8 16 32 64 72 74 144 218 a
1 2 4 8 16 32 64 72 74 146 218 b
1 2 4 8 16 32 64 72 144 146 218 b
1 2 4 8 16 32 64 72 144 216 218 b
