1 2 3 5 8 16 32 64 128 133 261 b
1 2 3 5 8 16 32 64 128 256 261 b
1 2 4 5 8 16 32 64 128 133 261 a
1 2 4 5 8 16 32 64 128 256 261 a
1 2 4 8 16 32 33 65 98 163 261 b
1 2 4 8 16 32 33 65 98 196 261 b
1 2 4 8 16 32 33 65 130 131 261 b
1 2 4 8 16 32 33 65 130 260 261 b
1 2 4 8 16 32 64 65 130 131 261 b
1 2 4 8 16 32 64 65 130 260 261 b
1 2 4 8 16 32 64 66 130 131 261 b
1 2 4 8 16 32 64 66 130 260 261 b
1 2 4 8 16 32 64 128 129 132 261 a
1 2 4 8 16 32 64 128 129 133 261 b
1 2 4 8 16 32 64 128 129 257 261 b
1 2 4 8 16 32 64 128 130 131 261 b
1 2 4 8 16 32 64 128 130 260 261 b
1 2 4 8 16 32 64 128 132 133 261 b
1 2 4 8 16 32 64 128 132 260 261 b
1 2 4 8 16 32 64 128 256 257 261 b
1 2 4 8 16 32 64 128 256 260 261 b
