1 2 3 6 9 18 36 37 73 146 292 b
1 2 3 6 9 18 36 72 73 146 292 b
1 2 3 6 9 18 36 72 74 146 292 b
1 2 3 6 9 18 36 72 144 146 292 b
1 2 3 6 12 18 36 37 73 146 292 b
1 2 3 6 12 18 36 72 73 146 292 b
1 2 3 6 12 18 36 72 74 146 292 b
1 2 3 6 12 18 36 72 144 146 292 b
1 2 3 6 12 24 25 48 73 146 292 a
1 2 3 6 12 24 25 49 73 146 292 b
1 2 3 6 12 24 36 37 73 146 292 b
1 2 3 6 12 24 36 72 73 146 292 b
1 2 3 6 12 24 36 72 74 146 292 b
1 2 3 6 12 24 36 72 144 146 292 b
1 2 3 6 12 24 48 49 73 146 292 b
1 2 3 6 12 24 48 49 97 146 292 b
1 2 3 6 12 24 48 49 98 146 292 b
1 2 3 6 12 24 48 50 96 146 292 a
1 2 3 6 12 24 48 50 98 146 292 b
1 2 3 6 12 24 48 72 73 146 292 b
1 2 3 6 12 24 48 72 74 146 292 b
1 2 3 6 12 24 48 72 144 146 292 b
1 2 3 6 12 24 48 96 98 146 292 b
1 2 3 6 12 24 48 96 98 194 292 b
1 2 3 6 12 24 48 96 98 196 292 b
1 2 3 6 12 24 48 96 144 146 292 b
1 2 4 5 9 18 36 37 73 146 292 b
1 2 4 5 9 18 36 72 73 146 292 b
1 2 4 5 9 18 36 72 74 146 292 b
1 2 4 5 9 18 36 72 144 146 292 b
1 2 4 5 9 18 36 72 144 148 292 b
1 2 4 5 9 18 36 72 144 288 292 b
1 2 4 6 12 18 36 37 73 146 292 b
1 2 4 6 12 18 36 72 73 146 292 b
1 2 4 6 12 18 36 72 74 146 292 b
1 2 4 6 12 18 36 72 144 146 292 b
1 2 4 6 12 18 36 72 144 148 292 b
1 2 4 6 12 18 36 72 144 288 292 b
1 2 4 6 12 24 25 48 73 146 292 a
1 2 4 6 12 24 25 49 73 146 292 b
1 2 4 6 12 24 36 37 73 146 292 b
1 2 4 6 12 24 36 72 73 146 292 b
1 2 4 6 12 24 36 72 74 146 292 b
1 2 4 6 12 24 36 72 144 146 292 b
1 2 4 6 12 24 36 72 144 148 292 b
1 2 4 6 12 24 36 72 144 288 292 b
1 2 4 6 12 24 48 49 73 146 292 b
1 2 4 6 12 24 48 49 97 146 292 b
1 2 4 6 12 24 48 49 98 146 292 b
1 2 4 6 12 24 48 50 96 146 292 a
1 2 4 6 12 24 48 50 98 146 292 b
1 2 4 6 12 24 48 72 73 146 292 b
1 2 4 6 12 24 48 72 74 146 292 b
1 2 4 6 12 24 48 72 144 146 292 b
1 2 4 6 12 24 48 72 144 148 292 b
1 2 4 6 12 24 48 72 144 288 292 b
1 2 4 6 12 24 48 96 98 146 292 b
1 2 4 6 12 24 48 96 98 194 292 b
1 2 4 6 12 24 48 96 98 196 292 b
1 2 4 6 12 24 48 96 100 192 292 a
1 2 4 6 12 24 48 96 100 196 292 b
1 2 4 6 12 24 48 96 144 146 292 b
1 2 4 6 12 24 48 96 144 148 292 b
1 2 4 6 12 24 48 96 144 288 292 b
1 2 4 6 12 24 48 96 192 196 292 b
1 2 4 6 12 24 48 96 192 288 292 b
1 2 4 8 9 16 32 41 73 146 292 a
1 2 4 8 9 16 32 64 73 146 292 a
1 2 4 8 9 18 36 37 73 146 292 b
1 2 4 8 9 18 36 72 73 146 292 b
1 2 4 8 9 18 36 72 74 146 292 b
1 2 4 8 9 18 36 72 144 146 292 b
1 2 4 8 9 18 36 72 144 148 292 b
1 2 4 8 9 18 36 72 144 288 292 b
1 2 4 8 10 18 36 37 73 146 292 b
1 2 4 8 10 18 36 72 73 146 292 b
1 2 4 8 10 18 36 72 74 146 292 b
1 2 4 8 10 18 36 72 144 146 292 b
1 2 4 8 10 18 36 72 144 148 292 b
1 2 4 8 10 18 36 72 144 288 292 b
1 2 4 8 12 24 25 48 73 146 292 a
1 2 4 8 12 24 25 49 73 146 292 b
1 2 4 8 12 24 36 37 73 146 292 b
1 2 4 8 12 24 36 72 73 146 292 b
1 2 4 8 12 24 36 72 74 146 292 b
1 2 4 8 12 24 36 72 144 146 292 b
1 2 4 8 12 24 36 72 144 148 292 b
1 2 4 8 12 24 36 72 144 288 292 b
1 2 4 8 12 24 48 49 73 146 292 b
1 2 4 8 12 24 48 49 97 146 292 b
1 2 4 8 12 24 48 49 98 146 292 b
1 2 4 8 12 24 48 50 96 146 292 a
1 2 4 8 12 24 48 50 98 146 292 b
1 2 4 8 12 24 48 72 73 146 292 b
1 2 4 8 12 24 48 72 74 146 292 b
1 2 4 8 12 24 48 72 144 146 292 b
1 2 4 8 12 24 48 72 144 148 292 b
1 2 4 8 12 24 48 72 144 288 292 b
1 2 4 8 12 24 48 96 98 146 292 b
1 2 4 8 12 24 48 96 98 194 292 b
1 2 4 8 12 24 48 96 98 196 292 b
1 2 4 8 12 24 48 96 100 192 292 a
1 2 4 8 12 24 48 96 100 196 292 b
1 2 4 8 12 24 48 96 144 146 292 b
1 2 4 8 12 24 48 96 144 148 292 b
1 2 4 8 12 24 48 96 144 288 292 b
1 2 4 8 12 24 48 96 192 196 292 b
1 2 4 8 12 24 48 96 192 288 292 b
1 2 4 8 16 18 32 64 82 146 292 a
1 2 4 8 16 18 32 64 128 146 292 a
1 2 4 8 16 18 36 37 73 146 292 b
1 2 4 8 16 18 36 72 73 146 292 b
1 2 4 8 16 18 36 72 74 146 292 b
1 2 4 8 16 18 36 72 144 146 292 b
1 2 4 8 16 18 36 72 144 148 292 b
1 2 4 8 16 18 36 72 144 288 292 b
1 2 4 8 16 20 36 37 73 146 292 b
1 2 4 8 16 20 36 72 73 146 292 b
1 2 4 8 16 20 36 72 74 146 292 b
1 2 4 8 16 20 36 72 144 146 292 b
1 2 4 8 16 20 36 72 144 148 292 b
1 2 4 8 16 20 36 72 144 288 292 b
1 2 4 8 16 24 25 48 73 146 292 a
1 2 4 8 16 24 25 49 73 146 292 b
1 2 4 8 16 24 48 49 73 146 292 b
1 2 4 8 16 24 48 49 97 146 292 b
1 2 4 8 16 24 48 49 98 146 292 b
1 2 4 8 16 24 48 50 96 146 292 a
1 2 4 8 16 24 48 50 98 146 292 b
1 2 4 8 16 24 48 72 73 146 292 b
1 2 4 8 16 24 48 72 74 146 292 b
1 2 4 8 16 24 48 72 144 146 292 b
1 2 4 8 16 24 48 72 144 148 292 b
1 2 4 8 16 24 48 72 144 288 292 b
1 2 4 8 16 24 48 96 98 146 292 b
1 2 4 8 16 24 48 96 98 194 292 b
1 2 4 8 16 24 48 96 98 196 292 b
1 2 4 8 16 24 48 96 100 192 292 a
1 2 4 8 16 24 48 96 100 196 292 b
1 2 4 8 16 24 48 96 144 146 292 b
1 2 4 8 16 24 48 96 144 148 292 b
1 2 4 8 16 24 48 96 144 288 292 b
1 2 4 8 16 24 48 96 192 196 292 b
1 2 4 8 16 24 48 96 192 288 292 b
1 2 4 8 16 32 33 40 73 146 292 a
1 2 4 8 16 32 33 41 73 146 292 b
1 2 4 8 16 32 33 65 73 146 292 b
1 2 4 8 16 32 33 65 81 146 292 b
1 2 4 8 16 32 33 65 130 146 292 b
1 2 4 8 16 32 33 65 130 162 292 b
1 2 4 8 16 32 33 65 130 260 292 b
1 2 4 8 16 32 36 37 73 146 292 b
1 2 4 8 16 32 36 64 128 164 292 a
1 2 4 8 16 32 36 64 128 256 292 a
1 2 4 8 16 32 36 72 73 146 292 b
1 2 4 8 16 32 36 72 74 146 292 b
1 2 4 8 16 32 36 72 144 146 292 b
1 2 4 8 16 32 36 72 144 148 292 b
1 2 4 8 16 32 36 72 144 288 292 b
1 2 4 8 16 32 40 41 73 146 292 b
1 2 4 8 16 32 40 72 73 146 292 b
1 2 4 8 16 32 40 72 74 146 292 b
1 2 4 8 16 32 40 72 144 146 292 b
1 2 4 8 16 32 40 72 144 148 292 b
1 2 4 8 16 32 40 72 144 288 292 b
1 2 4 8 16 32 48 49 97 146 292 b
1 2 4 8 16 32 48 49 98 146 292 b
1 2 4 8 16 32 48 50 96 146 292 a
1 2 4 8 16 32 48 50 98 146 292 b
1 2 4 8 16 32 48 96 98 146 292 b
1 2 4 8 16 32 48 96 98 194 292 b
1 2 4 8 16 32 48 96 98 196 292 b
1 2 4 8 16 32 48 96 100 192 292 a
1 2 4 8 16 32 48 96 100 196 292 b
1 2 4 8 16 32 48 96 144 146 292 b
1 2 4 8 16 32 48 96 144 148 292 b
1 2 4 8 16 32 48 96 144 288 292 b
1 2 4 8 16 32 48 96 192 196 292 b
1 2 4 8 16 32 48 96 192 288 292 b
1 2 4 8 16 32 64 65 73 146 292 b
1 2 4 8 16 32 64 65 81 146 292 b
1 2 4 8 16 32 64 65 130 146 292 b
1 2 4 8 16 32 64 65 130 162 292 b
1 2 4 8 16 32 64 65 130 260 292 b
1 2 4 8 16 32 64 66 80 146 292 a
1 2 4 8 16 32 64 66 82 146 292 b
1 2 4 8 16 32 64 66 130 146 292 b
1 2 4 8 16 32 64 66 130 162 292 b
1 2 4 8 16 32 64 66 130 260 292 b
1 2 4 8 16 32 64 72 73 146 292 b
1 2 4 8 16 32 64 72 74 146 292 b
1 2 4 8 16 32 64 72 144 146 292 b
1 2 4 8 16 32 64 72 144 148 292 b
1 2 4 8 16 32 64 72 144 288 292 b
1 2 4 8 16 32 64 80 82 146 292 b
1 2 4 8 16 32 64 80 144 146 292 b
1 2 4 8 16 32 64 80 144 148 292 b
1 2 4 8 16 32 64 80 144 288 292 b
1 2 4 8 16 32 64 96 98 194 292 b
1 2 4 8 16 32 64 96 98 196 292 b
1 2 4 8 16 32 64 96 100 192 292 a
1 2 4 8 16 32 64 96 100 196 292 b
1 2 4 8 16 32 64 96 192 196 292 b
1 2 4 8 16 32 64 96 192 288 292 b
1 2 4 8 16 32 64 128 130 146 292 b
1 2 4 8 16 32 64 128 130 162 292 b
1 2 4 8 16 32 64 128 130 260 292 b
1 2 4 8 16 32 64 128 132 160 292 a
1 2 4 8 16 32 64 128 132 164 292 b
1 2 4 8 16 32 64 128 132 260 292 b
1 2 4 8 16 32 64 128 144 146 292 b
1 2 4 8 16 32 64 128 144 148 292 b
1 2 4 8 16 32 64 128 144 288 292 b
1 2 4 8 16 32 64 128 160 164 292 b
1 2 4 8 16 32 64 128 160 288 292 b
1 2 4 8 16 32 64 128 256 260 292 b
1 2 4 8 16 32 64 128 256 288 292 b
