1 2 3 4 7 14 21 35 70 140 147 287 b
1 2 3 4 7 14 21 35 70 140 280 287 b
1 2 3 4 7 14 28 35 63 126 161 287 b
1 2 3 4 7 14 28 35 63 126 252 287 b
1 2 3 4 7 14 28 35 70 140 147 287 b
1 2 3 4 7 14 28 35 70 140 280 287 b
1 2 3 4 7 14 28 42 70 140 147 287 b
1 2 3 4 7 14 28 42 70 140 280 287 b
1 2 3 4 7 14 28 56 63 112 175 287 a
1 2 3 4 7 14 28 56 63 112 224 287 a
1 2 3 4 7 14 28 56 70 140 147 287 b
1 2 3 4 7 14 28 56 70 140 280 287 b
1 2 3 4 7 14 28 56 84 140 147 287 b
1 2 3 4 7 14 28 56 84 140 280 287 b
1 2 3 4 7 14 28 56 112 119 168 287 a
1 2 3 4 7 14 28 56 112 119 175 287 b
1 2 3 4 7 14 28 56 112 119 231 287 b
1 2 3 4 7 14 28 56 112 140 147 287 b
1 2 3 4 7 14 28 56 112 140 280 287 b
1 2 3 4 7 14 28 56 112 168 175 287 b
1 2 3 4 7 14 28 56 112 168 280 287 b
1 2 3 4 7 14 28 56 112 224 231 287 b
1 2 3 4 7 14 28 56 112 224 280 287 b
1 2 3 5 7 14 21 35 70 140 147 287 b
1 2 3 5 7 14 21 35 70 140 280 287 b
1 2 3 5 7 14 28 35 63 126 161 287 b
1 2 3 5 7 14 28 35 63 126 252 287 b
1 2 3 5 7 14 28 35 70 140 147 287 b
1 2 3 5 7 14 28 35 70 140 280 287 b
1 2 3 5 7 14 28 42 70 140 147 287 b
1 2 3 5 7 14 28 42 70 140 280 287 b
1 2 3 5 7 14 28 56 63 112 175 287 a
1 2 3 5 7 14 28 56 63 112 224 287 a
1 2 3 5 7 14 28 56 70 140 147 287 b
1 2 3 5 7 14 28 56 70 140 280 287 b
1 2 3 5 7 14 28 56 84 140 147 287 b
1 2 3 5 7 14 28 56 84 140 280 287 b
1 2 3 5 7 14 28 56 112 119 168 287 a
1 2 3 5 7 14 28 56 112 119 175 287 b
1 2 3 5 7 14 28 56 112 119 231 287 b
1 2 3 5 7 14 28 56 112 140 147 287 b
1 2 3 5 7 14 28 56 112 140 280 287 b
1 2 3 5 7 14 28 56 112 168 175 287 b
1 2 3 5 7 14 28 56 112 168 280 287 b
1 2 3 5 7 14 28 56 112 224 231 287 b
1 2 3 5 7 14 28 56 112 224 280 287 b
1 2 3 5 10 13 23 33 66 132 155 287 b
1 2 3 5 10 13 23 33 66 132 264 287 b
1 2 3 5 10 15 17 34 68 136 151 287 b
1 2 3 5 10 15 17 34 68 136 272 287 b
1 2 3 5 10 20 21 41 82 123 164 287 b
1 2 3 5 10 20 21 41 82 123 205 287 b
1 2 3 5 10 20 21 41 82 123 246 287 b
1 2 3 5 10 20 21 41 82 164 205 287 b
1 2 3 5 10 20 21 41 82 164 246 287 b
1 2 3 5 10 20 23 33 66 132 155 287 b
1 2 3 5 10 20 23 33 66 132 264 287 b
1 2 3 5 10 20 23 43 66 132 155 287 b
1 2 3 5 10 20 23 43 66 132 264 287 b
1 2 3 5 10 20 23 46 66 132 155 287 b
1 2 3 5 10 20 23 46 66 132 264 287 b
1 2 3 5 10 20 40 41 82 123 164 287 b
1 2 3 5 10 20 40 41 82 123 205 287 b
1 2 3 5 10 20 40 41 82 123 246 287 b
1 2 3 5 10 20 40 41 82 164 205 287 b
1 2 3 5 10 20 40 41 82 164 246 287 b
1 2 3 6 7 14 21 35 70 140 147 287 b
1 2 3 6 7 14 21 35 70 140 280 287 b
1 2 3 6 7 14 28 35 63 126 161 287 b
1 2 3 6 7 14 28 35 63 126 252 287 b
1 2 3 6 7 14 28 35 70 140 147 287 b
1 2 3 6 7 14 28 35 70 140 280 287 b
1 2 3 6 7 14 28 42 70 140 147 287 b
1 2 3 6 7 14 28 42 70 140 280 287 b
1 2 3 6 7 14 28 56 63 112 175 287 a
1 2 3 6 7 14 28 56 63 112 224 287 a
1 2 3 6 7 14 28 56 70 140 147 287 b
1 2 3 6 7 14 28 56 70 140 280 287 b
1 2 3 6 7 14 28 56 84 140 147 287 b
1 2 3 6 7 14 28 56 84 140 280 287 b
1 2 3 6 7 14 28 56 112 119 168 287 a
1 2 3 6 7 14 28 56 112 119 175 287 b
1 2 3 6 7 14 28 56 112 119 231 287 b
1 2 3 6 7 14 28 56 112 140 147 287 b
1 2 3 6 7 14 28 56 112 140 280 287 b
1 2 3 6 7 14 28 56 112 168 175 287 b
1 2 3 6 7 14 28 56 112 168 280 287 b
1 2 3 6 7 14 28 56 112 224 231 287 b
1 2 3 6 7 14 28 56 112 224 280 287 b
1 2 3 6 9 15 17 34 68 136 151 287 b
1 2 3 6 9 15 17 34 68 136 272 287 b
1 2 3 6 12 15 17 34 68 136 151 287 b
1 2 3 6 12 15 17 34 68 136 272 287 b
1 2 4 5 7 14 21 35 70 140 147 287 b
1 2 4 5 7 14 21 35 70 140 280 287 b
1 2 4 5 7 14 28 35 63 126 161 287 b
1 2 4 5 7 14 28 35 63 126 252 287 b
1 2 4 5 7 14 28 35 70 140 147 287 b
1 2 4 5 7 14 28 35 70 140 280 287 b
1 2 4 5 7 14 28 42 70 140 147 287 b
1 2 4 5 7 14 28 42 70 140 280 287 b
1 2 4 5 7 14 28 56 63 112 175 287 a
1 2 4 5 7 14 28 56 63 112 224 287 a
1 2 4 5 7 14 28 56 70 140 147 287 b
1 2 4 5 7 14 28 56 70 140 280 287 b
1 2 4 5 7 14 28 56 84 140 147 287 b
1 2 4 5 7 14 28 56 84 140 280 287 b
1 2 4 5 7 14 28 56 112 119 168 287 a
1 2 4 5 7 14 28 56 112 119 175 287 b
1 2 4 5 7 14 28 56 112 119 231 287 b
1 2 4 5 7 14 28 56 112 140 147 287 b
1 2 4 5 7 14 28 56 112 140 280 287 b
1 2 4 5 7 14 28 56 112 168 175 287 b
1 2 4 5 7 14 28 56 112 168 280 287 b
1 2 4 5 7 14 28 56 112 224 231 287 b
1 2 4 5 7 14 28 56 112 224 280 287 b
1 2 4 5 9 13 26 52 61 113 174 287 b
1 2 4 5 9 13 26 52 61 113 226 287 b
1 2 4 5 9 18 23 41 82 123 164 287 b
1 2 4 5 9 18 23 41 82 123 205 287 b
1 2 4 5 9 18 23 41 82 123 246 287 b
1 2 4 5 9 18 23 41 82 164 205 287 b
1 2 4 5 9 18 23 41 82 164 246 287 b
1 2 4 5 9 18 36 41 82 123 164 287 b
1 2 4 5 9 18 36 41 82 123 205 287 b
1 2 4 5 9 18 36 41 82 123 246 287 b
1 2 4 5 9 18 36 41 82 164 205 287 b
1 2 4 5 9 18 36 41 82 164 246 287 b
1 2 4 5 10 15 17 34 68 136 151 287 b
1 2 4 5 10 15 17 34 68 136 272 287 b
1 2 4 5 10 15 19 34 68 136 151 287 b
1 2 4 5 10 15 19 34 68 136 272 287 b
1 2 4 5 10 15 30 34 68 136 151 287 b
1 2 4 5 10 15 30 34 68 136 272 287 b
1 2 4 5 10 20 21 41 82 123 164 287 b
1 2 4 5 10 20 21 41 82 123 205 287 b
1 2 4 5 10 20 21 41 82 123 246 287 b
1 2 4 5 10 20 21 41 82 164 205 287 b
1 2 4 5 10 20 21 41 82 164 246 287 b
1 2 4 5 10 20 40 41 82 123 164 287 b
1 2 4 5 10 20 40 41 82 123 205 287 b
1 2 4 5 10 20 40 41 82 123 246 287 b
1 2 4 5 10 20 40 41 82 164 205 287 b
1 2 4 5 10 20 40 41 82 164 246 287 b
1 2 4 6 7 14 21 35 70 140 147 287 b
1 2 4 6 7 14 21 35 70 140 280 287 b
1 2 4 6 7 14 28 35 63 126 161 287 b
1 2 4 6 7 14 28 35 63 126 252 287 b
1 2 4 6 7 14 28 35 70 140 147 287 b
1 2 4 6 7 14 28 35 70 140 280 287 b
1 2 4 6 7 14 28 42 70 140 147 287 b
1 2 4 6 7 14 28 42 70 140 280 287 b
1 2 4 6 7 14 28 56 63 112 175 287 a
1 2 4 6 7 14 28 56 63 112 224 287 a
1 2 4 6 7 14 28 56 70 140 147 287 b
1 2 4 6 7 14 28 56 70 140 280 287 b
1 2 4 6 7 14 28 56 84 140 147 287 b
1 2 4 6 7 14 28 56 84 140 280 287 b
1 2 4 6 7 14 28 56 112 119 168 287 a
1 2 4 6 7 14 28 56 112 119 175 287 b
1 2 4 6 7 14 28 56 112 119 231 287 b
1 2 4 6 7 14 28 56 112 140 147 287 b
1 2 4 6 7 14 28 56 112 140 280 287 b
1 2 4 6 7 14 28 56 112 168 175 287 b
1 2 4 6 7 14 28 56 112 168 280 287 b
1 2 4 6 7 14 28 56 112 224 231 287 b
1 2 4 6 7 14 28 56 112 224 280 287 b
1 2 4 6 10 20 21 41 82 123 164 287 b
1 2 4 6 10 20 21 41 82 123 205 287 b
1 2 4 6 10 20 21 41 82 123 246 287 b
1 2 4 6 10 20 21 41 82 164 205 287 b
1 2 4 6 10 20 21 41 82 164 246 287 b
1 2 4 6 10 20 40 41 82 123 164 287 b
1 2 4 6 10 20 40 41 82 123 205 287 b
1 2 4 6 10 20 40 41 82 123 246 287 b
1 2 4 6 10 20 40 41 82 164 205 287 b
1 2 4 6 10 20 40 41 82 164 246 287 b
1 2 4 8 9 13 26 52 61 113 174 287 b
1 2 4 8 9 13 26 52 61 113 226 287 b
1 2 4 8 9 16 25 41 82 123 164 287 a
1 2 4 8 9 16 25 41 82 123 205 287 a
1 2 4 8 9 16 25 41 82 123 246 287 a
1 2 4 8 9 16 25 41 82 164 205 287 a
1 2 4 8 9 16 25 41 82 164 246 287 a
1 2 4 8 9 16 32 41 82 123 164 287 a
1 2 4 8 9 16 32 41 82 123 205 287 a
1 2 4 8 9 16 32 41 82 123 246 287 a
1 2 4 8 9 16 32 41 82 164 205 287 a
1 2 4 8 9 16 32 41 82 164 246 287 a
1 2 4 8 9 17 26 52 61 113 174 287 b
1 2 4 8 9 17 26 52 61 113 226 287 b
1 2 4 8 9 17 34 51 59 118 169 287 b
1 2 4 8 9 17 34 51 59 118 236 287 b
1 2 4 8 9 18 26 52 61 113 174 287 b
1 2 4 8 9 18 26 52 61 113 226 287 b
1 2 4 8 10 20 21 41 82 123 164 287 b
1 2 4 8 10 20 21 41 82 123 205 287 b
1 2 4 8 10 20 21 41 82 123 246 287 b
1 2 4 8 10 20 21 41 82 164 205 287 b
1 2 4 8 10 20 21 41 82 164 246 287 b
1 2 4 8 10 20 40 41 82 123 164 287 b
1 2 4 8 10 20 40 41 82 123 205 287 b
1 2 4 8 10 20 40 41 82 123 246 287 b
1 2 4 8 10 20 40 41 82 164 205 287 b
1 2 4 8 10 20 40 41 82 164 246 287 b
1 2 4 8 12 20 21 41 82 123 164 287 b
1 2 4 8 12 20 21 41 82 123 205 287 b
1 2 4 8 12 20 21 41 82 123 246 287 b
1 2 4 8 12 20 21 41 82 164 205 287 b
1 2 4 8 12 20 21 41 82 164 246 287 b
1 2 4 8 12 20 40 41 82 123 164 287 b
1 2 4 8 12 20 40 41 82 123 205 287 b
1 2 4 8 12 20 40 41 82 123 246 287 b
1 2 4 8 12 20 40 41 82 164 205 287 b
1 2 4 8 12 20 40 41 82 164 246 287 b
1 2 4 8 16 17 24 41 82 123 164 287 a
1 2 4 8 16 17 24 41 82 123 205 287 a
1 2 4 8 16 17 24 41 82 123 246 287 a
1 2 4 8 16 17 24 41 82 164 205 287 a
1 2 4 8 16 17 24 41 82 164 246 287 a
1 2 4 8 16 17 25 41 82 123 164 287 b
1 2 4 8 16 17 25 41 82 123 205 287 b
1 2 4 8 16 17 25 41 82 123 246 287 b
1 2 4 8 16 17 25 41 82 164 205 287 b
1 2 4 8 16 17 25 41 82 164 246 287 b
1 2 4 8 16 17 33 41 82 123 164 287 b
1 2 4 8 16 17 33 41 82 123 205 287 b
1 2 4 8 16 17 33 41 82 123 246 287 b
1 2 4 8 16 17 33 41 82 164 205 287 b
1 2 4 8 16 17 33 41 82 164 246 287 b
1 2 4 8 16 17 34 51 59 118 169 287 b
1 2 4 8 16 17 34 51 59 118 236 287 b
1 2 4 8 16 17 34 51 67 118 169 287 b
1 2 4 8 16 17 34 51 67 118 236 287 b
1 2 4 8 16 17 34 51 85 101 186 287 b
1 2 4 8 16 17 34 51 85 101 202 287 b
1 2 4 8 16 17 34 51 102 118 169 287 b
1 2 4 8 16 17 34 51 102 118 236 287 b
1 2 4 8 16 17 34 68 85 101 186 287 b
1 2 4 8 16 17 34 68 85 101 202 287 b
1 2 4 8 16 20 21 41 82 123 164 287 b
1 2 4 8 16 20 21 41 82 123 205 287 b
1 2 4 8 16 20 21 41 82 123 246 287 b
1 2 4 8 16 20 21 41 82 164 205 287 b
1 2 4 8 16 20 21 41 82 164 246 287 b
1 2 4 8 16 20 40 41 82 123 164 287 b
1 2 4 8 16 20 40 41 82 123 205 287 b
1 2 4 8 16 20 40 41 82 123 246 287 b
1 2 4 8 16 20 40 41 82 164 205 287 b
1 2 4 8 16 20 40 41 82 164 246 287 b
1 2 4 8 16 24 25 41 82 123 164 287 b
1 2 4 8 16 24 25 41 82 123 205 287 b
1 2 4 8 16 24 25 41 82 123 246 287 b
1 2 4 8 16 24 25 41 82 164 205 287 b
1 2 4 8 16 24 25 41 82 164 246 287 b
1 2 4 8 16 24 40 41 82 123 164 287 b
1 2 4 8 16 24 40 41 82 123 205 287 b
1 2 4 8 16 24 40 41 82 123 246 287 b
1 2 4 8 16 24 40 41 82 164 205 287 b
1 2 4 8 16 24 40 41 82 164 246 287 b
1 2 4 8 16 32 33 41 82 123 164 287 b
1 2 4 8 16 32 33 41 82 123 205 287 b
1 2 4 8 16 32 33 41 82 123 246 287 b
1 2 4 8 16 32 33 41 82 164 205 287 b
1 2 4 8 16 32 33 41 82 164 246 287 b
1 2 4 8 16 32 40 41 82 123 164 287 b
1 2 4 8 16 32 40 41 82 123 205 287 b
1 2 4 8 16 32 40 41 82 123 246 287 b
1 2 4 8 16 32 40 41 82 164 205 287 b
1 2 4 8 16 32 40 41 82 164 246 287 b
