1 2 3 4 7 8 16 32 64 128 135 263 b
1 2 3 4 7 8 16 32 64 128 256 263 b
1 2 3 4 7 9 16 32 64 128 135 263 b
1 2 3 4 7 9 16 32 64 128 256 263 b
1 2 3 4 7 14 16 32 64 128 135 263 b
1 2 3 4 7 14 16 32 64 128 256 263 b
1 2 3 4 7 14 18 32 64 128 135 263 b
1 2 3 4 7 14 18 32 64 128 256 263 b
1 2 3 4 7 14 28 32 64 128 135 263 b
1 2 3 4 7 14 28 32 64 128 256 263 b
1 2 3 4 8 16 32 33 65 130 133 263 b
1 2 3 4 8 16 32 33 65 130 260 263 b
1 2 3 4 8 16 32 64 65 130 133 263 b
1 2 3 4 8 16 32 64 65 130 260 263 b
1 2 3 4 8 16 32 64 66 130 133 263 b
1 2 3 4 8 16 32 64 66 130 260 263 b
1 2 3 4 8 16 32 64 67 131 132 263 b
1 2 3 4 8 16 32 64 67 131 262 263 b
1 2 3 4 8 16 32 64 128 130 133 263 b
1 2 3 4 8 16 32 64 128 130 260 263 b
1 2 3 4 8 16 32 64 128 131 132 263 b
1 2 3 4 8 16 32 64 128 131 135 263 b
1 2 3 4 8 16 32 64 128 131 259 263 b
1 2 3 4 8 16 32 64 128 131 262 263 b
1 2 3 4 8 16 32 64 128 132 135 263 b
1 2 3 4 8 16 32 64 128 132 260 263 b
1 2 3 4 8 16 32 64 128 256 259 263 b
1 2 3 4 8 16 32 64 128 256 260 263 b
1 2 3 5 7 8 16 32 64 128 135 263 b
1 2 3 5 7 8 16 32 64 128 256 263 b
1 2 3 5 7 9 16 32 64 128 135 263 b
1 2 3 5 7 9 16 32 64 128 256 263 b
1 2 3 5 7 14 16 32 64 128 135 263 b
1 2 3 5 7 14 16 32 64 128 256 263 b
1 2 3 5 8 13 26 39 65 130 133 263 b
1 2 3 5 8 13 26 39 65 130 260 263 b
1 2 3 5 8 13 26 52 53 105 158 263 b
1 2 3 5 8 13 26 52 53 105 210 263 b
1 2 3 5 8 13 26 52 55 104 159 263 a
1 2 3 5 8 13 26 52 55 104 208 263 a
1 2 3 5 8 13 26 52 65 130 133 263 b
1 2 3 5 8 13 26 52 65 130 260 263 b
1 2 3 5 8 13 26 52 78 130 133 263 b
1 2 3 5 8 13 26 52 78 130 260 263 b
1 2 3 5 8 13 26 52 104 107 156 263 a
1 2 3 5 8 13 26 52 104 107 159 263 b
1 2 3 5 8 13 26 52 104 107 211 263 b
1 2 3 5 8 13 26 52 104 130 133 263 b
1 2 3 5 8 13 26 52 104 130 260 263 b
1 2 3 5 8 13 26 52 104 156 159 263 b
1 2 3 5 8 13 26 52 104 156 260 263 b
1 2 3 5 8 13 26 52 104 208 211 263 b
1 2 3 5 8 13 26 52 104 208 260 263 b
1 2 3 5 8 16 32 33 65 130 133 263 b
1 2 3 5 8 16 32 33 65 130 260 263 b
1 2 3 5 8 16 32 64 65 129 134 263 b
1 2 3 5 8 16 32 64 65 129 258 263 b
1 2 3 5 8 16 32 64 65 130 133 263 b
1 2 3 5 8 16 32 64 65 130 260 263 b
1 2 3 5 8 16 32 64 66 130 133 263 b
1 2 3 5 8 16 32 64 66 130 260 263 b
1 2 3 5 8 16 32 64 67 131 132 263 b
1 2 3 5 8 16 32 64 67 131 262 263 b
1 2 3 5 8 16 32 64 128 129 134 263 b
1 2 3 5 8 16 32 64 128 129 258 263 b
1 2 3 5 8 16 32 64 128 130 133 263 b
1 2 3 5 8 16 32 64 128 130 135 263 b
1 2 3 5 8 16 32 64 128 130 258 263 b
1 2 3 5 8 16 32 64 128 130 260 263 b
1 2 3 5 8 16 32 64 128 131 132 263 b
1 2 3 5 8 16 32 64 128 131 262 263 b
1 2 3 5 8 16 32 64 128 133 135 263 b
1 2 3 5 8 16 32 64 128 133 261 263 b
1 2 3 5 8 16 32 64 128 256 258 263 b
1 2 3 5 8 16 32 64 128 256 261 263 b
1 2 3 5 10 11 21 42 63 126 137 263 b
1 2 3 5 10 11 21 42 63 126 252 263 b
1 2 3 5 10 11 21 42 84 95 168 263 a
1 2 3 5 10 11 21 42 84 95 179 263 b
1 2 3 5 10 11 21 42 84 126 137 263 b
1 2 3 5 10 11 21 42 84 126 252 263 b
1 2 3 5 10 11 21 42 84 168 179 263 b
1 2 3 5 10 11 21 42 84 168 252 263 b
1 2 3 5 10 13 26 39 65 130 133 263 b
1 2 3 5 10 13 26 39 65 130 260 263 b
1 2 3 5 10 13 26 52 53 105 158 263 b
1 2 3 5 10 13 26 52 53 105 210 263 b
1 2 3 5 10 13 26 52 55 104 159 263 a
1 2 3 5 10 13 26 52 55 104 208 263 a
1 2 3 5 10 13 26 52 65 130 133 263 b
1 2 3 5 10 13 26 52 65 130 260 263 b
1 2 3 5 10 13 26 52 78 130 133 263 b
1 2 3 5 10 13 26 52 78 130 260 263 b
1 2 3 5 10 13 26 52 104 107 156 263 a
1 2 3 5 10 13 26 52 104 107 159 263 b
1 2 3 5 10 13 26 52 104 107 211 263 b
1 2 3 5 10 13 26 52 104 130 133 263 b
1 2 3 5 10 13 26 52 104 130 260 263 b
1 2 3 5 10 13 26 52 104 156 159 263 b
1 2 3 5 10 13 26 52 104 156 260 263 b
1 2 3 5 10 13 26 52 104 208 211 263 b
1 2 3 5 10 13 26 52 104 208 260 263 b
1 2 3 5 10 15 16 31 62 124 139 263 b
1 2 3 5 10 15 16 31 62 124 248 263 b
1 2 3 5 10 15 25 40 65 130 133 263 b
1 2 3 5 10 15 25 40 65 130 260 263 b
1 2 3 5 10 15 25 50 65 130 133 263 b
1 2 3 5 10 15 25 50 65 130 260 263 b
1 2 3 5 10 15 30 31 62 124 139 263 b
1 2 3 5 10 15 30 31 62 124 248 263 b
1 2 3 5 10 15 30 32 62 124 139 263 b
1 2 3 5 10 15 30 32 62 124 248 263 b
1 2 3 5 10 15 30 35 65 130 133 263 b
1 2 3 5 10 15 30 35 65 130 260 263 b
1 2 3 5 10 15 30 60 62 124 139 263 b
1 2 3 5 10 15 30 60 62 124 248 263 b
1 2 3 5 10 15 30 60 65 130 133 263 b
1 2 3 5 10 15 30 60 65 130 260 263 b
1 2 3 5 10 15 30 60 70 130 133 263 b
1 2 3 5 10 15 30 60 70 130 260 263 b
1 2 3 5 10 15 30 60 120 130 133 263 b
1 2 3 5 10 15 30 60 120 130 260 263 b
1 2 3 5 10 20 21 40 61 101 162 263 a
1 2 3 5 10 20 21 40 61 101 202 263 a
1 2 3 5 10 20 23 30 60 120 143 263 a
1 2 3 5 10 20 23 30 60 120 240 263 a
1 2 3 5 10 20 23 40 60 120 143 263 a
1 2 3 5 10 20 23 40 60 120 240 263 a
1 2 3 5 10 20 23 40 80 103 160 263 a
1 2 3 5 10 20 23 40 80 103 183 263 a
1 2 3 5 10 20 23 40 80 120 143 263 a
1 2 3 5 10 20 23 40 80 120 240 263 a
1 2 3 5 10 20 23 40 80 160 183 263 a
1 2 3 5 10 20 23 40 80 160 240 263 a
1 2 3 5 10 20 23 43 86 91 172 263 a
1 2 3 5 10 20 23 43 86 91 177 263 b
1 2 3 5 10 20 23 43 86 129 134 263 b
1 2 3 5 10 20 23 43 86 129 258 263 b
1 2 3 5 10 20 23 43 86 172 177 263 b
1 2 3 5 10 20 23 43 86 172 258 263 b
1 2 3 5 10 20 25 40 65 130 133 263 a
1 2 3 5 10 20 25 40 65 130 260 263 a
1 2 3 5 10 20 25 45 65 130 133 263 b
1 2 3 5 10 20 25 45 65 130 260 263 b
1 2 3 5 10 20 30 35 65 130 133 263 b
1 2 3 5 10 20 30 35 65 130 260 263 b
1 2 3 5 10 20 30 50 80 130 133 263 b
1 2 3 5 10 20 30 50 80 130 260 263 b
1 2 3 5 10 20 30 50 100 130 133 263 b
1 2 3 5 10 20 30 50 100 130 260 263 b
1 2 3 5 10 20 30 60 65 130 133 263 b
1 2 3 5 10 20 30 60 65 130 260 263 b
1 2 3 5 10 20 30 60 70 130 133 263 b
1 2 3 5 10 20 30 60 70 130 260 263 b
1 2 3 5 10 20 30 60 120 123 140 263 a
1 2 3 5 10 20 30 60 120 123 143 263 b
1 2 3 5 10 20 30 60 120 123 243 263 b
1 2 3 5 10 20 30 60 120 130 133 263 b
1 2 3 5 10 20 30 60 120 130 260 263 b
1 2 3 5 10 20 30 60 120 140 143 263 b
1 2 3 5 10 20 30 60 120 140 260 263 b
1 2 3 5 10 20 30 60 120 240 243 263 b
1 2 3 5 10 20 30 60 120 240 260 263 b
1 2 3 5 10 20 40 41 61 101 162 263 b
1 2 3 5 10 20 40 41 61 101 202 263 b
1 2 3 5 10 20 40 41 81 91 172 263 b
1 2 3 5 10 20 40 41 81 91 182 263 b
1 2 3 5 10 20 40 41 81 101 162 263 a
1 2 3 5 10 20 40 41 81 101 182 263 b
1 2 3 5 10 20 40 41 81 162 182 263 b
1 2 3 5 10 20 40 41 81 162 243 263 b
1 2 3 5 10 20 40 43 86 91 172 263 a
1 2 3 5 10 20 40 43 86 91 177 263 b
1 2 3 5 10 20 40 43 86 129 134 263 b
1 2 3 5 10 20 40 43 86 129 258 263 b
1 2 3 5 10 20 40 43 86 172 177 263 b
1 2 3 5 10 20 40 43 86 172 258 263 b
1 2 3 5 10 20 40 45 65 130 133 263 b
1 2 3 5 10 20 40 45 65 130 260 263 b
1 2 3 5 10 20 40 45 85 130 133 263 b
1 2 3 5 10 20 40 45 85 130 260 263 b
1 2 3 5 10 20 40 45 90 130 133 263 b
1 2 3 5 10 20 40 45 90 130 260 263 b
1 2 3 5 10 20 40 50 80 130 133 263 a
1 2 3 5 10 20 40 50 80 130 260 263 a
1 2 3 5 10 20 40 50 90 130 133 263 b
1 2 3 5 10 20 40 50 90 130 260 263 b
1 2 3 5 10 20 40 60 61 101 162 263 b
1 2 3 5 10 20 40 60 61 101 202 263 b
1 2 3 5 10 20 40 60 63 100 163 263 a
1 2 3 5 10 20 40 60 63 100 200 263 a
1 2 3 5 10 20 40 60 65 130 133 263 b
1 2 3 5 10 20 40 60 65 130 260 263 b
1 2 3 5 10 20 40 60 70 130 133 263 b
1 2 3 5 10 20 40 60 70 130 260 263 b
1 2 3 5 10 20 40 60 100 103 160 263 a
1 2 3 5 10 20 40 60 100 103 163 263 b
1 2 3 5 10 20 40 60 100 103 203 263 b
1 2 3 5 10 20 40 60 100 160 163 263 b
1 2 3 5 10 20 40 60 100 160 260 263 b
1 2 3 5 10 20 40 60 100 200 203 263 b
1 2 3 5 10 20 40 60 100 200 260 263 b
1 2 3 5 10 20 40 60 120 123 140 263 a
1 2 3 5 10 20 40 60 120 123 143 263 b
1 2 3 5 10 20 40 60 120 123 243 263 b
1 2 3 5 10 20 40 60 120 130 133 263 b
1 2 3 5 10 20 40 60 120 130 260 263 b
1 2 3 5 10 20 40 60 120 140 143 263 b
1 2 3 5 10 20 40 60 120 140 260 263 b
1 2 3 5 10 20 40 60 120 240 243 263 b
1 2 3 5 10 20 40 60 120 240 260 263 b
1 2 3 5 10 20 40 80 81 91 172 263 b
1 2 3 5 10 20 40 80 81 91 182 263 b
1 2 3 5 10 20 40 80 81 101 162 263 a
1 2 3 5 10 20 40 80 81 101 182 263 b
1 2 3 5 10 20 40 80 81 162 182 263 b
1 2 3 5 10 20 40 80 81 162 243 263 b
1 2 3 5 10 20 40 80 83 90 173 263 a
1 2 3 5 10 20 40 80 83 90 180 263 a
1 2 3 5 10 20 40 80 83 100 163 263 a
1 2 3 5 10 20 40 80 83 100 180 263 a
1 2 3 5 10 20 40 80 83 100 183 263 a
1 2 3 5 10 20 40 80 83 103 160 263 a
1 2 3 5 10 20 40 80 83 103 183 263 b
1 2 3 5 10 20 40 80 83 160 180 263 a
1 2 3 5 10 20 40 80 83 160 243 263 a
1 2 3 5 10 20 40 80 83 163 183 263 b
1 2 3 5 10 20 40 80 83 163 243 263 b
1 2 3 5 10 20 40 80 90 93 170 263 a
1 2 3 5 10 20 40 80 90 93 173 263 b
1 2 3 5 10 20 40 80 90 93 183 263 b
1 2 3 5 10 20 40 80 90 130 133 263 b
1 2 3 5 10 20 40 80 90 130 260 263 b
1 2 3 5 10 20 40 80 90 170 173 263 b
1 2 3 5 10 20 40 80 90 170 260 263 b
1 2 3 5 10 20 40 80 90 180 183 263 b
1 2 3 5 10 20 40 80 90 180 260 263 b
1 2 3 5 10 20 40 80 100 103 160 263 a
1 2 3 5 10 20 40 80 100 103 183 263 b
1 2 3 5 10 20 40 80 100 160 163 263 a
1 2 3 5 10 20 40 80 100 160 260 263 a
1 2 3 5 10 20 40 80 100 180 183 263 b
1 2 3 5 10 20 40 80 100 180 260 263 b
1 2 3 5 10 20 40 80 120 123 140 263 a
1 2 3 5 10 20 40 80 120 123 143 263 b
1 2 3 5 10 20 40 80 120 123 243 263 b
1 2 3 5 10 20 40 80 120 130 133 263 b
1 2 3 5 10 20 40 80 120 130 260 263 b
1 2 3 5 10 20 40 80 120 140 143 263 b
1 2 3 5 10 20 40 80 120 140 260 263 b
1 2 3 5 10 20 40 80 120 240 243 263 b
1 2 3 5 10 20 40 80 120 240 260 263 b
1 2 3 5 10 20 40 80 160 163 183 263 b
1 2 3 5 10 20 40 80 160 163 243 263 b
1 2 3 5 10 20 40 80 160 180 183 263 b
1 2 3 5 10 20 40 80 160 180 260 263 b
1 2 3 5 10 20 40 80 160 240 243 263 b
1 2 3 5 10 20 40 80 160 240 260 263 b
1 2 3 6 7 8 16 32 64 128 135 263 b
1 2 3 6 7 8 16 32 64 128 256 263 b
1 2 3 6 7 9 16 32 64 128 135 263 b
1 2 3 6 7 9 16 32 64 128 256 263 b
1 2 3 6 7 10 16 32 64 128 135 263 b
1 2 3 6 7 10 16 32 64 128 256 263 b
1 2 3 6 7 13 16 32 64 128 135 263 b
1 2 3 6 7 13 16 32 64 128 256 263 b
1 2 3 6 7 13 19 32 64 128 135 263 b
1 2 3 6 7 13 19 32 64 128 256 263 b
1 2 3 6 7 13 26 32 64 128 135 263 b
1 2 3 6 7 13 26 32 64 128 256 263 b
1 2 3 6 7 13 26 39 65 130 133 263 b
1 2 3 6 7 13 26 39 65 130 260 263 b
1 2 3 6 7 13 26 52 53 105 158 263 b
1 2 3 6 7 13 26 52 53 105 210 263 b
1 2 3 6 7 13 26 52 55 104 159 263 a
1 2 3 6 7 13 26 52 55 104 208 263 a
1 2 3 6 7 13 26 52 65 130 133 263 b
1 2 3 6 7 13 26 52 65 130 260 263 b
1 2 3 6 7 13 26 52 78 130 133 263 b
1 2 3 6 7 13 26 52 78 130 260 263 b
1 2 3 6 7 13 26 52 104 107 156 263 a
1 2 3 6 7 13 26 52 104 107 159 263 b
1 2 3 6 7 13 26 52 104 107 211 263 b
1 2 3 6 7 13 26 52 104 130 133 263 b
1 2 3 6 7 13 26 52 104 130 260 263 b
1 2 3 6 7 13 26 52 104 156 159 263 b
1 2 3 6 7 13 26 52 104 156 260 263 b
1 2 3 6 7 13 26 52 104 208 211 263 b
1 2 3 6 7 13 26 52 104 208 260 263 b
1 2 3 6 7 14 16 32 64 128 135 263 b
1 2 3 6 7 14 16 32 64 128 256 263 b
1 2 3 6 8 16 32 33 65 130 133 263 b
1 2 3 6 8 16 32 33 65 130 260 263 b
1 2 3 6 8 16 32 64 65 130 133 263 b
1 2 3 6 8 16 32 64 65 130 260 263 b
1 2 3 6 8 16 32 64 66 130 133 263 b
1 2 3 6 8 16 32 64 66 130 260 263 b
1 2 3 6 8 16 32 64 67 131 132 263 b
1 2 3 6 8 16 32 64 67 131 262 263 b
1 2 3 6 8 16 32 64 128 129 134 263 a
1 2 3 6 8 16 32 64 128 129 135 263 b
1 2 3 6 8 16 32 64 128 129 257 263 b
1 2 3 6 8 16 32 64 128 130 133 263 b
1 2 3 6 8 16 32 64 128 130 260 263 b
1 2 3 6 8 16 32 64 128 131 132 263 b
1 2 3 6 8 16 32 64 128 131 262 263 b
1 2 3 6 8 16 32 64 128 134 135 263 b
1 2 3 6 8 16 32 64 128 134 262 263 b
1 2 3 6 8 16 32 64 128 256 257 263 b
1 2 3 6 8 16 32 64 128 256 262 263 b
1 2 3 6 9 15 16 31 62 124 139 263 b
1 2 3 6 9 15 16 31 62 124 248 263 b
1 2 3 6 9 15 30 31 62 124 139 263 b
1 2 3 6 9 15 30 31 62 124 248 263 b
1 2 3 6 9 15 30 32 62 124 139 263 b
1 2 3 6 9 15 30 32 62 124 248 263 b
1 2 3 6 9 15 30 60 62 124 139 263 b
1 2 3 6 9 15 30 60 62 124 248 263 b
1 2 3 6 12 13 25 50 63 100 163 263 a
1 2 3 6 12 13 25 50 63 100 200 263 a
1 2 3 6 12 13 25 50 75 125 138 263 b
1 2 3 6 12 13 25 50 75 125 250 263 b
1 2 3 6 12 13 25 50 100 113 150 263 a
1 2 3 6 12 13 25 50 100 113 163 263 b
1 2 3 6 12 13 25 50 100 113 213 263 b
1 2 3 6 12 13 25 50 100 125 138 263 b
1 2 3 6 12 13 25 50 100 125 250 263 b
1 2 3 6 12 13 25 50 100 150 163 263 b
1 2 3 6 12 13 25 50 100 150 250 263 b
1 2 3 6 12 13 25 50 100 200 213 263 b
1 2 3 6 12 13 25 50 100 200 250 263 b
1 2 3 6 12 13 26 39 65 130 133 263 b
1 2 3 6 12 13 26 39 65 130 260 263 b
1 2 3 6 12 13 26 52 53 105 158 263 b
1 2 3 6 12 13 26 52 53 105 210 263 b
1 2 3 6 12 13 26 52 55 104 159 263 a
1 2 3 6 12 13 26 52 55 104 208 263 a
1 2 3 6 12 13 26 52 65 130 133 263 b
1 2 3 6 12 13 26 52 65 130 260 263 b
1 2 3 6 12 13 26 52 78 130 133 263 b
1 2 3 6 12 13 26 52 78 130 260 263 b
1 2 3 6 12 13 26 52 104 107 156 263 a
1 2 3 6 12 13 26 52 104 107 159 263 b
1 2 3 6 12 13 26 52 104 107 211 263 b
1 2 3 6 12 13 26 52 104 130 133 263 b
1 2 3 6 12 13 26 52 104 130 260 263 b
1 2 3 6 12 13 26 52 104 156 159 263 b
1 2 3 6 12 13 26 52 104 156 260 263 b
1 2 3 6 12 13 26 52 104 208 211 263 b
1 2 3 6 12 13 26 52 104 208 260 263 b
1 2 3 6 12 14 26 52 53 105 158 263 b
1 2 3 6 12 14 26 52 53 105 210 263 b
1 2 3 6 12 14 26 52 55 104 159 263 a
1 2 3 6 12 14 26 52 55 104 208 263 a
1 2 3 6 12 14 26 52 78 130 133 263 b
1 2 3 6 12 14 26 52 78 130 260 263 b
1 2 3 6 12 14 26 52 104 107 156 263 a
1 2 3 6 12 14 26 52 104 107 159 263 b
1 2 3 6 12 14 26 52 104 107 211 263 b
1 2 3 6 12 14 26 52 104 130 133 263 b
1 2 3 6 12 14 26 52 104 130 260 263 b
1 2 3 6 12 14 26 52 104 156 159 263 b
1 2 3 6 12 14 26 52 104 156 260 263 b
1 2 3 6 12 14 26 52 104 208 211 263 b
1 2 3 6 12 14 26 52 104 208 260 263 b
1 2 3 6 12 15 16 31 62 124 139 263 b
1 2 3 6 12 15 16 31 62 124 248 263 b
1 2 3 6 12 15 30 31 62 124 139 263 b
1 2 3 6 12 15 30 31 62 124 248 263 b
1 2 3 6 12 15 30 32 62 124 139 263 b
1 2 3 6 12 15 30 32 62 124 248 263 b
1 2 3 6 12 15 30 60 62 124 139 263 b
1 2 3 6 12 15 30 60 62 124 248 263 b
1 2 3 6 12 24 25 49 55 104 159 263 b
1 2 3 6 12 24 25 49 55 104 208 263 b
1 2 3 6 12 24 26 52 53 105 158 263 b
1 2 3 6 12 24 26 52 53 105 210 263 b
1 2 3 6 12 24 26 52 55 104 159 263 a
1 2 3 6 12 24 26 52 55 104 208 263 a
1 2 3 6 12 24 26 52 78 130 133 263 b
1 2 3 6 12 24 26 52 78 130 260 263 b
1 2 3 6 12 24 26 52 104 107 156 263 a
1 2 3 6 12 24 26 52 104 107 159 263 b
1 2 3 6 12 24 26 52 104 107 211 263 b
1 2 3 6 12 24 26 52 104 130 133 263 b
1 2 3 6 12 24 26 52 104 130 260 263 b
1 2 3 6 12 24 26 52 104 156 159 263 b
1 2 3 6 12 24 26 52 104 156 260 263 b
1 2 3 6 12 24 26 52 104 208 211 263 b
1 2 3 6 12 24 26 52 104 208 260 263 b
1 2 3 6 12 24 27 51 53 106 157 263 b
1 2 3 6 12 24 27 51 53 106 212 263 b
1 2 3 6 12 24 48 49 55 104 159 263 b
1 2 3 6 12 24 48 49 55 104 208 263 b
1 2 3 6 12 24 48 51 53 106 157 263 b
1 2 3 6 12 24 48 51 53 106 212 263 b
1 2 4 5 7 8 16 32 64 128 135 263 b
1 2 4 5 7 8 16 32 64 128 256 263 b
1 2 4 5 7 9 16 32 64 128 135 263 b
1 2 4 5 7 9 16 32 64 128 256 263 b
1 2 4 5 7 11 16 32 64 128 135 263 b
1 2 4 5 7 11 16 32 64 128 256 263 b
1 2 4 5 7 12 16 32 64 128 135 263 b
1 2 4 5 7 12 16 32 64 128 256 263 b
1 2 4 5 7 14 16 32 64 128 135 263 b
1 2 4 5 7 14 16 32 64 128 256 263 b
1 2 4 5 7 14 18 32 64 128 135 263 b
1 2 4 5 7 14 18 32 64 128 256 263 b
1 2 4 5 7 14 28 32 64 128 135 263 b
1 2 4 5 7 14 28 32 64 128 256 263 b
1 2 4 5 8 13 26 52 53 105 158 263 a
1 2 4 5 8 13 26 52 53 105 210 263 a
1 2 4 5 8 16 32 64 65 129 134 263 a
1 2 4 5 8 16 32 64 65 129 258 263 a
1 2 4 5 8 16 32 64 128 129 134 263 a
1 2 4 5 8 16 32 64 128 129 258 263 a
1 2 4 5 8 16 32 64 128 130 133 263 a
1 2 4 5 8 16 32 64 128 130 135 263 a
1 2 4 5 8 16 32 64 128 130 258 263 a
1 2 4 5 8 16 32 64 128 133 135 263 a
1 2 4 5 8 16 32 64 128 133 261 263 a
1 2 4 5 8 16 32 64 128 256 258 263 a
1 2 4 5 8 16 32 64 128 256 261 263 a
1 2 4 5 9 13 22 35 57 114 149 263 b
1 2 4 5 9 13 22 35 57 114 228 263 b
1 2 4 5 9 13 26 52 53 105 158 263 b
1 2 4 5 9 13 26 52 53 105 210 263 b
1 2 4 5 9 14 23 37 60 120 143 263 b
1 2 4 5 9 14 23 37 60 120 240 263 b
1 2 4 5 9 14 23 46 60 120 143 263 b
1 2 4 5 9 14 23 46 60 120 240 263 b
1 2 4 5 9 18 27 31 58 116 147 263 b
1 2 4 5 9 18 27 31 58 116 232 263 b
1 2 4 5 9 18 27 32 59 118 145 263 b
1 2 4 5 9 18 27 32 59 118 236 263 b
1 2 4 5 9 18 27 54 59 118 145 263 b
1 2 4 5 9 18 27 54 59 118 236 263 b
1 2 4 5 10 11 21 42 63 126 137 263 b
1 2 4 5 10 11 21 42 63 126 252 263 b
1 2 4 5 10 11 21 42 84 95 168 263 a
1 2 4 5 10 11 21 42 84 95 179 263 b
1 2 4 5 10 11 21 42 84 126 137 263 b
1 2 4 5 10 11 21 42 84 126 252 263 b
1 2 4 5 10 11 21 42 84 168 179 263 b
1 2 4 5 10 11 21 42 84 168 252 263 b
1 2 4 5 10 15 16 31 62 124 139 263 b
1 2 4 5 10 15 16 31 62 124 248 263 b
1 2 4 5 10 15 30 31 62 124 139 263 b
1 2 4 5 10 15 30 31 62 124 248 263 b
1 2 4 5 10 15 30 32 62 124 139 263 b
1 2 4 5 10 15 30 32 62 124 248 263 b
1 2 4 5 10 15 30 60 62 124 139 263 b
1 2 4 5 10 15 30 60 62 124 248 263 b
1 2 4 5 10 15 30 60 64 124 139 263 b
1 2 4 5 10 15 30 60 64 124 248 263 b
1 2 4 5 10 15 30 60 120 124 139 263 b
1 2 4 5 10 15 30 60 120 124 248 263 b
1 2 4 5 10 20 21 40 61 101 162 263 a
1 2 4 5 10 20 21 40 61 101 202 263 a
1 2 4 5 10 20 40 41 61 101 162 263 b
1 2 4 5 10 20 40 41 61 101 202 263 b
1 2 4 5 10 20 40 41 81 91 172 263 b
1 2 4 5 10 20 40 41 81 91 182 263 b
1 2 4 5 10 20 40 41 81 101 162 263 a
1 2 4 5 10 20 40 41 81 101 182 263 b
1 2 4 5 10 20 40 41 81 162 182 263 b
1 2 4 5 10 20 40 41 81 162 243 263 b
1 2 4 5 10 20 40 45 85 89 174 263 b
1 2 4 5 10 20 40 45 85 89 178 263 b
1 2 4 5 10 20 40 60 61 101 162 263 b
1 2 4 5 10 20 40 60 61 101 202 263 b
1 2 4 5 10 20 40 80 81 91 172 263 b
1 2 4 5 10 20 40 80 81 91 182 263 b
1 2 4 5 10 20 40 80 81 101 162 263 a
1 2 4 5 10 20 40 80 81 101 182 263 b
1 2 4 5 10 20 40 80 81 162 182 263 b
1 2 4 5 10 20 40 80 81 162 243 263 b
1 2 4 5 10 20 40 80 85 89 174 263 b
1 2 4 5 10 20 40 80 85 89 178 263 b
1 2 4 6 7 8 16 32 64 128 135 263 b
1 2 4 6 7 8 16 32 64 128 256 263 b
1 2 4 6 7 9 16 32 64 128 135 263 b
1 2 4 6 7 9 16 32 64 128 256 263 b
1 2 4 6 7 10 16 32 64 128 135 263 a
1 2 4 6 7 10 16 32 64 128 256 263 a
1 2 4 6 7 12 16 32 64 128 135 263 a
1 2 4 6 7 12 16 32 64 128 256 263 a
1 2 4 6 7 13 19 32 64 128 135 263 b
1 2 4 6 7 13 19 32 64 128 256 263 b
1 2 4 6 7 13 26 32 64 128 135 263 b
1 2 4 6 7 13 26 32 64 128 256 263 b
1 2 4 6 7 13 26 52 53 105 158 263 b
1 2 4 6 7 13 26 52 53 105 210 263 b
1 2 4 6 7 14 16 32 64 128 135 263 b
1 2 4 6 7 14 16 32 64 128 256 263 b
1 2 4 6 7 14 18 32 64 128 135 263 b
1 2 4 6 7 14 18 32 64 128 256 263 b
1 2 4 6 7 14 28 32 64 128 135 263 b
1 2 4 6 7 14 28 32 64 128 256 263 b
1 2 4 6 8 16 32 64 128 129 134 263 a
1 2 4 6 8 16 32 64 128 129 135 263 b
1 2 4 6 8 16 32 64 128 129 257 263 b
1 2 4 6 8 16 32 64 128 134 135 263 b
1 2 4 6 8 16 32 64 128 134 262 263 b
1 2 4 6 8 16 32 64 128 256 257 263 b
1 2 4 6 8 16 32 64 128 256 262 263 b
1 2 4 6 10 11 21 42 63 126 137 263 b
1 2 4 6 10 11 21 42 63 126 252 263 b
1 2 4 6 10 11 21 42 84 95 168 263 a
1 2 4 6 10 11 21 42 84 95 179 263 b
1 2 4 6 10 11 21 42 84 126 137 263 b
1 2 4 6 10 11 21 42 84 126 252 263 b
1 2 4 6 10 11 21 42 84 168 179 263 b
1 2 4 6 10 11 21 42 84 168 252 263 b
1 2 4 6 10 16 26 52 53 105 158 263 b
1 2 4 6 10 16 26 52 53 105 210 263 b
1 2 4 6 10 16 32 64 128 129 134 263 a
1 2 4 6 10 16 32 64 128 129 135 263 b
1 2 4 6 10 16 32 64 128 129 257 263 b
1 2 4 6 10 16 32 64 128 134 135 263 b
1 2 4 6 10 16 32 64 128 134 262 263 b
1 2 4 6 10 16 32 64 128 256 257 263 b
1 2 4 6 10 16 32 64 128 256 262 263 b
1 2 4 6 10 20 21 40 61 101 162 263 a
1 2 4 6 10 20 21 40 61 101 202 263 a
1 2 4 6 10 20 26 52 53 105 158 263 b
1 2 4 6 10 20 26 52 53 105 210 263 b
1 2 4 6 10 20 40 41 61 101 162 263 b
1 2 4 6 10 20 40 41 61 101 202 263 b
1 2 4 6 10 20 40 41 81 91 172 263 b
1 2 4 6 10 20 40 41 81 91 182 263 b
1 2 4 6 10 20 40 41 81 101 162 263 a
1 2 4 6 10 20 40 41 81 101 182 263 b
1 2 4 6 10 20 40 41 81 162 182 263 b
1 2 4 6 10 20 40 41 81 162 243 263 b
1 2 4 6 10 20 40 60 61 101 162 263 b
1 2 4 6 10 20 40 60 61 101 202 263 b
1 2 4 6 10 20 40 80 81 91 172 263 b
1 2 4 6 10 20 40 80 81 91 182 263 b
1 2 4 6 10 20 40 80 81 101 162 263 a
1 2 4 6 10 20 40 80 81 101 182 263 b
1 2 4 6 10 20 40 80 81 162 182 263 b
1 2 4 6 10 20 40 80 81 162 243 263 b
1 2 4 6 12 13 25 50 63 100 163 263 a
1 2 4 6 12 13 25 50 63 100 200 263 a
1 2 4 6 12 13 25 50 75 125 138 263 b
1 2 4 6 12 13 25 50 75 125 250 263 b
1 2 4 6 12 13 25 50 100 113 150 263 a
1 2 4 6 12 13 25 50 100 113 163 263 b
1 2 4 6 12 13 25 50 100 113 213 263 b
1 2 4 6 12 13 25 50 100 125 138 263 b
1 2 4 6 12 13 25 50 100 125 250 263 b
1 2 4 6 12 13 25 50 100 150 163 263 b
1 2 4 6 12 13 25 50 100 150 250 263 b
1 2 4 6 12 13 25 50 100 200 213 263 b
1 2 4 6 12 13 25 50 100 200 250 263 b
1 2 4 6 12 13 26 52 53 105 158 263 b
1 2 4 6 12 13 26 52 53 105 210 263 b
1 2 4 6 12 14 26 52 53 105 158 263 b
1 2 4 6 12 14 26 52 53 105 210 263 b
1 2 4 6 12 16 32 64 128 129 134 263 a
1 2 4 6 12 16 32 64 128 129 135 263 b
1 2 4 6 12 16 32 64 128 129 257 263 b
1 2 4 6 12 16 32 64 128 134 135 263 b
1 2 4 6 12 16 32 64 128 134 262 263 b
1 2 4 6 12 16 32 64 128 256 257 263 b
1 2 4 6 12 16 32 64 128 256 262 263 b
1 2 4 6 12 24 25 49 55 104 159 263 b
1 2 4 6 12 24 25 49 55 104 208 263 b
1 2 4 6 12 24 26 52 53 105 158 263 b
1 2 4 6 12 24 26 52 53 105 210 263 b
1 2 4 6 12 24 28 52 53 105 158 263 b
1 2 4 6 12 24 28 52 53 105 210 263 b
1 2 4 6 12 24 48 49 55 104 159 263 b
1 2 4 6 12 24 48 49 55 104 208 263 b
1 2 4 6 12 24 48 52 53 105 158 263 b
1 2 4 6 12 24 48 52 53 105 210 263 b
1 2 4 8 9 13 22 35 57 114 149 263 b
1 2 4 8 9 13 22 35 57 114 228 263 b
1 2 4 8 9 13 26 52 53 105 158 263 b
1 2 4 8 9 13 26 52 53 105 210 263 b
1 2 4 8 9 17 26 52 53 105 158 263 b
1 2 4 8 9 17 26 52 53 105 210 263 b
1 2 4 8 9 17 34 51 53 106 157 263 b
1 2 4 8 9 17 34 51 53 106 212 263 b
1 2 4 8 9 17 34 51 55 106 157 263 b
1 2 4 8 9 17 34 51 55 106 212 263 b
1 2 4 8 9 17 34 51 59 102 161 263 a
1 2 4 8 9 17 34 51 59 102 204 263 a
1 2 4 8 9 17 34 51 85 89 174 263 b
1 2 4 8 9 17 34 51 85 89 178 263 b
1 2 4 8 9 17 34 51 85 93 170 263 a
1 2 4 8 9 17 34 51 85 93 178 263 b
1 2 4 8 9 17 34 51 85 170 178 263 b
1 2 4 8 9 17 34 51 85 170 255 263 b
1 2 4 8 9 17 34 51 102 106 157 263 b
1 2 4 8 9 17 34 51 102 106 212 263 b
1 2 4 8 9 17 34 51 102 110 153 263 a
1 2 4 8 9 17 34 51 102 110 161 263 b
1 2 4 8 9 17 34 51 102 110 212 263 b
1 2 4 8 9 17 34 51 102 153 161 263 b
1 2 4 8 9 17 34 51 102 153 255 263 b
1 2 4 8 9 17 34 51 102 204 212 263 b
1 2 4 8 9 17 34 51 102 204 255 263 b
1 2 4 8 9 17 34 68 85 89 174 263 b
1 2 4 8 9 17 34 68 85 89 178 263 b
1 2 4 8 9 17 34 68 85 93 170 263 a
1 2 4 8 9 17 34 68 85 93 178 263 b
1 2 4 8 9 17 34 68 85 170 178 263 b
1 2 4 8 9 17 34 68 85 170 255 263 b
1 2 4 8 9 18 26 52 53 105 158 263 b
1 2 4 8 9 18 26 52 53 105 210 263 b
1 2 4 8 9 18 27 31 58 116 147 263 b
1 2 4 8 9 18 27 31 58 116 232 263 b
1 2 4 8 10 11 21 42 63 126 137 263 b
1 2 4 8 10 11 21 42 63 126 252 263 b
1 2 4 8 10 11 21 42 84 95 168 263 a
1 2 4 8 10 11 21 42 84 95 179 263 b
1 2 4 8 10 11 21 42 84 126 137 263 b
1 2 4 8 10 11 21 42 84 126 252 263 b
1 2 4 8 10 11 21 42 84 168 179 263 b
1 2 4 8 10 11 21 42 84 168 252 263 b
1 2 4 8 10 16 26 52 53 105 158 263 a
1 2 4 8 10 16 26 52 53 105 210 263 a
1 2 4 8 10 18 26 52 53 105 158 263 b
1 2 4 8 10 18 26 52 53 105 210 263 b
1 2 4 8 10 20 21 40 61 101 162 263 a
1 2 4 8 10 20 21 40 61 101 202 263 a
1 2 4 8 10 20 40 41 61 101 162 263 b
1 2 4 8 10 20 40 41 61 101 202 263 b
1 2 4 8 10 20 40 41 81 91 172 263 b
1 2 4 8 10 20 40 41 81 91 182 263 b
1 2 4 8 10 20 40 41 81 101 162 263 a
1 2 4 8 10 20 40 41 81 101 182 263 b
1 2 4 8 10 20 40 41 81 162 182 263 b
1 2 4 8 10 20 40 41 81 162 243 263 b
1 2 4 8 10 20 40 60 61 101 162 263 b
1 2 4 8 10 20 40 60 61 101 202 263 b
1 2 4 8 10 20 40 80 81 91 172 263 b
1 2 4 8 10 20 40 80 81 91 182 263 b
1 2 4 8 10 20 40 80 81 101 162 263 a
1 2 4 8 10 20 40 80 81 101 182 263 b
1 2 4 8 10 20 40 80 81 162 182 263 b
1 2 4 8 10 20 40 80 81 162 243 263 b
1 2 4 8 12 13 25 50 63 100 163 263 a
1 2 4 8 12 13 25 50 63 100 200 263 a
1 2 4 8 12 13 25 50 75 125 138 263 b
1 2 4 8 12 13 25 50 75 125 250 263 b
1 2 4 8 12 13 25 50 100 113 150 263 a
1 2 4 8 12 13 25 50 100 113 163 263 b
1 2 4 8 12 13 25 50 100 113 213 263 b
1 2 4 8 12 13 25 50 100 125 138 263 b
1 2 4 8 12 13 25 50 100 125 250 263 b
1 2 4 8 12 13 25 50 100 150 163 263 b
1 2 4 8 12 13 25 50 100 150 250 263 b
1 2 4 8 12 13 25 50 100 200 213 263 b
1 2 4 8 12 13 25 50 100 200 250 263 b
1 2 4 8 12 13 26 52 53 105 158 263 b
1 2 4 8 12 13 26 52 53 105 210 263 b
1 2 4 8 12 14 26 52 53 105 158 263 b
1 2 4 8 12 14 26 52 53 105 210 263 b
1 2 4 8 12 20 21 40 61 101 162 263 a
1 2 4 8 12 20 21 40 61 101 202 263 a
1 2 4 8 12 20 32 52 53 105 158 263 b
1 2 4 8 12 20 32 52 53 105 210 263 b
1 2 4 8 12 20 40 41 61 101 162 263 b
1 2 4 8 12 20 40 41 61 101 202 263 b
1 2 4 8 12 20 40 41 81 101 162 263 a
1 2 4 8 12 20 40 41 81 101 182 263 b
1 2 4 8 12 20 40 41 81 162 182 263 b
1 2 4 8 12 20 40 41 81 162 243 263 b
1 2 4 8 12 20 40 52 53 105 158 263 b
1 2 4 8 12 20 40 52 53 105 210 263 b
1 2 4 8 12 20 40 60 61 101 162 263 b
1 2 4 8 12 20 40 60 61 101 202 263 b
1 2 4 8 12 20 40 80 81 101 162 263 a
1 2 4 8 12 20 40 80 81 101 182 263 b
1 2 4 8 12 20 40 80 81 162 182 263 b
1 2 4 8 12 20 40 80 81 162 243 263 b
1 2 4 8 12 24 26 52 53 105 158 263 b
1 2 4 8 12 24 26 52 53 105 210 263 b
1 2 4 8 12 24 28 52 53 105 158 263 b
1 2 4 8 12 24 28 52 53 105 210 263 b
1 2 4 8 12 24 48 52 53 105 158 263 b
1 2 4 8 12 24 48 52 53 105 210 263 b
1 2 4 8 16 17 24 41 82 99 164 263 a
1 2 4 8 16 17 24 41 82 99 181 263 a
1 2 4 8 16 17 24 41 82 123 140 263 a
1 2 4 8 16 17 24 41 82 123 246 263 a
1 2 4 8 16 17 24 41 82 164 181 263 a
1 2 4 8 16 17 24 41 82 164 246 263 a
1 2 4 8 16 17 25 41 82 99 164 263 a
1 2 4 8 16 17 25 41 82 99 181 263 b
1 2 4 8 16 17 25 41 82 123 140 263 b
1 2 4 8 16 17 25 41 82 123 246 263 b
1 2 4 8 16 17 25 41 82 164 181 263 b
1 2 4 8 16 17 25 41 82 164 246 263 b
1 2 4 8 16 17 33 41 74 115 148 263 b
1 2 4 8 16 17 33 41 74 115 189 263 b
1 2 4 8 16 17 33 41 74 115 230 263 b
1 2 4 8 16 17 33 41 74 148 189 263 b
1 2 4 8 16 17 33 41 74 148 222 263 b
1 2 4 8 16 17 33 41 82 99 164 263 a
1 2 4 8 16 17 33 41 82 99 181 263 b
1 2 4 8 16 17 33 41 82 115 148 263 b
1 2 4 8 16 17 33 41 82 115 230 263 b
1 2 4 8 16 17 33 41 82 123 140 263 b
1 2 4 8 16 17 33 41 82 123 246 263 b
1 2 4 8 16 17 33 41 82 164 181 263 b
1 2 4 8 16 17 33 41 82 164 246 263 b
1 2 4 8 16 17 33 49 66 115 148 263 b
1 2 4 8 16 17 33 49 66 115 230 263 b
1 2 4 8 16 17 33 49 82 99 164 263 a
1 2 4 8 16 17 33 49 82 99 181 263 b
1 2 4 8 16 17 33 49 82 115 148 263 b
1 2 4 8 16 17 33 49 82 115 230 263 b
1 2 4 8 16 17 33 49 82 131 132 263 b
1 2 4 8 16 17 33 49 82 131 262 263 b
1 2 4 8 16 17 33 49 82 164 181 263 b
1 2 4 8 16 17 33 49 82 164 246 263 b
1 2 4 8 16 17 33 49 98 115 148 263 b
1 2 4 8 16 17 33 49 98 115 230 263 b
1 2 4 8 16 17 33 49 98 131 132 263 b
1 2 4 8 16 17 33 49 98 131 262 263 b
1 2 4 8 16 17 33 66 82 99 164 263 a
1 2 4 8 16 17 33 66 82 99 181 263 b
1 2 4 8 16 17 33 66 82 115 148 263 b
1 2 4 8 16 17 33 66 82 115 181 263 b
1 2 4 8 16 17 33 66 82 115 197 263 b
1 2 4 8 16 17 33 66 82 115 230 263 b
1 2 4 8 16 17 33 66 82 148 181 263 b
1 2 4 8 16 17 33 66 82 148 230 263 b
1 2 4 8 16 17 33 66 82 164 181 263 b
1 2 4 8 16 17 33 66 82 164 197 263 b
1 2 4 8 16 17 33 66 82 164 230 263 b
1 2 4 8 16 17 33 66 82 164 246 263 b
1 2 4 8 16 17 33 66 99 115 148 263 b
1 2 4 8 16 17 33 66 99 115 230 263 b
1 2 4 8 16 17 34 51 53 106 157 263 b
1 2 4 8 16 17 34 51 53 106 212 263 b
1 2 4 8 16 17 34 51 55 106 157 263 b
1 2 4 8 16 17 34 51 55 106 212 263 b
1 2 4 8 16 17 34 51 59 102 161 263 a
1 2 4 8 16 17 34 51 59 102 204 263 a
1 2 4 8 16 17 34 51 85 89 174 263 b
1 2 4 8 16 17 34 51 85 89 178 263 b
1 2 4 8 16 17 34 51 85 93 170 263 a
1 2 4 8 16 17 34 51 85 93 178 263 b
1 2 4 8 16 17 34 51 85 170 178 263 b
1 2 4 8 16 17 34 51 85 170 255 263 b
1 2 4 8 16 17 34 51 102 106 157 263 b
1 2 4 8 16 17 34 51 102 106 212 263 b
1 2 4 8 16 17 34 51 102 110 153 263 a
1 2 4 8 16 17 34 51 102 110 161 263 b
1 2 4 8 16 17 34 51 102 110 212 263 b
1 2 4 8 16 17 34 51 102 153 161 263 b
1 2 4 8 16 17 34 51 102 153 255 263 b
1 2 4 8 16 17 34 51 102 204 212 263 b
1 2 4 8 16 17 34 51 102 204 255 263 b
1 2 4 8 16 17 34 68 85 89 174 263 b
1 2 4 8 16 17 34 68 85 89 178 263 b
1 2 4 8 16 17 34 68 85 93 170 263 a
1 2 4 8 16 17 34 68 85 93 178 263 b
1 2 4 8 16 17 34 68 85 170 178 263 b
1 2 4 8 16 17 34 68 85 170 255 263 b
1 2 4 8 16 18 26 52 53 105 158 263 b
1 2 4 8 16 18 26 52 53 105 210 263 b
1 2 4 8 16 18 34 52 53 105 158 263 b
1 2 4 8 16 18 34 52 53 105 210 263 b
1 2 4 8 16 18 36 52 53 105 158 263 b
1 2 4 8 16 18 36 52 53 105 210 263 b
1 2 4 8 16 20 21 40 61 101 162 263 a
1 2 4 8 16 20 21 40 61 101 202 263 a
1 2 4 8 16 20 32 52 53 105 158 263 a
1 2 4 8 16 20 32 52 53 105 210 263 a
1 2 4 8 16 20 36 52 53 105 158 263 b
1 2 4 8 16 20 36 52 53 105 210 263 b
1 2 4 8 16 20 40 41 61 101 162 263 b
1 2 4 8 16 20 40 41 61 101 202 263 b
1 2 4 8 16 20 40 41 81 101 162 263 a
1 2 4 8 16 20 40 41 81 101 182 263 b
1 2 4 8 16 20 40 41 81 162 182 263 b
1 2 4 8 16 20 40 41 81 162 243 263 b
1 2 4 8 16 20 40 60 61 101 162 263 b
1 2 4 8 16 20 40 60 61 101 202 263 b
1 2 4 8 16 20 40 80 81 101 162 263 a
1 2 4 8 16 20 40 80 81 101 182 263 b
1 2 4 8 16 20 40 80 81 162 182 263 b
1 2 4 8 16 20 40 80 81 162 243 263 b
1 2 4 8 16 24 26 52 53 105 158 263 b
1 2 4 8 16 24 26 52 53 105 210 263 b
1 2 4 8 16 24 28 52 53 105 158 263 b
1 2 4 8 16 24 28 52 53 105 210 263 b
1 2 4 8 16 24 48 52 53 105 158 263 b
1 2 4 8 16 24 48 52 53 105 210 263 b
1 2 4 8 16 32 33 34 65 99 164 263 a
1 2 4 8 16 32 33 34 65 99 198 263 a
1 2 4 8 16 32 33 41 74 115 148 263 b
1 2 4 8 16 32 33 41 74 115 189 263 b
1 2 4 8 16 32 33 41 74 115 230 263 b
1 2 4 8 16 32 33 41 74 148 189 263 b
1 2 4 8 16 32 33 41 74 148 222 263 b
1 2 4 8 16 32 33 41 82 115 148 263 b
1 2 4 8 16 32 33 41 82 115 230 263 b
1 2 4 8 16 32 33 49 66 115 148 263 a
1 2 4 8 16 32 33 49 66 115 230 263 a
1 2 4 8 16 32 33 49 82 115 148 263 b
1 2 4 8 16 32 33 49 82 115 230 263 b
1 2 4 8 16 32 33 49 82 131 132 263 b
1 2 4 8 16 32 33 49 82 131 262 263 b
1 2 4 8 16 32 33 49 98 131 132 263 b
1 2 4 8 16 32 33 49 98 131 262 263 b
1 2 4 8 16 32 33 65 66 99 164 263 b
1 2 4 8 16 32 33 65 66 99 198 263 b
1 2 4 8 16 32 33 65 66 131 132 263 b
1 2 4 8 16 32 33 65 66 131 197 263 b
1 2 4 8 16 32 33 65 66 131 262 263 b
1 2 4 8 16 32 33 65 66 132 197 263 b
1 2 4 8 16 32 33 65 66 132 198 263 b
1 2 4 8 16 32 33 65 67 98 165 263 a
1 2 4 8 16 32 33 65 67 98 196 263 a
1 2 4 8 16 32 33 65 67 99 164 263 b
1 2 4 8 16 32 33 65 67 99 198 263 b
1 2 4 8 16 32 33 65 69 97 166 263 a
1 2 4 8 16 32 33 65 69 97 194 263 a
1 2 4 8 16 32 33 65 97 99 164 263 b
1 2 4 8 16 32 33 65 97 99 198 263 b
1 2 4 8 16 32 33 65 97 101 162 263 a
1 2 4 8 16 32 33 65 97 101 166 263 b
1 2 4 8 16 32 33 65 97 101 198 263 b
1 2 4 8 16 32 33 65 97 162 166 263 b
1 2 4 8 16 32 33 65 97 162 259 263 b
1 2 4 8 16 32 33 65 97 194 198 263 b
1 2 4 8 16 32 33 65 97 194 259 263 b
1 2 4 8 16 32 33 65 98 99 164 263 b
1 2 4 8 16 32 33 65 98 99 198 263 b
1 2 4 8 16 32 33 65 98 100 163 263 a
1 2 4 8 16 32 33 65 98 100 165 263 b
1 2 4 8 16 32 33 65 98 100 198 263 b
1 2 4 8 16 32 33 65 98 131 132 263 b
1 2 4 8 16 32 33 65 98 131 262 263 b
1 2 4 8 16 32 33 65 98 163 165 263 b
1 2 4 8 16 32 33 65 98 163 261 263 b
1 2 4 8 16 32 33 65 98 196 198 263 b
1 2 4 8 16 32 33 65 98 196 261 263 b
1 2 4 8 16 32 33 65 130 131 132 263 b
1 2 4 8 16 32 33 65 130 131 133 263 b
1 2 4 8 16 32 33 65 130 131 261 263 b
1 2 4 8 16 32 33 65 130 131 262 263 b
1 2 4 8 16 32 33 65 130 132 133 263 b
1 2 4 8 16 32 33 65 130 132 262 263 b
1 2 4 8 16 32 33 65 130 260 261 263 b
1 2 4 8 16 32 33 65 130 260 262 263 b
1 2 4 8 16 32 33 66 67 98 165 263 a
1 2 4 8 16 32 33 66 67 98 196 263 a
1 2 4 8 16 32 33 66 82 99 164 263 a
1 2 4 8 16 32 33 66 82 99 181 263 a
1 2 4 8 16 32 33 66 82 115 148 263 b
1 2 4 8 16 32 33 66 82 115 181 263 b
1 2 4 8 16 32 33 66 82 115 197 263 b
1 2 4 8 16 32 33 66 82 115 230 263 b
1 2 4 8 16 32 33 66 82 148 181 263 b
1 2 4 8 16 32 33 66 82 148 230 263 b
1 2 4 8 16 32 33 66 82 164 197 263 b
1 2 4 8 16 32 33 66 82 164 230 263 b
1 2 4 8 16 32 33 66 98 99 164 263 a
1 2 4 8 16 32 33 66 98 99 165 263 b
1 2 4 8 16 32 33 66 98 99 197 263 b
1 2 4 8 16 32 33 66 98 131 132 263 b
1 2 4 8 16 32 33 66 98 131 197 263 b
1 2 4 8 16 32 33 66 98 131 262 263 b
1 2 4 8 16 32 33 66 98 132 165 263 a
1 2 4 8 16 32 33 66 98 132 230 263 a
1 2 4 8 16 32 33 66 98 164 165 263 b
1 2 4 8 16 32 33 66 98 164 197 263 b
1 2 4 8 16 32 33 66 98 164 230 263 b
1 2 4 8 16 32 33 66 98 164 262 263 b
1 2 4 8 16 32 33 66 98 196 197 263 b
1 2 4 8 16 32 33 66 98 196 262 263 b
1 2 4 8 16 32 33 66 99 115 148 263 b
1 2 4 8 16 32 33 66 99 115 230 263 b
1 2 4 8 16 32 33 66 99 131 132 263 b
1 2 4 8 16 32 33 66 99 131 164 263 b
1 2 4 8 16 32 33 66 99 131 197 263 b
1 2 4 8 16 32 33 66 99 131 230 263 b
1 2 4 8 16 32 33 66 99 131 262 263 b
1 2 4 8 16 32 33 66 99 132 164 263 b
1 2 4 8 16 32 33 66 99 132 231 263 b
1 2 4 8 16 32 33 66 99 165 197 263 b
1 2 4 8 16 32 33 66 99 165 231 263 b
1 2 4 8 16 32 33 66 99 198 230 263 b
1 2 4 8 16 32 33 66 99 198 231 263 b
1 2 4 8 16 32 33 66 132 164 197 263 b
1 2 4 8 16 32 33 66 132 164 230 263 b
1 2 4 8 16 32 33 66 132 165 197 263 b
1 2 4 8 16 32 33 66 132 165 231 263 b
1 2 4 8 16 32 33 66 132 198 230 263 b
1 2 4 8 16 32 33 66 132 198 231 263 b
1 2 4 8 16 32 34 64 65 99 164 263 a
1 2 4 8 16 32 34 64 65 99 198 263 a
1 2 4 8 16 32 34 66 67 98 165 263 a
1 2 4 8 16 32 34 66 67 98 196 263 a
1 2 4 8 16 32 34 66 98 99 164 263 a
1 2 4 8 16 32 34 66 98 99 165 263 b
1 2 4 8 16 32 34 66 98 99 197 263 b
1 2 4 8 16 32 34 66 98 164 165 263 b
1 2 4 8 16 32 34 66 98 164 262 263 b
1 2 4 8 16 32 34 66 98 196 197 263 b
1 2 4 8 16 32 34 66 98 196 262 263 b
1 2 4 8 16 32 36 52 53 105 158 263 b
1 2 4 8 16 32 36 52 53 105 210 263 b
1 2 4 8 16 32 48 52 53 105 158 263 b
1 2 4 8 16 32 48 52 53 105 210 263 b
1 2 4 8 16 32 64 65 66 131 132 263 b
1 2 4 8 16 32 64 65 66 131 197 263 b
1 2 4 8 16 32 64 65 66 131 262 263 b
1 2 4 8 16 32 64 65 66 132 197 263 b
1 2 4 8 16 32 64 65 66 132 198 263 b
1 2 4 8 16 32 64 65 67 99 164 263 b
1 2 4 8 16 32 64 65 67 99 198 263 b
1 2 4 8 16 32 64 65 67 129 134 263 a
1 2 4 8 16 32 64 65 67 129 196 263 a
1 2 4 8 16 32 64 65 67 131 132 263 b
1 2 4 8 16 32 64 65 67 131 196 263 b
1 2 4 8 16 32 64 65 67 131 198 263 b
1 2 4 8 16 32 64 65 67 131 262 263 b
1 2 4 8 16 32 64 65 67 132 196 263 b
1 2 4 8 16 32 64 65 67 132 199 263 b
1 2 4 8 16 32 64 65 67 134 198 263 b
1 2 4 8 16 32 64 65 67 134 199 263 b
1 2 4 8 16 32 64 65 68 130 133 263 a
1 2 4 8 16 32 64 65 68 130 195 263 a
1 2 4 8 16 32 64 65 68 130 198 263 a
1 2 4 8 16 32 64 65 68 133 198 263 a
1 2 4 8 16 32 64 65 69 97 166 263 a
1 2 4 8 16 32 64 65 69 97 194 263 a
1 2 4 8 16 32 64 65 69 129 134 263 a
1 2 4 8 16 32 64 65 69 129 194 263 a
1 2 4 8 16 32 64 65 69 129 198 263 a
1 2 4 8 16 32 64 65 69 130 133 263 a
1 2 4 8 16 32 64 65 69 130 194 263 a
1 2 4 8 16 32 64 65 69 130 199 263 a
1 2 4 8 16 32 64 65 69 133 198 263 b
1 2 4 8 16 32 64 65 69 134 198 263 b
1 2 4 8 16 32 64 65 69 134 199 263 b
1 2 4 8 16 32 64 65 97 99 164 263 b
1 2 4 8 16 32 64 65 97 99 198 263 b
1 2 4 8 16 32 64 65 97 101 162 263 a
1 2 4 8 16 32 64 65 97 101 166 263 b
1 2 4 8 16 32 64 65 97 101 198 263 b
1 2 4 8 16 32 64 65 97 162 166 263 b
1 2 4 8 16 32 64 65 97 162 259 263 b
1 2 4 8 16 32 64 65 97 194 198 263 b
1 2 4 8 16 32 64 65 97 194 259 263 b
1 2 4 8 16 32 64 65 129 130 133 263 a
1 2 4 8 16 32 64 65 129 130 134 263 b
1 2 4 8 16 32 64 65 129 130 259 263 b
1 2 4 8 16 32 64 65 129 131 132 263 b
1 2 4 8 16 32 64 65 129 131 262 263 b
1 2 4 8 16 32 64 65 129 133 134 263 b
1 2 4 8 16 32 64 65 129 133 198 263 b
1 2 4 8 16 32 64 65 129 133 262 263 b
1 2 4 8 16 32 64 65 129 194 198 263 b
1 2 4 8 16 32 64 65 129 194 259 263 b
1 2 4 8 16 32 64 65 129 258 259 263 b
1 2 4 8 16 32 64 65 129 258 262 263 b
1 2 4 8 16 32 64 65 130 131 132 263 b
1 2 4 8 16 32 64 65 130 131 133 263 b
1 2 4 8 16 32 64 65 130 131 261 263 b
1 2 4 8 16 32 64 65 130 131 262 263 b
1 2 4 8 16 32 64 65 130 132 133 263 b
1 2 4 8 16 32 64 65 130 132 262 263 b
1 2 4 8 16 32 64 65 130 134 198 263 b
1 2 4 8 16 32 64 65 130 134 199 263 b
1 2 4 8 16 32 64 65 130 194 198 263 b
1 2 4 8 16 32 64 65 130 194 259 263 b
1 2 4 8 16 32 64 65 130 195 199 263 b
1 2 4 8 16 32 64 65 130 195 259 263 b
1 2 4 8 16 32 64 65 130 260 261 263 b
1 2 4 8 16 32 64 65 130 260 262 263 b
1 2 4 8 16 32 64 66 67 98 165 263 a
1 2 4 8 16 32 64 66 67 98 196 263 a
1 2 4 8 16 32 64 66 67 130 133 263 a
1 2 4 8 16 32 64 66 67 130 196 263 a
1 2 4 8 16 32 64 66 67 130 197 263 a
1 2 4 8 16 32 64 66 67 131 132 263 b
1 2 4 8 16 32 64 66 67 131 197 263 b
1 2 4 8 16 32 64 66 67 131 262 263 b
1 2 4 8 16 32 64 66 67 132 196 263 a
1 2 4 8 16 32 64 66 67 132 199 263 a
1 2 4 8 16 32 64 66 67 133 197 263 b
1 2 4 8 16 32 64 66 67 133 199 263 b
1 2 4 8 16 32 64 66 98 99 164 263 a
1 2 4 8 16 32 64 66 98 99 165 263 b
1 2 4 8 16 32 64 66 98 99 197 263 b
1 2 4 8 16 32 64 66 98 164 165 263 b
1 2 4 8 16 32 64 66 98 164 262 263 b
1 2 4 8 16 32 64 66 98 196 197 263 b
1 2 4 8 16 32 64 66 98 196 262 263 b
1 2 4 8 16 32 64 66 130 131 132 263 b
1 2 4 8 16 32 64 66 130 131 133 263 b
1 2 4 8 16 32 64 66 130 131 197 263 b
1 2 4 8 16 32 64 66 130 131 261 263 b
1 2 4 8 16 32 64 66 130 131 262 263 b
1 2 4 8 16 32 64 66 130 132 133 263 b
1 2 4 8 16 32 64 66 130 132 262 263 b
1 2 4 8 16 32 64 66 130 196 197 263 b
1 2 4 8 16 32 64 66 130 196 262 263 b
1 2 4 8 16 32 64 66 130 260 261 263 b
1 2 4 8 16 32 64 66 130 260 262 263 b
1 2 4 8 16 32 64 66 132 133 197 263 b
1 2 4 8 16 32 64 66 132 133 199 263 b
1 2 4 8 16 32 64 66 132 196 197 263 b
1 2 4 8 16 32 64 66 132 196 262 263 b
1 2 4 8 16 32 64 66 132 198 199 263 b
1 2 4 8 16 32 64 66 132 198 262 263 b
1 2 4 8 16 32 64 128 129 130 133 263 a
1 2 4 8 16 32 64 128 129 130 134 263 b
1 2 4 8 16 32 64 128 129 130 259 263 b
1 2 4 8 16 32 64 128 129 131 132 263 b
1 2 4 8 16 32 64 128 129 131 135 263 b
1 2 4 8 16 32 64 128 129 131 259 263 b
1 2 4 8 16 32 64 128 129 131 262 263 b
1 2 4 8 16 32 64 128 129 132 134 263 a
1 2 4 8 16 32 64 128 129 132 261 263 a
1 2 4 8 16 32 64 128 129 133 134 263 b
1 2 4 8 16 32 64 128 129 133 135 263 b
1 2 4 8 16 32 64 128 129 133 261 263 b
1 2 4 8 16 32 64 128 129 133 262 263 b
1 2 4 8 16 32 64 128 129 257 259 263 b
1 2 4 8 16 32 64 128 129 257 261 263 b
1 2 4 8 16 32 64 128 129 258 259 263 b
1 2 4 8 16 32 64 128 129 258 262 263 b
1 2 4 8 16 32 64 128 130 131 132 263 b
1 2 4 8 16 32 64 128 130 131 133 263 b
1 2 4 8 16 32 64 128 130 131 135 263 b
1 2 4 8 16 32 64 128 130 131 259 263 b
1 2 4 8 16 32 64 128 130 131 261 263 b
1 2 4 8 16 32 64 128 130 131 262 263 b
1 2 4 8 16 32 64 128 130 132 133 263 b
1 2 4 8 16 32 64 128 130 132 262 263 b
1 2 4 8 16 32 64 128 130 134 135 263 b
1 2 4 8 16 32 64 128 130 134 262 263 b
1 2 4 8 16 32 64 128 130 258 259 263 b
1 2 4 8 16 32 64 128 130 258 262 263 b
1 2 4 8 16 32 64 128 130 260 261 263 b
1 2 4 8 16 32 64 128 130 260 262 263 b
1 2 4 8 16 32 64 128 132 133 135 263 b
1 2 4 8 16 32 64 128 132 133 261 263 b
1 2 4 8 16 32 64 128 132 134 135 263 b
1 2 4 8 16 32 64 128 132 134 262 263 b
1 2 4 8 16 32 64 128 132 260 261 263 b
1 2 4 8 16 32 64 128 132 260 262 263 b
1 2 4 8 16 32 64 128 256 257 259 263 b
1 2 4 8 16 32 64 128 256 257 261 263 b
1 2 4 8 16 32 64 128 256 258 259 263 b
1 2 4 8 16 32 64 128 256 258 262 263 b
1 2 4 8 16 32 64 128 256 260 261 263 b
1 2 4 8 16 32 64 128 256 260 262 263 b
