1 2 3 4 8 16 32 35 67 134 135 269 b
1 2 3 4 8 16 32 35 67 134 268 269 b
1 2 3 4 8 16 32 64 67 134 135 269 b
1 2 3 4 8 16 32 64 67 134 268 269 b
1 2 3 5 6 11 22 33 66 132 137 269 b
1 2 3 5 6 11 22 33 66 132 264 269 b
1 2 3 5 6 11 22 44 66 132 137 269 b
1 2 3 5 6 11 22 44 66 132 264 269 b
1 2 3 5 6 11 22 44 88 93 176 269 a
1 2 3 5 6 11 22 44 88 93 181 269 b
1 2 3 5 6 11 22 44 88 132 137 269 b
1 2 3 5 6 11 22 44 88 132 264 269 b
1 2 3 5 6 11 22 44 88 176 181 269 b
1 2 3 5 6 11 22 44 88 176 264 269 b
1 2 3 5 7 14 19 33 66 132 137 269 b
1 2 3 5 7 14 19 33 66 132 264 269 b
1 2 3 5 7 14 28 33 66 132 137 269 b
1 2 3 5 7 14 28 33 66 132 264 269 b
1 2 3 5 8 11 22 33 66 132 137 269 b
1 2 3 5 8 11 22 33 66 132 264 269 b
1 2 3 5 8 11 22 44 66 132 137 269 b
1 2 3 5 8 11 22 44 66 132 264 269 b
1 2 3 5 8 11 22 44 88 93 176 269 a
1 2 3 5 8 11 22 44 88 93 181 269 b
1 2 3 5 8 11 22 44 88 132 137 269 b
1 2 3 5 8 11 22 44 88 132 264 269 b
1 2 3 5 8 11 22 44 88 176 181 269 b
1 2 3 5 8 11 22 44 88 176 264 269 b
1 2 3 5 8 13 16 32 64 128 141 269 b
1 2 3 5 8 13 16 32 64 128 256 269 b
1 2 3 5 8 13 26 52 55 107 162 269 b
1 2 3 5 8 13 26 52 55 107 214 269 b
1 2 3 5 8 16 17 33 66 132 137 269 b
1 2 3 5 8 16 17 33 66 132 264 269 b
1 2 3 5 8 16 21 37 58 116 153 269 b
1 2 3 5 8 16 21 37 58 116 232 269 b
1 2 3 5 8 16 32 33 66 132 137 269 b
1 2 3 5 8 16 32 33 66 132 264 269 b
1 2 3 5 8 16 32 34 66 132 137 269 b
1 2 3 5 8 16 32 34 66 132 264 269 b
1 2 3 5 8 16 32 35 67 134 135 269 b
1 2 3 5 8 16 32 35 67 134 268 269 b
1 2 3 5 8 16 32 64 66 132 137 269 b
1 2 3 5 8 16 32 64 66 132 264 269 b
1 2 3 5 8 16 32 64 67 134 135 269 b
1 2 3 5 8 16 32 64 67 134 268 269 b
1 2 3 5 8 16 32 64 69 133 136 269 b
1 2 3 5 8 16 32 64 69 133 266 269 b
1 2 3 5 8 16 32 64 128 133 136 269 b
1 2 3 5 8 16 32 64 128 133 141 269 b
1 2 3 5 8 16 32 64 128 133 261 269 b
1 2 3 5 8 16 32 64 128 133 266 269 b
1 2 3 5 8 16 32 64 128 136 141 269 b
1 2 3 5 8 16 32 64 128 136 264 269 b
1 2 3 5 8 16 32 64 128 256 261 269 b
1 2 3 5 8 16 32 64 128 256 264 269 b
1 2 3 5 10 11 21 31 62 124 145 269 b
1 2 3 5 10 11 21 31 62 124 248 269 b
1 2 3 5 10 11 22 33 66 132 137 269 b
1 2 3 5 10 11 22 33 66 132 264 269 b
1 2 3 5 10 11 22 44 66 132 137 269 b
1 2 3 5 10 11 22 44 66 132 264 269 b
1 2 3 5 10 11 22 44 88 93 176 269 a
1 2 3 5 10 11 22 44 88 93 181 269 b
1 2 3 5 10 11 22 44 88 132 137 269 b
1 2 3 5 10 11 22 44 88 132 264 269 b
1 2 3 5 10 11 22 44 88 176 181 269 b
1 2 3 5 10 11 22 44 88 176 264 269 b
1 2 3 5 10 12 22 44 66 132 137 269 b
1 2 3 5 10 12 22 44 66 132 264 269 b
1 2 3 5 10 12 22 44 88 93 176 269 a
1 2 3 5 10 12 22 44 88 93 181 269 b
1 2 3 5 10 12 22 44 88 132 137 269 b
1 2 3 5 10 12 22 44 88 132 264 269 b
1 2 3 5 10 12 22 44 88 176 181 269 b
1 2 3 5 10 12 22 44 88 176 264 269 b
1 2 3 5 10 13 16 32 64 128 141 269 b
1 2 3 5 10 13 16 32 64 128 256 269 b
1 2 3 5 10 13 20 33 66 132 137 269 a
1 2 3 5 10 13 20 33 66 132 264 269 a
1 2 3 5 10 13 23 33 66 132 137 269 b
1 2 3 5 10 13 23 33 66 132 264 269 b
1 2 3 5 10 13 23 46 59 105 164 269 b
1 2 3 5 10 13 23 46 59 105 210 269 b
1 2 3 5 10 13 26 52 55 107 162 269 b
1 2 3 5 10 13 26 52 55 107 214 269 b
1 2 3 5 10 15 18 33 66 132 137 269 b
1 2 3 5 10 15 18 33 66 132 264 269 b
1 2 3 5 10 15 30 33 66 132 137 269 b
1 2 3 5 10 15 30 33 66 132 264 269 b
1 2 3 5 10 20 21 31 62 124 145 269 b
1 2 3 5 10 20 21 31 62 124 248 269 b
1 2 3 5 10 20 21 41 62 124 145 269 b
1 2 3 5 10 20 21 41 62 124 248 269 b
1 2 3 5 10 20 21 42 62 124 145 269 b
1 2 3 5 10 20 21 42 62 124 248 269 b
1 2 3 5 10 20 22 44 66 132 137 269 b
1 2 3 5 10 20 22 44 66 132 264 269 b
1 2 3 5 10 20 22 44 88 93 176 269 a
1 2 3 5 10 20 22 44 88 93 181 269 b
1 2 3 5 10 20 22 44 88 132 137 269 b
1 2 3 5 10 20 22 44 88 132 264 269 b
1 2 3 5 10 20 22 44 88 176 181 269 b
1 2 3 5 10 20 22 44 88 176 264 269 b
1 2 3 5 10 20 23 33 66 132 137 269 b
1 2 3 5 10 20 23 33 66 132 264 269 b
1 2 3 5 10 20 23 40 63 103 166 269 a
1 2 3 5 10 20 23 40 63 103 206 269 a
1 2 3 5 10 20 23 43 66 132 137 269 b
1 2 3 5 10 20 23 43 66 132 264 269 b
1 2 3 5 10 20 23 46 66 132 137 269 b
1 2 3 5 10 20 23 46 66 132 264 269 b
1 2 3 5 10 20 30 33 66 132 137 269 b
1 2 3 5 10 20 30 33 66 132 264 269 b
1 2 3 5 10 20 40 43 63 103 166 269 b
1 2 3 5 10 20 40 43 63 103 206 269 b
1 2 3 5 10 20 40 43 83 93 176 269 b
1 2 3 5 10 20 40 43 83 93 186 269 b
1 2 3 5 10 20 40 43 83 103 166 269 a
1 2 3 5 10 20 40 43 83 103 186 269 b
1 2 3 5 10 20 40 43 83 166 186 269 b
1 2 3 5 10 20 40 43 83 166 249 269 b
1 2 3 5 10 20 40 60 63 103 166 269 b
1 2 3 5 10 20 40 60 63 103 206 269 b
1 2 3 5 10 20 40 80 83 93 176 269 b
1 2 3 5 10 20 40 80 83 93 186 269 b
1 2 3 5 10 20 40 80 83 103 166 269 a
1 2 3 5 10 20 40 80 83 103 186 269 b
1 2 3 5 10 20 40 80 83 166 186 269 b
1 2 3 5 10 20 40 80 83 166 249 269 b
1 2 3 6 7 13 16 32 64 128 141 269 b
1 2 3 6 7 13 16 32 64 128 256 269 b
1 2 3 6 7 13 19 32 64 128 141 269 b
1 2 3 6 7 13 19 32 64 128 256 269 b
1 2 3 6 7 13 26 32 64 128 141 269 b
1 2 3 6 7 13 26 32 64 128 256 269 b
1 2 3 6 7 13 26 33 59 118 151 269 b
1 2 3 6 7 13 26 33 59 118 236 269 b
1 2 3 6 7 13 26 52 55 107 162 269 b
1 2 3 6 7 13 26 52 55 107 214 269 b
1 2 3 6 8 16 32 35 67 134 135 269 b
1 2 3 6 8 16 32 35 67 134 268 269 b
1 2 3 6 8 16 32 64 67 134 135 269 b
1 2 3 6 8 16 32 64 67 134 268 269 b
1 2 3 6 8 16 32 64 70 134 135 269 b
1 2 3 6 8 16 32 64 70 134 268 269 b
1 2 3 6 8 16 32 64 128 134 135 269 b
1 2 3 6 8 16 32 64 128 134 268 269 b
1 2 3 6 12 13 16 32 64 128 141 269 b
1 2 3 6 12 13 16 32 64 128 256 269 b
1 2 3 6 12 13 19 32 64 128 141 269 b
1 2 3 6 12 13 19 32 64 128 256 269 b
1 2 3 6 12 13 26 32 64 128 141 269 b
1 2 3 6 12 13 26 32 64 128 256 269 b
1 2 3 6 12 13 26 38 64 128 141 269 b
1 2 3 6 12 13 26 38 64 128 256 269 b
1 2 3 6 12 13 26 52 55 107 162 269 b
1 2 3 6 12 13 26 52 55 107 214 269 b
1 2 3 6 12 13 26 52 64 128 141 269 b
1 2 3 6 12 13 26 52 64 128 256 269 b
1 2 3 6 12 14 26 52 55 107 162 269 b
1 2 3 6 12 14 26 52 55 107 214 269 b
1 2 3 6 12 24 25 36 61 122 147 269 a
1 2 3 6 12 24 25 36 61 122 244 269 a
1 2 3 6 12 24 25 37 61 122 147 269 b
1 2 3 6 12 24 25 37 61 122 244 269 b
1 2 3 6 12 24 25 48 73 98 171 269 a
1 2 3 6 12 24 25 48 73 98 196 269 a
1 2 3 6 12 24 25 49 55 110 159 269 b
1 2 3 6 12 24 25 49 55 110 220 269 b
1 2 3 6 12 24 25 49 61 110 159 269 b
1 2 3 6 12 24 25 49 61 110 220 269 b
1 2 3 6 12 24 25 49 61 122 147 269 b
1 2 3 6 12 24 25 49 61 122 244 269 b
1 2 3 6 12 24 25 49 73 98 171 269 b
1 2 3 6 12 24 25 49 73 98 196 269 b
1 2 3 6 12 24 25 49 73 122 147 269 b
1 2 3 6 12 24 25 49 73 122 244 269 b
1 2 3 6 12 24 25 49 98 110 159 269 b
1 2 3 6 12 24 25 49 98 110 220 269 b
1 2 3 6 12 24 25 49 98 122 147 269 b
1 2 3 6 12 24 25 49 98 122 171 269 b
1 2 3 6 12 24 25 49 98 122 220 269 b
1 2 3 6 12 24 25 49 98 122 244 269 b
1 2 3 6 12 24 25 49 98 147 171 269 b
1 2 3 6 12 24 25 49 98 147 245 269 b
1 2 3 6 12 24 25 49 98 196 220 269 b
1 2 3 6 12 24 25 49 98 196 245 269 b
1 2 3 6 12 24 26 52 55 107 162 269 b
1 2 3 6 12 24 26 52 55 107 214 269 b
1 2 3 6 12 24 48 49 55 110 159 269 b
1 2 3 6 12 24 48 49 55 110 220 269 b
1 2 3 6 12 24 48 49 61 110 159 269 b
1 2 3 6 12 24 48 49 61 110 220 269 b
1 2 3 6 12 24 48 49 73 98 171 269 a
1 2 3 6 12 24 48 49 73 98 196 269 a
1 2 3 6 12 24 48 49 98 110 159 269 b
1 2 3 6 12 24 48 49 98 110 220 269 b
1 2 3 6 12 24 48 49 98 122 147 269 a
1 2 3 6 12 24 48 49 98 122 171 269 b
1 2 3 6 12 24 48 49 98 122 220 269 b
1 2 3 6 12 24 48 49 98 147 171 269 b
1 2 3 6 12 24 48 49 98 147 245 269 b
1 2 3 6 12 24 48 49 98 196 220 269 b
1 2 3 6 12 24 48 49 98 196 245 269 b
1 2 4 5 6 11 22 33 66 132 137 269 b
1 2 4 5 6 11 22 33 66 132 264 269 b
1 2 4 5 6 11 22 44 66 132 137 269 b
1 2 4 5 6 11 22 44 66 132 264 269 b
1 2 4 5 6 11 22 44 88 93 176 269 a
1 2 4 5 6 11 22 44 88 93 181 269 b
1 2 4 5 6 11 22 44 88 132 137 269 b
1 2 4 5 6 11 22 44 88 132 264 269 b
1 2 4 5 6 11 22 44 88 176 181 269 b
1 2 4 5 6 11 22 44 88 176 264 269 b
1 2 4 5 7 11 22 33 66 132 137 269 b
1 2 4 5 7 11 22 33 66 132 264 269 b
1 2 4 5 7 11 22 44 66 132 137 269 b
1 2 4 5 7 11 22 44 66 132 264 269 b
1 2 4 5 7 11 22 44 88 93 176 269 a
1 2 4 5 7 11 22 44 88 93 181 269 b
1 2 4 5 7 11 22 44 88 132 137 269 b
1 2 4 5 7 11 22 44 88 132 264 269 b
1 2 4 5 7 11 22 44 88 176 181 269 b
1 2 4 5 7 11 22 44 88 176 264 269 b
1 2 4 5 7 14 19 33 66 132 137 269 b
1 2 4 5 7 14 19 33 66 132 264 269 b
1 2 4 5 7 14 28 33 66 132 137 269 b
1 2 4 5 7 14 28 33 66 132 264 269 b
1 2 4 5 8 13 16 32 64 128 141 269 a
1 2 4 5 8 13 16 32 64 128 256 269 a
1 2 4 5 8 16 17 33 66 132 137 269 a
1 2 4 5 8 16 17 33 66 132 264 269 a
1 2 4 5 8 16 21 37 58 116 153 269 a
1 2 4 5 8 16 21 37 58 116 232 269 a
1 2 4 5 8 16 32 33 66 132 137 269 a
1 2 4 5 8 16 32 33 66 132 264 269 a
1 2 4 5 8 16 32 34 66 132 137 269 a
1 2 4 5 8 16 32 34 66 132 264 269 a
1 2 4 5 8 16 32 64 66 132 137 269 a
1 2 4 5 8 16 32 64 66 132 264 269 a
1 2 4 5 8 16 32 64 68 132 137 269 a
1 2 4 5 8 16 32 64 68 132 264 269 a
1 2 4 5 8 16 32 64 128 132 137 269 a
1 2 4 5 8 16 32 64 128 132 264 269 a
1 2 4 5 8 16 32 64 128 133 136 269 a
1 2 4 5 8 16 32 64 128 133 141 269 a
1 2 4 5 8 16 32 64 128 133 261 269 a
1 2 4 5 8 16 32 64 128 136 141 269 a
1 2 4 5 8 16 32 64 128 136 264 269 a
1 2 4 5 8 16 32 64 128 256 261 269 a
1 2 4 5 8 16 32 64 128 256 264 269 a
1 2 4 5 9 11 22 33 66 132 137 269 b
1 2 4 5 9 11 22 33 66 132 264 269 b
1 2 4 5 9 11 22 44 66 132 137 269 b
1 2 4 5 9 11 22 44 66 132 264 269 b
1 2 4 5 9 11 22 44 88 93 176 269 a
1 2 4 5 9 11 22 44 88 93 181 269 b
1 2 4 5 9 11 22 44 88 132 137 269 b
1 2 4 5 9 11 22 44 88 132 264 269 b
1 2 4 5 9 11 22 44 88 176 181 269 b
1 2 4 5 9 11 22 44 88 176 264 269 b
1 2 4 5 9 13 22 44 66 132 137 269 b
1 2 4 5 9 13 22 44 66 132 264 269 b
1 2 4 5 9 13 22 44 88 93 176 269 a
1 2 4 5 9 13 22 44 88 93 181 269 b
1 2 4 5 9 13 22 44 88 132 137 269 b
1 2 4 5 9 13 22 44 88 132 264 269 b
1 2 4 5 9 13 22 44 88 176 181 269 b
1 2 4 5 9 13 22 44 88 176 264 269 b
1 2 4 5 9 13 26 39 65 130 139 269 b
1 2 4 5 9 13 26 39 65 130 260 269 b
1 2 4 5 9 13 26 52 61 104 165 269 a
1 2 4 5 9 13 26 52 61 104 208 269 a
1 2 4 5 9 13 26 52 65 130 139 269 b
1 2 4 5 9 13 26 52 65 130 260 269 b
1 2 4 5 9 13 26 52 78 130 139 269 b
1 2 4 5 9 13 26 52 78 130 260 269 b
1 2 4 5 9 13 26 52 104 113 156 269 a
1 2 4 5 9 13 26 52 104 113 165 269 b
1 2 4 5 9 13 26 52 104 113 217 269 b
1 2 4 5 9 13 26 52 104 130 139 269 b
1 2 4 5 9 13 26 52 104 130 260 269 b
1 2 4 5 9 13 26 52 104 156 165 269 b
1 2 4 5 9 13 26 52 104 156 260 269 b
1 2 4 5 9 13 26 52 104 208 217 269 b
1 2 4 5 9 13 26 52 104 208 260 269 b
1 2 4 5 9 14 19 33 66 132 137 269 b
1 2 4 5 9 14 19 33 66 132 264 269 b
1 2 4 5 9 14 28 33 66 132 137 269 b
1 2 4 5 9 14 28 33 66 132 264 269 b
1 2 4 5 9 14 28 37 65 102 167 269 b
1 2 4 5 9 14 28 37 65 102 204 269 b
1 2 4 5 9 14 28 37 65 130 139 269 b
1 2 4 5 9 14 28 37 65 130 260 269 b
1 2 4 5 9 14 28 56 65 130 139 269 b
1 2 4 5 9 14 28 56 65 130 260 269 b
1 2 4 5 9 18 22 44 66 132 137 269 b
1 2 4 5 9 18 22 44 66 132 264 269 b
1 2 4 5 9 18 22 44 88 93 176 269 a
1 2 4 5 9 18 22 44 88 93 181 269 b
1 2 4 5 9 18 22 44 88 132 137 269 b
1 2 4 5 9 18 22 44 88 132 264 269 b
1 2 4 5 9 18 22 44 88 176 181 269 b
1 2 4 5 9 18 22 44 88 176 264 269 b
1 2 4 5 9 18 23 41 82 105 164 269 a
1 2 4 5 9 18 23 41 82 105 187 269 b
1 2 4 5 9 18 23 41 82 123 146 269 b
1 2 4 5 9 18 23 41 82 123 246 269 b
1 2 4 5 9 18 23 41 82 164 187 269 b
1 2 4 5 9 18 23 41 82 164 246 269 b
1 2 4 5 10 11 21 31 62 124 145 269 b
1 2 4 5 10 11 21 31 62 124 248 269 b
1 2 4 5 10 11 22 33 66 132 137 269 b
1 2 4 5 10 11 22 33 66 132 264 269 b
1 2 4 5 10 11 22 44 66 132 137 269 b
1 2 4 5 10 11 22 44 66 132 264 269 b
1 2 4 5 10 11 22 44 88 93 176 269 a
1 2 4 5 10 11 22 44 88 93 181 269 b
1 2 4 5 10 11 22 44 88 132 137 269 b
1 2 4 5 10 11 22 44 88 132 264 269 b
1 2 4 5 10 11 22 44 88 176 181 269 b
1 2 4 5 10 11 22 44 88 176 264 269 b
1 2 4 5 10 12 22 44 66 132 137 269 b
1 2 4 5 10 12 22 44 66 132 264 269 b
1 2 4 5 10 12 22 44 88 93 176 269 a
1 2 4 5 10 12 22 44 88 93 181 269 b
1 2 4 5 10 12 22 44 88 132 137 269 b
1 2 4 5 10 12 22 44 88 132 264 269 b
1 2 4 5 10 12 22 44 88 176 181 269 b
1 2 4 5 10 12 22 44 88 176 264 269 b
1 2 4 5 10 14 19 33 66 132 137 269 b
1 2 4 5 10 14 19 33 66 132 264 269 b
1 2 4 5 10 14 28 33 66 132 137 269 b
1 2 4 5 10 14 28 33 66 132 264 269 b
1 2 4 5 10 14 28 38 66 132 137 269 b
1 2 4 5 10 14 28 38 66 132 264 269 b
1 2 4 5 10 14 28 56 66 132 137 269 b
1 2 4 5 10 14 28 56 66 132 264 269 b
1 2 4 5 10 20 21 31 62 124 145 269 b
1 2 4 5 10 20 21 31 62 124 248 269 b
1 2 4 5 10 20 21 41 62 124 145 269 b
1 2 4 5 10 20 21 41 62 124 248 269 b
1 2 4 5 10 20 21 42 62 124 145 269 b
1 2 4 5 10 20 21 42 62 124 248 269 b
1 2 4 5 10 20 22 44 66 132 137 269 b
1 2 4 5 10 20 22 44 66 132 264 269 b
1 2 4 5 10 20 22 44 88 93 176 269 a
1 2 4 5 10 20 22 44 88 93 181 269 b
1 2 4 5 10 20 22 44 88 132 137 269 b
1 2 4 5 10 20 22 44 88 132 264 269 b
1 2 4 5 10 20 22 44 88 176 181 269 b
1 2 4 5 10 20 22 44 88 176 264 269 b
1 2 4 5 10 20 24 44 88 93 176 269 a
1 2 4 5 10 20 24 44 88 93 181 269 b
1 2 4 5 10 20 24 44 88 132 137 269 b
1 2 4 5 10 20 24 44 88 132 264 269 b
1 2 4 5 10 20 24 44 88 176 181 269 b
1 2 4 5 10 20 24 44 88 176 264 269 b
1 2 4 5 10 20 40 44 88 93 176 269 a
1 2 4 5 10 20 40 44 88 93 181 269 b
1 2 4 5 10 20 40 44 88 132 137 269 b
1 2 4 5 10 20 40 44 88 132 264 269 b
1 2 4 5 10 20 40 44 88 176 181 269 b
1 2 4 5 10 20 40 44 88 176 264 269 b
1 2 4 6 7 13 19 32 64 128 141 269 b
1 2 4 6 7 13 19 32 64 128 256 269 b
1 2 4 6 7 13 26 32 64 128 141 269 b
1 2 4 6 7 13 26 32 64 128 256 269 b
1 2 4 6 7 13 26 33 59 118 151 269 b
1 2 4 6 7 13 26 33 59 118 236 269 b
1 2 4 6 8 16 32 64 70 134 135 269 b
1 2 4 6 8 16 32 64 70 134 268 269 b
1 2 4 6 8 16 32 64 128 134 135 269 b
1 2 4 6 8 16 32 64 128 134 268 269 b
1 2 4 6 10 11 21 31 62 124 145 269 b
1 2 4 6 10 11 21 31 62 124 248 269 b
1 2 4 6 10 16 32 64 70 134 135 269 b
1 2 4 6 10 16 32 64 70 134 268 269 b
1 2 4 6 10 16 32 64 128 134 135 269 b
1 2 4 6 10 16 32 64 128 134 268 269 b
1 2 4 6 10 20 21 31 62 124 145 269 b
1 2 4 6 10 20 21 31 62 124 248 269 b
1 2 4 6 10 20 21 41 62 124 145 269 b
1 2 4 6 10 20 21 41 62 124 248 269 b
1 2 4 6 10 20 21 42 62 124 145 269 b
1 2 4 6 10 20 21 42 62 124 248 269 b
1 2 4 6 12 13 16 32 64 128 141 269 a
1 2 4 6 12 13 16 32 64 128 256 269 a
1 2 4 6 12 13 19 32 64 128 141 269 b
1 2 4 6 12 13 19 32 64 128 256 269 b
1 2 4 6 12 13 26 32 64 128 141 269 b
1 2 4 6 12 13 26 32 64 128 256 269 b
1 2 4 6 12 13 26 38 64 128 141 269 b
1 2 4 6 12 13 26 38 64 128 256 269 b
1 2 4 6 12 13 26 52 64 128 141 269 b
1 2 4 6 12 13 26 52 64 128 256 269 b
1 2 4 6 12 16 32 64 70 134 135 269 b
1 2 4 6 12 16 32 64 70 134 268 269 b
1 2 4 6 12 16 32 64 128 129 140 269 a
1 2 4 6 12 16 32 64 128 129 141 269 b
1 2 4 6 12 16 32 64 128 129 257 269 b
1 2 4 6 12 16 32 64 128 134 135 269 b
1 2 4 6 12 16 32 64 128 134 268 269 b
1 2 4 6 12 16 32 64 128 140 141 269 b
1 2 4 6 12 16 32 64 128 140 268 269 b
1 2 4 6 12 16 32 64 128 256 257 269 b
1 2 4 6 12 16 32 64 128 256 268 269 b
1 2 4 6 12 24 25 36 61 122 147 269 a
1 2 4 6 12 24 25 36 61 122 244 269 a
1 2 4 6 12 24 25 37 61 122 147 269 b
1 2 4 6 12 24 25 37 61 122 244 269 b
1 2 4 6 12 24 25 48 73 98 171 269 a
1 2 4 6 12 24 25 48 73 98 196 269 a
1 2 4 6 12 24 25 49 55 110 159 269 b
1 2 4 6 12 24 25 49 55 110 220 269 b
1 2 4 6 12 24 25 49 61 110 159 269 b
1 2 4 6 12 24 25 49 61 110 220 269 b
1 2 4 6 12 24 25 49 61 122 147 269 b
1 2 4 6 12 24 25 49 61 122 244 269 b
1 2 4 6 12 24 25 49 73 98 171 269 b
1 2 4 6 12 24 25 49 73 98 196 269 b
1 2 4 6 12 24 25 49 73 122 147 269 b
1 2 4 6 12 24 25 49 73 122 244 269 b
1 2 4 6 12 24 25 49 98 110 159 269 b
1 2 4 6 12 24 25 49 98 110 220 269 b
1 2 4 6 12 24 25 49 98 122 147 269 b
1 2 4 6 12 24 25 49 98 122 171 269 b
1 2 4 6 12 24 25 49 98 122 220 269 b
1 2 4 6 12 24 25 49 98 122 244 269 b
1 2 4 6 12 24 25 49 98 147 171 269 b
1 2 4 6 12 24 25 49 98 147 245 269 b
1 2 4 6 12 24 25 49 98 196 220 269 b
1 2 4 6 12 24 25 49 98 196 245 269 b
1 2 4 6 12 24 48 49 55 110 159 269 b
1 2 4 6 12 24 48 49 55 110 220 269 b
1 2 4 6 12 24 48 49 61 110 159 269 b
1 2 4 6 12 24 48 49 61 110 220 269 b
1 2 4 6 12 24 48 49 73 98 171 269 a
1 2 4 6 12 24 48 49 73 98 196 269 a
1 2 4 6 12 24 48 49 98 110 159 269 b
1 2 4 6 12 24 48 49 98 110 220 269 b
1 2 4 6 12 24 48 49 98 122 147 269 a
1 2 4 6 12 24 48 49 98 122 171 269 b
1 2 4 6 12 24 48 49 98 122 220 269 b
1 2 4 6 12 24 48 49 98 147 171 269 b
1 2 4 6 12 24 48 49 98 147 245 269 b
1 2 4 6 12 24 48 49 98 196 220 269 b
1 2 4 6 12 24 48 49 98 196 245 269 b
1 2 4 8 9 13 16 32 64 128 141 269 a
1 2 4 8 9 13 16 32 64 128 256 269 a
1 2 4 8 9 13 26 39 65 130 139 269 b
1 2 4 8 9 13 26 39 65 130 260 269 b
1 2 4 8 9 13 26 52 61 104 165 269 a
1 2 4 8 9 13 26 52 61 104 208 269 a
1 2 4 8 9 13 26 52 65 130 139 269 b
1 2 4 8 9 13 26 52 65 130 260 269 b
1 2 4 8 9 13 26 52 78 130 139 269 b
1 2 4 8 9 13 26 52 78 130 260 269 b
1 2 4 8 9 13 26 52 104 113 156 269 a
1 2 4 8 9 13 26 52 104 113 165 269 b
1 2 4 8 9 13 26 52 104 113 217 269 b
1 2 4 8 9 13 26 52 104 130 139 269 b
1 2 4 8 9 13 26 52 104 130 260 269 b
1 2 4 8 9 13 26 52 104 156 165 269 b
1 2 4 8 9 13 26 52 104 156 260 269 b
1 2 4 8 9 13 26 52 104 208 217 269 b
1 2 4 8 9 13 26 52 104 208 260 269 b
1 2 4 8 9 16 25 41 57 114 155 269 a
1 2 4 8 9 16 25 41 57 114 228 269 a
1 2 4 8 9 16 32 33 65 130 139 269 a
1 2 4 8 9 16 32 33 65 130 260 269 a
1 2 4 8 9 16 32 41 57 114 155 269 a
1 2 4 8 9 16 32 41 57 114 228 269 a
1 2 4 8 9 16 32 41 73 114 155 269 a
1 2 4 8 9 16 32 41 73 114 228 269 a
1 2 4 8 9 16 32 41 82 114 155 269 a
1 2 4 8 9 16 32 41 82 114 228 269 a
1 2 4 8 9 16 32 64 65 130 139 269 a
1 2 4 8 9 16 32 64 65 130 260 269 a
1 2 4 8 9 16 32 64 66 130 139 269 a
1 2 4 8 9 16 32 64 66 130 260 269 a
1 2 4 8 9 16 32 64 128 130 139 269 a
1 2 4 8 9 16 32 64 128 130 260 269 a
1 2 4 8 9 16 32 64 128 132 137 269 a
1 2 4 8 9 16 32 64 128 132 141 269 a
1 2 4 8 9 16 32 64 128 132 260 269 a
1 2 4 8 9 16 32 64 128 137 141 269 a
1 2 4 8 9 16 32 64 128 137 265 269 a
1 2 4 8 9 16 32 64 128 256 260 269 a
1 2 4 8 9 16 32 64 128 256 265 269 a
1 2 4 8 9 17 21 42 63 126 143 269 b
1 2 4 8 9 17 21 42 63 126 252 269 b
1 2 4 8 9 17 21 42 84 101 168 269 a
1 2 4 8 9 17 21 42 84 101 185 269 b
1 2 4 8 9 17 21 42 84 126 143 269 b
1 2 4 8 9 17 21 42 84 126 252 269 b
1 2 4 8 9 17 21 42 84 168 185 269 b
1 2 4 8 9 17 21 42 84 168 252 269 b
1 2 4 8 9 17 25 42 67 134 135 269 b
1 2 4 8 9 17 25 42 67 134 268 269 b
1 2 4 8 9 17 25 42 84 101 168 269 a
1 2 4 8 9 17 25 42 84 101 185 269 b
1 2 4 8 9 17 25 42 84 126 143 269 b
1 2 4 8 9 17 25 42 84 126 252 269 b
1 2 4 8 9 17 25 42 84 168 185 269 b
1 2 4 8 9 17 25 42 84 168 252 269 b
1 2 4 8 9 17 25 50 67 134 135 269 b
1 2 4 8 9 17 25 50 67 134 268 269 b
1 2 4 8 9 17 26 52 61 104 165 269 a
1 2 4 8 9 17 26 52 61 104 208 269 a
1 2 4 8 9 17 26 52 78 130 139 269 b
1 2 4 8 9 17 26 52 78 130 260 269 b
1 2 4 8 9 17 26 52 104 113 156 269 a
1 2 4 8 9 17 26 52 104 113 165 269 b
1 2 4 8 9 17 26 52 104 113 217 269 b
1 2 4 8 9 17 26 52 104 130 139 269 b
1 2 4 8 9 17 26 52 104 130 260 269 b
1 2 4 8 9 17 26 52 104 156 165 269 b
1 2 4 8 9 17 26 52 104 156 260 269 b
1 2 4 8 9 17 26 52 104 208 217 269 b
1 2 4 8 9 17 26 52 104 208 260 269 b
1 2 4 8 9 17 34 42 84 101 168 269 a
1 2 4 8 9 17 34 42 84 101 185 269 b
1 2 4 8 9 17 34 42 84 126 143 269 b
1 2 4 8 9 17 34 42 84 126 252 269 b
1 2 4 8 9 17 34 42 84 168 185 269 b
1 2 4 8 9 17 34 42 84 168 252 269 b
1 2 4 8 9 18 26 52 61 104 165 269 a
1 2 4 8 9 18 26 52 61 104 208 269 a
1 2 4 8 9 18 26 52 78 130 139 269 b
1 2 4 8 9 18 26 52 78 130 260 269 b
1 2 4 8 9 18 26 52 104 113 156 269 a
1 2 4 8 9 18 26 52 104 113 165 269 b
1 2 4 8 9 18 26 52 104 113 217 269 b
1 2 4 8 9 18 26 52 104 130 139 269 b
1 2 4 8 9 18 26 52 104 130 260 269 b
1 2 4 8 9 18 26 52 104 156 165 269 b
1 2 4 8 9 18 26 52 104 156 260 269 b
1 2 4 8 9 18 26 52 104 208 217 269 b
1 2 4 8 9 18 26 52 104 208 260 269 b
1 2 4 8 10 11 21 31 62 124 145 269 b
1 2 4 8 10 11 21 31 62 124 248 269 b
1 2 4 8 10 20 21 31 62 124 145 269 b
1 2 4 8 10 20 21 31 62 124 248 269 b
1 2 4 8 10 20 21 41 62 124 145 269 b
1 2 4 8 10 20 21 41 62 124 248 269 b
1 2 4 8 10 20 21 42 62 124 145 269 b
1 2 4 8 10 20 21 42 62 124 248 269 b
1 2 4 8 12 13 16 32 64 128 141 269 a
1 2 4 8 12 13 16 32 64 128 256 269 a
1 2 4 8 12 13 20 32 64 128 141 269 a
1 2 4 8 12 13 20 32 64 128 256 269 a
1 2 4 8 12 13 24 32 64 128 141 269 a
1 2 4 8 12 13 24 32 64 128 256 269 a
1 2 4 8 12 13 26 38 64 128 141 269 b
1 2 4 8 12 13 26 38 64 128 256 269 b
1 2 4 8 12 13 26 52 64 128 141 269 b
1 2 4 8 12 13 26 52 64 128 256 269 b
1 2 4 8 12 16 32 64 128 129 140 269 a
1 2 4 8 12 16 32 64 128 129 141 269 b
1 2 4 8 12 16 32 64 128 129 257 269 b
1 2 4 8 12 16 32 64 128 140 141 269 b
1 2 4 8 12 16 32 64 128 140 268 269 b
1 2 4 8 12 16 32 64 128 256 257 269 b
1 2 4 8 12 16 32 64 128 256 268 269 b
1 2 4 8 12 20 21 41 62 124 145 269 b
1 2 4 8 12 20 21 41 62 124 248 269 b
1 2 4 8 12 20 21 42 62 124 145 269 b
1 2 4 8 12 20 21 42 62 124 248 269 b
1 2 4 8 12 20 32 64 128 129 140 269 a
1 2 4 8 12 20 32 64 128 129 141 269 b
1 2 4 8 12 20 32 64 128 129 257 269 b
1 2 4 8 12 20 32 64 128 140 141 269 b
1 2 4 8 12 20 32 64 128 140 268 269 b
1 2 4 8 12 20 32 64 128 256 257 269 b
1 2 4 8 12 20 32 64 128 256 268 269 b
1 2 4 8 12 24 25 36 61 122 147 269 a
1 2 4 8 12 24 25 36 61 122 244 269 a
1 2 4 8 12 24 25 37 61 122 147 269 b
1 2 4 8 12 24 25 37 61 122 244 269 b
1 2 4 8 12 24 25 48 73 98 171 269 a
1 2 4 8 12 24 25 48 73 98 196 269 a
1 2 4 8 12 24 25 49 57 106 163 269 b
1 2 4 8 12 24 25 49 57 106 212 269 b
1 2 4 8 12 24 25 49 61 110 159 269 b
1 2 4 8 12 24 25 49 61 110 220 269 b
1 2 4 8 12 24 25 49 61 122 147 269 b
1 2 4 8 12 24 25 49 61 122 244 269 b
1 2 4 8 12 24 25 49 73 98 171 269 b
1 2 4 8 12 24 25 49 73 98 196 269 b
1 2 4 8 12 24 25 49 73 122 147 269 b
1 2 4 8 12 24 25 49 73 122 244 269 b
1 2 4 8 12 24 25 49 98 110 159 269 b
1 2 4 8 12 24 25 49 98 110 220 269 b
1 2 4 8 12 24 25 49 98 122 147 269 b
1 2 4 8 12 24 25 49 98 122 171 269 b
1 2 4 8 12 24 25 49 98 122 220 269 b
1 2 4 8 12 24 25 49 98 122 244 269 b
1 2 4 8 12 24 25 49 98 147 171 269 b
1 2 4 8 12 24 25 49 98 147 245 269 b
1 2 4 8 12 24 25 49 98 196 220 269 b
1 2 4 8 12 24 25 49 98 196 245 269 b
1 2 4 8 12 24 32 64 128 129 140 269 a
1 2 4 8 12 24 32 64 128 129 141 269 b
1 2 4 8 12 24 32 64 128 129 257 269 b
1 2 4 8 12 24 32 64 128 140 141 269 b
1 2 4 8 12 24 32 64 128 140 268 269 b
1 2 4 8 12 24 32 64 128 256 257 269 b
1 2 4 8 12 24 32 64 128 256 268 269 b
1 2 4 8 12 24 48 49 57 106 163 269 b
1 2 4 8 12 24 48 49 57 106 212 269 b
1 2 4 8 12 24 48 49 61 110 159 269 b
1 2 4 8 12 24 48 49 61 110 220 269 b
1 2 4 8 12 24 48 49 73 98 171 269 a
1 2 4 8 12 24 48 49 73 98 196 269 a
1 2 4 8 12 24 48 49 98 110 159 269 b
1 2 4 8 12 24 48 49 98 110 220 269 b
1 2 4 8 12 24 48 49 98 122 147 269 a
1 2 4 8 12 24 48 49 98 122 171 269 b
1 2 4 8 12 24 48 49 98 122 220 269 b
1 2 4 8 12 24 48 49 98 147 171 269 b
1 2 4 8 12 24 48 49 98 147 245 269 b
1 2 4 8 12 24 48 49 98 196 220 269 b
1 2 4 8 12 24 48 49 98 196 245 269 b
1 2 4 8 16 17 21 37 58 116 153 269 b
1 2 4 8 16 17 21 37 58 116 232 269 b
1 2 4 8 16 17 21 42 63 126 143 269 b
1 2 4 8 16 17 21 42 63 126 252 269 b
1 2 4 8 16 17 21 42 84 101 168 269 a
1 2 4 8 16 17 21 42 84 101 185 269 b
1 2 4 8 16 17 21 42 84 126 143 269 b
1 2 4 8 16 17 21 42 84 126 252 269 b
1 2 4 8 16 17 21 42 84 168 185 269 b
1 2 4 8 16 17 21 42 84 168 252 269 b
1 2 4 8 16 17 24 41 57 114 155 269 a
1 2 4 8 16 17 24 41 57 114 228 269 a
1 2 4 8 16 17 25 41 57 114 155 269 b
1 2 4 8 16 17 25 41 57 114 228 269 b
1 2 4 8 16 17 25 42 67 134 135 269 b
1 2 4 8 16 17 25 42 67 134 268 269 b
1 2 4 8 16 17 25 42 84 101 168 269 a
1 2 4 8 16 17 25 42 84 101 185 269 b
1 2 4 8 16 17 25 42 84 126 143 269 b
1 2 4 8 16 17 25 42 84 126 252 269 b
1 2 4 8 16 17 25 42 84 168 185 269 b
1 2 4 8 16 17 25 42 84 168 252 269 b
1 2 4 8 16 17 25 50 67 134 135 269 b
1 2 4 8 16 17 25 50 67 134 268 269 b
1 2 4 8 16 17 32 49 57 106 163 269 a
1 2 4 8 16 17 32 49 57 106 212 269 a
1 2 4 8 16 17 33 34 67 101 168 269 b
1 2 4 8 16 17 33 34 67 101 202 269 b
1 2 4 8 16 17 33 34 67 134 135 269 b
1 2 4 8 16 17 33 34 67 134 268 269 b
1 2 4 8 16 17 33 41 57 114 155 269 b
1 2 4 8 16 17 33 41 57 114 228 269 b
1 2 4 8 16 17 33 49 57 106 163 269 b
1 2 4 8 16 17 33 49 57 106 212 269 b
1 2 4 8 16 17 33 50 67 134 135 269 b
1 2 4 8 16 17 33 50 67 134 268 269 b
1 2 4 8 16 17 33 66 67 134 135 269 b
1 2 4 8 16 17 33 66 67 134 268 269 b
1 2 4 8 16 17 33 66 68 134 135 269 b
1 2 4 8 16 17 33 66 68 134 268 269 b
1 2 4 8 16 17 33 66 132 133 136 269 a
1 2 4 8 16 17 33 66 132 133 137 269 b
1 2 4 8 16 17 33 66 132 133 265 269 b
1 2 4 8 16 17 33 66 132 134 135 269 b
1 2 4 8 16 17 33 66 132 134 268 269 b
1 2 4 8 16 17 33 66 132 136 137 269 b
1 2 4 8 16 17 33 66 132 136 268 269 b
1 2 4 8 16 17 33 66 132 264 265 269 b
1 2 4 8 16 17 33 66 132 264 268 269 b
1 2 4 8 16 17 34 42 84 101 168 269 a
1 2 4 8 16 17 34 42 84 101 185 269 b
1 2 4 8 16 17 34 42 84 126 143 269 b
1 2 4 8 16 17 34 42 84 126 252 269 b
1 2 4 8 16 17 34 42 84 168 185 269 b
1 2 4 8 16 17 34 42 84 168 252 269 b
1 2 4 8 16 17 34 50 67 101 168 269 b
1 2 4 8 16 17 34 50 67 101 202 269 b
1 2 4 8 16 17 34 50 67 134 135 269 b
1 2 4 8 16 17 34 50 67 134 268 269 b
1 2 4 8 16 17 34 50 84 101 168 269 a
1 2 4 8 16 17 34 50 84 101 185 269 b
1 2 4 8 16 17 34 50 84 134 135 269 b
1 2 4 8 16 17 34 50 84 134 268 269 b
1 2 4 8 16 17 34 50 84 168 185 269 b
1 2 4 8 16 17 34 50 84 168 252 269 b
1 2 4 8 16 17 34 50 100 134 135 269 b
1 2 4 8 16 17 34 50 100 134 268 269 b
1 2 4 8 16 17 34 51 67 101 168 269 b
1 2 4 8 16 17 34 51 67 101 202 269 b
1 2 4 8 16 17 34 51 67 134 135 269 b
1 2 4 8 16 17 34 51 67 134 268 269 b
1 2 4 8 16 17 34 68 84 101 168 269 a
1 2 4 8 16 17 34 68 84 101 185 269 b
1 2 4 8 16 17 34 68 84 168 185 269 b
1 2 4 8 16 17 34 68 84 168 252 269 b
1 2 4 8 16 18 34 50 84 134 135 269 b
1 2 4 8 16 18 34 50 84 134 268 269 b
1 2 4 8 16 18 34 50 100 134 135 269 b
1 2 4 8 16 18 34 50 100 134 268 269 b
1 2 4 8 16 20 21 37 58 116 153 269 b
1 2 4 8 16 20 21 37 58 116 232 269 b
1 2 4 8 16 20 21 41 57 114 155 269 b
1 2 4 8 16 20 21 41 57 114 228 269 b
1 2 4 8 16 20 21 41 62 124 145 269 b
1 2 4 8 16 20 21 41 62 124 248 269 b
1 2 4 8 16 20 21 42 62 124 145 269 b
1 2 4 8 16 20 21 42 62 124 248 269 b
1 2 4 8 16 20 40 41 57 114 155 269 b
1 2 4 8 16 20 40 41 57 114 228 269 b
1 2 4 8 16 24 25 41 57 114 155 269 b
1 2 4 8 16 24 25 41 57 114 228 269 b
1 2 4 8 16 24 25 48 73 98 171 269 a
1 2 4 8 16 24 25 48 73 98 196 269 a
1 2 4 8 16 24 25 49 57 106 163 269 b
1 2 4 8 16 24 25 49 57 106 212 269 b
1 2 4 8 16 24 25 49 73 98 171 269 b
1 2 4 8 16 24 25 49 73 98 196 269 b
1 2 4 8 16 24 25 49 73 122 147 269 b
1 2 4 8 16 24 25 49 73 122 244 269 b
1 2 4 8 16 24 25 49 98 122 147 269 b
1 2 4 8 16 24 25 49 98 122 171 269 b
1 2 4 8 16 24 25 49 98 122 220 269 b
1 2 4 8 16 24 25 49 98 122 244 269 b
1 2 4 8 16 24 25 49 98 147 171 269 b
1 2 4 8 16 24 25 49 98 147 245 269 b
1 2 4 8 16 24 25 49 98 196 220 269 b
1 2 4 8 16 24 25 49 98 196 245 269 b
1 2 4 8 16 24 40 41 57 114 155 269 b
1 2 4 8 16 24 40 41 57 114 228 269 b
1 2 4 8 16 24 48 49 57 106 163 269 b
1 2 4 8 16 24 48 49 57 106 212 269 b
1 2 4 8 16 24 48 49 73 98 171 269 a
1 2 4 8 16 24 48 49 73 98 196 269 a
1 2 4 8 16 24 48 49 98 122 147 269 a
1 2 4 8 16 24 48 49 98 122 171 269 b
1 2 4 8 16 24 48 49 98 122 220 269 b
1 2 4 8 16 24 48 49 98 147 171 269 b
1 2 4 8 16 24 48 49 98 147 245 269 b
1 2 4 8 16 24 48 49 98 196 220 269 b
1 2 4 8 16 24 48 49 98 196 245 269 b
1 2 4 8 16 32 33 34 67 101 168 269 b
1 2 4 8 16 32 33 34 67 101 202 269 b
1 2 4 8 16 32 33 34 67 134 135 269 b
1 2 4 8 16 32 33 34 67 134 268 269 b
1 2 4 8 16 32 33 35 67 134 135 269 b
1 2 4 8 16 32 33 35 67 134 268 269 b
1 2 4 8 16 32 33 37 65 102 167 269 a
1 2 4 8 16 32 33 37 65 102 204 269 a
1 2 4 8 16 32 33 41 57 114 155 269 b
1 2 4 8 16 32 33 41 57 114 228 269 b
1 2 4 8 16 32 33 41 73 114 155 269 b
1 2 4 8 16 32 33 41 73 114 228 269 b
1 2 4 8 16 32 33 41 82 114 155 269 b
1 2 4 8 16 32 33 41 82 114 228 269 b
1 2 4 8 16 32 33 49 57 106 163 269 b
1 2 4 8 16 32 33 49 57 106 212 269 b
1 2 4 8 16 32 33 65 67 134 135 269 b
1 2 4 8 16 32 33 65 67 134 268 269 b
1 2 4 8 16 32 33 65 69 102 167 269 b
1 2 4 8 16 32 33 65 69 102 204 269 b
1 2 4 8 16 32 33 65 69 134 135 269 b
1 2 4 8 16 32 33 65 69 134 268 269 b
1 2 4 8 16 32 33 65 73 98 171 269 a
1 2 4 8 16 32 33 65 73 98 196 269 a
1 2 4 8 16 32 33 65 98 102 167 269 b
1 2 4 8 16 32 33 65 98 102 204 269 b
1 2 4 8 16 32 33 65 98 106 163 269 a
1 2 4 8 16 32 33 65 98 106 171 269 b
1 2 4 8 16 32 33 65 98 106 204 269 b
1 2 4 8 16 32 33 65 98 163 171 269 b
1 2 4 8 16 32 33 65 98 163 261 269 b
1 2 4 8 16 32 33 65 98 196 204 269 b
1 2 4 8 16 32 33 65 98 196 261 269 b
1 2 4 8 16 32 33 65 130 131 138 269 a
1 2 4 8 16 32 33 65 130 131 139 269 b
1 2 4 8 16 32 33 65 130 131 261 269 b
1 2 4 8 16 32 33 65 130 134 135 269 b
1 2 4 8 16 32 33 65 130 134 268 269 b
1 2 4 8 16 32 33 65 130 138 139 269 b
1 2 4 8 16 32 33 65 130 138 268 269 b
1 2 4 8 16 32 33 65 130 260 261 269 b
1 2 4 8 16 32 33 65 130 260 268 269 b
1 2 4 8 16 32 33 66 67 134 135 269 b
1 2 4 8 16 32 33 66 67 134 268 269 b
1 2 4 8 16 32 33 66 68 134 135 269 b
1 2 4 8 16 32 33 66 68 134 268 269 b
1 2 4 8 16 32 33 66 132 133 136 269 a
1 2 4 8 16 32 33 66 132 133 137 269 b
1 2 4 8 16 32 33 66 132 133 265 269 b
1 2 4 8 16 32 33 66 132 134 135 269 b
1 2 4 8 16 32 33 66 132 134 268 269 b
1 2 4 8 16 32 33 66 132 136 137 269 b
1 2 4 8 16 32 33 66 132 136 268 269 b
1 2 4 8 16 32 33 66 132 264 265 269 b
1 2 4 8 16 32 33 66 132 264 268 269 b
1 2 4 8 16 32 34 35 67 101 168 269 b
1 2 4 8 16 32 34 35 67 101 202 269 b
1 2 4 8 16 32 34 35 67 134 135 269 b
1 2 4 8 16 32 34 35 67 134 268 269 b
1 2 4 8 16 32 34 50 84 134 135 269 b
1 2 4 8 16 32 34 50 84 134 268 269 b
1 2 4 8 16 32 34 50 100 134 135 269 b
1 2 4 8 16 32 34 50 100 134 268 269 b
1 2 4 8 16 32 34 66 67 101 168 269 b
1 2 4 8 16 32 34 66 67 101 202 269 b
1 2 4 8 16 32 34 66 67 134 135 269 b
1 2 4 8 16 32 34 66 67 134 268 269 b
1 2 4 8 16 32 34 66 68 134 135 269 b
1 2 4 8 16 32 34 66 68 134 268 269 b
1 2 4 8 16 32 34 66 100 134 135 269 b
1 2 4 8 16 32 34 66 100 134 268 269 b
1 2 4 8 16 32 34 66 132 133 136 269 a
1 2 4 8 16 32 34 66 132 133 137 269 b
1 2 4 8 16 32 34 66 132 133 265 269 b
1 2 4 8 16 32 34 66 132 134 135 269 b
1 2 4 8 16 32 34 66 132 134 268 269 b
1 2 4 8 16 32 34 66 132 136 137 269 b
1 2 4 8 16 32 34 66 132 136 268 269 b
1 2 4 8 16 32 34 66 132 264 265 269 b
1 2 4 8 16 32 34 66 132 264 268 269 b
1 2 4 8 16 32 34 68 69 100 169 269 a
1 2 4 8 16 32 34 68 69 100 200 269 a
1 2 4 8 16 32 34 68 100 101 168 269 a
1 2 4 8 16 32 34 68 100 101 169 269 b
1 2 4 8 16 32 34 68 100 101 201 269 b
1 2 4 8 16 32 34 68 100 134 135 269 b
1 2 4 8 16 32 34 68 100 134 268 269 b
1 2 4 8 16 32 34 68 100 168 169 269 b
1 2 4 8 16 32 34 68 100 168 268 269 b
1 2 4 8 16 32 34 68 100 200 201 269 b
1 2 4 8 16 32 34 68 100 200 268 269 b
1 2 4 8 16 32 34 68 102 134 135 269 b
1 2 4 8 16 32 34 68 102 134 268 269 b
1 2 4 8 16 32 36 68 69 100 169 269 a
1 2 4 8 16 32 36 68 69 100 200 269 a
1 2 4 8 16 32 36 68 100 101 168 269 a
1 2 4 8 16 32 36 68 100 101 169 269 b
1 2 4 8 16 32 36 68 100 101 201 269 b
1 2 4 8 16 32 36 68 100 168 169 269 b
1 2 4 8 16 32 36 68 100 168 268 269 b
1 2 4 8 16 32 36 68 100 200 201 269 b
1 2 4 8 16 32 36 68 100 200 268 269 b
1 2 4 8 16 32 40 41 57 114 155 269 b
1 2 4 8 16 32 40 41 57 114 228 269 b
1 2 4 8 16 32 40 41 73 114 155 269 b
1 2 4 8 16 32 40 41 73 114 228 269 b
1 2 4 8 16 32 40 41 82 114 155 269 b
1 2 4 8 16 32 40 41 82 114 228 269 b
1 2 4 8 16 32 48 49 57 106 163 269 b
1 2 4 8 16 32 48 49 57 106 212 269 b
1 2 4 8 16 32 64 65 67 134 135 269 b
1 2 4 8 16 32 64 65 67 134 268 269 b
1 2 4 8 16 32 64 65 68 133 136 269 a
1 2 4 8 16 32 64 65 68 133 201 269 a
1 2 4 8 16 32 64 65 68 136 201 269 a
1 2 4 8 16 32 64 65 68 136 204 269 a
1 2 4 8 16 32 64 65 69 134 135 269 b
1 2 4 8 16 32 64 65 69 134 268 269 b
1 2 4 8 16 32 64 65 130 131 138 269 a
1 2 4 8 16 32 64 65 130 131 139 269 b
1 2 4 8 16 32 64 65 130 131 261 269 b
1 2 4 8 16 32 64 65 130 134 135 269 b
1 2 4 8 16 32 64 65 130 134 268 269 b
1 2 4 8 16 32 64 65 130 138 139 269 b
1 2 4 8 16 32 64 65 130 138 268 269 b
1 2 4 8 16 32 64 65 130 260 261 269 b
1 2 4 8 16 32 64 65 130 260 268 269 b
1 2 4 8 16 32 64 66 67 134 135 269 b
1 2 4 8 16 32 64 66 67 134 268 269 b
1 2 4 8 16 32 64 66 68 134 135 269 b
1 2 4 8 16 32 64 66 68 134 268 269 b
1 2 4 8 16 32 64 66 70 134 135 269 b
1 2 4 8 16 32 64 66 70 134 268 269 b
1 2 4 8 16 32 64 66 130 131 138 269 a
1 2 4 8 16 32 64 66 130 131 139 269 b
1 2 4 8 16 32 64 66 130 131 261 269 b
1 2 4 8 16 32 64 66 130 134 135 269 b
1 2 4 8 16 32 64 66 130 134 268 269 b
1 2 4 8 16 32 64 66 130 138 139 269 b
1 2 4 8 16 32 64 66 130 138 268 269 b
1 2 4 8 16 32 64 66 130 260 261 269 b
1 2 4 8 16 32 64 66 130 260 268 269 b
1 2 4 8 16 32 64 66 132 133 136 269 a
1 2 4 8 16 32 64 66 132 133 137 269 b
1 2 4 8 16 32 64 66 132 133 265 269 b
1 2 4 8 16 32 64 66 132 134 135 269 b
1 2 4 8 16 32 64 66 132 134 268 269 b
1 2 4 8 16 32 64 66 132 136 137 269 b
1 2 4 8 16 32 64 66 132 136 268 269 b
1 2 4 8 16 32 64 66 132 264 265 269 b
1 2 4 8 16 32 64 66 132 264 268 269 b
1 2 4 8 16 32 64 68 69 100 169 269 a
1 2 4 8 16 32 64 68 69 100 200 269 a
1 2 4 8 16 32 64 68 69 132 137 269 a
1 2 4 8 16 32 64 68 69 132 200 269 a
1 2 4 8 16 32 64 68 69 132 201 269 a
1 2 4 8 16 32 64 68 69 133 136 269 a
1 2 4 8 16 32 64 68 69 133 201 269 b
1 2 4 8 16 32 64 68 69 136 200 269 a
1 2 4 8 16 32 64 68 69 136 205 269 a
1 2 4 8 16 32 64 68 69 137 201 269 b
1 2 4 8 16 32 64 68 69 137 205 269 b
1 2 4 8 16 32 64 68 70 134 135 269 b
1 2 4 8 16 32 64 68 70 134 268 269 b
1 2 4 8 16 32 64 68 100 101 168 269 a
1 2 4 8 16 32 64 68 100 101 169 269 b
1 2 4 8 16 32 64 68 100 101 201 269 b
1 2 4 8 16 32 64 68 100 168 169 269 b
1 2 4 8 16 32 64 68 100 168 268 269 b
1 2 4 8 16 32 64 68 100 200 201 269 b
1 2 4 8 16 32 64 68 100 200 268 269 b
1 2 4 8 16 32 64 68 132 133 136 269 a
1 2 4 8 16 32 64 68 132 133 137 269 b
1 2 4 8 16 32 64 68 132 133 201 269 b
1 2 4 8 16 32 64 68 132 133 265 269 b
1 2 4 8 16 32 64 68 132 134 135 269 b
1 2 4 8 16 32 64 68 132 134 268 269 b
1 2 4 8 16 32 64 68 132 136 137 269 b
1 2 4 8 16 32 64 68 132 136 268 269 b
1 2 4 8 16 32 64 68 132 200 201 269 b
1 2 4 8 16 32 64 68 132 200 268 269 b
1 2 4 8 16 32 64 68 132 264 265 269 b
1 2 4 8 16 32 64 68 132 264 268 269 b
1 2 4 8 16 32 64 68 136 137 201 269 b
1 2 4 8 16 32 64 68 136 137 205 269 b
1 2 4 8 16 32 64 68 136 200 201 269 b
1 2 4 8 16 32 64 68 136 200 268 269 b
1 2 4 8 16 32 64 68 136 204 205 269 b
1 2 4 8 16 32 64 68 136 204 268 269 b
1 2 4 8 16 32 64 128 129 132 137 269 a
1 2 4 8 16 32 64 128 129 132 140 269 a
1 2 4 8 16 32 64 128 129 132 261 269 a
1 2 4 8 16 32 64 128 129 133 136 269 a
1 2 4 8 16 32 64 128 129 133 141 269 b
1 2 4 8 16 32 64 128 129 133 261 269 b
1 2 4 8 16 32 64 128 129 136 140 269 a
1 2 4 8 16 32 64 128 129 136 265 269 a
1 2 4 8 16 32 64 128 129 137 141 269 b
1 2 4 8 16 32 64 128 129 137 265 269 b
1 2 4 8 16 32 64 128 129 257 261 269 b
1 2 4 8 16 32 64 128 129 257 265 269 b
1 2 4 8 16 32 64 128 130 131 138 269 a
1 2 4 8 16 32 64 128 130 131 139 269 b
1 2 4 8 16 32 64 128 130 131 261 269 b
1 2 4 8 16 32 64 128 130 134 135 269 b
1 2 4 8 16 32 64 128 130 134 268 269 b
1 2 4 8 16 32 64 128 130 138 139 269 b
1 2 4 8 16 32 64 128 130 138 268 269 b
1 2 4 8 16 32 64 128 130 260 261 269 b
1 2 4 8 16 32 64 128 130 260 268 269 b
1 2 4 8 16 32 64 128 132 133 136 269 a
1 2 4 8 16 32 64 128 132 133 137 269 b
1 2 4 8 16 32 64 128 132 133 141 269 b
1 2 4 8 16 32 64 128 132 133 261 269 b
1 2 4 8 16 32 64 128 132 133 265 269 b
1 2 4 8 16 32 64 128 132 134 135 269 b
1 2 4 8 16 32 64 128 132 134 268 269 b
1 2 4 8 16 32 64 128 132 136 137 269 b
1 2 4 8 16 32 64 128 132 136 268 269 b
1 2 4 8 16 32 64 128 132 140 141 269 b
1 2 4 8 16 32 64 128 132 140 268 269 b
1 2 4 8 16 32 64 128 132 260 261 269 b
1 2 4 8 16 32 64 128 132 260 268 269 b
1 2 4 8 16 32 64 128 132 264 265 269 b
1 2 4 8 16 32 64 128 132 264 268 269 b
1 2 4 8 16 32 64 128 136 137 141 269 b
1 2 4 8 16 32 64 128 136 137 265 269 b
1 2 4 8 16 32 64 128 136 140 141 269 b
1 2 4 8 16 32 64 128 136 140 268 269 b
1 2 4 8 16 32 64 128 136 264 265 269 b
1 2 4 8 16 32 64 128 136 264 268 269 b
1 2 4 8 16 32 64 128 256 257 261 269 b
1 2 4 8 16 32 64 128 256 257 265 269 b
1 2 4 8 16 32 64 128 256 260 261 269 b
1 2 4 8 16 32 64 128 256 260 268 269 b
1 2 4 8 16 32 64 128 256 264 265 269 b
1 2 4 8 16 32 64 128 256 264 268 269 b
