1 2 3 4 7 14 28 56 57 113 226 b
1 2 3 4 7 14 28 56 112 113 226 b
1 2 3 4 7 14 28 56 112 114 226 b
1 2 3 4 7 14 28 56 112 224 226 b
1 2 3 5 7 14 28 56 57 113 226 b
1 2 3 5 7 14 28 56 112 113 226 b
1 2 3 5 7 14 28 56 112 114 226 b
1 2 3 5 7 14 28 56 112 224 226 b
1 2 3 6 7 14 28 56 57 113 226 b
1 2 3 6 7 14 28 56 112 113 226 b
1 2 3 6 7 14 28 56 112 114 226 b
1 2 3 6 7 14 28 56 112 224 226 b
1 2 3 6 8 14 28 56 57 113 226 b
1 2 3 6 8 14 28 56 112 113 226 b
1 2 3 6 8 14 28 56 112 114 226 b
1 2 3 6 8 14 28 56 112 224 226 b
1 2 3 6 12 13 25 50 63 113 226 b
1 2 3 6 12 13 25 50 100 113 226 b
1 2 3 6 12 14 28 56 57 113 226 b
1 2 3 6 12 14 28 56 112 113 226 b
1 2 3 6 12 14 28 56 112 114 226 b
1 2 3 6 12 14 28 56 112 224 226 b
1 2 3 6 12 24 26 50 100 126 226 b
1 2 3 6 12 24 26 50 100 200 226 b
1 2 4 5 7 14 28 56 57 113 226 b
1 2 4 5 7 14 28 56 112 113 226 b
1 2 4 5 7 14 28 56 112 114 226 b
1 2 4 5 7 14 28 56 112 224 226 b
1 2 4 5 9 13 26 52 61 113 226 b
1 2 4 5 9 13 26 52 104 113 226 b
1 2 4 5 9 14 28 56 57 113 226 b
1 2 4 5 9 14 28 56 112 113 226 b
1 2 4 5 9 14 28 56 112 114 226 b
1 2 4 5 9 14 28 56 112 224 226 b
1 2 4 5 9 18 27 54 59 113 226 b
1 2 4 5 9 18 27 54 108 113 226 b
1 2 4 5 9 18 36 41 72 113 226 a
1 2 4 5 9 18 36 41 77 113 226 b
1 2 4 5 9 18 36 54 59 113 226 b
1 2 4 5 9 18 36 54 108 113 226 b
1 2 4 5 9 18 36 72 77 113 226 b
1 2 4 5 9 18 36 72 77 149 226 b
1 2 4 5 9 18 36 72 77 154 226 b
1 2 4 5 9 18 36 72 108 113 226 b
1 2 4 5 10 14 28 56 57 113 226 b
1 2 4 5 10 14 28 56 112 113 226 b
1 2 4 5 10 14 28 56 112 114 226 b
1 2 4 5 10 14 28 56 112 224 226 b
1 2 4 6 7 14 28 56 57 113 226 b
1 2 4 6 7 14 28 56 112 113 226 b
1 2 4 6 7 14 28 56 112 114 226 b
1 2 4 6 7 14 28 56 112 224 226 b
1 2 4 6 8 14 28 56 57 113 226 b
1 2 4 6 8 14 28 56 112 113 226 b
1 2 4 6 8 14 28 56 112 114 226 b
1 2 4 6 8 14 28 56 112 224 226 b
1 2 4 6 10 14 28 56 57 113 226 b
1 2 4 6 10 14 28 56 112 113 226 b
1 2 4 6 10 14 28 56 112 114 226 b
1 2 4 6 10 14 28 56 112 224 226 b
1 2 4 6 12 13 25 50 63 113 226 b
1 2 4 6 12 13 25 50 100 113 226 b
1 2 4 6 12 14 28 56 57 113 226 b
1 2 4 6 12 14 28 56 112 113 226 b
1 2 4 6 12 14 28 56 112 114 226 b
1 2 4 6 12 14 28 56 112 224 226 b
1 2 4 6 12 16 28 56 57 113 226 b
1 2 4 6 12 16 28 56 112 113 226 b
1 2 4 6 12 16 28 56 112 114 226 b
1 2 4 6 12 16 28 56 112 224 226 b
1 2 4 6 12 24 26 50 100 126 226 b
1 2 4 6 12 24 26 50 100 200 226 b
1 2 4 6 12 24 28 56 57 113 226 b
1 2 4 6 12 24 28 56 112 113 226 b
1 2 4 6 12 24 28 56 112 114 226 b
1 2 4 6 12 24 28 56 112 224 226 b
1 2 4 8 9 13 26 52 61 113 226 b
1 2 4 8 9 13 26 52 104 113 226 b
1 2 4 8 9 17 26 52 61 113 226 b
1 2 4 8 9 17 26 52 104 113 226 b
1 2 4 8 9 18 26 52 61 113 226 b
1 2 4 8 9 18 26 52 104 113 226 b
1 2 4 8 9 18 26 52 104 122 226 b
1 2 4 8 9 18 26 52 104 208 226 b
1 2 4 8 10 14 28 56 57 113 226 b
1 2 4 8 10 14 28 56 112 113 226 b
1 2 4 8 10 14 28 56 112 114 226 b
1 2 4 8 10 14 28 56 112 224 226 b
1 2 4 8 10 18 26 52 104 122 226 b
1 2 4 8 10 18 26 52 104 208 226 b
1 2 4 8 10 18 28 56 57 113 226 b
1 2 4 8 10 18 28 56 112 113 226 b
1 2 4 8 10 18 28 56 112 114 226 b
1 2 4 8 10 18 28 56 112 224 226 b
1 2 4 8 10 18 36 54 108 118 226 b
1 2 4 8 10 18 36 54 108 216 226 b
1 2 4 8 10 18 36 72 82 144 226 a
1 2 4 8 10 18 36 72 82 154 226 b
1 2 4 8 10 18 36 72 108 118 226 b
1 2 4 8 10 18 36 72 108 216 226 b
1 2 4 8 10 18 36 72 144 154 226 b
1 2 4 8 10 18 36 72 144 216 226 b
1 2 4 8 10 20 28 56 57 113 226 b
1 2 4 8 10 20 28 56 112 113 226 b
1 2 4 8 10 20 28 56 112 114 226 b
1 2 4 8 10 20 28 56 112 224 226 b
1 2 4 8 12 13 25 50 63 113 226 b
1 2 4 8 12 13 25 50 100 113 226 b
1 2 4 8 12 14 28 56 57 113 226 b
1 2 4 8 12 14 28 56 112 113 226 b
1 2 4 8 12 14 28 56 112 114 226 b
1 2 4 8 12 14 28 56 112 224 226 b
1 2 4 8 12 16 28 56 57 113 226 b
1 2 4 8 12 16 28 56 112 113 226 b
1 2 4 8 12 16 28 56 112 114 226 b
1 2 4 8 12 16 28 56 112 224 226 b
1 2 4 8 12 20 28 56 57 113 226 b
1 2 4 8 12 20 28 56 112 113 226 b
1 2 4 8 12 20 28 56 112 114 226 b
1 2 4 8 12 20 28 56 112 224 226 b
1 2 4 8 12 24 26 50 100 126 226 b
1 2 4 8 12 24 26 50 100 200 226 b
1 2 4 8 12 24 28 56 57 113 226 b
1 2 4 8 12 24 28 56 112 113 226 b
1 2 4 8 12 24 28 56 112 114 226 b
1 2 4 8 12 24 28 56 112 224 226 b
1 2 4 8 12 24 32 56 57 113 226 b
1 2 4 8 12 24 32 56 112 113 226 b
1 2 4 8 12 24 32 56 112 114 226 b
1 2 4 8 12 24 32 56 112 224 226 b
1 2 4 8 12 24 48 56 57 113 226 b
1 2 4 8 12 24 48 56 112 113 226 b
1 2 4 8 12 24 48 56 112 114 226 b
1 2 4 8 12 24 48 56 112 224 226 b
1 2 4 8 16 17 24 48 65 113 226 a
1 2 4 8 16 17 24 48 96 113 226 a
1 2 4 8 16 17 32 48 65 113 226 a
1 2 4 8 16 17 32 48 96 113 226 a
1 2 4 8 16 17 32 49 64 113 226 a
1 2 4 8 16 17 32 49 81 113 226 a
1 2 4 8 16 17 32 64 81 113 226 a
1 2 4 8 16 17 32 64 81 145 226 a
1 2 4 8 16 17 32 64 81 162 226 a
1 2 4 8 16 17 32 64 96 113 226 a
1 2 4 8 16 18 26 52 104 122 226 b
1 2 4 8 16 18 26 52 104 208 226 b
1 2 4 8 16 18 34 52 104 122 226 b
1 2 4 8 16 18 34 52 104 208 226 b
1 2 4 8 16 18 36 52 104 122 226 b
1 2 4 8 16 18 36 52 104 208 226 b
1 2 4 8 16 20 28 56 57 113 226 b
1 2 4 8 16 20 28 56 112 113 226 b
1 2 4 8 16 20 28 56 112 114 226 b
1 2 4 8 16 20 28 56 112 224 226 b
1 2 4 8 16 20 36 56 57 113 226 b
1 2 4 8 16 20 36 56 112 113 226 b
1 2 4 8 16 20 36 56 112 114 226 b
1 2 4 8 16 20 36 56 112 224 226 b
1 2 4 8 16 20 40 56 57 113 226 b
1 2 4 8 16 20 40 56 112 113 226 b
1 2 4 8 16 20 40 56 112 114 226 b
1 2 4 8 16 20 40 56 112 224 226 b
1 2 4 8 16 24 26 50 100 126 226 b
1 2 4 8 16 24 26 50 100 200 226 b
1 2 4 8 16 24 28 56 57 113 226 b
1 2 4 8 16 24 28 56 112 113 226 b
1 2 4 8 16 24 28 56 112 114 226 b
1 2 4 8 16 24 28 56 112 224 226 b
1 2 4 8 16 24 32 56 57 113 226 b
1 2 4 8 16 24 32 56 112 113 226 b
1 2 4 8 16 24 32 56 112 114 226 b
1 2 4 8 16 24 32 56 112 224 226 b
1 2 4 8 16 24 40 56 57 113 226 b
1 2 4 8 16 24 40 56 112 113 226 b
1 2 4 8 16 24 40 56 112 114 226 b
1 2 4 8 16 24 40 56 112 224 226 b
1 2 4 8 16 24 48 49 64 113 226 a
1 2 4 8 16 24 48 49 65 113 226 b
1 2 4 8 16 24 48 49 97 113 226 b
1 2 4 8 16 24 48 56 57 113 226 b
1 2 4 8 16 24 48 56 112 113 226 b
1 2 4 8 16 24 48 56 112 114 226 b
1 2 4 8 16 24 48 56 112 224 226 b
1 2 4 8 16 24 48 64 65 113 226 b
1 2 4 8 16 24 48 64 112 113 226 b
1 2 4 8 16 24 48 64 112 114 226 b
1 2 4 8 16 24 48 64 112 224 226 b
1 2 4 8 16 24 48 96 97 113 226 b
1 2 4 8 16 24 48 96 112 113 226 b
1 2 4 8 16 24 48 96 112 114 226 b
1 2 4 8 16 24 48 96 112 224 226 b
1 2 4 8 16 32 33 40 73 113 226 a
1 2 4 8 16 32 33 40 80 113 226 a
1 2 4 8 16 32 33 48 65 113 226 a
1 2 4 8 16 32 33 48 80 113 226 a
1 2 4 8 16 32 33 48 81 113 226 a
1 2 4 8 16 32 33 49 64 113 226 a
1 2 4 8 16 32 33 49 81 113 226 b
1 2 4 8 16 32 33 64 80 113 226 a
1 2 4 8 16 32 33 64 97 113 226 a
1 2 4 8 16 32 33 64 97 129 226 a
1 2 4 8 16 32 33 64 97 194 226 a
1 2 4 8 16 32 33 65 81 113 226 b
1 2 4 8 16 32 33 65 97 113 226 b
1 2 4 8 16 32 33 65 97 129 226 b
1 2 4 8 16 32 33 65 97 194 226 b
1 2 4 8 16 32 34 48 96 130 226 a
1 2 4 8 16 32 34 48 96 192 226 a
1 2 4 8 16 32 34 64 96 130 226 a
1 2 4 8 16 32 34 64 96 192 226 a
1 2 4 8 16 32 34 64 98 128 226 a
1 2 4 8 16 32 34 64 98 162 226 a
1 2 4 8 16 32 34 64 128 162 226 a
1 2 4 8 16 32 34 64 128 192 226 a
1 2 4 8 16 32 40 41 72 113 226 a
1 2 4 8 16 32 40 41 73 113 226 b
1 2 4 8 16 32 40 41 81 113 226 b
1 2 4 8 16 32 40 56 57 113 226 b
1 2 4 8 16 32 40 56 112 113 226 b
1 2 4 8 16 32 40 56 112 114 226 b
1 2 4 8 16 32 40 56 112 224 226 b
1 2 4 8 16 32 40 72 73 113 226 b
1 2 4 8 16 32 40 72 112 113 226 b
1 2 4 8 16 32 40 72 112 114 226 b
1 2 4 8 16 32 40 72 112 224 226 b
1 2 4 8 16 32 40 80 81 113 226 b
1 2 4 8 16 32 40 80 112 113 226 b
1 2 4 8 16 32 40 80 112 114 226 b
1 2 4 8 16 32 40 80 112 224 226 b
1 2 4 8 16 32 48 49 64 113 226 a
1 2 4 8 16 32 48 49 65 113 226 b
1 2 4 8 16 32 48 49 81 113 226 b
1 2 4 8 16 32 48 49 97 113 226 b
1 2 4 8 16 32 48 49 97 129 226 b
1 2 4 8 16 32 48 49 97 194 226 b
1 2 4 8 16 32 48 56 57 113 226 b
1 2 4 8 16 32 48 56 112 113 226 b
1 2 4 8 16 32 48 56 112 114 226 b
1 2 4 8 16 32 48 56 112 224 226 b
1 2 4 8 16 32 48 64 65 113 226 b
1 2 4 8 16 32 48 64 112 113 226 b
1 2 4 8 16 32 48 64 112 114 226 b
1 2 4 8 16 32 48 64 112 224 226 b
1 2 4 8 16 32 48 80 81 113 226 b
1 2 4 8 16 32 48 80 112 113 226 b
1 2 4 8 16 32 48 80 112 114 226 b
1 2 4 8 16 32 48 80 112 224 226 b
1 2 4 8 16 32 48 96 97 113 226 b
1 2 4 8 16 32 48 96 97 129 226 b
1 2 4 8 16 32 48 96 97 194 226 b
1 2 4 8 16 32 48 96 98 128 226 a
1 2 4 8 16 32 48 96 98 130 226 b
1 2 4 8 16 32 48 96 98 194 226 b
1 2 4 8 16 32 48 96 112 113 226 b
1 2 4 8 16 32 48 96 112 114 226 b
1 2 4 8 16 32 48 96 112 224 226 b
1 2 4 8 16 32 48 96 128 130 226 b
1 2 4 8 16 32 48 96 128 224 226 b
1 2 4 8 16 32 48 96 192 194 226 b
1 2 4 8 16 32 48 96 192 224 226 b
1 2 4 8 16 32 64 65 81 113 226 b
1 2 4 8 16 32 64 65 81 145 226 b
1 2 4 8 16 32 64 65 81 162 226 b
1 2 4 8 16 32 64 65 96 130 226 a
1 2 4 8 16 32 64 65 96 161 226 a
1 2 4 8 16 32 64 65 97 113 226 b
1 2 4 8 16 32 64 65 97 129 226 b
1 2 4 8 16 32 64 65 97 161 226 b
1 2 4 8 16 32 64 65 97 162 226 b
1 2 4 8 16 32 64 65 97 194 226 b
1 2 4 8 16 32 64 65 129 161 226 b
1 2 4 8 16 32 64 65 129 194 226 b
1 2 4 8 16 32 64 65 130 162 226 b
1 2 4 8 16 32 64 65 130 194 226 b
1 2 4 8 16 32 64 66 80 146 226 a
1 2 4 8 16 32 64 66 80 160 226 a
1 2 4 8 16 32 64 66 96 130 226 a
1 2 4 8 16 32 64 66 96 160 226 a
1 2 4 8 16 32 64 66 96 162 226 a
1 2 4 8 16 32 64 66 98 128 226 a
1 2 4 8 16 32 64 66 98 162 226 b
1 2 4 8 16 32 64 66 128 160 226 a
1 2 4 8 16 32 64 66 128 194 226 a
1 2 4 8 16 32 64 66 130 162 226 b
1 2 4 8 16 32 64 66 130 194 226 b
1 2 4 8 16 32 64 80 81 113 226 b
1 2 4 8 16 32 64 80 81 145 226 b
1 2 4 8 16 32 64 80 81 162 226 b
1 2 4 8 16 32 64 80 82 144 226 a
1 2 4 8 16 32 64 80 82 146 226 b
1 2 4 8 16 32 64 80 82 162 226 b
1 2 4 8 16 32 64 80 112 113 226 b
1 2 4 8 16 32 64 80 112 114 226 b
1 2 4 8 16 32 64 80 112 224 226 b
1 2 4 8 16 32 64 80 144 146 226 b
1 2 4 8 16 32 64 80 144 224 226 b
1 2 4 8 16 32 64 80 160 162 226 b
1 2 4 8 16 32 64 80 160 224 226 b
1 2 4 8 16 32 64 96 97 113 226 b
1 2 4 8 16 32 64 96 97 129 226 b
1 2 4 8 16 32 64 96 97 194 226 b
1 2 4 8 16 32 64 96 98 128 226 a
1 2 4 8 16 32 64 96 98 130 226 b
1 2 4 8 16 32 64 96 98 162 226 b
1 2 4 8 16 32 64 96 98 194 226 b
1 2 4 8 16 32 64 96 112 113 226 b
1 2 4 8 16 32 64 96 112 114 226 b
1 2 4 8 16 32 64 96 112 224 226 b
1 2 4 8 16 32 64 96 128 130 226 b
1 2 4 8 16 32 64 96 128 224 226 b
1 2 4 8 16 32 64 96 160 162 226 b
1 2 4 8 16 32 64 96 160 224 226 b
1 2 4 8 16 32 64 96 192 194 226 b
1 2 4 8 16 32 64 96 192 224 226 b
1 2 4 8 16 32 64 128 130 162 226 b
1 2 4 8 16 32 64 128 130 194 226 b
1 2 4 8 16 32 64 128 160 162 226 b
1 2 4 8 16 32 64 128 160 224 226 b
1 2 4 8 16 32 64 128 192 194 226 b
1 2 4 8 16 32 64 128 192 224 226 b
