1 2 3 5 8 13 26 52 104 105 209 b
1 2 3 5 8 13 26 52 104 208 209 b
1 2 3 5 10 13 26 52 104 105 209 b
1 2 3 5 10 13 26 52 104 208 209 b
1 2 3 5 10 20 40 43 83 126 209 b
1 2 3 5 10 20 40 43 83 166 209 b
1 2 3 6 7 13 26 52 104 105 209 b
1 2 3 6 7 13 26 52 104 208 209 b
1 2 3 6 12 13 26 52 104 105 209 b
1 2 3 6 12 13 26 52 104 208 209 b
1 2 3 6 12 14 26 52 104 105 209 b
1 2 3 6 12 14 26 52 104 208 209 b
1 2 3 6 12 24 26 52 104 105 209 b
1 2 3 6 12 24 26 52 104 208 209 b
1 2 4 5 8 13 26 52 104 105 209 a
1 2 4 5 8 13 26 52 104 208 209 a
1 2 4 5 9 13 26 52 104 105 209 b
1 2 4 5 9 13 26 52 104 208 209 b
1 2 4 6 7 13 26 52 104 105 209 b
1 2 4 6 7 13 26 52 104 208 209 b
1 2 4 6 10 16 26 52 104 105 209 b
1 2 4 6 10 16 26 52 104 208 209 b
1 2 4 6 10 20 26 52 104 105 209 b
1 2 4 6 10 20 26 52 104 208 209 b
1 2 4 6 12 13 26 52 104 105 209 b
1 2 4 6 12 13 26 52 104 208 209 b
1 2 4 6 12 14 26 52 104 105 209 b
1 2 4 6 12 14 26 52 104 208 209 b
1 2 4 6 12 24 26 52 104 105 209 b
1 2 4 6 12 24 26 52 104 208 209 b
1 2 4 6 12 24 28 52 104 105 209 b
1 2 4 6 12 24 28 52 104 208 209 b
1 2 4 6 12 24 48 52 104 105 209 b
1 2 4 6 12 24 48 52 104 208 209 b
1 2 4 8 9 13 26 52 104 105 209 b
1 2 4 8 9 13 26 52 104 208 209 b
1 2 4 8 9 16 25 50 100 109 209 a
1 2 4 8 9 16 25 50 100 200 209 a
1 2 4 8 9 17 25 50 100 109 209 b
1 2 4 8 9 17 25 50 100 200 209 b
1 2 4 8 9 17 26 52 104 105 209 b
1 2 4 8 9 17 26 52 104 208 209 b
1 2 4 8 9 18 26 52 104 105 209 b
1 2 4 8 9 18 26 52 104 208 209 b
1 2 4 8 10 16 26 52 104 105 209 a
1 2 4 8 10 16 26 52 104 208 209 a
1 2 4 8 10 18 26 52 104 105 209 b
1 2 4 8 10 18 26 52 104 208 209 b
1 2 4 8 12 13 26 52 104 105 209 b
1 2 4 8 12 13 26 52 104 208 209 b
1 2 4 8 12 14 26 52 104 105 209 b
1 2 4 8 12 14 26 52 104 208 209 b
1 2 4 8 12 20 32 52 104 105 209 b
1 2 4 8 12 20 32 52 104 208 209 b
1 2 4 8 12 20 40 52 104 105 209 b
1 2 4 8 12 20 40 52 104 208 209 b
1 2 4 8 12 24 26 52 104 105 209 b
1 2 4 8 12 24 26 52 104 208 209 b
1 2 4 8 12 24 28 52 104 105 209 b
1 2 4 8 12 24 28 52 104 208 209 b
1 2 4 8 12 24 48 52 104 105 209 b
1 2 4 8 12 24 48 52 104 208 209 b
1 2 4 8 12 24 48 56 104 105 209 b
1 2 4 8 12 24 48 56 104 208 209 b
1 2 4 8 12 24 48 96 104 105 209 b
1 2 4 8 12 24 48 96 104 208 209 b
1 2 4 8 16 17 24 48 96 113 209 a
1 2 4 8 16 17 24 48 96 192 209 a
1 2 4 8 16 17 32 48 96 113 209 a
1 2 4 8 16 17 32 48 96 192 209 a
1 2 4 8 16 17 32 64 81 128 209 a
1 2 4 8 16 17 32 64 81 145 209 a
1 2 4 8 16 17 32 64 96 113 209 a
1 2 4 8 16 17 32 64 96 192 209 a
1 2 4 8 16 17 32 64 128 145 209 a
1 2 4 8 16 17 32 64 128 192 209 a
1 2 4 8 16 18 26 52 104 105 209 b
1 2 4 8 16 18 26 52 104 208 209 b
1 2 4 8 16 18 34 52 104 105 209 b
1 2 4 8 16 18 34 52 104 208 209 b
1 2 4 8 16 18 36 52 104 105 209 b
1 2 4 8 16 18 36 52 104 208 209 b
1 2 4 8 16 20 32 52 104 105 209 a
1 2 4 8 16 20 32 52 104 208 209 a
1 2 4 8 16 20 36 52 104 105 209 b
1 2 4 8 16 20 36 52 104 208 209 b
1 2 4 8 16 24 26 52 104 105 209 b
1 2 4 8 16 24 26 52 104 208 209 b
1 2 4 8 16 24 28 52 104 105 209 b
1 2 4 8 16 24 28 52 104 208 209 b
1 2 4 8 16 24 40 64 104 105 209 b
1 2 4 8 16 24 40 64 104 208 209 b
1 2 4 8 16 24 40 80 104 105 209 b
1 2 4 8 16 24 40 80 104 208 209 b
1 2 4 8 16 24 48 52 104 105 209 b
1 2 4 8 16 24 48 52 104 208 209 b
1 2 4 8 16 24 48 56 104 105 209 b
1 2 4 8 16 24 48 56 104 208 209 b
1 2 4 8 16 24 48 96 97 112 209 a
1 2 4 8 16 24 48 96 97 113 209 b
1 2 4 8 16 24 48 96 97 193 209 b
1 2 4 8 16 24 48 96 104 105 209 b
1 2 4 8 16 24 48 96 104 208 209 b
1 2 4 8 16 24 48 96 112 113 209 b
1 2 4 8 16 24 48 96 112 208 209 b
1 2 4 8 16 24 48 96 192 193 209 b
1 2 4 8 16 24 48 96 192 208 209 b
1 2 4 8 16 32 36 52 104 105 209 b
1 2 4 8 16 32 36 52 104 208 209 b
1 2 4 8 16 32 36 68 104 105 209 b
1 2 4 8 16 32 36 68 104 208 209 b
1 2 4 8 16 32 36 72 104 105 209 b
1 2 4 8 16 32 36 72 104 208 209 b
1 2 4 8 16 32 40 64 104 105 209 a
1 2 4 8 16 32 40 64 104 208 209 a
1 2 4 8 16 32 40 72 104 105 209 b
1 2 4 8 16 32 40 72 104 208 209 b
1 2 4 8 16 32 48 49 80 129 209 a
1 2 4 8 16 32 48 49 80 160 209 a
1 2 4 8 16 32 48 52 104 105 209 b
1 2 4 8 16 32 48 52 104 208 209 b
1 2 4 8 16 32 48 56 104 105 209 b
1 2 4 8 16 32 48 56 104 208 209 b
1 2 4 8 16 32 48 80 81 128 209 a
1 2 4 8 16 32 48 80 81 129 209 b
1 2 4 8 16 32 48 80 81 161 209 b
1 2 4 8 16 32 48 80 128 129 209 b
1 2 4 8 16 32 48 80 128 208 209 b
1 2 4 8 16 32 48 80 160 161 209 b
1 2 4 8 16 32 48 80 160 208 209 b
1 2 4 8 16 32 48 96 97 112 209 a
1 2 4 8 16 32 48 96 97 113 209 b
1 2 4 8 16 32 48 96 97 193 209 b
1 2 4 8 16 32 48 96 104 105 209 b
1 2 4 8 16 32 48 96 104 208 209 b
1 2 4 8 16 32 48 96 112 113 209 b
1 2 4 8 16 32 48 96 112 208 209 b
1 2 4 8 16 32 48 96 192 193 209 b
1 2 4 8 16 32 48 96 192 208 209 b
1 2 4 8 16 32 64 65 72 137 209 a
1 2 4 8 16 32 64 65 72 144 209 a
1 2 4 8 16 32 64 65 80 129 209 a
1 2 4 8 16 32 64 65 80 144 209 a
1 2 4 8 16 32 64 65 80 145 209 a
1 2 4 8 16 32 64 65 81 128 209 a
1 2 4 8 16 32 64 65 81 145 209 b
1 2 4 8 16 32 64 65 128 144 209 a
1 2 4 8 16 32 64 65 128 193 209 a
1 2 4 8 16 32 64 65 129 145 209 b
1 2 4 8 16 32 64 65 129 193 209 b
1 2 4 8 16 32 64 72 73 136 209 a
1 2 4 8 16 32 64 72 73 137 209 b
1 2 4 8 16 32 64 72 73 145 209 b
1 2 4 8 16 32 64 72 104 105 209 b
1 2 4 8 16 32 64 72 104 208 209 b
1 2 4 8 16 32 64 72 136 137 209 b
1 2 4 8 16 32 64 72 136 208 209 b
1 2 4 8 16 32 64 72 144 145 209 b
1 2 4 8 16 32 64 72 144 208 209 b
1 2 4 8 16 32 64 80 81 128 209 a
1 2 4 8 16 32 64 80 81 145 209 b
1 2 4 8 16 32 64 80 128 129 209 a
1 2 4 8 16 32 64 80 128 208 209 a
1 2 4 8 16 32 64 80 144 145 209 b
1 2 4 8 16 32 64 80 144 208 209 b
1 2 4 8 16 32 64 96 97 112 209 a
1 2 4 8 16 32 64 96 97 113 209 b
1 2 4 8 16 32 64 96 97 193 209 b
1 2 4 8 16 32 64 96 104 105 209 b
1 2 4 8 16 32 64 96 104 208 209 b
1 2 4 8 16 32 64 96 112 113 209 b
1 2 4 8 16 32 64 96 112 208 209 b
1 2 4 8 16 32 64 96 192 193 209 b
1 2 4 8 16 32 64 96 192 208 209 b
1 2 4 8 16 32 64 128 129 145 209 b
1 2 4 8 16 32 64 128 129 193 209 b
1 2 4 8 16 32 64 128 144 145 209 b
1 2 4 8 16 32 64 128 144 208 209 b
1 2 4 8 16 32 64 128 192 193 209 b
1 2 4 8 16 32 64 128 192 208 209 b
