1 2 3 5 10 20 23 43 86 172 344 b
1 2 3 5 10 20 40 43 86 172 344 b
1 2 4 6 10 20 40 46 86 172 344 b
1 2 4 6 10 20 40 80 86 172 344 b
1 2 4 8 9 17 26 43 86 172 344 b
1 2 4 8 9 17 34 43 86 172 344 b
1 2 4 8 12 20 40 80 92 172 344 b
1 2 4 8 12 20 40 80 160 172 344 b
1 2 4 8 16 18 34 52 86 172 344 b
1 2 4 8 16 18 34 68 86 172 344 b
1 2 4 8 16 24 40 80 160 184 344 b
1 2 4 8 16 24 40 80 160 320 344 b
1 2 4 8 16 32 36 68 104 172 344 b
1 2 4 8 16 32 36 68 136 172 344 b
1 2 4 8 16 32 64 72 136 208 344 b
1 2 4 8 16 32 64 72 136 272 344 b
