1 2 3 4 7 14 21 42 84 168 189 357 b
1 2 3 4 7 14 21 42 84 168 336 357 b
1 2 3 4 7 14 28 56 63 119 238 357 b
1 2 3 4 7 14 28 56 112 119 238 357 b
1 2 3 5 6 11 22 44 88 176 181 357 b
1 2 3 5 6 11 22 44 88 176 352 357 b
1 2 3 5 7 14 21 42 84 168 189 357 b
1 2 3 5 7 14 21 42 84 168 336 357 b
1 2 3 5 7 14 28 56 63 119 238 357 b
1 2 3 5 7 14 28 56 112 119 238 357 b
1 2 3 5 8 11 22 44 88 176 181 357 b
1 2 3 5 8 11 22 44 88 176 352 357 b
1 2 3 5 8 13 21 42 84 168 189 357 b
1 2 3 5 8 13 21 42 84 168 336 357 b
1 2 3 5 8 16 21 42 84 168 189 357 b
1 2 3 5 8 16 21 42 84 168 336 357 b
1 2 3 5 10 11 21 42 84 168 189 357 b
1 2 3 5 10 11 21 42 84 168 336 357 b
1 2 3 5 10 11 22 44 88 176 181 357 b
1 2 3 5 10 11 22 44 88 176 352 357 b
1 2 3 5 10 12 22 44 88 176 181 357 b
1 2 3 5 10 12 22 44 88 176 352 357 b
1 2 3 5 10 20 21 42 84 168 189 357 b
1 2 3 5 10 20 21 42 84 168 336 357 b
1 2 3 5 10 20 22 44 88 176 181 357 b
1 2 3 5 10 20 22 44 88 176 352 357 b
1 2 3 6 7 14 21 42 84 168 189 357 b
1 2 3 6 7 14 21 42 84 168 336 357 b
1 2 3 6 7 14 28 56 63 119 238 357 b
1 2 3 6 7 14 28 56 112 119 238 357 b
1 2 3 6 9 12 21 42 84 168 189 357 b
1 2 3 6 9 12 21 42 84 168 336 357 b
1 2 3 6 9 15 21 42 84 168 189 357 b
1 2 3 6 9 15 21 42 84 168 336 357 b
1 2 3 6 9 18 21 42 84 168 189 357 b
1 2 3 6 9 18 21 42 84 168 336 357 b
1 2 3 6 12 15 21 42 84 168 189 357 b
1 2 3 6 12 15 21 42 84 168 336 357 b
1 2 3 6 12 18 21 42 84 168 189 357 b
1 2 3 6 12 18 21 42 84 168 336 357 b
1 2 3 6 12 24 27 51 102 153 204 357 b
1 2 3 6 12 24 27 51 102 153 255 357 b
1 2 3 6 12 24 27 51 102 153 306 357 b
1 2 3 6 12 24 27 51 102 204 255 357 b
1 2 3 6 12 24 27 51 102 204 306 357 b
1 2 3 6 12 24 48 51 102 153 204 357 b
1 2 3 6 12 24 48 51 102 153 255 357 b
1 2 3 6 12 24 48 51 102 153 306 357 b
1 2 3 6 12 24 48 51 102 204 255 357 b
1 2 3 6 12 24 48 51 102 204 306 357 b
1 2 4 5 6 11 22 44 88 176 181 357 b
1 2 4 5 6 11 22 44 88 176 352 357 b
1 2 4 5 7 11 22 44 88 176 181 357 b
1 2 4 5 7 11 22 44 88 176 352 357 b
1 2 4 5 7 14 21 42 84 168 189 357 b
1 2 4 5 7 14 21 42 84 168 336 357 b
1 2 4 5 7 14 28 56 63 119 238 357 b
1 2 4 5 7 14 28 56 112 119 238 357 b
1 2 4 5 8 13 21 42 84 168 189 357 a
1 2 4 5 8 13 21 42 84 168 336 357 a
1 2 4 5 8 16 21 42 84 168 189 357 a
1 2 4 5 8 16 21 42 84 168 336 357 a
1 2 4 5 9 11 22 44 88 176 181 357 b
1 2 4 5 9 11 22 44 88 176 352 357 b
1 2 4 5 9 13 22 44 88 176 181 357 b
1 2 4 5 9 13 22 44 88 176 352 357 b
1 2 4 5 9 18 22 44 88 176 181 357 b
1 2 4 5 9 18 22 44 88 176 352 357 b
1 2 4 5 10 11 21 42 84 168 189 357 b
1 2 4 5 10 11 21 42 84 168 336 357 b
1 2 4 5 10 11 22 44 88 176 181 357 b
1 2 4 5 10 11 22 44 88 176 352 357 b
1 2 4 5 10 12 22 44 88 176 181 357 b
1 2 4 5 10 12 22 44 88 176 352 357 b
1 2 4 5 10 20 21 42 84 168 189 357 b
1 2 4 5 10 20 21 42 84 168 336 357 b
1 2 4 5 10 20 22 44 88 176 181 357 b
1 2 4 5 10 20 22 44 88 176 352 357 b
1 2 4 5 10 20 24 44 88 176 181 357 b
1 2 4 5 10 20 24 44 88 176 352 357 b
1 2 4 5 10 20 40 44 88 176 181 357 b
1 2 4 5 10 20 40 44 88 176 352 357 b
1 2 4 6 7 14 21 42 84 168 189 357 b
1 2 4 6 7 14 21 42 84 168 336 357 b
1 2 4 6 7 14 28 56 63 119 238 357 b
1 2 4 6 7 14 28 56 112 119 238 357 b
1 2 4 6 10 11 21 42 84 168 189 357 b
1 2 4 6 10 11 21 42 84 168 336 357 b
1 2 4 6 10 20 21 42 84 168 189 357 b
1 2 4 6 10 20 21 42 84 168 336 357 b
1 2 4 8 9 12 21 42 84 168 189 357 a
1 2 4 8 9 12 21 42 84 168 336 357 a
1 2 4 8 9 13 21 42 84 168 189 357 b
1 2 4 8 9 13 21 42 84 168 336 357 b
1 2 4 8 9 17 21 42 84 168 189 357 b
1 2 4 8 9 17 21 42 84 168 336 357 b
1 2 4 8 9 17 34 51 68 119 238 357 b
1 2 4 8 9 17 34 51 85 119 238 357 b
1 2 4 8 9 17 34 51 85 136 221 357 b
1 2 4 8 9 17 34 51 85 136 272 357 b
1 2 4 8 9 17 34 51 85 170 187 357 b
1 2 4 8 9 17 34 51 85 170 340 357 b
1 2 4 8 9 17 34 51 102 119 238 357 b
1 2 4 8 9 17 34 51 102 153 204 357 b
1 2 4 8 9 17 34 51 102 153 255 357 b
1 2 4 8 9 17 34 51 102 153 306 357 b
1 2 4 8 9 17 34 51 102 204 255 357 b
1 2 4 8 9 17 34 51 102 204 306 357 b
1 2 4 8 9 17 34 68 85 119 238 357 b
1 2 4 8 9 17 34 68 85 136 221 357 a
1 2 4 8 9 17 34 68 85 136 272 357 a
1 2 4 8 9 17 34 68 85 170 187 357 b
1 2 4 8 9 17 34 68 85 170 340 357 b
1 2 4 8 9 17 34 68 102 119 238 357 b
1 2 4 8 9 17 34 68 102 170 187 357 b
1 2 4 8 9 17 34 68 102 170 340 357 b
1 2 4 8 9 17 34 68 136 153 204 357 a
1 2 4 8 9 17 34 68 136 153 221 357 b
1 2 4 8 9 17 34 68 136 153 289 357 b
1 2 4 8 9 17 34 68 136 170 187 357 b
1 2 4 8 9 17 34 68 136 170 340 357 b
1 2 4 8 9 17 34 68 136 204 221 357 b
1 2 4 8 9 17 34 68 136 204 340 357 b
1 2 4 8 9 17 34 68 136 272 289 357 b
1 2 4 8 9 17 34 68 136 272 340 357 b
1 2 4 8 10 11 21 42 84 168 189 357 b
1 2 4 8 10 11 21 42 84 168 336 357 b
1 2 4 8 10 20 21 42 84 168 189 357 b
1 2 4 8 10 20 21 42 84 168 336 357 b
1 2 4 8 12 13 21 42 84 168 189 357 b
1 2 4 8 12 13 21 42 84 168 336 357 b
1 2 4 8 12 20 21 42 84 168 189 357 b
1 2 4 8 12 20 21 42 84 168 336 357 b
1 2 4 8 16 17 21 42 84 168 189 357 b
1 2 4 8 16 17 21 42 84 168 336 357 b
1 2 4 8 16 17 34 51 68 119 238 357 b
1 2 4 8 16 17 34 51 85 119 238 357 b
1 2 4 8 16 17 34 51 85 136 221 357 b
1 2 4 8 16 17 34 51 85 136 272 357 b
1 2 4 8 16 17 34 51 85 170 187 357 b
1 2 4 8 16 17 34 51 85 170 340 357 b
1 2 4 8 16 17 34 51 102 119 238 357 b
1 2 4 8 16 17 34 51 102 153 204 357 b
1 2 4 8 16 17 34 51 102 153 255 357 b
1 2 4 8 16 17 34 51 102 153 306 357 b
1 2 4 8 16 17 34 51 102 204 255 357 b
1 2 4 8 16 17 34 51 102 204 306 357 b
1 2 4 8 16 17 34 68 85 119 238 357 b
1 2 4 8 16 17 34 68 85 136 221 357 a
1 2 4 8 16 17 34 68 85 136 272 357 a
1 2 4 8 16 17 34 68 85 170 187 357 b
1 2 4 8 16 17 34 68 85 170 340 357 b
1 2 4 8 16 17 34 68 102 119 238 357 b
1 2 4 8 16 17 34 68 102 170 187 357 b
1 2 4 8 16 17 34 68 102 170 340 357 b
1 2 4 8 16 17 34 68 136 153 204 357 a
1 2 4 8 16 17 34 68 136 153 221 357 b
1 2 4 8 16 17 34 68 136 153 289 357 b
1 2 4 8 16 17 34 68 136 170 187 357 b
1 2 4 8 16 17 34 68 136 170 340 357 b
1 2 4 8 16 17 34 68 136 204 221 357 b
1 2 4 8 16 17 34 68 136 204 340 357 b
1 2 4 8 16 17 34 68 136 272 289 357 b
1 2 4 8 16 17 34 68 136 272 340 357 b
1 2 4 8 16 20 21 42 84 168 189 357 b
1 2 4 8 16 20 21 42 84 168 336 357 b
1 2 4 8 16 32 33 48 81 162 195 357 a
1 2 4 8 16 32 33 48 81 162 324 357 a
1 2 4 8 16 32 33 49 81 162 195 357 b
1 2 4 8 16 32 33 49 81 162 324 357 b
1 2 4 8 16 32 33 64 97 130 227 357 a
1 2 4 8 16 32 33 64 97 130 260 357 a
1 2 4 8 16 32 33 65 73 146 211 357 b
1 2 4 8 16 32 33 65 73 146 292 357 b
1 2 4 8 16 32 33 65 81 146 211 357 b
1 2 4 8 16 32 33 65 81 146 292 357 b
1 2 4 8 16 32 33 65 81 162 195 357 b
1 2 4 8 16 32 33 65 81 162 324 357 b
1 2 4 8 16 32 33 65 97 130 227 357 b
1 2 4 8 16 32 33 65 97 130 260 357 b
1 2 4 8 16 32 33 65 97 162 195 357 b
1 2 4 8 16 32 33 65 97 162 324 357 b
1 2 4 8 16 32 33 65 130 146 211 357 b
1 2 4 8 16 32 33 65 130 146 292 357 b
1 2 4 8 16 32 33 65 130 162 195 357 b
1 2 4 8 16 32 33 65 130 162 227 357 b
1 2 4 8 16 32 33 65 130 162 292 357 b
1 2 4 8 16 32 33 65 130 162 324 357 b
1 2 4 8 16 32 33 65 130 195 227 357 b
1 2 4 8 16 32 33 65 130 195 325 357 b
1 2 4 8 16 32 33 65 130 260 292 357 b
1 2 4 8 16 32 33 65 130 260 325 357 b
1 2 4 8 16 32 64 65 73 146 211 357 b
1 2 4 8 16 32 64 65 73 146 292 357 b
1 2 4 8 16 32 64 65 81 146 211 357 b
1 2 4 8 16 32 64 65 81 146 292 357 b
1 2 4 8 16 32 64 65 97 130 227 357 a
1 2 4 8 16 32 64 65 97 130 260 357 a
1 2 4 8 16 32 64 65 130 146 211 357 b
1 2 4 8 16 32 64 65 130 146 292 357 b
1 2 4 8 16 32 64 65 130 162 195 357 a
1 2 4 8 16 32 64 65 130 162 227 357 b
1 2 4 8 16 32 64 65 130 162 292 357 b
1 2 4 8 16 32 64 65 130 195 227 357 b
1 2 4 8 16 32 64 65 130 195 325 357 b
1 2 4 8 16 32 64 65 130 260 292 357 b
1 2 4 8 16 32 64 65 130 260 325 357 b
