1 2 3 4 7 14 21 42 84 168 336 b
1 2 3 4 7 14 28 42 84 168 336 b
1 2 3 4 7 14 28 56 84 168 336 b
1 2 3 4 7 14 28 56 112 168 336 b
1 2 3 4 7 14 28 56 112 224 336 b
1 2 3 5 7 14 21 42 84 168 336 b
1 2 3 5 7 14 28 42 84 168 336 b
1 2 3 5 7 14 28 56 84 168 336 b
1 2 3 5 7 14 28 56 112 168 336 b
1 2 3 5 7 14 28 56 112 224 336 b
1 2 3 5 8 13 21 42 84 168 336 b
1 2 3 5 8 16 21 42 84 168 336 b
1 2 3 5 10 11 21 42 84 168 336 b
1 2 3 5 10 20 21 42 84 168 336 b
1 2 3 5 10 20 22 42 84 168 336 b
1 2 3 5 10 20 40 42 84 168 336 b
1 2 3 6 7 14 21 42 84 168 336 b
1 2 3 6 7 14 28 42 84 168 336 b
1 2 3 6 7 14 28 56 84 168 336 b
1 2 3 6 7 14 28 56 112 168 336 b
1 2 3 6 7 14 28 56 112 224 336 b
1 2 3 6 8 14 28 42 84 168 336 b
1 2 3 6 8 14 28 56 84 168 336 b
1 2 3 6 8 14 28 56 112 168 336 b
1 2 3 6 8 14 28 56 112 224 336 b
1 2 3 6 9 12 21 42 84 168 336 b
1 2 3 6 9 15 21 42 84 168 336 b
1 2 3 6 9 18 21 42 84 168 336 b
1 2 3 6 9 18 24 42 84 168 336 b
1 2 3 6 9 18 36 42 84 168 336 b
1 2 3 6 12 14 28 42 84 168 336 b
1 2 3 6 12 14 28 56 84 168 336 b
1 2 3 6 12 14 28 56 112 168 336 b
1 2 3 6 12 14 28 56 112 224 336 b
1 2 3 6 12 15 21 42 84 168 336 b
1 2 3 6 12 15 27 42 84 168 336 b
1 2 3 6 12 15 30 42 84 168 336 b
1 2 3 6 12 18 21 42 84 168 336 b
1 2 3 6 12 18 24 42 84 168 336 b
1 2 3 6 12 18 30 42 84 168 336 b
1 2 3 6 12 18 36 42 84 168 336 b
1 2 3 6 12 18 36 48 84 168 336 b
1 2 3 6 12 18 36 72 84 168 336 b
1 2 3 6 12 24 30 42 84 168 336 b
1 2 3 6 12 24 30 54 84 168 336 b
1 2 3 6 12 24 30 60 84 168 336 b
1 2 3 6 12 24 36 42 84 168 336 b
1 2 3 6 12 24 36 48 84 168 336 b
1 2 3 6 12 24 36 60 84 168 336 b
1 2 3 6 12 24 36 72 84 168 336 b
1 2 3 6 12 24 36 72 96 168 336 b
1 2 3 6 12 24 36 72 144 168 336 b
1 2 3 6 12 24 48 60 84 168 336 b
1 2 3 6 12 24 48 60 108 168 336 b
1 2 3 6 12 24 48 60 120 168 336 b
1 2 3 6 12 24 48 72 84 168 336 b
1 2 3 6 12 24 48 72 96 168 336 b
1 2 3 6 12 24 48 72 120 168 336 b
1 2 3 6 12 24 48 72 144 168 336 b
1 2 3 6 12 24 48 72 144 192 336 b
1 2 3 6 12 24 48 72 144 288 336 b
1 2 3 6 12 24 48 96 120 168 336 b
1 2 3 6 12 24 48 96 120 216 336 b
1 2 3 6 12 24 48 96 120 240 336 b
1 2 3 6 12 24 48 96 144 168 336 b
1 2 3 6 12 24 48 96 144 192 336 b
1 2 3 6 12 24 48 96 144 240 336 b
1 2 3 6 12 24 48 96 144 288 336 b
1 2 3 6 12 24 48 96 192 240 336 b
1 2 3 6 12 24 48 96 192 288 336 b
1 2 4 5 7 14 21 42 84 168 336 b
1 2 4 5 7 14 28 42 84 168 336 b
1 2 4 5 7 14 28 56 84 168 336 b
1 2 4 5 7 14 28 56 112 168 336 b
1 2 4 5 7 14 28 56 112 224 336 b
1 2 4 5 8 13 21 42 84 168 336 a
1 2 4 5 8 16 21 42 84 168 336 a
1 2 4 5 9 14 28 42 84 168 336 b
1 2 4 5 9 14 28 56 84 168 336 b
1 2 4 5 9 14 28 56 112 168 336 b
1 2 4 5 9 14 28 56 112 224 336 b
1 2 4 5 10 11 21 42 84 168 336 b
1 2 4 5 10 14 28 42 84 168 336 b
1 2 4 5 10 14 28 56 84 168 336 b
1 2 4 5 10 14 28 56 112 168 336 b
1 2 4 5 10 14 28 56 112 224 336 b
1 2 4 5 10 20 21 42 84 168 336 b
1 2 4 5 10 20 22 42 84 168 336 b
1 2 4 5 10 20 40 42 84 168 336 b
1 2 4 5 10 20 40 44 84 168 336 b
1 2 4 5 10 20 40 80 84 168 336 b
1 2 4 6 7 14 21 42 84 168 336 b
1 2 4 6 7 14 28 42 84 168 336 b
1 2 4 6 7 14 28 56 84 168 336 b
1 2 4 6 7 14 28 56 112 168 336 b
1 2 4 6 7 14 28 56 112 224 336 b
1 2 4 6 8 14 28 42 84 168 336 b
1 2 4 6 8 14 28 56 84 168 336 b
1 2 4 6 8 14 28 56 112 168 336 b
1 2 4 6 8 14 28 56 112 224 336 b
1 2 4 6 10 11 21 42 84 168 336 b
1 2 4 6 10 14 28 42 84 168 336 b
1 2 4 6 10 14 28 56 84 168 336 b
1 2 4 6 10 14 28 56 112 168 336 b
1 2 4 6 10 14 28 56 112 224 336 b
1 2 4 6 10 16 26 42 84 168 336 b
1 2 4 6 10 16 32 42 84 168 336 b
1 2 4 6 10 20 21 42 84 168 336 b
1 2 4 6 10 20 22 42 84 168 336 b
1 2 4 6 10 20 40 42 84 168 336 b
1 2 4 6 10 20 40 44 84 168 336 b
1 2 4 6 10 20 40 80 84 168 336 b
1 2 4 6 12 14 28 42 84 168 336 b
1 2 4 6 12 14 28 56 84 168 336 b
1 2 4 6 12 14 28 56 112 168 336 b
1 2 4 6 12 14 28 56 112 224 336 b
1 2 4 6 12 16 28 56 84 168 336 b
1 2 4 6 12 16 28 56 112 168 336 b
1 2 4 6 12 16 28 56 112 224 336 b
1 2 4 6 12 18 24 42 84 168 336 b
1 2 4 6 12 18 30 42 84 168 336 b
1 2 4 6 12 18 36 42 84 168 336 b
1 2 4 6 12 18 36 48 84 168 336 b
1 2 4 6 12 18 36 72 84 168 336 b
1 2 4 6 12 24 28 56 84 168 336 b
1 2 4 6 12 24 28 56 112 168 336 b
1 2 4 6 12 24 28 56 112 224 336 b
1 2 4 6 12 24 30 42 84 168 336 b
1 2 4 6 12 24 30 54 84 168 336 b
1 2 4 6 12 24 30 60 84 168 336 b
1 2 4 6 12 24 36 42 84 168 336 b
1 2 4 6 12 24 36 48 84 168 336 b
1 2 4 6 12 24 36 60 84 168 336 b
1 2 4 6 12 24 36 72 84 168 336 b
1 2 4 6 12 24 36 72 96 168 336 b
1 2 4 6 12 24 36 72 144 168 336 b
1 2 4 6 12 24 48 60 84 168 336 b
1 2 4 6 12 24 48 60 108 168 336 b
1 2 4 6 12 24 48 60 120 168 336 b
1 2 4 6 12 24 48 72 84 168 336 b
1 2 4 6 12 24 48 72 96 168 336 b
1 2 4 6 12 24 48 72 120 168 336 b
1 2 4 6 12 24 48 72 144 168 336 b
1 2 4 6 12 24 48 72 144 192 336 b
1 2 4 6 12 24 48 72 144 288 336 b
1 2 4 6 12 24 48 96 120 168 336 b
1 2 4 6 12 24 48 96 120 216 336 b
1 2 4 6 12 24 48 96 120 240 336 b
1 2 4 6 12 24 48 96 144 168 336 b
1 2 4 6 12 24 48 96 144 192 336 b
1 2 4 6 12 24 48 96 144 240 336 b
1 2 4 6 12 24 48 96 144 288 336 b
1 2 4 6 12 24 48 96 192 240 336 b
1 2 4 6 12 24 48 96 192 288 336 b
1 2 4 8 9 12 21 42 84 168 336 a
1 2 4 8 9 13 21 42 84 168 336 b
1 2 4 8 9 17 21 42 84 168 336 b
1 2 4 8 9 17 25 42 84 168 336 b
1 2 4 8 9 17 34 42 84 168 336 b
1 2 4 8 10 11 21 42 84 168 336 b
1 2 4 8 10 14 28 42 84 168 336 b
1 2 4 8 10 14 28 56 84 168 336 b
1 2 4 8 10 14 28 56 112 168 336 b
1 2 4 8 10 14 28 56 112 224 336 b
1 2 4 8 10 16 26 42 84 168 336 a
1 2 4 8 10 16 32 42 84 168 336 a
1 2 4 8 10 18 28 56 84 168 336 b
1 2 4 8 10 18 28 56 112 168 336 b
1 2 4 8 10 18 28 56 112 224 336 b
1 2 4 8 10 20 21 42 84 168 336 b
1 2 4 8 10 20 22 42 84 168 336 b
1 2 4 8 10 20 28 56 84 168 336 b
1 2 4 8 10 20 28 56 112 168 336 b
1 2 4 8 10 20 28 56 112 224 336 b
1 2 4 8 10 20 40 42 84 168 336 b
1 2 4 8 10 20 40 44 84 168 336 b
1 2 4 8 10 20 40 80 84 168 336 b
1 2 4 8 10 20 40 80 88 168 336 b
1 2 4 8 10 20 40 80 160 168 336 b
1 2 4 8 12 13 21 42 84 168 336 b
1 2 4 8 12 14 28 42 84 168 336 b
1 2 4 8 12 14 28 56 84 168 336 b
1 2 4 8 12 14 28 56 112 168 336 b
1 2 4 8 12 14 28 56 112 224 336 b
1 2 4 8 12 16 28 56 84 168 336 b
1 2 4 8 12 16 28 56 112 168 336 b
1 2 4 8 12 16 28 56 112 224 336 b
1 2 4 8 12 20 21 42 84 168 336 b
1 2 4 8 12 20 22 42 84 168 336 b
1 2 4 8 12 20 28 56 84 168 336 b
1 2 4 8 12 20 28 56 112 168 336 b
1 2 4 8 12 20 28 56 112 224 336 b
1 2 4 8 12 20 32 52 84 168 336 b
1 2 4 8 12 20 32 64 84 168 336 b
1 2 4 8 12 20 40 42 84 168 336 b
1 2 4 8 12 20 40 44 84 168 336 b
1 2 4 8 12 20 40 80 84 168 336 b
1 2 4 8 12 20 40 80 88 168 336 b
1 2 4 8 12 20 40 80 160 168 336 b
1 2 4 8 12 24 28 56 84 168 336 b
1 2 4 8 12 24 28 56 112 168 336 b
1 2 4 8 12 24 28 56 112 224 336 b
1 2 4 8 12 24 32 56 112 168 336 b
1 2 4 8 12 24 32 56 112 224 336 b
1 2 4 8 12 24 36 48 84 168 336 b
1 2 4 8 12 24 36 60 84 168 336 b
1 2 4 8 12 24 36 72 84 168 336 b
1 2 4 8 12 24 36 72 96 168 336 b
1 2 4 8 12 24 36 72 144 168 336 b
1 2 4 8 12 24 48 56 112 168 336 b
1 2 4 8 12 24 48 56 112 224 336 b
1 2 4 8 12 24 48 60 84 168 336 b
1 2 4 8 12 24 48 60 108 168 336 b
1 2 4 8 12 24 48 60 120 168 336 b
1 2 4 8 12 24 48 72 84 168 336 b
1 2 4 8 12 24 48 72 96 168 336 b
1 2 4 8 12 24 48 72 120 168 336 b
1 2 4 8 12 24 48 72 144 168 336 b
1 2 4 8 12 24 48 72 144 192 336 b
1 2 4 8 12 24 48 72 144 288 336 b
1 2 4 8 12 24 48 96 120 168 336 b
1 2 4 8 12 24 48 96 120 216 336 b
1 2 4 8 12 24 48 96 120 240 336 b
1 2 4 8 12 24 48 96 144 168 336 b
1 2 4 8 12 24 48 96 144 192 336 b
1 2 4 8 12 24 48 96 144 240 336 b
1 2 4 8 12 24 48 96 144 288 336 b
1 2 4 8 12 24 48 96 192 240 336 b
1 2 4 8 12 24 48 96 192 288 336 b
1 2 4 8 16 17 21 42 84 168 336 b
1 2 4 8 16 17 25 42 84 168 336 b
1 2 4 8 16 17 34 42 84 168 336 b
1 2 4 8 16 17 34 50 84 168 336 b
1 2 4 8 16 17 34 68 84 168 336 b
1 2 4 8 16 18 24 42 84 168 336 a
1 2 4 8 16 18 26 42 84 168 336 b
1 2 4 8 16 18 34 42 84 168 336 b
1 2 4 8 16 18 34 50 84 168 336 b
1 2 4 8 16 18 34 68 84 168 336 b
1 2 4 8 16 20 21 42 84 168 336 b
1 2 4 8 16 20 22 42 84 168 336 b
1 2 4 8 16 20 28 56 84 168 336 b
1 2 4 8 16 20 28 56 112 168 336 b
1 2 4 8 16 20 28 56 112 224 336 b
1 2 4 8 16 20 32 52 84 168 336 a
1 2 4 8 16 20 32 64 84 168 336 a
1 2 4 8 16 20 36 56 112 168 336 b
1 2 4 8 16 20 36 56 112 224 336 b
1 2 4 8 16 20 40 42 84 168 336 b
1 2 4 8 16 20 40 44 84 168 336 b
1 2 4 8 16 20 40 56 112 168 336 b
1 2 4 8 16 20 40 56 112 224 336 b
1 2 4 8 16 20 40 80 84 168 336 b
1 2 4 8 16 20 40 80 88 168 336 b
1 2 4 8 16 20 40 80 160 168 336 b
1 2 4 8 16 20 40 80 160 176 336 b
1 2 4 8 16 20 40 80 160 320 336 b
1 2 4 8 16 24 26 42 84 168 336 b
1 2 4 8 16 24 28 56 84 168 336 b
1 2 4 8 16 24 28 56 112 168 336 b
1 2 4 8 16 24 28 56 112 224 336 b
1 2 4 8 16 24 32 56 112 168 336 b
1 2 4 8 16 24 32 56 112 224 336 b
1 2 4 8 16 24 40 42 84 168 336 b
1 2 4 8 16 24 40 44 84 168 336 b
1 2 4 8 16 24 40 56 112 168 336 b
1 2 4 8 16 24 40 56 112 224 336 b
1 2 4 8 16 24 40 64 104 168 336 b
1 2 4 8 16 24 40 64 128 168 336 b
1 2 4 8 16 24 40 80 84 168 336 b
1 2 4 8 16 24 40 80 88 168 336 b
1 2 4 8 16 24 40 80 160 168 336 b
1 2 4 8 16 24 40 80 160 176 336 b
1 2 4 8 16 24 40 80 160 320 336 b
1 2 4 8 16 24 48 56 112 168 336 b
1 2 4 8 16 24 48 56 112 224 336 b
1 2 4 8 16 24 48 64 112 224 336 b
1 2 4 8 16 24 48 72 96 168 336 b
1 2 4 8 16 24 48 72 120 168 336 b
1 2 4 8 16 24 48 72 144 168 336 b
1 2 4 8 16 24 48 72 144 192 336 b
1 2 4 8 16 24 48 72 144 288 336 b
1 2 4 8 16 24 48 96 112 224 336 b
1 2 4 8 16 24 48 96 120 168 336 b
1 2 4 8 16 24 48 96 120 216 336 b
1 2 4 8 16 24 48 96 120 240 336 b
1 2 4 8 16 24 48 96 144 168 336 b
1 2 4 8 16 24 48 96 144 192 336 b
1 2 4 8 16 24 48 96 144 240 336 b
1 2 4 8 16 24 48 96 144 288 336 b
1 2 4 8 16 24 48 96 192 240 336 b
1 2 4 8 16 24 48 96 192 288 336 b
1 2 4 8 16 32 34 42 84 168 336 b
1 2 4 8 16 32 34 50 84 168 336 b
1 2 4 8 16 32 34 68 84 168 336 b
1 2 4 8 16 32 34 68 100 168 336 b
1 2 4 8 16 32 34 68 136 168 336 b
1 2 4 8 16 32 36 48 84 168 336 a
1 2 4 8 16 32 36 52 84 168 336 b
1 2 4 8 16 32 36 68 84 168 336 b
1 2 4 8 16 32 36 68 100 168 336 b
1 2 4 8 16 32 36 68 136 168 336 b
1 2 4 8 16 32 40 42 84 168 336 b
1 2 4 8 16 32 40 44 84 168 336 b
1 2 4 8 16 32 40 56 112 168 336 b
1 2 4 8 16 32 40 56 112 224 336 b
1 2 4 8 16 32 40 64 104 168 336 a
1 2 4 8 16 32 40 64 128 168 336 a
1 2 4 8 16 32 40 72 112 224 336 b
1 2 4 8 16 32 40 80 84 168 336 b
1 2 4 8 16 32 40 80 88 168 336 b
1 2 4 8 16 32 40 80 112 224 336 b
1 2 4 8 16 32 40 80 160 168 336 b
1 2 4 8 16 32 40 80 160 176 336 b
1 2 4 8 16 32 40 80 160 320 336 b
1 2 4 8 16 32 48 52 84 168 336 b
1 2 4 8 16 32 48 56 112 168 336 b
1 2 4 8 16 32 48 56 112 224 336 b
1 2 4 8 16 32 48 64 112 224 336 b
1 2 4 8 16 32 48 80 84 168 336 b
1 2 4 8 16 32 48 80 88 168 336 b
1 2 4 8 16 32 48 80 112 224 336 b
1 2 4 8 16 32 48 80 128 208 336 b
1 2 4 8 16 32 48 80 128 256 336 b
1 2 4 8 16 32 48 80 160 168 336 b
1 2 4 8 16 32 48 80 160 176 336 b
1 2 4 8 16 32 48 80 160 320 336 b
1 2 4 8 16 32 48 96 112 224 336 b
1 2 4 8 16 32 48 96 144 192 336 b
1 2 4 8 16 32 48 96 144 240 336 b
1 2 4 8 16 32 48 96 144 288 336 b
1 2 4 8 16 32 48 96 192 240 336 b
1 2 4 8 16 32 48 96 192 288 336 b
1 2 4 8 16 32 64 68 84 168 336 b
1 2 4 8 16 32 64 68 100 168 336 b
1 2 4 8 16 32 64 68 136 168 336 b
1 2 4 8 16 32 64 68 136 200 336 b
1 2 4 8 16 32 64 68 136 272 336 b
1 2 4 8 16 32 64 72 96 168 336 a
1 2 4 8 16 32 64 72 104 168 336 b
1 2 4 8 16 32 64 72 136 168 336 b
1 2 4 8 16 32 64 72 136 200 336 b
1 2 4 8 16 32 64 72 136 272 336 b
1 2 4 8 16 32 64 80 84 168 336 b
1 2 4 8 16 32 64 80 88 168 336 b
1 2 4 8 16 32 64 80 112 224 336 b
1 2 4 8 16 32 64 80 128 208 336 a
1 2 4 8 16 32 64 80 128 256 336 a
1 2 4 8 16 32 64 80 160 168 336 b
1 2 4 8 16 32 64 80 160 176 336 b
1 2 4 8 16 32 64 80 160 320 336 b
1 2 4 8 16 32 64 96 104 168 336 b
1 2 4 8 16 32 64 96 112 224 336 b
1 2 4 8 16 32 64 96 160 168 336 b
1 2 4 8 16 32 64 96 160 176 336 b
1 2 4 8 16 32 64 96 160 320 336 b
1 2 4 8 16 32 64 128 136 168 336 b
1 2 4 8 16 32 64 128 136 200 336 b
1 2 4 8 16 32 64 128 136 272 336 b
1 2 4 8 16 32 64 128 144 192 336 a
1 2 4 8 16 32 64 128 144 208 336 b
1 2 4 8 16 32 64 128 144 272 336 b
1 2 4 8 16 32 64 128 160 168 336 b
1 2 4 8 16 32 64 128 160 176 336 b
1 2 4 8 16 32 64 128 160 320 336 b
1 2 4 8 16 32 64 128 192 208 336 b
1 2 4 8 16 32 64 128 192 320 336 b
1 2 4 8 16 32 64 128 256 272 336 b
1 2 4 8 16 32 64 128 256 320 336 b
