1 2 3 5 7 12 19 38 76 81 157 314 b
1 2 3 5 7 12 19 38 76 152 157 314 b
1 2 3 5 7 14 19 38 76 81 157 314 b
1 2 3 5 7 14 19 38 76 152 157 314 b
1 2 3 5 8 11 19 38 76 81 157 314 b
1 2 3 5 8 11 19 38 76 152 157 314 b
1 2 3 5 8 13 18 36 72 85 157 314 b
1 2 3 5 8 13 18 36 72 144 157 314 b
1 2 3 5 8 13 21 34 68 89 157 314 b
1 2 3 5 8 13 21 34 68 136 157 314 b
1 2 3 5 8 13 26 39 78 79 157 314 b
1 2 3 5 8 13 26 39 78 156 157 314 b
1 2 3 5 8 13 26 39 78 156 158 314 b
1 2 3 5 8 13 26 39 78 156 312 314 b
1 2 3 5 8 13 26 52 53 104 157 314 a
1 2 3 5 8 13 26 52 53 105 157 314 b
1 2 3 5 8 13 26 52 78 79 157 314 b
1 2 3 5 8 13 26 52 78 156 157 314 b
1 2 3 5 8 13 26 52 78 156 158 314 b
1 2 3 5 8 13 26 52 78 156 312 314 b
1 2 3 5 8 13 26 52 104 105 157 314 b
1 2 3 5 8 13 26 52 104 105 209 314 b
1 2 3 5 8 13 26 52 104 105 210 314 b
1 2 3 5 8 13 26 52 104 106 208 314 a
1 2 3 5 8 13 26 52 104 106 210 314 b
1 2 3 5 8 13 26 52 104 156 157 314 b
1 2 3 5 8 13 26 52 104 156 158 314 b
1 2 3 5 8 13 26 52 104 156 312 314 b
1 2 3 5 8 13 26 52 104 208 210 314 b
1 2 3 5 8 13 26 52 104 208 312 314 b
1 2 3 5 8 16 19 38 76 81 157 314 b
1 2 3 5 8 16 19 38 76 152 157 314 b
1 2 3 5 10 13 18 36 72 85 157 314 b
1 2 3 5 10 13 18 36 72 144 157 314 b
1 2 3 5 10 13 23 36 72 85 157 314 b
1 2 3 5 10 13 23 36 72 144 157 314 b
1 2 3 5 10 13 26 36 72 85 157 314 b
1 2 3 5 10 13 26 36 72 144 157 314 b
1 2 3 5 10 13 26 36 72 144 170 314 b
1 2 3 5 10 13 26 36 72 144 288 314 b
1 2 3 5 10 13 26 39 78 79 157 314 b
1 2 3 5 10 13 26 39 78 156 157 314 b
1 2 3 5 10 13 26 39 78 156 158 314 b
1 2 3 5 10 13 26 39 78 156 312 314 b
1 2 3 5 10 13 26 52 53 104 157 314 a
1 2 3 5 10 13 26 52 53 105 157 314 b
1 2 3 5 10 13 26 52 78 79 157 314 b
1 2 3 5 10 13 26 52 78 156 157 314 b
1 2 3 5 10 13 26 52 78 156 158 314 b
1 2 3 5 10 13 26 52 78 156 312 314 b
1 2 3 5 10 13 26 52 104 105 157 314 b
1 2 3 5 10 13 26 52 104 105 209 314 b
1 2 3 5 10 13 26 52 104 105 210 314 b
1 2 3 5 10 13 26 52 104 106 208 314 a
1 2 3 5 10 13 26 52 104 106 210 314 b
1 2 3 5 10 13 26 52 104 156 157 314 b
1 2 3 5 10 13 26 52 104 156 158 314 b
1 2 3 5 10 13 26 52 104 156 312 314 b
1 2 3 5 10 13 26 52 104 208 210 314 b
1 2 3 5 10 13 26 52 104 208 312 314 b
1 2 3 6 7 13 26 39 78 79 157 314 b
1 2 3 6 7 13 26 39 78 156 157 314 b
1 2 3 6 7 13 26 39 78 156 158 314 b
1 2 3 6 7 13 26 39 78 156 312 314 b
1 2 3 6 7 13 26 52 53 104 157 314 a
1 2 3 6 7 13 26 52 53 105 157 314 b
1 2 3 6 7 13 26 52 78 79 157 314 b
1 2 3 6 7 13 26 52 78 156 157 314 b
1 2 3 6 7 13 26 52 78 156 158 314 b
1 2 3 6 7 13 26 52 78 156 312 314 b
1 2 3 6 7 13 26 52 104 105 157 314 b
1 2 3 6 7 13 26 52 104 105 209 314 b
1 2 3 6 7 13 26 52 104 105 210 314 b
1 2 3 6 7 13 26 52 104 106 208 314 a
1 2 3 6 7 13 26 52 104 106 210 314 b
1 2 3 6 7 13 26 52 104 156 157 314 b
1 2 3 6 7 13 26 52 104 156 158 314 b
1 2 3 6 7 13 26 52 104 156 312 314 b
1 2 3 6 7 13 26 52 104 208 210 314 b
1 2 3 6 7 13 26 52 104 208 312 314 b
1 2 3 6 9 10 19 38 76 152 162 314 b
1 2 3 6 9 10 19 38 76 152 304 314 b
1 2 3 6 9 15 24 39 78 79 157 314 b
1 2 3 6 9 15 24 39 78 156 157 314 b
1 2 3 6 9 15 24 39 78 156 158 314 b
1 2 3 6 9 15 24 39 78 156 312 314 b
1 2 3 6 9 15 30 39 78 79 157 314 b
1 2 3 6 9 15 30 39 78 156 157 314 b
1 2 3 6 9 15 30 39 78 156 158 314 b
1 2 3 6 9 15 30 39 78 156 312 314 b
1 2 3 6 9 18 19 37 74 83 157 314 b
1 2 3 6 9 18 19 37 74 148 157 314 b
1 2 3 6 9 18 19 37 74 148 166 314 b
1 2 3 6 9 18 19 37 74 148 296 314 b
1 2 3 6 9 18 21 39 78 79 157 314 b
1 2 3 6 9 18 21 39 78 156 157 314 b
1 2 3 6 9 18 21 39 78 156 158 314 b
1 2 3 6 9 18 21 39 78 156 312 314 b
1 2 3 6 9 18 36 37 74 83 157 314 b
1 2 3 6 9 18 36 37 74 148 157 314 b
1 2 3 6 9 18 36 37 74 148 166 314 b
1 2 3 6 9 18 36 37 74 148 296 314 b
1 2 3 6 9 18 36 38 74 83 157 314 b
1 2 3 6 9 18 36 38 74 148 157 314 b
1 2 3 6 9 18 36 38 74 148 166 314 b
1 2 3 6 9 18 36 38 74 148 296 314 b
1 2 3 6 9 18 36 39 78 79 157 314 b
1 2 3 6 9 18 36 39 78 156 157 314 b
1 2 3 6 9 18 36 39 78 156 158 314 b
1 2 3 6 9 18 36 39 78 156 312 314 b
1 2 3 6 9 18 36 42 78 79 157 314 b
1 2 3 6 9 18 36 42 78 156 157 314 b
1 2 3 6 9 18 36 42 78 156 158 314 b
1 2 3 6 9 18 36 42 78 156 312 314 b
1 2 3 6 9 18 36 72 74 83 157 314 b
1 2 3 6 9 18 36 72 74 148 157 314 b
1 2 3 6 9 18 36 72 74 148 166 314 b
1 2 3 6 9 18 36 72 74 148 296 314 b
1 2 3 6 9 18 36 72 78 79 157 314 b
1 2 3 6 9 18 36 72 78 156 157 314 b
1 2 3 6 9 18 36 72 78 156 158 314 b
1 2 3 6 9 18 36 72 78 156 312 314 b
1 2 3 6 12 13 18 36 72 85 157 314 a
1 2 3 6 12 13 18 36 72 144 157 314 a
1 2 3 6 12 13 24 36 72 85 157 314 a
1 2 3 6 12 13 24 36 72 144 157 314 a
1 2 3 6 12 13 24 48 61 96 157 314 a
1 2 3 6 12 13 24 48 61 109 157 314 a
1 2 3 6 12 13 24 48 72 85 157 314 a
1 2 3 6 12 13 24 48 72 144 157 314 a
1 2 3 6 12 13 24 48 96 109 157 314 a
1 2 3 6 12 13 24 48 96 109 205 314 a
1 2 3 6 12 13 24 48 96 109 218 314 a
1 2 3 6 12 13 24 48 96 144 157 314 a
1 2 3 6 12 13 26 39 78 79 157 314 b
1 2 3 6 12 13 26 39 78 156 157 314 b
1 2 3 6 12 13 26 39 78 156 158 314 b
1 2 3 6 12 13 26 39 78 156 312 314 b
1 2 3 6 12 13 26 52 53 104 157 314 a
1 2 3 6 12 13 26 52 53 105 157 314 b
1 2 3 6 12 13 26 52 78 79 157 314 b
1 2 3 6 12 13 26 52 78 156 157 314 b
1 2 3 6 12 13 26 52 78 156 158 314 b
1 2 3 6 12 13 26 52 78 156 312 314 b
1 2 3 6 12 13 26 52 104 105 157 314 b
1 2 3 6 12 13 26 52 104 105 209 314 b
1 2 3 6 12 13 26 52 104 105 210 314 b
1 2 3 6 12 13 26 52 104 106 208 314 a
1 2 3 6 12 13 26 52 104 106 210 314 b
1 2 3 6 12 13 26 52 104 156 157 314 b
1 2 3 6 12 13 26 52 104 156 158 314 b
1 2 3 6 12 13 26 52 104 156 312 314 b
1 2 3 6 12 13 26 52 104 208 210 314 b
1 2 3 6 12 13 26 52 104 208 312 314 b
1 2 3 6 12 14 26 52 53 104 157 314 a
1 2 3 6 12 14 26 52 53 105 157 314 b
1 2 3 6 12 14 26 52 78 79 157 314 b
1 2 3 6 12 14 26 52 78 156 157 314 b
1 2 3 6 12 14 26 52 78 156 158 314 b
1 2 3 6 12 14 26 52 78 156 312 314 b
1 2 3 6 12 14 26 52 104 105 157 314 b
1 2 3 6 12 14 26 52 104 105 209 314 b
1 2 3 6 12 14 26 52 104 105 210 314 b
1 2 3 6 12 14 26 52 104 106 208 314 a
1 2 3 6 12 14 26 52 104 106 210 314 b
1 2 3 6 12 14 26 52 104 156 157 314 b
1 2 3 6 12 14 26 52 104 156 158 314 b
1 2 3 6 12 14 26 52 104 156 312 314 b
1 2 3 6 12 14 26 52 104 208 210 314 b
1 2 3 6 12 14 26 52 104 208 312 314 b
1 2 3 6 12 15 24 39 78 79 157 314 a
1 2 3 6 12 15 24 39 78 156 157 314 a
1 2 3 6 12 15 24 39 78 156 158 314 a
1 2 3 6 12 15 24 39 78 156 312 314 a
1 2 3 6 12 15 27 39 78 79 157 314 b
1 2 3 6 12 15 27 39 78 156 157 314 b
1 2 3 6 12 15 27 39 78 156 158 314 b
1 2 3 6 12 15 27 39 78 156 312 314 b
1 2 3 6 12 18 19 37 74 148 166 314 b
1 2 3 6 12 18 19 37 74 148 296 314 b
1 2 3 6 12 18 21 39 78 79 157 314 b
1 2 3 6 12 18 21 39 78 156 157 314 b
1 2 3 6 12 18 21 39 78 156 158 314 b
1 2 3 6 12 18 21 39 78 156 312 314 b
1 2 3 6 12 18 30 48 78 79 157 314 b
1 2 3 6 12 18 30 48 78 156 157 314 b
1 2 3 6 12 18 30 48 78 156 158 314 b
1 2 3 6 12 18 30 48 78 156 312 314 b
1 2 3 6 12 18 30 60 78 79 157 314 b
1 2 3 6 12 18 30 60 78 156 157 314 b
1 2 3 6 12 18 30 60 78 156 158 314 b
1 2 3 6 12 18 30 60 78 156 312 314 b
1 2 3 6 12 18 36 37 74 148 166 314 b
1 2 3 6 12 18 36 37 74 148 296 314 b
1 2 3 6 12 18 36 38 74 148 166 314 b
1 2 3 6 12 18 36 38 74 148 296 314 b
1 2 3 6 12 18 36 39 78 79 157 314 b
1 2 3 6 12 18 36 39 78 156 157 314 b
1 2 3 6 12 18 36 39 78 156 158 314 b
1 2 3 6 12 18 36 39 78 156 312 314 b
1 2 3 6 12 18 36 42 78 79 157 314 b
1 2 3 6 12 18 36 42 78 156 157 314 b
1 2 3 6 12 18 36 42 78 156 158 314 b
1 2 3 6 12 18 36 42 78 156 312 314 b
1 2 3 6 12 18 36 72 73 84 157 314 a
1 2 3 6 12 18 36 72 73 85 157 314 b
1 2 3 6 12 18 36 72 73 145 157 314 b
1 2 3 6 12 18 36 72 74 148 166 314 b
1 2 3 6 12 18 36 72 74 148 296 314 b
1 2 3 6 12 18 36 72 78 79 157 314 b
1 2 3 6 12 18 36 72 78 156 157 314 b
1 2 3 6 12 18 36 72 78 156 158 314 b
1 2 3 6 12 18 36 72 78 156 312 314 b
1 2 3 6 12 18 36 72 84 85 157 314 b
1 2 3 6 12 18 36 72 84 156 157 314 b
1 2 3 6 12 18 36 72 84 156 158 314 b
1 2 3 6 12 18 36 72 84 156 312 314 b
1 2 3 6 12 18 36 72 144 145 157 314 b
1 2 3 6 12 18 36 72 144 156 157 314 b
1 2 3 6 12 18 36 72 144 156 158 314 b
1 2 3 6 12 18 36 72 144 156 312 314 b
1 2 3 6 12 24 26 36 72 144 170 314 a
1 2 3 6 12 24 26 36 72 144 288 314 a
1 2 3 6 12 24 26 48 72 144 170 314 a
1 2 3 6 12 24 26 48 72 144 288 314 a
1 2 3 6 12 24 26 48 96 122 192 314 a
1 2 3 6 12 24 26 48 96 122 218 314 a
1 2 3 6 12 24 26 48 96 144 170 314 a
1 2 3 6 12 24 26 48 96 144 288 314 a
1 2 3 6 12 24 26 48 96 192 218 314 a
1 2 3 6 12 24 26 48 96 192 288 314 a
1 2 3 6 12 24 26 52 53 104 157 314 a
1 2 3 6 12 24 26 52 53 105 157 314 b
1 2 3 6 12 24 26 52 78 79 157 314 b
1 2 3 6 12 24 26 52 78 156 157 314 b
1 2 3 6 12 24 26 52 78 156 158 314 b
1 2 3 6 12 24 26 52 78 156 312 314 b
1 2 3 6 12 24 26 52 104 105 157 314 b
1 2 3 6 12 24 26 52 104 105 209 314 b
1 2 3 6 12 24 26 52 104 105 210 314 b
1 2 3 6 12 24 26 52 104 106 208 314 a
1 2 3 6 12 24 26 52 104 106 210 314 b
1 2 3 6 12 24 26 52 104 156 157 314 b
1 2 3 6 12 24 26 52 104 156 158 314 b
1 2 3 6 12 24 26 52 104 156 312 314 b
1 2 3 6 12 24 26 52 104 208 210 314 b
1 2 3 6 12 24 26 52 104 208 312 314 b
1 2 3 6 12 24 27 39 78 79 157 314 b
1 2 3 6 12 24 27 39 78 156 157 314 b
1 2 3 6 12 24 27 39 78 156 158 314 b
1 2 3 6 12 24 27 39 78 156 312 314 b
1 2 3 6 12 24 27 51 53 104 157 314 b
1 2 3 6 12 24 27 51 53 106 157 314 b
1 2 3 6 12 24 27 51 78 79 157 314 b
1 2 3 6 12 24 27 51 78 156 157 314 b
1 2 3 6 12 24 27 51 78 156 158 314 b
1 2 3 6 12 24 27 51 78 156 312 314 b
1 2 3 6 12 24 27 54 78 79 157 314 b
1 2 3 6 12 24 27 54 78 156 157 314 b
1 2 3 6 12 24 27 54 78 156 158 314 b
1 2 3 6 12 24 27 54 78 156 312 314 b
1 2 3 6 12 24 30 48 78 79 157 314 a
1 2 3 6 12 24 30 48 78 156 157 314 a
1 2 3 6 12 24 30 48 78 156 158 314 a
1 2 3 6 12 24 30 48 78 156 312 314 a
1 2 3 6 12 24 30 54 78 79 157 314 b
1 2 3 6 12 24 30 54 78 156 157 314 b
1 2 3 6 12 24 30 54 78 156 158 314 b
1 2 3 6 12 24 30 54 78 156 312 314 b
1 2 3 6 12 24 36 37 60 97 157 314 a
1 2 3 6 12 24 36 37 60 120 157 314 a
1 2 3 6 12 24 36 39 78 79 157 314 b
1 2 3 6 12 24 36 39 78 156 157 314 b
1 2 3 6 12 24 36 39 78 156 158 314 b
1 2 3 6 12 24 36 39 78 156 312 314 b
1 2 3 6 12 24 36 42 78 79 157 314 b
1 2 3 6 12 24 36 42 78 156 157 314 b
1 2 3 6 12 24 36 42 78 156 158 314 b
1 2 3 6 12 24 36 42 78 156 312 314 b
1 2 3 6 12 24 36 60 61 96 157 314 a
1 2 3 6 12 24 36 60 61 97 157 314 b
1 2 3 6 12 24 36 60 61 121 157 314 b
1 2 3 6 12 24 36 60 96 97 157 314 b
1 2 3 6 12 24 36 60 96 156 157 314 b
1 2 3 6 12 24 36 60 96 156 158 314 b
1 2 3 6 12 24 36 60 96 156 312 314 b
1 2 3 6 12 24 36 60 120 121 157 314 b
1 2 3 6 12 24 36 60 120 156 157 314 b
1 2 3 6 12 24 36 60 120 156 158 314 b
1 2 3 6 12 24 36 60 120 156 312 314 b
1 2 3 6 12 24 36 72 73 84 157 314 a
1 2 3 6 12 24 36 72 73 85 157 314 b
1 2 3 6 12 24 36 72 73 145 157 314 b
1 2 3 6 12 24 36 72 73 145 169 314 b
1 2 3 6 12 24 36 72 73 145 290 314 b
1 2 3 6 12 24 36 72 78 79 157 314 b
1 2 3 6 12 24 36 72 78 156 157 314 b
1 2 3 6 12 24 36 72 78 156 158 314 b
1 2 3 6 12 24 36 72 78 156 312 314 b
1 2 3 6 12 24 36 72 84 85 157 314 b
1 2 3 6 12 24 36 72 84 156 157 314 b
1 2 3 6 12 24 36 72 84 156 158 314 b
1 2 3 6 12 24 36 72 84 156 312 314 b
1 2 3 6 12 24 36 72 144 145 157 314 b
1 2 3 6 12 24 36 72 144 145 169 314 b
1 2 3 6 12 24 36 72 144 145 290 314 b
1 2 3 6 12 24 36 72 144 146 168 314 a
1 2 3 6 12 24 36 72 144 146 170 314 b
1 2 3 6 12 24 36 72 144 146 290 314 b
1 2 3 6 12 24 36 72 144 156 157 314 b
1 2 3 6 12 24 36 72 144 156 158 314 b
1 2 3 6 12 24 36 72 144 156 312 314 b
1 2 3 6 12 24 36 72 144 168 170 314 b
1 2 3 6 12 24 36 72 144 168 312 314 b
1 2 3 6 12 24 36 72 144 288 290 314 b
1 2 3 6 12 24 36 72 144 288 312 314 b
1 2 3 6 12 24 48 49 54 103 157 314 a
1 2 3 6 12 24 48 49 54 108 157 314 a
1 2 3 6 12 24 48 49 60 97 157 314 a
1 2 3 6 12 24 48 49 60 108 157 314 a
1 2 3 6 12 24 48 49 60 109 157 314 a
1 2 3 6 12 24 48 49 61 96 157 314 a
1 2 3 6 12 24 48 49 61 109 157 314 b
1 2 3 6 12 24 48 49 72 121 193 314 a
1 2 3 6 12 24 48 49 72 121 242 314 a
1 2 3 6 12 24 48 49 96 108 157 314 a
1 2 3 6 12 24 48 49 96 145 157 314 a
1 2 3 6 12 24 48 49 96 145 169 314 a
1 2 3 6 12 24 48 49 96 145 290 314 a
1 2 3 6 12 24 48 49 97 109 157 314 b
1 2 3 6 12 24 48 49 97 145 157 314 b
1 2 3 6 12 24 48 49 97 145 169 314 b
1 2 3 6 12 24 48 49 97 145 290 314 b
1 2 3 6 12 24 48 51 53 104 157 314 b
1 2 3 6 12 24 48 51 53 106 157 314 b
1 2 3 6 12 24 48 54 55 102 157 314 a
1 2 3 6 12 24 48 54 55 103 157 314 b
1 2 3 6 12 24 48 54 55 109 157 314 b
1 2 3 6 12 24 48 54 78 79 157 314 b
1 2 3 6 12 24 48 54 78 156 157 314 b
1 2 3 6 12 24 48 54 78 156 158 314 b
1 2 3 6 12 24 48 54 78 156 312 314 b
1 2 3 6 12 24 48 54 102 103 157 314 b
1 2 3 6 12 24 48 54 102 156 157 314 b
1 2 3 6 12 24 48 54 102 156 158 314 b
1 2 3 6 12 24 48 54 102 156 312 314 b
1 2 3 6 12 24 48 54 108 109 157 314 b
1 2 3 6 12 24 48 54 108 156 157 314 b
1 2 3 6 12 24 48 54 108 156 158 314 b
1 2 3 6 12 24 48 54 108 156 312 314 b
1 2 3 6 12 24 48 60 61 96 157 314 a
1 2 3 6 12 24 48 60 61 109 157 314 b
1 2 3 6 12 24 48 60 96 97 157 314 a
1 2 3 6 12 24 48 60 96 156 157 314 a
1 2 3 6 12 24 48 60 96 156 158 314 a
1 2 3 6 12 24 48 60 96 156 312 314 a
1 2 3 6 12 24 48 60 108 109 157 314 b
1 2 3 6 12 24 48 60 108 156 157 314 b
1 2 3 6 12 24 48 60 108 156 158 314 b
1 2 3 6 12 24 48 60 108 156 312 314 b
1 2 3 6 12 24 48 72 73 84 157 314 a
1 2 3 6 12 24 48 72 73 85 157 314 b
1 2 3 6 12 24 48 72 73 121 193 314 b
1 2 3 6 12 24 48 72 73 121 242 314 b
1 2 3 6 12 24 48 72 73 145 157 314 b
1 2 3 6 12 24 48 72 73 145 169 314 b
1 2 3 6 12 24 48 72 73 145 290 314 b
1 2 3 6 12 24 48 72 74 120 194 314 a
1 2 3 6 12 24 48 72 74 120 240 314 a
1 2 3 6 12 24 48 72 78 79 157 314 b
1 2 3 6 12 24 48 72 78 156 157 314 b
1 2 3 6 12 24 48 72 78 156 158 314 b
1 2 3 6 12 24 48 72 78 156 312 314 b
1 2 3 6 12 24 48 72 84 85 157 314 b
1 2 3 6 12 24 48 72 84 156 157 314 b
1 2 3 6 12 24 48 72 84 156 158 314 b
1 2 3 6 12 24 48 72 84 156 312 314 b
1 2 3 6 12 24 48 72 120 121 193 314 b
1 2 3 6 12 24 48 72 120 121 242 314 b
1 2 3 6 12 24 48 72 120 122 192 314 a
1 2 3 6 12 24 48 72 120 122 194 314 b
1 2 3 6 12 24 48 72 120 122 242 314 b
1 2 3 6 12 24 48 72 120 192 194 314 b
1 2 3 6 12 24 48 72 120 192 312 314 b
1 2 3 6 12 24 48 72 120 240 242 314 b
1 2 3 6 12 24 48 72 120 240 312 314 b
1 2 3 6 12 24 48 72 144 145 157 314 b
1 2 3 6 12 24 48 72 144 145 169 314 b
1 2 3 6 12 24 48 72 144 145 290 314 b
1 2 3 6 12 24 48 72 144 146 168 314 a
1 2 3 6 12 24 48 72 144 146 170 314 b
1 2 3 6 12 24 48 72 144 146 290 314 b
1 2 3 6 12 24 48 72 144 156 157 314 b
1 2 3 6 12 24 48 72 144 156 158 314 b
1 2 3 6 12 24 48 72 144 156 312 314 b
1 2 3 6 12 24 48 72 144 168 170 314 b
1 2 3 6 12 24 48 72 144 168 312 314 b
1 2 3 6 12 24 48 72 144 288 290 314 b
1 2 3 6 12 24 48 72 144 288 312 314 b
1 2 3 6 12 24 48 96 97 109 157 314 b
1 2 3 6 12 24 48 96 97 109 205 314 b
1 2 3 6 12 24 48 96 97 109 218 314 b
1 2 3 6 12 24 48 96 97 120 194 314 a
1 2 3 6 12 24 48 96 97 120 217 314 a
1 2 3 6 12 24 48 96 97 121 193 314 a
1 2 3 6 12 24 48 96 97 121 217 314 b
1 2 3 6 12 24 48 96 97 121 218 314 b
1 2 3 6 12 24 48 96 97 145 157 314 b
1 2 3 6 12 24 48 96 97 145 169 314 b
1 2 3 6 12 24 48 96 97 145 290 314 b
1 2 3 6 12 24 48 96 97 193 217 314 b
1 2 3 6 12 24 48 96 97 193 290 314 b
1 2 3 6 12 24 48 96 97 194 218 314 b
1 2 3 6 12 24 48 96 97 194 290 314 b
1 2 3 6 12 24 48 96 98 108 206 314 a
1 2 3 6 12 24 48 96 98 108 216 314 a
1 2 3 6 12 24 48 96 98 120 194 314 a
1 2 3 6 12 24 48 96 98 120 216 314 a
1 2 3 6 12 24 48 96 98 120 218 314 a
1 2 3 6 12 24 48 96 98 122 192 314 a
1 2 3 6 12 24 48 96 98 122 218 314 b
1 2 3 6 12 24 48 96 98 192 216 314 a
1 2 3 6 12 24 48 96 98 192 290 314 a
1 2 3 6 12 24 48 96 98 194 218 314 b
1 2 3 6 12 24 48 96 98 194 290 314 b
1 2 3 6 12 24 48 96 108 109 157 314 b
1 2 3 6 12 24 48 96 108 109 205 314 b
1 2 3 6 12 24 48 96 108 109 218 314 b
1 2 3 6 12 24 48 96 108 110 204 314 a
1 2 3 6 12 24 48 96 108 110 206 314 b
1 2 3 6 12 24 48 96 108 110 218 314 b
1 2 3 6 12 24 48 96 108 156 157 314 b
1 2 3 6 12 24 48 96 108 156 158 314 b
1 2 3 6 12 24 48 96 108 156 312 314 b
1 2 3 6 12 24 48 96 108 204 206 314 b
1 2 3 6 12 24 48 96 108 204 312 314 b
1 2 3 6 12 24 48 96 108 216 218 314 b
1 2 3 6 12 24 48 96 108 216 312 314 b
1 2 3 6 12 24 48 96 120 122 192 314 a
1 2 3 6 12 24 48 96 120 122 218 314 b
1 2 3 6 12 24 48 96 120 192 194 314 a
1 2 3 6 12 24 48 96 120 192 312 314 a
1 2 3 6 12 24 48 96 120 216 218 314 b
1 2 3 6 12 24 48 96 120 216 312 314 b
1 2 3 6 12 24 48 96 144 145 157 314 b
1 2 3 6 12 24 48 96 144 145 169 314 b
1 2 3 6 12 24 48 96 144 145 290 314 b
1 2 3 6 12 24 48 96 144 146 168 314 a
1 2 3 6 12 24 48 96 144 146 170 314 b
1 2 3 6 12 24 48 96 144 146 290 314 b
1 2 3 6 12 24 48 96 144 156 157 314 b
1 2 3 6 12 24 48 96 144 156 158 314 b
1 2 3 6 12 24 48 96 144 156 312 314 b
1 2 3 6 12 24 48 96 144 168 170 314 b
1 2 3 6 12 24 48 96 144 168 312 314 b
1 2 3 6 12 24 48 96 144 288 290 314 b
1 2 3 6 12 24 48 96 144 288 312 314 b
1 2 3 6 12 24 48 96 192 194 218 314 b
1 2 3 6 12 24 48 96 192 194 290 314 b
1 2 3 6 12 24 48 96 192 216 218 314 b
1 2 3 6 12 24 48 96 192 216 312 314 b
1 2 3 6 12 24 48 96 192 288 290 314 b
1 2 3 6 12 24 48 96 192 288 312 314 b
1 2 4 5 7 12 19 38 76 81 157 314 b
1 2 4 5 7 12 19 38 76 152 157 314 b
1 2 4 5 7 14 19 38 76 81 157 314 b
1 2 4 5 7 14 19 38 76 152 157 314 b
1 2 4 5 8 13 18 36 72 85 157 314 a
1 2 4 5 8 13 18 36 72 144 157 314 a
1 2 4 5 8 13 21 34 68 89 157 314 a
1 2 4 5 8 13 21 34 68 136 157 314 a
1 2 4 5 8 13 26 39 78 79 157 314 a
1 2 4 5 8 13 26 39 78 156 157 314 a
1 2 4 5 8 13 26 39 78 156 158 314 a
1 2 4 5 8 13 26 39 78 156 312 314 a
1 2 4 5 8 13 26 52 53 104 157 314 a
1 2 4 5 8 13 26 52 53 105 157 314 a
1 2 4 5 8 13 26 52 78 79 157 314 a
1 2 4 5 8 13 26 52 78 156 157 314 a
1 2 4 5 8 13 26 52 78 156 158 314 a
1 2 4 5 8 13 26 52 78 156 312 314 a
1 2 4 5 8 13 26 52 104 105 157 314 a
1 2 4 5 8 13 26 52 104 105 209 314 a
1 2 4 5 8 13 26 52 104 105 210 314 a
1 2 4 5 8 13 26 52 104 106 208 314 a
1 2 4 5 8 13 26 52 104 106 210 314 a
1 2 4 5 8 13 26 52 104 156 157 314 a
1 2 4 5 8 13 26 52 104 156 158 314 a
1 2 4 5 8 13 26 52 104 156 312 314 a
1 2 4 5 8 13 26 52 104 208 210 314 a
1 2 4 5 8 13 26 52 104 208 312 314 a
1 2 4 5 9 10 19 38 76 81 157 314 b
1 2 4 5 9 10 19 38 76 152 157 314 b
1 2 4 5 9 10 19 38 76 152 162 314 b
1 2 4 5 9 10 19 38 76 152 304 314 b
1 2 4 5 9 13 18 36 72 85 157 314 b
1 2 4 5 9 13 18 36 72 144 157 314 b
1 2 4 5 9 13 26 35 61 96 157 314 b
1 2 4 5 9 13 26 35 61 122 157 314 b
1 2 4 5 9 13 26 39 78 79 157 314 b
1 2 4 5 9 13 26 39 78 156 157 314 b
1 2 4 5 9 13 26 39 78 156 158 314 b
1 2 4 5 9 13 26 39 78 156 312 314 b
1 2 4 5 9 13 26 52 53 104 157 314 a
1 2 4 5 9 13 26 52 53 105 157 314 b
1 2 4 5 9 13 26 52 78 79 157 314 b
1 2 4 5 9 13 26 52 78 156 157 314 b
1 2 4 5 9 13 26 52 78 156 158 314 b
1 2 4 5 9 13 26 52 78 156 312 314 b
1 2 4 5 9 13 26 52 104 105 157 314 b
1 2 4 5 9 13 26 52 104 105 209 314 b
1 2 4 5 9 13 26 52 104 105 210 314 b
1 2 4 5 9 13 26 52 104 106 208 314 a
1 2 4 5 9 13 26 52 104 106 210 314 b
1 2 4 5 9 13 26 52 104 156 157 314 b
1 2 4 5 9 13 26 52 104 156 158 314 b
1 2 4 5 9 13 26 52 104 156 312 314 b
1 2 4 5 9 13 26 52 104 208 210 314 b
1 2 4 5 9 13 26 52 104 208 312 314 b
1 2 4 5 9 14 19 38 76 81 157 314 b
1 2 4 5 9 14 19 38 76 152 157 314 b
1 2 4 5 9 14 23 37 60 97 157 314 b
1 2 4 5 9 14 23 37 60 120 157 314 b
1 2 4 5 9 14 23 37 74 83 157 314 b
1 2 4 5 9 14 23 37 74 148 157 314 b
1 2 4 5 9 14 28 37 74 83 157 314 b
1 2 4 5 9 14 28 37 74 148 157 314 b
1 2 4 5 9 18 19 37 74 83 157 314 b
1 2 4 5 9 18 19 37 74 148 157 314 b
1 2 4 5 9 18 19 37 74 148 166 314 b
1 2 4 5 9 18 19 37 74 148 296 314 b
1 2 4 5 9 18 19 38 76 81 157 314 b
1 2 4 5 9 18 19 38 76 152 157 314 b
1 2 4 5 9 18 20 38 76 81 157 314 b
1 2 4 5 9 18 20 38 76 152 157 314 b
1 2 4 5 9 18 36 37 74 83 157 314 b
1 2 4 5 9 18 36 37 74 148 157 314 b
1 2 4 5 9 18 36 37 74 148 166 314 b
1 2 4 5 9 18 36 37 74 148 296 314 b
1 2 4 5 9 18 36 38 74 83 157 314 b
1 2 4 5 9 18 36 38 74 148 157 314 b
1 2 4 5 9 18 36 38 74 148 166 314 b
1 2 4 5 9 18 36 38 74 148 296 314 b
1 2 4 5 9 18 36 38 76 81 157 314 b
1 2 4 5 9 18 36 38 76 152 157 314 b
1 2 4 5 9 18 36 40 76 81 157 314 b
1 2 4 5 9 18 36 40 76 152 157 314 b
1 2 4 5 9 18 36 72 74 83 157 314 b
1 2 4 5 9 18 36 72 74 148 157 314 b
1 2 4 5 9 18 36 72 74 148 166 314 b
1 2 4 5 9 18 36 72 74 148 296 314 b
1 2 4 5 9 18 36 72 76 81 157 314 b
1 2 4 5 9 18 36 72 76 85 157 314 b
1 2 4 5 9 18 36 72 76 148 157 314 b
1 2 4 5 9 18 36 72 76 148 166 314 b
1 2 4 5 9 18 36 72 76 148 296 314 b
1 2 4 5 9 18 36 72 76 152 157 314 b
1 2 4 5 9 18 36 72 81 85 157 314 b
1 2 4 5 9 18 36 72 81 153 157 314 b
1 2 4 5 9 18 36 72 144 148 157 314 b
1 2 4 5 9 18 36 72 144 148 166 314 b
1 2 4 5 9 18 36 72 144 148 296 314 b
1 2 4 5 9 18 36 72 144 153 157 314 b
1 2 4 5 10 14 19 38 76 81 157 314 b
1 2 4 5 10 14 19 38 76 152 157 314 b
1 2 4 5 10 14 19 38 76 152 162 314 b
1 2 4 5 10 14 19 38 76 152 304 314 b
1 2 4 5 10 14 24 38 76 81 157 314 b
1 2 4 5 10 14 24 38 76 152 157 314 b
1 2 4 5 10 14 24 38 76 152 162 314 b
1 2 4 5 10 14 24 38 76 152 304 314 b
1 2 4 5 10 14 28 38 76 81 157 314 b
1 2 4 5 10 14 28 38 76 152 157 314 b
1 2 4 5 10 14 28 38 76 152 162 314 b
1 2 4 5 10 14 28 38 76 152 304 314 b
1 2 4 5 10 15 19 38 76 81 157 314 b
1 2 4 5 10 15 19 38 76 152 157 314 b
1 2 4 5 10 15 19 38 76 152 162 314 b
1 2 4 5 10 15 19 38 76 152 304 314 b
1 2 4 6 7 13 26 39 78 79 157 314 b
1 2 4 6 7 13 26 39 78 156 157 314 b
1 2 4 6 7 13 26 39 78 156 158 314 b
1 2 4 6 7 13 26 39 78 156 312 314 b
1 2 4 6 7 13 26 52 53 104 157 314 a
1 2 4 6 7 13 26 52 53 105 157 314 b
1 2 4 6 7 13 26 52 78 79 157 314 b
1 2 4 6 7 13 26 52 78 156 157 314 b
1 2 4 6 7 13 26 52 78 156 158 314 b
1 2 4 6 7 13 26 52 78 156 312 314 b
1 2 4 6 7 13 26 52 104 105 157 314 b
1 2 4 6 7 13 26 52 104 105 209 314 b
1 2 4 6 7 13 26 52 104 105 210 314 b
1 2 4 6 7 13 26 52 104 106 208 314 a
1 2 4 6 7 13 26 52 104 106 210 314 b
1 2 4 6 7 13 26 52 104 156 157 314 b
1 2 4 6 7 13 26 52 104 156 158 314 b
1 2 4 6 7 13 26 52 104 156 312 314 b
1 2 4 6 7 13 26 52 104 208 210 314 b
1 2 4 6 7 13 26 52 104 208 312 314 b
1 2 4 6 10 14 24 38 76 152 162 314 b
1 2 4 6 10 14 24 38 76 152 304 314 b
1 2 4 6 10 14 28 38 76 152 162 314 b
1 2 4 6 10 14 28 38 76 152 304 314 b
1 2 4 6 10 16 22 38 76 152 162 314 b
1 2 4 6 10 16 22 38 76 152 304 314 b
1 2 4 6 10 16 26 36 72 144 170 314 b
1 2 4 6 10 16 26 36 72 144 288 314 b
1 2 4 6 10 16 26 42 68 136 178 314 b
1 2 4 6 10 16 26 42 68 136 272 314 b
1 2 4 6 10 16 26 52 53 104 157 314 a
1 2 4 6 10 16 26 52 53 105 157 314 b
1 2 4 6 10 16 26 52 78 79 157 314 b
1 2 4 6 10 16 26 52 78 156 157 314 b
1 2 4 6 10 16 26 52 78 156 158 314 b
1 2 4 6 10 16 26 52 78 156 312 314 b
1 2 4 6 10 16 26 52 104 105 157 314 b
1 2 4 6 10 16 26 52 104 105 209 314 b
1 2 4 6 10 16 26 52 104 105 210 314 b
1 2 4 6 10 16 26 52 104 106 208 314 a
1 2 4 6 10 16 26 52 104 106 210 314 b
1 2 4 6 10 16 26 52 104 156 157 314 b
1 2 4 6 10 16 26 52 104 156 158 314 b
1 2 4 6 10 16 26 52 104 156 312 314 b
1 2 4 6 10 16 26 52 104 208 210 314 b
1 2 4 6 10 16 26 52 104 208 312 314 b
1 2 4 6 10 16 32 38 76 152 162 314 b
1 2 4 6 10 16 32 38 76 152 304 314 b
1 2 4 6 10 20 26 36 72 144 170 314 b
1 2 4 6 10 20 26 36 72 144 288 314 b
1 2 4 6 10 20 26 46 72 144 170 314 b
1 2 4 6 10 20 26 46 72 144 288 314 b
1 2 4 6 10 20 26 52 53 104 157 314 a
1 2 4 6 10 20 26 52 53 105 157 314 b
1 2 4 6 10 20 26 52 72 144 170 314 b
1 2 4 6 10 20 26 52 72 144 288 314 b
1 2 4 6 10 20 26 52 78 79 157 314 b
1 2 4 6 10 20 26 52 78 156 157 314 b
1 2 4 6 10 20 26 52 78 156 158 314 b
1 2 4 6 10 20 26 52 78 156 312 314 b
1 2 4 6 10 20 26 52 104 105 157 314 b
1 2 4 6 10 20 26 52 104 105 209 314 b
1 2 4 6 10 20 26 52 104 105 210 314 b
1 2 4 6 10 20 26 52 104 106 208 314 a
1 2 4 6 10 20 26 52 104 106 210 314 b
1 2 4 6 10 20 26 52 104 156 157 314 b
1 2 4 6 10 20 26 52 104 156 158 314 b
1 2 4 6 10 20 26 52 104 156 312 314 b
1 2 4 6 10 20 26 52 104 208 210 314 b
1 2 4 6 10 20 26 52 104 208 312 314 b
1 2 4 6 12 13 18 36 72 85 157 314 a
1 2 4 6 12 13 18 36 72 144 157 314 a
1 2 4 6 12 13 24 36 72 85 157 314 a
1 2 4 6 12 13 24 36 72 144 157 314 a
1 2 4 6 12 13 24 48 61 96 157 314 a
1 2 4 6 12 13 24 48 61 109 157 314 a
1 2 4 6 12 13 24 48 72 85 157 314 a
1 2 4 6 12 13 24 48 72 144 157 314 a
1 2 4 6 12 13 24 48 96 109 157 314 a
1 2 4 6 12 13 24 48 96 109 205 314 a
1 2 4 6 12 13 24 48 96 109 218 314 a
1 2 4 6 12 13 24 48 96 144 157 314 a
1 2 4 6 12 13 26 39 78 79 157 314 b
1 2 4 6 12 13 26 39 78 156 157 314 b
1 2 4 6 12 13 26 39 78 156 158 314 b
1 2 4 6 12 13 26 39 78 156 312 314 b
1 2 4 6 12 13 26 52 53 104 157 314 a
1 2 4 6 12 13 26 52 53 105 157 314 b
1 2 4 6 12 13 26 52 78 79 157 314 b
1 2 4 6 12 13 26 52 78 156 157 314 b
1 2 4 6 12 13 26 52 78 156 158 314 b
1 2 4 6 12 13 26 52 78 156 312 314 b
1 2 4 6 12 13 26 52 104 105 157 314 b
1 2 4 6 12 13 26 52 104 105 209 314 b
1 2 4 6 12 13 26 52 104 105 210 314 b
1 2 4 6 12 13 26 52 104 106 208 314 a
1 2 4 6 12 13 26 52 104 106 210 314 b
1 2 4 6 12 13 26 52 104 156 157 314 b
1 2 4 6 12 13 26 52 104 156 158 314 b
1 2 4 6 12 13 26 52 104 156 312 314 b
1 2 4 6 12 13 26 52 104 208 210 314 b
1 2 4 6 12 13 26 52 104 208 312 314 b
1 2 4 6 12 14 26 52 53 104 157 314 a
1 2 4 6 12 14 26 52 53 105 157 314 b
1 2 4 6 12 14 26 52 78 79 157 314 b
1 2 4 6 12 14 26 52 78 156 157 314 b
1 2 4 6 12 14 26 52 78 156 158 314 b
1 2 4 6 12 14 26 52 78 156 312 314 b
1 2 4 6 12 14 26 52 104 105 157 314 b
1 2 4 6 12 14 26 52 104 105 209 314 b
1 2 4 6 12 14 26 52 104 105 210 314 b
1 2 4 6 12 14 26 52 104 106 208 314 a
1 2 4 6 12 14 26 52 104 106 210 314 b
1 2 4 6 12 14 26 52 104 156 157 314 b
1 2 4 6 12 14 26 52 104 156 158 314 b
1 2 4 6 12 14 26 52 104 156 312 314 b
1 2 4 6 12 14 26 52 104 208 210 314 b
1 2 4 6 12 14 26 52 104 208 312 314 b
1 2 4 6 12 18 19 37 74 148 166 314 b
1 2 4 6 12 18 19 37 74 148 296 314 b
1 2 4 6 12 18 30 48 78 79 157 314 b
1 2 4 6 12 18 30 48 78 156 157 314 b
1 2 4 6 12 18 30 48 78 156 158 314 b
1 2 4 6 12 18 30 48 78 156 312 314 b
1 2 4 6 12 18 30 60 78 79 157 314 b
1 2 4 6 12 18 30 60 78 156 157 314 b
1 2 4 6 12 18 30 60 78 156 158 314 b
1 2 4 6 12 18 30 60 78 156 312 314 b
1 2 4 6 12 18 36 37 74 148 166 314 b
1 2 4 6 12 18 36 37 74 148 296 314 b
1 2 4 6 12 18 36 38 74 148 166 314 b
1 2 4 6 12 18 36 38 74 148 296 314 b
1 2 4 6 12 18 36 42 78 79 157 314 b
1 2 4 6 12 18 36 42 78 156 157 314 b
1 2 4 6 12 18 36 42 78 156 158 314 b
1 2 4 6 12 18 36 42 78 156 312 314 b
1 2 4 6 12 18 36 72 73 84 157 314 a
1 2 4 6 12 18 36 72 73 85 157 314 b
1 2 4 6 12 18 36 72 73 145 157 314 b
1 2 4 6 12 18 36 72 74 148 166 314 b
1 2 4 6 12 18 36 72 74 148 296 314 b
1 2 4 6 12 18 36 72 76 148 166 314 b
1 2 4 6 12 18 36 72 76 148 296 314 b
1 2 4 6 12 18 36 72 78 79 157 314 b
1 2 4 6 12 18 36 72 78 156 157 314 b
1 2 4 6 12 18 36 72 78 156 158 314 b
1 2 4 6 12 18 36 72 78 156 312 314 b
1 2 4 6 12 18 36 72 84 85 157 314 b
1 2 4 6 12 18 36 72 84 156 157 314 b
1 2 4 6 12 18 36 72 84 156 158 314 b
1 2 4 6 12 18 36 72 84 156 312 314 b
1 2 4 6 12 18 36 72 144 145 157 314 b
1 2 4 6 12 18 36 72 144 148 166 314 b
1 2 4 6 12 18 36 72 144 148 296 314 b
1 2 4 6 12 18 36 72 144 156 157 314 b
1 2 4 6 12 18 36 72 144 156 158 314 b
1 2 4 6 12 18 36 72 144 156 312 314 b
1 2 4 6 12 24 26 36 72 144 170 314 a
1 2 4 6 12 24 26 36 72 144 288 314 a
1 2 4 6 12 24 26 48 72 144 170 314 a
1 2 4 6 12 24 26 48 72 144 288 314 a
1 2 4 6 12 24 26 48 96 122 192 314 a
1 2 4 6 12 24 26 48 96 122 218 314 a
1 2 4 6 12 24 26 48 96 144 170 314 a
1 2 4 6 12 24 26 48 96 144 288 314 a
1 2 4 6 12 24 26 48 96 192 218 314 a
1 2 4 6 12 24 26 48 96 192 288 314 a
1 2 4 6 12 24 26 52 53 104 157 314 a
1 2 4 6 12 24 26 52 53 105 157 314 b
1 2 4 6 12 24 26 52 78 79 157 314 b
1 2 4 6 12 24 26 52 78 156 157 314 b
1 2 4 6 12 24 26 52 78 156 158 314 b
1 2 4 6 12 24 26 52 78 156 312 314 b
1 2 4 6 12 24 26 52 104 105 157 314 b
1 2 4 6 12 24 26 52 104 105 209 314 b
1 2 4 6 12 24 26 52 104 105 210 314 b
1 2 4 6 12 24 26 52 104 106 208 314 a
1 2 4 6 12 24 26 52 104 106 210 314 b
1 2 4 6 12 24 26 52 104 156 157 314 b
1 2 4 6 12 24 26 52 104 156 158 314 b
1 2 4 6 12 24 26 52 104 156 312 314 b
1 2 4 6 12 24 26 52 104 208 210 314 b
1 2 4 6 12 24 26 52 104 208 312 314 b
1 2 4 6 12 24 28 52 53 104 157 314 a
1 2 4 6 12 24 28 52 53 105 157 314 b
1 2 4 6 12 24 28 52 104 105 157 314 b
1 2 4 6 12 24 28 52 104 105 209 314 b
1 2 4 6 12 24 28 52 104 105 210 314 b
1 2 4 6 12 24 28 52 104 106 208 314 a
1 2 4 6 12 24 28 52 104 106 210 314 b
1 2 4 6 12 24 28 52 104 156 157 314 b
1 2 4 6 12 24 28 52 104 156 158 314 b
1 2 4 6 12 24 28 52 104 156 312 314 b
1 2 4 6 12 24 28 52 104 208 210 314 b
1 2 4 6 12 24 28 52 104 208 312 314 b
1 2 4 6 12 24 30 48 78 79 157 314 a
1 2 4 6 12 24 30 48 78 156 157 314 a
1 2 4 6 12 24 30 48 78 156 158 314 a
1 2 4 6 12 24 30 48 78 156 312 314 a
1 2 4 6 12 24 30 54 78 79 157 314 b
1 2 4 6 12 24 30 54 78 156 157 314 b
1 2 4 6 12 24 30 54 78 156 158 314 b
1 2 4 6 12 24 30 54 78 156 312 314 b
1 2 4 6 12 24 36 37 60 97 157 314 a
1 2 4 6 12 24 36 37 60 120 157 314 a
1 2 4 6 12 24 36 42 78 79 157 314 b
1 2 4 6 12 24 36 42 78 156 157 314 b
1 2 4 6 12 24 36 42 78 156 158 314 b
1 2 4 6 12 24 36 42 78 156 312 314 b
1 2 4 6 12 24 36 60 61 96 157 314 a
1 2 4 6 12 24 36 60 61 97 157 314 b
1 2 4 6 12 24 36 60 61 121 157 314 b
1 2 4 6 12 24 36 60 96 97 157 314 b
1 2 4 6 12 24 36 60 96 156 157 314 b
1 2 4 6 12 24 36 60 96 156 158 314 b
1 2 4 6 12 24 36 60 96 156 312 314 b
1 2 4 6 12 24 36 60 120 121 157 314 b
1 2 4 6 12 24 36 60 120 156 157 314 b
1 2 4 6 12 24 36 60 120 156 158 314 b
1 2 4 6 12 24 36 60 120 156 312 314 b
1 2 4 6 12 24 36 72 73 84 157 314 a
1 2 4 6 12 24 36 72 73 85 157 314 b
1 2 4 6 12 24 36 72 73 145 157 314 b
1 2 4 6 12 24 36 72 73 145 169 314 b
1 2 4 6 12 24 36 72 73 145 290 314 b
1 2 4 6 12 24 36 72 78 79 157 314 b
1 2 4 6 12 24 36 72 78 156 157 314 b
1 2 4 6 12 24 36 72 78 156 158 314 b
1 2 4 6 12 24 36 72 78 156 312 314 b
1 2 4 6 12 24 36 72 84 85 157 314 b
1 2 4 6 12 24 36 72 84 156 157 314 b
1 2 4 6 12 24 36 72 84 156 158 314 b
1 2 4 6 12 24 36 72 84 156 312 314 b
1 2 4 6 12 24 36 72 144 145 157 314 b
1 2 4 6 12 24 36 72 144 145 169 314 b
1 2 4 6 12 24 36 72 144 145 290 314 b
1 2 4 6 12 24 36 72 144 146 168 314 a
1 2 4 6 12 24 36 72 144 146 170 314 b
1 2 4 6 12 24 36 72 144 146 290 314 b
1 2 4 6 12 24 36 72 144 156 157 314 b
1 2 4 6 12 24 36 72 144 156 158 314 b
1 2 4 6 12 24 36 72 144 156 312 314 b
1 2 4 6 12 24 36 72 144 168 170 314 b
1 2 4 6 12 24 36 72 144 168 312 314 b
1 2 4 6 12 24 36 72 144 288 290 314 b
1 2 4 6 12 24 36 72 144 288 312 314 b
1 2 4 6 12 24 48 49 54 103 157 314 a
1 2 4 6 12 24 48 49 54 108 157 314 a
1 2 4 6 12 24 48 49 60 97 157 314 a
1 2 4 6 12 24 48 49 60 108 157 314 a
1 2 4 6 12 24 48 49 60 109 157 314 a
1 2 4 6 12 24 48 49 61 96 157 314 a
1 2 4 6 12 24 48 49 61 109 157 314 b
1 2 4 6 12 24 48 49 72 121 193 314 a
1 2 4 6 12 24 48 49 72 121 242 314 a
1 2 4 6 12 24 48 49 96 108 157 314 a
1 2 4 6 12 24 48 49 96 145 157 314 a
1 2 4 6 12 24 48 49 96 145 169 314 a
1 2 4 6 12 24 48 49 96 145 290 314 a
1 2 4 6 12 24 48 49 97 109 157 314 b
1 2 4 6 12 24 48 49 97 145 157 314 b
1 2 4 6 12 24 48 49 97 145 169 314 b
1 2 4 6 12 24 48 49 97 145 290 314 b
1 2 4 6 12 24 48 52 53 104 157 314 a
1 2 4 6 12 24 48 52 53 105 157 314 b
1 2 4 6 12 24 48 52 104 105 157 314 b
1 2 4 6 12 24 48 52 104 105 209 314 b
1 2 4 6 12 24 48 52 104 105 210 314 b
1 2 4 6 12 24 48 52 104 106 208 314 a
1 2 4 6 12 24 48 52 104 106 210 314 b
1 2 4 6 12 24 48 52 104 156 157 314 b
1 2 4 6 12 24 48 52 104 156 158 314 b
1 2 4 6 12 24 48 52 104 156 312 314 b
1 2 4 6 12 24 48 52 104 208 210 314 b
1 2 4 6 12 24 48 52 104 208 312 314 b
1 2 4 6 12 24 48 54 55 102 157 314 a
1 2 4 6 12 24 48 54 55 103 157 314 b
1 2 4 6 12 24 48 54 55 109 157 314 b
1 2 4 6 12 24 48 54 78 79 157 314 b
1 2 4 6 12 24 48 54 78 156 157 314 b
1 2 4 6 12 24 48 54 78 156 158 314 b
1 2 4 6 12 24 48 54 78 156 312 314 b
1 2 4 6 12 24 48 54 102 103 157 314 b
1 2 4 6 12 24 48 54 102 106 208 314 b
1 2 4 6 12 24 48 54 102 106 212 314 b
1 2 4 6 12 24 48 54 102 156 157 314 b
1 2 4 6 12 24 48 54 102 156 158 314 b
1 2 4 6 12 24 48 54 102 156 312 314 b
1 2 4 6 12 24 48 54 108 109 157 314 b
1 2 4 6 12 24 48 54 108 156 157 314 b
1 2 4 6 12 24 48 54 108 156 158 314 b
1 2 4 6 12 24 48 54 108 156 312 314 b
1 2 4 6 12 24 48 60 61 96 157 314 a
1 2 4 6 12 24 48 60 61 109 157 314 b
1 2 4 6 12 24 48 60 96 97 157 314 a
1 2 4 6 12 24 48 60 96 156 157 314 a
1 2 4 6 12 24 48 60 96 156 158 314 a
1 2 4 6 12 24 48 60 96 156 312 314 a
1 2 4 6 12 24 48 60 108 109 157 314 b
1 2 4 6 12 24 48 60 108 156 157 314 b
1 2 4 6 12 24 48 60 108 156 158 314 b
1 2 4 6 12 24 48 60 108 156 312 314 b
1 2 4 6 12 24 48 72 73 84 157 314 a
1 2 4 6 12 24 48 72 73 85 157 314 b
1 2 4 6 12 24 48 72 73 121 193 314 b
1 2 4 6 12 24 48 72 73 121 242 314 b
1 2 4 6 12 24 48 72 73 145 157 314 b
1 2 4 6 12 24 48 72 73 145 169 314 b
1 2 4 6 12 24 48 72 73 145 290 314 b
1 2 4 6 12 24 48 72 74 120 194 314 a
1 2 4 6 12 24 48 72 74 120 240 314 a
1 2 4 6 12 24 48 72 78 79 157 314 b
1 2 4 6 12 24 48 72 78 156 157 314 b
1 2 4 6 12 24 48 72 78 156 158 314 b
1 2 4 6 12 24 48 72 78 156 312 314 b
1 2 4 6 12 24 48 72 84 85 157 314 b
1 2 4 6 12 24 48 72 84 156 157 314 b
1 2 4 6 12 24 48 72 84 156 158 314 b
1 2 4 6 12 24 48 72 84 156 312 314 b
1 2 4 6 12 24 48 72 120 121 193 314 b
1 2 4 6 12 24 48 72 120 121 242 314 b
1 2 4 6 12 24 48 72 120 122 192 314 a
1 2 4 6 12 24 48 72 120 122 194 314 b
1 2 4 6 12 24 48 72 120 122 242 314 b
1 2 4 6 12 24 48 72 120 192 194 314 b
1 2 4 6 12 24 48 72 120 192 312 314 b
1 2 4 6 12 24 48 72 120 240 242 314 b
1 2 4 6 12 24 48 72 120 240 312 314 b
1 2 4 6 12 24 48 72 144 145 157 314 b
1 2 4 6 12 24 48 72 144 145 169 314 b
1 2 4 6 12 24 48 72 144 145 290 314 b
1 2 4 6 12 24 48 72 144 146 168 314 a
1 2 4 6 12 24 48 72 144 146 170 314 b
1 2 4 6 12 24 48 72 144 146 290 314 b
1 2 4 6 12 24 48 72 144 156 157 314 b
1 2 4 6 12 24 48 72 144 156 158 314 b
1 2 4 6 12 24 48 72 144 156 312 314 b
1 2 4 6 12 24 48 72 144 168 170 314 b
1 2 4 6 12 24 48 72 144 168 312 314 b
1 2 4 6 12 24 48 72 144 288 290 314 b
1 2 4 6 12 24 48 72 144 288 312 314 b
1 2 4 6 12 24 48 96 97 109 157 314 b
1 2 4 6 12 24 48 96 97 109 205 314 b
1 2 4 6 12 24 48 96 97 109 218 314 b
1 2 4 6 12 24 48 96 97 120 194 314 a
1 2 4 6 12 24 48 96 97 120 217 314 a
1 2 4 6 12 24 48 96 97 121 193 314 a
1 2 4 6 12 24 48 96 97 121 217 314 b
1 2 4 6 12 24 48 96 97 121 218 314 b
1 2 4 6 12 24 48 96 97 145 157 314 b
1 2 4 6 12 24 48 96 97 145 169 314 b
1 2 4 6 12 24 48 96 97 145 290 314 b
1 2 4 6 12 24 48 96 97 193 217 314 b
1 2 4 6 12 24 48 96 97 193 290 314 b
1 2 4 6 12 24 48 96 97 194 218 314 b
1 2 4 6 12 24 48 96 97 194 290 314 b
1 2 4 6 12 24 48 96 98 108 206 314 a
1 2 4 6 12 24 48 96 98 108 216 314 a
1 2 4 6 12 24 48 96 98 120 194 314 a
1 2 4 6 12 24 48 96 98 120 216 314 a
1 2 4 6 12 24 48 96 98 120 218 314 a
1 2 4 6 12 24 48 96 98 122 192 314 a
1 2 4 6 12 24 48 96 98 122 218 314 b
1 2 4 6 12 24 48 96 98 192 216 314 a
1 2 4 6 12 24 48 96 98 192 290 314 a
1 2 4 6 12 24 48 96 98 194 218 314 b
1 2 4 6 12 24 48 96 98 194 290 314 b
1 2 4 6 12 24 48 96 102 106 208 314 b
1 2 4 6 12 24 48 96 102 106 212 314 b
1 2 4 6 12 24 48 96 108 109 157 314 b
1 2 4 6 12 24 48 96 108 109 205 314 b
1 2 4 6 12 24 48 96 108 109 218 314 b
1 2 4 6 12 24 48 96 108 110 204 314 a
1 2 4 6 12 24 48 96 108 110 206 314 b
1 2 4 6 12 24 48 96 108 110 218 314 b
1 2 4 6 12 24 48 96 108 156 157 314 b
1 2 4 6 12 24 48 96 108 156 158 314 b
1 2 4 6 12 24 48 96 108 156 312 314 b
1 2 4 6 12 24 48 96 108 204 206 314 b
1 2 4 6 12 24 48 96 108 204 312 314 b
1 2 4 6 12 24 48 96 108 216 218 314 b
1 2 4 6 12 24 48 96 108 216 312 314 b
1 2 4 6 12 24 48 96 120 122 192 314 a
1 2 4 6 12 24 48 96 120 122 218 314 b
1 2 4 6 12 24 48 96 120 192 194 314 a
1 2 4 6 12 24 48 96 120 192 312 314 a
1 2 4 6 12 24 48 96 120 216 218 314 b
1 2 4 6 12 24 48 96 120 216 312 314 b
1 2 4 6 12 24 48 96 144 145 157 314 b
1 2 4 6 12 24 48 96 144 145 169 314 b
1 2 4 6 12 24 48 96 144 145 290 314 b
1 2 4 6 12 24 48 96 144 146 168 314 a
1 2 4 6 12 24 48 96 144 146 170 314 b
1 2 4 6 12 24 48 96 144 146 290 314 b
1 2 4 6 12 24 48 96 144 156 157 314 b
1 2 4 6 12 24 48 96 144 156 158 314 b
1 2 4 6 12 24 48 96 144 156 312 314 b
1 2 4 6 12 24 48 96 144 168 170 314 b
1 2 4 6 12 24 48 96 144 168 312 314 b
1 2 4 6 12 24 48 96 144 288 290 314 b
1 2 4 6 12 24 48 96 144 288 312 314 b
1 2 4 6 12 24 48 96 192 194 218 314 b
1 2 4 6 12 24 48 96 192 194 290 314 b
1 2 4 6 12 24 48 96 192 216 218 314 b
1 2 4 6 12 24 48 96 192 216 312 314 b
1 2 4 6 12 24 48 96 192 288 290 314 b
1 2 4 6 12 24 48 96 192 288 312 314 b
1 2 4 8 9 10 19 38 76 152 162 314 b
1 2 4 8 9 10 19 38 76 152 304 314 b
1 2 4 8 9 13 18 36 72 85 157 314 a
1 2 4 8 9 13 18 36 72 144 157 314 a
1 2 4 8 9 13 21 34 68 89 157 314 b
1 2 4 8 9 13 21 34 68 136 157 314 b
1 2 4 8 9 13 26 35 61 96 157 314 b
1 2 4 8 9 13 26 35 61 122 157 314 b
1 2 4 8 9 13 26 39 78 79 157 314 b
1 2 4 8 9 13 26 39 78 156 157 314 b
1 2 4 8 9 13 26 39 78 156 158 314 b
1 2 4 8 9 13 26 39 78 156 312 314 b
1 2 4 8 9 13 26 52 53 104 157 314 a
1 2 4 8 9 13 26 52 53 105 157 314 b
1 2 4 8 9 13 26 52 78 79 157 314 b
1 2 4 8 9 13 26 52 78 156 157 314 b
1 2 4 8 9 13 26 52 78 156 158 314 b
1 2 4 8 9 13 26 52 78 156 312 314 b
1 2 4 8 9 13 26 52 104 105 157 314 b
1 2 4 8 9 13 26 52 104 105 209 314 b
1 2 4 8 9 13 26 52 104 105 210 314 b
1 2 4 8 9 13 26 52 104 106 208 314 a
1 2 4 8 9 13 26 52 104 106 210 314 b
1 2 4 8 9 13 26 52 104 156 157 314 b
1 2 4 8 9 13 26 52 104 156 158 314 b
1 2 4 8 9 13 26 52 104 156 312 314 b
1 2 4 8 9 13 26 52 104 208 210 314 b
1 2 4 8 9 13 26 52 104 208 312 314 b
1 2 4 8 9 16 25 33 66 91 157 314 a
1 2 4 8 9 16 25 33 66 132 157 314 a
1 2 4 8 9 16 25 41 66 91 157 314 a
1 2 4 8 9 16 25 41 66 132 157 314 a
1 2 4 8 9 16 25 50 66 91 157 314 a
1 2 4 8 9 16 25 50 66 132 157 314 a
1 2 4 8 9 16 25 50 66 132 182 314 a
1 2 4 8 9 16 25 50 66 132 264 314 a
1 2 4 8 9 17 18 35 70 87 157 314 b
1 2 4 8 9 17 18 35 70 140 157 314 b
1 2 4 8 9 17 21 34 68 89 157 314 a
1 2 4 8 9 17 21 34 68 136 157 314 a
1 2 4 8 9 17 25 33 66 91 157 314 b
1 2 4 8 9 17 25 33 66 132 157 314 b
1 2 4 8 9 17 26 35 61 96 157 314 b
1 2 4 8 9 17 26 35 61 122 157 314 b
1 2 4 8 9 17 26 35 70 87 157 314 b
1 2 4 8 9 17 26 35 70 140 157 314 b
1 2 4 8 9 17 26 52 53 104 157 314 a
1 2 4 8 9 17 26 52 53 105 157 314 b
1 2 4 8 9 17 26 52 78 79 157 314 b
1 2 4 8 9 17 26 52 78 156 157 314 b
1 2 4 8 9 17 26 52 78 156 158 314 b
1 2 4 8 9 17 26 52 78 156 312 314 b
1 2 4 8 9 17 26 52 104 105 157 314 b
1 2 4 8 9 17 26 52 104 105 209 314 b
1 2 4 8 9 17 26 52 104 105 210 314 b
1 2 4 8 9 17 26 52 104 106 208 314 a
1 2 4 8 9 17 26 52 104 106 210 314 b
1 2 4 8 9 17 26 52 104 156 157 314 b
1 2 4 8 9 17 26 52 104 156 158 314 b
1 2 4 8 9 17 26 52 104 156 312 314 b
1 2 4 8 9 17 26 52 104 208 210 314 b
1 2 4 8 9 17 26 52 104 208 312 314 b
1 2 4 8 9 17 34 35 70 87 157 314 b
1 2 4 8 9 17 34 35 70 140 157 314 b
1 2 4 8 9 17 34 35 70 140 174 314 b
1 2 4 8 9 17 34 35 70 140 280 314 b
1 2 4 8 9 17 34 36 70 87 157 314 b
1 2 4 8 9 17 34 36 70 140 157 314 b
1 2 4 8 9 17 34 36 70 140 174 314 b
1 2 4 8 9 17 34 36 70 140 280 314 b
1 2 4 8 9 17 34 42 68 136 178 314 a
1 2 4 8 9 17 34 42 68 136 272 314 a
1 2 4 8 9 17 34 51 53 104 157 314 b
1 2 4 8 9 17 34 51 53 106 157 314 b
1 2 4 8 9 17 34 51 55 102 157 314 a
1 2 4 8 9 17 34 51 55 106 157 314 b
1 2 4 8 9 17 34 51 102 106 157 314 b
1 2 4 8 9 17 34 51 102 106 208 314 b
1 2 4 8 9 17 34 51 102 106 212 314 b
1 2 4 8 9 17 34 51 102 110 204 314 a
1 2 4 8 9 17 34 51 102 110 212 314 b
1 2 4 8 9 17 34 51 102 153 157 314 b
1 2 4 8 9 17 34 51 102 153 161 314 b
1 2 4 8 9 17 34 51 102 153 306 314 b
1 2 4 8 9 17 34 51 102 204 212 314 b
1 2 4 8 9 17 34 51 102 204 306 314 b
1 2 4 8 9 17 34 68 70 87 157 314 b
1 2 4 8 9 17 34 68 70 140 157 314 b
1 2 4 8 9 17 34 68 70 140 174 314 b
1 2 4 8 9 17 34 68 70 140 280 314 b
1 2 4 8 9 17 34 68 72 85 157 314 a
1 2 4 8 9 17 34 68 72 89 157 314 b
1 2 4 8 9 17 34 68 72 140 157 314 b
1 2 4 8 9 17 34 68 72 140 174 314 b
1 2 4 8 9 17 34 68 72 140 280 314 b
1 2 4 8 9 17 34 68 85 89 157 314 b
1 2 4 8 9 17 34 68 85 153 157 314 b
1 2 4 8 9 17 34 68 85 153 161 314 b
1 2 4 8 9 17 34 68 85 153 306 314 b
1 2 4 8 9 17 34 68 102 106 208 314 b
1 2 4 8 9 17 34 68 102 106 212 314 b
1 2 4 8 9 17 34 68 102 110 204 314 a
1 2 4 8 9 17 34 68 102 110 212 314 b
1 2 4 8 9 17 34 68 102 204 212 314 b
1 2 4 8 9 17 34 68 102 204 306 314 b
1 2 4 8 9 17 34 68 136 140 157 314 b
1 2 4 8 9 17 34 68 136 140 174 314 b
1 2 4 8 9 17 34 68 136 140 280 314 b
1 2 4 8 9 17 34 68 136 144 170 314 a
1 2 4 8 9 17 34 68 136 144 178 314 b
1 2 4 8 9 17 34 68 136 144 280 314 b
1 2 4 8 9 17 34 68 136 153 157 314 b
1 2 4 8 9 17 34 68 136 153 161 314 b
1 2 4 8 9 17 34 68 136 153 306 314 b
1 2 4 8 9 17 34 68 136 170 178 314 b
1 2 4 8 9 17 34 68 136 170 306 314 b
1 2 4 8 9 17 34 68 136 272 280 314 b
1 2 4 8 9 17 34 68 136 272 306 314 b
1 2 4 8 9 18 19 37 74 83 157 314 b
1 2 4 8 9 18 19 37 74 148 157 314 b
1 2 4 8 9 18 19 37 74 148 166 314 b
1 2 4 8 9 18 19 37 74 148 296 314 b
1 2 4 8 9 18 26 35 61 96 157 314 b
1 2 4 8 9 18 26 35 61 122 157 314 b
1 2 4 8 9 18 26 36 72 144 170 314 a
1 2 4 8 9 18 26 36 72 144 288 314 a
1 2 4 8 9 18 26 52 53 104 157 314 a
1 2 4 8 9 18 26 52 53 105 157 314 b
1 2 4 8 9 18 26 52 70 122 192 314 b
1 2 4 8 9 18 26 52 70 122 244 314 b
1 2 4 8 9 18 26 52 78 79 157 314 b
1 2 4 8 9 18 26 52 78 156 157 314 b
1 2 4 8 9 18 26 52 78 156 158 314 b
1 2 4 8 9 18 26 52 78 156 312 314 b
1 2 4 8 9 18 26 52 104 105 157 314 b
1 2 4 8 9 18 26 52 104 105 209 314 b
1 2 4 8 9 18 26 52 104 105 210 314 b
1 2 4 8 9 18 26 52 104 106 208 314 a
1 2 4 8 9 18 26 52 104 106 210 314 b
1 2 4 8 9 18 26 52 104 156 157 314 b
1 2 4 8 9 18 26 52 104 156 158 314 b
1 2 4 8 9 18 26 52 104 156 312 314 b
1 2 4 8 9 18 26 52 104 208 210 314 b
1 2 4 8 9 18 26 52 104 208 312 314 b
1 2 4 8 9 18 36 37 74 83 157 314 b
1 2 4 8 9 18 36 37 74 148 157 314 b
1 2 4 8 9 18 36 37 74 148 166 314 b
1 2 4 8 9 18 36 37 74 148 296 314 b
1 2 4 8 9 18 36 38 74 83 157 314 b
1 2 4 8 9 18 36 38 74 148 157 314 b
1 2 4 8 9 18 36 38 74 148 166 314 b
1 2 4 8 9 18 36 38 74 148 296 314 b
1 2 4 8 9 18 36 72 74 83 157 314 b
1 2 4 8 9 18 36 72 74 148 157 314 b
1 2 4 8 9 18 36 72 74 148 166 314 b
1 2 4 8 9 18 36 72 74 148 296 314 b
1 2 4 8 9 18 36 72 76 81 157 314 a
1 2 4 8 9 18 36 72 76 85 157 314 b
1 2 4 8 9 18 36 72 76 148 157 314 b
1 2 4 8 9 18 36 72 76 148 166 314 b
1 2 4 8 9 18 36 72 76 148 296 314 b
1 2 4 8 9 18 36 72 81 85 157 314 b
1 2 4 8 9 18 36 72 81 153 157 314 b
1 2 4 8 9 18 36 72 81 153 161 314 b
1 2 4 8 9 18 36 72 81 153 306 314 b
1 2 4 8 9 18 36 72 144 148 157 314 b
1 2 4 8 9 18 36 72 144 148 166 314 b
1 2 4 8 9 18 36 72 144 148 296 314 b
1 2 4 8 9 18 36 72 144 152 162 314 a
1 2 4 8 9 18 36 72 144 152 170 314 b
1 2 4 8 9 18 36 72 144 152 296 314 b
1 2 4 8 9 18 36 72 144 153 157 314 b
1 2 4 8 9 18 36 72 144 153 161 314 b
1 2 4 8 9 18 36 72 144 153 306 314 b
1 2 4 8 9 18 36 72 144 162 170 314 b
1 2 4 8 9 18 36 72 144 162 306 314 b
1 2 4 8 9 18 36 72 144 288 296 314 b
1 2 4 8 9 18 36 72 144 288 306 314 b
1 2 4 8 10 11 19 38 76 152 162 314 b
1 2 4 8 10 11 19 38 76 152 304 314 b
1 2 4 8 10 14 24 38 76 152 162 314 b
1 2 4 8 10 14 24 38 76 152 304 314 b
1 2 4 8 10 14 28 38 76 152 162 314 b
1 2 4 8 10 14 28 38 76 152 304 314 b
1 2 4 8 10 16 26 36 72 144 170 314 a
1 2 4 8 10 16 26 36 72 144 288 314 a
1 2 4 8 10 16 26 42 68 136 178 314 a
1 2 4 8 10 16 26 42 68 136 272 314 a
1 2 4 8 10 16 26 52 53 104 157 314 a
1 2 4 8 10 16 26 52 53 105 157 314 a
1 2 4 8 10 16 26 52 78 79 157 314 a
1 2 4 8 10 16 26 52 78 156 157 314 a
1 2 4 8 10 16 26 52 78 156 158 314 a
1 2 4 8 10 16 26 52 78 156 312 314 a
1 2 4 8 10 16 26 52 104 105 157 314 a
1 2 4 8 10 16 26 52 104 105 209 314 a
1 2 4 8 10 16 26 52 104 105 210 314 a
1 2 4 8 10 16 26 52 104 106 208 314 a
1 2 4 8 10 16 26 52 104 106 210 314 a
1 2 4 8 10 16 26 52 104 156 157 314 a
1 2 4 8 10 16 26 52 104 156 158 314 a
1 2 4 8 10 16 26 52 104 156 312 314 a
1 2 4 8 10 16 26 52 104 208 210 314 a
1 2 4 8 10 16 26 52 104 208 312 314 a
1 2 4 8 10 18 19 37 74 148 166 314 b
1 2 4 8 10 18 19 37 74 148 296 314 b
1 2 4 8 10 18 19 38 76 152 162 314 b
1 2 4 8 10 18 19 38 76 152 304 314 b
1 2 4 8 10 18 20 38 76 152 162 314 b
1 2 4 8 10 18 20 38 76 152 304 314 b
1 2 4 8 10 18 26 36 72 144 170 314 b
1 2 4 8 10 18 26 36 72 144 288 314 b
1 2 4 8 10 18 26 52 53 104 157 314 a
1 2 4 8 10 18 26 52 53 105 157 314 b
1 2 4 8 10 18 26 52 70 122 192 314 b
1 2 4 8 10 18 26 52 70 122 244 314 b
1 2 4 8 10 18 26 52 78 79 157 314 b
1 2 4 8 10 18 26 52 78 156 157 314 b
1 2 4 8 10 18 26 52 78 156 158 314 b
1 2 4 8 10 18 26 52 78 156 312 314 b
1 2 4 8 10 18 26 52 104 105 157 314 b
1 2 4 8 10 18 26 52 104 105 209 314 b
1 2 4 8 10 18 26 52 104 105 210 314 b
1 2 4 8 10 18 26 52 104 106 208 314 a
1 2 4 8 10 18 26 52 104 106 210 314 b
1 2 4 8 10 18 26 52 104 156 157 314 b
1 2 4 8 10 18 26 52 104 156 158 314 b
1 2 4 8 10 18 26 52 104 156 312 314 b
1 2 4 8 10 18 26 52 104 208 210 314 b
1 2 4 8 10 18 26 52 104 208 312 314 b
1 2 4 8 10 18 28 38 76 152 162 314 b
1 2 4 8 10 18 28 38 76 152 304 314 b
1 2 4 8 10 18 28 46 74 120 194 314 b
1 2 4 8 10 18 28 46 74 120 240 314 b
1 2 4 8 10 18 28 46 74 148 166 314 b
1 2 4 8 10 18 28 46 74 148 296 314 b
1 2 4 8 10 18 28 56 74 148 166 314 b
1 2 4 8 10 18 28 56 74 148 296 314 b
1 2 4 8 10 18 36 37 74 148 166 314 b
1 2 4 8 10 18 36 37 74 148 296 314 b
1 2 4 8 10 18 36 38 74 148 166 314 b
1 2 4 8 10 18 36 38 74 148 296 314 b
1 2 4 8 10 18 36 38 76 152 162 314 b
1 2 4 8 10 18 36 38 76 152 304 314 b
1 2 4 8 10 18 36 40 76 152 162 314 b
1 2 4 8 10 18 36 40 76 152 304 314 b
1 2 4 8 10 18 36 72 74 148 166 314 b
1 2 4 8 10 18 36 72 74 148 296 314 b
1 2 4 8 10 18 36 72 76 148 166 314 b
1 2 4 8 10 18 36 72 76 148 296 314 b
1 2 4 8 10 18 36 72 76 152 162 314 b
1 2 4 8 10 18 36 72 76 152 304 314 b
1 2 4 8 10 18 36 72 80 152 162 314 b
1 2 4 8 10 18 36 72 80 152 304 314 b
1 2 4 8 10 18 36 72 144 148 166 314 b
1 2 4 8 10 18 36 72 144 148 296 314 b
1 2 4 8 10 18 36 72 144 152 162 314 b
1 2 4 8 10 18 36 72 144 152 170 314 b
1 2 4 8 10 18 36 72 144 152 296 314 b
1 2 4 8 10 18 36 72 144 152 304 314 b
1 2 4 8 10 18 36 72 144 162 170 314 b
1 2 4 8 10 18 36 72 144 162 306 314 b
1 2 4 8 10 18 36 72 144 288 296 314 b
1 2 4 8 10 18 36 72 144 288 306 314 b
1 2 4 8 10 20 28 38 76 152 162 314 b
1 2 4 8 10 20 28 38 76 152 304 314 b
1 2 4 8 10 20 28 48 76 152 162 314 b
1 2 4 8 10 20 28 48 76 152 304 314 b
1 2 4 8 10 20 28 56 76 152 162 314 b
1 2 4 8 10 20 28 56 76 152 304 314 b
1 2 4 8 10 20 30 38 76 152 162 314 b
1 2 4 8 10 20 30 38 76 152 304 314 b
1 2 4 8 12 13 21 34 68 89 157 314 b
1 2 4 8 12 13 21 34 68 136 157 314 b
1 2 4 8 12 13 24 36 72 85 157 314 a
1 2 4 8 12 13 24 36 72 144 157 314 a
1 2 4 8 12 13 24 48 61 96 157 314 a
1 2 4 8 12 13 24 48 61 109 157 314 a
1 2 4 8 12 13 24 48 72 85 157 314 a
1 2 4 8 12 13 24 48 72 144 157 314 a
1 2 4 8 12 13 24 48 96 109 157 314 a
1 2 4 8 12 13 24 48 96 109 205 314 a
1 2 4 8 12 13 24 48 96 109 218 314 a
1 2 4 8 12 13 24 48 96 144 157 314 a
1 2 4 8 12 13 25 33 66 91 157 314 b
1 2 4 8 12 13 25 33 66 132 157 314 b
1 2 4 8 12 13 26 39 78 79 157 314 b
1 2 4 8 12 13 26 39 78 156 157 314 b
1 2 4 8 12 13 26 39 78 156 158 314 b
1 2 4 8 12 13 26 39 78 156 312 314 b
1 2 4 8 12 13 26 52 53 104 157 314 a
1 2 4 8 12 13 26 52 53 105 157 314 b
1 2 4 8 12 13 26 52 78 79 157 314 b
1 2 4 8 12 13 26 52 78 156 157 314 b
1 2 4 8 12 13 26 52 78 156 158 314 b
1 2 4 8 12 13 26 52 78 156 312 314 b
1 2 4 8 12 13 26 52 104 105 157 314 b
1 2 4 8 12 13 26 52 104 105 209 314 b
1 2 4 8 12 13 26 52 104 105 210 314 b
1 2 4 8 12 13 26 52 104 106 208 314 a
1 2 4 8 12 13 26 52 104 106 210 314 b
1 2 4 8 12 13 26 52 104 156 157 314 b
1 2 4 8 12 13 26 52 104 156 158 314 b
1 2 4 8 12 13 26 52 104 156 312 314 b
1 2 4 8 12 13 26 52 104 208 210 314 b
1 2 4 8 12 13 26 52 104 208 312 314 b
1 2 4 8 12 14 26 52 53 104 157 314 a
1 2 4 8 12 14 26 52 53 105 157 314 b
1 2 4 8 12 14 26 52 78 79 157 314 b
1 2 4 8 12 14 26 52 78 156 157 314 b
1 2 4 8 12 14 26 52 78 156 158 314 b
1 2 4 8 12 14 26 52 78 156 312 314 b
1 2 4 8 12 14 26 52 104 105 157 314 b
1 2 4 8 12 14 26 52 104 105 209 314 b
1 2 4 8 12 14 26 52 104 105 210 314 b
1 2 4 8 12 14 26 52 104 106 208 314 a
1 2 4 8 12 14 26 52 104 106 210 314 b
1 2 4 8 12 14 26 52 104 156 157 314 b
1 2 4 8 12 14 26 52 104 156 158 314 b
1 2 4 8 12 14 26 52 104 156 312 314 b
1 2 4 8 12 14 26 52 104 208 210 314 b
1 2 4 8 12 14 26 52 104 208 312 314 b
1 2 4 8 12 20 32 52 53 104 157 314 a
1 2 4 8 12 20 32 52 53 105 157 314 b
1 2 4 8 12 20 32 52 104 105 157 314 b
1 2 4 8 12 20 32 52 104 105 209 314 b
1 2 4 8 12 20 32 52 104 105 210 314 b
1 2 4 8 12 20 32 52 104 106 208 314 a
1 2 4 8 12 20 32 52 104 106 210 314 b
1 2 4 8 12 20 32 52 104 156 157 314 b
1 2 4 8 12 20 32 52 104 156 158 314 b
1 2 4 8 12 20 32 52 104 156 312 314 b
1 2 4 8 12 20 32 52 104 208 210 314 b
1 2 4 8 12 20 32 52 104 208 312 314 b
1 2 4 8 12 20 40 52 53 104 157 314 a
1 2 4 8 12 20 40 52 53 105 157 314 b
1 2 4 8 12 20 40 52 104 105 157 314 b
1 2 4 8 12 20 40 52 104 105 209 314 b
1 2 4 8 12 20 40 52 104 105 210 314 b
1 2 4 8 12 20 40 52 104 106 208 314 a
1 2 4 8 12 20 40 52 104 106 210 314 b
1 2 4 8 12 20 40 52 104 156 157 314 b
1 2 4 8 12 20 40 52 104 156 158 314 b
1 2 4 8 12 20 40 52 104 156 312 314 b
1 2 4 8 12 20 40 52 104 208 210 314 b
1 2 4 8 12 20 40 52 104 208 312 314 b
1 2 4 8 12 24 25 33 66 91 157 314 b
1 2 4 8 12 24 25 33 66 132 157 314 b
1 2 4 8 12 24 26 36 72 144 170 314 a
1 2 4 8 12 24 26 36 72 144 288 314 a
1 2 4 8 12 24 26 48 72 144 170 314 a
1 2 4 8 12 24 26 48 72 144 288 314 a
1 2 4 8 12 24 26 48 96 122 192 314 a
1 2 4 8 12 24 26 48 96 122 218 314 a
1 2 4 8 12 24 26 48 96 144 170 314 a
1 2 4 8 12 24 26 48 96 144 288 314 a
1 2 4 8 12 24 26 48 96 192 218 314 a
1 2 4 8 12 24 26 48 96 192 288 314 a
1 2 4 8 12 24 26 52 53 104 157 314 a
1 2 4 8 12 24 26 52 53 105 157 314 b
1 2 4 8 12 24 26 52 78 79 157 314 b
1 2 4 8 12 24 26 52 78 156 157 314 b
1 2 4 8 12 24 26 52 78 156 158 314 b
1 2 4 8 12 24 26 52 78 156 312 314 b
1 2 4 8 12 24 26 52 104 105 157 314 b
1 2 4 8 12 24 26 52 104 105 209 314 b
1 2 4 8 12 24 26 52 104 105 210 314 b
1 2 4 8 12 24 26 52 104 106 208 314 a
1 2 4 8 12 24 26 52 104 106 210 314 b
1 2 4 8 12 24 26 52 104 156 157 314 b
1 2 4 8 12 24 26 52 104 156 158 314 b
1 2 4 8 12 24 26 52 104 156 312 314 b
1 2 4 8 12 24 26 52 104 208 210 314 b
1 2 4 8 12 24 26 52 104 208 312 314 b
1 2 4 8 12 24 28 52 53 104 157 314 a
1 2 4 8 12 24 28 52 53 105 157 314 b
1 2 4 8 12 24 28 52 104 105 157 314 b
1 2 4 8 12 24 28 52 104 105 209 314 b
1 2 4 8 12 24 28 52 104 105 210 314 b
1 2 4 8 12 24 28 52 104 106 208 314 a
1 2 4 8 12 24 28 52 104 106 210 314 b
1 2 4 8 12 24 28 52 104 156 157 314 b
1 2 4 8 12 24 28 52 104 156 158 314 b
1 2 4 8 12 24 28 52 104 156 312 314 b
1 2 4 8 12 24 28 52 104 208 210 314 b
1 2 4 8 12 24 28 52 104 208 312 314 b
1 2 4 8 12 24 36 37 60 97 157 314 a
1 2 4 8 12 24 36 37 60 120 157 314 a
1 2 4 8 12 24 36 60 61 96 157 314 a
1 2 4 8 12 24 36 60 61 97 157 314 b
1 2 4 8 12 24 36 60 61 121 157 314 b
1 2 4 8 12 24 36 60 96 97 157 314 b
1 2 4 8 12 24 36 60 96 156 157 314 b
1 2 4 8 12 24 36 60 96 156 158 314 b
1 2 4 8 12 24 36 60 96 156 312 314 b
1 2 4 8 12 24 36 60 120 121 157 314 b
1 2 4 8 12 24 36 60 120 156 157 314 b
1 2 4 8 12 24 36 60 120 156 158 314 b
1 2 4 8 12 24 36 60 120 156 312 314 b
1 2 4 8 12 24 36 72 73 84 157 314 a
1 2 4 8 12 24 36 72 73 85 157 314 b
1 2 4 8 12 24 36 72 73 145 157 314 b
1 2 4 8 12 24 36 72 73 145 169 314 b
1 2 4 8 12 24 36 72 73 145 290 314 b
1 2 4 8 12 24 36 72 84 85 157 314 b
1 2 4 8 12 24 36 72 84 156 157 314 b
1 2 4 8 12 24 36 72 84 156 158 314 b
1 2 4 8 12 24 36 72 84 156 312 314 b
1 2 4 8 12 24 36 72 144 145 157 314 b
1 2 4 8 12 24 36 72 144 145 169 314 b
1 2 4 8 12 24 36 72 144 145 290 314 b
1 2 4 8 12 24 36 72 144 146 168 314 a
1 2 4 8 12 24 36 72 144 146 170 314 b
1 2 4 8 12 24 36 72 144 146 290 314 b
1 2 4 8 12 24 36 72 144 156 157 314 b
1 2 4 8 12 24 36 72 144 156 158 314 b
1 2 4 8 12 24 36 72 144 156 312 314 b
1 2 4 8 12 24 36 72 144 168 170 314 b
1 2 4 8 12 24 36 72 144 168 312 314 b
1 2 4 8 12 24 36 72 144 288 290 314 b
1 2 4 8 12 24 36 72 144 288 312 314 b
1 2 4 8 12 24 48 49 60 97 157 314 a
1 2 4 8 12 24 48 49 60 108 157 314 a
1 2 4 8 12 24 48 49 60 109 157 314 a
1 2 4 8 12 24 48 49 61 96 157 314 a
1 2 4 8 12 24 48 49 61 109 157 314 b
1 2 4 8 12 24 48 49 72 121 193 314 a
1 2 4 8 12 24 48 49 72 121 242 314 a
1 2 4 8 12 24 48 49 96 108 157 314 a
1 2 4 8 12 24 48 49 96 145 157 314 a
1 2 4 8 12 24 48 49 96 145 169 314 a
1 2 4 8 12 24 48 49 96 145 290 314 a
1 2 4 8 12 24 48 49 97 109 157 314 b
1 2 4 8 12 24 48 49 97 145 157 314 b
1 2 4 8 12 24 48 49 97 145 169 314 b
1 2 4 8 12 24 48 49 97 145 290 314 b
1 2 4 8 12 24 48 52 53 104 157 314 a
1 2 4 8 12 24 48 52 53 105 157 314 b
1 2 4 8 12 24 48 52 104 105 157 314 b
1 2 4 8 12 24 48 52 104 105 209 314 b
1 2 4 8 12 24 48 52 104 105 210 314 b
1 2 4 8 12 24 48 52 104 106 208 314 a
1 2 4 8 12 24 48 52 104 106 210 314 b
1 2 4 8 12 24 48 52 104 156 157 314 b
1 2 4 8 12 24 48 52 104 156 158 314 b
1 2 4 8 12 24 48 52 104 156 312 314 b
1 2 4 8 12 24 48 52 104 208 210 314 b
1 2 4 8 12 24 48 52 104 208 312 314 b
1 2 4 8 12 24 48 56 104 105 209 314 b
1 2 4 8 12 24 48 56 104 105 210 314 b
1 2 4 8 12 24 48 56 104 106 208 314 a
1 2 4 8 12 24 48 56 104 106 210 314 b
1 2 4 8 12 24 48 56 104 208 210 314 b
1 2 4 8 12 24 48 56 104 208 312 314 b
1 2 4 8 12 24 48 60 61 96 157 314 a
1 2 4 8 12 24 48 60 61 109 157 314 b
1 2 4 8 12 24 48 60 96 97 157 314 a
1 2 4 8 12 24 48 60 96 156 157 314 a
1 2 4 8 12 24 48 60 96 156 158 314 a
1 2 4 8 12 24 48 60 96 156 312 314 a
1 2 4 8 12 24 48 60 108 109 157 314 b
1 2 4 8 12 24 48 60 108 156 157 314 b
1 2 4 8 12 24 48 60 108 156 158 314 b
1 2 4 8 12 24 48 60 108 156 312 314 b
1 2 4 8 12 24 48 72 73 84 157 314 a
1 2 4 8 12 24 48 72 73 85 157 314 b
1 2 4 8 12 24 48 72 73 121 193 314 b
1 2 4 8 12 24 48 72 73 121 242 314 b
1 2 4 8 12 24 48 72 73 145 157 314 b
1 2 4 8 12 24 48 72 73 145 169 314 b
1 2 4 8 12 24 48 72 73 145 290 314 b
1 2 4 8 12 24 48 72 74 120 194 314 a
1 2 4 8 12 24 48 72 74 120 240 314 a
1 2 4 8 12 24 48 72 84 85 157 314 b
1 2 4 8 12 24 48 72 84 156 157 314 b
1 2 4 8 12 24 48 72 84 156 158 314 b
1 2 4 8 12 24 48 72 84 156 312 314 b
1 2 4 8 12 24 48 72 120 121 193 314 b
1 2 4 8 12 24 48 72 120 121 242 314 b
1 2 4 8 12 24 48 72 120 122 192 314 a
1 2 4 8 12 24 48 72 120 122 194 314 b
1 2 4 8 12 24 48 72 120 122 242 314 b
1 2 4 8 12 24 48 72 120 192 194 314 b
1 2 4 8 12 24 48 72 120 192 312 314 b
1 2 4 8 12 24 48 72 120 240 242 314 b
1 2 4 8 12 24 48 72 120 240 312 314 b
1 2 4 8 12 24 48 72 144 145 157 314 b
1 2 4 8 12 24 48 72 144 145 169 314 b
1 2 4 8 12 24 48 72 144 145 290 314 b
1 2 4 8 12 24 48 72 144 146 168 314 a
1 2 4 8 12 24 48 72 144 146 170 314 b
1 2 4 8 12 24 48 72 144 146 290 314 b
1 2 4 8 12 24 48 72 144 156 157 314 b
1 2 4 8 12 24 48 72 144 156 158 314 b
1 2 4 8 12 24 48 72 144 156 312 314 b
1 2 4 8 12 24 48 72 144 168 170 314 b
1 2 4 8 12 24 48 72 144 168 312 314 b
1 2 4 8 12 24 48 72 144 288 290 314 b
1 2 4 8 12 24 48 72 144 288 312 314 b
1 2 4 8 12 24 48 96 97 109 157 314 b
1 2 4 8 12 24 48 96 97 109 205 314 b
1 2 4 8 12 24 48 96 97 109 218 314 b
1 2 4 8 12 24 48 96 97 120 194 314 a
1 2 4 8 12 24 48 96 97 120 217 314 a
1 2 4 8 12 24 48 96 97 121 193 314 a
1 2 4 8 12 24 48 96 97 121 217 314 b
1 2 4 8 12 24 48 96 97 121 218 314 b
1 2 4 8 12 24 48 96 97 145 157 314 b
1 2 4 8 12 24 48 96 97 145 169 314 b
1 2 4 8 12 24 48 96 97 145 290 314 b
1 2 4 8 12 24 48 96 97 193 217 314 b
1 2 4 8 12 24 48 96 97 193 290 314 b
1 2 4 8 12 24 48 96 97 194 218 314 b
1 2 4 8 12 24 48 96 97 194 290 314 b
1 2 4 8 12 24 48 96 98 108 206 314 a
1 2 4 8 12 24 48 96 98 108 216 314 a
1 2 4 8 12 24 48 96 98 120 194 314 a
1 2 4 8 12 24 48 96 98 120 216 314 a
1 2 4 8 12 24 48 96 98 120 218 314 a
1 2 4 8 12 24 48 96 98 122 192 314 a
1 2 4 8 12 24 48 96 98 122 218 314 b
1 2 4 8 12 24 48 96 98 192 216 314 a
1 2 4 8 12 24 48 96 98 192 290 314 a
1 2 4 8 12 24 48 96 98 194 218 314 b
1 2 4 8 12 24 48 96 98 194 290 314 b
1 2 4 8 12 24 48 96 104 105 209 314 b
1 2 4 8 12 24 48 96 104 105 210 314 b
1 2 4 8 12 24 48 96 104 106 208 314 a
1 2 4 8 12 24 48 96 104 106 210 314 b
1 2 4 8 12 24 48 96 104 208 210 314 b
1 2 4 8 12 24 48 96 104 208 312 314 b
1 2 4 8 12 24 48 96 108 109 157 314 b
1 2 4 8 12 24 48 96 108 109 205 314 b
1 2 4 8 12 24 48 96 108 109 218 314 b
1 2 4 8 12 24 48 96 108 110 204 314 a
1 2 4 8 12 24 48 96 108 110 206 314 b
1 2 4 8 12 24 48 96 108 110 218 314 b
1 2 4 8 12 24 48 96 108 156 157 314 b
1 2 4 8 12 24 48 96 108 156 158 314 b
1 2 4 8 12 24 48 96 108 156 312 314 b
1 2 4 8 12 24 48 96 108 204 206 314 b
1 2 4 8 12 24 48 96 108 204 312 314 b
1 2 4 8 12 24 48 96 108 216 218 314 b
1 2 4 8 12 24 48 96 108 216 312 314 b
1 2 4 8 12 24 48 96 120 122 192 314 a
1 2 4 8 12 24 48 96 120 122 218 314 b
1 2 4 8 12 24 48 96 120 192 194 314 a
1 2 4 8 12 24 48 96 120 192 312 314 a
1 2 4 8 12 24 48 96 120 216 218 314 b
1 2 4 8 12 24 48 96 120 216 312 314 b
1 2 4 8 12 24 48 96 144 145 157 314 b
1 2 4 8 12 24 48 96 144 145 169 314 b
1 2 4 8 12 24 48 96 144 145 290 314 b
1 2 4 8 12 24 48 96 144 146 168 314 a
1 2 4 8 12 24 48 96 144 146 170 314 b
1 2 4 8 12 24 48 96 144 146 290 314 b
1 2 4 8 12 24 48 96 144 156 157 314 b
1 2 4 8 12 24 48 96 144 156 158 314 b
1 2 4 8 12 24 48 96 144 156 312 314 b
1 2 4 8 12 24 48 96 144 168 170 314 b
1 2 4 8 12 24 48 96 144 168 312 314 b
1 2 4 8 12 24 48 96 144 288 290 314 b
1 2 4 8 12 24 48 96 144 288 312 314 b
1 2 4 8 12 24 48 96 192 194 218 314 b
1 2 4 8 12 24 48 96 192 194 290 314 b
1 2 4 8 12 24 48 96 192 216 218 314 b
1 2 4 8 12 24 48 96 192 216 312 314 b
1 2 4 8 12 24 48 96 192 288 290 314 b
1 2 4 8 12 24 48 96 192 288 312 314 b
1 2 4 8 16 17 18 35 70 87 157 314 b
1 2 4 8 16 17 18 35 70 140 157 314 b
1 2 4 8 16 17 19 35 70 87 157 314 b
1 2 4 8 16 17 19 35 70 140 157 314 b
1 2 4 8 16 17 21 34 68 89 157 314 a
1 2 4 8 16 17 21 34 68 136 157 314 a
1 2 4 8 16 17 24 41 58 99 157 314 a
1 2 4 8 16 17 24 41 58 116 157 314 a
1 2 4 8 16 17 25 33 66 91 157 314 b
1 2 4 8 16 17 25 33 66 132 157 314 b
1 2 4 8 16 17 25 41 58 99 157 314 b
1 2 4 8 16 17 25 41 58 116 157 314 b
1 2 4 8 16 17 25 41 66 91 157 314 b
1 2 4 8 16 17 25 41 66 132 157 314 b
1 2 4 8 16 17 25 50 66 91 157 314 b
1 2 4 8 16 17 25 50 66 132 157 314 b
1 2 4 8 16 17 25 50 66 132 182 314 b
1 2 4 8 16 17 25 50 66 132 264 314 b
1 2 4 8 16 17 33 35 70 87 157 314 b
1 2 4 8 16 17 33 35 70 140 157 314 b
1 2 4 8 16 17 33 37 70 87 157 314 b
1 2 4 8 16 17 33 37 70 140 157 314 b
1 2 4 8 16 17 33 41 58 99 157 314 b
1 2 4 8 16 17 33 41 58 116 157 314 b
1 2 4 8 16 17 33 50 66 132 182 314 b
1 2 4 8 16 17 33 50 66 132 264 314 b
1 2 4 8 16 17 33 66 70 87 157 314 b
1 2 4 8 16 17 33 66 70 140 157 314 b
1 2 4 8 16 17 33 66 74 83 157 314 a
1 2 4 8 16 17 33 66 74 91 157 314 b
1 2 4 8 16 17 33 66 74 140 157 314 b
1 2 4 8 16 17 33 66 83 91 157 314 b
1 2 4 8 16 17 33 66 83 149 157 314 b
1 2 4 8 16 17 33 66 83 149 165 314 b
1 2 4 8 16 17 33 66 83 149 298 314 b
1 2 4 8 16 17 33 66 99 116 198 314 a
1 2 4 8 16 17 33 66 99 116 215 314 b
1 2 4 8 16 17 33 66 99 198 215 314 b
1 2 4 8 16 17 33 66 99 198 297 314 b
1 2 4 8 16 17 33 66 132 140 157 314 b
1 2 4 8 16 17 33 66 132 149 157 314 b
1 2 4 8 16 17 33 66 132 149 165 314 b
1 2 4 8 16 17 33 66 132 149 182 314 b
1 2 4 8 16 17 33 66 132 149 281 314 b
1 2 4 8 16 17 33 66 132 149 298 314 b
1 2 4 8 16 17 33 66 132 165 182 314 b
1 2 4 8 16 17 33 66 132 165 297 314 b
1 2 4 8 16 17 33 66 132 264 281 314 b
1 2 4 8 16 17 33 66 132 264 297 314 b
1 2 4 8 16 17 34 35 70 87 157 314 b
1 2 4 8 16 17 34 35 70 140 157 314 b
1 2 4 8 16 17 34 35 70 140 174 314 b
1 2 4 8 16 17 34 35 70 140 280 314 b
1 2 4 8 16 17 34 36 70 87 157 314 b
1 2 4 8 16 17 34 36 70 140 157 314 b
1 2 4 8 16 17 34 36 70 140 174 314 b
1 2 4 8 16 17 34 36 70 140 280 314 b
1 2 4 8 16 17 34 42 68 136 178 314 a
1 2 4 8 16 17 34 42 68 136 272 314 a
1 2 4 8 16 17 34 50 66 132 182 314 b
1 2 4 8 16 17 34 50 66 132 264 314 b
1 2 4 8 16 17 34 51 53 104 157 314 b
1 2 4 8 16 17 34 51 53 106 157 314 b
1 2 4 8 16 17 34 51 55 102 157 314 a
1 2 4 8 16 17 34 51 55 106 157 314 b
1 2 4 8 16 17 34 51 102 106 157 314 b
1 2 4 8 16 17 34 51 102 106 208 314 b
1 2 4 8 16 17 34 51 102 106 212 314 b
1 2 4 8 16 17 34 51 102 110 204 314 a
1 2 4 8 16 17 34 51 102 110 212 314 b
1 2 4 8 16 17 34 51 102 153 157 314 b
1 2 4 8 16 17 34 51 102 153 161 314 b
1 2 4 8 16 17 34 51 102 153 306 314 b
1 2 4 8 16 17 34 51 102 204 212 314 b
1 2 4 8 16 17 34 51 102 204 306 314 b
1 2 4 8 16 17 34 68 70 87 157 314 b
1 2 4 8 16 17 34 68 70 140 157 314 b
1 2 4 8 16 17 34 68 70 140 174 314 b
1 2 4 8 16 17 34 68 70 140 280 314 b
1 2 4 8 16 17 34 68 72 85 157 314 a
1 2 4 8 16 17 34 68 72 89 157 314 b
1 2 4 8 16 17 34 68 72 140 157 314 b
1 2 4 8 16 17 34 68 72 140 174 314 b
1 2 4 8 16 17 34 68 72 140 280 314 b
1 2 4 8 16 17 34 68 85 89 157 314 b
1 2 4 8 16 17 34 68 85 153 157 314 b
1 2 4 8 16 17 34 68 85 153 161 314 b
1 2 4 8 16 17 34 68 85 153 306 314 b
1 2 4 8 16 17 34 68 102 106 208 314 b
1 2 4 8 16 17 34 68 102 106 212 314 b
1 2 4 8 16 17 34 68 102 110 204 314 a
1 2 4 8 16 17 34 68 102 110 212 314 b
1 2 4 8 16 17 34 68 102 204 212 314 b
1 2 4 8 16 17 34 68 102 204 306 314 b
1 2 4 8 16 17 34 68 136 140 157 314 b
1 2 4 8 16 17 34 68 136 140 174 314 b
1 2 4 8 16 17 34 68 136 140 280 314 b
1 2 4 8 16 17 34 68 136 144 170 314 a
1 2 4 8 16 17 34 68 136 144 178 314 b
1 2 4 8 16 17 34 68 136 144 280 314 b
1 2 4 8 16 17 34 68 136 153 157 314 b
1 2 4 8 16 17 34 68 136 153 161 314 b
1 2 4 8 16 17 34 68 136 153 306 314 b
1 2 4 8 16 17 34 68 136 170 178 314 b
1 2 4 8 16 17 34 68 136 170 306 314 b
1 2 4 8 16 17 34 68 136 272 280 314 b
1 2 4 8 16 17 34 68 136 272 306 314 b
1 2 4 8 16 18 19 37 74 148 166 314 b
1 2 4 8 16 18 19 37 74 148 296 314 b
1 2 4 8 16 18 26 36 72 144 170 314 a
1 2 4 8 16 18 26 36 72 144 288 314 a
1 2 4 8 16 18 26 42 68 136 178 314 b
1 2 4 8 16 18 26 42 68 136 272 314 b
1 2 4 8 16 18 26 52 53 104 157 314 a
1 2 4 8 16 18 26 52 53 105 157 314 b
1 2 4 8 16 18 26 52 70 122 192 314 b
1 2 4 8 16 18 26 52 70 122 244 314 b
1 2 4 8 16 18 26 52 78 79 157 314 b
1 2 4 8 16 18 26 52 78 156 157 314 b
1 2 4 8 16 18 26 52 78 156 158 314 b
1 2 4 8 16 18 26 52 78 156 312 314 b
1 2 4 8 16 18 26 52 104 105 157 314 b
1 2 4 8 16 18 26 52 104 105 209 314 b
1 2 4 8 16 18 26 52 104 105 210 314 b
1 2 4 8 16 18 26 52 104 106 208 314 a
1 2 4 8 16 18 26 52 104 106 210 314 b
1 2 4 8 16 18 26 52 104 156 157 314 b
1 2 4 8 16 18 26 52 104 156 158 314 b
1 2 4 8 16 18 26 52 104 156 312 314 b
1 2 4 8 16 18 26 52 104 208 210 314 b
1 2 4 8 16 18 26 52 104 208 312 314 b
1 2 4 8 16 18 32 50 66 132 182 314 a
1 2 4 8 16 18 32 50 66 132 264 314 a
1 2 4 8 16 18 32 50 82 132 182 314 a
1 2 4 8 16 18 32 50 82 132 264 314 a
1 2 4 8 16 18 32 50 100 132 182 314 a
1 2 4 8 16 18 32 50 100 132 264 314 a
1 2 4 8 16 18 34 35 70 140 174 314 b
1 2 4 8 16 18 34 35 70 140 280 314 b
1 2 4 8 16 18 34 36 70 140 174 314 b
1 2 4 8 16 18 34 36 70 140 280 314 b
1 2 4 8 16 18 34 42 68 136 178 314 a
1 2 4 8 16 18 34 42 68 136 272 314 a
1 2 4 8 16 18 34 50 66 132 182 314 b
1 2 4 8 16 18 34 50 66 132 264 314 b
1 2 4 8 16 18 34 52 53 104 157 314 a
1 2 4 8 16 18 34 52 53 105 157 314 b
1 2 4 8 16 18 34 52 70 122 192 314 b
1 2 4 8 16 18 34 52 70 122 244 314 b
1 2 4 8 16 18 34 52 70 140 174 314 b
1 2 4 8 16 18 34 52 70 140 280 314 b
1 2 4 8 16 18 34 52 104 105 157 314 b
1 2 4 8 16 18 34 52 104 105 209 314 b
1 2 4 8 16 18 34 52 104 105 210 314 b
1 2 4 8 16 18 34 52 104 106 208 314 a
1 2 4 8 16 18 34 52 104 106 210 314 b
1 2 4 8 16 18 34 52 104 156 157 314 b
1 2 4 8 16 18 34 52 104 156 158 314 b
1 2 4 8 16 18 34 52 104 156 312 314 b
1 2 4 8 16 18 34 52 104 208 210 314 b
1 2 4 8 16 18 34 52 104 208 312 314 b
1 2 4 8 16 18 34 68 70 140 174 314 b
1 2 4 8 16 18 34 68 70 140 280 314 b
1 2 4 8 16 18 34 68 72 140 174 314 b
1 2 4 8 16 18 34 68 72 140 280 314 b
1 2 4 8 16 18 34 68 102 106 208 314 b
1 2 4 8 16 18 34 68 102 106 212 314 b
1 2 4 8 16 18 34 68 102 110 204 314 a
1 2 4 8 16 18 34 68 102 110 212 314 b
1 2 4 8 16 18 34 68 102 204 212 314 b
1 2 4 8 16 18 34 68 102 204 306 314 b
1 2 4 8 16 18 34 68 136 140 174 314 b
1 2 4 8 16 18 34 68 136 140 280 314 b
1 2 4 8 16 18 34 68 136 144 170 314 a
1 2 4 8 16 18 34 68 136 144 178 314 b
1 2 4 8 16 18 34 68 136 144 280 314 b
1 2 4 8 16 18 34 68 136 170 178 314 b
1 2 4 8 16 18 34 68 136 170 306 314 b
1 2 4 8 16 18 34 68 136 272 280 314 b
1 2 4 8 16 18 34 68 136 272 306 314 b
1 2 4 8 16 18 36 37 74 148 166 314 b
1 2 4 8 16 18 36 37 74 148 296 314 b
1 2 4 8 16 18 36 38 74 148 166 314 b
1 2 4 8 16 18 36 38 74 148 296 314 b
1 2 4 8 16 18 36 52 53 104 157 314 a
1 2 4 8 16 18 36 52 53 105 157 314 b
1 2 4 8 16 18 36 52 70 122 192 314 b
1 2 4 8 16 18 36 52 70 122 244 314 b
1 2 4 8 16 18 36 52 104 105 157 314 b
1 2 4 8 16 18 36 52 104 105 209 314 b
1 2 4 8 16 18 36 52 104 105 210 314 b
1 2 4 8 16 18 36 52 104 106 208 314 a
1 2 4 8 16 18 36 52 104 106 210 314 b
1 2 4 8 16 18 36 52 104 156 157 314 b
1 2 4 8 16 18 36 52 104 156 158 314 b
1 2 4 8 16 18 36 52 104 156 312 314 b
1 2 4 8 16 18 36 52 104 208 210 314 b
1 2 4 8 16 18 36 52 104 208 312 314 b
1 2 4 8 16 18 36 72 74 148 166 314 b
1 2 4 8 16 18 36 72 74 148 296 314 b
1 2 4 8 16 18 36 72 76 148 166 314 b
1 2 4 8 16 18 36 72 76 148 296 314 b
1 2 4 8 16 18 36 72 144 148 166 314 b
1 2 4 8 16 18 36 72 144 148 296 314 b
1 2 4 8 16 18 36 72 144 152 162 314 a
1 2 4 8 16 18 36 72 144 152 170 314 b
1 2 4 8 16 18 36 72 144 152 296 314 b
1 2 4 8 16 18 36 72 144 162 170 314 b
1 2 4 8 16 18 36 72 144 162 306 314 b
1 2 4 8 16 18 36 72 144 288 296 314 b
1 2 4 8 16 18 36 72 144 288 306 314 b
1 2 4 8 16 20 32 52 53 104 157 314 a
1 2 4 8 16 20 32 52 53 105 157 314 a
1 2 4 8 16 20 32 52 104 105 157 314 a
1 2 4 8 16 20 32 52 104 105 209 314 a
1 2 4 8 16 20 32 52 104 105 210 314 a
1 2 4 8 16 20 32 52 104 106 208 314 a
1 2 4 8 16 20 32 52 104 106 210 314 a
1 2 4 8 16 20 32 52 104 156 157 314 a
1 2 4 8 16 20 32 52 104 156 158 314 a
1 2 4 8 16 20 32 52 104 156 312 314 a
1 2 4 8 16 20 32 52 104 208 210 314 a
1 2 4 8 16 20 32 52 104 208 312 314 a
1 2 4 8 16 20 36 52 53 104 157 314 a
1 2 4 8 16 20 36 52 53 105 157 314 b
1 2 4 8 16 20 36 52 104 105 157 314 b
1 2 4 8 16 20 36 52 104 105 209 314 b
1 2 4 8 16 20 36 52 104 105 210 314 b
1 2 4 8 16 20 36 52 104 106 208 314 a
1 2 4 8 16 20 36 52 104 106 210 314 b
1 2 4 8 16 20 36 52 104 156 157 314 b
1 2 4 8 16 20 36 52 104 156 158 314 b
1 2 4 8 16 20 36 52 104 156 312 314 b
1 2 4 8 16 20 36 52 104 208 210 314 b
1 2 4 8 16 20 36 52 104 208 312 314 b
1 2 4 8 16 24 25 33 66 91 157 314 b
1 2 4 8 16 24 25 33 66 132 157 314 b
1 2 4 8 16 24 25 41 66 91 157 314 b
1 2 4 8 16 24 25 41 66 132 157 314 b
1 2 4 8 16 24 25 50 66 91 157 314 b
1 2 4 8 16 24 25 50 66 132 157 314 b
1 2 4 8 16 24 25 50 66 132 182 314 b
1 2 4 8 16 24 25 50 66 132 264 314 b
1 2 4 8 16 24 26 42 68 136 178 314 b
1 2 4 8 16 24 26 42 68 136 272 314 b
1 2 4 8 16 24 26 48 72 144 170 314 a
1 2 4 8 16 24 26 48 72 144 288 314 a
1 2 4 8 16 24 26 48 96 122 192 314 a
1 2 4 8 16 24 26 48 96 122 218 314 a
1 2 4 8 16 24 26 48 96 144 170 314 a
1 2 4 8 16 24 26 48 96 144 288 314 a
1 2 4 8 16 24 26 48 96 192 218 314 a
1 2 4 8 16 24 26 48 96 192 288 314 a
1 2 4 8 16 24 26 50 66 132 182 314 b
1 2 4 8 16 24 26 50 66 132 264 314 b
1 2 4 8 16 24 26 52 53 104 157 314 a
1 2 4 8 16 24 26 52 53 105 157 314 b
1 2 4 8 16 24 26 52 78 79 157 314 b
1 2 4 8 16 24 26 52 78 156 157 314 b
1 2 4 8 16 24 26 52 78 156 158 314 b
1 2 4 8 16 24 26 52 78 156 312 314 b
1 2 4 8 16 24 26 52 104 105 157 314 b
1 2 4 8 16 24 26 52 104 105 209 314 b
1 2 4 8 16 24 26 52 104 105 210 314 b
1 2 4 8 16 24 26 52 104 106 208 314 a
1 2 4 8 16 24 26 52 104 106 210 314 b
1 2 4 8 16 24 26 52 104 156 157 314 b
1 2 4 8 16 24 26 52 104 156 158 314 b
1 2 4 8 16 24 26 52 104 156 312 314 b
1 2 4 8 16 24 26 52 104 208 210 314 b
1 2 4 8 16 24 26 52 104 208 312 314 b
1 2 4 8 16 24 28 52 53 104 157 314 a
1 2 4 8 16 24 28 52 53 105 157 314 b
1 2 4 8 16 24 28 52 104 105 157 314 b
1 2 4 8 16 24 28 52 104 105 209 314 b
1 2 4 8 16 24 28 52 104 105 210 314 b
1 2 4 8 16 24 28 52 104 106 208 314 a
1 2 4 8 16 24 28 52 104 106 210 314 b
1 2 4 8 16 24 28 52 104 156 157 314 b
1 2 4 8 16 24 28 52 104 156 158 314 b
1 2 4 8 16 24 28 52 104 156 312 314 b
1 2 4 8 16 24 28 52 104 208 210 314 b
1 2 4 8 16 24 28 52 104 208 312 314 b
1 2 4 8 16 24 40 64 104 105 209 314 b
1 2 4 8 16 24 40 64 104 105 210 314 b
1 2 4 8 16 24 40 64 104 106 208 314 a
1 2 4 8 16 24 40 64 104 106 210 314 b
1 2 4 8 16 24 40 64 104 208 210 314 b
1 2 4 8 16 24 40 64 104 208 312 314 b
1 2 4 8 16 24 40 80 104 105 209 314 b
1 2 4 8 16 24 40 80 104 105 210 314 b
1 2 4 8 16 24 40 80 104 106 208 314 a
1 2 4 8 16 24 40 80 104 106 210 314 b
1 2 4 8 16 24 40 80 104 208 210 314 b
1 2 4 8 16 24 40 80 104 208 312 314 b
1 2 4 8 16 24 48 49 72 121 193 314 a
1 2 4 8 16 24 48 49 72 121 242 314 a
1 2 4 8 16 24 48 49 96 145 169 314 a
1 2 4 8 16 24 48 49 96 145 290 314 a
1 2 4 8 16 24 48 49 97 145 169 314 b
1 2 4 8 16 24 48 49 97 145 290 314 b
1 2 4 8 16 24 48 50 66 132 182 314 b
1 2 4 8 16 24 48 50 66 132 264 314 b
1 2 4 8 16 24 48 52 53 104 157 314 a
1 2 4 8 16 24 48 52 53 105 157 314 b
1 2 4 8 16 24 48 52 104 105 157 314 b
1 2 4 8 16 24 48 52 104 105 209 314 b
1 2 4 8 16 24 48 52 104 105 210 314 b
1 2 4 8 16 24 48 52 104 106 208 314 a
1 2 4 8 16 24 48 52 104 106 210 314 b
1 2 4 8 16 24 48 52 104 156 157 314 b
1 2 4 8 16 24 48 52 104 156 158 314 b
1 2 4 8 16 24 48 52 104 156 312 314 b
1 2 4 8 16 24 48 52 104 208 210 314 b
1 2 4 8 16 24 48 52 104 208 312 314 b
1 2 4 8 16 24 48 56 104 105 209 314 b
1 2 4 8 16 24 48 56 104 105 210 314 b
1 2 4 8 16 24 48 56 104 106 208 314 a
1 2 4 8 16 24 48 56 104 106 210 314 b
1 2 4 8 16 24 48 56 104 208 210 314 b
1 2 4 8 16 24 48 56 104 208 312 314 b
1 2 4 8 16 24 48 72 73 121 193 314 b
1 2 4 8 16 24 48 72 73 121 242 314 b
1 2 4 8 16 24 48 72 73 145 169 314 b
1 2 4 8 16 24 48 72 73 145 290 314 b
1 2 4 8 16 24 48 72 74 120 194 314 a
1 2 4 8 16 24 48 72 74 120 240 314 a
1 2 4 8 16 24 48 72 120 121 193 314 b
1 2 4 8 16 24 48 72 120 121 242 314 b
1 2 4 8 16 24 48 72 120 122 192 314 a
1 2 4 8 16 24 48 72 120 122 194 314 b
1 2 4 8 16 24 48 72 120 122 242 314 b
1 2 4 8 16 24 48 72 120 192 194 314 b
1 2 4 8 16 24 48 72 120 192 312 314 b
1 2 4 8 16 24 48 72 120 240 242 314 b
1 2 4 8 16 24 48 72 120 240 312 314 b
1 2 4 8 16 24 48 72 144 145 169 314 b
1 2 4 8 16 24 48 72 144 145 290 314 b
1 2 4 8 16 24 48 72 144 146 168 314 a
1 2 4 8 16 24 48 72 144 146 170 314 b
1 2 4 8 16 24 48 72 144 146 290 314 b
1 2 4 8 16 24 48 72 144 168 170 314 b
1 2 4 8 16 24 48 72 144 168 312 314 b
1 2 4 8 16 24 48 72 144 288 290 314 b
1 2 4 8 16 24 48 72 144 288 312 314 b
1 2 4 8 16 24 48 96 97 120 194 314 a
1 2 4 8 16 24 48 96 97 120 217 314 a
1 2 4 8 16 24 48 96 97 121 193 314 a
1 2 4 8 16 24 48 96 97 121 217 314 b
1 2 4 8 16 24 48 96 97 121 218 314 b
1 2 4 8 16 24 48 96 97 145 169 314 b
1 2 4 8 16 24 48 96 97 145 290 314 b
1 2 4 8 16 24 48 96 97 193 217 314 b
1 2 4 8 16 24 48 96 97 193 290 314 b
1 2 4 8 16 24 48 96 97 194 218 314 b
1 2 4 8 16 24 48 96 97 194 290 314 b
1 2 4 8 16 24 48 96 98 120 194 314 a
1 2 4 8 16 24 48 96 98 120 216 314 a
1 2 4 8 16 24 48 96 98 120 218 314 a
1 2 4 8 16 24 48 96 98 122 192 314 a
1 2 4 8 16 24 48 96 98 122 218 314 b
1 2 4 8 16 24 48 96 98 192 216 314 a
1 2 4 8 16 24 48 96 98 192 290 314 a
1 2 4 8 16 24 48 96 98 194 218 314 b
1 2 4 8 16 24 48 96 98 194 290 314 b
1 2 4 8 16 24 48 96 104 105 209 314 b
1 2 4 8 16 24 48 96 104 105 210 314 b
1 2 4 8 16 24 48 96 104 106 208 314 a
1 2 4 8 16 24 48 96 104 106 210 314 b
1 2 4 8 16 24 48 96 104 208 210 314 b
1 2 4 8 16 24 48 96 104 208 312 314 b
1 2 4 8 16 24 48 96 120 122 192 314 a
1 2 4 8 16 24 48 96 120 122 218 314 b
1 2 4 8 16 24 48 96 120 192 194 314 a
1 2 4 8 16 24 48 96 120 192 312 314 a
1 2 4 8 16 24 48 96 120 216 218 314 b
1 2 4 8 16 24 48 96 120 216 312 314 b
1 2 4 8 16 24 48 96 144 145 169 314 b
1 2 4 8 16 24 48 96 144 145 290 314 b
1 2 4 8 16 24 48 96 144 146 168 314 a
1 2 4 8 16 24 48 96 144 146 170 314 b
1 2 4 8 16 24 48 96 144 146 290 314 b
1 2 4 8 16 24 48 96 144 168 170 314 b
1 2 4 8 16 24 48 96 144 168 312 314 b
1 2 4 8 16 24 48 96 144 288 290 314 b
1 2 4 8 16 24 48 96 144 288 312 314 b
1 2 4 8 16 24 48 96 192 194 218 314 b
1 2 4 8 16 24 48 96 192 194 290 314 b
1 2 4 8 16 24 48 96 192 216 218 314 b
1 2 4 8 16 24 48 96 192 216 312 314 b
1 2 4 8 16 24 48 96 192 288 290 314 b
1 2 4 8 16 24 48 96 192 288 312 314 b
1 2 4 8 16 32 34 35 70 140 174 314 b
1 2 4 8 16 32 34 35 70 140 280 314 b
1 2 4 8 16 32 34 36 70 140 174 314 b
1 2 4 8 16 32 34 36 70 140 280 314 b
1 2 4 8 16 32 34 38 70 140 174 314 b
1 2 4 8 16 32 34 38 70 140 280 314 b
1 2 4 8 16 32 34 42 68 136 178 314 a
1 2 4 8 16 32 34 42 68 136 272 314 a
1 2 4 8 16 32 34 48 82 116 198 314 a
1 2 4 8 16 32 34 48 82 116 232 314 a
1 2 4 8 16 32 34 50 66 132 182 314 b
1 2 4 8 16 32 34 50 66 132 264 314 b
1 2 4 8 16 32 34 50 82 116 198 314 b
1 2 4 8 16 32 34 50 82 116 232 314 b
1 2 4 8 16 32 34 50 82 132 182 314 b
1 2 4 8 16 32 34 50 82 132 264 314 b
1 2 4 8 16 32 34 50 100 132 182 314 b
1 2 4 8 16 32 34 50 100 132 264 314 b
1 2 4 8 16 32 34 66 70 140 174 314 b
1 2 4 8 16 32 34 66 70 140 280 314 b
1 2 4 8 16 32 34 66 74 140 174 314 b
1 2 4 8 16 32 34 66 74 140 280 314 b
1 2 4 8 16 32 34 66 82 116 198 314 b
1 2 4 8 16 32 34 66 82 116 232 314 b
1 2 4 8 16 32 34 66 132 140 174 314 b
1 2 4 8 16 32 34 66 132 140 280 314 b
1 2 4 8 16 32 34 66 132 148 166 314 a
1 2 4 8 16 32 34 66 132 148 182 314 b
1 2 4 8 16 32 34 66 132 148 280 314 b
1 2 4 8 16 32 34 66 132 166 182 314 b
1 2 4 8 16 32 34 66 132 166 298 314 b
1 2 4 8 16 32 34 66 132 264 280 314 b
1 2 4 8 16 32 34 66 132 264 298 314 b
1 2 4 8 16 32 34 68 70 140 174 314 b
1 2 4 8 16 32 34 68 70 140 280 314 b
1 2 4 8 16 32 34 68 72 140 174 314 b
1 2 4 8 16 32 34 68 72 140 280 314 b
1 2 4 8 16 32 34 68 102 106 208 314 b
1 2 4 8 16 32 34 68 102 106 212 314 b
1 2 4 8 16 32 34 68 102 110 204 314 a
1 2 4 8 16 32 34 68 102 110 212 314 b
1 2 4 8 16 32 34 68 102 204 212 314 b
1 2 4 8 16 32 34 68 102 204 306 314 b
1 2 4 8 16 32 34 68 136 140 174 314 b
1 2 4 8 16 32 34 68 136 140 280 314 b
1 2 4 8 16 32 34 68 136 144 170 314 a
1 2 4 8 16 32 34 68 136 144 178 314 b
1 2 4 8 16 32 34 68 136 144 280 314 b
1 2 4 8 16 32 34 68 136 170 178 314 b
1 2 4 8 16 32 34 68 136 170 306 314 b
1 2 4 8 16 32 34 68 136 272 280 314 b
1 2 4 8 16 32 34 68 136 272 306 314 b
1 2 4 8 16 32 36 52 53 104 157 314 a
1 2 4 8 16 32 36 52 53 105 157 314 b
1 2 4 8 16 32 36 52 104 105 157 314 b
1 2 4 8 16 32 36 52 104 105 209 314 b
1 2 4 8 16 32 36 52 104 105 210 314 b
1 2 4 8 16 32 36 52 104 106 208 314 a
1 2 4 8 16 32 36 52 104 106 210 314 b
1 2 4 8 16 32 36 52 104 156 157 314 b
1 2 4 8 16 32 36 52 104 156 158 314 b
1 2 4 8 16 32 36 52 104 156 312 314 b
1 2 4 8 16 32 36 52 104 208 210 314 b
1 2 4 8 16 32 36 52 104 208 312 314 b
1 2 4 8 16 32 36 68 104 105 209 314 b
1 2 4 8 16 32 36 68 104 105 210 314 b
1 2 4 8 16 32 36 68 104 106 208 314 a
1 2 4 8 16 32 36 68 104 106 210 314 b
1 2 4 8 16 32 36 68 104 208 210 314 b
1 2 4 8 16 32 36 68 104 208 312 314 b
1 2 4 8 16 32 36 72 104 105 209 314 b
1 2 4 8 16 32 36 72 104 105 210 314 b
1 2 4 8 16 32 36 72 104 106 208 314 a
1 2 4 8 16 32 36 72 104 106 210 314 b
1 2 4 8 16 32 36 72 104 208 210 314 b
1 2 4 8 16 32 36 72 104 208 312 314 b
1 2 4 8 16 32 40 64 104 105 209 314 a
1 2 4 8 16 32 40 64 104 105 210 314 a
1 2 4 8 16 32 40 64 104 106 208 314 a
1 2 4 8 16 32 40 64 104 106 210 314 a
1 2 4 8 16 32 40 64 104 208 210 314 a
1 2 4 8 16 32 40 64 104 208 312 314 a
1 2 4 8 16 32 40 72 104 105 209 314 b
1 2 4 8 16 32 40 72 104 105 210 314 b
1 2 4 8 16 32 40 72 104 106 208 314 a
1 2 4 8 16 32 40 72 104 106 210 314 b
1 2 4 8 16 32 40 72 104 208 210 314 b
1 2 4 8 16 32 40 72 104 208 312 314 b
1 2 4 8 16 32 48 50 66 132 182 314 b
1 2 4 8 16 32 48 50 66 132 264 314 b
1 2 4 8 16 32 48 50 82 132 182 314 b
1 2 4 8 16 32 48 50 82 132 264 314 b
1 2 4 8 16 32 48 50 100 132 182 314 b
1 2 4 8 16 32 48 50 100 132 264 314 b
1 2 4 8 16 32 48 52 53 104 157 314 a
1 2 4 8 16 32 48 52 53 105 157 314 b
1 2 4 8 16 32 48 52 104 105 157 314 b
1 2 4 8 16 32 48 52 104 105 209 314 b
1 2 4 8 16 32 48 52 104 105 210 314 b
1 2 4 8 16 32 48 52 104 106 208 314 a
1 2 4 8 16 32 48 52 104 106 210 314 b
1 2 4 8 16 32 48 52 104 156 157 314 b
1 2 4 8 16 32 48 52 104 156 158 314 b
1 2 4 8 16 32 48 52 104 156 312 314 b
1 2 4 8 16 32 48 52 104 208 210 314 b
1 2 4 8 16 32 48 52 104 208 312 314 b
1 2 4 8 16 32 48 56 104 105 209 314 b
1 2 4 8 16 32 48 56 104 105 210 314 b
1 2 4 8 16 32 48 56 104 106 208 314 a
1 2 4 8 16 32 48 56 104 106 210 314 b
1 2 4 8 16 32 48 56 104 208 210 314 b
1 2 4 8 16 32 48 56 104 208 312 314 b
1 2 4 8 16 32 48 96 104 105 209 314 b
1 2 4 8 16 32 48 96 104 105 210 314 b
1 2 4 8 16 32 48 96 104 106 208 314 a
1 2 4 8 16 32 48 96 104 106 210 314 b
1 2 4 8 16 32 48 96 104 208 210 314 b
1 2 4 8 16 32 48 96 104 208 312 314 b
1 2 4 8 16 32 64 72 104 105 209 314 b
1 2 4 8 16 32 64 72 104 105 210 314 b
1 2 4 8 16 32 64 72 104 106 208 314 a
1 2 4 8 16 32 64 72 104 106 210 314 b
1 2 4 8 16 32 64 72 104 208 210 314 b
1 2 4 8 16 32 64 72 104 208 312 314 b
1 2 4 8 16 32 64 96 104 105 209 314 b
1 2 4 8 16 32 64 96 104 105 210 314 b
1 2 4 8 16 32 64 96 104 106 208 314 a
1 2 4 8 16 32 64 96 104 106 210 314 b
1 2 4 8 16 32 64 96 104 208 210 314 b
1 2 4 8 16 32 64 96 104 208 312 314 b
