1 2 3 5 7 12 19 38 76 152 159 311 b
1 2 3 5 7 12 19 38 76 152 304 311 b
1 2 3 5 7 14 19 38 76 152 159 311 b
1 2 3 5 7 14 19 38 76 152 304 311 b
1 2 3 5 10 13 23 36 72 144 167 311 b
1 2 3 5 10 13 23 36 72 144 288 311 b
1 2 3 6 7 12 19 38 76 152 159 311 a
1 2 3 6 7 12 19 38 76 152 304 311 a
1 2 3 6 7 13 19 38 76 152 159 311 b
1 2 3 6 7 13 19 38 76 152 304 311 b
1 2 4 5 7 12 19 38 76 152 159 311 b
1 2 4 5 7 12 19 38 76 152 304 311 b
1 2 4 5 7 14 19 38 76 152 159 311 b
1 2 4 5 7 14 19 38 76 152 304 311 b
1 2 4 5 9 18 23 36 72 144 167 311 a
1 2 4 5 9 18 23 36 72 144 288 311 a
1 2 4 5 9 18 36 72 81 153 158 311 b
1 2 4 5 9 18 36 72 81 153 306 311 b
1 2 4 5 9 18 36 72 144 149 162 311 a
1 2 4 5 9 18 36 72 144 149 167 311 b
1 2 4 5 9 18 36 72 144 149 293 311 b
1 2 4 5 9 18 36 72 144 153 158 311 b
1 2 4 5 9 18 36 72 144 153 306 311 b
1 2 4 5 9 18 36 72 144 162 167 311 b
1 2 4 5 9 18 36 72 144 162 306 311 b
1 2 4 5 9 18 36 72 144 288 293 311 b
1 2 4 5 9 18 36 72 144 288 306 311 b
1 2 4 6 7 12 19 38 76 152 159 311 a
1 2 4 6 7 12 19 38 76 152 304 311 a
1 2 4 6 7 13 19 38 76 152 159 311 b
1 2 4 6 7 13 19 38 76 152 304 311 b
1 2 4 8 9 17 26 52 69 121 190 311 b
1 2 4 8 9 17 26 52 69 121 242 311 b
1 2 4 8 9 17 34 35 69 138 173 311 b
1 2 4 8 9 17 34 35 69 138 276 311 b
1 2 4 8 16 17 32 49 98 115 196 311 a
1 2 4 8 16 17 32 49 98 115 213 311 a
1 2 4 8 16 17 32 49 98 147 164 311 a
1 2 4 8 16 17 32 49 98 147 294 311 a
1 2 4 8 16 17 32 49 98 196 213 311 a
1 2 4 8 16 17 32 49 98 196 294 311 a
1 2 4 8 16 17 33 49 82 131 180 311 b
1 2 4 8 16 17 33 49 82 131 262 311 b
1 2 4 8 16 17 33 49 98 115 196 311 a
1 2 4 8 16 17 33 49 98 115 213 311 b
1 2 4 8 16 17 33 49 98 131 180 311 b
1 2 4 8 16 17 33 49 98 131 262 311 b
1 2 4 8 16 17 33 49 98 147 164 311 b
1 2 4 8 16 17 33 49 98 147 294 311 b
1 2 4 8 16 17 33 49 98 196 213 311 b
1 2 4 8 16 17 33 49 98 196 294 311 b
1 2 4 8 16 17 34 35 69 138 173 311 b
1 2 4 8 16 17 34 35 69 138 276 311 b
1 2 4 8 16 18 34 35 69 138 173 311 b
1 2 4 8 16 18 34 35 69 138 276 311 b
1 2 4 8 16 32 33 49 82 131 180 311 b
1 2 4 8 16 32 33 49 82 131 262 311 b
1 2 4 8 16 32 33 49 98 131 180 311 b
1 2 4 8 16 32 33 49 98 131 262 311 b
1 2 4 8 16 32 34 35 69 138 173 311 b
1 2 4 8 16 32 34 35 69 138 276 311 b
