1 2 3 4 7 11 22 44 88 176 177 353 b
1 2 3 4 7 11 22 44 88 176 352 353 b
1 2 3 4 8 11 22 44 88 176 177 353 b
1 2 3 4 8 11 22 44 88 176 352 353 b
1 2 3 5 6 11 22 44 88 176 177 353 b
1 2 3 5 6 11 22 44 88 176 352 353 b
1 2 3 5 8 11 22 44 88 176 177 353 b
1 2 3 5 8 11 22 44 88 176 352 353 b
1 2 3 5 10 11 22 44 88 176 177 353 b
1 2 3 5 10 11 22 44 88 176 352 353 b
1 2 3 5 10 12 22 44 88 176 177 353 b
1 2 3 5 10 12 22 44 88 176 352 353 b
1 2 3 5 10 20 22 44 88 176 177 353 b
1 2 3 5 10 20 22 44 88 176 352 353 b
1 2 3 6 8 11 22 44 88 176 177 353 b
1 2 3 6 8 11 22 44 88 176 352 353 b
1 2 3 6 8 14 22 44 88 176 177 353 b
1 2 3 6 8 14 22 44 88 176 352 353 b
1 2 3 6 8 16 22 44 88 176 177 353 b
1 2 3 6 8 16 22 44 88 176 352 353 b
1 2 3 6 9 11 22 44 88 176 177 353 b
1 2 3 6 9 11 22 44 88 176 352 353 b
1 2 4 5 6 11 22 44 88 176 177 353 b
1 2 4 5 6 11 22 44 88 176 352 353 b
1 2 4 5 7 11 22 44 88 176 177 353 b
1 2 4 5 7 11 22 44 88 176 352 353 b
1 2 4 5 9 11 22 44 88 176 177 353 b
1 2 4 5 9 11 22 44 88 176 352 353 b
1 2 4 5 9 13 22 44 88 176 177 353 b
1 2 4 5 9 13 22 44 88 176 352 353 b
1 2 4 5 9 18 22 44 88 176 177 353 b
1 2 4 5 9 18 22 44 88 176 352 353 b
1 2 4 5 10 11 22 44 88 176 177 353 b
1 2 4 5 10 11 22 44 88 176 352 353 b
1 2 4 5 10 12 22 44 88 176 177 353 b
1 2 4 5 10 12 22 44 88 176 352 353 b
1 2 4 5 10 20 22 44 88 176 177 353 b
1 2 4 5 10 20 22 44 88 176 352 353 b
1 2 4 5 10 20 24 44 88 176 177 353 b
1 2 4 5 10 20 24 44 88 176 352 353 b
1 2 4 5 10 20 40 44 88 176 177 353 b
1 2 4 5 10 20 40 44 88 176 352 353 b
1 2 4 6 7 11 22 44 88 176 177 353 b
1 2 4 6 7 11 22 44 88 176 352 353 b
1 2 4 6 8 14 22 44 88 176 177 353 b
1 2 4 6 8 14 22 44 88 176 352 353 b
1 2 4 6 8 16 22 44 88 176 177 353 b
1 2 4 6 8 16 22 44 88 176 352 353 b
1 2 4 6 10 11 22 44 88 176 177 353 b
1 2 4 6 10 11 22 44 88 176 352 353 b
1 2 4 6 10 12 22 44 88 176 177 353 b
1 2 4 6 10 12 22 44 88 176 352 353 b
1 2 4 6 10 16 22 44 88 176 177 353 b
1 2 4 6 10 16 22 44 88 176 352 353 b
1 2 4 6 10 20 22 44 88 176 177 353 b
1 2 4 6 10 20 22 44 88 176 352 353 b
1 2 4 6 10 20 24 44 88 176 177 353 b
1 2 4 6 10 20 24 44 88 176 352 353 b
1 2 4 6 10 20 40 44 88 176 177 353 b
1 2 4 6 10 20 40 44 88 176 352 353 b
1 2 4 6 12 16 22 44 88 176 177 353 b
1 2 4 6 12 16 22 44 88 176 352 353 b
1 2 4 6 12 16 28 44 88 176 177 353 b
1 2 4 6 12 16 28 44 88 176 352 353 b
1 2 4 6 12 16 32 44 88 176 177 353 b
1 2 4 6 12 16 32 44 88 176 352 353 b
1 2 4 6 12 18 22 44 88 176 177 353 b
1 2 4 6 12 18 22 44 88 176 352 353 b
1 2 4 8 9 11 22 44 88 176 177 353 b
1 2 4 8 9 11 22 44 88 176 352 353 b
1 2 4 8 9 13 22 44 88 176 177 353 b
1 2 4 8 9 13 22 44 88 176 352 353 b
1 2 4 8 9 16 25 41 82 164 189 353 a
1 2 4 8 9 16 25 41 82 164 328 353 a
1 2 4 8 9 17 21 42 84 168 185 353 b
1 2 4 8 9 17 21 42 84 168 336 353 b
1 2 4 8 9 17 25 42 84 168 185 353 b
1 2 4 8 9 17 25 42 84 168 336 353 b
1 2 4 8 9 17 26 43 86 172 181 353 b
1 2 4 8 9 17 26 43 86 172 344 353 b
1 2 4 8 9 17 34 42 84 168 185 353 b
1 2 4 8 9 17 34 42 84 168 336 353 b
1 2 4 8 9 17 34 43 86 172 181 353 b
1 2 4 8 9 17 34 43 86 172 344 353 b
1 2 4 8 9 18 22 44 88 176 177 353 b
1 2 4 8 9 18 22 44 88 176 352 353 b
1 2 4 8 9 18 26 44 88 176 177 353 b
1 2 4 8 9 18 26 44 88 176 352 353 b
1 2 4 8 9 18 36 44 88 176 177 353 b
1 2 4 8 9 18 36 44 88 176 352 353 b
1 2 4 8 10 11 22 44 88 176 177 353 b
1 2 4 8 10 11 22 44 88 176 352 353 b
1 2 4 8 10 12 22 44 88 176 177 353 b
1 2 4 8 10 12 22 44 88 176 352 353 b
1 2 4 8 10 14 22 44 88 176 177 353 b
1 2 4 8 10 14 22 44 88 176 352 353 b
1 2 4 8 10 18 22 44 88 176 177 353 b
1 2 4 8 10 18 22 44 88 176 352 353 b
1 2 4 8 10 18 26 44 88 176 177 353 b
1 2 4 8 10 18 26 44 88 176 352 353 b
1 2 4 8 10 18 36 44 88 176 177 353 b
1 2 4 8 10 18 36 44 88 176 352 353 b
1 2 4 8 10 20 22 44 88 176 177 353 b
1 2 4 8 10 20 22 44 88 176 352 353 b
1 2 4 8 10 20 24 44 88 176 177 353 b
1 2 4 8 10 20 24 44 88 176 352 353 b
1 2 4 8 10 20 40 44 88 176 177 353 b
1 2 4 8 10 20 40 44 88 176 352 353 b
1 2 4 8 10 20 40 48 88 176 177 353 b
1 2 4 8 10 20 40 48 88 176 352 353 b
1 2 4 8 10 20 40 80 88 176 177 353 b
1 2 4 8 10 20 40 80 88 176 352 353 b
1 2 4 8 12 14 22 44 88 176 177 353 b
1 2 4 8 12 14 22 44 88 176 352 353 b
1 2 4 8 12 16 28 44 88 176 177 353 b
1 2 4 8 12 16 28 44 88 176 352 353 b
1 2 4 8 12 16 32 44 88 176 177 353 b
1 2 4 8 12 16 32 44 88 176 352 353 b
1 2 4 8 12 20 22 44 88 176 177 353 b
1 2 4 8 12 20 22 44 88 176 352 353 b
1 2 4 8 12 20 24 44 88 176 177 353 b
1 2 4 8 12 20 24 44 88 176 352 353 b
1 2 4 8 12 20 32 44 88 176 177 353 b
1 2 4 8 12 20 32 44 88 176 352 353 b
1 2 4 8 12 20 40 44 88 176 177 353 b
1 2 4 8 12 20 40 44 88 176 352 353 b
1 2 4 8 12 20 40 48 88 176 177 353 b
1 2 4 8 12 20 40 48 88 176 352 353 b
1 2 4 8 12 20 40 80 88 176 177 353 b
1 2 4 8 12 20 40 80 88 176 352 353 b
1 2 4 8 12 24 32 44 88 176 177 353 b
1 2 4 8 12 24 32 44 88 176 352 353 b
1 2 4 8 12 24 32 56 88 176 177 353 b
1 2 4 8 12 24 32 56 88 176 352 353 b
1 2 4 8 12 24 32 64 88 176 177 353 b
1 2 4 8 12 24 32 64 88 176 352 353 b
1 2 4 8 12 24 36 44 88 176 177 353 b
1 2 4 8 12 24 36 44 88 176 352 353 b
1 2 4 8 16 17 21 42 84 168 185 353 b
1 2 4 8 16 17 21 42 84 168 336 353 b
1 2 4 8 16 17 25 41 82 164 189 353 b
1 2 4 8 16 17 25 41 82 164 328 353 b
1 2 4 8 16 17 25 42 84 168 185 353 b
1 2 4 8 16 17 25 42 84 168 336 353 b
1 2 4 8 16 17 34 42 84 168 185 353 b
1 2 4 8 16 17 34 42 84 168 336 353 b
1 2 4 8 16 17 34 50 84 168 185 353 b
1 2 4 8 16 17 34 50 84 168 336 353 b
1 2 4 8 16 17 34 68 84 168 185 353 b
1 2 4 8 16 17 34 68 84 168 336 353 b
1 2 4 8 16 18 22 44 88 176 177 353 b
1 2 4 8 16 18 22 44 88 176 352 353 b
1 2 4 8 16 18 26 44 88 176 177 353 b
1 2 4 8 16 18 26 44 88 176 352 353 b
1 2 4 8 16 18 36 44 88 176 177 353 b
1 2 4 8 16 18 36 44 88 176 352 353 b
1 2 4 8 16 18 36 52 88 176 177 353 b
1 2 4 8 16 18 36 52 88 176 352 353 b
1 2 4 8 16 18 36 72 88 176 177 353 b
1 2 4 8 16 18 36 72 88 176 352 353 b
1 2 4 8 16 20 22 44 88 176 177 353 b
1 2 4 8 16 20 22 44 88 176 352 353 b
1 2 4 8 16 20 24 44 88 176 177 353 b
1 2 4 8 16 20 24 44 88 176 352 353 b
1 2 4 8 16 20 28 44 88 176 177 353 b
1 2 4 8 16 20 28 44 88 176 352 353 b
1 2 4 8 16 20 36 44 88 176 177 353 b
1 2 4 8 16 20 36 44 88 176 352 353 b
1 2 4 8 16 20 36 52 88 176 177 353 b
1 2 4 8 16 20 36 52 88 176 352 353 b
1 2 4 8 16 20 36 72 88 176 177 353 b
1 2 4 8 16 20 36 72 88 176 352 353 b
1 2 4 8 16 20 40 44 88 176 177 353 b
1 2 4 8 16 20 40 44 88 176 352 353 b
1 2 4 8 16 20 40 48 88 176 177 353 b
1 2 4 8 16 20 40 48 88 176 352 353 b
1 2 4 8 16 20 40 80 88 176 177 353 b
1 2 4 8 16 20 40 80 88 176 352 353 b
1 2 4 8 16 20 40 80 96 176 177 353 b
1 2 4 8 16 20 40 80 96 176 352 353 b
1 2 4 8 16 20 40 80 160 176 177 353 b
1 2 4 8 16 20 40 80 160 176 352 353 b
1 2 4 8 16 24 25 41 82 164 189 353 b
1 2 4 8 16 24 25 41 82 164 328 353 b
1 2 4 8 16 24 28 44 88 176 177 353 b
1 2 4 8 16 24 28 44 88 176 352 353 b
1 2 4 8 16 24 32 56 88 176 177 353 b
1 2 4 8 16 24 32 56 88 176 352 353 b
1 2 4 8 16 24 32 64 88 176 177 353 b
1 2 4 8 16 24 32 64 88 176 352 353 b
1 2 4 8 16 24 40 44 88 176 177 353 b
1 2 4 8 16 24 40 44 88 176 352 353 b
1 2 4 8 16 24 40 48 88 176 177 353 b
1 2 4 8 16 24 40 48 88 176 352 353 b
1 2 4 8 16 24 40 64 88 176 177 353 b
1 2 4 8 16 24 40 64 88 176 352 353 b
1 2 4 8 16 24 40 80 88 176 177 353 b
1 2 4 8 16 24 40 80 88 176 352 353 b
1 2 4 8 16 24 40 80 96 176 177 353 b
1 2 4 8 16 24 40 80 96 176 352 353 b
1 2 4 8 16 24 40 80 160 176 177 353 b
1 2 4 8 16 24 40 80 160 176 352 353 b
1 2 4 8 16 24 48 64 88 176 177 353 b
1 2 4 8 16 24 48 64 88 176 352 353 b
1 2 4 8 16 24 48 64 112 176 177 353 b
1 2 4 8 16 24 48 64 112 176 352 353 b
1 2 4 8 16 24 48 64 128 176 177 353 b
1 2 4 8 16 24 48 64 128 176 352 353 b
1 2 4 8 16 24 48 72 88 176 177 353 b
1 2 4 8 16 24 48 72 88 176 352 353 b
1 2 4 8 16 32 33 40 80 160 193 353 a
1 2 4 8 16 32 33 40 80 160 320 353 a
1 2 4 8 16 32 33 48 80 160 193 353 a
1 2 4 8 16 32 33 48 80 160 320 353 a
1 2 4 8 16 32 33 64 80 160 193 353 a
1 2 4 8 16 32 33 64 80 160 320 353 a
1 2 4 8 16 32 33 64 96 160 193 353 a
1 2 4 8 16 32 33 64 96 160 320 353 a
1 2 4 8 16 32 33 64 97 128 225 353 a
1 2 4 8 16 32 33 64 97 128 256 353 a
1 2 4 8 16 32 33 64 128 160 193 353 a
1 2 4 8 16 32 33 64 128 160 320 353 a
1 2 4 8 16 32 33 64 128 161 192 353 a
1 2 4 8 16 32 33 64 128 161 225 353 a
1 2 4 8 16 32 33 64 128 161 289 353 a
1 2 4 8 16 32 33 64 128 192 225 353 a
1 2 4 8 16 32 33 64 128 192 320 353 a
1 2 4 8 16 32 33 64 128 256 289 353 a
1 2 4 8 16 32 33 64 128 256 320 353 a
1 2 4 8 16 32 36 44 88 176 177 353 b
1 2 4 8 16 32 36 44 88 176 352 353 b
1 2 4 8 16 32 36 52 88 176 177 353 b
1 2 4 8 16 32 36 52 88 176 352 353 b
1 2 4 8 16 32 36 72 88 176 177 353 b
1 2 4 8 16 32 36 72 88 176 352 353 b
1 2 4 8 16 32 36 72 104 176 177 353 b
1 2 4 8 16 32 36 72 104 176 352 353 b
1 2 4 8 16 32 36 72 144 176 177 353 b
1 2 4 8 16 32 36 72 144 176 352 353 b
1 2 4 8 16 32 40 44 88 176 177 353 b
1 2 4 8 16 32 40 44 88 176 352 353 b
1 2 4 8 16 32 40 48 88 176 177 353 b
1 2 4 8 16 32 40 48 88 176 352 353 b
1 2 4 8 16 32 40 56 88 176 177 353 b
1 2 4 8 16 32 40 56 88 176 352 353 b
1 2 4 8 16 32 40 72 88 176 177 353 b
1 2 4 8 16 32 40 72 88 176 352 353 b
1 2 4 8 16 32 40 72 104 176 177 353 b
1 2 4 8 16 32 40 72 104 176 352 353 b
1 2 4 8 16 32 40 72 144 176 177 353 b
1 2 4 8 16 32 40 72 144 176 352 353 b
1 2 4 8 16 32 40 80 88 176 177 353 b
1 2 4 8 16 32 40 80 88 176 352 353 b
1 2 4 8 16 32 40 80 96 176 177 353 b
1 2 4 8 16 32 40 80 96 176 352 353 b
1 2 4 8 16 32 40 80 160 161 192 353 a
1 2 4 8 16 32 40 80 160 161 193 353 b
1 2 4 8 16 32 40 80 160 161 321 353 b
1 2 4 8 16 32 40 80 160 176 177 353 b
1 2 4 8 16 32 40 80 160 176 352 353 b
1 2 4 8 16 32 40 80 160 192 193 353 b
1 2 4 8 16 32 40 80 160 192 352 353 b
1 2 4 8 16 32 40 80 160 320 321 353 b
1 2 4 8 16 32 40 80 160 320 352 353 b
1 2 4 8 16 32 48 56 88 176 177 353 b
1 2 4 8 16 32 48 56 88 176 352 353 b
1 2 4 8 16 32 48 64 112 176 177 353 b
1 2 4 8 16 32 48 64 112 176 352 353 b
1 2 4 8 16 32 48 64 128 176 177 353 b
1 2 4 8 16 32 48 64 128 176 352 353 b
1 2 4 8 16 32 48 80 88 176 177 353 b
1 2 4 8 16 32 48 80 88 176 352 353 b
1 2 4 8 16 32 48 80 96 176 177 353 b
1 2 4 8 16 32 48 80 96 176 352 353 b
1 2 4 8 16 32 48 80 128 176 177 353 b
1 2 4 8 16 32 48 80 128 176 352 353 b
1 2 4 8 16 32 48 80 160 161 192 353 a
1 2 4 8 16 32 48 80 160 161 193 353 b
1 2 4 8 16 32 48 80 160 161 321 353 b
1 2 4 8 16 32 48 80 160 176 177 353 b
1 2 4 8 16 32 48 80 160 176 352 353 b
1 2 4 8 16 32 48 80 160 192 193 353 b
1 2 4 8 16 32 48 80 160 192 352 353 b
1 2 4 8 16 32 48 80 160 320 321 353 b
1 2 4 8 16 32 48 80 160 320 352 353 b
1 2 4 8 16 32 48 96 97 128 225 353 a
1 2 4 8 16 32 48 96 97 128 256 353 a
1 2 4 8 16 32 48 96 128 129 224 353 a
1 2 4 8 16 32 48 96 128 129 225 353 b
1 2 4 8 16 32 48 96 128 129 257 353 b
1 2 4 8 16 32 48 96 128 176 177 353 b
1 2 4 8 16 32 48 96 128 176 352 353 b
1 2 4 8 16 32 48 96 128 224 225 353 b
1 2 4 8 16 32 48 96 128 224 352 353 b
1 2 4 8 16 32 48 96 128 256 257 353 b
1 2 4 8 16 32 48 96 128 256 352 353 b
1 2 4 8 16 32 48 96 144 176 177 353 b
1 2 4 8 16 32 48 96 144 176 352 353 b
1 2 4 8 16 32 64 65 72 144 209 353 a
1 2 4 8 16 32 64 65 72 144 288 353 a
1 2 4 8 16 32 64 65 80 144 209 353 a
1 2 4 8 16 32 64 65 80 144 288 353 a
1 2 4 8 16 32 64 65 96 161 192 353 a
1 2 4 8 16 32 64 65 96 161 257 353 a
1 2 4 8 16 32 64 65 96 192 257 353 a
1 2 4 8 16 32 64 65 96 192 288 353 a
1 2 4 8 16 32 64 65 97 128 225 353 a
1 2 4 8 16 32 64 65 97 128 256 353 a
1 2 4 8 16 32 64 65 128 144 209 353 a
1 2 4 8 16 32 64 65 128 144 288 353 a
1 2 4 8 16 32 64 65 128 160 193 353 a
1 2 4 8 16 32 64 65 128 160 225 353 a
1 2 4 8 16 32 64 65 128 160 288 353 a
1 2 4 8 16 32 64 65 128 193 225 353 a
1 2 4 8 16 32 64 65 128 193 321 353 a
1 2 4 8 16 32 64 65 128 256 288 353 a
1 2 4 8 16 32 64 65 128 256 321 353 a
1 2 4 8 16 32 64 72 88 176 177 353 b
1 2 4 8 16 32 64 72 88 176 352 353 b
1 2 4 8 16 32 64 72 104 176 177 353 b
1 2 4 8 16 32 64 72 104 176 352 353 b
1 2 4 8 16 32 64 72 144 145 208 353 a
1 2 4 8 16 32 64 72 144 145 209 353 b
1 2 4 8 16 32 64 72 144 145 289 353 b
1 2 4 8 16 32 64 72 144 176 177 353 b
1 2 4 8 16 32 64 72 144 176 352 353 b
1 2 4 8 16 32 64 72 144 208 209 353 b
1 2 4 8 16 32 64 72 144 208 352 353 b
1 2 4 8 16 32 64 72 144 288 289 353 b
1 2 4 8 16 32 64 72 144 288 352 353 b
1 2 4 8 16 32 64 80 88 176 177 353 b
1 2 4 8 16 32 64 80 88 176 352 353 b
1 2 4 8 16 32 64 80 96 176 177 353 b
1 2 4 8 16 32 64 80 96 176 352 353 b
1 2 4 8 16 32 64 80 112 176 177 353 b
1 2 4 8 16 32 64 80 112 176 352 353 b
1 2 4 8 16 32 64 80 144 145 208 353 a
1 2 4 8 16 32 64 80 144 145 209 353 b
1 2 4 8 16 32 64 80 144 145 289 353 b
1 2 4 8 16 32 64 80 144 176 177 353 b
1 2 4 8 16 32 64 80 144 176 352 353 b
1 2 4 8 16 32 64 80 144 208 209 353 b
1 2 4 8 16 32 64 80 144 208 352 353 b
1 2 4 8 16 32 64 80 144 288 289 353 b
1 2 4 8 16 32 64 80 144 288 352 353 b
1 2 4 8 16 32 64 80 160 161 192 353 a
1 2 4 8 16 32 64 80 160 161 193 353 b
1 2 4 8 16 32 64 80 160 161 321 353 b
1 2 4 8 16 32 64 80 160 176 177 353 b
1 2 4 8 16 32 64 80 160 176 352 353 b
1 2 4 8 16 32 64 80 160 192 193 353 b
1 2 4 8 16 32 64 80 160 192 352 353 b
1 2 4 8 16 32 64 80 160 320 321 353 b
1 2 4 8 16 32 64 80 160 320 352 353 b
1 2 4 8 16 32 64 96 97 128 225 353 a
1 2 4 8 16 32 64 96 97 128 256 353 a
1 2 4 8 16 32 64 96 97 160 193 353 a
1 2 4 8 16 32 64 96 97 160 256 353 a
1 2 4 8 16 32 64 96 97 160 257 353 a
1 2 4 8 16 32 64 96 97 161 192 353 a
1 2 4 8 16 32 64 96 97 161 257 353 b
1 2 4 8 16 32 64 96 97 192 256 353 a
1 2 4 8 16 32 64 96 97 192 289 353 a
1 2 4 8 16 32 64 96 97 193 257 353 b
1 2 4 8 16 32 64 96 97 193 289 353 b
1 2 4 8 16 32 64 96 112 176 177 353 b
1 2 4 8 16 32 64 96 112 176 352 353 b
1 2 4 8 16 32 64 96 128 129 224 353 a
1 2 4 8 16 32 64 96 128 129 225 353 b
1 2 4 8 16 32 64 96 128 129 257 353 b
1 2 4 8 16 32 64 96 128 224 225 353 b
1 2 4 8 16 32 64 96 128 224 352 353 b
1 2 4 8 16 32 64 96 128 256 257 353 b
1 2 4 8 16 32 64 96 128 256 352 353 b
1 2 4 8 16 32 64 96 160 161 192 353 a
1 2 4 8 16 32 64 96 160 161 193 353 b
1 2 4 8 16 32 64 96 160 161 257 353 b
1 2 4 8 16 32 64 96 160 161 321 353 b
1 2 4 8 16 32 64 96 160 176 177 353 b
1 2 4 8 16 32 64 96 160 176 352 353 b
1 2 4 8 16 32 64 96 160 192 193 353 b
1 2 4 8 16 32 64 96 160 192 352 353 b
1 2 4 8 16 32 64 96 160 256 257 353 b
1 2 4 8 16 32 64 96 160 256 352 353 b
1 2 4 8 16 32 64 96 160 320 321 353 b
1 2 4 8 16 32 64 96 160 320 352 353 b
1 2 4 8 16 32 64 96 192 193 257 353 b
1 2 4 8 16 32 64 96 192 193 289 353 b
1 2 4 8 16 32 64 96 192 256 257 353 b
1 2 4 8 16 32 64 96 192 256 352 353 b
1 2 4 8 16 32 64 96 192 288 289 353 b
1 2 4 8 16 32 64 96 192 288 352 353 b
1 2 4 8 16 32 64 128 129 160 193 353 a
1 2 4 8 16 32 64 128 129 160 224 353 a
1 2 4 8 16 32 64 128 129 160 289 353 a
1 2 4 8 16 32 64 128 129 161 192 353 a
1 2 4 8 16 32 64 128 129 161 225 353 b
1 2 4 8 16 32 64 128 129 161 289 353 b
1 2 4 8 16 32 64 128 129 192 224 353 a
1 2 4 8 16 32 64 128 129 192 321 353 a
1 2 4 8 16 32 64 128 129 193 225 353 b
1 2 4 8 16 32 64 128 129 193 321 353 b
1 2 4 8 16 32 64 128 129 257 289 353 b
1 2 4 8 16 32 64 128 129 257 321 353 b
1 2 4 8 16 32 64 128 144 145 208 353 a
1 2 4 8 16 32 64 128 144 145 209 353 b
1 2 4 8 16 32 64 128 144 145 289 353 b
1 2 4 8 16 32 64 128 144 176 177 353 b
1 2 4 8 16 32 64 128 144 176 352 353 b
1 2 4 8 16 32 64 128 144 208 209 353 b
1 2 4 8 16 32 64 128 144 208 352 353 b
1 2 4 8 16 32 64 128 144 288 289 353 b
1 2 4 8 16 32 64 128 144 288 352 353 b
1 2 4 8 16 32 64 128 160 161 192 353 a
1 2 4 8 16 32 64 128 160 161 193 353 b
1 2 4 8 16 32 64 128 160 161 225 353 b
1 2 4 8 16 32 64 128 160 161 289 353 b
1 2 4 8 16 32 64 128 160 161 321 353 b
1 2 4 8 16 32 64 128 160 176 177 353 b
1 2 4 8 16 32 64 128 160 176 352 353 b
1 2 4 8 16 32 64 128 160 192 193 353 b
1 2 4 8 16 32 64 128 160 192 352 353 b
1 2 4 8 16 32 64 128 160 224 225 353 b
1 2 4 8 16 32 64 128 160 224 352 353 b
1 2 4 8 16 32 64 128 160 288 289 353 b
1 2 4 8 16 32 64 128 160 288 352 353 b
1 2 4 8 16 32 64 128 160 320 321 353 b
1 2 4 8 16 32 64 128 160 320 352 353 b
1 2 4 8 16 32 64 128 192 193 225 353 b
1 2 4 8 16 32 64 128 192 193 321 353 b
1 2 4 8 16 32 64 128 192 224 225 353 b
1 2 4 8 16 32 64 128 192 224 352 353 b
1 2 4 8 16 32 64 128 192 320 321 353 b
1 2 4 8 16 32 64 128 192 320 352 353 b
1 2 4 8 16 32 64 128 256 257 289 353 b
1 2 4 8 16 32 64 128 256 257 321 353 b
1 2 4 8 16 32 64 128 256 288 289 353 b
1 2 4 8 16 32 64 128 256 288 352 353 b
1 2 4 8 16 32 64 128 256 320 321 353 b
1 2 4 8 16 32 64 128 256 320 352 353 b
