1 2 3 4 7 10 20 27 47 94 188 376 b
1 2 3 4 7 10 20 40 47 94 188 376 b
1 2 3 4 7 11 18 29 47 94 188 376 b
1 2 3 4 7 11 18 36 47 94 188 376 b
1 2 3 4 7 11 22 25 47 94 188 376 b
1 2 3 4 7 11 22 44 47 94 188 376 b
1 2 3 4 8 11 22 25 47 94 188 376 b
1 2 3 4 8 11 22 44 47 94 188 376 b
1 2 3 5 6 11 22 25 47 94 188 376 b
1 2 3 5 6 11 22 44 47 94 188 376 b
1 2 3 5 6 11 22 44 50 94 188 376 b
1 2 3 5 6 11 22 44 88 94 188 376 b
1 2 3 5 7 10 20 27 47 94 188 376 b
1 2 3 5 7 10 20 40 47 94 188 376 b
1 2 3 5 7 14 19 28 47 94 188 376 a
1 2 3 5 7 14 19 33 47 94 188 376 b
1 2 3 5 7 14 21 26 47 94 188 376 b
1 2 3 5 7 14 21 42 47 94 188 376 b
1 2 3 5 7 14 28 33 47 94 188 376 b
1 2 3 5 7 14 28 33 61 94 188 376 b
1 2 3 5 7 14 28 33 66 94 188 376 b
1 2 3 5 7 14 28 42 47 94 188 376 b
1 2 3 5 8 11 22 25 47 94 188 376 b
1 2 3 5 8 11 22 44 47 94 188 376 b
1 2 3 5 8 13 21 26 47 94 188 376 b
1 2 3 5 8 13 21 34 47 94 188 376 b
1 2 3 5 8 13 21 42 47 94 188 376 b
1 2 3 5 8 13 26 34 47 94 188 376 b
1 2 3 5 8 13 26 34 60 94 188 376 b
1 2 3 5 8 13 26 34 68 94 188 376 b
1 2 3 5 8 13 26 39 47 94 188 376 b
1 2 3 5 8 16 21 26 47 94 188 376 b
1 2 3 5 8 16 21 42 47 94 188 376 b
1 2 3 5 10 11 21 26 47 94 188 376 b
1 2 3 5 10 11 21 42 47 94 188 376 b
1 2 3 5 10 11 21 42 52 94 188 376 b
1 2 3 5 10 11 21 42 84 94 188 376 b
1 2 3 5 10 11 22 25 47 94 188 376 b
1 2 3 5 10 11 22 44 47 94 188 376 b
1 2 3 5 10 12 22 25 47 94 188 376 b
1 2 3 5 10 12 22 44 47 94 188 376 b
1 2 3 5 10 12 22 44 88 100 188 376 b
1 2 3 5 10 12 22 44 88 176 188 376 b
1 2 3 5 10 13 23 24 47 94 188 376 b
1 2 3 5 10 13 23 46 47 94 188 376 b
1 2 3 5 10 13 23 46 48 94 188 376 b
1 2 3 5 10 13 23 46 92 94 188 376 b
1 2 3 5 10 15 16 31 47 94 188 376 b
1 2 3 5 10 15 16 32 47 94 188 376 b
1 2 3 5 10 15 17 30 47 94 188 376 a
1 2 3 5 10 15 17 32 47 94 188 376 b
1 2 3 5 10 15 30 32 47 94 188 376 b
1 2 3 5 10 15 30 32 62 94 188 376 b
1 2 3 5 10 15 30 32 64 94 188 376 b
1 2 3 5 10 15 30 45 47 94 188 376 b
1 2 3 5 10 20 21 26 47 94 188 376 b
1 2 3 5 10 20 21 42 47 94 188 376 b
1 2 3 5 10 20 21 42 52 94 188 376 b
1 2 3 5 10 20 21 42 84 94 188 376 b
1 2 3 5 10 20 21 42 84 104 188 376 b
1 2 3 5 10 20 21 42 84 168 188 376 b
1 2 3 5 10 20 22 25 47 94 188 376 b
1 2 3 5 10 20 22 27 47 94 188 376 b
1 2 3 5 10 20 22 42 47 94 188 376 b
1 2 3 5 10 20 22 42 52 94 188 376 b
1 2 3 5 10 20 22 42 84 94 188 376 b
1 2 3 5 10 20 22 42 84 104 188 376 b
1 2 3 5 10 20 22 42 84 168 188 376 b
1 2 3 5 10 20 22 44 47 94 188 376 b
1 2 3 5 10 20 23 24 47 94 188 376 b
1 2 3 5 10 20 23 46 47 94 188 376 b
1 2 3 5 10 20 23 46 48 94 188 376 b
1 2 3 5 10 20 23 46 92 94 188 376 b
1 2 3 5 10 20 25 27 47 94 188 376 b
1 2 3 5 10 20 25 45 47 94 188 376 b
1 2 3 5 10 20 30 32 62 94 188 376 b
1 2 3 5 10 20 30 32 64 94 188 376 b
1 2 3 5 10 20 40 42 47 94 188 376 b
1 2 3 5 10 20 40 42 52 94 188 376 b
1 2 3 5 10 20 40 42 84 94 188 376 b
1 2 3 5 10 20 40 42 84 104 188 376 b
1 2 3 5 10 20 40 42 84 168 188 376 b
1 2 3 5 10 20 40 42 84 168 208 376 b
1 2 3 5 10 20 40 42 84 168 336 376 b
1 2 3 5 10 20 40 45 47 94 188 376 b
1 2 3 6 7 10 20 27 47 94 188 376 b
1 2 3 6 7 10 20 40 47 94 188 376 b
1 2 3 6 7 13 20 27 47 94 188 376 b
1 2 3 6 7 13 20 40 47 94 188 376 b
1 2 3 6 7 14 20 27 47 94 188 376 b
1 2 3 6 7 14 20 40 47 94 188 376 b
1 2 3 6 7 14 20 40 54 94 188 376 b
1 2 3 6 7 14 20 40 80 94 188 376 b
1 2 3 6 8 11 22 25 47 94 188 376 b
1 2 3 6 8 11 22 44 47 94 188 376 b
1 2 3 6 8 11 22 44 50 94 188 376 b
1 2 3 6 8 11 22 44 88 94 188 376 b
1 2 3 6 8 14 20 40 54 94 188 376 b
1 2 3 6 8 14 20 40 80 94 188 376 b
1 2 3 6 8 14 22 25 47 94 188 376 b
1 2 3 6 8 14 22 36 58 94 188 376 b
1 2 3 6 8 14 22 36 72 94 188 376 b
1 2 3 6 8 14 22 44 47 94 188 376 b
1 2 3 6 8 14 22 44 50 94 188 376 b
1 2 3 6 8 14 22 44 88 94 188 376 b
1 2 3 6 8 16 22 25 47 94 188 376 b
1 2 3 6 8 16 22 44 47 94 188 376 b
1 2 3 6 8 16 22 44 50 94 188 376 b
1 2 3 6 8 16 22 44 88 94 188 376 b
1 2 3 6 9 10 19 28 47 94 188 376 b
1 2 3 6 9 10 19 38 47 94 188 376 b
1 2 3 6 9 11 18 29 47 94 188 376 a
1 2 3 6 9 11 18 36 47 94 188 376 a
1 2 3 6 9 11 22 25 47 94 188 376 b
1 2 3 6 9 11 22 44 47 94 188 376 b
1 2 3 6 9 11 22 44 50 94 188 376 b
1 2 3 6 9 11 22 44 88 94 188 376 b
1 2 3 6 9 15 16 31 47 94 188 376 b
1 2 3 6 9 15 16 32 47 94 188 376 b
1 2 3 6 9 15 17 30 47 94 188 376 a
1 2 3 6 9 15 17 32 47 94 188 376 b
1 2 3 6 9 15 30 32 47 94 188 376 b
1 2 3 6 9 15 30 32 62 94 188 376 b
1 2 3 6 9 15 30 32 64 94 188 376 b
1 2 3 6 9 15 30 45 47 94 188 376 b
1 2 3 6 9 18 19 28 47 94 188 376 b
1 2 3 6 9 18 19 38 47 94 188 376 b
1 2 3 6 9 18 19 38 56 94 188 376 b
1 2 3 6 9 18 19 38 76 94 188 376 b
1 2 3 6 9 18 20 27 47 94 188 376 a
1 2 3 6 9 18 20 29 47 94 188 376 b
1 2 3 6 9 18 20 38 47 94 188 376 b
1 2 3 6 9 18 20 38 56 94 188 376 b
1 2 3 6 9 18 20 38 76 94 188 376 b
1 2 3 6 9 18 27 29 47 94 188 376 b
1 2 3 6 9 18 27 45 47 94 188 376 b
1 2 3 6 9 18 36 38 47 94 188 376 b
1 2 3 6 9 18 36 38 56 94 188 376 b
1 2 3 6 9 18 36 38 76 94 188 376 b
1 2 3 6 9 18 36 38 76 112 188 376 b
1 2 3 6 9 18 36 38 76 152 188 376 b
1 2 3 6 9 18 36 45 47 94 188 376 b
1 2 3 6 12 14 20 40 54 94 188 376 b
1 2 3 6 12 14 20 40 80 94 188 376 b
1 2 3 6 12 14 26 40 54 94 188 376 b
1 2 3 6 12 14 26 40 80 94 188 376 b
1 2 3 6 12 14 28 40 54 94 188 376 b
1 2 3 6 12 14 28 40 80 94 188 376 b
1 2 3 6 12 14 28 40 80 108 188 376 b
1 2 3 6 12 14 28 40 80 160 188 376 b
1 2 3 6 12 15 16 31 47 94 188 376 b
1 2 3 6 12 15 16 32 47 94 188 376 b
1 2 3 6 12 15 17 30 47 94 188 376 a
1 2 3 6 12 15 17 32 47 94 188 376 b
1 2 3 6 12 15 30 32 47 94 188 376 b
1 2 3 6 12 15 30 32 62 94 188 376 b
1 2 3 6 12 15 30 32 64 94 188 376 b
1 2 3 6 12 15 30 45 47 94 188 376 b
1 2 3 6 12 18 19 38 56 94 188 376 b
1 2 3 6 12 18 19 38 76 94 188 376 b
1 2 3 6 12 18 20 38 56 94 188 376 b
1 2 3 6 12 18 20 38 76 94 188 376 b
1 2 3 6 12 18 30 32 62 94 188 376 b
1 2 3 6 12 18 30 32 64 94 188 376 b
1 2 3 6 12 18 36 38 56 94 188 376 b
1 2 3 6 12 18 36 38 76 94 188 376 b
1 2 3 6 12 18 36 38 76 112 188 376 b
1 2 3 6 12 18 36 38 76 152 188 376 b
1 2 3 6 12 24 30 32 62 94 188 376 b
1 2 3 6 12 24 30 32 64 94 188 376 b
1 2 3 6 12 24 36 38 76 112 188 376 b
1 2 3 6 12 24 36 38 76 152 188 376 b
1 2 4 5 6 11 22 44 50 94 188 376 b
1 2 4 5 6 11 22 44 88 94 188 376 b
1 2 4 5 7 10 20 27 47 94 188 376 a
1 2 4 5 7 10 20 40 47 94 188 376 a
1 2 4 5 7 11 18 29 47 94 188 376 b
1 2 4 5 7 11 18 36 47 94 188 376 b
1 2 4 5 7 14 19 28 47 94 188 376 a
1 2 4 5 7 14 19 33 47 94 188 376 b
1 2 4 5 7 14 21 26 47 94 188 376 b
1 2 4 5 7 14 21 42 47 94 188 376 b
1 2 4 5 7 14 28 33 47 94 188 376 b
1 2 4 5 7 14 28 33 61 94 188 376 b
1 2 4 5 7 14 28 33 66 94 188 376 b
1 2 4 5 7 14 28 42 47 94 188 376 b
1 2 4 5 8 13 17 30 47 94 188 376 a
1 2 4 5 8 13 17 34 47 94 188 376 a
1 2 4 5 8 13 21 26 47 94 188 376 a
1 2 4 5 8 13 21 34 47 94 188 376 a
1 2 4 5 8 13 21 42 47 94 188 376 a
1 2 4 5 8 13 26 34 47 94 188 376 a
1 2 4 5 8 13 26 34 60 94 188 376 a
1 2 4 5 8 13 26 34 68 94 188 376 a
1 2 4 5 8 13 26 39 47 94 188 376 a
1 2 4 5 8 16 21 26 47 94 188 376 a
1 2 4 5 8 16 21 42 47 94 188 376 a
1 2 4 5 9 10 19 28 47 94 188 376 b
1 2 4 5 9 10 19 38 47 94 188 376 b
1 2 4 5 9 11 18 29 47 94 188 376 a
1 2 4 5 9 11 18 36 47 94 188 376 a
1 2 4 5 9 13 17 30 47 94 188 376 b
1 2 4 5 9 13 17 34 47 94 188 376 b
1 2 4 5 9 14 19 28 47 94 188 376 b
1 2 4 5 9 14 19 33 47 94 188 376 b
1 2 4 5 9 14 19 38 47 94 188 376 b
1 2 4 5 9 14 23 24 47 94 188 376 b
1 2 4 5 9 14 23 46 47 94 188 376 b
1 2 4 5 9 14 23 46 48 94 188 376 b
1 2 4 5 9 14 23 46 92 94 188 376 b
1 2 4 5 9 14 23 46 92 96 188 376 b
1 2 4 5 9 14 23 46 92 184 188 376 b
1 2 4 5 9 14 28 33 47 94 188 376 b
1 2 4 5 9 14 28 33 61 94 188 376 b
1 2 4 5 9 14 28 33 66 94 188 376 b
1 2 4 5 9 14 28 42 47 94 188 376 b
1 2 4 5 9 18 19 28 47 94 188 376 b
1 2 4 5 9 18 19 38 47 94 188 376 b
1 2 4 5 9 18 19 38 56 94 188 376 b
1 2 4 5 9 18 19 38 76 94 188 376 b
1 2 4 5 9 18 20 27 47 94 188 376 a
1 2 4 5 9 18 20 29 47 94 188 376 b
1 2 4 5 9 18 20 38 47 94 188 376 b
1 2 4 5 9 18 20 38 56 94 188 376 b
1 2 4 5 9 18 20 38 76 94 188 376 b
1 2 4 5 9 18 22 36 58 94 188 376 a
1 2 4 5 9 18 22 36 72 94 188 376 a
1 2 4 5 9 18 23 24 47 94 188 376 b
1 2 4 5 9 18 23 46 47 94 188 376 b
1 2 4 5 9 18 23 46 48 94 188 376 b
1 2 4 5 9 18 23 46 92 94 188 376 b
1 2 4 5 9 18 23 46 92 96 188 376 b
1 2 4 5 9 18 23 46 92 184 188 376 b
1 2 4 5 9 18 27 29 47 94 188 376 b
1 2 4 5 9 18 27 45 47 94 188 376 b
1 2 4 5 9 18 27 45 49 94 188 376 b
1 2 4 5 9 18 27 45 90 94 188 376 b
1 2 4 5 9 18 36 38 47 94 188 376 b
1 2 4 5 9 18 36 38 56 94 188 376 b
1 2 4 5 9 18 36 38 76 94 188 376 b
1 2 4 5 9 18 36 38 76 112 188 376 b
1 2 4 5 9 18 36 38 76 152 188 376 b
1 2 4 5 9 18 36 40 54 94 188 376 a
1 2 4 5 9 18 36 40 58 94 188 376 b
1 2 4 5 9 18 36 40 76 94 188 376 b
1 2 4 5 9 18 36 40 76 112 188 376 b
1 2 4 5 9 18 36 40 76 152 188 376 b
1 2 4 5 9 18 36 45 47 94 188 376 b
1 2 4 5 9 18 36 45 49 94 188 376 b
1 2 4 5 9 18 36 45 90 94 188 376 b
1 2 4 5 9 18 36 54 58 94 188 376 b
1 2 4 5 9 18 36 54 90 94 188 376 b
1 2 4 5 9 18 36 72 76 94 188 376 b
1 2 4 5 9 18 36 72 76 112 188 376 b
1 2 4 5 9 18 36 72 76 152 188 376 b
1 2 4 5 9 18 36 72 76 152 224 376 b
1 2 4 5 9 18 36 72 76 152 304 376 b
1 2 4 5 9 18 36 72 90 94 188 376 b
1 2 4 5 10 11 21 26 47 94 188 376 b
1 2 4 5 10 11 21 42 47 94 188 376 b
1 2 4 5 10 11 21 42 52 94 188 376 b
1 2 4 5 10 11 21 42 84 94 188 376 b
1 2 4 5 10 12 22 44 88 100 188 376 b
1 2 4 5 10 12 22 44 88 176 188 376 b
1 2 4 5 10 14 19 28 47 94 188 376 a
1 2 4 5 10 14 19 33 47 94 188 376 b
1 2 4 5 10 14 20 40 54 94 188 376 a
1 2 4 5 10 14 20 40 80 94 188 376 a
1 2 4 5 10 14 28 33 47 94 188 376 b
1 2 4 5 10 14 28 33 61 94 188 376 b
1 2 4 5 10 14 28 33 66 94 188 376 b
1 2 4 5 10 14 28 38 56 94 188 376 a
1 2 4 5 10 14 28 38 66 94 188 376 b
1 2 4 5 10 14 28 42 47 94 188 376 b
1 2 4 5 10 14 28 42 52 94 188 376 b
1 2 4 5 10 14 28 42 84 94 188 376 b
1 2 4 5 10 14 28 56 66 94 188 376 b
1 2 4 5 10 14 28 56 66 122 188 376 b
1 2 4 5 10 14 28 56 66 132 188 376 b
1 2 4 5 10 14 28 56 84 94 188 376 b
1 2 4 5 10 15 16 31 47 94 188 376 b
1 2 4 5 10 15 16 32 47 94 188 376 b
1 2 4 5 10 15 17 30 47 94 188 376 a
1 2 4 5 10 15 17 32 47 94 188 376 b
1 2 4 5 10 15 30 32 47 94 188 376 b
1 2 4 5 10 15 30 32 62 94 188 376 b
1 2 4 5 10 15 30 32 64 94 188 376 b
1 2 4 5 10 15 30 34 60 94 188 376 a
1 2 4 5 10 15 30 34 64 94 188 376 b
1 2 4 5 10 15 30 45 47 94 188 376 b
1 2 4 5 10 15 30 45 49 94 188 376 b
1 2 4 5 10 15 30 45 90 94 188 376 b
1 2 4 5 10 15 30 60 64 94 188 376 b
1 2 4 5 10 15 30 60 64 124 188 376 b
1 2 4 5 10 15 30 60 64 128 188 376 b
1 2 4 5 10 15 30 60 90 94 188 376 b
1 2 4 5 10 20 21 26 47 94 188 376 b
1 2 4 5 10 20 21 42 47 94 188 376 b
1 2 4 5 10 20 21 42 52 94 188 376 b
1 2 4 5 10 20 21 42 84 94 188 376 b
1 2 4 5 10 20 21 42 84 104 188 376 b
1 2 4 5 10 20 21 42 84 168 188 376 b
1 2 4 5 10 20 22 25 47 94 188 376 a
1 2 4 5 10 20 22 27 47 94 188 376 b
1 2 4 5 10 20 22 42 47 94 188 376 b
1 2 4 5 10 20 22 42 52 94 188 376 b
1 2 4 5 10 20 22 42 84 94 188 376 b
1 2 4 5 10 20 22 42 84 104 188 376 b
1 2 4 5 10 20 22 42 84 168 188 376 b
1 2 4 5 10 20 24 44 88 176 200 376 b
1 2 4 5 10 20 24 44 88 176 352 376 b
1 2 4 5 10 20 25 27 47 94 188 376 b
1 2 4 5 10 20 25 45 47 94 188 376 b
1 2 4 5 10 20 25 45 49 94 188 376 b
1 2 4 5 10 20 25 45 90 94 188 376 b
1 2 4 5 10 20 30 32 62 94 188 376 b
1 2 4 5 10 20 30 32 64 94 188 376 b
1 2 4 5 10 20 30 34 60 94 188 376 a
1 2 4 5 10 20 30 34 64 94 188 376 b
1 2 4 5 10 20 30 60 64 94 188 376 b
1 2 4 5 10 20 30 60 64 124 188 376 b
1 2 4 5 10 20 30 60 64 128 188 376 b
1 2 4 5 10 20 30 60 90 94 188 376 b
1 2 4 5 10 20 40 42 47 94 188 376 b
1 2 4 5 10 20 40 42 52 94 188 376 b
1 2 4 5 10 20 40 42 84 94 188 376 b
1 2 4 5 10 20 40 42 84 104 188 376 b
1 2 4 5 10 20 40 42 84 168 188 376 b
1 2 4 5 10 20 40 42 84 168 208 376 b
1 2 4 5 10 20 40 42 84 168 336 376 b
1 2 4 5 10 20 40 44 50 94 188 376 a
1 2 4 5 10 20 40 44 54 94 188 376 b
1 2 4 5 10 20 40 44 84 94 188 376 b
1 2 4 5 10 20 40 44 84 104 188 376 b
1 2 4 5 10 20 40 44 84 168 188 376 b
1 2 4 5 10 20 40 44 84 168 208 376 b
1 2 4 5 10 20 40 44 84 168 336 376 b
1 2 4 5 10 20 40 45 47 94 188 376 b
1 2 4 5 10 20 40 45 49 94 188 376 b
1 2 4 5 10 20 40 45 90 94 188 376 b
1 2 4 5 10 20 40 50 54 94 188 376 b
1 2 4 5 10 20 40 50 90 94 188 376 b
1 2 4 5 10 20 40 60 64 124 188 376 b
1 2 4 5 10 20 40 60 64 128 188 376 b
1 2 4 5 10 20 40 80 84 94 188 376 b
1 2 4 5 10 20 40 80 84 104 188 376 b
1 2 4 5 10 20 40 80 84 168 188 376 b
1 2 4 5 10 20 40 80 84 168 208 376 b
1 2 4 5 10 20 40 80 84 168 336 376 b
1 2 4 5 10 20 40 80 90 94 188 376 b
1 2 4 6 7 10 20 27 47 94 188 376 a
1 2 4 6 7 10 20 40 47 94 188 376 a
1 2 4 6 7 11 18 29 47 94 188 376 b
1 2 4 6 7 11 18 36 47 94 188 376 b
1 2 4 6 7 11 22 44 50 94 188 376 b
1 2 4 6 7 11 22 44 88 94 188 376 b
1 2 4 6 7 13 17 30 47 94 188 376 b
1 2 4 6 7 13 17 34 47 94 188 376 b
1 2 4 6 7 13 20 27 47 94 188 376 b
1 2 4 6 7 13 20 40 47 94 188 376 b
1 2 4 6 7 14 20 27 47 94 188 376 b
1 2 4 6 7 14 20 40 47 94 188 376 b
1 2 4 6 7 14 20 40 54 94 188 376 b
1 2 4 6 7 14 20 40 80 94 188 376 b
1 2 4 6 8 14 20 40 54 94 188 376 b
1 2 4 6 8 14 20 40 80 94 188 376 b
1 2 4 6 8 14 22 36 58 94 188 376 b
1 2 4 6 8 14 22 36 72 94 188 376 b
1 2 4 6 8 14 22 44 50 94 188 376 b
1 2 4 6 8 14 22 44 88 94 188 376 b
1 2 4 6 8 16 22 44 50 94 188 376 b
1 2 4 6 8 16 22 44 88 94 188 376 b
1 2 4 6 10 11 21 42 52 94 188 376 b
1 2 4 6 10 11 21 42 84 94 188 376 b
1 2 4 6 10 11 22 44 50 94 188 376 b
1 2 4 6 10 11 22 44 88 94 188 376 b
1 2 4 6 10 12 22 44 50 94 188 376 b
1 2 4 6 10 12 22 44 88 94 188 376 b
1 2 4 6 10 12 22 44 88 100 188 376 b
1 2 4 6 10 12 22 44 88 176 188 376 b
1 2 4 6 10 14 20 40 54 94 188 376 b
1 2 4 6 10 14 20 40 80 94 188 376 b
1 2 4 6 10 14 28 38 56 94 188 376 a
1 2 4 6 10 14 28 38 66 94 188 376 b
1 2 4 6 10 14 28 42 52 94 188 376 b
1 2 4 6 10 14 28 42 84 94 188 376 b
1 2 4 6 10 14 28 56 66 94 188 376 b
1 2 4 6 10 14 28 56 66 122 188 376 b
1 2 4 6 10 14 28 56 66 132 188 376 b
1 2 4 6 10 14 28 56 84 94 188 376 b
1 2 4 6 10 16 22 44 50 94 188 376 b
1 2 4 6 10 16 22 44 88 94 188 376 b
1 2 4 6 10 16 26 42 52 94 188 376 b
1 2 4 6 10 16 26 42 68 94 188 376 b
1 2 4 6 10 16 26 42 84 94 188 376 b
1 2 4 6 10 16 26 52 68 94 188 376 b
1 2 4 6 10 16 26 52 68 120 188 376 b
1 2 4 6 10 16 26 52 68 136 188 376 b
1 2 4 6 10 16 26 52 78 94 188 376 b
1 2 4 6 10 16 32 42 52 94 188 376 b
1 2 4 6 10 16 32 42 84 94 188 376 b
1 2 4 6 10 20 21 26 47 94 188 376 a
1 2 4 6 10 20 21 27 47 94 188 376 b
1 2 4 6 10 20 21 41 47 94 188 376 b
1 2 4 6 10 20 21 42 52 94 188 376 b
1 2 4 6 10 20 21 42 84 94 188 376 b
1 2 4 6 10 20 21 42 84 104 188 376 b
1 2 4 6 10 20 21 42 84 168 188 376 b
1 2 4 6 10 20 22 42 52 94 188 376 b
1 2 4 6 10 20 22 42 84 94 188 376 b
1 2 4 6 10 20 22 42 84 104 188 376 b
1 2 4 6 10 20 22 42 84 168 188 376 b
1 2 4 6 10 20 22 44 50 94 188 376 b
1 2 4 6 10 20 22 44 88 94 188 376 b
1 2 4 6 10 20 24 44 50 94 188 376 b
1 2 4 6 10 20 24 44 88 94 188 376 b
1 2 4 6 10 20 24 44 88 176 200 376 b
1 2 4 6 10 20 24 44 88 176 352 376 b
1 2 4 6 10 20 26 27 47 94 188 376 b
1 2 4 6 10 20 26 46 47 94 188 376 b
1 2 4 6 10 20 26 46 48 94 188 376 b
1 2 4 6 10 20 26 46 92 94 188 376 b
1 2 4 6 10 20 26 46 92 96 188 376 b
1 2 4 6 10 20 26 46 92 184 188 376 b
1 2 4 6 10 20 30 32 62 94 188 376 b
1 2 4 6 10 20 30 32 64 94 188 376 b
1 2 4 6 10 20 30 34 60 94 188 376 a
1 2 4 6 10 20 30 34 64 94 188 376 b
1 2 4 6 10 20 30 60 64 94 188 376 b
1 2 4 6 10 20 30 60 64 124 188 376 b
1 2 4 6 10 20 30 60 64 128 188 376 b
1 2 4 6 10 20 30 60 90 94 188 376 b
1 2 4 6 10 20 40 41 47 94 188 376 b
1 2 4 6 10 20 40 42 52 94 188 376 b
1 2 4 6 10 20 40 42 84 94 188 376 b
1 2 4 6 10 20 40 42 84 104 188 376 b
1 2 4 6 10 20 40 42 84 168 188 376 b
1 2 4 6 10 20 40 42 84 168 208 376 b
1 2 4 6 10 20 40 42 84 168 336 376 b
1 2 4 6 10 20 40 44 50 94 188 376 b
1 2 4 6 10 20 40 44 54 94 188 376 b
1 2 4 6 10 20 40 44 84 94 188 376 b
1 2 4 6 10 20 40 44 84 104 188 376 b
1 2 4 6 10 20 40 44 84 168 188 376 b
1 2 4 6 10 20 40 44 84 168 208 376 b
1 2 4 6 10 20 40 44 84 168 336 376 b
1 2 4 6 10 20 40 44 88 94 188 376 b
1 2 4 6 10 20 40 46 47 94 188 376 b
1 2 4 6 10 20 40 46 48 94 188 376 b
1 2 4 6 10 20 40 46 92 94 188 376 b
1 2 4 6 10 20 40 46 92 96 188 376 b
1 2 4 6 10 20 40 46 92 184 188 376 b
1 2 4 6 10 20 40 50 54 94 188 376 b
1 2 4 6 10 20 40 50 90 94 188 376 b
1 2 4 6 10 20 40 60 64 124 188 376 b
1 2 4 6 10 20 40 60 64 128 188 376 b
1 2 4 6 10 20 40 80 84 94 188 376 b
1 2 4 6 10 20 40 80 84 104 188 376 b
1 2 4 6 10 20 40 80 84 168 188 376 b
1 2 4 6 10 20 40 80 84 168 208 376 b
1 2 4 6 10 20 40 80 84 168 336 376 b
1 2 4 6 10 20 40 80 90 94 188 376 b
1 2 4 6 12 13 17 30 47 94 188 376 b
1 2 4 6 12 13 17 34 47 94 188 376 b
1 2 4 6 12 14 20 40 54 94 188 376 b
1 2 4 6 12 14 20 40 80 94 188 376 b
1 2 4 6 12 14 26 40 54 94 188 376 b
1 2 4 6 12 14 26 40 80 94 188 376 b
1 2 4 6 12 14 28 40 54 94 188 376 b
1 2 4 6 12 14 28 40 80 94 188 376 b
1 2 4 6 12 14 28 40 80 108 188 376 b
1 2 4 6 12 14 28 40 80 160 188 376 b
1 2 4 6 12 16 22 44 50 94 188 376 b
1 2 4 6 12 16 22 44 88 94 188 376 b
1 2 4 6 12 16 22 44 88 100 188 376 b
1 2 4 6 12 16 22 44 88 176 188 376 b
1 2 4 6 12 16 28 40 80 108 188 376 b
1 2 4 6 12 16 28 40 80 160 188 376 b
1 2 4 6 12 16 28 44 50 94 188 376 b
1 2 4 6 12 16 28 44 72 116 188 376 b
1 2 4 6 12 16 28 44 72 144 188 376 b
1 2 4 6 12 16 28 44 88 94 188 376 b
1 2 4 6 12 16 28 44 88 100 188 376 b
1 2 4 6 12 16 28 44 88 176 188 376 b
1 2 4 6 12 16 32 44 50 94 188 376 b
1 2 4 6 12 16 32 44 88 94 188 376 b
1 2 4 6 12 16 32 44 88 100 188 376 b
1 2 4 6 12 16 32 44 88 176 188 376 b
1 2 4 6 12 18 19 38 56 94 188 376 b
1 2 4 6 12 18 19 38 76 94 188 376 b
1 2 4 6 12 18 20 38 56 94 188 376 b
1 2 4 6 12 18 20 38 76 94 188 376 b
1 2 4 6 12 18 22 36 58 94 188 376 a
1 2 4 6 12 18 22 36 72 94 188 376 a
1 2 4 6 12 18 22 44 50 94 188 376 b
1 2 4 6 12 18 22 44 88 94 188 376 b
1 2 4 6 12 18 22 44 88 100 188 376 b
1 2 4 6 12 18 22 44 88 176 188 376 b
1 2 4 6 12 18 30 32 62 94 188 376 b
1 2 4 6 12 18 30 32 64 94 188 376 b
1 2 4 6 12 18 30 34 60 94 188 376 a
1 2 4 6 12 18 30 34 64 94 188 376 b
1 2 4 6 12 18 30 60 64 94 188 376 b
1 2 4 6 12 18 30 60 64 124 188 376 b
1 2 4 6 12 18 30 60 64 128 188 376 b
1 2 4 6 12 18 30 60 90 94 188 376 b
1 2 4 6 12 18 36 38 56 94 188 376 b
1 2 4 6 12 18 36 38 76 94 188 376 b
1 2 4 6 12 18 36 38 76 112 188 376 b
1 2 4 6 12 18 36 38 76 152 188 376 b
1 2 4 6 12 18 36 40 54 94 188 376 a
1 2 4 6 12 18 36 40 58 94 188 376 b
1 2 4 6 12 18 36 40 76 94 188 376 b
1 2 4 6 12 18 36 40 76 112 188 376 b
1 2 4 6 12 18 36 40 76 152 188 376 b
1 2 4 6 12 18 36 54 58 94 188 376 b
1 2 4 6 12 18 36 54 90 94 188 376 b
1 2 4 6 12 18 36 72 76 94 188 376 b
1 2 4 6 12 18 36 72 76 112 188 376 b
1 2 4 6 12 18 36 72 76 152 188 376 b
1 2 4 6 12 18 36 72 76 152 224 376 b
1 2 4 6 12 18 36 72 76 152 304 376 b
1 2 4 6 12 18 36 72 90 94 188 376 b
1 2 4 6 12 24 28 40 80 108 188 376 b
1 2 4 6 12 24 28 40 80 160 188 376 b
1 2 4 6 12 24 28 52 80 108 188 376 b
1 2 4 6 12 24 28 52 80 160 188 376 b
1 2 4 6 12 24 28 56 80 108 188 376 b
1 2 4 6 12 24 28 56 80 160 188 376 b
1 2 4 6 12 24 28 56 80 160 216 376 b
1 2 4 6 12 24 28 56 80 160 320 376 b
1 2 4 6 12 24 30 32 62 94 188 376 b
1 2 4 6 12 24 30 32 64 94 188 376 b
1 2 4 6 12 24 30 34 60 94 188 376 a
1 2 4 6 12 24 30 34 64 94 188 376 b
1 2 4 6 12 24 30 60 64 94 188 376 b
1 2 4 6 12 24 30 60 64 124 188 376 b
1 2 4 6 12 24 30 60 64 128 188 376 b
1 2 4 6 12 24 30 60 90 94 188 376 b
1 2 4 6 12 24 36 38 76 112 188 376 b
1 2 4 6 12 24 36 38 76 152 188 376 b
1 2 4 6 12 24 36 40 76 112 188 376 b
1 2 4 6 12 24 36 40 76 152 188 376 b
1 2 4 6 12 24 36 60 64 124 188 376 b
1 2 4 6 12 24 36 60 64 128 188 376 b
1 2 4 6 12 24 36 72 76 112 188 376 b
1 2 4 6 12 24 36 72 76 152 188 376 b
1 2 4 6 12 24 36 72 76 152 224 376 b
1 2 4 6 12 24 36 72 76 152 304 376 b
1 2 4 6 12 24 48 60 64 124 188 376 b
1 2 4 6 12 24 48 60 64 128 188 376 b
1 2 4 6 12 24 48 72 76 152 224 376 b
1 2 4 6 12 24 48 72 76 152 304 376 b
1 2 4 8 9 10 19 28 47 94 188 376 b
1 2 4 8 9 10 19 38 47 94 188 376 b
1 2 4 8 9 11 18 29 47 94 188 376 a
1 2 4 8 9 11 18 36 47 94 188 376 a
1 2 4 8 9 11 19 28 47 94 188 376 b
1 2 4 8 9 11 19 38 47 94 188 376 b
1 2 4 8 9 13 17 30 47 94 188 376 b
1 2 4 8 9 13 17 34 47 94 188 376 b
1 2 4 8 9 13 21 26 47 94 188 376 a
1 2 4 8 9 13 21 34 47 94 188 376 b
1 2 4 8 9 13 26 34 47 94 188 376 b
1 2 4 8 9 13 26 34 60 94 188 376 b
1 2 4 8 9 13 26 34 68 94 188 376 b
1 2 4 8 9 13 26 39 47 94 188 376 b
1 2 4 8 9 17 19 28 47 94 188 376 b
1 2 4 8 9 17 19 38 47 94 188 376 b
1 2 4 8 9 17 21 26 47 94 188 376 a
1 2 4 8 9 17 21 30 47 94 188 376 b
1 2 4 8 9 17 21 38 47 94 188 376 b
1 2 4 8 9 17 26 30 47 94 188 376 b
1 2 4 8 9 17 26 34 60 94 188 376 b
1 2 4 8 9 17 26 34 68 94 188 376 b
1 2 4 8 9 17 26 43 47 94 188 376 b
1 2 4 8 9 17 26 43 51 94 188 376 b
1 2 4 8 9 17 26 43 86 94 188 376 b
1 2 4 8 9 17 34 38 47 94 188 376 b
1 2 4 8 9 17 34 43 47 94 188 376 b
1 2 4 8 9 17 34 43 51 94 188 376 b
1 2 4 8 9 17 34 43 60 94 188 376 b
1 2 4 8 9 17 34 43 77 94 188 376 b
1 2 4 8 9 17 34 43 77 111 188 376 b
1 2 4 8 9 17 34 43 77 154 188 376 b
1 2 4 8 9 17 34 43 86 94 188 376 b
1 2 4 8 9 17 34 51 60 94 188 376 b
1 2 4 8 9 17 34 51 85 94 188 376 b
1 2 4 8 9 17 34 68 77 94 188 376 b
1 2 4 8 9 17 34 68 77 111 188 376 b
1 2 4 8 9 17 34 68 77 154 188 376 b
1 2 4 8 9 17 34 68 77 154 222 376 b
1 2 4 8 9 17 34 68 77 154 308 376 b
1 2 4 8 9 17 34 68 85 94 188 376 b
1 2 4 8 9 18 19 28 47 94 188 376 b
1 2 4 8 9 18 19 38 47 94 188 376 b
1 2 4 8 9 18 19 38 56 94 188 376 b
1 2 4 8 9 18 19 38 76 94 188 376 b
1 2 4 8 9 18 20 27 47 94 188 376 a
1 2 4 8 9 18 20 29 47 94 188 376 b
1 2 4 8 9 18 20 38 47 94 188 376 b
1 2 4 8 9 18 20 38 56 94 188 376 b
1 2 4 8 9 18 20 38 76 94 188 376 b
1 2 4 8 9 18 22 36 58 94 188 376 a
1 2 4 8 9 18 22 36 72 94 188 376 a
1 2 4 8 9 18 26 34 60 94 188 376 b
1 2 4 8 9 18 26 34 68 94 188 376 b
1 2 4 8 9 18 27 29 47 94 188 376 b
1 2 4 8 9 18 27 45 47 94 188 376 b
1 2 4 8 9 18 27 45 49 94 188 376 b
1 2 4 8 9 18 27 45 90 94 188 376 b
1 2 4 8 9 18 27 45 90 98 188 376 b
1 2 4 8 9 18 27 45 90 180 188 376 b
1 2 4 8 9 18 36 38 47 94 188 376 b
1 2 4 8 9 18 36 38 56 94 188 376 b
1 2 4 8 9 18 36 38 76 94 188 376 b
1 2 4 8 9 18 36 38 76 112 188 376 b
1 2 4 8 9 18 36 38 76 152 188 376 b
1 2 4 8 9 18 36 40 54 94 188 376 a
1 2 4 8 9 18 36 40 58 94 188 376 b
1 2 4 8 9 18 36 40 76 94 188 376 b
1 2 4 8 9 18 36 40 76 112 188 376 b
1 2 4 8 9 18 36 40 76 152 188 376 b
1 2 4 8 9 18 36 44 72 116 188 376 a
1 2 4 8 9 18 36 44 72 144 188 376 a
1 2 4 8 9 18 36 45 47 94 188 376 b
1 2 4 8 9 18 36 45 49 94 188 376 b
1 2 4 8 9 18 36 45 90 94 188 376 b
1 2 4 8 9 18 36 45 90 98 188 376 b
1 2 4 8 9 18 36 45 90 180 188 376 b
1 2 4 8 9 18 36 54 58 94 188 376 b
1 2 4 8 9 18 36 54 90 94 188 376 b
1 2 4 8 9 18 36 54 90 98 188 376 b
1 2 4 8 9 18 36 54 90 180 188 376 b
1 2 4 8 9 18 36 72 76 94 188 376 b
1 2 4 8 9 18 36 72 76 112 188 376 b
1 2 4 8 9 18 36 72 76 152 188 376 b
1 2 4 8 9 18 36 72 76 152 224 376 b
1 2 4 8 9 18 36 72 76 152 304 376 b
1 2 4 8 9 18 36 72 80 108 188 376 a
1 2 4 8 9 18 36 72 80 116 188 376 b
1 2 4 8 9 18 36 72 80 152 188 376 b
1 2 4 8 9 18 36 72 80 152 224 376 b
1 2 4 8 9 18 36 72 80 152 304 376 b
1 2 4 8 9 18 36 72 90 94 188 376 b
1 2 4 8 9 18 36 72 90 98 188 376 b
1 2 4 8 9 18 36 72 90 180 188 376 b
1 2 4 8 9 18 36 72 108 116 188 376 b
1 2 4 8 9 18 36 72 108 180 188 376 b
1 2 4 8 9 18 36 72 144 152 188 376 b
1 2 4 8 9 18 36 72 144 152 224 376 b
1 2 4 8 9 18 36 72 144 152 304 376 b
1 2 4 8 9 18 36 72 144 180 188 376 b
1 2 4 8 10 11 18 29 47 94 188 376 a
1 2 4 8 10 11 18 36 47 94 188 376 a
1 2 4 8 10 11 21 42 52 94 188 376 b
1 2 4 8 10 11 21 42 84 94 188 376 b
1 2 4 8 10 12 22 44 88 100 188 376 b
1 2 4 8 10 12 22 44 88 176 188 376 b
1 2 4 8 10 14 20 40 54 94 188 376 a
1 2 4 8 10 14 20 40 80 94 188 376 a
1 2 4 8 10 14 22 36 58 94 188 376 b
1 2 4 8 10 14 22 36 72 94 188 376 b
1 2 4 8 10 14 28 38 56 94 188 376 a
1 2 4 8 10 14 28 38 66 94 188 376 b
1 2 4 8 10 14 28 42 52 94 188 376 b
1 2 4 8 10 14 28 42 84 94 188 376 b
1 2 4 8 10 14 28 56 66 94 188 376 b
1 2 4 8 10 14 28 56 66 122 188 376 b
1 2 4 8 10 14 28 56 66 132 188 376 b
1 2 4 8 10 14 28 56 84 94 188 376 b
1 2 4 8 10 16 26 34 60 94 188 376 a
1 2 4 8 10 16 26 34 68 94 188 376 a
1 2 4 8 10 16 26 42 52 94 188 376 a
1 2 4 8 10 16 26 42 68 94 188 376 a
1 2 4 8 10 16 26 42 84 94 188 376 a
1 2 4 8 10 16 26 52 68 94 188 376 a
1 2 4 8 10 16 26 52 68 120 188 376 a
1 2 4 8 10 16 26 52 68 136 188 376 a
1 2 4 8 10 16 26 52 78 94 188 376 a
1 2 4 8 10 16 32 42 52 94 188 376 a
1 2 4 8 10 16 32 42 84 94 188 376 a
1 2 4 8 10 18 19 28 47 94 188 376 a
1 2 4 8 10 18 19 29 47 94 188 376 b
1 2 4 8 10 18 19 37 47 94 188 376 b
1 2 4 8 10 18 19 38 56 94 188 376 b
1 2 4 8 10 18 19 38 76 94 188 376 b
1 2 4 8 10 18 20 38 56 94 188 376 b
1 2 4 8 10 18 20 38 76 94 188 376 b
1 2 4 8 10 18 22 36 58 94 188 376 a
1 2 4 8 10 18 22 36 72 94 188 376 a
1 2 4 8 10 18 26 34 60 94 188 376 b
1 2 4 8 10 18 26 34 68 94 188 376 b
1 2 4 8 10 18 28 29 47 94 188 376 b
1 2 4 8 10 18 28 38 56 94 188 376 b
1 2 4 8 10 18 28 38 66 94 188 376 b
1 2 4 8 10 18 28 38 76 94 188 376 b
1 2 4 8 10 18 28 46 47 94 188 376 b
1 2 4 8 10 18 28 46 48 94 188 376 b
1 2 4 8 10 18 28 46 92 94 188 376 b
1 2 4 8 10 18 28 46 92 96 188 376 b
1 2 4 8 10 18 28 46 92 184 188 376 b
1 2 4 8 10 18 28 46 92 184 192 376 b
1 2 4 8 10 18 28 46 92 184 368 376 b
1 2 4 8 10 18 28 56 66 94 188 376 b
1 2 4 8 10 18 28 56 66 122 188 376 b
1 2 4 8 10 18 28 56 66 132 188 376 b
1 2 4 8 10 18 28 56 84 94 188 376 b
1 2 4 8 10 18 36 37 47 94 188 376 b
1 2 4 8 10 18 36 38 56 94 188 376 b
1 2 4 8 10 18 36 38 76 94 188 376 b
1 2 4 8 10 18 36 38 76 112 188 376 b
1 2 4 8 10 18 36 38 76 152 188 376 b
1 2 4 8 10 18 36 40 54 94 188 376 a
1 2 4 8 10 18 36 40 58 94 188 376 b
1 2 4 8 10 18 36 40 76 94 188 376 b
1 2 4 8 10 18 36 40 76 112 188 376 b
1 2 4 8 10 18 36 40 76 152 188 376 b
1 2 4 8 10 18 36 44 72 116 188 376 a
1 2 4 8 10 18 36 44 72 144 188 376 a
1 2 4 8 10 18 36 46 47 94 188 376 b
1 2 4 8 10 18 36 46 48 94 188 376 b
1 2 4 8 10 18 36 46 92 94 188 376 b
1 2 4 8 10 18 36 46 92 96 188 376 b
1 2 4 8 10 18 36 46 92 184 188 376 b
1 2 4 8 10 18 36 46 92 184 192 376 b
1 2 4 8 10 18 36 46 92 184 368 376 b
1 2 4 8 10 18 36 54 58 94 188 376 b
1 2 4 8 10 18 36 54 90 94 188 376 b
1 2 4 8 10 18 36 54 90 98 188 376 b
1 2 4 8 10 18 36 54 90 180 188 376 b
1 2 4 8 10 18 36 72 76 94 188 376 b
1 2 4 8 10 18 36 72 76 112 188 376 b
1 2 4 8 10 18 36 72 76 152 188 376 b
1 2 4 8 10 18 36 72 76 152 224 376 b
1 2 4 8 10 18 36 72 76 152 304 376 b
1 2 4 8 10 18 36 72 80 108 188 376 a
1 2 4 8 10 18 36 72 80 116 188 376 b
1 2 4 8 10 18 36 72 80 152 188 376 b
1 2 4 8 10 18 36 72 80 152 224 376 b
1 2 4 8 10 18 36 72 80 152 304 376 b
1 2 4 8 10 18 36 72 90 94 188 376 b
1 2 4 8 10 18 36 72 90 98 188 376 b
1 2 4 8 10 18 36 72 90 180 188 376 b
1 2 4 8 10 18 36 72 108 116 188 376 b
1 2 4 8 10 18 36 72 108 180 188 376 b
1 2 4 8 10 18 36 72 144 152 188 376 b
1 2 4 8 10 18 36 72 144 152 224 376 b
1 2 4 8 10 18 36 72 144 152 304 376 b
1 2 4 8 10 18 36 72 144 180 188 376 b
1 2 4 8 10 20 21 42 52 94 188 376 b
1 2 4 8 10 20 21 42 84 94 188 376 b
1 2 4 8 10 20 21 42 84 104 188 376 b
1 2 4 8 10 20 21 42 84 168 188 376 b
1 2 4 8 10 20 22 42 52 94 188 376 b
1 2 4 8 10 20 22 42 84 94 188 376 b
1 2 4 8 10 20 22 42 84 104 188 376 b
1 2 4 8 10 20 22 42 84 168 188 376 b
1 2 4 8 10 20 24 44 88 176 200 376 b
1 2 4 8 10 20 24 44 88 176 352 376 b
1 2 4 8 10 20 28 38 56 94 188 376 a
1 2 4 8 10 20 28 38 66 94 188 376 b
1 2 4 8 10 20 28 40 80 108 188 376 a
1 2 4 8 10 20 28 40 80 160 188 376 a
1 2 4 8 10 20 28 56 66 94 188 376 b
1 2 4 8 10 20 28 56 66 122 188 376 b
1 2 4 8 10 20 28 56 66 132 188 376 b
1 2 4 8 10 20 28 56 76 112 188 376 a
1 2 4 8 10 20 28 56 76 132 188 376 b
1 2 4 8 10 20 28 56 84 94 188 376 b
1 2 4 8 10 20 28 56 84 104 188 376 b
1 2 4 8 10 20 28 56 84 168 188 376 b
1 2 4 8 10 20 28 56 112 132 188 376 b
1 2 4 8 10 20 28 56 112 132 244 376 b
1 2 4 8 10 20 28 56 112 132 264 376 b
1 2 4 8 10 20 28 56 112 168 188 376 b
1 2 4 8 10 20 30 32 62 94 188 376 b
1 2 4 8 10 20 30 32 64 94 188 376 b
1 2 4 8 10 20 30 34 60 94 188 376 a
1 2 4 8 10 20 30 34 64 94 188 376 b
1 2 4 8 10 20 30 60 64 94 188 376 b
1 2 4 8 10 20 30 60 64 124 188 376 b
1 2 4 8 10 20 30 60 64 128 188 376 b
1 2 4 8 10 20 30 60 68 120 188 376 a
1 2 4 8 10 20 30 60 68 128 188 376 b
1 2 4 8 10 20 30 60 90 94 188 376 b
1 2 4 8 10 20 30 60 90 98 188 376 b
1 2 4 8 10 20 30 60 90 180 188 376 b
1 2 4 8 10 20 30 60 120 128 188 376 b
1 2 4 8 10 20 30 60 120 128 248 376 b
1 2 4 8 10 20 30 60 120 128 256 376 b
1 2 4 8 10 20 30 60 120 180 188 376 b
1 2 4 8 10 20 40 42 52 94 188 376 b
1 2 4 8 10 20 40 42 84 94 188 376 b
1 2 4 8 10 20 40 42 84 104 188 376 b
1 2 4 8 10 20 40 42 84 168 188 376 b
1 2 4 8 10 20 40 42 84 168 208 376 b
1 2 4 8 10 20 40 42 84 168 336 376 b
1 2 4 8 10 20 40 44 50 94 188 376 a
1 2 4 8 10 20 40 44 54 94 188 376 b
1 2 4 8 10 20 40 44 84 94 188 376 b
1 2 4 8 10 20 40 44 84 104 188 376 b
1 2 4 8 10 20 40 44 84 168 188 376 b
1 2 4 8 10 20 40 44 84 168 208 376 b
1 2 4 8 10 20 40 44 84 168 336 376 b
1 2 4 8 10 20 40 50 54 94 188 376 b
1 2 4 8 10 20 40 50 90 94 188 376 b
1 2 4 8 10 20 40 50 90 98 188 376 b
1 2 4 8 10 20 40 50 90 180 188 376 b
1 2 4 8 10 20 40 60 64 124 188 376 b
1 2 4 8 10 20 40 60 64 128 188 376 b
1 2 4 8 10 20 40 60 68 120 188 376 a
1 2 4 8 10 20 40 60 68 128 188 376 b
1 2 4 8 10 20 40 60 120 128 188 376 b
1 2 4 8 10 20 40 60 120 128 248 376 b
1 2 4 8 10 20 40 60 120 128 256 376 b
1 2 4 8 10 20 40 60 120 180 188 376 b
1 2 4 8 10 20 40 80 84 94 188 376 b
1 2 4 8 10 20 40 80 84 104 188 376 b
1 2 4 8 10 20 40 80 84 168 188 376 b
1 2 4 8 10 20 40 80 84 168 208 376 b
1 2 4 8 10 20 40 80 84 168 336 376 b
1 2 4 8 10 20 40 80 88 100 188 376 a
1 2 4 8 10 20 40 80 88 108 188 376 b
1 2 4 8 10 20 40 80 88 168 188 376 b
1 2 4 8 10 20 40 80 88 168 208 376 b
1 2 4 8 10 20 40 80 88 168 336 376 b
1 2 4 8 10 20 40 80 90 94 188 376 b
1 2 4 8 10 20 40 80 90 98 188 376 b
1 2 4 8 10 20 40 80 90 180 188 376 b
1 2 4 8 10 20 40 80 100 108 188 376 b
1 2 4 8 10 20 40 80 100 180 188 376 b
1 2 4 8 10 20 40 80 120 128 248 376 b
1 2 4 8 10 20 40 80 120 128 256 376 b
1 2 4 8 10 20 40 80 160 168 188 376 b
1 2 4 8 10 20 40 80 160 168 208 376 b
1 2 4 8 10 20 40 80 160 168 336 376 b
1 2 4 8 10 20 40 80 160 180 188 376 b
1 2 4 8 12 13 17 30 47 94 188 376 b
1 2 4 8 12 13 17 34 47 94 188 376 b
1 2 4 8 12 13 21 26 47 94 188 376 a
1 2 4 8 12 13 21 34 47 94 188 376 b
1 2 4 8 12 13 26 34 47 94 188 376 b
1 2 4 8 12 13 26 34 60 94 188 376 b
1 2 4 8 12 13 26 34 68 94 188 376 b
1 2 4 8 12 13 26 39 47 94 188 376 b
1 2 4 8 12 14 20 40 54 94 188 376 a
1 2 4 8 12 14 20 40 80 94 188 376 a
1 2 4 8 12 14 22 36 58 94 188 376 b
1 2 4 8 12 14 22 36 72 94 188 376 b
1 2 4 8 12 14 22 44 88 100 188 376 b
1 2 4 8 12 14 22 44 88 176 188 376 b
1 2 4 8 12 14 26 34 60 94 188 376 b
1 2 4 8 12 14 26 34 68 94 188 376 b
1 2 4 8 12 14 26 40 54 94 188 376 b
1 2 4 8 12 14 26 40 80 94 188 376 b
1 2 4 8 12 14 28 40 54 94 188 376 b
1 2 4 8 12 14 28 40 80 94 188 376 b
1 2 4 8 12 14 28 40 80 108 188 376 b
1 2 4 8 12 14 28 40 80 160 188 376 b
1 2 4 8 12 16 28 40 80 108 188 376 b
1 2 4 8 12 16 28 40 80 160 188 376 b
1 2 4 8 12 16 28 44 72 116 188 376 b
1 2 4 8 12 16 28 44 72 144 188 376 b
1 2 4 8 12 16 28 44 88 100 188 376 b
1 2 4 8 12 16 28 44 88 176 188 376 b
1 2 4 8 12 16 32 44 88 100 188 376 b
1 2 4 8 12 16 32 44 88 176 188 376 b
1 2 4 8 12 20 21 41 53 94 188 376 b
1 2 4 8 12 20 21 41 82 94 188 376 b
1 2 4 8 12 20 21 42 84 104 188 376 b
1 2 4 8 12 20 21 42 84 168 188 376 b
1 2 4 8 12 20 22 42 84 104 188 376 b
1 2 4 8 12 20 22 42 84 168 188 376 b
1 2 4 8 12 20 22 44 88 100 188 376 b
1 2 4 8 12 20 22 44 88 176 188 376 b
1 2 4 8 12 20 24 44 88 100 188 376 b
1 2 4 8 12 20 24 44 88 176 188 376 b
1 2 4 8 12 20 24 44 88 176 200 376 b
1 2 4 8 12 20 24 44 88 176 352 376 b
1 2 4 8 12 20 28 40 80 108 188 376 b
1 2 4 8 12 20 28 40 80 160 188 376 b
1 2 4 8 12 20 28 56 76 112 188 376 a
1 2 4 8 12 20 28 56 76 132 188 376 b
1 2 4 8 12 20 28 56 84 104 188 376 b
1 2 4 8 12 20 28 56 84 168 188 376 b
1 2 4 8 12 20 28 56 112 132 188 376 b
1 2 4 8 12 20 28 56 112 132 244 376 b
1 2 4 8 12 20 28 56 112 132 264 376 b
1 2 4 8 12 20 28 56 112 168 188 376 b
1 2 4 8 12 20 32 44 88 100 188 376 b
1 2 4 8 12 20 32 44 88 176 188 376 b
1 2 4 8 12 20 32 52 84 104 188 376 b
1 2 4 8 12 20 32 52 84 136 188 376 b
1 2 4 8 12 20 32 52 84 168 188 376 b
1 2 4 8 12 20 32 52 104 136 188 376 b
1 2 4 8 12 20 32 52 104 136 240 376 b
1 2 4 8 12 20 32 52 104 136 272 376 b
1 2 4 8 12 20 32 52 104 156 188 376 b
1 2 4 8 12 20 32 64 84 104 188 376 b
1 2 4 8 12 20 32 64 84 168 188 376 b
1 2 4 8 12 20 40 41 53 94 188 376 b
1 2 4 8 12 20 40 41 82 94 188 376 b
1 2 4 8 12 20 40 42 52 94 188 376 a
1 2 4 8 12 20 40 42 54 94 188 376 b
1 2 4 8 12 20 40 42 82 94 188 376 b
1 2 4 8 12 20 40 42 84 104 188 376 b
1 2 4 8 12 20 40 42 84 168 188 376 b
1 2 4 8 12 20 40 42 84 168 208 376 b
1 2 4 8 12 20 40 42 84 168 336 376 b
1 2 4 8 12 20 40 44 84 104 188 376 b
1 2 4 8 12 20 40 44 84 168 188 376 b
1 2 4 8 12 20 40 44 84 168 208 376 b
1 2 4 8 12 20 40 44 84 168 336 376 b
1 2 4 8 12 20 40 44 88 100 188 376 b
1 2 4 8 12 20 40 44 88 176 188 376 b
1 2 4 8 12 20 40 48 88 100 188 376 b
1 2 4 8 12 20 40 48 88 176 188 376 b
1 2 4 8 12 20 40 52 54 94 188 376 b
1 2 4 8 12 20 40 52 92 94 188 376 b
1 2 4 8 12 20 40 52 92 96 188 376 b
1 2 4 8 12 20 40 52 92 184 188 376 b
1 2 4 8 12 20 40 52 92 184 192 376 b
1 2 4 8 12 20 40 52 92 184 368 376 b
1 2 4 8 12 20 40 60 64 124 188 376 b
1 2 4 8 12 20 40 60 64 128 188 376 b
1 2 4 8 12 20 40 60 68 120 188 376 a
1 2 4 8 12 20 40 60 68 128 188 376 b
1 2 4 8 12 20 40 60 120 128 188 376 b
1 2 4 8 12 20 40 60 120 128 248 376 b
1 2 4 8 12 20 40 60 120 128 256 376 b
1 2 4 8 12 20 40 60 120 180 188 376 b
1 2 4 8 12 20 40 80 82 94 188 376 b
1 2 4 8 12 20 40 80 84 104 188 376 b
1 2 4 8 12 20 40 80 84 168 188 376 b
1 2 4 8 12 20 40 80 84 168 208 376 b
1 2 4 8 12 20 40 80 84 168 336 376 b
1 2 4 8 12 20 40 80 88 100 188 376 b
1 2 4 8 12 20 40 80 88 108 188 376 b
1 2 4 8 12 20 40 80 88 168 188 376 b
1 2 4 8 12 20 40 80 88 168 208 376 b
1 2 4 8 12 20 40 80 88 168 336 376 b
1 2 4 8 12 20 40 80 88 176 188 376 b
1 2 4 8 12 20 40 80 92 94 188 376 b
1 2 4 8 12 20 40 80 92 96 188 376 b
1 2 4 8 12 20 40 80 92 184 188 376 b
1 2 4 8 12 20 40 80 92 184 192 376 b
1 2 4 8 12 20 40 80 92 184 368 376 b
1 2 4 8 12 20 40 80 100 108 188 376 b
1 2 4 8 12 20 40 80 100 180 188 376 b
1 2 4 8 12 20 40 80 120 128 248 376 b
1 2 4 8 12 20 40 80 120 128 256 376 b
1 2 4 8 12 20 40 80 160 168 188 376 b
1 2 4 8 12 20 40 80 160 168 208 376 b
1 2 4 8 12 20 40 80 160 168 336 376 b
1 2 4 8 12 20 40 80 160 180 188 376 b
1 2 4 8 12 24 26 34 60 94 188 376 b
1 2 4 8 12 24 26 34 68 94 188 376 b
1 2 4 8 12 24 28 40 80 108 188 376 b
1 2 4 8 12 24 28 40 80 160 188 376 b
1 2 4 8 12 24 28 52 80 108 188 376 b
1 2 4 8 12 24 28 52 80 160 188 376 b
1 2 4 8 12 24 28 56 80 108 188 376 b
1 2 4 8 12 24 28 56 80 160 188 376 b
1 2 4 8 12 24 28 56 80 160 216 376 b
1 2 4 8 12 24 28 56 80 160 320 376 b
1 2 4 8 12 24 32 44 88 100 188 376 b
1 2 4 8 12 24 32 44 88 176 188 376 b
1 2 4 8 12 24 32 44 88 176 200 376 b
1 2 4 8 12 24 32 44 88 176 352 376 b
1 2 4 8 12 24 32 56 80 160 216 376 b
1 2 4 8 12 24 32 56 80 160 320 376 b
1 2 4 8 12 24 32 56 88 100 188 376 b
1 2 4 8 12 24 32 56 88 144 232 376 b
1 2 4 8 12 24 32 56 88 144 288 376 b
1 2 4 8 12 24 32 56 88 176 188 376 b
1 2 4 8 12 24 32 56 88 176 200 376 b
1 2 4 8 12 24 32 56 88 176 352 376 b
1 2 4 8 12 24 32 64 88 100 188 376 b
1 2 4 8 12 24 32 64 88 176 188 376 b
1 2 4 8 12 24 32 64 88 176 200 376 b
1 2 4 8 12 24 32 64 88 176 352 376 b
1 2 4 8 12 24 36 38 76 112 188 376 b
1 2 4 8 12 24 36 38 76 152 188 376 b
1 2 4 8 12 24 36 40 76 112 188 376 b
1 2 4 8 12 24 36 40 76 152 188 376 b
1 2 4 8 12 24 36 44 72 116 188 376 a
1 2 4 8 12 24 36 44 72 144 188 376 a
1 2 4 8 12 24 36 44 88 100 188 376 b
1 2 4 8 12 24 36 44 88 176 188 376 b
1 2 4 8 12 24 36 44 88 176 200 376 b
1 2 4 8 12 24 36 44 88 176 352 376 b
1 2 4 8 12 24 36 60 64 124 188 376 b
1 2 4 8 12 24 36 60 64 128 188 376 b
1 2 4 8 12 24 36 60 68 120 188 376 a
1 2 4 8 12 24 36 60 68 128 188 376 b
1 2 4 8 12 24 36 60 120 128 188 376 b
1 2 4 8 12 24 36 60 120 128 248 376 b
1 2 4 8 12 24 36 60 120 128 256 376 b
1 2 4 8 12 24 36 60 120 180 188 376 b
1 2 4 8 12 24 36 72 76 112 188 376 b
1 2 4 8 12 24 36 72 76 152 188 376 b
1 2 4 8 12 24 36 72 76 152 224 376 b
1 2 4 8 12 24 36 72 76 152 304 376 b
1 2 4 8 12 24 36 72 80 108 188 376 a
1 2 4 8 12 24 36 72 80 116 188 376 b
1 2 4 8 12 24 36 72 80 152 188 376 b
1 2 4 8 12 24 36 72 80 152 224 376 b
1 2 4 8 12 24 36 72 80 152 304 376 b
1 2 4 8 12 24 36 72 108 116 188 376 b
1 2 4 8 12 24 36 72 108 180 188 376 b
1 2 4 8 12 24 36 72 144 152 188 376 b
1 2 4 8 12 24 36 72 144 152 224 376 b
1 2 4 8 12 24 36 72 144 152 304 376 b
1 2 4 8 12 24 36 72 144 180 188 376 b
1 2 4 8 12 24 48 56 80 160 216 376 b
1 2 4 8 12 24 48 56 80 160 320 376 b
1 2 4 8 12 24 48 56 104 160 216 376 b
1 2 4 8 12 24 48 56 104 160 320 376 b
1 2 4 8 12 24 48 56 112 160 216 376 b
1 2 4 8 12 24 48 56 112 160 320 376 b
1 2 4 8 12 24 48 60 64 124 188 376 b
1 2 4 8 12 24 48 60 64 128 188 376 b
1 2 4 8 12 24 48 60 68 120 188 376 a
1 2 4 8 12 24 48 60 68 128 188 376 b
1 2 4 8 12 24 48 60 120 128 188 376 b
1 2 4 8 12 24 48 60 120 128 248 376 b
1 2 4 8 12 24 48 60 120 128 256 376 b
1 2 4 8 12 24 48 60 120 180 188 376 b
1 2 4 8 12 24 48 72 76 152 224 376 b
1 2 4 8 12 24 48 72 76 152 304 376 b
1 2 4 8 12 24 48 72 80 152 224 376 b
1 2 4 8 12 24 48 72 80 152 304 376 b
1 2 4 8 12 24 48 72 120 128 248 376 b
1 2 4 8 12 24 48 72 120 128 256 376 b
1 2 4 8 12 24 48 72 144 152 224 376 b
1 2 4 8 12 24 48 72 144 152 304 376 b
1 2 4 8 12 24 48 96 120 128 248 376 b
1 2 4 8 12 24 48 96 120 128 256 376 b
1 2 4 8 16 17 20 37 57 94 188 376 a
1 2 4 8 16 17 20 37 74 94 188 376 a
1 2 4 8 16 17 24 41 82 106 188 376 a
1 2 4 8 16 17 24 41 82 164 188 376 a
1 2 4 8 16 18 19 38 56 94 188 376 b
1 2 4 8 16 18 19 38 76 94 188 376 b
1 2 4 8 16 18 20 38 56 94 188 376 b
1 2 4 8 16 18 20 38 76 94 188 376 b
1 2 4 8 16 18 22 36 58 94 188 376 a
1 2 4 8 16 18 22 36 72 94 188 376 a
1 2 4 8 16 18 22 38 56 94 188 376 b
1 2 4 8 16 18 22 38 76 94 188 376 b
1 2 4 8 16 18 26 34 60 94 188 376 b
1 2 4 8 16 18 26 34 68 94 188 376 b
1 2 4 8 16 18 26 42 52 94 188 376 a
1 2 4 8 16 18 26 42 68 94 188 376 b
1 2 4 8 16 18 26 52 68 94 188 376 b
1 2 4 8 16 18 26 52 68 120 188 376 b
1 2 4 8 16 18 26 52 68 136 188 376 b
1 2 4 8 16 18 26 52 78 94 188 376 b
1 2 4 8 16 18 34 38 56 94 188 376 b
1 2 4 8 16 18 34 38 76 94 188 376 b
1 2 4 8 16 18 34 42 52 94 188 376 a
1 2 4 8 16 18 34 42 60 94 188 376 b
1 2 4 8 16 18 34 42 76 94 188 376 b
1 2 4 8 16 18 34 52 60 94 188 376 b
1 2 4 8 16 18 34 52 68 120 188 376 b
1 2 4 8 16 18 34 52 68 136 188 376 b
1 2 4 8 16 18 34 52 86 94 188 376 b
1 2 4 8 16 18 34 52 86 102 188 376 b
1 2 4 8 16 18 34 52 86 172 188 376 b
1 2 4 8 16 18 34 68 76 94 188 376 b
1 2 4 8 16 18 34 68 86 94 188 376 b
1 2 4 8 16 18 34 68 86 102 188 376 b
1 2 4 8 16 18 34 68 86 120 188 376 b
1 2 4 8 16 18 34 68 86 154 188 376 b
1 2 4 8 16 18 34 68 86 154 222 376 b
1 2 4 8 16 18 34 68 86 154 308 376 b
1 2 4 8 16 18 34 68 86 172 188 376 b
1 2 4 8 16 18 34 68 102 120 188 376 b
1 2 4 8 16 18 34 68 102 170 188 376 b
1 2 4 8 16 18 34 68 136 154 188 376 b
1 2 4 8 16 18 34 68 136 154 222 376 b
1 2 4 8 16 18 34 68 136 154 308 376 b
1 2 4 8 16 18 34 68 136 170 188 376 b
1 2 4 8 16 18 36 38 56 94 188 376 b
1 2 4 8 16 18 36 38 76 94 188 376 b
1 2 4 8 16 18 36 38 76 112 188 376 b
1 2 4 8 16 18 36 38 76 152 188 376 b
1 2 4 8 16 18 36 40 54 94 188 376 a
1 2 4 8 16 18 36 40 58 94 188 376 b
1 2 4 8 16 18 36 40 76 94 188 376 b
1 2 4 8 16 18 36 40 76 112 188 376 b
1 2 4 8 16 18 36 40 76 152 188 376 b
1 2 4 8 16 18 36 44 72 116 188 376 a
1 2 4 8 16 18 36 44 72 144 188 376 a
1 2 4 8 16 18 36 52 68 120 188 376 b
1 2 4 8 16 18 36 52 68 136 188 376 b
1 2 4 8 16 18 36 54 58 94 188 376 b
1 2 4 8 16 18 36 54 90 94 188 376 b
1 2 4 8 16 18 36 54 90 98 188 376 b
1 2 4 8 16 18 36 54 90 180 188 376 b
1 2 4 8 16 18 36 54 90 180 196 376 b
1 2 4 8 16 18 36 54 90 180 360 376 b
1 2 4 8 16 18 36 72 76 94 188 376 b
1 2 4 8 16 18 36 72 76 112 188 376 b
1 2 4 8 16 18 36 72 76 152 188 376 b
1 2 4 8 16 18 36 72 76 152 224 376 b
1 2 4 8 16 18 36 72 76 152 304 376 b
1 2 4 8 16 18 36 72 80 108 188 376 a
1 2 4 8 16 18 36 72 80 116 188 376 b
1 2 4 8 16 18 36 72 80 152 188 376 b
1 2 4 8 16 18 36 72 80 152 224 376 b
1 2 4 8 16 18 36 72 80 152 304 376 b
1 2 4 8 16 18 36 72 88 144 232 376 a
1 2 4 8 16 18 36 72 88 144 288 376 a
1 2 4 8 16 18 36 72 90 94 188 376 b
1 2 4 8 16 18 36 72 90 98 188 376 b
1 2 4 8 16 18 36 72 90 180 188 376 b
1 2 4 8 16 18 36 72 90 180 196 376 b
1 2 4 8 16 18 36 72 90 180 360 376 b
1 2 4 8 16 18 36 72 108 116 188 376 b
1 2 4 8 16 18 36 72 108 180 188 376 b
1 2 4 8 16 18 36 72 108 180 196 376 b
1 2 4 8 16 18 36 72 108 180 360 376 b
1 2 4 8 16 18 36 72 144 152 188 376 b
1 2 4 8 16 18 36 72 144 152 224 376 b
1 2 4 8 16 18 36 72 144 152 304 376 b
1 2 4 8 16 18 36 72 144 160 216 376 a
1 2 4 8 16 18 36 72 144 160 232 376 b
1 2 4 8 16 18 36 72 144 160 304 376 b
1 2 4 8 16 18 36 72 144 180 188 376 b
1 2 4 8 16 18 36 72 144 180 196 376 b
1 2 4 8 16 18 36 72 144 180 360 376 b
1 2 4 8 16 18 36 72 144 216 232 376 b
1 2 4 8 16 18 36 72 144 216 360 376 b
1 2 4 8 16 18 36 72 144 288 304 376 b
1 2 4 8 16 18 36 72 144 288 360 376 b
1 2 4 8 16 20 21 37 57 94 188 376 b
1 2 4 8 16 20 21 37 74 94 188 376 b
1 2 4 8 16 20 21 42 84 104 188 376 b
1 2 4 8 16 20 21 42 84 168 188 376 b
1 2 4 8 16 20 22 36 58 94 188 376 a
1 2 4 8 16 20 22 36 72 94 188 376 a
1 2 4 8 16 20 22 42 84 104 188 376 b
1 2 4 8 16 20 22 42 84 168 188 376 b
1 2 4 8 16 20 24 44 88 176 200 376 b
1 2 4 8 16 20 24 44 88 176 352 376 b
1 2 4 8 16 20 28 40 80 108 188 376 a
1 2 4 8 16 20 28 40 80 160 188 376 a
1 2 4 8 16 20 28 44 72 116 188 376 b
1 2 4 8 16 20 28 44 72 144 188 376 b
1 2 4 8 16 20 28 56 76 112 188 376 a
1 2 4 8 16 20 28 56 76 132 188 376 b
1 2 4 8 16 20 28 56 84 104 188 376 b
1 2 4 8 16 20 28 56 84 168 188 376 b
1 2 4 8 16 20 28 56 112 132 188 376 b
1 2 4 8 16 20 28 56 112 132 244 376 b
1 2 4 8 16 20 28 56 112 132 264 376 b
1 2 4 8 16 20 28 56 112 168 188 376 b
1 2 4 8 16 20 32 52 68 120 188 376 a
1 2 4 8 16 20 32 52 68 136 188 376 a
1 2 4 8 16 20 32 52 84 104 188 376 a
1 2 4 8 16 20 32 52 84 136 188 376 a
1 2 4 8 16 20 32 52 84 168 188 376 a
1 2 4 8 16 20 32 52 104 136 188 376 a
1 2 4 8 16 20 32 52 104 136 240 376 a
1 2 4 8 16 20 32 52 104 136 272 376 a
1 2 4 8 16 20 32 52 104 156 188 376 a
1 2 4 8 16 20 32 64 84 104 188 376 a
1 2 4 8 16 20 32 64 84 168 188 376 a
1 2 4 8 16 20 36 37 57 94 188 376 b
1 2 4 8 16 20 36 37 74 94 188 376 b
1 2 4 8 16 20 36 38 56 94 188 376 a
1 2 4 8 16 20 36 38 58 94 188 376 b
1 2 4 8 16 20 36 38 74 94 188 376 b
1 2 4 8 16 20 36 38 76 112 188 376 b
1 2 4 8 16 20 36 38 76 152 188 376 b
1 2 4 8 16 20 36 40 76 112 188 376 b
1 2 4 8 16 20 36 40 76 152 188 376 b
1 2 4 8 16 20 36 44 72 116 188 376 a
1 2 4 8 16 20 36 44 72 144 188 376 a
1 2 4 8 16 20 36 52 68 120 188 376 b
1 2 4 8 16 20 36 52 68 136 188 376 b
1 2 4 8 16 20 36 56 58 94 188 376 b
1 2 4 8 16 20 36 56 76 112 188 376 b
1 2 4 8 16 20 36 56 76 132 188 376 b
1 2 4 8 16 20 36 56 76 152 188 376 b
1 2 4 8 16 20 36 56 92 94 188 376 b
1 2 4 8 16 20 36 56 92 96 188 376 b
1 2 4 8 16 20 36 56 92 184 188 376 b
1 2 4 8 16 20 36 56 92 184 192 376 b
1 2 4 8 16 20 36 56 92 184 368 376 b
1 2 4 8 16 20 36 56 112 132 188 376 b
1 2 4 8 16 20 36 56 112 132 244 376 b
1 2 4 8 16 20 36 56 112 132 264 376 b
1 2 4 8 16 20 36 56 112 168 188 376 b
1 2 4 8 16 20 36 72 74 94 188 376 b
1 2 4 8 16 20 36 72 76 112 188 376 b
1 2 4 8 16 20 36 72 76 152 188 376 b
1 2 4 8 16 20 36 72 76 152 224 376 b
1 2 4 8 16 20 36 72 76 152 304 376 b
1 2 4 8 16 20 36 72 80 108 188 376 a
1 2 4 8 16 20 36 72 80 116 188 376 b
1 2 4 8 16 20 36 72 80 152 188 376 b
1 2 4 8 16 20 36 72 80 152 224 376 b
1 2 4 8 16 20 36 72 80 152 304 376 b
1 2 4 8 16 20 36 72 88 144 232 376 a
1 2 4 8 16 20 36 72 88 144 288 376 a
1 2 4 8 16 20 36 72 92 94 188 376 b
1 2 4 8 16 20 36 72 92 96 188 376 b
1 2 4 8 16 20 36 72 92 184 188 376 b
1 2 4 8 16 20 36 72 92 184 192 376 b
1 2 4 8 16 20 36 72 92 184 368 376 b
1 2 4 8 16 20 36 72 108 116 188 376 b
1 2 4 8 16 20 36 72 108 180 188 376 b
1 2 4 8 16 20 36 72 108 180 196 376 b
1 2 4 8 16 20 36 72 108 180 360 376 b
1 2 4 8 16 20 36 72 144 152 188 376 b
1 2 4 8 16 20 36 72 144 152 224 376 b
1 2 4 8 16 20 36 72 144 152 304 376 b
1 2 4 8 16 20 36 72 144 160 216 376 a
1 2 4 8 16 20 36 72 144 160 232 376 b
1 2 4 8 16 20 36 72 144 160 304 376 b
1 2 4 8 16 20 36 72 144 180 188 376 b
1 2 4 8 16 20 36 72 144 180 196 376 b
1 2 4 8 16 20 36 72 144 180 360 376 b
1 2 4 8 16 20 36 72 144 216 232 376 b
1 2 4 8 16 20 36 72 144 216 360 376 b
1 2 4 8 16 20 36 72 144 288 304 376 b
1 2 4 8 16 20 36 72 144 288 360 376 b
1 2 4 8 16 20 40 42 84 104 188 376 b
1 2 4 8 16 20 40 42 84 168 188 376 b
1 2 4 8 16 20 40 42 84 168 208 376 b
1 2 4 8 16 20 40 42 84 168 336 376 b
1 2 4 8 16 20 40 44 84 104 188 376 b
1 2 4 8 16 20 40 44 84 168 188 376 b
1 2 4 8 16 20 40 44 84 168 208 376 b
1 2 4 8 16 20 40 44 84 168 336 376 b
1 2 4 8 16 20 40 56 76 112 188 376 a
1 2 4 8 16 20 40 56 76 132 188 376 b
1 2 4 8 16 20 40 56 80 160 216 376 a
1 2 4 8 16 20 40 56 80 160 320 376 a
1 2 4 8 16 20 40 56 112 132 188 376 b
1 2 4 8 16 20 40 56 112 132 244 376 b
1 2 4 8 16 20 40 56 112 132 264 376 b
1 2 4 8 16 20 40 56 112 152 224 376 a
1 2 4 8 16 20 40 56 112 152 264 376 b
1 2 4 8 16 20 40 56 112 168 188 376 b
1 2 4 8 16 20 40 56 112 168 208 376 b
1 2 4 8 16 20 40 56 112 168 336 376 b
1 2 4 8 16 20 40 56 112 224 264 376 b
1 2 4 8 16 20 40 56 112 224 336 376 b
1 2 4 8 16 20 40 60 64 124 188 376 b
1 2 4 8 16 20 40 60 64 128 188 376 b
1 2 4 8 16 20 40 60 68 120 188 376 a
1 2 4 8 16 20 40 60 68 128 188 376 b
1 2 4 8 16 20 40 60 120 128 188 376 b
1 2 4 8 16 20 40 60 120 128 248 376 b
1 2 4 8 16 20 40 60 120 128 256 376 b
1 2 4 8 16 20 40 60 120 136 240 376 a
1 2 4 8 16 20 40 60 120 136 256 376 b
1 2 4 8 16 20 40 60 120 180 188 376 b
1 2 4 8 16 20 40 60 120 180 196 376 b
1 2 4 8 16 20 40 60 120 180 360 376 b
1 2 4 8 16 20 40 60 120 240 256 376 b
1 2 4 8 16 20 40 60 120 240 360 376 b
1 2 4 8 16 20 40 80 84 104 188 376 b
1 2 4 8 16 20 40 80 84 168 188 376 b
1 2 4 8 16 20 40 80 84 168 208 376 b
1 2 4 8 16 20 40 80 84 168 336 376 b
1 2 4 8 16 20 40 80 88 100 188 376 a
1 2 4 8 16 20 40 80 88 108 188 376 b
1 2 4 8 16 20 40 80 88 168 188 376 b
1 2 4 8 16 20 40 80 88 168 208 376 b
1 2 4 8 16 20 40 80 88 168 336 376 b
1 2 4 8 16 20 40 80 100 108 188 376 b
1 2 4 8 16 20 40 80 100 180 188 376 b
1 2 4 8 16 20 40 80 100 180 196 376 b
1 2 4 8 16 20 40 80 100 180 360 376 b
1 2 4 8 16 20 40 80 120 128 248 376 b
1 2 4 8 16 20 40 80 120 128 256 376 b
1 2 4 8 16 20 40 80 120 136 240 376 a
1 2 4 8 16 20 40 80 120 136 256 376 b
1 2 4 8 16 20 40 80 120 240 256 376 b
1 2 4 8 16 20 40 80 120 240 360 376 b
1 2 4 8 16 20 40 80 160 168 188 376 b
1 2 4 8 16 20 40 80 160 168 208 376 b
1 2 4 8 16 20 40 80 160 168 336 376 b
1 2 4 8 16 20 40 80 160 176 200 376 a
1 2 4 8 16 20 40 80 160 176 216 376 b
1 2 4 8 16 20 40 80 160 176 336 376 b
1 2 4 8 16 20 40 80 160 180 188 376 b
1 2 4 8 16 20 40 80 160 180 196 376 b
1 2 4 8 16 20 40 80 160 180 360 376 b
1 2 4 8 16 20 40 80 160 200 216 376 b
1 2 4 8 16 20 40 80 160 200 360 376 b
1 2 4 8 16 20 40 80 160 320 336 376 b
1 2 4 8 16 20 40 80 160 320 360 376 b
1 2 4 8 16 24 25 41 82 106 188 376 b
1 2 4 8 16 24 25 41 82 164 188 376 b
1 2 4 8 16 24 26 34 60 94 188 376 b
1 2 4 8 16 24 26 34 68 94 188 376 b
1 2 4 8 16 24 26 42 52 94 188 376 a
1 2 4 8 16 24 26 42 68 94 188 376 b
1 2 4 8 16 24 26 52 68 94 188 376 b
1 2 4 8 16 24 26 52 68 120 188 376 b
1 2 4 8 16 24 26 52 68 136 188 376 b
1 2 4 8 16 24 26 52 78 94 188 376 b
1 2 4 8 16 24 28 40 80 108 188 376 a
1 2 4 8 16 24 28 40 80 160 188 376 a
1 2 4 8 16 24 28 44 72 116 188 376 b
1 2 4 8 16 24 28 44 72 144 188 376 b
1 2 4 8 16 24 28 44 88 176 200 376 b
1 2 4 8 16 24 28 44 88 176 352 376 b
1 2 4 8 16 24 28 52 68 120 188 376 b
1 2 4 8 16 24 28 52 68 136 188 376 b
1 2 4 8 16 24 28 52 80 108 188 376 b
1 2 4 8 16 24 28 52 80 160 188 376 b
1 2 4 8 16 24 28 56 80 108 188 376 b
1 2 4 8 16 24 28 56 80 160 188 376 b
1 2 4 8 16 24 28 56 80 160 216 376 b
1 2 4 8 16 24 28 56 80 160 320 376 b
1 2 4 8 16 24 32 56 80 160 216 376 b
1 2 4 8 16 24 32 56 80 160 320 376 b
1 2 4 8 16 24 32 56 88 144 232 376 b
1 2 4 8 16 24 32 56 88 144 288 376 b
1 2 4 8 16 24 32 56 88 176 200 376 b
1 2 4 8 16 24 32 56 88 176 352 376 b
1 2 4 8 16 24 32 64 88 176 200 376 b
1 2 4 8 16 24 32 64 88 176 352 376 b
1 2 4 8 16 24 40 41 82 106 188 376 b
1 2 4 8 16 24 40 41 82 164 188 376 b
1 2 4 8 16 24 40 42 82 106 188 376 b
1 2 4 8 16 24 40 42 82 164 188 376 b
1 2 4 8 16 24 40 42 84 168 208 376 b
1 2 4 8 16 24 40 42 84 168 336 376 b
1 2 4 8 16 24 40 44 84 168 208 376 b
1 2 4 8 16 24 40 44 84 168 336 376 b
1 2 4 8 16 24 40 44 88 176 200 376 b
1 2 4 8 16 24 40 44 88 176 352 376 b
1 2 4 8 16 24 40 48 88 176 200 376 b
1 2 4 8 16 24 40 48 88 176 352 376 b
1 2 4 8 16 24 40 56 80 160 216 376 b
1 2 4 8 16 24 40 56 80 160 320 376 b
1 2 4 8 16 24 40 56 112 152 224 376 a
1 2 4 8 16 24 40 56 112 152 264 376 b
1 2 4 8 16 24 40 56 112 168 208 376 b
1 2 4 8 16 24 40 56 112 168 336 376 b
1 2 4 8 16 24 40 56 112 224 264 376 b
1 2 4 8 16 24 40 56 112 224 336 376 b
1 2 4 8 16 24 40 64 88 176 200 376 b
1 2 4 8 16 24 40 64 88 176 352 376 b
1 2 4 8 16 24 40 64 104 168 208 376 b
1 2 4 8 16 24 40 64 104 168 272 376 b
1 2 4 8 16 24 40 64 104 168 336 376 b
1 2 4 8 16 24 40 64 104 208 272 376 b
1 2 4 8 16 24 40 64 104 208 312 376 b
1 2 4 8 16 24 40 64 128 168 208 376 b
1 2 4 8 16 24 40 64 128 168 336 376 b
1 2 4 8 16 24 40 80 82 106 188 376 b
1 2 4 8 16 24 40 80 82 164 188 376 b
1 2 4 8 16 24 40 80 84 104 188 376 a
1 2 4 8 16 24 40 80 84 108 188 376 b
1 2 4 8 16 24 40 80 84 164 188 376 b
1 2 4 8 16 24 40 80 84 168 208 376 b
1 2 4 8 16 24 40 80 84 168 336 376 b
1 2 4 8 16 24 40 80 88 168 208 376 b
1 2 4 8 16 24 40 80 88 168 336 376 b
1 2 4 8 16 24 40 80 88 176 200 376 b
1 2 4 8 16 24 40 80 88 176 352 376 b
1 2 4 8 16 24 40 80 96 176 200 376 b
1 2 4 8 16 24 40 80 96 176 352 376 b
1 2 4 8 16 24 40 80 104 108 188 376 b
1 2 4 8 16 24 40 80 104 184 188 376 b
1 2 4 8 16 24 40 80 104 184 192 376 b
1 2 4 8 16 24 40 80 104 184 368 376 b
1 2 4 8 16 24 40 80 120 128 248 376 b
1 2 4 8 16 24 40 80 120 128 256 376 b
1 2 4 8 16 24 40 80 120 136 240 376 a
1 2 4 8 16 24 40 80 120 136 256 376 b
1 2 4 8 16 24 40 80 120 240 256 376 b
1 2 4 8 16 24 40 80 120 240 360 376 b
1 2 4 8 16 24 40 80 160 164 188 376 b
1 2 4 8 16 24 40 80 160 168 208 376 b
1 2 4 8 16 24 40 80 160 168 336 376 b
1 2 4 8 16 24 40 80 160 176 200 376 b
1 2 4 8 16 24 40 80 160 176 216 376 b
1 2 4 8 16 24 40 80 160 176 336 376 b
1 2 4 8 16 24 40 80 160 176 352 376 b
1 2 4 8 16 24 40 80 160 184 188 376 b
1 2 4 8 16 24 40 80 160 184 192 376 b
1 2 4 8 16 24 40 80 160 184 368 376 b
1 2 4 8 16 24 40 80 160 200 216 376 b
1 2 4 8 16 24 40 80 160 200 360 376 b
1 2 4 8 16 24 40 80 160 320 336 376 b
1 2 4 8 16 24 40 80 160 320 360 376 b
1 2 4 8 16 24 48 52 68 120 188 376 b
1 2 4 8 16 24 48 52 68 136 188 376 b
1 2 4 8 16 24 48 56 80 160 216 376 b
1 2 4 8 16 24 48 56 80 160 320 376 b
1 2 4 8 16 24 48 56 104 160 216 376 b
1 2 4 8 16 24 48 56 104 160 320 376 b
1 2 4 8 16 24 48 56 112 160 216 376 b
1 2 4 8 16 24 48 56 112 160 320 376 b
1 2 4 8 16 24 48 64 88 176 200 376 b
1 2 4 8 16 24 48 64 88 176 352 376 b
1 2 4 8 16 24 48 64 112 176 200 376 b
1 2 4 8 16 24 48 64 112 176 352 376 b
1 2 4 8 16 24 48 64 128 176 200 376 b
1 2 4 8 16 24 48 64 128 176 352 376 b
1 2 4 8 16 24 48 72 76 152 224 376 b
1 2 4 8 16 24 48 72 76 152 304 376 b
1 2 4 8 16 24 48 72 80 152 224 376 b
1 2 4 8 16 24 48 72 80 152 304 376 b
1 2 4 8 16 24 48 72 88 144 232 376 a
1 2 4 8 16 24 48 72 88 144 288 376 a
1 2 4 8 16 24 48 72 88 176 200 376 b
1 2 4 8 16 24 48 72 88 176 352 376 b
1 2 4 8 16 24 48 72 120 128 248 376 b
1 2 4 8 16 24 48 72 120 128 256 376 b
1 2 4 8 16 24 48 72 120 136 240 376 a
1 2 4 8 16 24 48 72 120 136 256 376 b
1 2 4 8 16 24 48 72 120 240 256 376 b
1 2 4 8 16 24 48 72 120 240 360 376 b
1 2 4 8 16 24 48 72 144 152 224 376 b
1 2 4 8 16 24 48 72 144 152 304 376 b
1 2 4 8 16 24 48 72 144 160 216 376 a
1 2 4 8 16 24 48 72 144 160 232 376 b
1 2 4 8 16 24 48 72 144 160 304 376 b
1 2 4 8 16 24 48 72 144 216 232 376 b
1 2 4 8 16 24 48 72 144 216 360 376 b
1 2 4 8 16 24 48 72 144 288 304 376 b
1 2 4 8 16 24 48 72 144 288 360 376 b
1 2 4 8 16 24 48 96 120 128 248 376 b
1 2 4 8 16 24 48 96 120 128 256 376 b
1 2 4 8 16 24 48 96 120 136 240 376 a
1 2 4 8 16 24 48 96 120 136 256 376 b
1 2 4 8 16 24 48 96 120 240 256 376 b
1 2 4 8 16 24 48 96 120 240 360 376 b
1 2 4 8 16 32 34 40 74 114 188 376 a
1 2 4 8 16 32 34 40 74 148 188 376 a
1 2 4 8 16 32 34 48 82 164 212 376 a
1 2 4 8 16 32 34 48 82 164 328 376 a
1 2 4 8 16 32 36 38 76 112 188 376 b
1 2 4 8 16 32 36 38 76 152 188 376 b
1 2 4 8 16 32 36 40 76 112 188 376 b
1 2 4 8 16 32 36 40 76 152 188 376 b
1 2 4 8 16 32 36 44 72 116 188 376 a
1 2 4 8 16 32 36 44 72 144 188 376 a
1 2 4 8 16 32 36 44 76 112 188 376 b
1 2 4 8 16 32 36 44 76 152 188 376 b
1 2 4 8 16 32 36 52 68 120 188 376 b
1 2 4 8 16 32 36 52 68 136 188 376 b
1 2 4 8 16 32 36 52 84 104 188 376 a
1 2 4 8 16 32 36 52 84 136 188 376 b
1 2 4 8 16 32 36 52 104 136 188 376 b
1 2 4 8 16 32 36 52 104 136 240 376 b
1 2 4 8 16 32 36 52 104 136 272 376 b
1 2 4 8 16 32 36 52 104 156 188 376 b
1 2 4 8 16 32 36 68 76 112 188 376 b
1 2 4 8 16 32 36 68 76 152 188 376 b
1 2 4 8 16 32 36 68 84 104 188 376 a
1 2 4 8 16 32 36 68 84 120 188 376 b
1 2 4 8 16 32 36 68 84 152 188 376 b
1 2 4 8 16 32 36 68 104 120 188 376 b
1 2 4 8 16 32 36 68 104 136 240 376 b
1 2 4 8 16 32 36 68 104 136 272 376 b
1 2 4 8 16 32 36 68 104 172 188 376 b
1 2 4 8 16 32 36 68 104 172 204 376 b
1 2 4 8 16 32 36 68 104 172 344 376 b
1 2 4 8 16 32 36 68 136 152 188 376 b
1 2 4 8 16 32 36 68 136 172 188 376 b
1 2 4 8 16 32 36 68 136 172 204 376 b
1 2 4 8 16 32 36 68 136 172 240 376 b
1 2 4 8 16 32 36 68 136 172 308 376 b
1 2 4 8 16 32 36 68 136 172 344 376 b
1 2 4 8 16 32 36 68 136 204 240 376 b
1 2 4 8 16 32 36 68 136 204 340 376 b
1 2 4 8 16 32 36 68 136 272 308 376 b
1 2 4 8 16 32 36 68 136 272 340 376 b
1 2 4 8 16 32 36 72 76 112 188 376 b
1 2 4 8 16 32 36 72 76 152 188 376 b
1 2 4 8 16 32 36 72 76 152 224 376 b
1 2 4 8 16 32 36 72 76 152 304 376 b
1 2 4 8 16 32 36 72 80 108 188 376 a
1 2 4 8 16 32 36 72 80 116 188 376 b
1 2 4 8 16 32 36 72 80 152 188 376 b
1 2 4 8 16 32 36 72 80 152 224 376 b
1 2 4 8 16 32 36 72 80 152 304 376 b
1 2 4 8 16 32 36 72 88 144 232 376 a
1 2 4 8 16 32 36 72 88 144 288 376 a
1 2 4 8 16 32 36 72 104 136 240 376 b
1 2 4 8 16 32 36 72 104 136 272 376 b
1 2 4 8 16 32 36 72 108 116 188 376 b
1 2 4 8 16 32 36 72 108 180 188 376 b
1 2 4 8 16 32 36 72 108 180 196 376 b
1 2 4 8 16 32 36 72 108 180 360 376 b
1 2 4 8 16 32 36 72 144 152 188 376 b
1 2 4 8 16 32 36 72 144 152 224 376 b
1 2 4 8 16 32 36 72 144 152 304 376 b
1 2 4 8 16 32 36 72 144 160 216 376 a
1 2 4 8 16 32 36 72 144 160 232 376 b
1 2 4 8 16 32 36 72 144 160 304 376 b
1 2 4 8 16 32 36 72 144 180 188 376 b
1 2 4 8 16 32 36 72 144 180 196 376 b
1 2 4 8 16 32 36 72 144 180 360 376 b
1 2 4 8 16 32 36 72 144 216 232 376 b
1 2 4 8 16 32 36 72 144 216 360 376 b
1 2 4 8 16 32 36 72 144 288 304 376 b
1 2 4 8 16 32 36 72 144 288 360 376 b
1 2 4 8 16 32 40 42 74 114 188 376 b
1 2 4 8 16 32 40 42 74 148 188 376 b
1 2 4 8 16 32 40 42 84 168 208 376 b
1 2 4 8 16 32 40 42 84 168 336 376 b
1 2 4 8 16 32 40 44 72 116 188 376 a
1 2 4 8 16 32 40 44 72 144 188 376 a
1 2 4 8 16 32 40 44 84 168 208 376 b
1 2 4 8 16 32 40 44 84 168 336 376 b
1 2 4 8 16 32 40 56 80 160 216 376 a
1 2 4 8 16 32 40 56 80 160 320 376 a
1 2 4 8 16 32 40 56 88 144 232 376 b
1 2 4 8 16 32 40 56 88 144 288 376 b
1 2 4 8 16 32 40 56 112 152 224 376 a
1 2 4 8 16 32 40 56 112 152 264 376 b
1 2 4 8 16 32 40 56 112 168 208 376 b
1 2 4 8 16 32 40 56 112 168 336 376 b
1 2 4 8 16 32 40 56 112 224 264 376 b
1 2 4 8 16 32 40 56 112 224 336 376 b
1 2 4 8 16 32 40 64 104 136 240 376 a
1 2 4 8 16 32 40 64 104 136 272 376 a
1 2 4 8 16 32 40 64 104 168 208 376 a
1 2 4 8 16 32 40 64 104 168 272 376 a
1 2 4 8 16 32 40 64 104 168 336 376 a
1 2 4 8 16 32 40 64 104 208 272 376 a
1 2 4 8 16 32 40 64 104 208 312 376 a
1 2 4 8 16 32 40 64 128 168 208 376 a
1 2 4 8 16 32 40 64 128 168 336 376 a
1 2 4 8 16 32 40 72 74 114 188 376 b
1 2 4 8 16 32 40 72 74 148 188 376 b
1 2 4 8 16 32 40 72 76 112 188 376 a
1 2 4 8 16 32 40 72 76 116 188 376 b
1 2 4 8 16 32 40 72 76 148 188 376 b
1 2 4 8 16 32 40 72 76 152 224 376 b
1 2 4 8 16 32 40 72 76 152 304 376 b
1 2 4 8 16 32 40 72 80 152 224 376 b
1 2 4 8 16 32 40 72 80 152 304 376 b
1 2 4 8 16 32 40 72 88 144 232 376 a
1 2 4 8 16 32 40 72 88 144 288 376 a
1 2 4 8 16 32 40 72 104 136 240 376 b
1 2 4 8 16 32 40 72 104 136 272 376 b
1 2 4 8 16 32 40 72 112 116 188 376 b
1 2 4 8 16 32 40 72 112 152 224 376 b
1 2 4 8 16 32 40 72 112 152 264 376 b
1 2 4 8 16 32 40 72 112 152 304 376 b
1 2 4 8 16 32 40 72 112 184 188 376 b
1 2 4 8 16 32 40 72 112 184 192 376 b
1 2 4 8 16 32 40 72 112 184 368 376 b
1 2 4 8 16 32 40 72 112 224 264 376 b
1 2 4 8 16 32 40 72 112 224 336 376 b
1 2 4 8 16 32 40 72 144 148 188 376 b
1 2 4 8 16 32 40 72 144 152 224 376 b
1 2 4 8 16 32 40 72 144 152 304 376 b
1 2 4 8 16 32 40 72 144 160 216 376 a
1 2 4 8 16 32 40 72 144 160 232 376 b
1 2 4 8 16 32 40 72 144 160 304 376 b
1 2 4 8 16 32 40 72 144 184 188 376 b
1 2 4 8 16 32 40 72 144 184 192 376 b
1 2 4 8 16 32 40 72 144 184 368 376 b
1 2 4 8 16 32 40 72 144 216 232 376 b
1 2 4 8 16 32 40 72 144 216 360 376 b
1 2 4 8 16 32 40 72 144 288 304 376 b
1 2 4 8 16 32 40 72 144 288 360 376 b
1 2 4 8 16 32 40 80 84 168 208 376 b
1 2 4 8 16 32 40 80 84 168 336 376 b
1 2 4 8 16 32 40 80 88 168 208 376 b
1 2 4 8 16 32 40 80 88 168 336 376 b
1 2 4 8 16 32 40 80 112 152 224 376 a
1 2 4 8 16 32 40 80 112 152 264 376 b
1 2 4 8 16 32 40 80 112 224 264 376 b
1 2 4 8 16 32 40 80 112 224 336 376 b
1 2 4 8 16 32 40 80 120 128 248 376 b
1 2 4 8 16 32 40 80 120 128 256 376 b
1 2 4 8 16 32 40 80 120 136 240 376 a
1 2 4 8 16 32 40 80 120 136 256 376 b
1 2 4 8 16 32 40 80 120 240 256 376 b
1 2 4 8 16 32 40 80 120 240 360 376 b
1 2 4 8 16 32 40 80 160 168 208 376 b
1 2 4 8 16 32 40 80 160 168 336 376 b
1 2 4 8 16 32 40 80 160 176 200 376 a
1 2 4 8 16 32 40 80 160 176 216 376 b
1 2 4 8 16 32 40 80 160 176 336 376 b
1 2 4 8 16 32 40 80 160 200 216 376 b
1 2 4 8 16 32 40 80 160 200 360 376 b
1 2 4 8 16 32 40 80 160 320 336 376 b
1 2 4 8 16 32 40 80 160 320 360 376 b
1 2 4 8 16 32 48 50 82 164 212 376 b
1 2 4 8 16 32 48 50 82 164 328 376 b
1 2 4 8 16 32 48 52 68 120 188 376 b
1 2 4 8 16 32 48 52 68 136 188 376 b
1 2 4 8 16 32 48 52 84 104 188 376 a
1 2 4 8 16 32 48 52 84 136 188 376 b
1 2 4 8 16 32 48 52 104 136 188 376 b
1 2 4 8 16 32 48 52 104 136 240 376 b
1 2 4 8 16 32 48 52 104 136 272 376 b
1 2 4 8 16 32 48 52 104 156 188 376 b
1 2 4 8 16 32 48 56 80 160 216 376 a
1 2 4 8 16 32 48 56 80 160 320 376 a
1 2 4 8 16 32 48 56 88 144 232 376 b
1 2 4 8 16 32 48 56 88 144 288 376 b
1 2 4 8 16 32 48 56 104 136 240 376 b
1 2 4 8 16 32 48 56 104 136 272 376 b
1 2 4 8 16 32 48 56 104 160 216 376 b
1 2 4 8 16 32 48 56 104 160 320 376 b
1 2 4 8 16 32 48 56 112 160 216 376 b
1 2 4 8 16 32 48 56 112 160 320 376 b
1 2 4 8 16 32 48 80 82 164 212 376 b
1 2 4 8 16 32 48 80 82 164 328 376 b
1 2 4 8 16 32 48 80 84 164 212 376 b
1 2 4 8 16 32 48 80 84 164 328 376 b
1 2 4 8 16 32 48 80 160 164 212 376 b
1 2 4 8 16 32 48 80 160 164 328 376 b
1 2 4 8 16 32 48 80 160 168 208 376 a
1 2 4 8 16 32 48 80 160 168 216 376 b
1 2 4 8 16 32 48 80 160 168 328 376 b
1 2 4 8 16 32 48 80 160 208 216 376 b
1 2 4 8 16 32 48 80 160 208 368 376 b
1 2 4 8 16 32 48 80 160 320 328 376 b
1 2 4 8 16 32 48 80 160 320 368 376 b
1 2 4 8 16 32 48 96 104 136 240 376 b
1 2 4 8 16 32 48 96 104 136 272 376 b
1 2 4 8 16 32 64 68 80 148 228 376 a
1 2 4 8 16 32 64 68 80 148 296 376 a
1 2 4 8 16 32 64 72 76 152 224 376 b
1 2 4 8 16 32 64 72 76 152 304 376 b
1 2 4 8 16 32 64 72 80 152 224 376 b
1 2 4 8 16 32 64 72 80 152 304 376 b
1 2 4 8 16 32 64 72 88 144 232 376 a
1 2 4 8 16 32 64 72 88 144 288 376 a
1 2 4 8 16 32 64 72 88 152 224 376 b
1 2 4 8 16 32 64 72 88 152 304 376 b
1 2 4 8 16 32 64 72 104 136 240 376 b
1 2 4 8 16 32 64 72 104 136 272 376 b
1 2 4 8 16 32 64 72 104 168 208 376 a
1 2 4 8 16 32 64 72 104 168 272 376 b
1 2 4 8 16 32 64 72 104 208 272 376 b
1 2 4 8 16 32 64 72 104 208 312 376 b
1 2 4 8 16 32 64 72 136 152 224 376 b
1 2 4 8 16 32 64 72 136 152 304 376 b
1 2 4 8 16 32 64 72 136 168 208 376 a
1 2 4 8 16 32 64 72 136 168 240 376 b
1 2 4 8 16 32 64 72 136 168 304 376 b
1 2 4 8 16 32 64 72 136 208 240 376 b
1 2 4 8 16 32 64 72 136 208 344 376 b
1 2 4 8 16 32 64 72 136 272 304 376 b
1 2 4 8 16 32 64 72 136 272 344 376 b
1 2 4 8 16 32 64 72 144 152 224 376 b
1 2 4 8 16 32 64 72 144 152 304 376 b
1 2 4 8 16 32 64 72 144 160 216 376 a
1 2 4 8 16 32 64 72 144 160 232 376 b
1 2 4 8 16 32 64 72 144 160 304 376 b
1 2 4 8 16 32 64 72 144 216 232 376 b
1 2 4 8 16 32 64 72 144 216 360 376 b
1 2 4 8 16 32 64 72 144 288 304 376 b
1 2 4 8 16 32 64 72 144 288 360 376 b
1 2 4 8 16 32 64 80 84 148 228 376 b
1 2 4 8 16 32 64 80 84 148 296 376 b
1 2 4 8 16 32 64 80 88 144 232 376 a
1 2 4 8 16 32 64 80 88 144 288 376 a
1 2 4 8 16 32 64 80 144 148 228 376 b
1 2 4 8 16 32 64 80 144 148 296 376 b
1 2 4 8 16 32 64 80 144 152 224 376 a
1 2 4 8 16 32 64 80 144 152 232 376 b
1 2 4 8 16 32 64 80 144 152 296 376 b
1 2 4 8 16 32 64 80 144 224 232 376 b
1 2 4 8 16 32 64 80 144 224 368 376 b
1 2 4 8 16 32 64 80 144 288 296 376 b
1 2 4 8 16 32 64 80 144 288 368 376 b
1 2 4 8 16 32 64 96 104 136 240 376 b
1 2 4 8 16 32 64 96 104 136 272 376 b
1 2 4 8 16 32 64 96 104 168 208 376 a
1 2 4 8 16 32 64 96 104 168 272 376 b
1 2 4 8 16 32 64 96 104 208 272 376 b
1 2 4 8 16 32 64 96 104 208 312 376 b
