1 2 3 5 8 13 26 52 104 105 209 418 b
1 2 3 5 8 13 26 52 104 208 209 418 b
1 2 3 5 8 13 26 52 104 208 210 418 b
1 2 3 5 8 13 26 52 104 208 416 418 b
1 2 3 5 10 13 26 52 104 105 209 418 b
1 2 3 5 10 13 26 52 104 208 209 418 b
1 2 3 5 10 13 26 52 104 208 210 418 b
1 2 3 5 10 13 26 52 104 208 416 418 b
1 2 3 5 10 20 40 43 83 126 209 418 b
1 2 3 5 10 20 40 43 83 166 209 418 b
1 2 3 6 7 13 26 52 104 105 209 418 b
1 2 3 6 7 13 26 52 104 208 209 418 b
1 2 3 6 7 13 26 52 104 208 210 418 b
1 2 3 6 7 13 26 52 104 208 416 418 b
1 2 3 6 12 13 26 52 104 105 209 418 b
1 2 3 6 12 13 26 52 104 208 209 418 b
1 2 3 6 12 13 26 52 104 208 210 418 b
1 2 3 6 12 13 26 52 104 208 416 418 b
1 2 3 6 12 14 26 52 104 105 209 418 b
1 2 3 6 12 14 26 52 104 208 209 418 b
1 2 3 6 12 14 26 52 104 208 210 418 b
1 2 3 6 12 14 26 52 104 208 416 418 b
1 2 3 6 12 24 26 52 104 105 209 418 b
1 2 3 6 12 24 26 52 104 208 209 418 b
1 2 3 6 12 24 26 52 104 208 210 418 b
1 2 3 6 12 24 26 52 104 208 416 418 b
1 2 4 5 8 13 26 52 104 105 209 418 a
1 2 4 5 8 13 26 52 104 208 209 418 a
1 2 4 5 8 13 26 52 104 208 210 418 a
1 2 4 5 8 13 26 52 104 208 416 418 a
1 2 4 5 9 13 26 52 104 105 209 418 b
1 2 4 5 9 13 26 52 104 208 209 418 b
1 2 4 5 9 13 26 52 104 208 210 418 b
1 2 4 5 9 13 26 52 104 208 416 418 b
1 2 4 6 7 13 26 52 104 105 209 418 b
1 2 4 6 7 13 26 52 104 208 209 418 b
1 2 4 6 7 13 26 52 104 208 210 418 b
1 2 4 6 7 13 26 52 104 208 416 418 b
1 2 4 6 10 16 26 52 104 105 209 418 b
1 2 4 6 10 16 26 52 104 208 209 418 b
1 2 4 6 10 16 26 52 104 208 210 418 b
1 2 4 6 10 16 26 52 104 208 416 418 b
1 2 4 6 10 20 26 52 104 105 209 418 b
1 2 4 6 10 20 26 52 104 208 209 418 b
1 2 4 6 10 20 26 52 104 208 210 418 b
1 2 4 6 10 20 26 52 104 208 416 418 b
1 2 4 6 10 20 40 80 86 166 252 418 b
1 2 4 6 10 20 40 80 86 166 332 418 b
1 2 4 6 12 13 26 52 104 105 209 418 b
1 2 4 6 12 13 26 52 104 208 209 418 b
1 2 4 6 12 13 26 52 104 208 210 418 b
1 2 4 6 12 13 26 52 104 208 416 418 b
1 2 4 6 12 14 26 52 104 105 209 418 b
1 2 4 6 12 14 26 52 104 208 209 418 b
1 2 4 6 12 14 26 52 104 208 210 418 b
1 2 4 6 12 14 26 52 104 208 416 418 b
1 2 4 6 12 24 26 52 104 105 209 418 b
1 2 4 6 12 24 26 52 104 208 209 418 b
1 2 4 6 12 24 26 52 104 208 210 418 b
1 2 4 6 12 24 26 52 104 208 416 418 b
1 2 4 6 12 24 28 52 104 105 209 418 b
1 2 4 6 12 24 28 52 104 208 209 418 b
1 2 4 6 12 24 28 52 104 208 210 418 b
1 2 4 6 12 24 28 52 104 208 416 418 b
1 2 4 6 12 24 48 52 104 105 209 418 b
1 2 4 6 12 24 48 52 104 208 209 418 b
1 2 4 6 12 24 48 52 104 208 210 418 b
1 2 4 6 12 24 48 52 104 208 416 418 b
1 2 4 8 9 13 26 52 104 105 209 418 b
1 2 4 8 9 13 26 52 104 208 209 418 b
1 2 4 8 9 13 26 52 104 208 210 418 b
1 2 4 8 9 13 26 52 104 208 416 418 b
1 2 4 8 9 16 25 50 100 109 209 418 a
1 2 4 8 9 16 25 50 100 200 209 418 a
1 2 4 8 9 17 25 50 100 109 209 418 b
1 2 4 8 9 17 25 50 100 200 209 418 b
1 2 4 8 9 17 26 52 104 105 209 418 b
1 2 4 8 9 17 26 52 104 208 209 418 b
1 2 4 8 9 17 26 52 104 208 210 418 b
1 2 4 8 9 17 26 52 104 208 416 418 b
1 2 4 8 9 18 26 52 104 105 209 418 b
1 2 4 8 9 18 26 52 104 208 209 418 b
1 2 4 8 9 18 26 52 104 208 210 418 b
1 2 4 8 9 18 26 52 104 208 416 418 b
1 2 4 8 10 16 26 52 104 105 209 418 a
1 2 4 8 10 16 26 52 104 208 209 418 a
1 2 4 8 10 16 26 52 104 208 210 418 a
1 2 4 8 10 16 26 52 104 208 416 418 a
1 2 4 8 10 18 26 52 104 105 209 418 b
1 2 4 8 10 18 26 52 104 208 209 418 b
1 2 4 8 10 18 26 52 104 208 210 418 b
1 2 4 8 10 18 26 52 104 208 416 418 b
1 2 4 8 12 13 26 52 104 105 209 418 b
1 2 4 8 12 13 26 52 104 208 209 418 b
1 2 4 8 12 13 26 52 104 208 210 418 b
1 2 4 8 12 13 26 52 104 208 416 418 b
1 2 4 8 12 14 26 52 104 105 209 418 b
1 2 4 8 12 14 26 52 104 208 209 418 b
1 2 4 8 12 14 26 52 104 208 210 418 b
1 2 4 8 12 14 26 52 104 208 416 418 b
1 2 4 8 12 20 32 52 104 105 209 418 b
1 2 4 8 12 20 32 52 104 208 209 418 b
1 2 4 8 12 20 32 52 104 208 210 418 b
1 2 4 8 12 20 32 52 104 208 416 418 b
1 2 4 8 12 20 40 52 104 105 209 418 b
1 2 4 8 12 20 40 52 104 208 209 418 b
1 2 4 8 12 20 40 52 104 208 210 418 b
1 2 4 8 12 20 40 52 104 208 416 418 b
1 2 4 8 12 24 26 52 104 105 209 418 b
1 2 4 8 12 24 26 52 104 208 209 418 b
1 2 4 8 12 24 26 52 104 208 210 418 b
1 2 4 8 12 24 26 52 104 208 416 418 b
1 2 4 8 12 24 28 52 104 105 209 418 b
1 2 4 8 12 24 28 52 104 208 209 418 b
1 2 4 8 12 24 28 52 104 208 210 418 b
1 2 4 8 12 24 28 52 104 208 416 418 b
1 2 4 8 12 24 48 52 104 105 209 418 b
1 2 4 8 12 24 48 52 104 208 209 418 b
1 2 4 8 12 24 48 52 104 208 210 418 b
1 2 4 8 12 24 48 52 104 208 416 418 b
1 2 4 8 12 24 48 56 104 105 209 418 b
1 2 4 8 12 24 48 56 104 208 209 418 b
1 2 4 8 12 24 48 56 104 208 210 418 b
1 2 4 8 12 24 48 56 104 208 416 418 b
1 2 4 8 12 24 48 96 104 105 209 418 b
1 2 4 8 12 24 48 96 104 208 209 418 b
1 2 4 8 12 24 48 96 104 208 210 418 b
1 2 4 8 12 24 48 96 104 208 416 418 b
1 2 4 8 16 17 24 48 96 113 209 418 a
1 2 4 8 16 17 24 48 96 192 209 418 a
1 2 4 8 16 17 32 48 96 113 209 418 a
1 2 4 8 16 17 32 48 96 192 209 418 a
1 2 4 8 16 17 32 64 81 128 209 418 a
1 2 4 8 16 17 32 64 81 145 209 418 a
1 2 4 8 16 17 32 64 96 113 209 418 a
1 2 4 8 16 17 32 64 96 192 209 418 a
1 2 4 8 16 17 32 64 128 145 209 418 a
1 2 4 8 16 17 32 64 128 145 273 418 a
1 2 4 8 16 17 32 64 128 145 290 418 a
1 2 4 8 16 17 32 64 128 192 209 418 a
1 2 4 8 16 18 26 52 104 105 209 418 b
1 2 4 8 16 18 26 52 104 208 209 418 b
1 2 4 8 16 18 26 52 104 208 210 418 b
1 2 4 8 16 18 26 52 104 208 416 418 b
1 2 4 8 16 18 32 50 100 200 218 418 a
1 2 4 8 16 18 32 50 100 200 400 418 a
1 2 4 8 16 18 34 50 100 200 218 418 b
1 2 4 8 16 18 34 50 100 200 400 418 b
1 2 4 8 16 18 34 52 104 105 209 418 b
1 2 4 8 16 18 34 52 104 208 209 418 b
1 2 4 8 16 18 34 52 104 208 210 418 b
1 2 4 8 16 18 34 52 104 208 416 418 b
1 2 4 8 16 18 36 52 104 105 209 418 b
1 2 4 8 16 18 36 52 104 208 209 418 b
1 2 4 8 16 18 36 52 104 208 210 418 b
1 2 4 8 16 18 36 52 104 208 416 418 b
1 2 4 8 16 20 32 52 104 105 209 418 a
1 2 4 8 16 20 32 52 104 208 209 418 a
1 2 4 8 16 20 32 52 104 208 210 418 a
1 2 4 8 16 20 32 52 104 208 416 418 a
1 2 4 8 16 20 36 52 104 105 209 418 b
1 2 4 8 16 20 36 52 104 208 209 418 b
1 2 4 8 16 20 36 52 104 208 210 418 b
1 2 4 8 16 20 36 52 104 208 416 418 b
1 2 4 8 16 24 26 52 104 105 209 418 b
1 2 4 8 16 24 26 52 104 208 209 418 b
1 2 4 8 16 24 26 52 104 208 210 418 b
1 2 4 8 16 24 26 52 104 208 416 418 b
1 2 4 8 16 24 28 52 104 105 209 418 b
1 2 4 8 16 24 28 52 104 208 209 418 b
1 2 4 8 16 24 28 52 104 208 210 418 b
1 2 4 8 16 24 28 52 104 208 416 418 b
1 2 4 8 16 24 40 64 104 105 209 418 b
1 2 4 8 16 24 40 64 104 208 209 418 b
1 2 4 8 16 24 40 64 104 208 210 418 b
1 2 4 8 16 24 40 64 104 208 416 418 b
1 2 4 8 16 24 40 80 104 105 209 418 b
1 2 4 8 16 24 40 80 104 208 209 418 b
1 2 4 8 16 24 40 80 104 208 210 418 b
1 2 4 8 16 24 40 80 104 208 416 418 b
1 2 4 8 16 24 48 52 104 105 209 418 b
1 2 4 8 16 24 48 52 104 208 209 418 b
1 2 4 8 16 24 48 52 104 208 210 418 b
1 2 4 8 16 24 48 52 104 208 416 418 b
1 2 4 8 16 24 48 56 104 105 209 418 b
1 2 4 8 16 24 48 56 104 208 209 418 b
1 2 4 8 16 24 48 56 104 208 210 418 b
1 2 4 8 16 24 48 56 104 208 416 418 b
1 2 4 8 16 24 48 96 97 112 209 418 a
1 2 4 8 16 24 48 96 97 113 209 418 b
1 2 4 8 16 24 48 96 97 193 209 418 b
1 2 4 8 16 24 48 96 104 105 209 418 b
1 2 4 8 16 24 48 96 104 208 209 418 b
1 2 4 8 16 24 48 96 104 208 210 418 b
1 2 4 8 16 24 48 96 104 208 416 418 b
1 2 4 8 16 24 48 96 112 113 209 418 b
1 2 4 8 16 24 48 96 112 208 209 418 b
1 2 4 8 16 24 48 96 112 208 210 418 b
1 2 4 8 16 24 48 96 112 208 416 418 b
1 2 4 8 16 24 48 96 192 193 209 418 b
1 2 4 8 16 24 48 96 192 208 209 418 b
1 2 4 8 16 24 48 96 192 208 210 418 b
1 2 4 8 16 24 48 96 192 208 416 418 b
1 2 4 8 16 32 34 48 96 192 226 418 a
1 2 4 8 16 32 34 48 96 192 384 418 a
1 2 4 8 16 32 34 64 96 192 226 418 a
1 2 4 8 16 32 34 64 96 192 384 418 a
1 2 4 8 16 32 34 64 128 162 256 418 a
1 2 4 8 16 32 34 64 128 162 290 418 a
1 2 4 8 16 32 34 64 128 192 226 418 a
1 2 4 8 16 32 34 64 128 192 384 418 a
1 2 4 8 16 32 34 64 128 256 290 418 a
1 2 4 8 16 32 34 64 128 256 384 418 a
1 2 4 8 16 32 36 52 104 105 209 418 b
1 2 4 8 16 32 36 52 104 208 209 418 b
1 2 4 8 16 32 36 52 104 208 210 418 b
1 2 4 8 16 32 36 52 104 208 416 418 b
1 2 4 8 16 32 36 68 104 105 209 418 b
1 2 4 8 16 32 36 68 104 208 209 418 b
1 2 4 8 16 32 36 68 104 208 210 418 b
1 2 4 8 16 32 36 68 104 208 416 418 b
1 2 4 8 16 32 36 72 104 105 209 418 b
1 2 4 8 16 32 36 72 104 208 209 418 b
1 2 4 8 16 32 36 72 104 208 210 418 b
1 2 4 8 16 32 36 72 104 208 416 418 b
1 2 4 8 16 32 40 64 104 105 209 418 a
1 2 4 8 16 32 40 64 104 208 209 418 a
1 2 4 8 16 32 40 64 104 208 210 418 a
1 2 4 8 16 32 40 64 104 208 416 418 a
1 2 4 8 16 32 40 72 104 105 209 418 b
1 2 4 8 16 32 40 72 104 208 209 418 b
1 2 4 8 16 32 40 72 104 208 210 418 b
1 2 4 8 16 32 40 72 104 208 416 418 b
1 2 4 8 16 32 48 49 80 129 209 418 a
1 2 4 8 16 32 48 49 80 160 209 418 a
1 2 4 8 16 32 48 52 104 105 209 418 b
1 2 4 8 16 32 48 52 104 208 209 418 b
1 2 4 8 16 32 48 52 104 208 210 418 b
1 2 4 8 16 32 48 52 104 208 416 418 b
1 2 4 8 16 32 48 56 104 105 209 418 b
1 2 4 8 16 32 48 56 104 208 209 418 b
1 2 4 8 16 32 48 56 104 208 210 418 b
1 2 4 8 16 32 48 56 104 208 416 418 b
1 2 4 8 16 32 48 80 81 128 209 418 a
1 2 4 8 16 32 48 80 81 129 209 418 b
1 2 4 8 16 32 48 80 81 161 209 418 b
1 2 4 8 16 32 48 80 128 129 209 418 b
1 2 4 8 16 32 48 80 128 208 209 418 b
1 2 4 8 16 32 48 80 128 208 210 418 b
1 2 4 8 16 32 48 80 128 208 416 418 b
1 2 4 8 16 32 48 80 160 161 209 418 b
1 2 4 8 16 32 48 80 160 208 209 418 b
1 2 4 8 16 32 48 80 160 208 210 418 b
1 2 4 8 16 32 48 80 160 208 416 418 b
1 2 4 8 16 32 48 96 97 112 209 418 a
1 2 4 8 16 32 48 96 97 113 209 418 b
1 2 4 8 16 32 48 96 97 193 209 418 b
1 2 4 8 16 32 48 96 97 193 225 418 b
1 2 4 8 16 32 48 96 97 193 386 418 b
1 2 4 8 16 32 48 96 104 105 209 418 b
1 2 4 8 16 32 48 96 104 208 209 418 b
1 2 4 8 16 32 48 96 104 208 210 418 b
1 2 4 8 16 32 48 96 104 208 416 418 b
1 2 4 8 16 32 48 96 112 113 209 418 b
1 2 4 8 16 32 48 96 112 208 209 418 b
1 2 4 8 16 32 48 96 112 208 210 418 b
1 2 4 8 16 32 48 96 112 208 416 418 b
1 2 4 8 16 32 48 96 192 193 209 418 b
1 2 4 8 16 32 48 96 192 193 225 418 b
1 2 4 8 16 32 48 96 192 193 386 418 b
1 2 4 8 16 32 48 96 192 194 224 418 a
1 2 4 8 16 32 48 96 192 194 226 418 b
1 2 4 8 16 32 48 96 192 194 386 418 b
1 2 4 8 16 32 48 96 192 208 209 418 b
1 2 4 8 16 32 48 96 192 208 210 418 b
1 2 4 8 16 32 48 96 192 208 416 418 b
1 2 4 8 16 32 48 96 192 224 226 418 b
1 2 4 8 16 32 48 96 192 224 416 418 b
1 2 4 8 16 32 48 96 192 384 386 418 b
1 2 4 8 16 32 48 96 192 384 416 418 b
1 2 4 8 16 32 64 65 72 137 209 418 a
1 2 4 8 16 32 64 65 72 144 209 418 a
1 2 4 8 16 32 64 65 80 129 209 418 a
1 2 4 8 16 32 64 65 80 144 209 418 a
1 2 4 8 16 32 64 65 80 145 209 418 a
1 2 4 8 16 32 64 65 81 128 209 418 a
1 2 4 8 16 32 64 65 81 145 209 418 b
1 2 4 8 16 32 64 65 96 161 257 418 a
1 2 4 8 16 32 64 65 96 161 322 418 a
1 2 4 8 16 32 64 65 128 144 209 418 a
1 2 4 8 16 32 64 65 128 193 209 418 a
1 2 4 8 16 32 64 65 128 193 225 418 a
1 2 4 8 16 32 64 65 128 193 386 418 a
1 2 4 8 16 32 64 65 129 145 209 418 b
1 2 4 8 16 32 64 65 129 193 209 418 b
1 2 4 8 16 32 64 65 129 193 225 418 b
1 2 4 8 16 32 64 65 129 193 386 418 b
1 2 4 8 16 32 64 72 73 136 209 418 a
1 2 4 8 16 32 64 72 73 137 209 418 b
1 2 4 8 16 32 64 72 73 145 209 418 b
1 2 4 8 16 32 64 72 104 105 209 418 b
1 2 4 8 16 32 64 72 104 208 209 418 b
1 2 4 8 16 32 64 72 104 208 210 418 b
1 2 4 8 16 32 64 72 104 208 416 418 b
1 2 4 8 16 32 64 72 136 137 209 418 b
1 2 4 8 16 32 64 72 136 208 209 418 b
1 2 4 8 16 32 64 72 136 208 210 418 b
1 2 4 8 16 32 64 72 136 208 416 418 b
1 2 4 8 16 32 64 72 144 145 209 418 b
1 2 4 8 16 32 64 72 144 208 209 418 b
1 2 4 8 16 32 64 72 144 208 210 418 b
1 2 4 8 16 32 64 72 144 208 416 418 b
1 2 4 8 16 32 64 80 81 128 209 418 a
1 2 4 8 16 32 64 80 81 145 209 418 b
1 2 4 8 16 32 64 80 128 129 209 418 a
1 2 4 8 16 32 64 80 128 208 209 418 a
1 2 4 8 16 32 64 80 128 208 210 418 a
1 2 4 8 16 32 64 80 128 208 416 418 a
1 2 4 8 16 32 64 80 144 145 209 418 b
1 2 4 8 16 32 64 80 144 208 209 418 b
1 2 4 8 16 32 64 80 144 208 210 418 b
1 2 4 8 16 32 64 80 144 208 416 418 b
1 2 4 8 16 32 64 96 97 112 209 418 a
1 2 4 8 16 32 64 96 97 113 209 418 b
1 2 4 8 16 32 64 96 97 161 257 418 b
1 2 4 8 16 32 64 96 97 161 322 418 b
1 2 4 8 16 32 64 96 97 193 209 418 b
1 2 4 8 16 32 64 96 97 193 225 418 b
1 2 4 8 16 32 64 96 97 193 386 418 b
1 2 4 8 16 32 64 96 98 160 258 418 a
1 2 4 8 16 32 64 96 98 160 320 418 a
1 2 4 8 16 32 64 96 104 105 209 418 b
1 2 4 8 16 32 64 96 104 208 209 418 b
1 2 4 8 16 32 64 96 104 208 210 418 b
1 2 4 8 16 32 64 96 104 208 416 418 b
1 2 4 8 16 32 64 96 112 113 209 418 b
1 2 4 8 16 32 64 96 112 208 209 418 b
1 2 4 8 16 32 64 96 112 208 210 418 b
1 2 4 8 16 32 64 96 112 208 416 418 b
1 2 4 8 16 32 64 96 160 161 257 418 b
1 2 4 8 16 32 64 96 160 161 322 418 b
1 2 4 8 16 32 64 96 160 162 256 418 a
1 2 4 8 16 32 64 96 160 162 258 418 b
1 2 4 8 16 32 64 96 160 162 322 418 b
1 2 4 8 16 32 64 96 160 256 258 418 b
1 2 4 8 16 32 64 96 160 256 416 418 b
1 2 4 8 16 32 64 96 160 320 322 418 b
1 2 4 8 16 32 64 96 160 320 416 418 b
1 2 4 8 16 32 64 96 192 193 209 418 b
1 2 4 8 16 32 64 96 192 193 225 418 b
1 2 4 8 16 32 64 96 192 193 386 418 b
1 2 4 8 16 32 64 96 192 194 224 418 a
1 2 4 8 16 32 64 96 192 194 226 418 b
1 2 4 8 16 32 64 96 192 194 386 418 b
1 2 4 8 16 32 64 96 192 208 209 418 b
1 2 4 8 16 32 64 96 192 208 210 418 b
1 2 4 8 16 32 64 96 192 208 416 418 b
1 2 4 8 16 32 64 96 192 224 226 418 b
1 2 4 8 16 32 64 96 192 224 416 418 b
1 2 4 8 16 32 64 96 192 384 386 418 b
1 2 4 8 16 32 64 96 192 384 416 418 b
1 2 4 8 16 32 64 128 129 145 209 418 b
1 2 4 8 16 32 64 128 129 145 273 418 b
1 2 4 8 16 32 64 128 129 145 290 418 b
1 2 4 8 16 32 64 128 129 160 258 418 a
1 2 4 8 16 32 64 128 129 160 289 418 a
1 2 4 8 16 32 64 128 129 161 257 418 a
1 2 4 8 16 32 64 128 129 161 289 418 b
1 2 4 8 16 32 64 128 129 161 290 418 b
1 2 4 8 16 32 64 128 129 193 209 418 b
1 2 4 8 16 32 64 128 129 193 225 418 b
1 2 4 8 16 32 64 128 129 193 386 418 b
1 2 4 8 16 32 64 128 129 257 289 418 b
1 2 4 8 16 32 64 128 129 257 386 418 b
1 2 4 8 16 32 64 128 129 258 290 418 b
1 2 4 8 16 32 64 128 129 258 386 418 b
1 2 4 8 16 32 64 128 130 144 274 418 a
1 2 4 8 16 32 64 128 130 144 288 418 a
1 2 4 8 16 32 64 128 130 160 258 418 a
1 2 4 8 16 32 64 128 130 160 288 418 a
1 2 4 8 16 32 64 128 130 160 290 418 a
1 2 4 8 16 32 64 128 130 162 256 418 a
1 2 4 8 16 32 64 128 130 162 290 418 b
1 2 4 8 16 32 64 128 130 256 288 418 a
1 2 4 8 16 32 64 128 130 256 386 418 a
1 2 4 8 16 32 64 128 130 258 290 418 b
1 2 4 8 16 32 64 128 130 258 386 418 b
1 2 4 8 16 32 64 128 144 145 209 418 b
1 2 4 8 16 32 64 128 144 145 273 418 b
1 2 4 8 16 32 64 128 144 145 290 418 b
1 2 4 8 16 32 64 128 144 146 272 418 a
1 2 4 8 16 32 64 128 144 146 274 418 b
1 2 4 8 16 32 64 128 144 146 290 418 b
1 2 4 8 16 32 64 128 144 208 209 418 b
1 2 4 8 16 32 64 128 144 208 210 418 b
1 2 4 8 16 32 64 128 144 208 416 418 b
1 2 4 8 16 32 64 128 144 272 274 418 b
1 2 4 8 16 32 64 128 144 272 416 418 b
1 2 4 8 16 32 64 128 144 288 290 418 b
1 2 4 8 16 32 64 128 144 288 416 418 b
1 2 4 8 16 32 64 128 160 162 256 418 a
1 2 4 8 16 32 64 128 160 162 290 418 b
1 2 4 8 16 32 64 128 160 256 258 418 a
1 2 4 8 16 32 64 128 160 256 416 418 a
1 2 4 8 16 32 64 128 160 288 290 418 b
1 2 4 8 16 32 64 128 160 288 416 418 b
1 2 4 8 16 32 64 128 192 193 209 418 b
1 2 4 8 16 32 64 128 192 193 225 418 b
1 2 4 8 16 32 64 128 192 193 386 418 b
1 2 4 8 16 32 64 128 192 194 224 418 a
1 2 4 8 16 32 64 128 192 194 226 418 b
1 2 4 8 16 32 64 128 192 194 386 418 b
1 2 4 8 16 32 64 128 192 208 209 418 b
1 2 4 8 16 32 64 128 192 208 210 418 b
1 2 4 8 16 32 64 128 192 208 416 418 b
1 2 4 8 16 32 64 128 192 224 226 418 b
1 2 4 8 16 32 64 128 192 224 416 418 b
1 2 4 8 16 32 64 128 192 384 386 418 b
1 2 4 8 16 32 64 128 192 384 416 418 b
1 2 4 8 16 32 64 128 256 258 290 418 b
1 2 4 8 16 32 64 128 256 258 386 418 b
1 2 4 8 16 32 64 128 256 288 290 418 b
1 2 4 8 16 32 64 128 256 288 416 418 b
1 2 4 8 16 32 64 128 256 384 386 418 b
1 2 4 8 16 32 64 128 256 384 416 418 b
