1 2 3 4 7 14 15 29 58 116 232 247 479 b
1 2 3 4 7 14 15 29 58 116 232 464 479 b
1 2 3 4 7 14 28 31 56 112 224 255 479 a
1 2 3 4 7 14 28 31 56 112 224 448 479 a
1 2 3 4 7 14 28 31 59 118 236 243 479 b
1 2 3 4 7 14 28 31 59 118 236 472 479 b
1 2 3 4 7 14 28 56 59 118 236 243 479 b
1 2 3 4 7 14 28 56 59 118 236 472 479 b
1 2 3 4 7 14 28 56 63 119 238 241 479 b
1 2 3 4 7 14 28 56 63 119 238 476 479 b
1 2 3 4 7 14 28 56 112 119 238 241 479 b
1 2 3 4 7 14 28 56 112 119 238 476 479 b
1 2 3 4 7 14 28 56 112 126 238 241 479 b
1 2 3 4 7 14 28 56 112 126 238 476 479 b
1 2 3 4 7 14 28 56 112 224 227 252 479 a
1 2 3 4 7 14 28 56 112 224 227 255 479 b
1 2 3 4 7 14 28 56 112 224 227 451 479 b
1 2 3 4 7 14 28 56 112 224 238 241 479 b
1 2 3 4 7 14 28 56 112 224 238 476 479 b
1 2 3 4 7 14 28 56 112 224 252 255 479 b
1 2 3 4 7 14 28 56 112 224 252 476 479 b
1 2 3 4 7 14 28 56 112 224 448 451 479 b
1 2 3 4 7 14 28 56 112 224 448 476 479 b
1 2 3 5 7 14 15 29 58 116 232 247 479 b
1 2 3 5 7 14 15 29 58 116 232 464 479 b
1 2 3 5 7 14 28 31 56 112 224 255 479 a
1 2 3 5 7 14 28 31 56 112 224 448 479 a
1 2 3 5 7 14 28 31 59 118 236 243 479 b
1 2 3 5 7 14 28 31 59 118 236 472 479 b
1 2 3 5 7 14 28 56 59 118 236 243 479 b
1 2 3 5 7 14 28 56 59 118 236 472 479 b
1 2 3 5 7 14 28 56 63 119 238 241 479 b
1 2 3 5 7 14 28 56 63 119 238 476 479 b
1 2 3 5 7 14 28 56 112 119 238 241 479 b
1 2 3 5 7 14 28 56 112 119 238 476 479 b
1 2 3 5 7 14 28 56 112 126 238 241 479 b
1 2 3 5 7 14 28 56 112 126 238 476 479 b
1 2 3 5 7 14 28 56 112 224 227 252 479 a
1 2 3 5 7 14 28 56 112 224 227 255 479 b
1 2 3 5 7 14 28 56 112 224 227 451 479 b
1 2 3 5 7 14 28 56 112 224 238 241 479 b
1 2 3 5 7 14 28 56 112 224 238 476 479 b
1 2 3 5 7 14 28 56 112 224 252 255 479 b
1 2 3 5 7 14 28 56 112 224 252 476 479 b
1 2 3 5 7 14 28 56 112 224 448 451 479 b
1 2 3 5 7 14 28 56 112 224 448 476 479 b
1 2 3 5 10 13 23 46 59 105 210 269 479 b
1 2 3 5 10 13 23 46 59 105 210 420 479 b
1 2 3 5 10 20 23 43 66 109 218 261 479 b
1 2 3 5 10 20 23 43 66 109 218 436 479 b
1 2 3 5 10 20 23 43 86 109 218 261 479 b
1 2 3 5 10 20 23 43 86 109 218 436 479 b
1 2 3 6 7 13 26 33 59 118 236 243 479 b
1 2 3 6 7 13 26 33 59 118 236 472 479 b
1 2 3 6 7 13 26 52 59 118 236 243 479 b
1 2 3 6 7 13 26 52 59 118 236 472 479 b
1 2 3 6 7 14 15 29 58 116 232 247 479 b
1 2 3 6 7 14 15 29 58 116 232 464 479 b
1 2 3 6 7 14 28 31 56 112 224 255 479 a
1 2 3 6 7 14 28 31 56 112 224 448 479 a
1 2 3 6 7 14 28 31 59 118 236 243 479 b
1 2 3 6 7 14 28 31 59 118 236 472 479 b
1 2 3 6 7 14 28 56 59 118 236 243 479 b
1 2 3 6 7 14 28 56 59 118 236 472 479 b
1 2 3 6 7 14 28 56 62 118 236 243 479 b
1 2 3 6 7 14 28 56 62 118 236 472 479 b
1 2 3 6 7 14 28 56 63 119 238 241 479 b
1 2 3 6 7 14 28 56 63 119 238 476 479 b
1 2 3 6 7 14 28 56 112 118 236 243 479 b
1 2 3 6 7 14 28 56 112 118 236 472 479 b
1 2 3 6 7 14 28 56 112 119 238 241 479 b
1 2 3 6 7 14 28 56 112 119 238 476 479 b
1 2 3 6 7 14 28 56 112 126 238 241 479 b
1 2 3 6 7 14 28 56 112 126 238 476 479 b
1 2 3 6 7 14 28 56 112 224 227 252 479 a
1 2 3 6 7 14 28 56 112 224 227 255 479 b
1 2 3 6 7 14 28 56 112 224 227 451 479 b
1 2 3 6 7 14 28 56 112 224 238 241 479 b
1 2 3 6 7 14 28 56 112 224 238 476 479 b
1 2 3 6 7 14 28 56 112 224 252 255 479 b
1 2 3 6 7 14 28 56 112 224 252 476 479 b
1 2 3 6 7 14 28 56 112 224 448 451 479 b
1 2 3 6 7 14 28 56 112 224 448 476 479 b
1 2 3 6 8 14 15 29 58 116 232 247 479 b
1 2 3 6 8 14 15 29 58 116 232 464 479 b
1 2 3 6 8 14 28 31 56 112 224 255 479 a
1 2 3 6 8 14 28 31 56 112 224 448 479 a
1 2 3 6 8 14 28 56 112 126 238 241 479 b
1 2 3 6 8 14 28 56 112 126 238 476 479 b
1 2 3 6 8 14 28 56 112 224 227 252 479 a
1 2 3 6 8 14 28 56 112 224 227 255 479 b
1 2 3 6 8 14 28 56 112 224 227 451 479 b
1 2 3 6 8 14 28 56 112 224 238 241 479 b
1 2 3 6 8 14 28 56 112 224 238 476 479 b
1 2 3 6 8 14 28 56 112 224 252 255 479 b
1 2 3 6 8 14 28 56 112 224 252 476 479 b
1 2 3 6 8 14 28 56 112 224 448 451 479 b
1 2 3 6 8 14 28 56 112 224 448 476 479 b
1 2 3 6 12 13 25 31 56 112 224 255 479 b
1 2 3 6 12 13 25 31 56 112 224 448 479 b
1 2 3 6 12 14 15 29 58 116 232 247 479 b
1 2 3 6 12 14 15 29 58 116 232 464 479 b
1 2 3 6 12 14 28 31 56 112 224 255 479 a
1 2 3 6 12 14 28 31 56 112 224 448 479 a
1 2 3 6 12 14 28 56 112 126 238 241 479 b
1 2 3 6 12 14 28 56 112 126 238 476 479 b
1 2 3 6 12 14 28 56 112 224 227 252 479 a
1 2 3 6 12 14 28 56 112 224 227 255 479 b
1 2 3 6 12 14 28 56 112 224 227 451 479 b
1 2 3 6 12 14 28 56 112 224 238 241 479 b
1 2 3 6 12 14 28 56 112 224 238 476 479 b
1 2 3 6 12 14 28 56 112 224 252 255 479 b
1 2 3 6 12 14 28 56 112 224 252 476 479 b
1 2 3 6 12 14 28 56 112 224 448 451 479 b
1 2 3 6 12 14 28 56 112 224 448 476 479 b
1 2 3 6 12 15 17 29 58 116 232 247 479 b
1 2 3 6 12 15 17 29 58 116 232 464 479 b
1 2 3 6 12 15 27 29 58 116 232 247 479 b
1 2 3 6 12 15 27 29 58 116 232 464 479 b
1 2 3 6 12 24 25 31 56 112 224 255 479 b
1 2 3 6 12 24 25 31 56 112 224 448 479 b
1 2 4 5 7 14 15 29 58 116 232 247 479 b
1 2 4 5 7 14 15 29 58 116 232 464 479 b
1 2 4 5 9 13 22 44 88 101 189 290 479 b
1 2 4 5 9 13 22 44 88 101 189 378 479 b
1 2 4 5 9 14 15 29 58 116 232 247 479 b
1 2 4 5 9 14 15 29 58 116 232 464 479 b
1 2 4 5 9 18 23 41 82 105 187 292 479 b
1 2 4 5 9 18 23 41 82 105 187 374 479 b
1 2 4 5 9 18 27 54 59 113 226 253 479 b
1 2 4 5 9 18 27 54 59 113 226 452 479 b
1 2 4 5 9 18 27 54 108 113 226 253 479 b
1 2 4 5 9 18 27 54 108 113 226 452 479 b
1 2 4 5 10 14 15 29 58 116 232 247 479 b
1 2 4 5 10 14 15 29 58 116 232 464 479 b
1 2 4 5 10 15 19 29 58 116 232 247 479 b
1 2 4 5 10 15 19 29 58 116 232 464 479 b
1 2 4 5 10 15 25 29 58 116 232 247 479 b
1 2 4 5 10 15 25 29 58 116 232 464 479 b
1 2 4 6 7 13 26 33 59 118 236 243 479 b
1 2 4 6 7 13 26 33 59 118 236 472 479 b
1 2 4 6 7 13 26 52 59 118 236 243 479 b
1 2 4 6 7 13 26 52 59 118 236 472 479 b
1 2 4 6 7 14 15 29 58 116 232 247 479 b
1 2 4 6 7 14 15 29 58 116 232 464 479 b
1 2 4 6 7 14 28 56 62 118 236 243 479 b
1 2 4 6 7 14 28 56 62 118 236 472 479 b
1 2 4 6 7 14 28 56 112 118 236 243 479 b
1 2 4 6 7 14 28 56 112 118 236 472 479 b
1 2 4 6 8 14 15 29 58 116 232 247 479 b
1 2 4 6 8 14 15 29 58 116 232 464 479 b
1 2 4 6 10 14 15 29 58 116 232 247 479 b
1 2 4 6 10 14 15 29 58 116 232 464 479 b
1 2 4 6 12 13 25 31 56 112 224 255 479 b
1 2 4 6 12 13 25 31 56 112 224 448 479 b
1 2 4 6 12 14 15 29 58 116 232 247 479 b
1 2 4 6 12 14 15 29 58 116 232 464 479 b
1 2 4 6 12 24 25 31 56 112 224 255 479 b
1 2 4 6 12 24 25 31 56 112 224 448 479 b
1 2 4 8 9 13 22 44 88 101 189 290 479 b
1 2 4 8 9 13 22 44 88 101 189 378 479 b
1 2 4 8 9 16 32 41 73 146 187 292 479 a
1 2 4 8 9 16 32 41 73 146 187 333 479 a
1 2 4 8 9 16 32 41 73 146 219 260 479 a
1 2 4 8 9 16 32 41 73 146 219 438 479 a
1 2 4 8 9 16 32 41 73 146 292 333 479 a
1 2 4 8 9 16 32 41 73 146 292 438 479 a
1 2 4 8 9 17 34 43 77 154 171 308 479 a
1 2 4 8 9 17 34 43 77 154 171 325 479 b
1 2 4 8 9 17 34 43 77 154 231 248 479 b
1 2 4 8 9 17 34 43 77 154 231 462 479 b
1 2 4 8 9 17 34 43 77 154 308 325 479 b
1 2 4 8 9 17 34 43 77 154 308 462 479 b
1 2 4 8 9 17 34 51 55 106 212 267 479 b
1 2 4 8 9 17 34 51 55 106 212 424 479 b
1 2 4 8 9 17 34 68 69 136 205 274 479 a
1 2 4 8 9 17 34 68 69 136 205 410 479 a
1 2 4 8 9 17 34 68 69 137 171 308 479 b
1 2 4 8 9 17 34 68 69 137 171 342 479 b
1 2 4 8 9 17 34 68 69 137 205 274 479 b
1 2 4 8 9 17 34 68 69 137 205 342 479 b
1 2 4 8 9 17 34 68 69 137 205 410 479 b
1 2 4 8 9 17 34 68 69 137 274 342 479 b
1 2 4 8 9 17 34 68 69 137 274 411 479 b
1 2 4 8 9 17 34 68 77 154 171 308 479 a
1 2 4 8 9 17 34 68 77 154 171 325 479 b
1 2 4 8 9 17 34 68 77 154 231 248 479 b
1 2 4 8 9 17 34 68 77 154 231 462 479 b
1 2 4 8 9 17 34 68 77 154 308 325 479 b
1 2 4 8 9 17 34 68 77 154 308 462 479 b
1 2 4 8 9 17 34 68 136 137 171 308 479 b
1 2 4 8 9 17 34 68 136 137 171 342 479 b
1 2 4 8 9 17 34 68 136 137 205 274 479 a
1 2 4 8 9 17 34 68 136 137 205 342 479 b
1 2 4 8 9 17 34 68 136 137 274 342 479 b
1 2 4 8 9 17 34 68 136 137 274 411 479 b
1 2 4 8 10 14 15 29 58 116 232 247 479 b
1 2 4 8 10 14 15 29 58 116 232 464 479 b
1 2 4 8 12 14 15 29 58 116 232 247 479 b
1 2 4 8 12 14 15 29 58 116 232 464 479 b
1 2 4 8 16 17 33 50 83 99 198 281 479 b
1 2 4 8 16 17 33 50 83 99 198 396 479 b
1 2 4 8 16 17 33 66 83 99 198 281 479 b
1 2 4 8 16 17 33 66 83 99 198 396 479 b
1 2 4 8 16 17 33 66 83 132 198 281 479 a
1 2 4 8 16 17 33 66 83 132 198 396 479 a
1 2 4 8 16 17 33 66 83 132 215 264 479 a
1 2 4 8 16 17 33 66 83 132 215 347 479 a
1 2 4 8 16 17 33 66 83 132 264 347 479 a
1 2 4 8 16 17 33 66 83 132 264 396 479 a
1 2 4 8 16 17 33 66 83 149 165 314 479 b
1 2 4 8 16 17 33 66 83 149 165 330 479 b
1 2 4 8 16 17 33 66 99 132 231 248 479 b
1 2 4 8 16 17 33 66 99 132 231 462 479 b
1 2 4 8 16 17 33 66 99 165 231 248 479 b
1 2 4 8 16 17 33 66 99 165 231 462 479 b
1 2 4 8 16 17 33 66 99 198 215 264 479 a
1 2 4 8 16 17 33 66 99 198 215 281 479 b
1 2 4 8 16 17 33 66 99 198 215 413 479 b
1 2 4 8 16 17 33 66 99 198 231 248 479 b
1 2 4 8 16 17 33 66 99 198 231 462 479 b
1 2 4 8 16 17 33 66 99 198 264 281 479 b
1 2 4 8 16 17 33 66 99 198 264 462 479 b
1 2 4 8 16 17 33 66 99 198 396 413 479 b
1 2 4 8 16 17 33 66 99 198 396 462 479 b
1 2 4 8 16 17 33 66 132 149 165 314 479 b
1 2 4 8 16 17 33 66 132 149 165 330 479 b
1 2 4 8 16 17 33 66 132 149 198 281 479 a
1 2 4 8 16 17 33 66 132 149 198 330 479 a
1 2 4 8 16 17 33 66 132 149 198 347 479 a
1 2 4 8 16 17 33 66 132 149 215 264 479 a
1 2 4 8 16 17 33 66 132 149 215 347 479 b
1 2 4 8 16 17 33 66 132 149 264 330 479 a
1 2 4 8 16 17 33 66 132 149 264 413 479 a
1 2 4 8 16 17 33 66 132 149 281 347 479 b
1 2 4 8 16 17 33 66 132 149 281 413 479 b
1 2 4 8 16 17 33 66 132 165 182 297 479 a
1 2 4 8 16 17 33 66 132 165 182 314 479 b
1 2 4 8 16 17 33 66 132 165 182 347 479 b
1 2 4 8 16 17 33 66 132 165 231 248 479 b
1 2 4 8 16 17 33 66 132 165 231 462 479 b
1 2 4 8 16 17 33 66 132 165 297 314 479 b
1 2 4 8 16 17 33 66 132 165 297 462 479 b
1 2 4 8 16 17 33 66 132 165 330 347 479 b
1 2 4 8 16 17 33 66 132 165 330 462 479 b
1 2 4 8 16 17 33 66 132 198 215 264 479 a
1 2 4 8 16 17 33 66 132 198 215 281 479 b
1 2 4 8 16 17 33 66 132 198 215 347 479 b
1 2 4 8 16 17 33 66 132 198 215 413 479 b
1 2 4 8 16 17 33 66 132 198 231 248 479 b
1 2 4 8 16 17 33 66 132 198 231 462 479 b
1 2 4 8 16 17 33 66 132 198 264 281 479 b
1 2 4 8 16 17 33 66 132 198 264 462 479 b
1 2 4 8 16 17 33 66 132 198 330 347 479 b
1 2 4 8 16 17 33 66 132 198 330 462 479 b
1 2 4 8 16 17 33 66 132 198 396 413 479 b
1 2 4 8 16 17 33 66 132 198 396 462 479 b
1 2 4 8 16 17 33 66 132 264 281 347 479 b
1 2 4 8 16 17 33 66 132 264 281 413 479 b
1 2 4 8 16 17 33 66 132 264 330 347 479 b
1 2 4 8 16 17 33 66 132 264 330 462 479 b
1 2 4 8 16 17 33 66 132 264 396 413 479 b
1 2 4 8 16 17 33 66 132 264 396 462 479 b
1 2 4 8 16 17 34 51 55 106 212 267 479 b
1 2 4 8 16 17 34 51 55 106 212 424 479 b
1 2 4 8 16 17 34 68 69 136 205 274 479 a
1 2 4 8 16 17 34 68 69 136 205 410 479 a
1 2 4 8 16 17 34 68 69 137 171 308 479 b
1 2 4 8 16 17 34 68 69 137 171 342 479 b
1 2 4 8 16 17 34 68 69 137 205 274 479 b
1 2 4 8 16 17 34 68 69 137 205 342 479 b
1 2 4 8 16 17 34 68 69 137 205 410 479 b
1 2 4 8 16 17 34 68 69 137 274 342 479 b
1 2 4 8 16 17 34 68 69 137 274 411 479 b
1 2 4 8 16 17 34 68 136 137 171 308 479 b
1 2 4 8 16 17 34 68 136 137 171 342 479 b
1 2 4 8 16 17 34 68 136 137 205 274 479 a
1 2 4 8 16 17 34 68 136 137 205 342 479 b
1 2 4 8 16 17 34 68 136 137 274 342 479 b
1 2 4 8 16 17 34 68 136 137 274 411 479 b
1 2 4 8 16 18 34 68 69 136 205 274 479 a
1 2 4 8 16 18 34 68 69 136 205 410 479 a
1 2 4 8 16 18 34 68 69 137 171 308 479 b
1 2 4 8 16 18 34 68 69 137 171 342 479 b
1 2 4 8 16 18 34 68 69 137 205 274 479 b
1 2 4 8 16 18 34 68 69 137 205 342 479 b
1 2 4 8 16 18 34 68 69 137 205 410 479 b
1 2 4 8 16 18 34 68 69 137 274 342 479 b
1 2 4 8 16 18 34 68 69 137 274 411 479 b
1 2 4 8 16 18 34 68 136 137 171 308 479 b
1 2 4 8 16 18 34 68 136 137 171 342 479 b
1 2 4 8 16 18 34 68 136 137 205 274 479 a
1 2 4 8 16 18 34 68 136 137 205 342 479 b
1 2 4 8 16 18 34 68 136 137 274 342 479 b
1 2 4 8 16 18 34 68 136 137 274 411 479 b
1 2 4 8 16 32 33 41 73 146 187 292 479 a
1 2 4 8 16 32 33 41 73 146 187 333 479 b
1 2 4 8 16 32 33 41 73 146 219 260 479 b
1 2 4 8 16 32 33 41 73 146 219 438 479 b
1 2 4 8 16 32 33 41 73 146 292 333 479 b
1 2 4 8 16 32 33 41 73 146 292 438 479 b
1 2 4 8 16 32 33 65 69 138 203 276 479 a
1 2 4 8 16 32 33 65 69 138 203 341 479 b
1 2 4 8 16 32 33 65 69 138 207 272 479 b
1 2 4 8 16 32 33 65 69 138 207 414 479 b
1 2 4 8 16 32 33 65 69 138 276 341 479 b
1 2 4 8 16 32 33 65 69 138 276 414 479 b
1 2 4 8 16 32 33 65 73 130 203 276 479 a
1 2 4 8 16 32 33 65 73 130 203 406 479 a
1 2 4 8 16 32 33 65 73 138 203 276 479 b
1 2 4 8 16 32 33 65 73 138 203 341 479 b
1 2 4 8 16 32 33 65 73 138 203 406 479 b
1 2 4 8 16 32 33 65 73 138 276 341 479 b
1 2 4 8 16 32 33 65 73 138 276 414 479 b
1 2 4 8 16 32 33 65 130 138 203 276 479 a
1 2 4 8 16 32 33 65 130 138 203 341 479 b
1 2 4 8 16 32 33 65 130 138 276 341 479 b
1 2 4 8 16 32 33 65 130 138 276 414 479 b
1 2 4 8 16 32 34 68 69 136 205 274 479 a
1 2 4 8 16 32 34 68 69 136 205 410 479 a
1 2 4 8 16 32 34 68 69 137 171 308 479 b
1 2 4 8 16 32 34 68 69 137 171 342 479 b
1 2 4 8 16 32 34 68 69 137 205 274 479 b
1 2 4 8 16 32 34 68 69 137 205 342 479 b
1 2 4 8 16 32 34 68 69 137 205 410 479 b
1 2 4 8 16 32 34 68 69 137 274 342 479 b
1 2 4 8 16 32 34 68 69 137 274 411 479 b
1 2 4 8 16 32 34 68 136 137 171 308 479 b
1 2 4 8 16 32 34 68 136 137 171 342 479 b
1 2 4 8 16 32 34 68 136 137 205 274 479 a
1 2 4 8 16 32 34 68 136 137 205 342 479 b
1 2 4 8 16 32 34 68 136 137 274 342 479 b
1 2 4 8 16 32 34 68 136 137 274 411 479 b
1 2 4 8 16 32 36 68 69 136 205 274 479 a
1 2 4 8 16 32 36 68 69 136 205 410 479 a
1 2 4 8 16 32 36 68 69 137 205 274 479 b
1 2 4 8 16 32 36 68 69 137 205 342 479 b
1 2 4 8 16 32 36 68 69 137 205 410 479 b
1 2 4 8 16 32 36 68 69 137 274 342 479 b
1 2 4 8 16 32 36 68 69 137 274 411 479 b
1 2 4 8 16 32 36 68 136 137 205 274 479 a
1 2 4 8 16 32 36 68 136 137 205 342 479 b
1 2 4 8 16 32 36 68 136 137 274 342 479 b
1 2 4 8 16 32 36 68 136 137 274 411 479 b
1 2 4 8 16 32 40 41 73 146 187 292 479 a
1 2 4 8 16 32 40 41 73 146 187 333 479 b
1 2 4 8 16 32 40 41 73 146 219 260 479 b
1 2 4 8 16 32 40 41 73 146 219 438 479 b
1 2 4 8 16 32 40 41 73 146 292 333 479 b
1 2 4 8 16 32 40 41 73 146 292 438 479 b
1 2 4 8 16 32 64 65 69 138 203 276 479 a
1 2 4 8 16 32 64 65 69 138 203 341 479 b
1 2 4 8 16 32 64 65 69 138 207 272 479 b
1 2 4 8 16 32 64 65 69 138 207 414 479 b
1 2 4 8 16 32 64 65 69 138 276 341 479 b
1 2 4 8 16 32 64 65 69 138 276 414 479 b
1 2 4 8 16 32 64 65 73 130 203 276 479 a
1 2 4 8 16 32 64 65 73 130 203 406 479 a
1 2 4 8 16 32 64 65 73 138 203 276 479 b
1 2 4 8 16 32 64 65 73 138 203 341 479 b
1 2 4 8 16 32 64 65 73 138 203 406 479 b
1 2 4 8 16 32 64 65 73 138 276 341 479 b
1 2 4 8 16 32 64 65 73 138 276 414 479 b
1 2 4 8 16 32 64 65 130 138 203 276 479 a
1 2 4 8 16 32 64 65 130 138 203 341 479 b
1 2 4 8 16 32 64 65 130 138 276 341 479 b
1 2 4 8 16 32 64 65 130 138 276 414 479 b
1 2 4 8 16 32 64 68 69 136 205 274 479 a
1 2 4 8 16 32 64 68 69 136 205 410 479 a
1 2 4 8 16 32 64 68 69 137 205 274 479 b
1 2 4 8 16 32 64 68 69 137 205 342 479 b
1 2 4 8 16 32 64 68 69 137 205 410 479 b
1 2 4 8 16 32 64 68 69 137 274 342 479 b
1 2 4 8 16 32 64 68 69 137 274 411 479 b
1 2 4 8 16 32 64 68 136 137 205 274 479 a
1 2 4 8 16 32 64 68 136 137 205 342 479 b
1 2 4 8 16 32 64 68 136 137 274 342 479 b
1 2 4 8 16 32 64 68 136 137 274 411 479 b
