1 2 3 4 7 14 17 31 62 124 248 251 499 b
1 2 3 4 7 14 17 31 62 124 248 496 499 b
1 2 3 4 7 14 28 31 62 124 248 251 499 b
1 2 3 4 7 14 28 31 62 124 248 496 499 b
1 2 3 4 8 11 19 30 60 120 240 259 499 b
1 2 3 4 8 11 19 30 60 120 240 480 499 b
1 2 3 5 7 12 19 31 62 124 248 251 499 b
1 2 3 5 7 12 19 31 62 124 248 496 499 b
1 2 3 5 7 12 24 31 62 124 248 251 499 b
1 2 3 5 7 12 24 31 62 124 248 496 499 b
1 2 3 5 7 14 17 31 62 124 248 251 499 b
1 2 3 5 7 14 17 31 62 124 248 496 499 b
1 2 3 5 7 14 28 31 62 124 248 251 499 b
1 2 3 5 7 14 28 31 62 124 248 496 499 b
1 2 3 5 8 11 19 30 60 120 240 259 499 b
1 2 3 5 8 11 19 30 60 120 240 480 499 b
1 2 3 5 8 13 18 31 62 124 248 251 499 b
1 2 3 5 8 13 18 31 62 124 248 496 499 b
1 2 3 5 8 13 26 31 62 124 248 251 499 b
1 2 3 5 8 13 26 31 62 124 248 496 499 b
1 2 3 5 10 11 20 31 62 124 248 251 499 a
1 2 3 5 10 11 20 31 62 124 248 496 499 a
1 2 3 5 10 11 21 31 62 124 248 251 499 b
1 2 3 5 10 11 21 31 62 124 248 496 499 b
1 2 3 5 10 13 18 31 62 124 248 251 499 b
1 2 3 5 10 13 18 31 62 124 248 496 499 b
1 2 3 5 10 13 23 46 92 105 197 302 499 b
1 2 3 5 10 13 23 46 92 105 197 394 499 b
1 2 3 5 10 13 26 31 62 124 248 251 499 b
1 2 3 5 10 13 26 31 62 124 248 496 499 b
1 2 3 5 10 13 26 36 62 124 248 251 499 b
1 2 3 5 10 13 26 36 62 124 248 496 499 b
1 2 3 5 10 13 26 52 62 124 248 251 499 b
1 2 3 5 10 13 26 52 62 124 248 496 499 b
1 2 3 5 10 15 16 31 62 124 248 251 499 b
1 2 3 5 10 15 16 31 62 124 248 496 499 b
1 2 3 5 10 15 30 31 62 124 248 251 499 b
1 2 3 5 10 15 30 31 62 124 248 496 499 b
1 2 3 5 10 15 30 32 62 124 248 251 499 b
1 2 3 5 10 15 30 32 62 124 248 496 499 b
1 2 3 5 10 15 30 60 61 121 242 257 499 b
1 2 3 5 10 15 30 60 61 121 242 484 499 b
1 2 3 5 10 15 30 60 62 124 248 251 499 b
1 2 3 5 10 15 30 60 62 124 248 496 499 b
1 2 3 5 10 15 30 60 120 121 242 257 499 b
1 2 3 5 10 15 30 60 120 121 242 484 499 b
1 2 3 5 10 15 30 60 120 122 242 257 499 b
1 2 3 5 10 15 30 60 120 122 242 484 499 b
1 2 3 5 10 15 30 60 120 240 242 257 499 b
1 2 3 5 10 15 30 60 120 240 242 484 499 b
1 2 3 5 10 20 21 31 62 124 248 251 499 b
1 2 3 5 10 20 21 31 62 124 248 496 499 b
1 2 3 5 10 20 21 41 62 124 248 251 499 b
1 2 3 5 10 20 21 41 62 124 248 496 499 b
1 2 3 5 10 20 21 42 62 124 248 251 499 b
1 2 3 5 10 20 21 42 62 124 248 496 499 b
1 2 3 5 10 20 22 40 62 124 248 251 499 a
1 2 3 5 10 20 22 40 62 124 248 496 499 a
1 2 3 5 10 20 22 42 62 124 248 251 499 b
1 2 3 5 10 20 22 42 62 124 248 496 499 b
1 2 3 5 10 20 23 43 86 109 195 304 499 b
1 2 3 5 10 20 23 43 86 109 195 390 499 b
1 2 3 5 10 20 30 31 62 124 248 251 499 b
1 2 3 5 10 20 30 31 62 124 248 496 499 b
1 2 3 5 10 20 30 32 62 124 248 251 499 b
1 2 3 5 10 20 30 32 62 124 248 496 499 b
1 2 3 5 10 20 30 60 62 124 248 251 499 b
1 2 3 5 10 20 30 60 62 124 248 496 499 b
1 2 3 5 10 20 40 42 62 124 248 251 499 b
1 2 3 5 10 20 40 42 62 124 248 496 499 b
1 2 3 5 10 20 40 42 82 124 248 251 499 b
1 2 3 5 10 20 40 42 82 124 248 496 499 b
1 2 3 5 10 20 40 42 84 124 248 251 499 b
1 2 3 5 10 20 40 42 84 124 248 496 499 b
1 2 3 5 10 20 40 43 83 166 167 332 499 a
1 2 3 5 10 20 40 43 83 166 167 333 499 b
1 2 3 5 10 20 40 43 83 166 249 250 499 b
1 2 3 5 10 20 40 43 83 166 249 498 499 b
1 2 3 5 10 20 40 43 83 166 332 333 499 b
1 2 3 5 10 20 40 43 83 166 332 498 499 b
1 2 3 5 10 20 40 60 62 124 248 251 499 b
1 2 3 5 10 20 40 60 62 124 248 496 499 b
1 2 3 5 10 20 40 80 83 163 168 331 499 b
1 2 3 5 10 20 40 80 83 163 168 336 499 b
1 2 3 5 10 20 40 80 83 163 173 326 499 a
1 2 3 5 10 20 40 80 83 163 173 336 499 b
1 2 3 5 10 20 40 80 83 163 326 336 499 b
1 2 3 5 10 20 40 80 83 163 326 489 499 b
1 2 3 5 10 20 40 80 83 166 167 332 499 a
1 2 3 5 10 20 40 80 83 166 167 333 499 b
1 2 3 5 10 20 40 80 83 166 249 250 499 b
1 2 3 5 10 20 40 80 83 166 249 498 499 b
1 2 3 5 10 20 40 80 83 166 332 333 499 b
1 2 3 5 10 20 40 80 83 166 332 498 499 b
1 2 3 5 10 20 40 80 85 165 167 332 499 b
1 2 3 5 10 20 40 80 85 165 167 334 499 b
1 2 3 5 10 20 40 80 160 163 168 331 499 b
1 2 3 5 10 20 40 80 160 163 168 336 499 b
1 2 3 5 10 20 40 80 160 163 173 326 499 a
1 2 3 5 10 20 40 80 160 163 173 336 499 b
1 2 3 5 10 20 40 80 160 163 326 336 499 b
1 2 3 5 10 20 40 80 160 163 326 489 499 b
1 2 3 5 10 20 40 80 160 165 167 332 499 b
1 2 3 5 10 20 40 80 160 165 167 334 499 b
1 2 3 6 7 12 19 31 62 124 248 251 499 a
1 2 3 6 7 12 19 31 62 124 248 496 499 a
1 2 3 6 7 12 24 31 62 124 248 251 499 a
1 2 3 6 7 12 24 31 62 124 248 496 499 a
1 2 3 6 7 14 17 31 62 124 248 251 499 b
1 2 3 6 7 14 17 31 62 124 248 496 499 b
1 2 3 6 7 14 28 31 62 124 248 251 499 b
1 2 3 6 7 14 28 31 62 124 248 496 499 b
1 2 3 6 7 14 28 34 62 124 248 251 499 b
1 2 3 6 7 14 28 34 62 124 248 496 499 b
1 2 3 6 7 14 28 56 62 124 248 251 499 b
1 2 3 6 7 14 28 56 62 124 248 496 499 b
1 2 3 6 8 11 19 30 60 120 240 259 499 b
1 2 3 6 8 11 19 30 60 120 240 480 499 b
1 2 3 6 8 14 17 31 62 124 248 251 499 b
1 2 3 6 8 14 17 31 62 124 248 496 499 b
1 2 3 6 8 14 28 31 62 124 248 251 499 b
1 2 3 6 8 14 28 31 62 124 248 496 499 b
1 2 3 6 8 14 28 34 62 124 248 251 499 b
1 2 3 6 8 14 28 34 62 124 248 496 499 b
1 2 3 6 8 14 28 56 62 124 248 251 499 b
1 2 3 6 8 14 28 56 62 124 248 496 499 b
1 2 3 6 9 11 20 31 62 124 248 251 499 b
1 2 3 6 9 11 20 31 62 124 248 496 499 b
1 2 3 6 9 11 22 31 62 124 248 251 499 b
1 2 3 6 9 11 22 31 62 124 248 496 499 b
1 2 3 6 9 15 16 31 62 124 248 251 499 b
1 2 3 6 9 15 16 31 62 124 248 496 499 b
1 2 3 6 9 15 30 31 62 124 248 251 499 b
1 2 3 6 9 15 30 31 62 124 248 496 499 b
1 2 3 6 9 15 30 32 62 124 248 251 499 b
1 2 3 6 9 15 30 32 62 124 248 496 499 b
1 2 3 6 9 15 30 60 61 121 242 257 499 b
1 2 3 6 9 15 30 60 61 121 242 484 499 b
1 2 3 6 9 15 30 60 62 124 248 251 499 b
1 2 3 6 9 15 30 60 62 124 248 496 499 b
1 2 3 6 9 15 30 60 120 121 242 257 499 b
1 2 3 6 9 15 30 60 120 121 242 484 499 b
1 2 3 6 9 15 30 60 120 122 242 257 499 b
1 2 3 6 9 15 30 60 120 122 242 484 499 b
1 2 3 6 9 15 30 60 120 129 249 250 499 b
1 2 3 6 9 15 30 60 120 129 249 498 499 b
1 2 3 6 9 15 30 60 120 240 242 257 499 b
1 2 3 6 9 15 30 60 120 240 242 484 499 b
1 2 3 6 9 15 30 60 120 240 249 250 499 b
1 2 3 6 9 15 30 60 120 240 249 498 499 b
1 2 3 6 12 13 18 31 62 124 248 251 499 a
1 2 3 6 12 13 18 31 62 124 248 496 499 a
1 2 3 6 12 13 19 31 62 124 248 251 499 b
1 2 3 6 12 13 19 31 62 124 248 496 499 b
1 2 3 6 12 13 25 31 62 124 248 251 499 b
1 2 3 6 12 13 25 31 62 124 248 496 499 b
1 2 3 6 12 13 25 37 62 124 248 251 499 b
1 2 3 6 12 13 25 37 62 124 248 496 499 b
1 2 3 6 12 13 25 50 62 124 248 251 499 b
1 2 3 6 12 13 25 50 62 124 248 496 499 b
1 2 3 6 12 14 17 31 62 124 248 251 499 b
1 2 3 6 12 14 17 31 62 124 248 496 499 b
1 2 3 6 12 14 24 38 62 124 248 251 499 a
1 2 3 6 12 14 24 38 62 124 248 496 499 a
1 2 3 6 12 14 24 48 62 124 248 251 499 a
1 2 3 6 12 14 24 48 62 124 248 496 499 a
1 2 3 6 12 14 28 31 62 124 248 251 499 b
1 2 3 6 12 14 28 31 62 124 248 496 499 b
1 2 3 6 12 14 28 34 62 124 248 251 499 b
1 2 3 6 12 14 28 34 62 124 248 496 499 b
1 2 3 6 12 14 28 56 62 124 248 251 499 b
1 2 3 6 12 14 28 56 62 124 248 496 499 b
1 2 3 6 12 14 28 56 68 124 248 251 499 b
1 2 3 6 12 14 28 56 68 124 248 496 499 b
1 2 3 6 12 14 28 56 112 124 248 251 499 b
1 2 3 6 12 14 28 56 112 124 248 496 499 b
1 2 3 6 12 15 16 31 62 124 248 251 499 b
1 2 3 6 12 15 16 31 62 124 248 496 499 b
1 2 3 6 12 15 30 31 62 124 248 251 499 b
1 2 3 6 12 15 30 31 62 124 248 496 499 b
1 2 3 6 12 15 30 32 62 124 248 251 499 b
1 2 3 6 12 15 30 32 62 124 248 496 499 b
1 2 3 6 12 15 30 60 61 121 242 257 499 b
1 2 3 6 12 15 30 60 61 121 242 484 499 b
1 2 3 6 12 15 30 60 62 124 248 251 499 b
1 2 3 6 12 15 30 60 62 124 248 496 499 b
1 2 3 6 12 15 30 60 120 121 242 257 499 b
1 2 3 6 12 15 30 60 120 121 242 484 499 b
1 2 3 6 12 15 30 60 120 122 242 257 499 b
1 2 3 6 12 15 30 60 120 122 242 484 499 b
1 2 3 6 12 15 30 60 120 240 242 257 499 b
1 2 3 6 12 15 30 60 120 240 242 484 499 b
1 2 3 6 12 18 19 30 60 120 240 259 499 a
1 2 3 6 12 18 19 30 60 120 240 480 499 a
1 2 3 6 12 18 19 31 62 124 248 251 499 b
1 2 3 6 12 18 19 31 62 124 248 496 499 b
1 2 3 6 12 18 30 31 62 124 248 251 499 b
1 2 3 6 12 18 30 31 62 124 248 496 499 b
1 2 3 6 12 18 30 32 62 124 248 251 499 b
1 2 3 6 12 18 30 32 62 124 248 496 499 b
1 2 3 6 12 18 30 60 62 124 248 251 499 b
1 2 3 6 12 18 30 60 62 124 248 496 499 b
1 2 3 6 12 18 30 60 120 240 241 258 499 a
1 2 3 6 12 18 30 60 120 240 241 259 499 b
1 2 3 6 12 18 30 60 120 240 241 481 499 b
1 2 3 6 12 18 30 60 120 240 258 259 499 b
1 2 3 6 12 18 30 60 120 240 258 498 499 b
1 2 3 6 12 18 30 60 120 240 480 481 499 b
1 2 3 6 12 18 30 60 120 240 480 498 499 b
1 2 3 6 12 24 25 31 62 124 248 251 499 b
1 2 3 6 12 24 25 31 62 124 248 496 499 b
1 2 3 6 12 24 25 37 62 124 248 251 499 b
1 2 3 6 12 24 25 37 62 124 248 496 499 b
1 2 3 6 12 24 25 49 98 101 199 300 499 b
1 2 3 6 12 24 25 49 98 101 199 398 499 b
1 2 3 6 12 24 25 50 62 124 248 251 499 b
1 2 3 6 12 24 25 50 62 124 248 496 499 b
1 2 3 6 12 24 25 50 74 124 248 251 499 b
1 2 3 6 12 24 25 50 74 124 248 496 499 b
1 2 3 6 12 24 25 50 100 124 248 251 499 b
1 2 3 6 12 24 25 50 100 124 248 496 499 b
1 2 3 6 12 24 26 36 62 124 248 251 499 a
1 2 3 6 12 24 26 36 62 124 248 496 499 a
1 2 3 6 12 24 26 38 62 124 248 251 499 b
1 2 3 6 12 24 26 38 62 124 248 496 499 b
1 2 3 6 12 24 26 50 62 124 248 251 499 b
1 2 3 6 12 24 26 50 62 124 248 496 499 b
1 2 3 6 12 24 26 50 74 124 248 251 499 b
1 2 3 6 12 24 26 50 74 124 248 496 499 b
1 2 3 6 12 24 26 50 100 124 248 251 499 b
1 2 3 6 12 24 26 50 100 124 248 496 499 b
1 2 3 6 12 24 30 31 62 124 248 251 499 b
1 2 3 6 12 24 30 31 62 124 248 496 499 b
1 2 3 6 12 24 30 32 62 124 248 251 499 b
1 2 3 6 12 24 30 32 62 124 248 496 499 b
1 2 3 6 12 24 30 60 62 124 248 251 499 b
1 2 3 6 12 24 30 60 62 124 248 496 499 b
1 2 3 6 12 24 36 38 62 124 248 251 499 b
1 2 3 6 12 24 36 38 62 124 248 496 499 b
1 2 3 6 12 24 36 60 62 124 248 251 499 b
1 2 3 6 12 24 36 60 62 124 248 496 499 b
1 2 3 6 12 24 48 49 98 101 199 300 499 b
1 2 3 6 12 24 48 49 98 101 199 398 499 b
1 2 3 6 12 24 48 50 62 124 248 251 499 b
1 2 3 6 12 24 48 50 62 124 248 496 499 b
1 2 3 6 12 24 48 50 74 124 248 251 499 b
1 2 3 6 12 24 48 50 74 124 248 496 499 b
1 2 3 6 12 24 48 50 98 101 199 300 499 b
1 2 3 6 12 24 48 50 98 101 199 398 499 b
1 2 3 6 12 24 48 50 100 124 248 251 499 b
1 2 3 6 12 24 48 50 100 124 248 496 499 b
1 2 3 6 12 24 48 50 100 148 248 251 499 b
1 2 3 6 12 24 48 50 100 148 248 496 499 b
1 2 3 6 12 24 48 50 100 200 248 251 499 b
1 2 3 6 12 24 48 50 100 200 248 496 499 b
1 2 3 6 12 24 48 51 99 100 200 299 499 b
1 2 3 6 12 24 48 51 99 100 200 400 499 b
1 2 3 6 12 24 48 51 99 101 200 299 499 b
1 2 3 6 12 24 48 51 99 101 200 400 499 b
1 2 3 6 12 24 48 51 99 150 249 250 499 b
1 2 3 6 12 24 48 51 99 150 249 498 499 b
1 2 3 6 12 24 48 51 99 198 200 299 499 b
1 2 3 6 12 24 48 51 99 198 200 400 499 b
1 2 3 6 12 24 48 51 99 198 249 250 499 b
1 2 3 6 12 24 48 51 99 198 249 498 499 b
1 2 3 6 12 24 48 60 62 124 248 251 499 b
1 2 3 6 12 24 48 60 62 124 248 496 499 b
1 2 3 6 12 24 48 96 98 101 199 300 499 b
1 2 3 6 12 24 48 96 98 101 199 398 499 b
1 2 3 6 12 24 48 96 99 100 200 299 499 b
1 2 3 6 12 24 48 96 99 100 200 400 499 b
1 2 3 6 12 24 48 96 99 101 200 299 499 b
1 2 3 6 12 24 48 96 99 101 200 400 499 b
1 2 3 6 12 24 48 96 99 198 200 299 499 b
1 2 3 6 12 24 48 96 99 198 200 400 499 b
1 2 3 6 12 24 48 96 102 103 198 301 499 a
1 2 3 6 12 24 48 96 102 103 198 396 499 a
1 2 3 6 12 24 48 96 102 198 199 300 499 a
1 2 3 6 12 24 48 96 102 198 199 301 499 b
1 2 3 6 12 24 48 96 102 198 199 397 499 b
1 2 3 6 12 24 48 96 102 198 300 301 499 b
1 2 3 6 12 24 48 96 102 198 300 498 499 b
1 2 3 6 12 24 48 96 102 198 396 397 499 b
1 2 3 6 12 24 48 96 102 198 396 498 499 b
1 2 4 5 9 18 27 32 59 118 236 263 499 b
1 2 4 5 9 18 27 32 59 118 236 472 499 b
1 2 4 5 9 18 27 54 59 118 236 263 499 b
1 2 4 5 9 18 27 54 59 118 236 472 499 b
1 2 4 5 10 15 19 30 60 120 240 259 499 a
1 2 4 5 10 15 19 30 60 120 240 480 499 a
1 2 4 5 10 15 30 60 61 121 242 257 499 b
1 2 4 5 10 15 30 60 61 121 242 484 499 b
1 2 4 5 10 15 30 60 120 121 242 257 499 b
1 2 4 5 10 15 30 60 120 121 242 484 499 b
1 2 4 5 10 15 30 60 120 122 242 257 499 b
1 2 4 5 10 15 30 60 120 122 242 484 499 b
1 2 4 5 10 15 30 60 120 240 242 257 499 b
1 2 4 5 10 15 30 60 120 240 242 484 499 b
1 2 4 5 10 15 30 60 120 240 244 255 499 a
1 2 4 5 10 15 30 60 120 240 244 259 499 b
1 2 4 5 10 15 30 60 120 240 244 484 499 b
1 2 4 5 10 15 30 60 120 240 255 259 499 b
1 2 4 5 10 15 30 60 120 240 255 495 499 b
1 2 4 5 10 15 30 60 120 240 480 484 499 b
1 2 4 5 10 15 30 60 120 240 480 495 499 b
1 2 4 5 10 20 40 80 85 165 167 332 499 b
1 2 4 5 10 20 40 80 85 165 167 334 499 b
1 2 4 5 10 20 40 80 85 165 169 330 499 a
1 2 4 5 10 20 40 80 85 165 169 334 499 b
1 2 4 5 10 20 40 80 85 165 330 334 499 b
1 2 4 5 10 20 40 80 85 165 330 495 499 b
1 2 4 5 10 20 40 80 160 165 167 332 499 b
1 2 4 5 10 20 40 80 160 165 167 334 499 b
1 2 4 5 10 20 40 80 160 165 169 330 499 a
1 2 4 5 10 20 40 80 160 165 169 334 499 b
1 2 4 5 10 20 40 80 160 165 330 334 499 b
1 2 4 5 10 20 40 80 160 165 330 495 499 b
1 2 4 6 10 20 40 80 86 166 167 332 499 a
1 2 4 6 10 20 40 80 86 166 167 333 499 b
1 2 4 6 10 20 40 80 86 166 332 333 499 b
1 2 4 6 10 20 40 80 86 166 332 498 499 b
1 2 4 6 10 20 40 80 160 166 167 332 499 a
1 2 4 6 10 20 40 80 160 166 167 333 499 b
1 2 4 6 10 20 40 80 160 166 332 333 499 b
1 2 4 6 10 20 40 80 160 166 332 498 499 b
1 2 4 6 12 18 19 30 60 120 240 259 499 a
1 2 4 6 12 18 19 30 60 120 240 480 499 a
1 2 4 6 12 18 30 60 120 240 241 258 499 a
1 2 4 6 12 18 30 60 120 240 241 259 499 b
1 2 4 6 12 18 30 60 120 240 241 481 499 b
1 2 4 6 12 18 30 60 120 240 258 259 499 b
1 2 4 6 12 18 30 60 120 240 258 498 499 b
1 2 4 6 12 18 30 60 120 240 480 481 499 b
1 2 4 6 12 18 30 60 120 240 480 498 499 b
1 2 4 6 12 24 48 96 102 103 198 301 499 a
1 2 4 6 12 24 48 96 102 103 198 396 499 a
1 2 4 6 12 24 48 96 102 198 199 300 499 a
1 2 4 6 12 24 48 96 102 198 199 301 499 b
1 2 4 6 12 24 48 96 102 198 199 397 499 b
1 2 4 6 12 24 48 96 102 198 300 301 499 b
1 2 4 6 12 24 48 96 102 198 300 498 499 b
1 2 4 6 12 24 48 96 102 198 396 397 499 b
1 2 4 6 12 24 48 96 102 198 396 498 499 b
1 2 4 8 9 11 19 30 60 120 240 259 499 b
1 2 4 8 9 11 19 30 60 120 240 480 499 b
1 2 4 8 9 17 34 51 59 110 220 279 499 b
1 2 4 8 9 17 34 51 59 110 220 440 499 b
1 2 4 8 10 11 19 30 60 120 240 259 499 b
1 2 4 8 10 11 19 30 60 120 240 480 499 b
1 2 4 8 10 20 40 80 81 161 169 330 499 b
1 2 4 8 10 20 40 80 81 161 169 338 499 b
1 2 4 8 10 20 40 80 160 161 169 330 499 b
1 2 4 8 10 20 40 80 160 161 169 338 499 b
1 2 4 8 12 20 40 80 81 161 169 330 499 b
1 2 4 8 12 20 40 80 81 161 169 338 499 b
1 2 4 8 12 20 40 80 160 161 169 330 499 b
1 2 4 8 12 20 40 80 160 161 169 338 499 b
1 2 4 8 12 24 48 96 97 104 201 298 499 a
1 2 4 8 12 24 48 96 97 104 201 402 499 a
1 2 4 8 12 24 48 96 97 105 201 298 499 b
1 2 4 8 12 24 48 96 97 105 201 402 499 b
1 2 4 8 12 24 48 96 97 193 201 298 499 b
1 2 4 8 12 24 48 96 97 193 201 402 499 b
1 2 4 8 16 17 32 64 81 128 209 290 499 a
1 2 4 8 16 17 32 64 81 128 209 418 499 a
1 2 4 8 16 17 32 64 81 145 177 322 499 a
1 2 4 8 16 17 32 64 81 145 177 354 499 a
1 2 4 8 16 17 32 64 81 145 209 290 499 a
1 2 4 8 16 17 32 64 81 145 209 354 499 a
1 2 4 8 16 17 32 64 81 145 209 418 499 a
1 2 4 8 16 17 32 64 81 145 290 354 499 a
1 2 4 8 16 17 32 64 81 145 290 435 499 a
1 2 4 8 16 17 32 64 128 145 177 322 499 a
1 2 4 8 16 17 32 64 128 145 177 354 499 a
1 2 4 8 16 17 32 64 128 145 209 290 499 a
1 2 4 8 16 17 32 64 128 145 209 354 499 a
1 2 4 8 16 17 32 64 128 145 290 354 499 a
1 2 4 8 16 17 32 64 128 145 290 435 499 a
1 2 4 8 16 17 33 50 83 133 183 316 499 b
1 2 4 8 16 17 33 50 83 133 183 366 499 b
1 2 4 8 16 17 33 50 83 166 167 332 499 a
1 2 4 8 16 17 33 50 83 166 167 333 499 b
1 2 4 8 16 17 33 50 83 166 249 250 499 b
1 2 4 8 16 17 33 50 83 166 249 498 499 b
1 2 4 8 16 17 33 50 83 166 332 333 499 b
1 2 4 8 16 17 33 50 83 166 332 498 499 b
1 2 4 8 16 17 33 50 100 133 183 316 499 b
1 2 4 8 16 17 33 50 100 133 183 366 499 b
1 2 4 8 16 17 33 50 100 133 233 266 499 b
1 2 4 8 16 17 33 50 100 133 233 366 499 b
1 2 4 8 16 17 33 50 100 133 233 466 499 b
1 2 4 8 16 17 33 50 100 133 266 366 499 b
1 2 4 8 16 17 33 50 100 133 266 399 499 b
1 2 4 8 16 17 33 50 100 200 233 266 499 b
1 2 4 8 16 17 33 50 100 200 233 466 499 b
1 2 4 8 16 17 33 66 83 166 167 332 499 a
1 2 4 8 16 17 33 66 83 166 167 333 499 b
1 2 4 8 16 17 33 66 83 166 249 250 499 b
1 2 4 8 16 17 33 66 83 166 249 498 499 b
1 2 4 8 16 17 33 66 83 166 332 333 499 b
1 2 4 8 16 17 33 66 83 166 332 498 499 b
1 2 4 8 16 17 33 66 99 100 200 299 499 b
1 2 4 8 16 17 33 66 99 100 200 400 499 b
1 2 4 8 16 17 33 66 99 101 200 299 499 b
1 2 4 8 16 17 33 66 99 101 200 400 499 b
1 2 4 8 16 17 33 66 99 103 198 301 499 a
1 2 4 8 16 17 33 66 99 103 198 396 499 a
1 2 4 8 16 17 33 66 99 165 167 332 499 b
1 2 4 8 16 17 33 66 99 165 167 334 499 b
1 2 4 8 16 17 33 66 99 165 169 330 499 a
1 2 4 8 16 17 33 66 99 165 169 334 499 b
1 2 4 8 16 17 33 66 99 165 330 334 499 b
1 2 4 8 16 17 33 66 99 165 330 495 499 b
1 2 4 8 16 17 33 66 99 198 200 299 499 b
1 2 4 8 16 17 33 66 99 198 200 400 499 b
1 2 4 8 16 17 33 66 99 198 202 297 499 a
1 2 4 8 16 17 33 66 99 198 202 301 499 b
1 2 4 8 16 17 33 66 99 198 202 400 499 b
1 2 4 8 16 17 33 66 99 198 297 301 499 b
1 2 4 8 16 17 33 66 99 198 297 495 499 b
1 2 4 8 16 17 33 66 99 198 396 400 499 b
1 2 4 8 16 17 33 66 99 198 396 495 499 b
1 2 4 8 16 17 33 66 132 165 167 332 499 b
1 2 4 8 16 17 33 66 132 165 167 334 499 b
1 2 4 8 16 17 33 66 132 165 169 330 499 a
1 2 4 8 16 17 33 66 132 165 169 334 499 b
1 2 4 8 16 17 33 66 132 165 330 334 499 b
1 2 4 8 16 17 33 66 132 165 330 495 499 b
1 2 4 8 16 17 34 51 59 110 220 279 499 b
1 2 4 8 16 17 34 51 59 110 220 440 499 b
1 2 4 8 16 20 40 80 81 161 169 330 499 b
1 2 4 8 16 20 40 80 81 161 169 338 499 b
1 2 4 8 16 20 40 80 81 161 177 322 499 a
1 2 4 8 16 20 40 80 81 161 177 338 499 b
1 2 4 8 16 20 40 80 81 161 322 338 499 b
1 2 4 8 16 20 40 80 81 161 322 483 499 b
1 2 4 8 16 20 40 80 160 161 169 330 499 b
1 2 4 8 16 20 40 80 160 161 169 338 499 b
1 2 4 8 16 20 40 80 160 161 177 322 499 a
1 2 4 8 16 20 40 80 160 161 177 338 499 b
1 2 4 8 16 20 40 80 160 161 322 338 499 b
1 2 4 8 16 20 40 80 160 161 322 483 499 b
1 2 4 8 16 24 40 80 81 161 169 330 499 b
1 2 4 8 16 24 40 80 81 161 169 338 499 b
1 2 4 8 16 24 40 80 81 161 177 322 499 a
1 2 4 8 16 24 40 80 81 161 177 338 499 b
1 2 4 8 16 24 40 80 81 161 322 338 499 b
1 2 4 8 16 24 40 80 81 161 322 483 499 b
1 2 4 8 16 24 40 80 160 161 169 330 499 b
1 2 4 8 16 24 40 80 160 161 169 338 499 b
1 2 4 8 16 24 40 80 160 161 177 322 499 a
1 2 4 8 16 24 40 80 160 161 177 338 499 b
1 2 4 8 16 24 40 80 160 161 322 338 499 b
1 2 4 8 16 24 40 80 160 161 322 483 499 b
1 2 4 8 16 24 48 96 97 104 201 298 499 a
1 2 4 8 16 24 48 96 97 104 201 402 499 a
1 2 4 8 16 24 48 96 97 105 201 298 499 b
1 2 4 8 16 24 48 96 97 105 201 402 499 b
1 2 4 8 16 24 48 96 97 113 193 306 499 a
1 2 4 8 16 24 48 96 97 113 193 386 499 a
1 2 4 8 16 24 48 96 97 193 201 298 499 b
1 2 4 8 16 24 48 96 97 193 201 402 499 b
1 2 4 8 16 24 48 96 97 193 209 290 499 a
1 2 4 8 16 24 48 96 97 193 209 306 499 b
1 2 4 8 16 24 48 96 97 193 209 402 499 b
1 2 4 8 16 24 48 96 97 193 290 306 499 b
1 2 4 8 16 24 48 96 97 193 290 483 499 b
1 2 4 8 16 24 48 96 97 193 386 402 499 b
1 2 4 8 16 24 48 96 97 193 386 483 499 b
1 2 4 8 16 32 33 40 80 113 193 306 499 a
1 2 4 8 16 32 33 40 80 113 193 386 499 a
1 2 4 8 16 32 33 48 80 113 193 306 499 a
1 2 4 8 16 32 33 48 80 113 193 386 499 a
1 2 4 8 16 32 33 64 80 113 193 306 499 a
1 2 4 8 16 32 33 64 80 113 193 386 499 a
1 2 4 8 16 32 33 64 97 161 169 330 499 a
1 2 4 8 16 32 33 64 97 161 169 338 499 a
1 2 4 8 16 32 33 64 97 161 177 322 499 a
1 2 4 8 16 32 33 64 97 161 177 338 499 a
1 2 4 8 16 32 33 64 97 161 322 338 499 a
1 2 4 8 16 32 33 64 97 161 322 483 499 a
1 2 4 8 16 32 33 64 128 161 169 330 499 a
1 2 4 8 16 32 33 64 128 161 169 338 499 a
1 2 4 8 16 32 33 64 128 161 177 322 499 a
1 2 4 8 16 32 33 64 128 161 177 338 499 a
1 2 4 8 16 32 33 64 128 161 322 338 499 a
1 2 4 8 16 32 33 64 128 161 322 483 499 a
1 2 4 8 16 32 33 66 99 100 200 299 499 b
1 2 4 8 16 32 33 66 99 100 200 400 499 b
1 2 4 8 16 32 33 66 99 101 200 299 499 b
1 2 4 8 16 32 33 66 99 101 200 400 499 b
1 2 4 8 16 32 33 66 99 103 198 301 499 a
1 2 4 8 16 32 33 66 99 103 198 396 499 a
1 2 4 8 16 32 33 66 99 165 167 332 499 b
1 2 4 8 16 32 33 66 99 165 167 334 499 b
1 2 4 8 16 32 33 66 99 165 169 330 499 a
1 2 4 8 16 32 33 66 99 165 169 334 499 b
1 2 4 8 16 32 33 66 99 165 330 334 499 b
1 2 4 8 16 32 33 66 99 165 330 495 499 b
1 2 4 8 16 32 33 66 99 198 200 299 499 b
1 2 4 8 16 32 33 66 99 198 200 400 499 b
1 2 4 8 16 32 33 66 99 198 202 297 499 a
1 2 4 8 16 32 33 66 99 198 202 301 499 b
1 2 4 8 16 32 33 66 99 198 202 400 499 b
1 2 4 8 16 32 33 66 99 198 297 301 499 b
1 2 4 8 16 32 33 66 99 198 297 495 499 b
1 2 4 8 16 32 33 66 99 198 396 400 499 b
1 2 4 8 16 32 33 66 99 198 396 495 499 b
1 2 4 8 16 32 33 66 132 165 167 332 499 b
1 2 4 8 16 32 33 66 132 165 167 334 499 b
1 2 4 8 16 32 33 66 132 165 169 330 499 a
1 2 4 8 16 32 33 66 132 165 169 334 499 b
1 2 4 8 16 32 33 66 132 165 330 334 499 b
1 2 4 8 16 32 33 66 132 165 330 495 499 b
1 2 4 8 16 32 34 66 100 166 167 332 499 a
1 2 4 8 16 32 34 66 100 166 167 333 499 b
1 2 4 8 16 32 34 66 100 166 332 333 499 b
1 2 4 8 16 32 34 66 100 166 332 498 499 b
1 2 4 8 16 32 34 66 132 166 167 332 499 a
1 2 4 8 16 32 34 66 132 166 167 333 499 b
1 2 4 8 16 32 34 66 132 166 332 333 499 b
1 2 4 8 16 32 34 66 132 166 332 498 499 b
1 2 4 8 16 32 36 72 73 145 177 322 499 b
1 2 4 8 16 32 36 72 73 145 177 354 499 b
1 2 4 8 16 32 36 72 144 145 177 322 499 b
1 2 4 8 16 32 36 72 144 145 177 354 499 b
1 2 4 8 16 32 40 72 73 145 177 322 499 b
1 2 4 8 16 32 40 72 73 145 177 354 499 b
1 2 4 8 16 32 40 72 144 145 177 322 499 b
1 2 4 8 16 32 40 72 144 145 177 354 499 b
1 2 4 8 16 32 40 80 81 113 193 306 499 b
1 2 4 8 16 32 40 80 81 113 193 386 499 b
1 2 4 8 16 32 40 80 81 161 169 330 499 b
1 2 4 8 16 32 40 80 81 161 169 338 499 b
1 2 4 8 16 32 40 80 81 161 177 322 499 a
1 2 4 8 16 32 40 80 81 161 177 338 499 b
1 2 4 8 16 32 40 80 81 161 322 338 499 b
1 2 4 8 16 32 40 80 81 161 322 483 499 b
1 2 4 8 16 32 40 80 112 113 193 306 499 b
1 2 4 8 16 32 40 80 112 113 193 386 499 b
1 2 4 8 16 32 40 80 160 161 169 330 499 b
1 2 4 8 16 32 40 80 160 161 169 338 499 b
1 2 4 8 16 32 40 80 160 161 177 322 499 a
1 2 4 8 16 32 40 80 160 161 177 338 499 b
1 2 4 8 16 32 40 80 160 161 322 338 499 b
1 2 4 8 16 32 40 80 160 161 322 483 499 b
1 2 4 8 16 32 48 49 96 145 177 322 499 a
1 2 4 8 16 32 48 49 96 145 177 354 499 a
1 2 4 8 16 32 48 49 97 145 177 322 499 b
1 2 4 8 16 32 48 49 97 145 177 354 499 b
1 2 4 8 16 32 48 80 81 113 193 306 499 b
1 2 4 8 16 32 48 80 81 113 193 386 499 b
1 2 4 8 16 32 48 80 81 128 209 290 499 a
1 2 4 8 16 32 48 80 81 128 209 418 499 a
1 2 4 8 16 32 48 80 81 129 209 290 499 b
1 2 4 8 16 32 48 80 81 129 209 418 499 b
1 2 4 8 16 32 48 80 81 161 169 330 499 b
1 2 4 8 16 32 48 80 81 161 169 338 499 b
1 2 4 8 16 32 48 80 81 161 177 322 499 a
1 2 4 8 16 32 48 80 81 161 177 338 499 b
1 2 4 8 16 32 48 80 81 161 209 290 499 b
1 2 4 8 16 32 48 80 81 161 209 418 499 b
1 2 4 8 16 32 48 80 81 161 322 338 499 b
1 2 4 8 16 32 48 80 81 161 322 483 499 b
1 2 4 8 16 32 48 80 112 113 193 306 499 b
1 2 4 8 16 32 48 80 112 113 193 386 499 b
1 2 4 8 16 32 48 80 160 161 169 330 499 b
1 2 4 8 16 32 48 80 160 161 169 338 499 b
1 2 4 8 16 32 48 80 160 161 177 322 499 a
1 2 4 8 16 32 48 80 160 161 177 338 499 b
1 2 4 8 16 32 48 80 160 161 322 338 499 b
1 2 4 8 16 32 48 80 160 161 322 483 499 b
1 2 4 8 16 32 48 96 97 104 201 298 499 a
1 2 4 8 16 32 48 96 97 104 201 402 499 a
1 2 4 8 16 32 48 96 97 105 201 298 499 b
1 2 4 8 16 32 48 96 97 105 201 402 499 b
1 2 4 8 16 32 48 96 97 113 193 306 499 a
1 2 4 8 16 32 48 96 97 113 193 386 499 a
1 2 4 8 16 32 48 96 97 145 177 322 499 b
1 2 4 8 16 32 48 96 97 145 177 354 499 b
1 2 4 8 16 32 48 96 97 193 201 298 499 b
1 2 4 8 16 32 48 96 97 193 201 402 499 b
1 2 4 8 16 32 48 96 97 193 209 290 499 a
1 2 4 8 16 32 48 96 97 193 209 306 499 b
1 2 4 8 16 32 48 96 97 193 209 402 499 b
1 2 4 8 16 32 48 96 97 193 290 306 499 b
1 2 4 8 16 32 48 96 97 193 290 483 499 b
1 2 4 8 16 32 48 96 97 193 386 402 499 b
1 2 4 8 16 32 48 96 97 193 386 483 499 b
1 2 4 8 16 32 48 96 144 145 177 322 499 b
1 2 4 8 16 32 48 96 144 145 177 354 499 b
1 2 4 8 16 32 64 65 80 145 177 322 499 a
1 2 4 8 16 32 64 65 80 145 177 354 499 a
1 2 4 8 16 32 64 65 80 145 209 290 499 a
1 2 4 8 16 32 64 65 80 145 209 354 499 a
1 2 4 8 16 32 64 65 80 145 290 354 499 a
1 2 4 8 16 32 64 65 80 145 290 435 499 a
1 2 4 8 16 32 64 65 81 128 209 290 499 a
1 2 4 8 16 32 64 65 81 128 209 418 499 a
1 2 4 8 16 32 64 65 81 145 177 322 499 b
1 2 4 8 16 32 64 65 81 145 177 354 499 b
1 2 4 8 16 32 64 65 81 145 209 290 499 b
1 2 4 8 16 32 64 65 81 145 209 354 499 b
1 2 4 8 16 32 64 65 81 145 209 418 499 b
1 2 4 8 16 32 64 65 81 145 290 354 499 b
1 2 4 8 16 32 64 65 81 145 290 435 499 b
1 2 4 8 16 32 64 65 96 161 169 330 499 a
1 2 4 8 16 32 64 65 96 161 169 338 499 a
1 2 4 8 16 32 64 65 96 161 177 322 499 a
1 2 4 8 16 32 64 65 96 161 177 338 499 a
1 2 4 8 16 32 64 65 96 161 322 338 499 a
1 2 4 8 16 32 64 65 96 161 322 483 499 a
1 2 4 8 16 32 64 65 97 161 169 330 499 b
1 2 4 8 16 32 64 65 97 161 169 338 499 b
1 2 4 8 16 32 64 65 97 161 177 322 499 a
1 2 4 8 16 32 64 65 97 161 177 338 499 b
1 2 4 8 16 32 64 65 97 161 322 338 499 b
1 2 4 8 16 32 64 65 97 161 322 483 499 b
1 2 4 8 16 32 64 65 129 145 177 322 499 b
1 2 4 8 16 32 64 65 129 145 177 354 499 b
1 2 4 8 16 32 64 65 129 145 209 290 499 a
1 2 4 8 16 32 64 65 129 145 209 354 499 b
1 2 4 8 16 32 64 65 129 145 290 354 499 b
1 2 4 8 16 32 64 65 129 145 290 435 499 b
1 2 4 8 16 32 64 65 129 161 169 330 499 b
1 2 4 8 16 32 64 65 129 161 169 338 499 b
1 2 4 8 16 32 64 65 129 161 177 322 499 a
1 2 4 8 16 32 64 65 129 161 177 338 499 b
1 2 4 8 16 32 64 65 129 161 322 338 499 b
1 2 4 8 16 32 64 65 129 161 322 483 499 b
1 2 4 8 16 32 64 72 73 145 177 322 499 b
1 2 4 8 16 32 64 72 73 145 177 354 499 b
1 2 4 8 16 32 64 72 73 145 209 290 499 a
1 2 4 8 16 32 64 72 73 145 209 354 499 b
1 2 4 8 16 32 64 72 73 145 290 354 499 b
1 2 4 8 16 32 64 72 73 145 290 435 499 b
1 2 4 8 16 32 64 72 144 145 177 322 499 b
1 2 4 8 16 32 64 72 144 145 177 354 499 b
1 2 4 8 16 32 64 72 144 145 209 290 499 a
1 2 4 8 16 32 64 72 144 145 209 354 499 b
1 2 4 8 16 32 64 72 144 145 290 354 499 b
1 2 4 8 16 32 64 72 144 145 290 435 499 b
1 2 4 8 16 32 64 80 81 113 193 306 499 b
1 2 4 8 16 32 64 80 81 113 193 386 499 b
1 2 4 8 16 32 64 80 81 128 209 290 499 a
1 2 4 8 16 32 64 80 81 128 209 418 499 a
1 2 4 8 16 32 64 80 81 145 177 322 499 b
1 2 4 8 16 32 64 80 81 145 177 354 499 b
1 2 4 8 16 32 64 80 81 145 209 290 499 b
1 2 4 8 16 32 64 80 81 145 209 354 499 b
1 2 4 8 16 32 64 80 81 145 209 418 499 b
1 2 4 8 16 32 64 80 81 145 290 354 499 b
1 2 4 8 16 32 64 80 81 145 290 435 499 b
1 2 4 8 16 32 64 80 81 161 169 330 499 b
1 2 4 8 16 32 64 80 81 161 169 338 499 b
1 2 4 8 16 32 64 80 81 161 177 322 499 a
1 2 4 8 16 32 64 80 81 161 177 338 499 b
1 2 4 8 16 32 64 80 81 161 322 338 499 b
1 2 4 8 16 32 64 80 81 161 322 483 499 b
1 2 4 8 16 32 64 80 112 113 193 306 499 b
1 2 4 8 16 32 64 80 112 113 193 386 499 b
1 2 4 8 16 32 64 80 144 145 177 322 499 b
1 2 4 8 16 32 64 80 144 145 177 354 499 b
1 2 4 8 16 32 64 80 144 145 209 290 499 a
1 2 4 8 16 32 64 80 144 145 209 354 499 b
1 2 4 8 16 32 64 80 144 145 290 354 499 b
1 2 4 8 16 32 64 80 144 145 290 435 499 b
1 2 4 8 16 32 64 80 160 161 169 330 499 b
1 2 4 8 16 32 64 80 160 161 169 338 499 b
1 2 4 8 16 32 64 80 160 161 177 322 499 a
1 2 4 8 16 32 64 80 160 161 177 338 499 b
1 2 4 8 16 32 64 80 160 161 322 338 499 b
1 2 4 8 16 32 64 80 160 161 322 483 499 b
1 2 4 8 16 32 64 96 97 104 201 298 499 a
1 2 4 8 16 32 64 96 97 104 201 402 499 a
1 2 4 8 16 32 64 96 97 105 201 298 499 b
1 2 4 8 16 32 64 96 97 105 201 402 499 b
1 2 4 8 16 32 64 96 97 113 193 306 499 a
1 2 4 8 16 32 64 96 97 113 193 386 499 a
1 2 4 8 16 32 64 96 97 161 169 330 499 b
1 2 4 8 16 32 64 96 97 161 169 338 499 b
1 2 4 8 16 32 64 96 97 161 177 322 499 a
1 2 4 8 16 32 64 96 97 161 177 338 499 b
1 2 4 8 16 32 64 96 97 161 322 338 499 b
1 2 4 8 16 32 64 96 97 161 322 483 499 b
1 2 4 8 16 32 64 96 97 193 201 298 499 b
1 2 4 8 16 32 64 96 97 193 201 402 499 b
1 2 4 8 16 32 64 96 97 193 209 290 499 a
1 2 4 8 16 32 64 96 97 193 209 306 499 b
1 2 4 8 16 32 64 96 97 193 209 402 499 b
1 2 4 8 16 32 64 96 97 193 290 306 499 b
1 2 4 8 16 32 64 96 97 193 290 483 499 b
1 2 4 8 16 32 64 96 97 193 386 402 499 b
1 2 4 8 16 32 64 96 97 193 386 483 499 b
1 2 4 8 16 32 64 96 160 161 169 330 499 b
1 2 4 8 16 32 64 96 160 161 169 338 499 b
1 2 4 8 16 32 64 96 160 161 177 322 499 a
1 2 4 8 16 32 64 96 160 161 177 338 499 b
1 2 4 8 16 32 64 96 160 161 322 338 499 b
1 2 4 8 16 32 64 96 160 161 322 483 499 b
1 2 4 8 16 32 64 128 129 145 177 322 499 b
1 2 4 8 16 32 64 128 129 145 177 354 499 b
1 2 4 8 16 32 64 128 129 145 209 290 499 a
1 2 4 8 16 32 64 128 129 145 209 354 499 b
1 2 4 8 16 32 64 128 129 145 290 354 499 b
1 2 4 8 16 32 64 128 129 145 290 435 499 b
1 2 4 8 16 32 64 128 129 161 169 330 499 b
1 2 4 8 16 32 64 128 129 161 169 338 499 b
1 2 4 8 16 32 64 128 129 161 177 322 499 a
1 2 4 8 16 32 64 128 129 161 177 338 499 b
1 2 4 8 16 32 64 128 129 161 322 338 499 b
1 2 4 8 16 32 64 128 129 161 322 483 499 b
1 2 4 8 16 32 64 128 144 145 177 322 499 b
1 2 4 8 16 32 64 128 144 145 177 354 499 b
1 2 4 8 16 32 64 128 144 145 209 290 499 a
1 2 4 8 16 32 64 128 144 145 209 354 499 b
1 2 4 8 16 32 64 128 144 145 290 354 499 b
1 2 4 8 16 32 64 128 144 145 290 435 499 b
1 2 4 8 16 32 64 128 160 161 169 330 499 b
1 2 4 8 16 32 64 128 160 161 169 338 499 b
1 2 4 8 16 32 64 128 160 161 177 322 499 a
1 2 4 8 16 32 64 128 160 161 177 338 499 b
1 2 4 8 16 32 64 128 160 161 322 338 499 b
1 2 4 8 16 32 64 128 160 161 322 483 499 b
