1 2 3 5 10 15 25 50 100 200 215 415 b
1 2 3 5 10 15 25 50 100 200 400 415 b
1 2 3 5 10 20 40 43 83 166 249 415 b
1 2 3 5 10 20 40 43 83 166 332 415 b
1 2 3 5 10 20 40 80 83 166 249 415 b
1 2 3 5 10 20 40 80 83 166 332 415 b
1 2 3 5 10 20 40 80 85 165 250 415 b
1 2 3 5 10 20 40 80 85 165 330 415 b
1 2 4 5 10 15 25 50 100 200 215 415 b
1 2 4 5 10 15 25 50 100 200 400 415 b
1 2 4 5 10 20 40 80 85 165 250 415 b
1 2 4 5 10 20 40 80 85 165 330 415 b
1 2 4 8 16 17 33 50 83 166 249 415 b
1 2 4 8 16 17 33 50 83 166 332 415 b
1 2 4 8 16 17 33 66 83 166 249 415 b
1 2 4 8 16 17 33 66 83 166 332 415 b
