1 2 3 5 8 16 32 37 69 138 207 414 b
1 2 3 5 8 16 32 37 69 138 276 414 b
1 2 3 5 8 16 32 64 69 138 207 414 b
1 2 3 5 8 16 32 64 69 138 276 414 b
1 2 3 5 10 13 23 46 69 138 207 414 b
1 2 3 5 10 13 23 46 69 138 276 414 b
1 2 3 5 10 13 23 46 92 115 207 414 b
1 2 3 5 10 13 23 46 92 138 276 414 b
1 2 3 5 10 13 23 46 92 184 207 414 b
1 2 3 5 10 13 23 46 92 184 230 414 b
1 2 3 5 10 13 23 46 92 184 368 414 b
1 2 3 5 10 20 23 46 69 138 207 414 b
1 2 3 5 10 20 23 46 69 138 276 414 b
1 2 3 5 10 20 23 46 92 115 207 414 b
1 2 3 5 10 20 23 46 92 138 276 414 b
1 2 3 5 10 20 23 46 92 184 207 414 b
1 2 3 5 10 20 23 46 92 184 230 414 b
1 2 3 5 10 20 23 46 92 184 368 414 b
1 2 3 6 9 15 24 48 96 111 207 414 b
1 2 3 6 9 15 24 48 96 192 207 414 b
1 2 3 6 9 15 30 39 69 138 207 414 b
1 2 3 6 9 15 30 39 69 138 276 414 b
1 2 3 6 9 15 30 60 69 138 207 414 b
1 2 3 6 9 15 30 60 69 138 276 414 b
1 2 3 6 9 18 27 45 90 117 207 414 b
1 2 3 6 9 18 27 45 90 180 207 414 b
1 2 3 6 9 18 36 45 81 126 207 414 b
1 2 3 6 9 18 36 45 81 162 207 414 b
1 2 3 6 9 18 36 54 90 180 234 414 b
1 2 3 6 9 18 36 54 90 180 360 414 b
1 2 3 6 9 18 36 72 90 162 252 414 b
1 2 3 6 9 18 36 72 90 162 324 414 b
1 2 3 6 12 15 24 48 96 111 207 414 a
1 2 3 6 12 15 24 48 96 192 207 414 a
1 2 3 6 12 15 27 42 69 138 207 414 b
1 2 3 6 12 15 27 42 69 138 276 414 b
1 2 3 6 12 15 27 54 69 138 207 414 b
1 2 3 6 12 15 27 54 69 138 276 414 b
1 2 3 6 12 18 30 48 96 192 222 414 b
1 2 3 6 12 18 30 48 96 192 384 414 b
1 2 3 6 12 18 30 60 78 138 276 414 b
1 2 3 6 12 18 30 60 120 138 276 414 b
1 2 3 6 12 18 36 54 90 180 234 414 b
1 2 3 6 12 18 36 54 90 180 360 414 b
1 2 3 6 12 18 36 72 90 162 252 414 b
1 2 3 6 12 18 36 72 90 162 324 414 b
1 2 3 6 12 24 27 51 78 129 207 414 b
1 2 3 6 12 24 27 51 78 156 207 414 b
1 2 3 6 12 24 27 51 102 105 207 414 b
1 2 3 6 12 24 27 51 102 204 207 414 b
1 2 3 6 12 24 27 51 102 204 210 414 b
1 2 3 6 12 24 27 51 102 204 408 414 b
1 2 3 6 12 24 30 48 96 192 222 414 a
1 2 3 6 12 24 30 48 96 192 384 414 a
1 2 3 6 12 24 30 54 84 138 276 414 b
1 2 3 6 12 24 30 54 108 138 276 414 b
1 2 3 6 12 24 48 51 102 105 207 414 b
1 2 3 6 12 24 48 51 102 204 207 414 b
1 2 3 6 12 24 48 51 102 204 210 414 b
1 2 3 6 12 24 48 51 102 204 408 414 b
1 2 3 6 12 24 48 54 102 105 207 414 b
1 2 3 6 12 24 48 54 102 156 258 414 b
1 2 3 6 12 24 48 54 102 156 312 414 b
1 2 3 6 12 24 48 54 102 204 207 414 b
1 2 3 6 12 24 48 54 102 204 210 414 b
1 2 3 6 12 24 48 54 102 204 408 414 b
1 2 3 6 12 24 48 96 99 108 207 414 a
1 2 3 6 12 24 48 96 99 111 207 414 b
1 2 3 6 12 24 48 96 99 195 207 414 b
1 2 3 6 12 24 48 96 99 195 219 414 b
1 2 3 6 12 24 48 96 99 195 390 414 b
1 2 3 6 12 24 48 96 102 105 207 414 b
1 2 3 6 12 24 48 96 102 204 207 414 b
1 2 3 6 12 24 48 96 102 204 210 414 b
1 2 3 6 12 24 48 96 102 204 408 414 b
1 2 3 6 12 24 48 96 108 111 207 414 b
1 2 3 6 12 24 48 96 108 204 207 414 b
1 2 3 6 12 24 48 96 108 204 210 414 b
1 2 3 6 12 24 48 96 108 204 408 414 b
1 2 3 6 12 24 48 96 192 195 207 414 b
1 2 3 6 12 24 48 96 192 195 219 414 b
1 2 3 6 12 24 48 96 192 195 390 414 b
1 2 3 6 12 24 48 96 192 198 216 414 a
1 2 3 6 12 24 48 96 192 198 222 414 b
1 2 3 6 12 24 48 96 192 198 390 414 b
1 2 3 6 12 24 48 96 192 204 207 414 b
1 2 3 6 12 24 48 96 192 204 210 414 b
1 2 3 6 12 24 48 96 192 204 408 414 b
1 2 3 6 12 24 48 96 192 216 222 414 b
1 2 3 6 12 24 48 96 192 216 408 414 b
1 2 3 6 12 24 48 96 192 384 390 414 b
1 2 3 6 12 24 48 96 192 384 408 414 b
1 2 4 5 8 16 32 37 69 138 207 414 a
1 2 4 5 8 16 32 37 69 138 276 414 a
1 2 4 5 8 16 32 64 69 138 207 414 a
1 2 4 5 8 16 32 64 69 138 276 414 a
1 2 4 5 9 14 23 46 69 138 207 414 b
1 2 4 5 9 14 23 46 69 138 276 414 b
1 2 4 5 9 14 23 46 92 115 207 414 b
1 2 4 5 9 14 23 46 92 138 276 414 b
1 2 4 5 9 14 23 46 92 184 207 414 b
1 2 4 5 9 14 23 46 92 184 230 414 b
1 2 4 5 9 14 23 46 92 184 368 414 b
1 2 4 5 9 18 23 46 69 138 207 414 b
1 2 4 5 9 18 23 46 69 138 276 414 b
1 2 4 5 9 18 23 46 92 115 207 414 b
1 2 4 5 9 18 23 46 92 138 276 414 b
1 2 4 5 9 18 23 46 92 184 207 414 b
1 2 4 5 9 18 23 46 92 184 230 414 b
1 2 4 5 9 18 23 46 92 184 368 414 b
1 2 4 5 9 18 27 45 90 117 207 414 b
1 2 4 5 9 18 27 45 90 180 207 414 b
1 2 4 5 9 18 36 45 81 126 207 414 b
1 2 4 5 9 18 36 45 81 162 207 414 b
1 2 4 5 9 18 36 54 90 180 234 414 b
1 2 4 5 9 18 36 54 90 180 360 414 b
1 2 4 5 9 18 36 72 90 162 252 414 b
1 2 4 5 9 18 36 72 90 162 324 414 b
1 2 4 6 10 16 32 64 74 138 276 414 b
1 2 4 6 10 16 32 64 128 138 276 414 b
1 2 4 6 10 20 26 46 92 138 276 414 b
1 2 4 6 10 20 26 46 92 184 230 414 b
1 2 4 6 10 20 26 46 92 184 368 414 b
1 2 4 6 10 20 40 46 92 138 276 414 b
1 2 4 6 10 20 40 46 92 184 230 414 b
1 2 4 6 10 20 40 46 92 184 368 414 b
1 2 4 6 12 18 30 48 96 192 222 414 b
1 2 4 6 12 18 30 48 96 192 384 414 b
1 2 4 6 12 18 30 60 78 138 276 414 b
1 2 4 6 12 18 30 60 120 138 276 414 b
1 2 4 6 12 18 36 54 90 180 234 414 b
1 2 4 6 12 18 36 54 90 180 360 414 b
1 2 4 6 12 18 36 72 90 162 252 414 b
1 2 4 6 12 18 36 72 90 162 324 414 b
1 2 4 6 12 24 30 48 96 192 222 414 a
1 2 4 6 12 24 30 48 96 192 384 414 a
1 2 4 6 12 24 30 54 84 138 276 414 b
1 2 4 6 12 24 30 54 108 138 276 414 b
1 2 4 6 12 24 48 54 102 156 258 414 b
1 2 4 6 12 24 48 54 102 156 312 414 b
1 2 4 6 12 24 48 54 102 204 210 414 b
1 2 4 6 12 24 48 54 102 204 408 414 b
1 2 4 6 12 24 48 96 102 204 210 414 b
1 2 4 6 12 24 48 96 102 204 408 414 b
1 2 4 6 12 24 48 96 108 204 210 414 b
1 2 4 6 12 24 48 96 108 204 408 414 b
1 2 4 6 12 24 48 96 192 198 216 414 a
1 2 4 6 12 24 48 96 192 198 222 414 b
1 2 4 6 12 24 48 96 192 198 390 414 b
1 2 4 6 12 24 48 96 192 204 210 414 b
1 2 4 6 12 24 48 96 192 204 408 414 b
1 2 4 6 12 24 48 96 192 216 222 414 b
1 2 4 6 12 24 48 96 192 216 408 414 b
1 2 4 6 12 24 48 96 192 384 390 414 b
1 2 4 6 12 24 48 96 192 384 408 414 b
1 2 4 8 9 17 26 43 69 138 207 414 b
1 2 4 8 9 17 26 43 69 138 276 414 b
1 2 4 8 9 17 26 52 69 138 207 414 b
1 2 4 8 9 17 26 52 69 138 276 414 b
1 2 4 8 9 17 34 35 69 138 207 414 b
1 2 4 8 9 17 34 35 69 138 276 414 b
1 2 4 8 9 17 34 68 69 138 207 414 b
1 2 4 8 9 17 34 68 69 138 276 414 b
1 2 4 8 9 17 34 68 70 138 276 414 b
1 2 4 8 9 17 34 68 136 138 276 414 b
1 2 4 8 9 18 27 45 90 117 207 414 b
1 2 4 8 9 18 27 45 90 180 207 414 b
1 2 4 8 9 18 36 45 81 126 207 414 b
1 2 4 8 9 18 36 45 81 162 207 414 b
1 2 4 8 9 18 36 54 90 180 234 414 b
1 2 4 8 9 18 36 54 90 180 360 414 b
1 2 4 8 9 18 36 72 90 162 252 414 b
1 2 4 8 9 18 36 72 90 162 324 414 b
1 2 4 8 10 16 32 64 74 138 276 414 a
1 2 4 8 10 16 32 64 128 138 276 414 a
1 2 4 8 10 18 28 46 92 138 276 414 b
1 2 4 8 10 18 28 46 92 184 230 414 b
1 2 4 8 10 18 28 46 92 184 368 414 b
1 2 4 8 10 18 36 46 92 138 276 414 b
1 2 4 8 10 18 36 46 92 184 230 414 b
1 2 4 8 10 18 36 46 92 184 368 414 b
1 2 4 8 10 18 36 54 90 180 234 414 b
1 2 4 8 10 18 36 54 90 180 360 414 b
1 2 4 8 10 18 36 72 90 162 252 414 b
1 2 4 8 10 18 36 72 90 162 324 414 b
1 2 4 8 16 17 34 35 69 138 207 414 b
1 2 4 8 16 17 34 35 69 138 276 414 b
1 2 4 8 16 17 34 68 69 138 207 414 b
1 2 4 8 16 17 34 68 69 138 276 414 b
1 2 4 8 16 17 34 68 70 138 276 414 b
1 2 4 8 16 17 34 68 136 138 276 414 b
1 2 4 8 16 18 34 35 69 138 207 414 b
1 2 4 8 16 18 34 35 69 138 276 414 b
1 2 4 8 16 18 34 52 86 138 276 414 b
1 2 4 8 16 18 34 52 104 138 276 414 b
1 2 4 8 16 18 34 68 69 138 207 414 b
1 2 4 8 16 18 34 68 69 138 276 414 b
1 2 4 8 16 18 34 68 70 138 276 414 b
1 2 4 8 16 18 34 68 136 138 276 414 b
1 2 4 8 16 18 36 54 90 180 234 414 b
1 2 4 8 16 18 36 54 90 180 360 414 b
1 2 4 8 16 18 36 72 90 162 252 414 b
1 2 4 8 16 18 36 72 90 162 324 414 b
1 2 4 8 16 32 33 36 69 138 207 414 a
1 2 4 8 16 32 33 36 69 138 276 414 a
1 2 4 8 16 32 33 37 69 138 207 414 b
1 2 4 8 16 32 33 37 69 138 276 414 b
1 2 4 8 16 32 33 65 69 138 207 414 b
1 2 4 8 16 32 33 65 69 138 276 414 b
1 2 4 8 16 32 33 65 73 138 276 414 b
1 2 4 8 16 32 33 65 130 138 276 414 b
1 2 4 8 16 32 34 35 69 138 207 414 b
1 2 4 8 16 32 34 35 69 138 276 414 b
1 2 4 8 16 32 34 68 69 138 207 414 b
1 2 4 8 16 32 34 68 69 138 276 414 b
1 2 4 8 16 32 34 68 70 138 276 414 b
1 2 4 8 16 32 34 68 136 138 276 414 b
1 2 4 8 16 32 36 37 69 138 207 414 b
1 2 4 8 16 32 36 37 69 138 276 414 b
1 2 4 8 16 32 36 68 69 138 207 414 b
1 2 4 8 16 32 36 68 69 138 276 414 b
1 2 4 8 16 32 36 68 70 138 276 414 b
1 2 4 8 16 32 36 68 136 138 276 414 b
1 2 4 8 16 32 64 65 69 138 207 414 b
1 2 4 8 16 32 64 65 69 138 276 414 b
1 2 4 8 16 32 64 65 73 138 276 414 b
1 2 4 8 16 32 64 65 130 138 276 414 b
1 2 4 8 16 32 64 66 72 138 276 414 a
1 2 4 8 16 32 64 66 74 138 276 414 b
1 2 4 8 16 32 64 66 130 138 276 414 b
1 2 4 8 16 32 64 68 69 138 207 414 b
1 2 4 8 16 32 64 68 69 138 276 414 b
1 2 4 8 16 32 64 68 70 138 276 414 b
1 2 4 8 16 32 64 68 136 138 276 414 b
1 2 4 8 16 32 64 72 74 138 276 414 b
1 2 4 8 16 32 64 72 136 138 276 414 b
1 2 4 8 16 32 64 128 130 138 276 414 b
1 2 4 8 16 32 64 128 136 138 276 414 b
