1 2 3 4 7 14 28 56 63 119 238 476 b
1 2 3 4 7 14 28 56 112 119 238 476 b
1 2 3 4 7 14 28 56 112 126 238 476 b
1 2 3 4 7 14 28 56 112 224 238 476 b
1 2 3 4 7 14 28 56 112 224 252 476 b
1 2 3 4 7 14 28 56 112 224 448 476 b
1 2 3 5 7 14 28 56 63 119 238 476 b
1 2 3 5 7 14 28 56 112 119 238 476 b
1 2 3 5 7 14 28 56 112 126 238 476 b
1 2 3 5 7 14 28 56 112 224 238 476 b
1 2 3 5 7 14 28 56 112 224 252 476 b
1 2 3 5 7 14 28 56 112 224 448 476 b
1 2 3 6 7 14 28 56 63 119 238 476 b
1 2 3 6 7 14 28 56 112 119 238 476 b
1 2 3 6 7 14 28 56 112 126 238 476 b
1 2 3 6 7 14 28 56 112 224 238 476 b
1 2 3 6 7 14 28 56 112 224 252 476 b
1 2 3 6 7 14 28 56 112 224 448 476 b
1 2 3 6 8 14 28 56 112 126 238 476 b
1 2 3 6 8 14 28 56 112 224 238 476 b
1 2 3 6 8 14 28 56 112 224 252 476 b
1 2 3 6 8 14 28 56 112 224 448 476 b
1 2 3 6 12 14 28 56 112 126 238 476 b
1 2 3 6 12 14 28 56 112 224 238 476 b
1 2 3 6 12 14 28 56 112 224 252 476 b
1 2 3 6 12 14 28 56 112 224 448 476 b
1 2 4 5 7 14 28 56 63 119 238 476 b
1 2 4 5 7 14 28 56 112 119 238 476 b
1 2 4 5 7 14 28 56 112 126 238 476 b
1 2 4 5 7 14 28 56 112 224 238 476 b
1 2 4 5 7 14 28 56 112 224 252 476 b
1 2 4 5 7 14 28 56 112 224 448 476 b
1 2 4 5 9 14 28 56 112 126 238 476 b
1 2 4 5 9 14 28 56 112 224 238 476 b
1 2 4 5 9 14 28 56 112 224 252 476 b
1 2 4 5 9 14 28 56 112 224 448 476 b
1 2 4 5 10 14 28 56 112 126 238 476 b
1 2 4 5 10 14 28 56 112 224 238 476 b
1 2 4 5 10 14 28 56 112 224 252 476 b
1 2 4 5 10 14 28 56 112 224 448 476 b
1 2 4 6 7 14 28 56 63 119 238 476 b
1 2 4 6 7 14 28 56 112 119 238 476 b
1 2 4 6 7 14 28 56 112 126 238 476 b
1 2 4 6 7 14 28 56 112 224 238 476 b
1 2 4 6 7 14 28 56 112 224 252 476 b
1 2 4 6 7 14 28 56 112 224 448 476 b
1 2 4 6 8 14 28 56 112 126 238 476 b
1 2 4 6 8 14 28 56 112 224 238 476 b
1 2 4 6 8 14 28 56 112 224 252 476 b
1 2 4 6 8 14 28 56 112 224 448 476 b
1 2 4 6 10 14 28 56 112 126 238 476 b
1 2 4 6 10 14 28 56 112 224 238 476 b
1 2 4 6 10 14 28 56 112 224 252 476 b
1 2 4 6 10 14 28 56 112 224 448 476 b
1 2 4 6 12 14 28 56 112 126 238 476 b
1 2 4 6 12 14 28 56 112 224 238 476 b
1 2 4 6 12 14 28 56 112 224 252 476 b
1 2 4 6 12 14 28 56 112 224 448 476 b
1 2 4 6 12 16 28 56 112 224 252 476 b
1 2 4 6 12 16 28 56 112 224 448 476 b
1 2 4 6 12 24 28 56 112 224 252 476 b
1 2 4 6 12 24 28 56 112 224 448 476 b
1 2 4 8 9 17 34 51 68 119 238 476 b
1 2 4 8 9 17 34 51 85 119 238 476 b
1 2 4 8 9 17 34 51 102 119 238 476 b
1 2 4 8 9 17 34 51 102 136 238 476 b
1 2 4 8 9 17 34 51 102 204 238 476 b
1 2 4 8 9 17 34 68 85 119 238 476 b
1 2 4 8 9 17 34 68 85 153 238 476 b
1 2 4 8 9 17 34 68 85 170 238 476 b
1 2 4 8 9 17 34 68 102 119 238 476 b
1 2 4 8 9 17 34 68 102 136 238 476 b
1 2 4 8 9 17 34 68 102 170 238 476 b
1 2 4 8 9 17 34 68 102 204 238 476 b
1 2 4 8 9 17 34 68 102 204 272 476 b
1 2 4 8 9 17 34 68 102 204 408 476 b
1 2 4 8 9 17 34 68 136 170 238 476 b
1 2 4 8 9 17 34 68 136 170 306 476 b
1 2 4 8 9 17 34 68 136 170 340 476 b
1 2 4 8 9 17 34 68 136 204 238 476 b
1 2 4 8 9 17 34 68 136 204 272 476 b
1 2 4 8 9 17 34 68 136 204 340 476 b
1 2 4 8 9 17 34 68 136 204 408 476 b
1 2 4 8 9 17 34 68 136 272 340 476 b
1 2 4 8 9 17 34 68 136 272 408 476 b
1 2 4 8 10 14 28 56 112 126 238 476 b
1 2 4 8 10 14 28 56 112 224 238 476 b
1 2 4 8 10 14 28 56 112 224 252 476 b
1 2 4 8 10 14 28 56 112 224 448 476 b
1 2 4 8 10 18 28 56 112 224 252 476 b
1 2 4 8 10 18 28 56 112 224 448 476 b
1 2 4 8 10 20 28 56 112 224 252 476 b
1 2 4 8 10 20 28 56 112 224 448 476 b
1 2 4 8 12 14 28 56 112 126 238 476 b
1 2 4 8 12 14 28 56 112 224 238 476 b
1 2 4 8 12 14 28 56 112 224 252 476 b
1 2 4 8 12 14 28 56 112 224 448 476 b
1 2 4 8 12 16 28 56 112 224 252 476 b
1 2 4 8 12 16 28 56 112 224 448 476 b
1 2 4 8 12 20 28 56 112 224 252 476 b
1 2 4 8 12 20 28 56 112 224 448 476 b
1 2 4 8 12 24 28 56 112 224 252 476 b
1 2 4 8 12 24 28 56 112 224 448 476 b
1 2 4 8 16 17 34 51 68 119 238 476 b
1 2 4 8 16 17 34 51 85 119 238 476 b
1 2 4 8 16 17 34 51 102 119 238 476 b
1 2 4 8 16 17 34 51 102 136 238 476 b
1 2 4 8 16 17 34 51 102 204 238 476 b
1 2 4 8 16 17 34 68 85 119 238 476 b
1 2 4 8 16 17 34 68 85 153 238 476 b
1 2 4 8 16 17 34 68 85 170 238 476 b
1 2 4 8 16 17 34 68 102 119 238 476 b
1 2 4 8 16 17 34 68 102 136 238 476 b
1 2 4 8 16 17 34 68 102 170 238 476 b
1 2 4 8 16 17 34 68 102 204 238 476 b
1 2 4 8 16 17 34 68 102 204 272 476 b
1 2 4 8 16 17 34 68 102 204 408 476 b
1 2 4 8 16 17 34 68 136 170 238 476 b
1 2 4 8 16 17 34 68 136 170 306 476 b
1 2 4 8 16 17 34 68 136 170 340 476 b
1 2 4 8 16 17 34 68 136 204 238 476 b
1 2 4 8 16 17 34 68 136 204 272 476 b
1 2 4 8 16 17 34 68 136 204 340 476 b
1 2 4 8 16 17 34 68 136 204 408 476 b
1 2 4 8 16 17 34 68 136 272 340 476 b
1 2 4 8 16 17 34 68 136 272 408 476 b
1 2 4 8 16 18 34 68 102 136 238 476 b
1 2 4 8 16 18 34 68 102 170 238 476 b
1 2 4 8 16 18 34 68 102 204 238 476 b
1 2 4 8 16 18 34 68 102 204 272 476 b
1 2 4 8 16 18 34 68 102 204 408 476 b
1 2 4 8 16 18 34 68 136 170 238 476 b
1 2 4 8 16 18 34 68 136 170 306 476 b
1 2 4 8 16 18 34 68 136 170 340 476 b
1 2 4 8 16 18 34 68 136 204 238 476 b
1 2 4 8 16 18 34 68 136 204 272 476 b
1 2 4 8 16 18 34 68 136 204 340 476 b
1 2 4 8 16 18 34 68 136 204 408 476 b
1 2 4 8 16 18 34 68 136 272 340 476 b
1 2 4 8 16 18 34 68 136 272 408 476 b
1 2 4 8 16 20 28 56 112 224 252 476 b
1 2 4 8 16 20 28 56 112 224 448 476 b
1 2 4 8 16 24 28 56 112 224 252 476 b
1 2 4 8 16 24 28 56 112 224 448 476 b
1 2 4 8 16 32 34 68 102 136 238 476 b
1 2 4 8 16 32 34 68 102 170 238 476 b
1 2 4 8 16 32 34 68 102 204 238 476 b
1 2 4 8 16 32 34 68 102 204 272 476 b
1 2 4 8 16 32 34 68 102 204 408 476 b
1 2 4 8 16 32 34 68 136 170 238 476 b
1 2 4 8 16 32 34 68 136 170 306 476 b
1 2 4 8 16 32 34 68 136 170 340 476 b
1 2 4 8 16 32 34 68 136 204 238 476 b
1 2 4 8 16 32 34 68 136 204 272 476 b
1 2 4 8 16 32 34 68 136 204 340 476 b
1 2 4 8 16 32 34 68 136 204 408 476 b
1 2 4 8 16 32 34 68 136 272 340 476 b
1 2 4 8 16 32 34 68 136 272 408 476 b
1 2 4 8 16 32 36 68 136 204 272 476 b
1 2 4 8 16 32 36 68 136 204 340 476 b
1 2 4 8 16 32 36 68 136 204 408 476 b
1 2 4 8 16 32 36 68 136 272 340 476 b
1 2 4 8 16 32 36 68 136 272 408 476 b
1 2 4 8 16 32 64 68 136 204 272 476 b
1 2 4 8 16 32 64 68 136 204 340 476 b
1 2 4 8 16 32 64 68 136 204 408 476 b
1 2 4 8 16 32 64 68 136 272 340 476 b
1 2 4 8 16 32 64 68 136 272 408 476 b
