1 2 3 5 10 15 25 50 100 200 205 405 b
1 2 3 5 10 15 25 50 100 200 400 405 b
1 2 3 5 10 15 30 45 90 135 270 405 b
1 2 3 5 10 15 30 45 90 180 225 405 b
1 2 3 5 10 15 30 45 90 180 360 405 b
1 2 3 5 10 15 30 60 75 135 270 405 b
1 2 3 5 10 15 30 60 120 135 270 405 b
1 2 3 5 10 20 25 45 90 135 270 405 b
1 2 3 5 10 20 25 45 90 180 225 405 b
1 2 3 5 10 20 25 45 90 180 360 405 b
1 2 3 5 10 20 25 50 100 200 205 405 b
1 2 3 5 10 20 25 50 100 200 400 405 b
1 2 3 5 10 20 30 50 100 200 205 405 b
1 2 3 5 10 20 30 50 100 200 400 405 b
1 2 3 5 10 20 40 41 81 162 243 405 b
1 2 3 5 10 20 40 41 81 162 324 405 b
1 2 3 5 10 20 40 45 90 135 270 405 b
1 2 3 5 10 20 40 45 90 180 225 405 b
1 2 3 5 10 20 40 45 90 180 360 405 b
1 2 3 5 10 20 40 50 100 200 205 405 b
1 2 3 5 10 20 40 50 100 200 400 405 b
1 2 3 5 10 20 40 60 100 200 205 405 b
1 2 3 5 10 20 40 60 100 200 400 405 b
1 2 3 5 10 20 40 80 81 162 243 405 b
1 2 3 5 10 20 40 80 81 162 324 405 b
1 2 3 5 10 20 40 80 85 160 245 405 a
1 2 3 5 10 20 40 80 85 160 320 405 a
1 2 3 5 10 20 40 80 100 200 205 405 b
1 2 3 5 10 20 40 80 100 200 400 405 b
1 2 3 5 10 20 40 80 120 200 205 405 b
1 2 3 5 10 20 40 80 120 200 400 405 b
1 2 3 5 10 20 40 80 160 165 240 405 a
1 2 3 5 10 20 40 80 160 165 245 405 b
1 2 3 5 10 20 40 80 160 165 325 405 b
1 2 3 5 10 20 40 80 160 200 205 405 b
1 2 3 5 10 20 40 80 160 200 400 405 b
1 2 3 5 10 20 40 80 160 240 245 405 b
1 2 3 5 10 20 40 80 160 240 400 405 b
1 2 3 5 10 20 40 80 160 320 325 405 b
1 2 3 5 10 20 40 80 160 320 400 405 b
1 2 3 6 9 15 30 45 90 135 270 405 b
1 2 3 6 9 15 30 45 90 180 225 405 b
1 2 3 6 9 15 30 45 90 180 360 405 b
1 2 3 6 9 15 30 60 75 135 270 405 b
1 2 3 6 9 15 30 60 120 135 270 405 b
1 2 3 6 9 18 27 45 90 135 270 405 b
1 2 3 6 9 18 27 45 90 180 225 405 b
1 2 3 6 9 18 27 45 90 180 360 405 b
1 2 3 6 9 18 27 54 81 135 270 405 b
1 2 3 6 9 18 27 54 81 162 243 405 b
1 2 3 6 9 18 27 54 81 162 324 405 b
1 2 3 6 9 18 27 54 108 135 270 405 b
1 2 3 6 9 18 36 45 81 162 243 405 b
1 2 3 6 9 18 36 45 81 162 324 405 b
1 2 3 6 9 18 36 45 90 135 270 405 b
1 2 3 6 9 18 36 45 90 180 225 405 b
1 2 3 6 9 18 36 45 90 180 360 405 b
1 2 3 6 9 18 36 72 81 162 243 405 b
1 2 3 6 9 18 36 72 81 162 324 405 b
1 2 3 6 12 15 27 54 81 135 270 405 b
1 2 3 6 12 15 27 54 81 162 243 405 b
1 2 3 6 12 15 27 54 81 162 324 405 b
1 2 3 6 12 15 27 54 108 135 270 405 b
1 2 3 6 12 15 30 45 90 135 270 405 b
1 2 3 6 12 15 30 45 90 180 225 405 b
1 2 3 6 12 15 30 45 90 180 360 405 b
1 2 3 6 12 15 30 60 75 135 270 405 b
1 2 3 6 12 15 30 60 120 135 270 405 b
1 2 3 6 12 24 27 54 81 135 270 405 b
1 2 3 6 12 24 27 54 81 162 243 405 b
1 2 3 6 12 24 27 54 81 162 324 405 b
1 2 3 6 12 24 27 54 108 135 270 405 b
1 2 4 5 9 18 27 45 90 135 270 405 b
1 2 4 5 9 18 27 45 90 180 225 405 b
1 2 4 5 9 18 27 45 90 180 360 405 b
1 2 4 5 9 18 27 54 81 135 270 405 b
1 2 4 5 9 18 27 54 81 162 243 405 b
1 2 4 5 9 18 27 54 81 162 324 405 b
1 2 4 5 9 18 27 54 108 135 270 405 b
1 2 4 5 9 18 36 45 81 162 243 405 b
1 2 4 5 9 18 36 45 81 162 324 405 b
1 2 4 5 9 18 36 45 90 135 270 405 b
1 2 4 5 9 18 36 45 90 180 225 405 b
1 2 4 5 9 18 36 45 90 180 360 405 b
1 2 4 5 9 18 36 72 81 162 243 405 b
1 2 4 5 9 18 36 72 81 162 324 405 b
1 2 4 5 10 15 25 50 100 200 205 405 b
1 2 4 5 10 15 25 50 100 200 400 405 b
1 2 4 5 10 15 30 45 90 135 270 405 b
1 2 4 5 10 15 30 45 90 180 225 405 b
1 2 4 5 10 15 30 45 90 180 360 405 b
1 2 4 5 10 15 30 60 75 135 270 405 b
1 2 4 5 10 15 30 60 120 135 270 405 b
1 2 4 5 10 20 25 45 90 135 270 405 b
1 2 4 5 10 20 25 45 90 180 225 405 b
1 2 4 5 10 20 25 45 90 180 360 405 b
1 2 4 5 10 20 25 50 100 200 205 405 b
1 2 4 5 10 20 25 50 100 200 400 405 b
1 2 4 5 10 20 30 50 100 200 205 405 b
1 2 4 5 10 20 30 50 100 200 400 405 b
1 2 4 5 10 20 40 41 81 162 243 405 b
1 2 4 5 10 20 40 41 81 162 324 405 b
1 2 4 5 10 20 40 45 90 135 270 405 b
1 2 4 5 10 20 40 45 90 180 225 405 b
1 2 4 5 10 20 40 45 90 180 360 405 b
1 2 4 5 10 20 40 50 100 200 205 405 b
1 2 4 5 10 20 40 50 100 200 400 405 b
1 2 4 5 10 20 40 60 100 200 205 405 b
1 2 4 5 10 20 40 60 100 200 400 405 b
1 2 4 5 10 20 40 80 81 162 243 405 b
1 2 4 5 10 20 40 80 81 162 324 405 b
1 2 4 5 10 20 40 80 85 160 245 405 a
1 2 4 5 10 20 40 80 85 160 320 405 a
1 2 4 5 10 20 40 80 100 200 205 405 b
1 2 4 5 10 20 40 80 100 200 400 405 b
1 2 4 5 10 20 40 80 120 200 205 405 b
1 2 4 5 10 20 40 80 120 200 400 405 b
1 2 4 5 10 20 40 80 160 165 240 405 a
1 2 4 5 10 20 40 80 160 165 245 405 b
1 2 4 5 10 20 40 80 160 165 325 405 b
1 2 4 5 10 20 40 80 160 200 205 405 b
1 2 4 5 10 20 40 80 160 200 400 405 b
1 2 4 5 10 20 40 80 160 240 245 405 b
1 2 4 5 10 20 40 80 160 240 400 405 b
1 2 4 5 10 20 40 80 160 320 325 405 b
1 2 4 5 10 20 40 80 160 320 400 405 b
1 2 4 6 10 20 40 41 81 162 243 405 b
1 2 4 6 10 20 40 41 81 162 324 405 b
1 2 4 6 10 20 40 80 81 162 243 405 b
1 2 4 6 10 20 40 80 81 162 324 405 b
1 2 4 8 9 18 27 45 90 135 270 405 b
1 2 4 8 9 18 27 45 90 180 225 405 b
1 2 4 8 9 18 27 45 90 180 360 405 b
1 2 4 8 9 18 27 54 81 135 270 405 b
1 2 4 8 9 18 27 54 81 162 243 405 b
1 2 4 8 9 18 27 54 81 162 324 405 b
1 2 4 8 9 18 27 54 108 135 270 405 b
1 2 4 8 9 18 36 45 81 162 243 405 b
1 2 4 8 9 18 36 45 81 162 324 405 b
1 2 4 8 9 18 36 45 90 135 270 405 b
1 2 4 8 9 18 36 45 90 180 225 405 b
1 2 4 8 9 18 36 45 90 180 360 405 b
1 2 4 8 9 18 36 72 81 162 243 405 b
1 2 4 8 9 18 36 72 81 162 324 405 b
1 2 4 8 10 20 40 41 81 162 243 405 b
1 2 4 8 10 20 40 41 81 162 324 405 b
1 2 4 8 10 20 40 80 81 162 243 405 b
1 2 4 8 10 20 40 80 81 162 324 405 b
1 2 4 8 12 20 40 41 81 162 243 405 b
1 2 4 8 12 20 40 41 81 162 324 405 b
1 2 4 8 12 20 40 80 81 162 243 405 b
1 2 4 8 12 20 40 80 81 162 324 405 b
1 2 4 8 16 17 32 49 81 162 243 405 a
1 2 4 8 16 17 32 49 81 162 324 405 a
1 2 4 8 16 17 32 64 81 162 243 405 a
1 2 4 8 16 17 32 64 81 162 324 405 a
1 2 4 8 16 20 40 41 81 162 243 405 b
1 2 4 8 16 20 40 41 81 162 324 405 b
1 2 4 8 16 20 40 80 81 162 243 405 b
1 2 4 8 16 20 40 80 81 162 324 405 b
1 2 4 8 16 24 40 41 81 162 243 405 b
1 2 4 8 16 24 40 41 81 162 324 405 b
1 2 4 8 16 24 40 80 81 162 243 405 b
1 2 4 8 16 24 40 80 81 162 324 405 b
1 2 4 8 16 32 33 48 81 162 243 405 a
1 2 4 8 16 32 33 48 81 162 324 405 a
1 2 4 8 16 32 33 49 81 162 243 405 b
1 2 4 8 16 32 33 49 81 162 324 405 b
1 2 4 8 16 32 33 65 81 162 243 405 b
1 2 4 8 16 32 33 65 81 162 324 405 b
1 2 4 8 16 32 40 41 81 162 243 405 b
1 2 4 8 16 32 40 41 81 162 324 405 b
1 2 4 8 16 32 40 80 81 162 243 405 b
1 2 4 8 16 32 40 80 81 162 324 405 b
1 2 4 8 16 32 48 49 81 162 243 405 b
1 2 4 8 16 32 48 49 81 162 324 405 b
1 2 4 8 16 32 48 80 81 162 243 405 b
1 2 4 8 16 32 48 80 81 162 324 405 b
1 2 4 8 16 32 64 65 81 162 243 405 b
1 2 4 8 16 32 64 65 81 162 324 405 b
1 2 4 8 16 32 64 80 81 162 243 405 b
1 2 4 8 16 32 64 80 81 162 324 405 b
