1 2 3 5 10 15 30 60 120 135 255 510 b
1 2 3 5 10 15 30 60 120 240 255 510 b
1 2 3 5 10 15 30 60 120 240 270 510 b
1 2 3 5 10 15 30 60 120 240 480 510 b
1 2 3 5 10 20 30 60 120 240 270 510 b
1 2 3 5 10 20 30 60 120 240 480 510 b
1 2 3 5 10 20 40 45 85 170 255 510 b
1 2 3 5 10 20 40 45 85 170 340 510 b
1 2 3 5 10 20 40 80 85 170 255 510 b
1 2 3 5 10 20 40 80 85 170 340 510 b
1 2 3 5 10 20 40 80 90 170 340 510 b
1 2 3 5 10 20 40 80 160 170 340 510 b
1 2 3 6 9 15 30 60 120 135 255 510 b
1 2 3 6 9 15 30 60 120 240 255 510 b
1 2 3 6 9 15 30 60 120 240 270 510 b
1 2 3 6 9 15 30 60 120 240 480 510 b
1 2 3 6 12 15 30 60 120 135 255 510 b
1 2 3 6 12 15 30 60 120 240 255 510 b
1 2 3 6 12 15 30 60 120 240 270 510 b
1 2 3 6 12 15 30 60 120 240 480 510 b
1 2 3 6 12 18 30 60 120 240 270 510 b
1 2 3 6 12 18 30 60 120 240 480 510 b
1 2 3 6 12 24 27 51 102 153 255 510 b
1 2 3 6 12 24 27 51 102 204 255 510 b
1 2 3 6 12 24 27 51 102 204 306 510 b
1 2 3 6 12 24 27 51 102 204 408 510 b
1 2 3 6 12 24 30 60 120 240 270 510 b
1 2 3 6 12 24 30 60 120 240 480 510 b
1 2 3 6 12 24 48 51 102 153 255 510 b
1 2 3 6 12 24 48 51 102 204 255 510 b
1 2 3 6 12 24 48 51 102 204 306 510 b
1 2 3 6 12 24 48 51 102 204 408 510 b
1 2 3 6 12 24 48 54 102 204 306 510 b
1 2 3 6 12 24 48 54 102 204 408 510 b
1 2 3 6 12 24 48 96 102 204 306 510 b
1 2 3 6 12 24 48 96 102 204 408 510 b
1 2 4 5 10 15 30 60 120 135 255 510 b
1 2 4 5 10 15 30 60 120 240 255 510 b
1 2 4 5 10 15 30 60 120 240 270 510 b
1 2 4 5 10 15 30 60 120 240 480 510 b
1 2 4 5 10 20 30 60 120 240 270 510 b
1 2 4 5 10 20 30 60 120 240 480 510 b
1 2 4 5 10 20 40 45 85 170 255 510 b
1 2 4 5 10 20 40 45 85 170 340 510 b
1 2 4 5 10 20 40 80 85 170 255 510 b
1 2 4 5 10 20 40 80 85 170 340 510 b
1 2 4 5 10 20 40 80 90 170 340 510 b
1 2 4 5 10 20 40 80 160 170 340 510 b
1 2 4 6 10 20 30 60 120 240 270 510 b
1 2 4 6 10 20 30 60 120 240 480 510 b
1 2 4 6 10 20 40 80 90 170 340 510 b
1 2 4 6 10 20 40 80 160 170 340 510 b
1 2 4 6 12 18 30 60 120 240 270 510 b
1 2 4 6 12 18 30 60 120 240 480 510 b
1 2 4 6 12 24 30 60 120 240 270 510 b
1 2 4 6 12 24 30 60 120 240 480 510 b
1 2 4 6 12 24 48 54 102 204 306 510 b
1 2 4 6 12 24 48 54 102 204 408 510 b
1 2 4 6 12 24 48 96 102 204 306 510 b
1 2 4 6 12 24 48 96 102 204 408 510 b
1 2 4 8 9 17 34 51 85 170 255 510 b
1 2 4 8 9 17 34 51 85 170 340 510 b
1 2 4 8 9 17 34 51 102 153 255 510 b
1 2 4 8 9 17 34 51 102 204 255 510 b
1 2 4 8 9 17 34 51 102 204 306 510 b
1 2 4 8 9 17 34 51 102 204 408 510 b
1 2 4 8 9 17 34 68 85 170 255 510 b
1 2 4 8 9 17 34 68 85 170 340 510 b
1 2 4 8 9 17 34 68 102 170 340 510 b
1 2 4 8 9 17 34 68 102 204 306 510 b
1 2 4 8 9 17 34 68 102 204 408 510 b
1 2 4 8 9 17 34 68 136 170 340 510 b
1 2 4 8 10 20 30 60 120 240 270 510 b
1 2 4 8 10 20 30 60 120 240 480 510 b
1 2 4 8 10 20 40 80 90 170 340 510 b
1 2 4 8 10 20 40 80 160 170 340 510 b
1 2 4 8 16 17 34 51 85 170 255 510 b
1 2 4 8 16 17 34 51 85 170 340 510 b
1 2 4 8 16 17 34 51 102 153 255 510 b
1 2 4 8 16 17 34 51 102 204 255 510 b
1 2 4 8 16 17 34 51 102 204 306 510 b
1 2 4 8 16 17 34 51 102 204 408 510 b
1 2 4 8 16 17 34 68 85 170 255 510 b
1 2 4 8 16 17 34 68 85 170 340 510 b
1 2 4 8 16 17 34 68 102 170 340 510 b
1 2 4 8 16 17 34 68 102 204 306 510 b
1 2 4 8 16 17 34 68 102 204 408 510 b
1 2 4 8 16 17 34 68 136 170 340 510 b
1 2 4 8 16 18 34 68 102 170 340 510 b
1 2 4 8 16 18 34 68 102 204 306 510 b
1 2 4 8 16 18 34 68 102 204 408 510 b
1 2 4 8 16 18 34 68 136 170 340 510 b
1 2 4 8 16 32 34 68 102 170 340 510 b
1 2 4 8 16 32 34 68 102 204 306 510 b
1 2 4 8 16 32 34 68 102 204 408 510 b
1 2 4 8 16 32 34 68 136 170 340 510 b
