1 2 3 4 8 16 32 64 128 256 259 515 b
1 2 3 4 8 16 32 64 128 256 512 515 b
1 2 3 5 8 16 32 64 128 256 259 515 b
1 2 3 5 8 16 32 64 128 256 512 515 b
1 2 3 6 8 16 32 64 128 256 259 515 b
1 2 3 6 8 16 32 64 128 256 512 515 b
1 2 4 8 16 32 64 65 129 193 322 515 b
1 2 4 8 16 32 64 65 129 193 386 515 b
1 2 4 8 16 32 64 128 129 193 322 515 b
1 2 4 8 16 32 64 128 129 193 386 515 b
1 2 4 8 16 32 64 128 129 257 258 515 b
1 2 4 8 16 32 64 128 129 257 386 515 b
1 2 4 8 16 32 64 128 129 257 514 515 b
1 2 4 8 16 32 64 128 129 258 386 515 b
1 2 4 8 16 32 64 128 129 258 387 515 b
1 2 4 8 16 32 64 128 256 257 258 515 b
1 2 4 8 16 32 64 128 256 257 259 515 b
1 2 4 8 16 32 64 128 256 257 513 515 b
1 2 4 8 16 32 64 128 256 257 514 515 b
1 2 4 8 16 32 64 128 256 258 259 515 b
1 2 4 8 16 32 64 128 256 258 514 515 b
1 2 4 8 16 32 64 128 256 512 513 515 b
1 2 4 8 16 32 64 128 256 512 514 515 b
