1 2 3 4 7 11 22 33 66 132 264 271 535 b
1 2 3 4 7 11 22 33 66 132 264 528 535 b
1 2 3 4 7 11 22 44 66 132 264 271 535 b
1 2 3 4 7 11 22 44 66 132 264 528 535 b
1 2 3 4 7 11 22 44 88 132 264 271 535 b
1 2 3 4 7 11 22 44 88 132 264 528 535 b
1 2 3 4 7 11 22 44 88 176 183 352 535 a
1 2 3 4 7 11 22 44 88 176 183 359 535 b
1 2 3 4 7 11 22 44 88 176 264 271 535 b
1 2 3 4 7 11 22 44 88 176 264 528 535 b
1 2 3 4 7 11 22 44 88 176 352 359 535 b
1 2 3 4 7 11 22 44 88 176 352 528 535 b
1 2 3 5 7 14 19 33 66 132 264 271 535 b
1 2 3 5 7 14 19 33 66 132 264 528 535 b
1 2 3 5 7 14 28 33 66 132 264 271 535 b
1 2 3 5 7 14 28 33 66 132 264 528 535 b
1 2 3 5 8 13 26 52 55 107 214 321 535 b
1 2 3 5 8 13 26 52 55 107 214 428 535 b
1 2 3 5 8 13 26 52 104 107 214 321 535 b
1 2 3 5 8 13 26 52 104 107 214 428 535 b
1 2 3 5 8 13 26 52 104 109 213 322 535 b
1 2 3 5 8 13 26 52 104 109 213 426 535 b
1 2 3 5 8 16 32 64 69 133 266 269 535 b
1 2 3 5 8 16 32 64 69 133 266 532 535 b
1 2 3 5 8 16 32 64 128 133 266 269 535 b
1 2 3 5 8 16 32 64 128 133 266 532 535 b
1 2 3 5 10 13 26 52 55 107 214 321 535 b
1 2 3 5 10 13 26 52 55 107 214 428 535 b
1 2 3 5 10 13 26 52 104 107 214 321 535 b
1 2 3 5 10 13 26 52 104 107 214 428 535 b
1 2 3 5 10 13 26 52 104 109 213 322 535 b
1 2 3 5 10 13 26 52 104 109 213 426 535 b
1 2 3 5 10 15 25 40 65 130 260 275 535 b
1 2 3 5 10 15 25 40 65 130 260 520 535 b
1 2 3 5 10 15 25 50 65 130 260 275 535 b
1 2 3 5 10 15 25 50 65 130 260 520 535 b
1 2 3 5 10 15 30 35 65 130 260 275 535 b
1 2 3 5 10 15 30 35 65 130 260 520 535 b
1 2 3 5 10 15 30 60 65 130 260 275 535 b
1 2 3 5 10 15 30 60 65 130 260 520 535 b
1 2 3 5 10 15 30 60 70 130 260 275 535 b
1 2 3 5 10 15 30 60 70 130 260 520 535 b
1 2 3 5 10 15 30 60 120 130 260 275 535 b
1 2 3 5 10 15 30 60 120 130 260 520 535 b
1 2 3 5 10 20 40 43 80 123 246 289 535 a
1 2 3 5 10 20 40 43 80 123 246 492 535 a
1 2 3 5 10 20 40 43 83 123 206 329 535 b
1 2 3 5 10 20 40 43 83 123 206 412 535 b
1 2 3 5 10 20 40 43 83 123 246 289 535 b
1 2 3 5 10 20 40 43 83 123 246 492 535 b
1 2 3 5 10 20 40 45 80 125 205 330 535 a
1 2 3 5 10 20 40 45 80 125 205 410 535 a
1 2 3 5 10 20 40 80 83 123 206 329 535 b
1 2 3 5 10 20 40 80 83 123 206 412 535 b
1 2 3 5 10 20 40 80 85 125 205 330 535 b
1 2 3 5 10 20 40 80 85 125 205 410 535 b
1 2 3 5 10 20 40 80 85 165 185 350 535 b
1 2 3 5 10 20 40 80 85 165 185 370 535 b
1 2 3 5 10 20 40 80 85 165 205 330 535 a
1 2 3 5 10 20 40 80 85 165 205 370 535 b
1 2 3 5 10 20 40 80 85 165 330 370 535 b
1 2 3 5 10 20 40 80 85 165 330 495 535 b
1 2 3 5 10 20 40 80 120 125 205 330 535 b
1 2 3 5 10 20 40 80 120 125 205 410 535 b
1 2 3 5 10 20 40 80 160 165 185 350 535 b
1 2 3 5 10 20 40 80 160 165 185 370 535 b
1 2 3 5 10 20 40 80 160 165 205 330 535 a
1 2 3 5 10 20 40 80 160 165 205 370 535 b
1 2 3 5 10 20 40 80 160 165 330 370 535 b
1 2 3 5 10 20 40 80 160 165 330 495 535 b
1 2 3 6 7 13 20 33 66 132 264 271 535 b
1 2 3 6 7 13 20 33 66 132 264 528 535 b
1 2 3 6 7 13 26 33 66 132 264 271 535 b
1 2 3 6 7 13 26 33 66 132 264 528 535 b
1 2 3 6 7 13 26 52 55 107 214 321 535 b
1 2 3 6 7 13 26 52 55 107 214 428 535 b
1 2 3 6 7 13 26 52 104 107 214 321 535 b
1 2 3 6 7 13 26 52 104 107 214 428 535 b
1 2 3 6 12 13 26 52 55 107 214 321 535 b
1 2 3 6 12 13 26 52 55 107 214 428 535 b
1 2 3 6 12 13 26 52 104 107 214 321 535 b
1 2 3 6 12 13 26 52 104 107 214 428 535 b
1 2 3 6 12 14 26 52 55 107 214 321 535 b
1 2 3 6 12 14 26 52 55 107 214 428 535 b
1 2 3 6 12 14 26 52 104 107 214 321 535 b
1 2 3 6 12 14 26 52 104 107 214 428 535 b
1 2 3 6 12 24 26 52 55 107 214 321 535 b
1 2 3 6 12 24 26 52 55 107 214 428 535 b
1 2 3 6 12 24 26 52 104 107 214 321 535 b
1 2 3 6 12 24 26 52 104 107 214 428 535 b
1 2 3 6 12 24 48 49 97 146 243 292 535 b
1 2 3 6 12 24 48 49 97 146 243 389 535 b
1 2 3 6 12 24 48 49 97 146 243 486 535 b
1 2 3 6 12 24 48 49 97 146 292 389 535 b
1 2 3 6 12 24 48 49 97 146 292 438 535 b
1 2 3 6 12 24 48 49 97 194 243 292 535 b
1 2 3 6 12 24 48 49 97 194 243 486 535 b
1 2 4 5 7 11 22 33 66 132 264 271 535 b
1 2 4 5 7 11 22 33 66 132 264 528 535 b
1 2 4 5 7 11 22 44 66 132 264 271 535 b
1 2 4 5 7 11 22 44 66 132 264 528 535 b
1 2 4 5 7 11 22 44 88 132 264 271 535 b
1 2 4 5 7 11 22 44 88 132 264 528 535 b
1 2 4 5 7 11 22 44 88 176 183 352 535 a
1 2 4 5 7 11 22 44 88 176 183 359 535 b
1 2 4 5 7 11 22 44 88 176 264 271 535 b
1 2 4 5 7 11 22 44 88 176 264 528 535 b
1 2 4 5 7 11 22 44 88 176 352 359 535 b
1 2 4 5 7 11 22 44 88 176 352 528 535 b
1 2 4 5 7 14 19 33 66 132 264 271 535 b
1 2 4 5 7 14 19 33 66 132 264 528 535 b
1 2 4 5 7 14 28 33 66 132 264 271 535 b
1 2 4 5 7 14 28 33 66 132 264 528 535 b
1 2 4 5 8 13 26 52 104 109 213 322 535 a
1 2 4 5 8 13 26 52 104 109 213 426 535 a
1 2 4 5 9 13 26 52 104 109 213 322 535 b
1 2 4 5 9 13 26 52 104 109 213 426 535 b
1 2 4 5 9 14 23 32 64 128 256 279 535 b
1 2 4 5 9 14 23 32 64 128 256 512 535 b
1 2 4 5 9 18 23 32 64 128 256 279 535 b
1 2 4 5 9 18 23 32 64 128 256 512 535 b
1 2 4 5 9 18 23 41 64 128 256 279 535 b
1 2 4 5 9 18 23 41 64 128 256 512 535 b
1 2 4 5 9 18 23 46 64 128 256 279 535 b
1 2 4 5 9 18 23 46 64 128 256 512 535 b
1 2 4 5 10 15 25 40 65 130 260 275 535 b
1 2 4 5 10 15 25 40 65 130 260 520 535 b
1 2 4 5 10 15 25 50 65 130 260 275 535 b
1 2 4 5 10 15 25 50 65 130 260 520 535 b
1 2 4 5 10 15 30 35 65 130 260 275 535 b
1 2 4 5 10 15 30 35 65 130 260 520 535 b
1 2 4 5 10 15 30 60 65 130 260 275 535 b
1 2 4 5 10 15 30 60 65 130 260 520 535 b
1 2 4 5 10 15 30 60 70 130 260 275 535 b
1 2 4 5 10 15 30 60 70 130 260 520 535 b
1 2 4 5 10 15 30 60 120 130 260 275 535 b
1 2 4 5 10 15 30 60 120 130 260 520 535 b
1 2 4 5 10 20 40 45 80 125 205 330 535 a
1 2 4 5 10 20 40 45 80 125 205 410 535 a
1 2 4 5 10 20 40 80 85 125 205 330 535 b
1 2 4 5 10 20 40 80 85 125 205 410 535 b
1 2 4 5 10 20 40 80 85 165 185 350 535 b
1 2 4 5 10 20 40 80 85 165 185 370 535 b
1 2 4 5 10 20 40 80 85 165 205 330 535 a
1 2 4 5 10 20 40 80 85 165 205 370 535 b
1 2 4 5 10 20 40 80 85 165 330 370 535 b
1 2 4 5 10 20 40 80 85 165 330 495 535 b
1 2 4 5 10 20 40 80 120 125 205 330 535 b
1 2 4 5 10 20 40 80 120 125 205 410 535 b
1 2 4 5 10 20 40 80 160 165 185 350 535 b
1 2 4 5 10 20 40 80 160 165 185 370 535 b
1 2 4 5 10 20 40 80 160 165 205 330 535 a
1 2 4 5 10 20 40 80 160 165 205 370 535 b
1 2 4 5 10 20 40 80 160 165 330 370 535 b
1 2 4 5 10 20 40 80 160 165 330 495 535 b
1 2 4 6 7 11 22 33 66 132 264 271 535 b
1 2 4 6 7 11 22 33 66 132 264 528 535 b
1 2 4 6 7 11 22 44 66 132 264 271 535 b
1 2 4 6 7 11 22 44 66 132 264 528 535 b
1 2 4 6 7 11 22 44 88 132 264 271 535 b
1 2 4 6 7 11 22 44 88 132 264 528 535 b
1 2 4 6 7 11 22 44 88 176 183 352 535 a
1 2 4 6 7 11 22 44 88 176 183 359 535 b
1 2 4 6 7 11 22 44 88 176 264 271 535 b
1 2 4 6 7 11 22 44 88 176 264 528 535 b
1 2 4 6 7 11 22 44 88 176 352 359 535 b
1 2 4 6 7 11 22 44 88 176 352 528 535 b
1 2 4 6 7 13 20 33 66 132 264 271 535 b
1 2 4 6 7 13 20 33 66 132 264 528 535 b
1 2 4 6 7 13 26 33 66 132 264 271 535 b
1 2 4 6 7 13 26 33 66 132 264 528 535 b
1 2 4 6 12 24 48 49 97 146 243 292 535 b
1 2 4 6 12 24 48 49 97 146 243 389 535 b
1 2 4 6 12 24 48 49 97 146 243 486 535 b
1 2 4 6 12 24 48 49 97 146 292 389 535 b
1 2 4 6 12 24 48 49 97 146 292 438 535 b
1 2 4 6 12 24 48 49 97 194 243 292 535 b
1 2 4 6 12 24 48 49 97 194 243 486 535 b
1 2 4 8 9 16 25 41 66 107 214 321 535 a
1 2 4 8 9 16 25 41 66 107 214 428 535 a
1 2 4 8 9 16 25 41 82 107 214 321 535 a
1 2 4 8 9 16 25 41 82 107 214 428 535 a
1 2 4 8 9 17 25 50 67 117 234 301 535 b
1 2 4 8 9 17 25 50 67 117 234 468 535 b
1 2 4 8 12 24 48 49 97 146 243 292 535 b
1 2 4 8 12 24 48 49 97 146 243 389 535 b
1 2 4 8 12 24 48 49 97 146 243 486 535 b
1 2 4 8 12 24 48 49 97 146 292 389 535 b
1 2 4 8 12 24 48 49 97 146 292 438 535 b
1 2 4 8 12 24 48 49 97 194 243 292 535 b
1 2 4 8 12 24 48 49 97 194 243 486 535 b
1 2 4 8 16 17 25 41 66 107 214 321 535 b
1 2 4 8 16 17 25 41 66 107 214 428 535 b
1 2 4 8 16 17 25 41 82 107 214 321 535 b
1 2 4 8 16 17 25 41 82 107 214 428 535 b
1 2 4 8 16 17 25 50 67 117 234 301 535 b
1 2 4 8 16 17 25 50 67 117 234 468 535 b
1 2 4 8 16 17 32 49 81 162 211 324 535 a
1 2 4 8 16 17 32 49 81 162 211 373 535 a
1 2 4 8 16 17 32 49 81 162 243 292 535 a
1 2 4 8 16 17 32 49 81 162 243 486 535 a
1 2 4 8 16 17 32 49 81 162 324 373 535 a
1 2 4 8 16 17 32 49 81 162 324 486 535 a
1 2 4 8 16 17 33 37 70 107 214 321 535 b
1 2 4 8 16 17 33 37 70 107 214 428 535 b
1 2 4 8 16 17 33 37 74 107 214 321 535 b
1 2 4 8 16 17 33 37 74 107 214 428 535 b
1 2 4 8 16 17 33 41 66 107 214 321 535 a
1 2 4 8 16 17 33 41 66 107 214 428 535 a
1 2 4 8 16 17 33 41 74 107 214 321 535 b
1 2 4 8 16 17 33 41 74 107 214 428 535 b
1 2 4 8 16 17 33 50 67 117 234 301 535 b
1 2 4 8 16 17 33 50 67 117 234 468 535 b
1 2 4 8 16 17 33 66 74 107 214 321 535 b
1 2 4 8 16 17 33 66 74 107 214 428 535 b
1 2 4 8 16 17 33 66 99 107 214 321 535 b
1 2 4 8 16 17 33 66 99 107 214 428 535 b
1 2 4 8 16 17 34 50 67 117 234 301 535 b
1 2 4 8 16 17 34 50 67 117 234 468 535 b
1 2 4 8 16 24 25 41 66 107 214 321 535 b
1 2 4 8 16 24 25 41 66 107 214 428 535 b
1 2 4 8 16 24 25 41 82 107 214 321 535 b
1 2 4 8 16 24 25 41 82 107 214 428 535 b
1 2 4 8 16 24 48 49 97 146 243 292 535 b
1 2 4 8 16 24 48 49 97 146 243 389 535 b
1 2 4 8 16 24 48 49 97 146 243 486 535 b
1 2 4 8 16 24 48 49 97 146 292 389 535 b
1 2 4 8 16 24 48 49 97 146 292 438 535 b
1 2 4 8 16 24 48 49 97 194 243 292 535 b
1 2 4 8 16 24 48 49 97 194 243 486 535 b
1 2 4 8 16 32 33 37 70 107 214 321 535 b
1 2 4 8 16 32 33 37 70 107 214 428 535 b
1 2 4 8 16 32 33 37 74 107 214 321 535 b
1 2 4 8 16 32 33 37 74 107 214 428 535 b
1 2 4 8 16 32 33 41 66 107 214 321 535 a
1 2 4 8 16 32 33 41 66 107 214 428 535 a
1 2 4 8 16 32 33 41 74 107 214 321 535 b
1 2 4 8 16 32 33 41 74 107 214 428 535 b
1 2 4 8 16 32 33 49 81 162 211 324 535 a
1 2 4 8 16 32 33 49 81 162 211 373 535 b
1 2 4 8 16 32 33 49 81 162 243 292 535 b
1 2 4 8 16 32 33 49 81 162 243 486 535 b
1 2 4 8 16 32 33 49 81 162 324 373 535 b
1 2 4 8 16 32 33 49 81 162 324 486 535 b
1 2 4 8 16 32 33 65 81 146 227 308 535 b
1 2 4 8 16 32 33 65 81 146 227 454 535 b
1 2 4 8 16 32 33 65 81 162 227 308 535 b
1 2 4 8 16 32 33 65 81 162 227 454 535 b
1 2 4 8 16 32 33 66 74 107 214 321 535 b
1 2 4 8 16 32 33 66 74 107 214 428 535 b
1 2 4 8 16 32 33 66 99 107 214 321 535 b
1 2 4 8 16 32 33 66 99 107 214 428 535 b
1 2 4 8 16 32 48 49 81 162 211 324 535 a
1 2 4 8 16 32 48 49 81 162 211 373 535 b
1 2 4 8 16 32 48 49 81 162 243 292 535 b
1 2 4 8 16 32 48 49 81 162 243 486 535 b
1 2 4 8 16 32 48 49 81 162 324 373 535 b
1 2 4 8 16 32 48 49 81 162 324 486 535 b
1 2 4 8 16 32 48 49 97 146 243 292 535 b
1 2 4 8 16 32 48 49 97 146 243 389 535 b
1 2 4 8 16 32 48 49 97 146 243 486 535 b
1 2 4 8 16 32 48 49 97 146 292 389 535 b
1 2 4 8 16 32 48 49 97 146 292 438 535 b
1 2 4 8 16 32 48 49 97 194 243 292 535 b
1 2 4 8 16 32 48 49 97 194 243 486 535 b
1 2 4 8 16 32 64 65 68 133 201 334 535 a
1 2 4 8 16 32 64 65 68 133 201 402 535 a
1 2 4 8 16 32 64 65 81 146 227 308 535 b
1 2 4 8 16 32 64 65 81 146 227 454 535 b
1 2 4 8 16 32 64 65 81 162 227 308 535 b
1 2 4 8 16 32 64 65 81 162 227 454 535 b
1 2 4 8 16 32 64 68 69 133 201 334 535 b
1 2 4 8 16 32 64 68 69 133 201 402 535 b
1 2 4 8 16 32 64 68 132 133 201 334 535 b
1 2 4 8 16 32 64 68 132 133 201 402 535 b
