1 2 3 4 8 16 32 64 67 131 262 524 b
1 2 3 4 8 16 32 64 128 131 262 524 b
1 2 3 5 8 16 32 64 67 131 262 524 b
1 2 3 5 8 16 32 64 128 131 262 524 b
1 2 3 6 8 16 32 64 67 131 262 524 b
1 2 3 6 8 16 32 64 128 131 262 524 b
1 2 3 6 8 16 32 64 128 134 262 524 b
1 2 3 6 8 16 32 64 128 256 262 524 b
1 2 4 6 8 16 32 64 128 134 262 524 b
1 2 4 6 8 16 32 64 128 256 262 524 b
1 2 4 6 10 16 32 64 128 134 262 524 b
1 2 4 6 10 16 32 64 128 256 262 524 b
1 2 4 6 12 16 32 64 128 134 262 524 b
1 2 4 6 12 16 32 64 128 256 262 524 b
1 2 4 6 12 16 32 64 128 256 268 524 b
1 2 4 6 12 16 32 64 128 256 512 524 b
1 2 4 8 12 16 32 64 128 256 268 524 b
1 2 4 8 12 16 32 64 128 256 512 524 b
1 2 4 8 12 20 32 64 128 256 268 524 b
1 2 4 8 12 20 32 64 128 256 512 524 b
1 2 4 8 12 24 32 64 128 256 268 524 b
1 2 4 8 12 24 32 64 128 256 512 524 b
1 2 4 8 16 17 33 49 82 131 262 524 b
1 2 4 8 16 17 33 49 98 131 262 524 b
1 2 4 8 16 32 33 49 82 131 262 524 b
1 2 4 8 16 32 33 49 98 131 262 524 b
1 2 4 8 16 32 33 65 66 131 262 524 b
1 2 4 8 16 32 33 65 98 131 262 524 b
1 2 4 8 16 32 33 65 130 131 262 524 b
1 2 4 8 16 32 33 65 130 132 262 524 b
1 2 4 8 16 32 33 65 130 260 262 524 b
1 2 4 8 16 32 33 65 130 260 264 524 b
1 2 4 8 16 32 33 65 130 260 520 524 b
1 2 4 8 16 32 33 66 98 131 262 524 b
1 2 4 8 16 32 33 66 98 164 262 524 b
1 2 4 8 16 32 33 66 98 196 262 524 b
1 2 4 8 16 32 33 66 99 131 262 524 b
1 2 4 8 16 32 34 66 98 164 262 524 b
1 2 4 8 16 32 34 66 98 196 262 524 b
1 2 4 8 16 32 64 65 66 131 262 524 b
1 2 4 8 16 32 64 65 67 131 262 524 b
1 2 4 8 16 32 64 65 129 131 262 524 b
1 2 4 8 16 32 64 65 129 133 262 524 b
1 2 4 8 16 32 64 65 129 258 262 524 b
1 2 4 8 16 32 64 65 129 258 266 524 b
1 2 4 8 16 32 64 65 129 258 516 524 b
1 2 4 8 16 32 64 65 130 131 262 524 b
1 2 4 8 16 32 64 65 130 132 262 524 b
1 2 4 8 16 32 64 65 130 260 262 524 b
1 2 4 8 16 32 64 65 130 260 264 524 b
1 2 4 8 16 32 64 65 130 260 520 524 b
1 2 4 8 16 32 64 66 67 131 262 524 b
1 2 4 8 16 32 64 66 98 164 262 524 b
1 2 4 8 16 32 64 66 98 196 262 524 b
1 2 4 8 16 32 64 66 130 131 262 524 b
1 2 4 8 16 32 64 66 130 132 262 524 b
1 2 4 8 16 32 64 66 130 196 262 524 b
1 2 4 8 16 32 64 66 130 260 262 524 b
1 2 4 8 16 32 64 66 130 260 264 524 b
1 2 4 8 16 32 64 66 130 260 520 524 b
1 2 4 8 16 32 64 66 132 196 262 524 b
1 2 4 8 16 32 64 66 132 196 328 524 b
1 2 4 8 16 32 64 66 132 196 392 524 b
1 2 4 8 16 32 64 66 132 198 262 524 b
1 2 4 8 16 32 64 68 132 196 328 524 b
1 2 4 8 16 32 64 68 132 196 392 524 b
1 2 4 8 16 32 64 128 129 131 262 524 b
1 2 4 8 16 32 64 128 129 133 262 524 b
1 2 4 8 16 32 64 128 129 258 262 524 b
1 2 4 8 16 32 64 128 129 258 266 524 b
1 2 4 8 16 32 64 128 129 258 516 524 b
1 2 4 8 16 32 64 128 130 131 262 524 b
1 2 4 8 16 32 64 128 130 132 262 524 b
1 2 4 8 16 32 64 128 130 134 262 524 b
1 2 4 8 16 32 64 128 130 258 262 524 b
1 2 4 8 16 32 64 128 130 258 266 524 b
1 2 4 8 16 32 64 128 130 258 516 524 b
1 2 4 8 16 32 64 128 130 260 262 524 b
1 2 4 8 16 32 64 128 130 260 264 524 b
1 2 4 8 16 32 64 128 130 260 520 524 b
1 2 4 8 16 32 64 128 132 134 262 524 b
1 2 4 8 16 32 64 128 132 196 328 524 b
1 2 4 8 16 32 64 128 132 196 392 524 b
1 2 4 8 16 32 64 128 132 260 262 524 b
1 2 4 8 16 32 64 128 132 260 264 524 b
1 2 4 8 16 32 64 128 132 260 392 524 b
1 2 4 8 16 32 64 128 132 260 520 524 b
1 2 4 8 16 32 64 128 132 264 392 524 b
1 2 4 8 16 32 64 128 132 264 396 524 b
1 2 4 8 16 32 64 128 256 258 262 524 b
1 2 4 8 16 32 64 128 256 258 266 524 b
1 2 4 8 16 32 64 128 256 258 516 524 b
1 2 4 8 16 32 64 128 256 260 262 524 b
1 2 4 8 16 32 64 128 256 260 264 524 b
1 2 4 8 16 32 64 128 256 260 268 524 b
1 2 4 8 16 32 64 128 256 260 516 524 b
1 2 4 8 16 32 64 128 256 260 520 524 b
1 2 4 8 16 32 64 128 256 264 268 524 b
1 2 4 8 16 32 64 128 256 264 520 524 b
1 2 4 8 16 32 64 128 256 512 516 524 b
1 2 4 8 16 32 64 128 256 512 520 524 b
