1 2 3 4 7 10 17 34 68 136 272 275 547 b
1 2 3 4 7 10 17 34 68 136 272 544 547 b
1 2 3 4 7 14 17 34 68 136 272 275 547 b
1 2 3 4 7 14 17 34 68 136 272 544 547 b
1 2 3 4 8 9 17 34 68 136 272 275 547 b
1 2 3 4 8 9 17 34 68 136 272 544 547 b
1 2 3 4 8 16 17 34 68 136 272 275 547 b
1 2 3 4 8 16 17 34 68 136 272 544 547 b
1 2 3 4 8 16 18 34 68 136 272 275 547 b
1 2 3 4 8 16 18 34 68 136 272 544 547 b
1 2 3 4 8 16 32 34 68 136 272 275 547 b
1 2 3 4 8 16 32 34 68 136 272 544 547 b
1 2 3 4 8 16 32 35 64 128 256 291 547 a
1 2 3 4 8 16 32 35 64 128 256 512 547 a
1 2 3 4 8 16 32 36 68 136 272 275 547 b
1 2 3 4 8 16 32 36 68 136 272 544 547 b
1 2 3 4 8 16 32 64 68 136 272 275 547 b
1 2 3 4 8 16 32 64 68 136 272 544 547 b
1 2 3 4 8 16 32 64 72 136 272 275 547 b
1 2 3 4 8 16 32 64 72 136 272 544 547 b
1 2 3 4 8 16 32 64 128 136 272 275 547 b
1 2 3 4 8 16 32 64 128 136 272 544 547 b
1 2 3 4 8 16 32 64 128 144 272 275 547 b
1 2 3 4 8 16 32 64 128 144 272 544 547 b
1 2 3 4 8 16 32 64 128 256 259 288 547 a
1 2 3 4 8 16 32 64 128 256 259 291 547 b
1 2 3 4 8 16 32 64 128 256 259 515 547 b
1 2 3 4 8 16 32 64 128 256 272 275 547 b
1 2 3 4 8 16 32 64 128 256 272 544 547 b
1 2 3 4 8 16 32 64 128 256 288 291 547 b
1 2 3 4 8 16 32 64 128 256 288 544 547 b
1 2 3 4 8 16 32 64 128 256 512 515 547 b
1 2 3 4 8 16 32 64 128 256 512 544 547 b
1 2 3 5 6 11 17 34 68 136 272 275 547 b
1 2 3 5 6 11 17 34 68 136 272 544 547 b
1 2 3 5 6 12 17 34 68 136 272 275 547 b
1 2 3 5 6 12 17 34 68 136 272 544 547 b
1 2 3 5 7 10 17 34 68 136 272 275 547 b
1 2 3 5 7 10 17 34 68 136 272 544 547 b
1 2 3 5 7 12 17 34 68 136 272 275 547 b
1 2 3 5 7 12 17 34 68 136 272 544 547 b
1 2 3 5 7 14 17 34 68 136 272 275 547 b
1 2 3 5 7 14 17 34 68 136 272 544 547 b
1 2 3 5 7 14 19 33 66 132 264 283 547 b
1 2 3 5 7 14 19 33 66 132 264 528 547 b
1 2 3 5 8 9 17 34 68 136 272 275 547 b
1 2 3 5 8 9 17 34 68 136 272 544 547 b
1 2 3 5 8 13 21 34 68 136 272 275 547 b
1 2 3 5 8 13 21 34 68 136 272 544 547 b
1 2 3 5 8 13 26 34 68 136 272 275 547 b
1 2 3 5 8 13 26 34 68 136 272 544 547 b
1 2 3 5 8 16 17 34 68 136 272 275 547 b
1 2 3 5 8 16 17 34 68 136 272 544 547 b
1 2 3 5 8 16 18 34 68 136 272 275 547 b
1 2 3 5 8 16 18 34 68 136 272 544 547 b
1 2 3 5 8 16 32 34 68 136 272 275 547 b
1 2 3 5 8 16 32 34 68 136 272 544 547 b
1 2 3 5 8 16 32 35 64 128 256 291 547 a
1 2 3 5 8 16 32 35 64 128 256 512 547 a
1 2 3 5 8 16 32 64 72 136 272 275 547 b
1 2 3 5 8 16 32 64 72 136 272 544 547 b
1 2 3 5 8 16 32 64 128 136 272 275 547 b
1 2 3 5 8 16 32 64 128 136 272 544 547 b
1 2 3 5 8 16 32 64 128 144 272 275 547 b
1 2 3 5 8 16 32 64 128 144 272 544 547 b
1 2 3 5 8 16 32 64 128 256 259 288 547 a
1 2 3 5 8 16 32 64 128 256 259 291 547 b
1 2 3 5 8 16 32 64 128 256 259 515 547 b
1 2 3 5 8 16 32 64 128 256 272 275 547 b
1 2 3 5 8 16 32 64 128 256 272 544 547 b
1 2 3 5 8 16 32 64 128 256 288 291 547 b
1 2 3 5 8 16 32 64 128 256 288 544 547 b
1 2 3 5 8 16 32 64 128 256 512 515 547 b
1 2 3 5 8 16 32 64 128 256 512 544 547 b
1 2 3 5 10 12 17 34 68 136 272 275 547 b
1 2 3 5 10 12 17 34 68 136 272 544 547 b
1 2 3 5 10 12 22 34 68 136 272 275 547 b
1 2 3 5 10 12 22 34 68 136 272 544 547 b
1 2 3 5 10 12 24 34 68 136 272 275 547 b
1 2 3 5 10 12 24 34 68 136 272 544 547 b
1 2 3 5 10 15 17 34 68 136 272 275 547 b
1 2 3 5 10 15 17 34 68 136 272 544 547 b
1 2 3 5 10 20 23 43 63 126 252 295 547 b
1 2 3 5 10 20 23 43 63 126 252 504 547 b
1 2 3 5 10 20 40 43 63 126 252 295 547 b
1 2 3 5 10 20 40 43 63 126 252 504 547 b
1 2 3 5 10 20 40 43 83 126 252 295 547 b
1 2 3 5 10 20 40 43 83 126 252 504 547 b
1 2 3 5 10 20 40 43 86 126 252 295 547 b
1 2 3 5 10 20 40 43 86 126 252 504 547 b
1 2 3 6 7 10 17 34 68 136 272 275 547 b
1 2 3 6 7 10 17 34 68 136 272 544 547 b
1 2 3 6 7 14 17 34 68 136 272 275 547 b
1 2 3 6 7 14 17 34 68 136 272 544 547 b
1 2 3 6 7 14 20 34 68 136 272 275 547 b
1 2 3 6 7 14 20 34 68 136 272 544 547 b
1 2 3 6 7 14 28 34 68 136 272 275 547 b
1 2 3 6 7 14 28 34 68 136 272 544 547 b
1 2 3 6 8 9 17 34 68 136 272 275 547 b
1 2 3 6 8 9 17 34 68 136 272 544 547 b
1 2 3 6 8 11 17 34 68 136 272 275 547 b
1 2 3 6 8 11 17 34 68 136 272 544 547 b
1 2 3 6 8 14 17 34 68 136 272 275 547 b
1 2 3 6 8 14 17 34 68 136 272 544 547 b
1 2 3 6 8 14 20 34 68 136 272 275 547 b
1 2 3 6 8 14 20 34 68 136 272 544 547 b
1 2 3 6 8 14 28 34 68 136 272 275 547 b
1 2 3 6 8 14 28 34 68 136 272 544 547 b
1 2 3 6 8 16 17 34 68 136 272 275 547 b
1 2 3 6 8 16 17 34 68 136 272 544 547 b
1 2 3 6 8 16 18 34 68 136 272 275 547 b
1 2 3 6 8 16 18 34 68 136 272 544 547 b
1 2 3 6 8 16 32 34 68 136 272 275 547 b
1 2 3 6 8 16 32 34 68 136 272 544 547 b
1 2 3 6 8 16 32 35 64 128 256 291 547 a
1 2 3 6 8 16 32 35 64 128 256 512 547 a
1 2 3 6 8 16 32 64 72 136 272 275 547 b
1 2 3 6 8 16 32 64 72 136 272 544 547 b
1 2 3 6 8 16 32 64 128 136 272 275 547 b
1 2 3 6 8 16 32 64 128 136 272 544 547 b
1 2 3 6 8 16 32 64 128 144 272 275 547 b
1 2 3 6 8 16 32 64 128 144 272 544 547 b
1 2 3 6 8 16 32 64 128 256 259 288 547 a
1 2 3 6 8 16 32 64 128 256 259 291 547 b
1 2 3 6 8 16 32 64 128 256 259 515 547 b
1 2 3 6 8 16 32 64 128 256 272 275 547 b
1 2 3 6 8 16 32 64 128 256 272 544 547 b
1 2 3 6 8 16 32 64 128 256 288 291 547 b
1 2 3 6 8 16 32 64 128 256 288 544 547 b
1 2 3 6 8 16 32 64 128 256 512 515 547 b
1 2 3 6 8 16 32 64 128 256 512 544 547 b
1 2 3 6 9 11 17 34 68 136 272 275 547 b
1 2 3 6 9 11 17 34 68 136 272 544 547 b
1 2 3 6 9 15 17 34 68 136 272 275 547 b
1 2 3 6 9 15 17 34 68 136 272 544 547 b
1 2 3 6 12 14 17 34 68 136 272 275 547 b
1 2 3 6 12 14 17 34 68 136 272 544 547 b
1 2 3 6 12 14 20 34 68 136 272 275 547 b
1 2 3 6 12 14 20 34 68 136 272 544 547 b
1 2 3 6 12 14 28 34 68 136 272 275 547 b
1 2 3 6 12 14 28 34 68 136 272 544 547 b
1 2 3 6 12 14 28 40 68 136 272 275 547 b
1 2 3 6 12 14 28 40 68 136 272 544 547 b
1 2 3 6 12 14 28 56 68 136 272 275 547 b
1 2 3 6 12 14 28 56 68 136 272 544 547 b
1 2 3 6 12 15 17 34 68 136 272 275 547 b
1 2 3 6 12 15 17 34 68 136 272 544 547 b
1 2 4 5 7 14 19 33 66 132 264 283 547 b
1 2 4 5 7 14 19 33 66 132 264 528 547 b
1 2 4 5 9 13 26 52 104 113 217 330 547 b
1 2 4 5 9 13 26 52 104 113 217 434 547 b
1 2 4 5 9 14 19 33 66 132 264 283 547 b
1 2 4 5 9 14 19 33 66 132 264 528 547 b
1 2 4 5 10 14 19 33 66 132 264 283 547 b
1 2 4 5 10 14 19 33 66 132 264 528 547 b
1 2 4 8 9 13 26 52 104 113 217 330 547 b
1 2 4 8 9 13 26 52 104 113 217 434 547 b
1 2 4 8 9 17 26 52 104 113 217 330 547 b
1 2 4 8 9 17 26 52 104 113 217 434 547 b
1 2 4 8 9 17 34 68 69 137 205 342 547 b
1 2 4 8 9 17 34 68 69 137 205 410 547 b
1 2 4 8 9 17 34 68 136 137 205 342 547 b
1 2 4 8 9 17 34 68 136 137 205 410 547 b
1 2 4 8 9 17 34 68 136 137 273 274 547 b
1 2 4 8 9 17 34 68 136 137 273 410 547 b
1 2 4 8 9 17 34 68 136 137 273 546 547 b
1 2 4 8 9 17 34 68 136 137 274 410 547 b
1 2 4 8 9 17 34 68 136 137 274 411 547 b
1 2 4 8 9 17 34 68 136 272 273 274 547 b
1 2 4 8 9 17 34 68 136 272 273 275 547 b
1 2 4 8 9 17 34 68 136 272 273 545 547 b
1 2 4 8 9 17 34 68 136 272 273 546 547 b
1 2 4 8 9 17 34 68 136 272 274 275 547 b
1 2 4 8 9 17 34 68 136 272 274 546 547 b
1 2 4 8 9 17 34 68 136 272 544 545 547 b
1 2 4 8 9 17 34 68 136 272 544 546 547 b
1 2 4 8 9 18 26 52 104 113 217 330 547 b
1 2 4 8 9 18 26 52 104 113 217 434 547 b
1 2 4 8 16 17 19 33 66 132 264 283 547 a
1 2 4 8 16 17 19 33 66 132 264 528 547 a
1 2 4 8 16 17 32 64 128 145 273 274 547 a
1 2 4 8 16 17 32 64 128 145 273 546 547 a
1 2 4 8 16 17 32 64 128 256 273 274 547 a
1 2 4 8 16 17 32 64 128 256 273 546 547 a
1 2 4 8 16 17 33 50 83 116 232 315 547 b
1 2 4 8 16 17 33 50 83 116 232 464 547 b
1 2 4 8 16 17 33 66 83 116 232 315 547 b
1 2 4 8 16 17 33 66 83 116 232 464 547 b
1 2 4 8 16 17 33 66 83 149 232 315 547 b
1 2 4 8 16 17 33 66 83 149 232 464 547 b
1 2 4 8 16 17 33 66 83 166 232 315 547 b
1 2 4 8 16 17 33 66 83 166 232 464 547 b
1 2 4 8 16 17 33 66 132 133 265 282 547 b
1 2 4 8 16 17 33 66 132 133 265 530 547 b
1 2 4 8 16 17 33 66 132 264 265 282 547 b
1 2 4 8 16 17 33 66 132 264 265 530 547 b
1 2 4 8 16 17 33 66 132 264 266 281 547 a
1 2 4 8 16 17 33 66 132 264 266 283 547 b
1 2 4 8 16 17 33 66 132 264 266 530 547 b
1 2 4 8 16 17 33 66 132 264 281 283 547 b
1 2 4 8 16 17 33 66 132 264 281 545 547 b
1 2 4 8 16 17 33 66 132 264 528 530 547 b
1 2 4 8 16 17 33 66 132 264 528 545 547 b
1 2 4 8 16 17 34 68 69 137 205 342 547 b
1 2 4 8 16 17 34 68 69 137 205 410 547 b
1 2 4 8 16 17 34 68 136 137 205 342 547 b
1 2 4 8 16 17 34 68 136 137 205 410 547 b
1 2 4 8 16 17 34 68 136 137 273 274 547 b
1 2 4 8 16 17 34 68 136 137 273 410 547 b
1 2 4 8 16 17 34 68 136 137 273 546 547 b
1 2 4 8 16 17 34 68 136 137 274 410 547 b
1 2 4 8 16 17 34 68 136 137 274 411 547 b
1 2 4 8 16 17 34 68 136 272 273 274 547 b
1 2 4 8 16 17 34 68 136 272 273 275 547 b
1 2 4 8 16 17 34 68 136 272 273 545 547 b
1 2 4 8 16 17 34 68 136 272 273 546 547 b
1 2 4 8 16 17 34 68 136 272 274 275 547 b
1 2 4 8 16 17 34 68 136 272 274 546 547 b
1 2 4 8 16 17 34 68 136 272 544 545 547 b
1 2 4 8 16 17 34 68 136 272 544 546 547 b
1 2 4 8 16 18 34 68 69 137 205 342 547 b
1 2 4 8 16 18 34 68 69 137 205 410 547 b
1 2 4 8 16 18 34 68 136 137 205 342 547 b
1 2 4 8 16 18 34 68 136 137 205 410 547 b
1 2 4 8 16 18 34 68 136 137 273 274 547 b
1 2 4 8 16 18 34 68 136 137 273 410 547 b
1 2 4 8 16 18 34 68 136 137 273 546 547 b
1 2 4 8 16 18 34 68 136 137 274 410 547 b
1 2 4 8 16 18 34 68 136 137 274 411 547 b
1 2 4 8 16 18 34 68 136 272 273 274 547 b
1 2 4 8 16 18 34 68 136 272 273 275 547 b
1 2 4 8 16 18 34 68 136 272 273 545 547 b
1 2 4 8 16 18 34 68 136 272 273 546 547 b
1 2 4 8 16 18 34 68 136 272 274 275 547 b
1 2 4 8 16 18 34 68 136 272 274 546 547 b
1 2 4 8 16 18 34 68 136 272 544 545 547 b
1 2 4 8 16 18 34 68 136 272 544 546 547 b
1 2 4 8 16 32 33 35 64 128 256 291 547 a
1 2 4 8 16 32 33 35 64 128 256 512 547 a
1 2 4 8 16 32 33 64 97 128 225 322 547 a
1 2 4 8 16 32 33 64 97 128 225 450 547 a
1 2 4 8 16 32 33 64 97 161 193 354 547 a
1 2 4 8 16 32 33 64 97 161 193 386 547 a
1 2 4 8 16 32 33 64 97 161 225 322 547 a
1 2 4 8 16 32 33 64 97 161 225 386 547 a
1 2 4 8 16 32 33 64 97 161 225 450 547 a
1 2 4 8 16 32 33 64 97 161 322 386 547 a
1 2 4 8 16 32 33 64 97 161 322 483 547 a
1 2 4 8 16 32 33 64 128 129 257 290 547 a
1 2 4 8 16 32 33 64 128 129 257 514 547 a
1 2 4 8 16 32 33 64 128 161 193 354 547 a
1 2 4 8 16 32 33 64 128 161 193 386 547 a
1 2 4 8 16 32 33 64 128 161 225 322 547 a
1 2 4 8 16 32 33 64 128 161 225 386 547 a
1 2 4 8 16 32 33 64 128 161 322 386 547 a
1 2 4 8 16 32 33 64 128 161 322 483 547 a
1 2 4 8 16 32 33 64 128 256 257 290 547 a
1 2 4 8 16 32 33 64 128 256 257 514 547 a
1 2 4 8 16 32 33 64 128 256 258 289 547 a
1 2 4 8 16 32 33 64 128 256 258 291 547 a
1 2 4 8 16 32 33 64 128 256 258 514 547 a
1 2 4 8 16 32 33 64 128 256 289 291 547 a
1 2 4 8 16 32 33 64 128 256 289 545 547 a
1 2 4 8 16 32 33 64 128 256 512 514 547 a
1 2 4 8 16 32 33 64 128 256 512 545 547 a
1 2 4 8 16 32 34 35 64 128 256 291 547 a
1 2 4 8 16 32 34 35 64 128 256 512 547 a
1 2 4 8 16 32 34 64 128 256 257 290 547 a
1 2 4 8 16 32 34 64 128 256 257 291 547 a
1 2 4 8 16 32 34 64 128 256 257 513 547 a
1 2 4 8 16 32 34 64 128 256 290 291 547 a
1 2 4 8 16 32 34 64 128 256 290 546 547 a
1 2 4 8 16 32 34 64 128 256 512 513 547 a
1 2 4 8 16 32 34 64 128 256 512 546 547 a
1 2 4 8 16 32 34 68 69 137 205 342 547 b
1 2 4 8 16 32 34 68 69 137 205 410 547 b
1 2 4 8 16 32 34 68 136 137 205 342 547 b
1 2 4 8 16 32 34 68 136 137 205 410 547 b
1 2 4 8 16 32 34 68 136 137 273 274 547 b
1 2 4 8 16 32 34 68 136 137 273 410 547 b
1 2 4 8 16 32 34 68 136 137 273 546 547 b
1 2 4 8 16 32 34 68 136 137 274 410 547 b
1 2 4 8 16 32 34 68 136 137 274 411 547 b
1 2 4 8 16 32 34 68 136 272 273 274 547 b
1 2 4 8 16 32 34 68 136 272 273 275 547 b
1 2 4 8 16 32 34 68 136 272 273 545 547 b
1 2 4 8 16 32 34 68 136 272 273 546 547 b
1 2 4 8 16 32 34 68 136 272 274 275 547 b
1 2 4 8 16 32 34 68 136 272 274 546 547 b
1 2 4 8 16 32 34 68 136 272 544 545 547 b
1 2 4 8 16 32 34 68 136 272 544 546 547 b
1 2 4 8 16 32 36 68 69 137 205 342 547 b
1 2 4 8 16 32 36 68 69 137 205 410 547 b
1 2 4 8 16 32 36 68 136 137 205 342 547 b
1 2 4 8 16 32 36 68 136 137 205 410 547 b
1 2 4 8 16 32 36 68 136 137 273 274 547 b
1 2 4 8 16 32 36 68 136 137 273 410 547 b
1 2 4 8 16 32 36 68 136 137 273 546 547 b
1 2 4 8 16 32 36 68 136 137 274 410 547 b
1 2 4 8 16 32 36 68 136 137 274 411 547 b
1 2 4 8 16 32 36 68 136 272 273 274 547 b
1 2 4 8 16 32 36 68 136 272 273 275 547 b
1 2 4 8 16 32 36 68 136 272 273 545 547 b
1 2 4 8 16 32 36 68 136 272 273 546 547 b
1 2 4 8 16 32 36 68 136 272 274 275 547 b
1 2 4 8 16 32 36 68 136 272 274 546 547 b
1 2 4 8 16 32 36 68 136 272 544 545 547 b
1 2 4 8 16 32 36 68 136 272 544 546 547 b
1 2 4 8 16 32 40 80 81 161 193 354 547 b
1 2 4 8 16 32 40 80 81 161 193 386 547 b
1 2 4 8 16 32 40 80 160 161 193 354 547 b
1 2 4 8 16 32 40 80 160 161 193 386 547 b
1 2 4 8 16 32 48 49 80 129 209 338 547 a
1 2 4 8 16 32 48 49 80 129 209 418 547 a
1 2 4 8 16 32 48 80 81 129 209 338 547 b
1 2 4 8 16 32 48 80 81 129 209 418 547 b
1 2 4 8 16 32 48 80 81 161 193 354 547 b
1 2 4 8 16 32 48 80 81 161 193 386 547 b
1 2 4 8 16 32 48 80 128 129 209 338 547 b
1 2 4 8 16 32 48 80 128 129 209 418 547 b
1 2 4 8 16 32 48 80 160 161 193 354 547 b
1 2 4 8 16 32 48 80 160 161 193 386 547 b
1 2 4 8 16 32 48 96 97 128 225 322 547 a
1 2 4 8 16 32 48 96 97 128 225 450 547 a
1 2 4 8 16 32 48 96 97 129 225 322 547 b
1 2 4 8 16 32 48 96 97 129 225 450 547 b
1 2 4 8 16 32 48 96 97 193 225 322 547 b
1 2 4 8 16 32 48 96 97 193 225 450 547 b
1 2 4 8 16 32 64 65 80 129 209 338 547 a
1 2 4 8 16 32 64 65 80 129 209 418 547 a
1 2 4 8 16 32 64 65 96 161 193 354 547 a
1 2 4 8 16 32 64 65 96 161 193 386 547 a
1 2 4 8 16 32 64 65 96 161 225 322 547 a
1 2 4 8 16 32 64 65 96 161 225 386 547 a
1 2 4 8 16 32 64 65 96 161 322 386 547 a
1 2 4 8 16 32 64 65 96 161 322 483 547 a
1 2 4 8 16 32 64 65 97 128 225 322 547 a
1 2 4 8 16 32 64 65 97 128 225 450 547 a
1 2 4 8 16 32 64 65 97 161 193 354 547 b
1 2 4 8 16 32 64 65 97 161 193 386 547 b
1 2 4 8 16 32 64 65 97 161 225 322 547 b
1 2 4 8 16 32 64 65 97 161 225 386 547 b
1 2 4 8 16 32 64 65 97 161 225 450 547 b
1 2 4 8 16 32 64 65 97 161 322 386 547 b
1 2 4 8 16 32 64 65 97 161 322 483 547 b
1 2 4 8 16 32 64 65 129 145 209 338 547 b
1 2 4 8 16 32 64 65 129 145 209 418 547 b
1 2 4 8 16 32 64 65 129 161 193 354 547 b
1 2 4 8 16 32 64 65 129 161 193 386 547 b
1 2 4 8 16 32 64 65 129 161 225 322 547 a
1 2 4 8 16 32 64 65 129 161 225 386 547 b
1 2 4 8 16 32 64 65 129 161 322 386 547 b
1 2 4 8 16 32 64 65 129 161 322 483 547 b
1 2 4 8 16 32 64 65 129 193 209 338 547 b
1 2 4 8 16 32 64 65 129 193 209 418 547 b
1 2 4 8 16 32 64 65 129 193 225 322 547 a
1 2 4 8 16 32 64 65 129 193 225 354 547 b
1 2 4 8 16 32 64 65 129 193 225 418 547 b
1 2 4 8 16 32 64 65 129 193 322 354 547 b
1 2 4 8 16 32 64 65 129 193 322 515 547 b
1 2 4 8 16 32 64 65 129 193 386 418 547 b
1 2 4 8 16 32 64 65 129 193 386 515 547 b
1 2 4 8 16 32 64 68 69 137 205 342 547 b
1 2 4 8 16 32 64 68 69 137 205 410 547 b
1 2 4 8 16 32 64 68 136 137 205 342 547 b
1 2 4 8 16 32 64 68 136 137 205 410 547 b
1 2 4 8 16 32 64 68 136 137 273 274 547 b
1 2 4 8 16 32 64 68 136 137 273 410 547 b
1 2 4 8 16 32 64 68 136 137 273 546 547 b
1 2 4 8 16 32 64 68 136 137 274 410 547 b
1 2 4 8 16 32 64 68 136 137 274 411 547 b
1 2 4 8 16 32 64 68 136 272 273 274 547 b
1 2 4 8 16 32 64 68 136 272 273 275 547 b
1 2 4 8 16 32 64 68 136 272 273 545 547 b
1 2 4 8 16 32 64 68 136 272 273 546 547 b
1 2 4 8 16 32 64 68 136 272 274 275 547 b
1 2 4 8 16 32 64 68 136 272 274 546 547 b
1 2 4 8 16 32 64 68 136 272 544 545 547 b
1 2 4 8 16 32 64 68 136 272 544 546 547 b
1 2 4 8 16 32 64 72 136 137 273 274 547 b
1 2 4 8 16 32 64 72 136 137 273 410 547 b
1 2 4 8 16 32 64 72 136 137 273 546 547 b
1 2 4 8 16 32 64 72 136 137 274 410 547 b
1 2 4 8 16 32 64 72 136 137 274 411 547 b
1 2 4 8 16 32 64 72 136 272 273 274 547 b
1 2 4 8 16 32 64 72 136 272 273 275 547 b
1 2 4 8 16 32 64 72 136 272 273 545 547 b
1 2 4 8 16 32 64 72 136 272 273 546 547 b
1 2 4 8 16 32 64 72 136 272 274 275 547 b
1 2 4 8 16 32 64 72 136 272 274 546 547 b
1 2 4 8 16 32 64 72 136 272 544 545 547 b
1 2 4 8 16 32 64 72 136 272 544 546 547 b
1 2 4 8 16 32 64 80 81 161 193 354 547 b
1 2 4 8 16 32 64 80 81 161 193 386 547 b
1 2 4 8 16 32 64 80 81 161 225 322 547 a
1 2 4 8 16 32 64 80 81 161 225 386 547 b
1 2 4 8 16 32 64 80 81 161 322 386 547 b
1 2 4 8 16 32 64 80 81 161 322 483 547 b
1 2 4 8 16 32 64 80 128 129 209 338 547 a
1 2 4 8 16 32 64 80 128 129 209 418 547 a
1 2 4 8 16 32 64 80 160 161 193 354 547 b
1 2 4 8 16 32 64 80 160 161 193 386 547 b
1 2 4 8 16 32 64 80 160 161 225 322 547 a
1 2 4 8 16 32 64 80 160 161 225 386 547 b
1 2 4 8 16 32 64 80 160 161 322 386 547 b
1 2 4 8 16 32 64 80 160 161 322 483 547 b
1 2 4 8 16 32 64 96 97 128 225 322 547 a
1 2 4 8 16 32 64 96 97 128 225 450 547 a
1 2 4 8 16 32 64 96 97 129 225 322 547 b
1 2 4 8 16 32 64 96 97 129 225 450 547 b
1 2 4 8 16 32 64 96 97 161 193 354 547 b
1 2 4 8 16 32 64 96 97 161 193 386 547 b
1 2 4 8 16 32 64 96 97 161 225 322 547 b
1 2 4 8 16 32 64 96 97 161 225 386 547 b
1 2 4 8 16 32 64 96 97 161 225 450 547 b
1 2 4 8 16 32 64 96 97 161 322 386 547 b
1 2 4 8 16 32 64 96 97 161 322 483 547 b
1 2 4 8 16 32 64 96 97 193 225 322 547 b
1 2 4 8 16 32 64 96 97 193 225 450 547 b
1 2 4 8 16 32 64 96 97 193 257 290 547 a
1 2 4 8 16 32 64 96 97 193 257 354 547 b
1 2 4 8 16 32 64 96 97 193 257 450 547 b
1 2 4 8 16 32 64 96 97 193 290 354 547 b
1 2 4 8 16 32 64 96 97 193 290 483 547 b
1 2 4 8 16 32 64 96 97 193 386 450 547 b
1 2 4 8 16 32 64 96 97 193 386 483 547 b
1 2 4 8 16 32 64 96 160 161 193 354 547 b
1 2 4 8 16 32 64 96 160 161 193 386 547 b
1 2 4 8 16 32 64 96 160 161 225 322 547 a
1 2 4 8 16 32 64 96 160 161 225 386 547 b
1 2 4 8 16 32 64 96 160 161 322 386 547 b
1 2 4 8 16 32 64 96 160 161 322 483 547 b
1 2 4 8 16 32 64 128 129 144 273 274 547 a
1 2 4 8 16 32 64 128 129 144 273 546 547 a
1 2 4 8 16 32 64 128 129 145 209 338 547 b
1 2 4 8 16 32 64 128 129 145 209 418 547 b
1 2 4 8 16 32 64 128 129 145 257 290 547 a
1 2 4 8 16 32 64 128 129 145 257 402 547 a
1 2 4 8 16 32 64 128 129 145 273 274 547 b
1 2 4 8 16 32 64 128 129 145 273 402 547 b
1 2 4 8 16 32 64 128 129 145 273 418 547 b
1 2 4 8 16 32 64 128 129 145 273 546 547 b
1 2 4 8 16 32 64 128 129 145 274 402 547 b
1 2 4 8 16 32 64 128 129 145 274 419 547 b
1 2 4 8 16 32 64 128 129 145 290 418 547 b
1 2 4 8 16 32 64 128 129 145 290 419 547 b
1 2 4 8 16 32 64 128 129 160 258 289 547 a
1 2 4 8 16 32 64 128 129 160 258 387 547 a
1 2 4 8 16 32 64 128 129 160 258 418 547 a
1 2 4 8 16 32 64 128 129 160 289 418 547 a
1 2 4 8 16 32 64 128 129 161 193 354 547 b
1 2 4 8 16 32 64 128 129 161 193 386 547 b
1 2 4 8 16 32 64 128 129 161 225 322 547 a
1 2 4 8 16 32 64 128 129 161 225 386 547 b
1 2 4 8 16 32 64 128 129 161 257 290 547 a
1 2 4 8 16 32 64 128 129 161 257 386 547 a
1 2 4 8 16 32 64 128 129 161 257 418 547 a
1 2 4 8 16 32 64 128 129 161 258 289 547 a
1 2 4 8 16 32 64 128 129 161 258 386 547 a
1 2 4 8 16 32 64 128 129 161 258 419 547 a
1 2 4 8 16 32 64 128 129 161 289 418 547 b
1 2 4 8 16 32 64 128 129 161 290 418 547 b
1 2 4 8 16 32 64 128 129 161 290 419 547 b
1 2 4 8 16 32 64 128 129 161 322 386 547 b
1 2 4 8 16 32 64 128 129 161 322 483 547 b
1 2 4 8 16 32 64 128 129 193 209 338 547 b
1 2 4 8 16 32 64 128 129 193 209 418 547 b
1 2 4 8 16 32 64 128 129 193 225 322 547 a
1 2 4 8 16 32 64 128 129 193 225 354 547 b
1 2 4 8 16 32 64 128 129 193 225 418 547 b
1 2 4 8 16 32 64 128 129 193 322 354 547 b
1 2 4 8 16 32 64 128 129 193 322 515 547 b
1 2 4 8 16 32 64 128 129 193 386 418 547 b
1 2 4 8 16 32 64 128 129 193 386 515 547 b
1 2 4 8 16 32 64 128 129 257 258 289 547 a
1 2 4 8 16 32 64 128 129 257 258 290 547 b
1 2 4 8 16 32 64 128 129 257 258 515 547 b
1 2 4 8 16 32 64 128 129 257 273 274 547 b
1 2 4 8 16 32 64 128 129 257 273 546 547 b
1 2 4 8 16 32 64 128 129 257 289 290 547 b
1 2 4 8 16 32 64 128 129 257 289 418 547 b
1 2 4 8 16 32 64 128 129 257 289 546 547 b
1 2 4 8 16 32 64 128 129 257 386 418 547 b
1 2 4 8 16 32 64 128 129 257 386 515 547 b
1 2 4 8 16 32 64 128 129 257 514 515 547 b
1 2 4 8 16 32 64 128 129 257 514 546 547 b
1 2 4 8 16 32 64 128 129 258 290 418 547 b
1 2 4 8 16 32 64 128 129 258 290 419 547 b
1 2 4 8 16 32 64 128 129 258 386 418 547 b
1 2 4 8 16 32 64 128 129 258 386 515 547 b
1 2 4 8 16 32 64 128 129 258 387 419 547 b
1 2 4 8 16 32 64 128 129 258 387 515 547 b
1 2 4 8 16 32 64 128 136 137 273 274 547 b
1 2 4 8 16 32 64 128 136 137 273 410 547 b
1 2 4 8 16 32 64 128 136 137 273 546 547 b
1 2 4 8 16 32 64 128 136 137 274 410 547 b
1 2 4 8 16 32 64 128 136 137 274 411 547 b
1 2 4 8 16 32 64 128 136 272 273 274 547 b
1 2 4 8 16 32 64 128 136 272 273 275 547 b
1 2 4 8 16 32 64 128 136 272 273 545 547 b
1 2 4 8 16 32 64 128 136 272 273 546 547 b
1 2 4 8 16 32 64 128 136 272 274 275 547 b
1 2 4 8 16 32 64 128 136 272 274 546 547 b
1 2 4 8 16 32 64 128 136 272 544 545 547 b
1 2 4 8 16 32 64 128 136 272 544 546 547 b
1 2 4 8 16 32 64 128 144 145 273 274 547 b
1 2 4 8 16 32 64 128 144 145 273 546 547 b
1 2 4 8 16 32 64 128 144 272 273 274 547 b
1 2 4 8 16 32 64 128 144 272 273 275 547 b
1 2 4 8 16 32 64 128 144 272 273 545 547 b
1 2 4 8 16 32 64 128 144 272 273 546 547 b
1 2 4 8 16 32 64 128 144 272 274 275 547 b
1 2 4 8 16 32 64 128 144 272 274 546 547 b
1 2 4 8 16 32 64 128 144 272 544 545 547 b
1 2 4 8 16 32 64 128 144 272 544 546 547 b
1 2 4 8 16 32 64 128 160 161 193 354 547 b
1 2 4 8 16 32 64 128 160 161 193 386 547 b
1 2 4 8 16 32 64 128 160 161 225 322 547 a
1 2 4 8 16 32 64 128 160 161 225 386 547 b
1 2 4 8 16 32 64 128 160 161 322 386 547 b
1 2 4 8 16 32 64 128 160 161 322 483 547 b
1 2 4 8 16 32 64 128 256 257 258 289 547 a
1 2 4 8 16 32 64 128 256 257 258 290 547 b
1 2 4 8 16 32 64 128 256 257 258 515 547 b
1 2 4 8 16 32 64 128 256 257 259 288 547 a
1 2 4 8 16 32 64 128 256 257 259 291 547 b
1 2 4 8 16 32 64 128 256 257 259 515 547 b
1 2 4 8 16 32 64 128 256 257 273 274 547 b
1 2 4 8 16 32 64 128 256 257 273 546 547 b
1 2 4 8 16 32 64 128 256 257 288 290 547 a
1 2 4 8 16 32 64 128 256 257 288 545 547 a
1 2 4 8 16 32 64 128 256 257 289 290 547 b
1 2 4 8 16 32 64 128 256 257 289 291 547 b
1 2 4 8 16 32 64 128 256 257 289 545 547 b
1 2 4 8 16 32 64 128 256 257 289 546 547 b
1 2 4 8 16 32 64 128 256 257 513 515 547 b
1 2 4 8 16 32 64 128 256 257 513 545 547 b
1 2 4 8 16 32 64 128 256 257 514 515 547 b
1 2 4 8 16 32 64 128 256 257 514 546 547 b
1 2 4 8 16 32 64 128 256 258 259 288 547 a
1 2 4 8 16 32 64 128 256 258 259 291 547 b
1 2 4 8 16 32 64 128 256 258 259 515 547 b
1 2 4 8 16 32 64 128 256 258 288 289 547 a
1 2 4 8 16 32 64 128 256 258 288 546 547 a
1 2 4 8 16 32 64 128 256 258 290 291 547 b
1 2 4 8 16 32 64 128 256 258 290 546 547 b
1 2 4 8 16 32 64 128 256 258 514 515 547 b
1 2 4 8 16 32 64 128 256 258 514 546 547 b
1 2 4 8 16 32 64 128 256 272 273 274 547 b
1 2 4 8 16 32 64 128 256 272 273 275 547 b
1 2 4 8 16 32 64 128 256 272 273 545 547 b
1 2 4 8 16 32 64 128 256 272 273 546 547 b
1 2 4 8 16 32 64 128 256 272 274 275 547 b
1 2 4 8 16 32 64 128 256 272 274 546 547 b
1 2 4 8 16 32 64 128 256 272 544 545 547 b
1 2 4 8 16 32 64 128 256 272 544 546 547 b
1 2 4 8 16 32 64 128 256 288 289 291 547 b
1 2 4 8 16 32 64 128 256 288 289 545 547 b
1 2 4 8 16 32 64 128 256 288 290 291 547 b
1 2 4 8 16 32 64 128 256 288 290 546 547 b
1 2 4 8 16 32 64 128 256 288 544 545 547 b
1 2 4 8 16 32 64 128 256 288 544 546 547 b
1 2 4 8 16 32 64 128 256 512 513 515 547 b
1 2 4 8 16 32 64 128 256 512 513 545 547 b
1 2 4 8 16 32 64 128 256 512 514 515 547 b
1 2 4 8 16 32 64 128 256 512 514 546 547 b
1 2 4 8 16 32 64 128 256 512 544 545 547 b
1 2 4 8 16 32 64 128 256 512 544 546 547 b
