1 2 3 6 9 18 36 72 73 145 290 580 b
1 2 3 6 9 18 36 72 144 145 290 580 b
1 2 3 6 9 18 36 72 144 146 290 580 b
1 2 3 6 9 18 36 72 144 288 290 580 b
1 2 3 6 12 18 36 72 73 145 290 580 b
1 2 3 6 12 18 36 72 144 145 290 580 b
1 2 3 6 12 18 36 72 144 146 290 580 b
1 2 3 6 12 18 36 72 144 288 290 580 b
1 2 3 6 12 24 36 72 73 145 290 580 b
1 2 3 6 12 24 36 72 144 145 290 580 b
1 2 3 6 12 24 36 72 144 146 290 580 b
1 2 3 6 12 24 36 72 144 288 290 580 b
1 2 3 6 12 24 48 49 96 145 290 580 a
1 2 3 6 12 24 48 49 97 145 290 580 b
1 2 3 6 12 24 48 72 73 145 290 580 b
1 2 3 6 12 24 48 72 144 145 290 580 b
1 2 3 6 12 24 48 72 144 146 290 580 b
1 2 3 6 12 24 48 72 144 288 290 580 b
1 2 3 6 12 24 48 96 97 145 290 580 b
1 2 3 6 12 24 48 96 97 193 290 580 b
1 2 3 6 12 24 48 96 97 194 290 580 b
1 2 3 6 12 24 48 96 98 192 290 580 a
1 2 3 6 12 24 48 96 98 194 290 580 b
1 2 3 6 12 24 48 96 144 145 290 580 b
1 2 3 6 12 24 48 96 144 146 290 580 b
1 2 3 6 12 24 48 96 144 288 290 580 b
1 2 3 6 12 24 48 96 192 194 290 580 b
1 2 3 6 12 24 48 96 192 194 386 580 b
1 2 3 6 12 24 48 96 192 194 388 580 b
1 2 3 6 12 24 48 96 192 288 290 580 b
1 2 4 5 9 18 36 72 73 145 290 580 b
1 2 4 5 9 18 36 72 144 145 290 580 b
1 2 4 5 9 18 36 72 144 146 290 580 b
1 2 4 5 9 18 36 72 144 288 290 580 b
1 2 4 5 9 18 36 72 144 288 292 580 b
1 2 4 5 9 18 36 72 144 288 576 580 b
1 2 4 6 12 18 36 72 73 145 290 580 b
1 2 4 6 12 18 36 72 144 145 290 580 b
1 2 4 6 12 18 36 72 144 146 290 580 b
1 2 4 6 12 18 36 72 144 288 290 580 b
1 2 4 6 12 18 36 72 144 288 292 580 b
1 2 4 6 12 18 36 72 144 288 576 580 b
1 2 4 6 12 24 36 72 73 145 290 580 b
1 2 4 6 12 24 36 72 144 145 290 580 b
1 2 4 6 12 24 36 72 144 146 290 580 b
1 2 4 6 12 24 36 72 144 288 290 580 b
1 2 4 6 12 24 36 72 144 288 292 580 b
1 2 4 6 12 24 36 72 144 288 576 580 b
1 2 4 6 12 24 48 49 96 145 290 580 a
1 2 4 6 12 24 48 49 97 145 290 580 b
1 2 4 6 12 24 48 72 73 145 290 580 b
1 2 4 6 12 24 48 72 144 145 290 580 b
1 2 4 6 12 24 48 72 144 146 290 580 b
1 2 4 6 12 24 48 72 144 288 290 580 b
1 2 4 6 12 24 48 72 144 288 292 580 b
1 2 4 6 12 24 48 72 144 288 576 580 b
1 2 4 6 12 24 48 96 97 145 290 580 b
1 2 4 6 12 24 48 96 97 193 290 580 b
1 2 4 6 12 24 48 96 97 194 290 580 b
1 2 4 6 12 24 48 96 98 192 290 580 a
1 2 4 6 12 24 48 96 98 194 290 580 b
1 2 4 6 12 24 48 96 144 145 290 580 b
1 2 4 6 12 24 48 96 144 146 290 580 b
1 2 4 6 12 24 48 96 144 288 290 580 b
1 2 4 6 12 24 48 96 144 288 292 580 b
1 2 4 6 12 24 48 96 144 288 576 580 b
1 2 4 6 12 24 48 96 192 194 290 580 b
1 2 4 6 12 24 48 96 192 194 386 580 b
1 2 4 6 12 24 48 96 192 194 388 580 b
1 2 4 6 12 24 48 96 192 196 384 580 a
1 2 4 6 12 24 48 96 192 196 388 580 b
1 2 4 6 12 24 48 96 192 288 290 580 b
1 2 4 6 12 24 48 96 192 288 292 580 b
1 2 4 6 12 24 48 96 192 288 576 580 b
1 2 4 6 12 24 48 96 192 384 388 580 b
1 2 4 6 12 24 48 96 192 384 576 580 b
1 2 4 8 9 17 34 68 77 145 290 580 b
1 2 4 8 9 17 34 68 136 145 290 580 b
1 2 4 8 9 18 36 72 73 145 290 580 b
1 2 4 8 9 18 36 72 144 145 290 580 b
1 2 4 8 9 18 36 72 144 146 290 580 b
1 2 4 8 9 18 36 72 144 288 290 580 b
1 2 4 8 9 18 36 72 144 288 292 580 b
1 2 4 8 9 18 36 72 144 288 576 580 b
1 2 4 8 10 18 36 72 73 145 290 580 b
1 2 4 8 10 18 36 72 144 145 290 580 b
1 2 4 8 10 18 36 72 144 146 290 580 b
1 2 4 8 10 18 36 72 144 288 290 580 b
1 2 4 8 10 18 36 72 144 288 292 580 b
1 2 4 8 10 18 36 72 144 288 576 580 b
1 2 4 8 12 24 36 72 73 145 290 580 b
1 2 4 8 12 24 36 72 144 145 290 580 b
1 2 4 8 12 24 36 72 144 146 290 580 b
1 2 4 8 12 24 36 72 144 288 290 580 b
1 2 4 8 12 24 36 72 144 288 292 580 b
1 2 4 8 12 24 36 72 144 288 576 580 b
1 2 4 8 12 24 48 49 96 145 290 580 a
1 2 4 8 12 24 48 49 97 145 290 580 b
1 2 4 8 12 24 48 72 73 145 290 580 b
1 2 4 8 12 24 48 72 144 145 290 580 b
1 2 4 8 12 24 48 72 144 146 290 580 b
1 2 4 8 12 24 48 72 144 288 290 580 b
1 2 4 8 12 24 48 72 144 288 292 580 b
1 2 4 8 12 24 48 72 144 288 576 580 b
1 2 4 8 12 24 48 96 97 145 290 580 b
1 2 4 8 12 24 48 96 97 193 290 580 b
1 2 4 8 12 24 48 96 97 194 290 580 b
1 2 4 8 12 24 48 96 98 192 290 580 a
1 2 4 8 12 24 48 96 98 194 290 580 b
1 2 4 8 12 24 48 96 144 145 290 580 b
1 2 4 8 12 24 48 96 144 146 290 580 b
1 2 4 8 12 24 48 96 144 288 290 580 b
1 2 4 8 12 24 48 96 144 288 292 580 b
1 2 4 8 12 24 48 96 144 288 576 580 b
1 2 4 8 12 24 48 96 192 194 290 580 b
1 2 4 8 12 24 48 96 192 194 386 580 b
1 2 4 8 12 24 48 96 192 194 388 580 b
1 2 4 8 12 24 48 96 192 196 384 580 a
1 2 4 8 12 24 48 96 192 196 388 580 b
1 2 4 8 12 24 48 96 192 288 290 580 b
1 2 4 8 12 24 48 96 192 288 292 580 b
1 2 4 8 12 24 48 96 192 288 576 580 b
1 2 4 8 12 24 48 96 192 384 388 580 b
1 2 4 8 12 24 48 96 192 384 576 580 b
1 2 4 8 16 17 32 64 81 145 290 580 a
1 2 4 8 16 17 32 64 128 145 290 580 a
1 2 4 8 16 18 34 68 136 154 290 580 b
1 2 4 8 16 18 34 68 136 272 290 580 b
1 2 4 8 16 18 36 72 73 145 290 580 b
1 2 4 8 16 18 36 72 144 145 290 580 b
1 2 4 8 16 18 36 72 144 146 290 580 b
1 2 4 8 16 18 36 72 144 288 290 580 b
1 2 4 8 16 18 36 72 144 288 292 580 b
1 2 4 8 16 18 36 72 144 288 576 580 b
1 2 4 8 16 20 36 72 73 145 290 580 b
1 2 4 8 16 20 36 72 144 145 290 580 b
1 2 4 8 16 20 36 72 144 146 290 580 b
1 2 4 8 16 20 36 72 144 288 290 580 b
1 2 4 8 16 20 36 72 144 288 292 580 b
1 2 4 8 16 20 36 72 144 288 576 580 b
1 2 4 8 16 24 48 49 96 145 290 580 a
1 2 4 8 16 24 48 49 97 145 290 580 b
1 2 4 8 16 24 48 72 73 145 290 580 b
1 2 4 8 16 24 48 72 144 145 290 580 b
1 2 4 8 16 24 48 72 144 146 290 580 b
1 2 4 8 16 24 48 72 144 288 290 580 b
1 2 4 8 16 24 48 72 144 288 292 580 b
1 2 4 8 16 24 48 72 144 288 576 580 b
1 2 4 8 16 24 48 96 97 145 290 580 b
1 2 4 8 16 24 48 96 97 193 290 580 b
1 2 4 8 16 24 48 96 97 194 290 580 b
1 2 4 8 16 24 48 96 98 192 290 580 a
1 2 4 8 16 24 48 96 98 194 290 580 b
1 2 4 8 16 24 48 96 144 145 290 580 b
1 2 4 8 16 24 48 96 144 146 290 580 b
1 2 4 8 16 24 48 96 144 288 290 580 b
1 2 4 8 16 24 48 96 144 288 292 580 b
1 2 4 8 16 24 48 96 144 288 576 580 b
1 2 4 8 16 24 48 96 192 194 290 580 b
1 2 4 8 16 24 48 96 192 194 386 580 b
1 2 4 8 16 24 48 96 192 194 388 580 b
1 2 4 8 16 24 48 96 192 196 384 580 a
1 2 4 8 16 24 48 96 192 196 388 580 b
1 2 4 8 16 24 48 96 192 288 290 580 b
1 2 4 8 16 24 48 96 192 288 292 580 b
1 2 4 8 16 24 48 96 192 288 576 580 b
1 2 4 8 16 24 48 96 192 384 388 580 b
1 2 4 8 16 24 48 96 192 384 576 580 b
1 2 4 8 16 32 34 64 128 162 290 580 a
1 2 4 8 16 32 34 64 128 256 290 580 a
1 2 4 8 16 32 36 68 136 272 308 580 b
1 2 4 8 16 32 36 68 136 272 544 580 b
1 2 4 8 16 32 36 72 73 145 290 580 b
1 2 4 8 16 32 36 72 144 145 290 580 b
1 2 4 8 16 32 36 72 144 146 290 580 b
1 2 4 8 16 32 36 72 144 288 290 580 b
1 2 4 8 16 32 36 72 144 288 292 580 b
1 2 4 8 16 32 36 72 144 288 576 580 b
1 2 4 8 16 32 40 72 73 145 290 580 b
1 2 4 8 16 32 40 72 144 145 290 580 b
1 2 4 8 16 32 40 72 144 146 290 580 b
1 2 4 8 16 32 40 72 144 288 290 580 b
1 2 4 8 16 32 40 72 144 288 292 580 b
1 2 4 8 16 32 40 72 144 288 576 580 b
1 2 4 8 16 32 48 49 96 145 290 580 a
1 2 4 8 16 32 48 49 97 145 290 580 b
1 2 4 8 16 32 48 96 97 145 290 580 b
1 2 4 8 16 32 48 96 97 193 290 580 b
1 2 4 8 16 32 48 96 97 194 290 580 b
1 2 4 8 16 32 48 96 98 192 290 580 a
1 2 4 8 16 32 48 96 98 194 290 580 b
1 2 4 8 16 32 48 96 144 145 290 580 b
1 2 4 8 16 32 48 96 144 146 290 580 b
1 2 4 8 16 32 48 96 144 288 290 580 b
1 2 4 8 16 32 48 96 144 288 292 580 b
1 2 4 8 16 32 48 96 144 288 576 580 b
1 2 4 8 16 32 48 96 192 194 290 580 b
1 2 4 8 16 32 48 96 192 194 386 580 b
1 2 4 8 16 32 48 96 192 194 388 580 b
1 2 4 8 16 32 48 96 192 196 384 580 a
1 2 4 8 16 32 48 96 192 196 388 580 b
1 2 4 8 16 32 48 96 192 288 290 580 b
1 2 4 8 16 32 48 96 192 288 292 580 b
1 2 4 8 16 32 48 96 192 288 576 580 b
1 2 4 8 16 32 48 96 192 384 388 580 b
1 2 4 8 16 32 48 96 192 384 576 580 b
1 2 4 8 16 32 64 65 80 145 290 580 a
1 2 4 8 16 32 64 65 81 145 290 580 b
1 2 4 8 16 32 64 65 129 145 290 580 b
1 2 4 8 16 32 64 65 129 161 290 580 b
1 2 4 8 16 32 64 65 129 258 290 580 b
1 2 4 8 16 32 64 65 129 258 322 580 b
1 2 4 8 16 32 64 65 129 258 516 580 b
1 2 4 8 16 32 64 68 128 256 324 580 a
1 2 4 8 16 32 64 68 128 256 512 580 a
1 2 4 8 16 32 64 72 73 145 290 580 b
1 2 4 8 16 32 64 72 144 145 290 580 b
1 2 4 8 16 32 64 72 144 146 290 580 b
1 2 4 8 16 32 64 72 144 288 290 580 b
1 2 4 8 16 32 64 72 144 288 292 580 b
1 2 4 8 16 32 64 72 144 288 576 580 b
1 2 4 8 16 32 64 80 81 145 290 580 b
1 2 4 8 16 32 64 80 144 145 290 580 b
1 2 4 8 16 32 64 80 144 146 290 580 b
1 2 4 8 16 32 64 80 144 288 290 580 b
1 2 4 8 16 32 64 80 144 288 292 580 b
1 2 4 8 16 32 64 80 144 288 576 580 b
1 2 4 8 16 32 64 96 97 193 290 580 b
1 2 4 8 16 32 64 96 97 194 290 580 b
1 2 4 8 16 32 64 96 98 192 290 580 a
1 2 4 8 16 32 64 96 98 194 290 580 b
1 2 4 8 16 32 64 96 192 194 290 580 b
1 2 4 8 16 32 64 96 192 194 386 580 b
1 2 4 8 16 32 64 96 192 194 388 580 b
1 2 4 8 16 32 64 96 192 196 384 580 a
1 2 4 8 16 32 64 96 192 196 388 580 b
1 2 4 8 16 32 64 96 192 288 290 580 b
1 2 4 8 16 32 64 96 192 288 292 580 b
1 2 4 8 16 32 64 96 192 288 576 580 b
1 2 4 8 16 32 64 96 192 384 388 580 b
1 2 4 8 16 32 64 96 192 384 576 580 b
1 2 4 8 16 32 64 128 129 145 290 580 b
1 2 4 8 16 32 64 128 129 161 290 580 b
1 2 4 8 16 32 64 128 129 258 290 580 b
1 2 4 8 16 32 64 128 129 258 322 580 b
1 2 4 8 16 32 64 128 129 258 516 580 b
1 2 4 8 16 32 64 128 130 160 290 580 a
1 2 4 8 16 32 64 128 130 162 290 580 b
1 2 4 8 16 32 64 128 130 258 290 580 b
1 2 4 8 16 32 64 128 130 258 322 580 b
1 2 4 8 16 32 64 128 130 258 516 580 b
1 2 4 8 16 32 64 128 144 145 290 580 b
1 2 4 8 16 32 64 128 144 146 290 580 b
1 2 4 8 16 32 64 128 144 288 290 580 b
1 2 4 8 16 32 64 128 144 288 292 580 b
1 2 4 8 16 32 64 128 144 288 576 580 b
1 2 4 8 16 32 64 128 160 162 290 580 b
1 2 4 8 16 32 64 128 160 288 290 580 b
1 2 4 8 16 32 64 128 160 288 292 580 b
1 2 4 8 16 32 64 128 160 288 576 580 b
1 2 4 8 16 32 64 128 192 194 386 580 b
1 2 4 8 16 32 64 128 192 194 388 580 b
1 2 4 8 16 32 64 128 192 196 384 580 a
1 2 4 8 16 32 64 128 192 196 388 580 b
1 2 4 8 16 32 64 128 192 384 388 580 b
1 2 4 8 16 32 64 128 192 384 576 580 b
1 2 4 8 16 32 64 128 256 258 290 580 b
1 2 4 8 16 32 64 128 256 258 322 580 b
1 2 4 8 16 32 64 128 256 258 516 580 b
1 2 4 8 16 32 64 128 256 260 320 580 a
1 2 4 8 16 32 64 128 256 260 324 580 b
1 2 4 8 16 32 64 128 256 260 516 580 b
1 2 4 8 16 32 64 128 256 288 290 580 b
1 2 4 8 16 32 64 128 256 288 292 580 b
1 2 4 8 16 32 64 128 256 288 576 580 b
1 2 4 8 16 32 64 128 256 320 324 580 b
1 2 4 8 16 32 64 128 256 320 576 580 b
1 2 4 8 16 32 64 128 256 512 516 580 b
1 2 4 8 16 32 64 128 256 512 576 580 b
