1 2 4 8 9 17 34 68 136 272 273 545 b
1 2 4 8 9 17 34 68 136 272 544 545 b
1 2 4 8 16 17 33 66 132 264 281 545 b
1 2 4 8 16 17 33 66 132 264 528 545 b
1 2 4 8 16 17 34 68 136 272 273 545 b
1 2 4 8 16 17 34 68 136 272 544 545 b
1 2 4 8 16 18 34 68 136 272 273 545 b
1 2 4 8 16 18 34 68 136 272 544 545 b
1 2 4 8 16 32 33 64 128 256 289 545 a
1 2 4 8 16 32 33 64 128 256 512 545 a
1 2 4 8 16 32 34 68 136 272 273 545 b
1 2 4 8 16 32 34 68 136 272 544 545 b
1 2 4 8 16 32 36 68 136 272 273 545 b
1 2 4 8 16 32 36 68 136 272 544 545 b
1 2 4 8 16 32 64 68 136 272 273 545 b
1 2 4 8 16 32 64 68 136 272 544 545 b
1 2 4 8 16 32 64 72 136 272 273 545 b
1 2 4 8 16 32 64 72 136 272 544 545 b
1 2 4 8 16 32 64 128 136 272 273 545 b
1 2 4 8 16 32 64 128 136 272 544 545 b
1 2 4 8 16 32 64 128 144 272 273 545 b
1 2 4 8 16 32 64 128 144 272 544 545 b
1 2 4 8 16 32 64 128 256 257 288 545 a
1 2 4 8 16 32 64 128 256 257 289 545 b
1 2 4 8 16 32 64 128 256 257 513 545 b
1 2 4 8 16 32 64 128 256 272 273 545 b
1 2 4 8 16 32 64 128 256 272 544 545 b
1 2 4 8 16 32 64 128 256 288 289 545 b
1 2 4 8 16 32 64 128 256 288 544 545 b
1 2 4 8 16 32 64 128 256 512 513 545 b
1 2 4 8 16 32 64 128 256 512 544 545 b
