1 2 3 4 8 16 32 35 67 134 268 536 b
1 2 3 4 8 16 32 64 67 134 268 536 b
1 2 3 5 8 16 32 35 67 134 268 536 b
1 2 3 5 8 16 32 64 67 134 268 536 b
1 2 3 6 8 16 32 35 67 134 268 536 b
1 2 3 6 8 16 32 64 67 134 268 536 b
1 2 3 6 8 16 32 64 70 134 268 536 b
1 2 3 6 8 16 32 64 128 134 268 536 b
1 2 4 6 8 16 32 64 70 134 268 536 b
1 2 4 6 8 16 32 64 128 134 268 536 b
1 2 4 6 10 16 32 64 70 134 268 536 b
1 2 4 6 10 16 32 64 128 134 268 536 b
1 2 4 6 12 16 32 64 70 134 268 536 b
1 2 4 6 12 16 32 64 128 134 268 536 b
1 2 4 6 12 16 32 64 128 140 268 536 b
1 2 4 6 12 16 32 64 128 256 268 536 b
1 2 4 8 9 17 25 42 67 134 268 536 b
1 2 4 8 9 17 25 50 67 134 268 536 b
1 2 4 8 12 16 32 64 128 140 268 536 b
1 2 4 8 12 16 32 64 128 256 268 536 b
1 2 4 8 12 20 32 64 128 140 268 536 b
1 2 4 8 12 20 32 64 128 256 268 536 b
1 2 4 8 12 24 32 64 128 140 268 536 b
1 2 4 8 12 24 32 64 128 256 268 536 b
1 2 4 8 12 24 32 64 128 256 280 536 b
1 2 4 8 12 24 32 64 128 256 512 536 b
1 2 4 8 16 17 25 42 67 134 268 536 b
1 2 4 8 16 17 25 50 67 134 268 536 b
1 2 4 8 16 17 33 34 67 134 268 536 b
1 2 4 8 16 17 33 50 67 134 268 536 b
1 2 4 8 16 17 33 66 67 134 268 536 b
1 2 4 8 16 17 33 66 68 134 268 536 b
1 2 4 8 16 17 33 66 132 134 268 536 b
1 2 4 8 16 17 33 66 132 136 268 536 b
1 2 4 8 16 17 33 66 132 264 268 536 b
1 2 4 8 16 17 33 66 132 264 272 536 b
1 2 4 8 16 17 33 66 132 264 528 536 b
1 2 4 8 16 17 34 50 67 134 268 536 b
1 2 4 8 16 17 34 50 84 134 268 536 b
1 2 4 8 16 17 34 50 100 134 268 536 b
1 2 4 8 16 17 34 51 67 134 268 536 b
1 2 4 8 16 18 34 50 84 134 268 536 b
1 2 4 8 16 18 34 50 100 134 268 536 b
1 2 4 8 16 24 32 64 128 256 280 536 b
1 2 4 8 16 24 32 64 128 256 512 536 b
1 2 4 8 16 24 40 64 128 256 280 536 b
1 2 4 8 16 24 40 64 128 256 512 536 b
1 2 4 8 16 24 48 64 128 256 280 536 b
1 2 4 8 16 24 48 64 128 256 512 536 b
1 2 4 8 16 32 33 34 67 134 268 536 b
1 2 4 8 16 32 33 35 67 134 268 536 b
1 2 4 8 16 32 33 65 67 134 268 536 b
1 2 4 8 16 32 33 65 69 134 268 536 b
1 2 4 8 16 32 33 65 130 134 268 536 b
1 2 4 8 16 32 33 65 130 138 268 536 b
1 2 4 8 16 32 33 65 130 260 268 536 b
1 2 4 8 16 32 33 65 130 260 276 536 b
1 2 4 8 16 32 33 65 130 260 520 536 b
1 2 4 8 16 32 33 66 67 134 268 536 b
1 2 4 8 16 32 33 66 68 134 268 536 b
1 2 4 8 16 32 33 66 132 134 268 536 b
1 2 4 8 16 32 33 66 132 136 268 536 b
1 2 4 8 16 32 33 66 132 264 268 536 b
1 2 4 8 16 32 33 66 132 264 272 536 b
1 2 4 8 16 32 33 66 132 264 528 536 b
1 2 4 8 16 32 34 35 67 134 268 536 b
1 2 4 8 16 32 34 50 84 134 268 536 b
1 2 4 8 16 32 34 50 100 134 268 536 b
1 2 4 8 16 32 34 66 67 134 268 536 b
1 2 4 8 16 32 34 66 68 134 268 536 b
1 2 4 8 16 32 34 66 100 134 268 536 b
1 2 4 8 16 32 34 66 132 134 268 536 b
1 2 4 8 16 32 34 66 132 136 268 536 b
1 2 4 8 16 32 34 66 132 264 268 536 b
1 2 4 8 16 32 34 66 132 264 272 536 b
1 2 4 8 16 32 34 66 132 264 528 536 b
1 2 4 8 16 32 34 68 100 134 268 536 b
1 2 4 8 16 32 34 68 100 168 268 536 b
1 2 4 8 16 32 34 68 100 200 268 536 b
1 2 4 8 16 32 34 68 102 134 268 536 b
1 2 4 8 16 32 36 68 100 168 268 536 b
1 2 4 8 16 32 36 68 100 200 268 536 b
1 2 4 8 16 32 64 65 67 134 268 536 b
1 2 4 8 16 32 64 65 69 134 268 536 b
1 2 4 8 16 32 64 65 130 134 268 536 b
1 2 4 8 16 32 64 65 130 138 268 536 b
1 2 4 8 16 32 64 65 130 260 268 536 b
1 2 4 8 16 32 64 65 130 260 276 536 b
1 2 4 8 16 32 64 65 130 260 520 536 b
1 2 4 8 16 32 64 66 67 134 268 536 b
1 2 4 8 16 32 64 66 68 134 268 536 b
1 2 4 8 16 32 64 66 70 134 268 536 b
1 2 4 8 16 32 64 66 130 134 268 536 b
1 2 4 8 16 32 64 66 130 138 268 536 b
1 2 4 8 16 32 64 66 130 260 268 536 b
1 2 4 8 16 32 64 66 130 260 276 536 b
1 2 4 8 16 32 64 66 130 260 520 536 b
1 2 4 8 16 32 64 66 132 134 268 536 b
1 2 4 8 16 32 64 66 132 136 268 536 b
1 2 4 8 16 32 64 66 132 264 268 536 b
1 2 4 8 16 32 64 66 132 264 272 536 b
1 2 4 8 16 32 64 66 132 264 528 536 b
1 2 4 8 16 32 64 68 70 134 268 536 b
1 2 4 8 16 32 64 68 100 168 268 536 b
1 2 4 8 16 32 64 68 100 200 268 536 b
1 2 4 8 16 32 64 68 132 134 268 536 b
1 2 4 8 16 32 64 68 132 136 268 536 b
1 2 4 8 16 32 64 68 132 200 268 536 b
1 2 4 8 16 32 64 68 132 264 268 536 b
1 2 4 8 16 32 64 68 132 264 272 536 b
1 2 4 8 16 32 64 68 132 264 528 536 b
1 2 4 8 16 32 64 68 136 200 268 536 b
1 2 4 8 16 32 64 68 136 200 336 536 b
1 2 4 8 16 32 64 68 136 200 400 536 b
1 2 4 8 16 32 64 68 136 204 268 536 b
1 2 4 8 16 32 64 72 136 200 336 536 b
1 2 4 8 16 32 64 72 136 200 400 536 b
1 2 4 8 16 32 64 128 130 134 268 536 b
1 2 4 8 16 32 64 128 130 138 268 536 b
1 2 4 8 16 32 64 128 130 260 268 536 b
1 2 4 8 16 32 64 128 130 260 276 536 b
1 2 4 8 16 32 64 128 130 260 520 536 b
1 2 4 8 16 32 64 128 132 134 268 536 b
1 2 4 8 16 32 64 128 132 136 268 536 b
1 2 4 8 16 32 64 128 132 140 268 536 b
1 2 4 8 16 32 64 128 132 260 268 536 b
1 2 4 8 16 32 64 128 132 260 276 536 b
1 2 4 8 16 32 64 128 132 260 520 536 b
1 2 4 8 16 32 64 128 132 264 268 536 b
1 2 4 8 16 32 64 128 132 264 272 536 b
1 2 4 8 16 32 64 128 132 264 528 536 b
1 2 4 8 16 32 64 128 136 140 268 536 b
1 2 4 8 16 32 64 128 136 200 336 536 b
1 2 4 8 16 32 64 128 136 200 400 536 b
1 2 4 8 16 32 64 128 136 264 268 536 b
1 2 4 8 16 32 64 128 136 264 272 536 b
1 2 4 8 16 32 64 128 136 264 400 536 b
1 2 4 8 16 32 64 128 136 264 528 536 b
1 2 4 8 16 32 64 128 136 272 400 536 b
1 2 4 8 16 32 64 128 136 272 408 536 b
1 2 4 8 16 32 64 128 256 260 268 536 b
1 2 4 8 16 32 64 128 256 260 276 536 b
1 2 4 8 16 32 64 128 256 260 520 536 b
1 2 4 8 16 32 64 128 256 264 268 536 b
1 2 4 8 16 32 64 128 256 264 272 536 b
1 2 4 8 16 32 64 128 256 264 280 536 b
1 2 4 8 16 32 64 128 256 264 520 536 b
1 2 4 8 16 32 64 128 256 264 528 536 b
1 2 4 8 16 32 64 128 256 272 280 536 b
1 2 4 8 16 32 64 128 256 272 528 536 b
1 2 4 8 16 32 64 128 256 512 520 536 b
1 2 4 8 16 32 64 128 256 512 528 536 b
