1 2 3 4 7 14 17 31 62 124 248 255 503 b
1 2 3 4 7 14 17 31 62 124 248 496 503 b
1 2 3 4 7 14 28 31 59 118 236 267 503 b
1 2 3 4 7 14 28 31 59 118 236 472 503 b
1 2 3 4 7 14 28 31 62 124 248 255 503 b
1 2 3 4 7 14 28 31 62 124 248 496 503 b
1 2 3 5 7 12 19 31 62 124 248 255 503 b
1 2 3 5 7 12 19 31 62 124 248 496 503 b
1 2 3 5 7 12 24 31 62 124 248 255 503 b
1 2 3 5 7 12 24 31 62 124 248 496 503 b
1 2 3 5 7 14 17 31 62 124 248 255 503 b
1 2 3 5 7 14 17 31 62 124 248 496 503 b
1 2 3 5 7 14 28 31 59 118 236 267 503 b
1 2 3 5 7 14 28 31 59 118 236 472 503 b
1 2 3 5 7 14 28 31 62 124 248 255 503 b
1 2 3 5 7 14 28 31 62 124 248 496 503 b
1 2 3 5 10 15 25 50 75 125 250 253 503 b
1 2 3 5 10 15 25 50 75 125 250 500 503 b
1 2 3 5 10 15 25 50 100 101 201 302 503 b
1 2 3 5 10 15 25 50 100 101 201 402 503 b
1 2 3 5 10 15 25 50 100 103 200 303 503 a
1 2 3 5 10 15 25 50 100 103 200 400 503 a
1 2 3 5 10 15 25 50 100 125 250 253 503 b
1 2 3 5 10 15 25 50 100 125 250 500 503 b
1 2 3 5 10 15 25 50 100 150 250 253 503 b
1 2 3 5 10 15 25 50 100 150 250 500 503 b
1 2 3 5 10 15 25 50 100 200 203 300 503 a
1 2 3 5 10 15 25 50 100 200 203 303 503 b
1 2 3 5 10 15 25 50 100 200 203 403 503 b
1 2 3 5 10 15 25 50 100 200 250 253 503 b
1 2 3 5 10 15 25 50 100 200 250 500 503 b
1 2 3 5 10 15 25 50 100 200 300 303 503 b
1 2 3 5 10 15 25 50 100 200 300 500 503 b
1 2 3 5 10 15 25 50 100 200 400 403 503 b
1 2 3 5 10 15 25 50 100 200 400 500 503 b
1 2 3 5 10 15 30 31 61 122 244 259 503 b
1 2 3 5 10 15 30 31 61 122 244 488 503 b
1 2 3 5 10 15 30 60 61 122 244 259 503 b
1 2 3 5 10 15 30 60 61 122 244 488 503 b
1 2 3 5 10 15 30 60 62 122 244 259 503 b
1 2 3 5 10 15 30 60 62 122 244 488 503 b
1 2 3 5 10 15 30 60 65 125 250 253 503 b
1 2 3 5 10 15 30 60 65 125 250 500 503 b
1 2 3 5 10 15 30 60 120 122 244 259 503 b
1 2 3 5 10 15 30 60 120 122 244 488 503 b
1 2 3 5 10 15 30 60 120 125 250 253 503 b
1 2 3 5 10 15 30 60 120 125 250 500 503 b
1 2 3 5 10 15 30 60 120 130 250 253 503 b
1 2 3 5 10 15 30 60 120 130 250 500 503 b
1 2 3 5 10 15 30 60 120 240 250 253 503 b
1 2 3 5 10 15 30 60 120 240 250 500 503 b
1 2 3 5 10 20 23 30 60 120 240 263 503 a
1 2 3 5 10 20 23 30 60 120 240 480 503 a
1 2 3 5 10 20 23 40 60 120 240 263 503 a
1 2 3 5 10 20 23 40 60 120 240 480 503 a
1 2 3 5 10 20 23 40 80 120 240 263 503 a
1 2 3 5 10 20 23 40 80 120 240 480 503 a
1 2 3 5 10 20 23 40 80 160 183 320 503 a
1 2 3 5 10 20 23 40 80 160 183 343 503 a
1 2 3 5 10 20 23 40 80 160 240 263 503 a
1 2 3 5 10 20 23 40 80 160 240 480 503 a
1 2 3 5 10 20 23 40 80 160 320 343 503 a
1 2 3 5 10 20 23 40 80 160 320 480 503 a
1 2 3 5 10 20 25 50 75 125 250 253 503 b
1 2 3 5 10 20 25 50 75 125 250 500 503 b
1 2 3 5 10 20 25 50 100 101 201 302 503 b
1 2 3 5 10 20 25 50 100 101 201 402 503 b
1 2 3 5 10 20 25 50 100 103 200 303 503 a
1 2 3 5 10 20 25 50 100 103 200 400 503 a
1 2 3 5 10 20 25 50 100 125 250 253 503 b
1 2 3 5 10 20 25 50 100 125 250 500 503 b
1 2 3 5 10 20 25 50 100 150 250 253 503 b
1 2 3 5 10 20 25 50 100 150 250 500 503 b
1 2 3 5 10 20 25 50 100 200 203 300 503 a
1 2 3 5 10 20 25 50 100 200 203 303 503 b
1 2 3 5 10 20 25 50 100 200 203 403 503 b
1 2 3 5 10 20 25 50 100 200 250 253 503 b
1 2 3 5 10 20 25 50 100 200 250 500 503 b
1 2 3 5 10 20 25 50 100 200 300 303 503 b
1 2 3 5 10 20 25 50 100 200 300 500 503 b
1 2 3 5 10 20 25 50 100 200 400 403 503 b
1 2 3 5 10 20 25 50 100 200 400 500 503 b
1 2 3 5 10 20 30 50 100 101 201 302 503 b
1 2 3 5 10 20 30 50 100 101 201 402 503 b
1 2 3 5 10 20 30 50 100 103 200 303 503 a
1 2 3 5 10 20 30 50 100 103 200 400 503 a
1 2 3 5 10 20 30 50 100 150 250 253 503 b
1 2 3 5 10 20 30 50 100 150 250 500 503 b
1 2 3 5 10 20 30 50 100 200 203 300 503 a
1 2 3 5 10 20 30 50 100 200 203 303 503 b
1 2 3 5 10 20 30 50 100 200 203 403 503 b
1 2 3 5 10 20 30 50 100 200 250 253 503 b
1 2 3 5 10 20 30 50 100 200 250 500 503 b
1 2 3 5 10 20 30 50 100 200 300 303 503 b
1 2 3 5 10 20 30 50 100 200 300 500 503 b
1 2 3 5 10 20 30 50 100 200 400 403 503 b
1 2 3 5 10 20 30 50 100 200 400 500 503 b
1 2 3 5 10 20 30 60 65 125 250 253 503 b
1 2 3 5 10 20 30 60 65 125 250 500 503 b
1 2 3 5 10 20 30 60 120 125 250 253 503 b
1 2 3 5 10 20 30 60 120 125 250 500 503 b
1 2 3 5 10 20 30 60 120 130 250 253 503 b
1 2 3 5 10 20 30 60 120 130 250 500 503 b
1 2 3 5 10 20 30 60 120 240 243 260 503 a
1 2 3 5 10 20 30 60 120 240 243 263 503 b
1 2 3 5 10 20 30 60 120 240 243 483 503 b
1 2 3 5 10 20 30 60 120 240 250 253 503 b
1 2 3 5 10 20 30 60 120 240 250 500 503 b
1 2 3 5 10 20 30 60 120 240 260 263 503 b
1 2 3 5 10 20 30 60 120 240 260 500 503 b
1 2 3 5 10 20 30 60 120 240 480 483 503 b
1 2 3 5 10 20 30 60 120 240 480 500 503 b
1 2 3 5 10 20 40 43 83 166 171 332 503 a
1 2 3 5 10 20 40 43 83 166 171 337 503 b
1 2 3 5 10 20 40 43 83 166 249 254 503 b
1 2 3 5 10 20 40 43 83 166 249 498 503 b
1 2 3 5 10 20 40 43 83 166 332 337 503 b
1 2 3 5 10 20 40 43 83 166 332 498 503 b
1 2 3 5 10 20 40 45 80 125 250 253 503 a
1 2 3 5 10 20 40 45 80 125 250 500 503 a
1 2 3 5 10 20 40 45 85 125 250 253 503 b
1 2 3 5 10 20 40 45 85 125 250 500 503 b
1 2 3 5 10 20 40 50 100 101 201 302 503 b
1 2 3 5 10 20 40 50 100 101 201 402 503 b
1 2 3 5 10 20 40 50 100 103 200 303 503 a
1 2 3 5 10 20 40 50 100 103 200 400 503 a
1 2 3 5 10 20 40 50 100 150 250 253 503 b
1 2 3 5 10 20 40 50 100 150 250 500 503 b
1 2 3 5 10 20 40 50 100 200 203 300 503 a
1 2 3 5 10 20 40 50 100 200 203 303 503 b
1 2 3 5 10 20 40 50 100 200 203 403 503 b
1 2 3 5 10 20 40 50 100 200 250 253 503 b
1 2 3 5 10 20 40 50 100 200 250 500 503 b
1 2 3 5 10 20 40 50 100 200 300 303 503 b
1 2 3 5 10 20 40 50 100 200 300 500 503 b
1 2 3 5 10 20 40 50 100 200 400 403 503 b
1 2 3 5 10 20 40 50 100 200 400 500 503 b
1 2 3 5 10 20 40 60 65 125 250 253 503 b
1 2 3 5 10 20 40 60 65 125 250 500 503 b
1 2 3 5 10 20 40 60 100 101 201 302 503 b
1 2 3 5 10 20 40 60 100 101 201 402 503 b
1 2 3 5 10 20 40 60 100 103 200 303 503 a
1 2 3 5 10 20 40 60 100 103 200 400 503 a
1 2 3 5 10 20 40 60 100 200 203 300 503 a
1 2 3 5 10 20 40 60 100 200 203 303 503 b
1 2 3 5 10 20 40 60 100 200 203 403 503 b
1 2 3 5 10 20 40 60 100 200 300 303 503 b
1 2 3 5 10 20 40 60 100 200 300 500 503 b
1 2 3 5 10 20 40 60 100 200 400 403 503 b
1 2 3 5 10 20 40 60 100 200 400 500 503 b
1 2 3 5 10 20 40 60 120 125 250 253 503 b
1 2 3 5 10 20 40 60 120 125 250 500 503 b
1 2 3 5 10 20 40 60 120 130 250 253 503 b
1 2 3 5 10 20 40 60 120 130 250 500 503 b
1 2 3 5 10 20 40 60 120 240 243 260 503 a
1 2 3 5 10 20 40 60 120 240 243 263 503 b
1 2 3 5 10 20 40 60 120 240 243 483 503 b
1 2 3 5 10 20 40 60 120 240 250 253 503 b
1 2 3 5 10 20 40 60 120 240 250 500 503 b
1 2 3 5 10 20 40 60 120 240 260 263 503 b
1 2 3 5 10 20 40 60 120 240 260 500 503 b
1 2 3 5 10 20 40 60 120 240 480 483 503 b
1 2 3 5 10 20 40 60 120 240 480 500 503 b
1 2 3 5 10 20 40 80 81 161 171 332 503 b
1 2 3 5 10 20 40 80 81 161 171 342 503 b
1 2 3 5 10 20 40 80 81 161 181 322 503 a
1 2 3 5 10 20 40 80 81 161 181 342 503 b
1 2 3 5 10 20 40 80 81 161 322 342 503 b
1 2 3 5 10 20 40 80 81 161 322 483 503 b
1 2 3 5 10 20 40 80 83 166 171 332 503 a
1 2 3 5 10 20 40 80 83 166 171 337 503 b
1 2 3 5 10 20 40 80 83 166 249 254 503 b
1 2 3 5 10 20 40 80 83 166 249 498 503 b
1 2 3 5 10 20 40 80 83 166 332 337 503 b
1 2 3 5 10 20 40 80 83 166 332 498 503 b
1 2 3 5 10 20 40 80 85 125 250 253 503 b
1 2 3 5 10 20 40 80 85 125 250 500 503 b
1 2 3 5 10 20 40 80 85 165 250 253 503 b
1 2 3 5 10 20 40 80 85 165 250 500 503 b
1 2 3 5 10 20 40 80 85 170 250 253 503 b
1 2 3 5 10 20 40 80 85 170 250 500 503 b
1 2 3 5 10 20 40 80 90 160 250 253 503 a
1 2 3 5 10 20 40 80 90 160 250 500 503 a
1 2 3 5 10 20 40 80 90 170 250 253 503 b
1 2 3 5 10 20 40 80 90 170 250 500 503 b
1 2 3 5 10 20 40 80 100 101 201 302 503 b
1 2 3 5 10 20 40 80 100 101 201 402 503 b
1 2 3 5 10 20 40 80 100 103 200 303 503 a
1 2 3 5 10 20 40 80 100 103 200 400 503 a
1 2 3 5 10 20 40 80 100 200 203 300 503 a
1 2 3 5 10 20 40 80 100 200 203 303 503 b
1 2 3 5 10 20 40 80 100 200 203 403 503 b
1 2 3 5 10 20 40 80 100 200 300 303 503 b
1 2 3 5 10 20 40 80 100 200 300 500 503 b
1 2 3 5 10 20 40 80 100 200 400 403 503 b
1 2 3 5 10 20 40 80 100 200 400 500 503 b
1 2 3 5 10 20 40 80 120 125 250 253 503 b
1 2 3 5 10 20 40 80 120 125 250 500 503 b
1 2 3 5 10 20 40 80 120 130 250 253 503 b
1 2 3 5 10 20 40 80 120 130 250 500 503 b
1 2 3 5 10 20 40 80 120 240 243 260 503 a
1 2 3 5 10 20 40 80 120 240 243 263 503 b
1 2 3 5 10 20 40 80 120 240 243 483 503 b
1 2 3 5 10 20 40 80 120 240 250 253 503 b
1 2 3 5 10 20 40 80 120 240 250 500 503 b
1 2 3 5 10 20 40 80 120 240 260 263 503 b
1 2 3 5 10 20 40 80 120 240 260 500 503 b
1 2 3 5 10 20 40 80 120 240 480 483 503 b
1 2 3 5 10 20 40 80 120 240 480 500 503 b
1 2 3 5 10 20 40 80 160 161 171 332 503 b
1 2 3 5 10 20 40 80 160 161 171 342 503 b
1 2 3 5 10 20 40 80 160 161 181 322 503 a
1 2 3 5 10 20 40 80 160 161 181 342 503 b
1 2 3 5 10 20 40 80 160 161 322 342 503 b
1 2 3 5 10 20 40 80 160 161 322 483 503 b
1 2 3 5 10 20 40 80 160 163 170 333 503 a
1 2 3 5 10 20 40 80 160 163 170 340 503 a
1 2 3 5 10 20 40 80 160 163 180 323 503 a
1 2 3 5 10 20 40 80 160 163 180 340 503 a
1 2 3 5 10 20 40 80 160 163 180 343 503 a
1 2 3 5 10 20 40 80 160 163 183 320 503 a
1 2 3 5 10 20 40 80 160 163 183 343 503 b
1 2 3 5 10 20 40 80 160 163 320 340 503 a
1 2 3 5 10 20 40 80 160 163 320 483 503 a
1 2 3 5 10 20 40 80 160 163 323 343 503 b
1 2 3 5 10 20 40 80 160 163 323 483 503 b
1 2 3 5 10 20 40 80 160 170 173 330 503 a
1 2 3 5 10 20 40 80 160 170 173 333 503 b
1 2 3 5 10 20 40 80 160 170 173 343 503 b
1 2 3 5 10 20 40 80 160 170 250 253 503 b
1 2 3 5 10 20 40 80 160 170 250 500 503 b
1 2 3 5 10 20 40 80 160 170 330 333 503 b
1 2 3 5 10 20 40 80 160 170 330 500 503 b
1 2 3 5 10 20 40 80 160 170 340 343 503 b
1 2 3 5 10 20 40 80 160 170 340 500 503 b
1 2 3 5 10 20 40 80 160 180 183 320 503 a
1 2 3 5 10 20 40 80 160 180 183 343 503 b
1 2 3 5 10 20 40 80 160 180 320 323 503 a
1 2 3 5 10 20 40 80 160 180 320 500 503 a
1 2 3 5 10 20 40 80 160 180 340 343 503 b
1 2 3 5 10 20 40 80 160 180 340 500 503 b
1 2 3 5 10 20 40 80 160 240 243 260 503 a
1 2 3 5 10 20 40 80 160 240 243 263 503 b
1 2 3 5 10 20 40 80 160 240 243 483 503 b
1 2 3 5 10 20 40 80 160 240 250 253 503 b
1 2 3 5 10 20 40 80 160 240 250 500 503 b
1 2 3 5 10 20 40 80 160 240 260 263 503 b
1 2 3 5 10 20 40 80 160 240 260 500 503 b
1 2 3 5 10 20 40 80 160 240 480 483 503 b
1 2 3 5 10 20 40 80 160 240 480 500 503 b
1 2 3 5 10 20 40 80 160 320 323 343 503 b
1 2 3 5 10 20 40 80 160 320 323 483 503 b
1 2 3 5 10 20 40 80 160 320 340 343 503 b
1 2 3 5 10 20 40 80 160 320 340 500 503 b
1 2 3 5 10 20 40 80 160 320 480 483 503 b
1 2 3 5 10 20 40 80 160 320 480 500 503 b
1 2 3 6 7 12 19 31 62 124 248 255 503 a
1 2 3 6 7 12 19 31 62 124 248 496 503 a
1 2 3 6 7 12 24 31 62 124 248 255 503 a
1 2 3 6 7 12 24 31 62 124 248 496 503 a
1 2 3 6 7 13 26 52 59 111 222 281 503 b
1 2 3 6 7 13 26 52 59 111 222 444 503 b
1 2 3 6 7 14 17 31 62 124 248 255 503 b
1 2 3 6 7 14 17 31 62 124 248 496 503 b
1 2 3 6 7 14 28 31 59 118 236 267 503 b
1 2 3 6 7 14 28 31 59 118 236 472 503 b
1 2 3 6 7 14 28 31 62 124 248 255 503 b
1 2 3 6 7 14 28 31 62 124 248 496 503 b
1 2 3 6 7 14 28 34 62 124 248 255 503 b
1 2 3 6 7 14 28 34 62 124 248 496 503 b
1 2 3 6 7 14 28 56 62 124 248 255 503 b
1 2 3 6 7 14 28 56 62 124 248 496 503 b
1 2 3 6 8 14 28 31 59 118 236 267 503 b
1 2 3 6 8 14 28 31 59 118 236 472 503 b
1 2 3 6 9 15 30 31 61 122 244 259 503 b
1 2 3 6 9 15 30 31 61 122 244 488 503 b
1 2 3 6 9 15 30 60 61 122 244 259 503 b
1 2 3 6 9 15 30 60 61 122 244 488 503 b
1 2 3 6 9 15 30 60 62 122 244 259 503 b
1 2 3 6 9 15 30 60 62 122 244 488 503 b
1 2 3 6 9 15 30 60 120 122 244 259 503 b
1 2 3 6 9 15 30 60 120 122 244 488 503 b
1 2 3 6 12 13 25 50 75 125 250 253 503 b
1 2 3 6 12 13 25 50 75 125 250 500 503 b
1 2 3 6 12 13 25 50 100 101 201 302 503 b
1 2 3 6 12 13 25 50 100 101 201 402 503 b
1 2 3 6 12 13 25 50 100 103 200 303 503 a
1 2 3 6 12 13 25 50 100 103 200 400 503 a
1 2 3 6 12 13 25 50 100 125 250 253 503 b
1 2 3 6 12 13 25 50 100 125 250 500 503 b
1 2 3 6 12 13 25 50 100 150 250 253 503 b
1 2 3 6 12 13 25 50 100 150 250 500 503 b
1 2 3 6 12 13 25 50 100 200 203 300 503 a
1 2 3 6 12 13 25 50 100 200 203 303 503 b
1 2 3 6 12 13 25 50 100 200 203 403 503 b
1 2 3 6 12 13 25 50 100 200 250 253 503 b
1 2 3 6 12 13 25 50 100 200 250 500 503 b
1 2 3 6 12 13 25 50 100 200 300 303 503 b
1 2 3 6 12 13 25 50 100 200 300 500 503 b
1 2 3 6 12 13 25 50 100 200 400 403 503 b
1 2 3 6 12 13 25 50 100 200 400 500 503 b
1 2 3 6 12 14 28 31 59 118 236 267 503 b
1 2 3 6 12 14 28 31 59 118 236 472 503 b
1 2 3 6 12 15 30 31 61 122 244 259 503 b
1 2 3 6 12 15 30 31 61 122 244 488 503 b
1 2 3 6 12 15 30 60 61 122 244 259 503 b
1 2 3 6 12 15 30 60 61 122 244 488 503 b
1 2 3 6 12 15 30 60 62 122 244 259 503 b
1 2 3 6 12 15 30 60 62 122 244 488 503 b
1 2 3 6 12 15 30 60 120 122 244 259 503 b
1 2 3 6 12 15 30 60 120 122 244 488 503 b
1 2 3 6 12 24 25 50 75 125 250 253 503 b
1 2 3 6 12 24 25 50 75 125 250 500 503 b
1 2 3 6 12 24 25 50 100 101 201 302 503 b
1 2 3 6 12 24 25 50 100 101 201 402 503 b
1 2 3 6 12 24 25 50 100 103 200 303 503 a
1 2 3 6 12 24 25 50 100 103 200 400 503 a
1 2 3 6 12 24 25 50 100 125 250 253 503 b
1 2 3 6 12 24 25 50 100 125 250 500 503 b
1 2 3 6 12 24 25 50 100 150 250 253 503 b
1 2 3 6 12 24 25 50 100 150 250 500 503 b
1 2 3 6 12 24 25 50 100 200 203 300 503 a
1 2 3 6 12 24 25 50 100 200 203 303 503 b
1 2 3 6 12 24 25 50 100 200 203 403 503 b
1 2 3 6 12 24 25 50 100 200 250 253 503 b
1 2 3 6 12 24 25 50 100 200 250 500 503 b
1 2 3 6 12 24 25 50 100 200 300 303 503 b
1 2 3 6 12 24 25 50 100 200 300 500 503 b
1 2 3 6 12 24 25 50 100 200 400 403 503 b
1 2 3 6 12 24 25 50 100 200 400 500 503 b
1 2 3 6 12 24 26 50 100 101 201 302 503 b
1 2 3 6 12 24 26 50 100 101 201 402 503 b
1 2 3 6 12 24 26 50 100 103 200 303 503 a
1 2 3 6 12 24 26 50 100 103 200 400 503 a
1 2 3 6 12 24 26 50 100 150 250 253 503 b
1 2 3 6 12 24 26 50 100 150 250 500 503 b
1 2 3 6 12 24 26 50 100 200 203 300 503 a
1 2 3 6 12 24 26 50 100 200 203 303 503 b
1 2 3 6 12 24 26 50 100 200 203 403 503 b
1 2 3 6 12 24 26 50 100 200 250 253 503 b
1 2 3 6 12 24 26 50 100 200 250 500 503 b
1 2 3 6 12 24 26 50 100 200 300 303 503 b
1 2 3 6 12 24 26 50 100 200 300 500 503 b
1 2 3 6 12 24 26 50 100 200 400 403 503 b
1 2 3 6 12 24 26 50 100 200 400 500 503 b
1 2 3 6 12 24 48 49 97 103 200 303 503 b
1 2 3 6 12 24 48 49 97 103 200 400 503 b
1 2 3 6 12 24 48 50 100 101 201 302 503 b
1 2 3 6 12 24 48 50 100 101 201 402 503 b
1 2 3 6 12 24 48 50 100 103 200 303 503 a
1 2 3 6 12 24 48 50 100 103 200 400 503 a
1 2 3 6 12 24 48 50 100 150 250 253 503 b
1 2 3 6 12 24 48 50 100 150 250 500 503 b
1 2 3 6 12 24 48 50 100 200 203 300 503 a
1 2 3 6 12 24 48 50 100 200 203 303 503 b
1 2 3 6 12 24 48 50 100 200 203 403 503 b
1 2 3 6 12 24 48 50 100 200 250 253 503 b
1 2 3 6 12 24 48 50 100 200 250 500 503 b
1 2 3 6 12 24 48 50 100 200 300 303 503 b
1 2 3 6 12 24 48 50 100 200 300 500 503 b
1 2 3 6 12 24 48 50 100 200 400 403 503 b
1 2 3 6 12 24 48 50 100 200 400 500 503 b
1 2 3 6 12 24 48 51 99 101 202 301 503 b
1 2 3 6 12 24 48 51 99 101 202 404 503 b
1 2 3 6 12 24 48 96 97 103 200 303 503 b
1 2 3 6 12 24 48 96 97 103 200 400 503 b
1 2 3 6 12 24 48 96 99 101 202 301 503 b
1 2 3 6 12 24 48 96 99 101 202 404 503 b
1 2 4 5 7 12 19 31 62 124 248 255 503 b
1 2 4 5 7 12 19 31 62 124 248 496 503 b
1 2 4 5 7 12 24 31 62 124 248 255 503 b
1 2 4 5 7 12 24 31 62 124 248 496 503 b
1 2 4 5 9 14 23 37 60 120 240 263 503 b
1 2 4 5 9 14 23 37 60 120 240 480 503 b
1 2 4 5 9 14 23 46 60 120 240 263 503 b
1 2 4 5 9 14 23 46 60 120 240 480 503 b
1 2 4 5 9 18 36 41 77 154 195 308 503 a
1 2 4 5 9 18 36 41 77 154 195 349 503 b
1 2 4 5 9 18 36 41 77 154 231 272 503 b
1 2 4 5 9 18 36 41 77 154 231 462 503 b
1 2 4 5 9 18 36 41 77 154 308 349 503 b
1 2 4 5 9 18 36 41 77 154 308 462 503 b
1 2 4 5 10 15 25 50 100 101 201 302 503 b
1 2 4 5 10 15 25 50 100 101 201 402 503 b
1 2 4 5 10 15 30 31 61 122 244 259 503 b
1 2 4 5 10 15 30 31 61 122 244 488 503 b
1 2 4 5 10 15 30 60 61 122 244 259 503 b
1 2 4 5 10 15 30 60 61 122 244 488 503 b
1 2 4 5 10 15 30 60 62 122 244 259 503 b
1 2 4 5 10 15 30 60 62 122 244 488 503 b
1 2 4 5 10 15 30 60 120 122 244 259 503 b
1 2 4 5 10 15 30 60 120 122 244 488 503 b
1 2 4 5 10 15 30 60 120 124 244 259 503 b
1 2 4 5 10 15 30 60 120 124 244 488 503 b
1 2 4 5 10 15 30 60 120 240 244 259 503 b
1 2 4 5 10 15 30 60 120 240 244 488 503 b
1 2 4 5 10 20 25 50 100 101 201 302 503 b
1 2 4 5 10 20 25 50 100 101 201 402 503 b
1 2 4 5 10 20 30 50 100 101 201 302 503 b
1 2 4 5 10 20 30 50 100 101 201 402 503 b
1 2 4 5 10 20 40 50 100 101 201 302 503 b
1 2 4 5 10 20 40 50 100 101 201 402 503 b
1 2 4 5 10 20 40 60 100 101 201 302 503 b
1 2 4 5 10 20 40 60 100 101 201 402 503 b
1 2 4 5 10 20 40 80 81 161 171 332 503 b
1 2 4 5 10 20 40 80 81 161 171 342 503 b
1 2 4 5 10 20 40 80 81 161 181 322 503 a
1 2 4 5 10 20 40 80 81 161 181 342 503 b
1 2 4 5 10 20 40 80 81 161 322 342 503 b
1 2 4 5 10 20 40 80 81 161 322 483 503 b
1 2 4 5 10 20 40 80 85 165 169 334 503 b
1 2 4 5 10 20 40 80 85 165 169 338 503 b
1 2 4 5 10 20 40 80 100 101 201 302 503 b
1 2 4 5 10 20 40 80 100 101 201 402 503 b
1 2 4 5 10 20 40 80 160 161 171 332 503 b
1 2 4 5 10 20 40 80 160 161 171 342 503 b
1 2 4 5 10 20 40 80 160 161 181 322 503 a
1 2 4 5 10 20 40 80 160 161 181 342 503 b
1 2 4 5 10 20 40 80 160 161 322 342 503 b
1 2 4 5 10 20 40 80 160 161 322 483 503 b
1 2 4 5 10 20 40 80 160 165 169 334 503 b
1 2 4 5 10 20 40 80 160 165 169 338 503 b
1 2 4 6 7 12 19 31 62 124 248 255 503 a
1 2 4 6 7 12 19 31 62 124 248 496 503 a
1 2 4 6 7 12 24 31 62 124 248 255 503 a
1 2 4 6 7 12 24 31 62 124 248 496 503 a
1 2 4 6 7 13 26 52 59 111 222 281 503 b
1 2 4 6 7 13 26 52 59 111 222 444 503 b
1 2 4 6 7 14 28 34 62 124 248 255 503 b
1 2 4 6 7 14 28 34 62 124 248 496 503 b
1 2 4 6 7 14 28 56 62 124 248 255 503 b
1 2 4 6 7 14 28 56 62 124 248 496 503 b
1 2 4 6 10 20 30 50 100 101 201 302 503 b
1 2 4 6 10 20 30 50 100 101 201 402 503 b
1 2 4 6 10 20 40 50 100 101 201 302 503 b
1 2 4 6 10 20 40 50 100 101 201 402 503 b
1 2 4 6 10 20 40 60 100 101 201 302 503 b
1 2 4 6 10 20 40 60 100 101 201 402 503 b
1 2 4 6 10 20 40 80 81 161 171 332 503 b
1 2 4 6 10 20 40 80 81 161 171 342 503 b
1 2 4 6 10 20 40 80 81 161 181 322 503 a
1 2 4 6 10 20 40 80 81 161 181 342 503 b
1 2 4 6 10 20 40 80 81 161 322 342 503 b
1 2 4 6 10 20 40 80 81 161 322 483 503 b
1 2 4 6 10 20 40 80 100 101 201 302 503 b
1 2 4 6 10 20 40 80 100 101 201 402 503 b
1 2 4 6 10 20 40 80 160 161 171 332 503 b
1 2 4 6 10 20 40 80 160 161 171 342 503 b
1 2 4 6 10 20 40 80 160 161 181 322 503 a
1 2 4 6 10 20 40 80 160 161 181 342 503 b
1 2 4 6 10 20 40 80 160 161 322 342 503 b
1 2 4 6 10 20 40 80 160 161 322 483 503 b
1 2 4 6 12 13 25 50 100 101 201 302 503 b
1 2 4 6 12 13 25 50 100 101 201 402 503 b
1 2 4 6 12 24 25 50 100 101 201 302 503 b
1 2 4 6 12 24 25 50 100 101 201 402 503 b
1 2 4 6 12 24 26 50 100 101 201 302 503 b
1 2 4 6 12 24 26 50 100 101 201 402 503 b
1 2 4 6 12 24 48 49 97 103 200 303 503 b
1 2 4 6 12 24 48 49 97 103 200 400 503 b
1 2 4 6 12 24 48 50 100 101 201 302 503 b
1 2 4 6 12 24 48 50 100 101 201 402 503 b
1 2 4 6 12 24 48 52 100 101 201 302 503 b
1 2 4 6 12 24 48 52 100 101 201 402 503 b
1 2 4 6 12 24 48 96 97 103 200 303 503 b
1 2 4 6 12 24 48 96 97 103 200 400 503 b
1 2 4 6 12 24 48 96 100 101 201 302 503 b
1 2 4 6 12 24 48 96 100 101 201 402 503 b
1 2 4 8 9 16 25 50 100 101 201 302 503 a
1 2 4 8 9 16 25 50 100 101 201 402 503 a
1 2 4 8 9 17 25 42 67 109 218 285 503 b
1 2 4 8 9 17 25 42 67 109 218 436 503 b
1 2 4 8 9 17 25 50 100 101 201 302 503 b
1 2 4 8 9 17 25 50 100 101 201 402 503 b
1 2 4 8 9 17 34 68 77 136 213 290 503 a
1 2 4 8 9 17 34 68 77 136 213 426 503 a
1 2 4 8 9 17 34 68 77 145 179 324 503 b
1 2 4 8 9 17 34 68 77 145 179 358 503 b
1 2 4 8 9 17 34 68 77 145 213 290 503 b
1 2 4 8 9 17 34 68 77 145 213 358 503 b
1 2 4 8 9 17 34 68 77 145 213 426 503 b
1 2 4 8 9 17 34 68 77 145 290 358 503 b
1 2 4 8 9 17 34 68 77 145 290 435 503 b
1 2 4 8 9 17 34 68 136 145 179 324 503 b
1 2 4 8 9 17 34 68 136 145 179 358 503 b
1 2 4 8 9 17 34 68 136 145 213 290 503 a
1 2 4 8 9 17 34 68 136 145 213 358 503 b
1 2 4 8 9 17 34 68 136 145 290 358 503 b
1 2 4 8 9 17 34 68 136 145 290 435 503 b
1 2 4 8 10 20 30 50 100 101 201 302 503 b
1 2 4 8 10 20 30 50 100 101 201 402 503 b
1 2 4 8 10 20 40 50 100 101 201 302 503 b
1 2 4 8 10 20 40 50 100 101 201 402 503 b
1 2 4 8 10 20 40 60 100 101 201 302 503 b
1 2 4 8 10 20 40 60 100 101 201 402 503 b
1 2 4 8 10 20 40 80 81 161 171 332 503 b
1 2 4 8 10 20 40 80 81 161 171 342 503 b
1 2 4 8 10 20 40 80 81 161 181 322 503 a
1 2 4 8 10 20 40 80 81 161 181 342 503 b
1 2 4 8 10 20 40 80 81 161 322 342 503 b
1 2 4 8 10 20 40 80 81 161 322 483 503 b
1 2 4 8 10 20 40 80 100 101 201 302 503 b
1 2 4 8 10 20 40 80 100 101 201 402 503 b
1 2 4 8 10 20 40 80 160 161 171 332 503 b
1 2 4 8 10 20 40 80 160 161 171 342 503 b
1 2 4 8 10 20 40 80 160 161 181 322 503 a
1 2 4 8 10 20 40 80 160 161 181 342 503 b
1 2 4 8 10 20 40 80 160 161 322 342 503 b
1 2 4 8 10 20 40 80 160 161 322 483 503 b
1 2 4 8 12 13 25 50 100 101 201 302 503 b
1 2 4 8 12 13 25 50 100 101 201 402 503 b
1 2 4 8 12 20 40 60 100 101 201 302 503 b
1 2 4 8 12 20 40 60 100 101 201 402 503 b
1 2 4 8 12 20 40 80 81 161 181 322 503 a
1 2 4 8 12 20 40 80 81 161 181 342 503 b
1 2 4 8 12 20 40 80 81 161 322 342 503 b
1 2 4 8 12 20 40 80 81 161 322 483 503 b
1 2 4 8 12 20 40 80 100 101 201 302 503 b
1 2 4 8 12 20 40 80 100 101 201 402 503 b
1 2 4 8 12 20 40 80 160 161 181 322 503 a
1 2 4 8 12 20 40 80 160 161 181 342 503 b
1 2 4 8 12 20 40 80 160 161 322 342 503 b
1 2 4 8 12 20 40 80 160 161 322 483 503 b
1 2 4 8 12 24 25 50 100 101 201 302 503 b
1 2 4 8 12 24 25 50 100 101 201 402 503 b
1 2 4 8 12 24 26 50 100 101 201 302 503 b
1 2 4 8 12 24 26 50 100 101 201 402 503 b
1 2 4 8 12 24 48 50 100 101 201 302 503 b
1 2 4 8 12 24 48 50 100 101 201 402 503 b
1 2 4 8 12 24 48 52 100 101 201 302 503 b
1 2 4 8 12 24 48 52 100 101 201 402 503 b
1 2 4 8 12 24 48 96 100 101 201 302 503 b
1 2 4 8 12 24 48 96 100 101 201 402 503 b
1 2 4 8 16 17 25 42 67 109 218 285 503 b
1 2 4 8 16 17 25 42 67 109 218 436 503 b
1 2 4 8 16 17 25 50 100 101 201 302 503 b
1 2 4 8 16 17 25 50 100 101 201 402 503 b
1 2 4 8 16 17 32 49 81 130 211 292 503 a
1 2 4 8 16 17 32 49 81 130 211 422 503 a
1 2 4 8 16 17 32 49 81 162 179 324 503 a
1 2 4 8 16 17 32 49 81 162 179 341 503 a
1 2 4 8 16 17 32 49 81 162 211 292 503 a
1 2 4 8 16 17 32 49 81 162 211 422 503 a
1 2 4 8 16 17 32 49 81 162 243 260 503 a
1 2 4 8 16 17 32 49 81 162 243 486 503 a
1 2 4 8 16 17 32 49 81 162 324 341 503 a
1 2 4 8 16 17 32 49 81 162 324 486 503 a
1 2 4 8 16 17 32 64 81 162 179 324 503 a
1 2 4 8 16 17 32 64 81 162 179 341 503 a
1 2 4 8 16 17 32 64 81 162 243 260 503 a
1 2 4 8 16 17 32 64 81 162 243 486 503 a
1 2 4 8 16 17 32 64 81 162 324 341 503 a
1 2 4 8 16 17 32 64 81 162 324 486 503 a
1 2 4 8 16 17 33 50 100 101 201 302 503 b
1 2 4 8 16 17 33 50 100 101 201 402 503 b
1 2 4 8 16 17 33 66 99 101 202 301 503 b
1 2 4 8 16 17 33 66 99 101 202 404 503 b
1 2 4 8 16 17 33 66 99 103 202 301 503 b
1 2 4 8 16 17 33 66 99 103 202 404 503 b
1 2 4 8 16 17 33 66 99 107 198 305 503 a
1 2 4 8 16 17 33 66 99 107 198 396 503 a
1 2 4 8 16 17 33 66 99 165 169 334 503 b
1 2 4 8 16 17 33 66 99 165 169 338 503 b
1 2 4 8 16 17 33 66 99 165 173 330 503 a
1 2 4 8 16 17 33 66 99 165 173 338 503 b
1 2 4 8 16 17 33 66 99 165 330 338 503 b
1 2 4 8 16 17 33 66 99 165 330 495 503 b
1 2 4 8 16 17 33 66 99 198 202 301 503 b
1 2 4 8 16 17 33 66 99 198 202 404 503 b
1 2 4 8 16 17 33 66 99 198 206 297 503 a
1 2 4 8 16 17 33 66 99 198 206 305 503 b
1 2 4 8 16 17 33 66 99 198 206 404 503 b
1 2 4 8 16 17 33 66 99 198 297 305 503 b
1 2 4 8 16 17 33 66 99 198 297 495 503 b
1 2 4 8 16 17 33 66 99 198 396 404 503 b
1 2 4 8 16 17 33 66 99 198 396 495 503 b
1 2 4 8 16 17 33 66 132 165 169 334 503 b
1 2 4 8 16 17 33 66 132 165 169 338 503 b
1 2 4 8 16 17 33 66 132 165 173 330 503 a
1 2 4 8 16 17 33 66 132 165 173 338 503 b
1 2 4 8 16 17 33 66 132 165 330 338 503 b
1 2 4 8 16 17 33 66 132 165 330 495 503 b
1 2 4 8 16 17 34 50 100 101 201 302 503 b
1 2 4 8 16 17 34 50 100 101 201 402 503 b
1 2 4 8 16 18 32 50 100 101 201 302 503 a
1 2 4 8 16 18 32 50 100 101 201 402 503 a
1 2 4 8 16 18 34 50 100 101 201 302 503 b
1 2 4 8 16 18 34 50 100 101 201 402 503 b
1 2 4 8 16 20 40 60 100 101 201 302 503 b
1 2 4 8 16 20 40 60 100 101 201 402 503 b
1 2 4 8 16 20 40 80 81 161 181 322 503 a
1 2 4 8 16 20 40 80 81 161 181 342 503 b
1 2 4 8 16 20 40 80 81 161 322 342 503 b
1 2 4 8 16 20 40 80 81 161 322 483 503 b
1 2 4 8 16 20 40 80 100 101 201 302 503 b
1 2 4 8 16 20 40 80 100 101 201 402 503 b
1 2 4 8 16 20 40 80 160 161 181 322 503 a
1 2 4 8 16 20 40 80 160 161 181 342 503 b
1 2 4 8 16 20 40 80 160 161 322 342 503 b
1 2 4 8 16 20 40 80 160 161 322 483 503 b
1 2 4 8 16 24 25 50 100 101 201 302 503 b
1 2 4 8 16 24 25 50 100 101 201 402 503 b
1 2 4 8 16 24 26 50 100 101 201 302 503 b
1 2 4 8 16 24 26 50 100 101 201 402 503 b
1 2 4 8 16 24 48 50 100 101 201 302 503 b
1 2 4 8 16 24 48 50 100 101 201 402 503 b
1 2 4 8 16 24 48 52 100 101 201 302 503 b
1 2 4 8 16 24 48 52 100 101 201 402 503 b
1 2 4 8 16 24 48 96 100 101 201 302 503 b
1 2 4 8 16 24 48 96 100 101 201 402 503 b
1 2 4 8 16 32 33 49 81 130 211 292 503 b
1 2 4 8 16 32 33 49 81 130 211 422 503 b
1 2 4 8 16 32 33 49 81 162 211 292 503 b
1 2 4 8 16 32 33 49 81 162 211 422 503 b
1 2 4 8 16 32 33 65 73 146 211 292 503 a
1 2 4 8 16 32 33 65 73 146 211 357 503 b
1 2 4 8 16 32 33 65 73 146 219 284 503 b
1 2 4 8 16 32 33 65 73 146 219 438 503 b
1 2 4 8 16 32 33 65 73 146 292 357 503 b
1 2 4 8 16 32 33 65 73 146 292 438 503 b
1 2 4 8 16 32 33 65 81 130 211 292 503 a
1 2 4 8 16 32 33 65 81 130 211 422 503 a
1 2 4 8 16 32 33 65 81 146 211 292 503 b
1 2 4 8 16 32 33 65 81 146 211 357 503 b
1 2 4 8 16 32 33 65 81 146 211 422 503 b
1 2 4 8 16 32 33 65 81 146 292 357 503 b
1 2 4 8 16 32 33 65 81 146 292 438 503 b
1 2 4 8 16 32 33 65 130 146 211 292 503 a
1 2 4 8 16 32 33 65 130 146 211 357 503 b
1 2 4 8 16 32 33 65 130 146 292 357 503 b
1 2 4 8 16 32 33 65 130 146 292 438 503 b
1 2 4 8 16 32 33 66 99 101 202 301 503 b
1 2 4 8 16 32 33 66 99 101 202 404 503 b
1 2 4 8 16 32 33 66 99 103 202 301 503 b
1 2 4 8 16 32 33 66 99 103 202 404 503 b
1 2 4 8 16 32 33 66 99 107 198 305 503 a
1 2 4 8 16 32 33 66 99 107 198 396 503 a
1 2 4 8 16 32 33 66 99 165 169 334 503 b
1 2 4 8 16 32 33 66 99 165 169 338 503 b
1 2 4 8 16 32 33 66 99 165 173 330 503 a
1 2 4 8 16 32 33 66 99 165 173 338 503 b
1 2 4 8 16 32 33 66 99 165 330 338 503 b
1 2 4 8 16 32 33 66 99 165 330 495 503 b
1 2 4 8 16 32 33 66 99 198 202 301 503 b
1 2 4 8 16 32 33 66 99 198 202 404 503 b
1 2 4 8 16 32 33 66 99 198 206 297 503 a
1 2 4 8 16 32 33 66 99 198 206 305 503 b
1 2 4 8 16 32 33 66 99 198 206 404 503 b
1 2 4 8 16 32 33 66 99 198 297 305 503 b
1 2 4 8 16 32 33 66 99 198 297 495 503 b
1 2 4 8 16 32 33 66 99 198 396 404 503 b
1 2 4 8 16 32 33 66 99 198 396 495 503 b
1 2 4 8 16 32 33 66 132 165 169 334 503 b
1 2 4 8 16 32 33 66 132 165 169 338 503 b
1 2 4 8 16 32 33 66 132 165 173 330 503 a
1 2 4 8 16 32 33 66 132 165 173 338 503 b
1 2 4 8 16 32 33 66 132 165 330 338 503 b
1 2 4 8 16 32 33 66 132 165 330 495 503 b
1 2 4 8 16 32 34 50 100 101 201 302 503 b
1 2 4 8 16 32 34 50 100 101 201 402 503 b
1 2 4 8 16 32 34 66 100 101 201 302 503 b
1 2 4 8 16 32 34 66 100 101 201 402 503 b
1 2 4 8 16 32 34 68 100 101 201 302 503 b
1 2 4 8 16 32 34 68 100 101 201 402 503 b
1 2 4 8 16 32 36 64 100 101 201 302 503 a
1 2 4 8 16 32 36 64 100 101 201 402 503 a
1 2 4 8 16 32 36 68 100 101 201 302 503 b
1 2 4 8 16 32 36 68 100 101 201 402 503 b
1 2 4 8 16 32 48 49 81 130 211 292 503 b
1 2 4 8 16 32 48 49 81 130 211 422 503 b
1 2 4 8 16 32 48 49 81 162 211 292 503 b
1 2 4 8 16 32 48 49 81 162 211 422 503 b
1 2 4 8 16 32 48 50 100 101 201 302 503 b
1 2 4 8 16 32 48 50 100 101 201 402 503 b
1 2 4 8 16 32 48 52 100 101 201 302 503 b
1 2 4 8 16 32 48 52 100 101 201 402 503 b
1 2 4 8 16 32 48 96 100 101 201 302 503 b
1 2 4 8 16 32 48 96 100 101 201 402 503 b
1 2 4 8 16 32 64 65 73 146 211 292 503 a
1 2 4 8 16 32 64 65 73 146 211 357 503 b
1 2 4 8 16 32 64 65 73 146 219 284 503 b
1 2 4 8 16 32 64 65 73 146 219 438 503 b
1 2 4 8 16 32 64 65 73 146 292 357 503 b
1 2 4 8 16 32 64 65 73 146 292 438 503 b
1 2 4 8 16 32 64 65 81 130 211 292 503 a
1 2 4 8 16 32 64 65 81 130 211 422 503 a
1 2 4 8 16 32 64 65 81 146 211 292 503 b
1 2 4 8 16 32 64 65 81 146 211 357 503 b
1 2 4 8 16 32 64 65 81 146 211 422 503 b
1 2 4 8 16 32 64 65 81 146 292 357 503 b
1 2 4 8 16 32 64 65 81 146 292 438 503 b
1 2 4 8 16 32 64 65 130 146 211 292 503 a
1 2 4 8 16 32 64 65 130 146 211 357 503 b
1 2 4 8 16 32 64 65 130 146 292 357 503 b
1 2 4 8 16 32 64 65 130 146 292 438 503 b
1 2 4 8 16 32 64 68 100 101 201 302 503 b
1 2 4 8 16 32 64 68 100 101 201 402 503 b
1 2 4 8 16 32 64 96 100 101 201 302 503 b
1 2 4 8 16 32 64 96 100 101 201 402 503 b
