1 2 4 8 16 17 32 64 128 256 273 529 a
1 2 4 8 16 17 32 64 128 256 512 529 a
1 2 4 8 16 17 33 66 132 264 265 529 b
1 2 4 8 16 17 33 66 132 264 528 529 b
1 2 4 8 16 32 33 66 132 264 265 529 b
1 2 4 8 16 32 33 66 132 264 528 529 b
1 2 4 8 16 32 34 66 132 264 265 529 b
1 2 4 8 16 32 34 66 132 264 528 529 b
1 2 4 8 16 32 64 66 132 264 265 529 b
1 2 4 8 16 32 64 66 132 264 528 529 b
1 2 4 8 16 32 64 68 132 264 265 529 b
1 2 4 8 16 32 64 68 132 264 528 529 b
1 2 4 8 16 32 64 128 132 264 265 529 b
1 2 4 8 16 32 64 128 132 264 528 529 b
1 2 4 8 16 32 64 128 136 264 265 529 b
1 2 4 8 16 32 64 128 136 264 528 529 b
1 2 4 8 16 32 64 128 256 257 272 529 a
1 2 4 8 16 32 64 128 256 257 273 529 b
1 2 4 8 16 32 64 128 256 257 513 529 b
1 2 4 8 16 32 64 128 256 264 265 529 b
1 2 4 8 16 32 64 128 256 264 528 529 b
1 2 4 8 16 32 64 128 256 272 273 529 b
1 2 4 8 16 32 64 128 256 272 528 529 b
1 2 4 8 16 32 64 128 256 512 513 529 b
1 2 4 8 16 32 64 128 256 512 528 529 b
