1 2 3 4 8 11 19 38 76 152 304 307 611 b
1 2 3 4 8 11 19 38 76 152 304 608 611 b
1 2 3 4 8 16 19 38 76 152 304 307 611 b
1 2 3 4 8 16 19 38 76 152 304 608 611 b
1 2 3 5 7 12 19 38 76 152 304 307 611 b
1 2 3 5 7 12 19 38 76 152 304 608 611 b
1 2 3 5 7 14 19 38 76 152 304 307 611 b
1 2 3 5 7 14 19 38 76 152 304 608 611 b
1 2 3 5 8 11 19 38 76 152 304 307 611 b
1 2 3 5 8 11 19 38 76 152 304 608 611 b
1 2 3 5 8 16 19 38 76 152 304 307 611 b
1 2 3 5 8 16 19 38 76 152 304 608 611 b
1 2 3 6 7 12 19 38 76 152 304 307 611 a
1 2 3 6 7 12 19 38 76 152 304 608 611 a
1 2 3 6 7 13 19 38 76 152 304 307 611 b
1 2 3 6 7 13 19 38 76 152 304 608 611 b
1 2 3 6 8 11 19 38 76 152 304 307 611 b
1 2 3 6 8 11 19 38 76 152 304 608 611 b
1 2 3 6 8 16 19 38 76 152 304 307 611 b
1 2 3 6 8 16 19 38 76 152 304 608 611 b
1 2 3 6 8 16 22 38 76 152 304 307 611 b
1 2 3 6 8 16 22 38 76 152 304 608 611 b
1 2 3 6 8 16 32 38 76 152 304 307 611 b
1 2 3 6 8 16 32 38 76 152 304 608 611 b
1 2 3 6 9 10 19 38 76 152 304 307 611 b
1 2 3 6 9 10 19 38 76 152 304 608 611 b
1 2 3 6 9 18 19 37 74 148 296 315 611 b
1 2 3 6 9 18 19 37 74 148 296 592 611 b
1 2 3 6 9 18 19 38 76 152 304 307 611 b
1 2 3 6 9 18 19 38 76 152 304 608 611 b
1 2 3 6 9 18 20 38 76 152 304 307 611 b
1 2 3 6 9 18 20 38 76 152 304 608 611 b
1 2 3 6 9 18 36 38 76 152 304 307 611 b
1 2 3 6 9 18 36 38 76 152 304 608 611 b
1 2 3 6 12 13 19 38 76 152 304 307 611 b
1 2 3 6 12 13 19 38 76 152 304 608 611 b
1 2 3 6 12 13 25 38 76 152 304 307 611 b
1 2 3 6 12 13 25 38 76 152 304 608 611 b
1 2 3 6 12 13 26 38 76 152 304 307 611 b
1 2 3 6 12 13 26 38 76 152 304 608 611 b
1 2 3 6 12 14 24 38 76 152 304 307 611 a
1 2 3 6 12 14 24 38 76 152 304 608 611 a
1 2 3 6 12 14 26 38 76 152 304 307 611 b
1 2 3 6 12 14 26 38 76 152 304 608 611 b
1 2 3 6 12 18 19 37 74 148 296 315 611 b
1 2 3 6 12 18 19 37 74 148 296 592 611 b
1 2 3 6 12 18 19 38 76 152 304 307 611 b
1 2 3 6 12 18 19 38 76 152 304 608 611 b
1 2 3 6 12 18 20 38 76 152 304 307 611 b
1 2 3 6 12 18 20 38 76 152 304 608 611 b
1 2 3 6 12 18 36 38 76 152 304 307 611 b
1 2 3 6 12 18 36 38 76 152 304 608 611 b
1 2 3 6 12 24 26 38 76 152 304 307 611 b
1 2 3 6 12 24 26 38 76 152 304 608 611 b
1 2 3 6 12 24 26 50 76 152 304 307 611 b
1 2 3 6 12 24 26 50 76 152 304 608 611 b
1 2 3 6 12 24 26 52 76 152 304 307 611 b
1 2 3 6 12 24 26 52 76 152 304 608 611 b
1 2 3 6 12 24 36 38 76 152 304 307 611 b
1 2 3 6 12 24 36 38 76 152 304 608 611 b
1 2 4 5 9 18 19 37 74 148 296 315 611 b
1 2 4 5 9 18 19 37 74 148 296 592 611 b
1 2 4 6 12 18 19 37 74 148 296 315 611 b
1 2 4 6 12 18 19 37 74 148 296 592 611 b
1 2 4 8 9 18 19 37 74 148 296 315 611 b
1 2 4 8 9 18 19 37 74 148 296 592 611 b
1 2 4 8 10 18 19 37 74 148 296 315 611 b
1 2 4 8 10 18 19 37 74 148 296 592 611 b
1 2 4 8 16 17 33 66 83 132 264 347 611 a
1 2 4 8 16 17 33 66 83 132 264 528 611 a
1 2 4 8 16 17 33 66 99 198 215 396 611 a
1 2 4 8 16 17 33 66 99 198 215 413 611 b
1 2 4 8 16 17 33 66 99 198 297 314 611 b
1 2 4 8 16 17 33 66 99 198 297 594 611 b
1 2 4 8 16 17 33 66 99 198 396 413 611 b
1 2 4 8 16 17 33 66 99 198 396 594 611 b
1 2 4 8 16 17 33 66 132 165 297 314 611 b
1 2 4 8 16 17 33 66 132 165 297 594 611 b
1 2 4 8 16 17 33 66 132 198 215 396 611 a
1 2 4 8 16 17 33 66 132 198 215 413 611 b
1 2 4 8 16 17 33 66 132 198 396 413 611 b
1 2 4 8 16 17 33 66 132 198 396 594 611 b
1 2 4 8 16 17 33 66 132 264 281 330 611 a
1 2 4 8 16 17 33 66 132 264 281 347 611 b
1 2 4 8 16 17 33 66 132 264 281 545 611 b
1 2 4 8 16 17 33 66 132 264 297 314 611 b
1 2 4 8 16 17 33 66 132 264 297 594 611 b
1 2 4 8 16 17 33 66 132 264 330 347 611 b
1 2 4 8 16 17 33 66 132 264 330 594 611 b
1 2 4 8 16 17 33 66 132 264 528 545 611 b
1 2 4 8 16 17 33 66 132 264 528 594 611 b
1 2 4 8 16 18 19 37 74 148 296 315 611 b
1 2 4 8 16 18 19 37 74 148 296 592 611 b
1 2 4 8 16 24 48 96 97 193 209 402 611 b
1 2 4 8 16 24 48 96 97 193 209 418 611 b
1 2 4 8 16 24 48 96 192 193 209 402 611 b
1 2 4 8 16 24 48 96 192 193 209 418 611 b
1 2 4 8 16 32 33 64 97 161 225 386 611 a
1 2 4 8 16 32 33 64 97 161 225 450 611 a
1 2 4 8 16 32 33 64 128 161 225 386 611 a
1 2 4 8 16 32 33 64 128 161 225 450 611 a
1 2 4 8 16 32 33 64 128 161 289 322 611 a
1 2 4 8 16 32 33 64 128 161 289 450 611 a
1 2 4 8 16 32 33 64 128 161 289 578 611 a
1 2 4 8 16 32 33 64 128 161 322 450 611 a
1 2 4 8 16 32 33 64 128 161 322 483 611 a
1 2 4 8 16 32 33 64 128 256 289 322 611 a
1 2 4 8 16 32 33 64 128 256 289 578 611 a
1 2 4 8 16 32 48 96 97 193 209 402 611 b
1 2 4 8 16 32 48 96 97 193 209 418 611 b
1 2 4 8 16 32 48 96 97 193 225 386 611 a
1 2 4 8 16 32 48 96 97 193 225 418 611 b
1 2 4 8 16 32 48 96 97 193 386 418 611 b
1 2 4 8 16 32 48 96 97 193 386 579 611 b
1 2 4 8 16 32 48 96 192 193 209 402 611 b
1 2 4 8 16 32 48 96 192 193 209 418 611 b
1 2 4 8 16 32 48 96 192 193 225 386 611 a
1 2 4 8 16 32 48 96 192 193 225 418 611 b
1 2 4 8 16 32 48 96 192 193 386 418 611 b
1 2 4 8 16 32 48 96 192 193 386 579 611 b
1 2 4 8 16 32 64 65 96 161 225 386 611 a
1 2 4 8 16 32 64 65 96 161 225 450 611 a
1 2 4 8 16 32 64 65 97 161 225 386 611 b
1 2 4 8 16 32 64 65 97 161 225 450 611 b
1 2 4 8 16 32 64 65 128 193 209 402 611 a
1 2 4 8 16 32 64 65 128 193 209 418 611 a
1 2 4 8 16 32 64 65 128 193 225 386 611 a
1 2 4 8 16 32 64 65 128 193 225 418 611 a
1 2 4 8 16 32 64 65 128 193 386 418 611 a
1 2 4 8 16 32 64 65 128 193 386 579 611 a
1 2 4 8 16 32 64 65 129 161 225 386 611 b
1 2 4 8 16 32 64 65 129 161 225 450 611 b
1 2 4 8 16 32 64 65 129 193 209 402 611 b
1 2 4 8 16 32 64 65 129 193 209 418 611 b
1 2 4 8 16 32 64 65 129 193 225 386 611 a
1 2 4 8 16 32 64 65 129 193 225 418 611 b
1 2 4 8 16 32 64 65 129 193 386 418 611 b
1 2 4 8 16 32 64 65 129 193 386 579 611 b
1 2 4 8 16 32 64 80 81 161 225 386 611 b
1 2 4 8 16 32 64 80 81 161 225 450 611 b
1 2 4 8 16 32 64 80 160 161 225 386 611 b
1 2 4 8 16 32 64 80 160 161 225 450 611 b
1 2 4 8 16 32 64 96 97 160 257 354 611 a
1 2 4 8 16 32 64 96 97 160 257 514 611 a
1 2 4 8 16 32 64 96 97 161 225 386 611 b
1 2 4 8 16 32 64 96 97 161 225 450 611 b
1 2 4 8 16 32 64 96 97 161 257 354 611 b
1 2 4 8 16 32 64 96 97 161 257 514 611 b
1 2 4 8 16 32 64 96 97 193 209 402 611 b
1 2 4 8 16 32 64 96 97 193 209 418 611 b
1 2 4 8 16 32 64 96 97 193 225 386 611 a
1 2 4 8 16 32 64 96 97 193 225 418 611 b
1 2 4 8 16 32 64 96 97 193 257 354 611 b
1 2 4 8 16 32 64 96 97 193 257 514 611 b
1 2 4 8 16 32 64 96 97 193 386 418 611 b
1 2 4 8 16 32 64 96 97 193 386 579 611 b
1 2 4 8 16 32 64 96 160 161 225 386 611 b
1 2 4 8 16 32 64 96 160 161 225 450 611 b
1 2 4 8 16 32 64 96 192 193 209 402 611 b
1 2 4 8 16 32 64 96 192 193 209 418 611 b
1 2 4 8 16 32 64 96 192 193 225 386 611 a
1 2 4 8 16 32 64 96 192 193 225 418 611 b
1 2 4 8 16 32 64 96 192 193 386 418 611 b
1 2 4 8 16 32 64 96 192 193 386 579 611 b
1 2 4 8 16 32 64 128 129 161 225 386 611 b
1 2 4 8 16 32 64 128 129 161 225 450 611 b
1 2 4 8 16 32 64 128 129 161 289 322 611 a
1 2 4 8 16 32 64 128 129 161 289 450 611 b
1 2 4 8 16 32 64 128 129 161 322 450 611 b
1 2 4 8 16 32 64 128 129 161 322 483 611 b
1 2 4 8 16 32 64 128 129 193 209 402 611 b
1 2 4 8 16 32 64 128 129 193 209 418 611 b
1 2 4 8 16 32 64 128 129 193 225 386 611 a
1 2 4 8 16 32 64 128 129 193 225 418 611 b
1 2 4 8 16 32 64 128 129 193 386 418 611 b
1 2 4 8 16 32 64 128 129 193 386 579 611 b
1 2 4 8 16 32 64 128 160 161 225 386 611 b
1 2 4 8 16 32 64 128 160 161 225 450 611 b
1 2 4 8 16 32 64 128 160 161 289 322 611 a
1 2 4 8 16 32 64 128 160 161 289 450 611 b
1 2 4 8 16 32 64 128 160 161 322 450 611 b
1 2 4 8 16 32 64 128 160 161 322 483 611 b
1 2 4 8 16 32 64 128 192 193 209 402 611 b
1 2 4 8 16 32 64 128 192 193 209 418 611 b
1 2 4 8 16 32 64 128 192 193 225 386 611 a
1 2 4 8 16 32 64 128 192 193 225 418 611 b
1 2 4 8 16 32 64 128 192 193 386 418 611 b
1 2 4 8 16 32 64 128 192 193 386 579 611 b
