1 2 3 5 10 20 21 40 80 160 320 341 661 a
1 2 3 5 10 20 21 40 80 160 320 640 661 a
1 2 3 5 10 20 21 41 82 164 328 333 661 b
1 2 3 5 10 20 21 41 82 164 328 656 661 b
1 2 3 5 10 20 40 41 82 164 328 333 661 b
1 2 3 5 10 20 40 41 82 164 328 656 661 b
1 2 3 5 10 20 40 42 82 164 328 333 661 b
1 2 3 5 10 20 40 42 82 164 328 656 661 b
1 2 3 5 10 20 40 80 82 164 328 333 661 b
1 2 3 5 10 20 40 80 82 164 328 656 661 b
1 2 3 5 10 20 40 80 85 165 330 331 661 b
1 2 3 5 10 20 40 80 85 165 330 660 661 b
1 2 3 5 10 20 40 80 160 165 330 331 661 b
1 2 3 5 10 20 40 80 160 165 330 660 661 b
1 2 3 5 10 20 40 80 160 170 330 331 661 b
1 2 3 5 10 20 40 80 160 170 330 660 661 b
1 2 3 5 10 20 40 80 160 320 321 340 661 a
1 2 3 5 10 20 40 80 160 320 321 341 661 b
1 2 3 5 10 20 40 80 160 320 321 641 661 b
1 2 3 5 10 20 40 80 160 320 330 331 661 b
1 2 3 5 10 20 40 80 160 320 330 660 661 b
1 2 3 5 10 20 40 80 160 320 340 341 661 b
1 2 3 5 10 20 40 80 160 320 340 660 661 b
1 2 3 5 10 20 40 80 160 320 640 641 661 b
1 2 3 5 10 20 40 80 160 320 640 660 661 b
1 2 4 5 9 18 23 41 82 164 328 333 661 b
1 2 4 5 9 18 23 41 82 164 328 656 661 b
1 2 4 5 9 18 36 41 82 164 328 333 661 b
1 2 4 5 9 18 36 41 82 164 328 656 661 b
1 2 4 5 10 20 21 40 80 160 320 341 661 a
1 2 4 5 10 20 21 40 80 160 320 640 661 a
1 2 4 5 10 20 21 41 82 164 328 333 661 b
1 2 4 5 10 20 21 41 82 164 328 656 661 b
1 2 4 5 10 20 40 41 82 164 328 333 661 b
1 2 4 5 10 20 40 41 82 164 328 656 661 b
1 2 4 5 10 20 40 42 82 164 328 333 661 b
1 2 4 5 10 20 40 42 82 164 328 656 661 b
1 2 4 5 10 20 40 80 82 164 328 333 661 b
1 2 4 5 10 20 40 80 82 164 328 656 661 b
1 2 4 5 10 20 40 80 84 164 328 333 661 b
1 2 4 5 10 20 40 80 84 164 328 656 661 b
1 2 4 5 10 20 40 80 85 165 330 331 661 b
1 2 4 5 10 20 40 80 85 165 330 660 661 b
1 2 4 5 10 20 40 80 160 164 328 333 661 b
1 2 4 5 10 20 40 80 160 164 328 656 661 b
1 2 4 5 10 20 40 80 160 165 330 331 661 b
1 2 4 5 10 20 40 80 160 165 330 660 661 b
1 2 4 5 10 20 40 80 160 170 330 331 661 b
1 2 4 5 10 20 40 80 160 170 330 660 661 b
1 2 4 5 10 20 40 80 160 320 321 340 661 a
1 2 4 5 10 20 40 80 160 320 321 341 661 b
1 2 4 5 10 20 40 80 160 320 321 641 661 b
1 2 4 5 10 20 40 80 160 320 330 331 661 b
1 2 4 5 10 20 40 80 160 320 330 660 661 b
1 2 4 5 10 20 40 80 160 320 340 341 661 b
1 2 4 5 10 20 40 80 160 320 340 660 661 b
1 2 4 5 10 20 40 80 160 320 640 641 661 b
1 2 4 5 10 20 40 80 160 320 640 660 661 b
1 2 4 6 10 20 21 40 80 160 320 341 661 a
1 2 4 6 10 20 21 40 80 160 320 640 661 a
1 2 4 6 10 20 40 80 160 170 330 331 661 b
1 2 4 6 10 20 40 80 160 170 330 660 661 b
1 2 4 6 10 20 40 80 160 320 321 340 661 a
1 2 4 6 10 20 40 80 160 320 321 341 661 b
1 2 4 6 10 20 40 80 160 320 321 641 661 b
1 2 4 6 10 20 40 80 160 320 330 331 661 b
1 2 4 6 10 20 40 80 160 320 330 660 661 b
1 2 4 6 10 20 40 80 160 320 340 341 661 b
1 2 4 6 10 20 40 80 160 320 340 660 661 b
1 2 4 6 10 20 40 80 160 320 640 641 661 b
1 2 4 6 10 20 40 80 160 320 640 660 661 b
1 2 4 8 10 20 21 40 80 160 320 341 661 a
1 2 4 8 10 20 21 40 80 160 320 640 661 a
1 2 4 8 10 20 40 80 160 170 330 331 661 b
1 2 4 8 10 20 40 80 160 170 330 660 661 b
1 2 4 8 10 20 40 80 160 320 321 340 661 a
1 2 4 8 10 20 40 80 160 320 321 341 661 b
1 2 4 8 10 20 40 80 160 320 321 641 661 b
1 2 4 8 10 20 40 80 160 320 330 331 661 b
1 2 4 8 10 20 40 80 160 320 330 660 661 b
1 2 4 8 10 20 40 80 160 320 340 341 661 b
1 2 4 8 10 20 40 80 160 320 340 660 661 b
1 2 4 8 10 20 40 80 160 320 640 641 661 b
1 2 4 8 10 20 40 80 160 320 640 660 661 b
1 2 4 8 12 20 21 40 80 160 320 341 661 a
1 2 4 8 12 20 21 40 80 160 320 640 661 a
1 2 4 8 12 20 40 80 160 320 321 340 661 a
1 2 4 8 12 20 40 80 160 320 321 341 661 b
1 2 4 8 12 20 40 80 160 320 321 641 661 b
1 2 4 8 12 20 40 80 160 320 340 341 661 b
1 2 4 8 12 20 40 80 160 320 340 660 661 b
1 2 4 8 12 20 40 80 160 320 640 641 661 b
1 2 4 8 12 20 40 80 160 320 640 660 661 b
1 2 4 8 16 17 32 64 81 145 290 371 661 a
1 2 4 8 16 17 32 64 81 145 290 580 661 a
1 2 4 8 16 17 33 66 99 165 330 331 661 b
1 2 4 8 16 17 33 66 99 165 330 660 661 b
1 2 4 8 16 17 33 66 132 133 264 397 661 a
1 2 4 8 16 17 33 66 132 133 264 528 661 a
1 2 4 8 16 17 33 66 132 165 330 331 661 b
1 2 4 8 16 17 33 66 132 165 330 660 661 b
1 2 4 8 16 17 33 66 132 198 330 331 661 b
1 2 4 8 16 17 33 66 132 198 330 660 661 b
1 2 4 8 16 17 33 66 132 264 265 396 661 a
1 2 4 8 16 17 33 66 132 264 265 397 661 b
1 2 4 8 16 17 33 66 132 264 265 529 661 b
1 2 4 8 16 17 33 66 132 264 330 331 661 b
1 2 4 8 16 17 33 66 132 264 330 660 661 b
1 2 4 8 16 17 33 66 132 264 396 397 661 b
1 2 4 8 16 17 33 66 132 264 396 660 661 b
1 2 4 8 16 17 33 66 132 264 528 529 661 b
1 2 4 8 16 17 33 66 132 264 528 660 661 b
1 2 4 8 16 20 21 40 80 160 320 341 661 a
1 2 4 8 16 20 21 40 80 160 320 640 661 a
1 2 4 8 16 20 40 80 160 320 321 340 661 a
1 2 4 8 16 20 40 80 160 320 321 341 661 b
1 2 4 8 16 20 40 80 160 320 321 641 661 b
1 2 4 8 16 20 40 80 160 320 340 341 661 b
1 2 4 8 16 20 40 80 160 320 340 660 661 b
1 2 4 8 16 20 40 80 160 320 640 641 661 b
1 2 4 8 16 20 40 80 160 320 640 660 661 b
1 2 4 8 16 32 33 66 99 165 330 331 661 b
1 2 4 8 16 32 33 66 99 165 330 660 661 b
1 2 4 8 16 32 33 66 132 133 264 397 661 a
1 2 4 8 16 32 33 66 132 133 264 528 661 a
1 2 4 8 16 32 33 66 132 165 330 331 661 b
1 2 4 8 16 32 33 66 132 165 330 660 661 b
1 2 4 8 16 32 33 66 132 198 330 331 661 b
1 2 4 8 16 32 33 66 132 198 330 660 661 b
1 2 4 8 16 32 33 66 132 264 265 396 661 a
1 2 4 8 16 32 33 66 132 264 265 397 661 b
1 2 4 8 16 32 33 66 132 264 265 529 661 b
1 2 4 8 16 32 33 66 132 264 330 331 661 b
1 2 4 8 16 32 33 66 132 264 330 660 661 b
1 2 4 8 16 32 33 66 132 264 396 397 661 b
1 2 4 8 16 32 33 66 132 264 396 660 661 b
1 2 4 8 16 32 33 66 132 264 528 529 661 b
1 2 4 8 16 32 33 66 132 264 528 660 661 b
1 2 4 8 16 32 34 66 132 133 264 397 661 a
1 2 4 8 16 32 34 66 132 133 264 528 661 a
1 2 4 8 16 32 34 66 132 198 330 331 661 b
1 2 4 8 16 32 34 66 132 198 330 660 661 b
1 2 4 8 16 32 34 66 132 264 265 396 661 a
1 2 4 8 16 32 34 66 132 264 265 397 661 b
1 2 4 8 16 32 34 66 132 264 265 529 661 b
1 2 4 8 16 32 34 66 132 264 330 331 661 b
1 2 4 8 16 32 34 66 132 264 330 660 661 b
1 2 4 8 16 32 34 66 132 264 396 397 661 b
1 2 4 8 16 32 34 66 132 264 396 660 661 b
1 2 4 8 16 32 34 66 132 264 528 529 661 b
1 2 4 8 16 32 34 66 132 264 528 660 661 b
1 2 4 8 16 32 64 65 81 145 290 371 661 b
1 2 4 8 16 32 64 65 81 145 290 580 661 b
1 2 4 8 16 32 64 65 129 133 266 395 661 b
1 2 4 8 16 32 64 65 129 133 266 532 661 b
1 2 4 8 16 32 64 65 129 137 266 395 661 b
1 2 4 8 16 32 64 65 129 137 266 532 661 b
1 2 4 8 16 32 64 65 129 145 258 403 661 a
1 2 4 8 16 32 64 65 129 145 258 516 661 a
1 2 4 8 16 32 64 65 129 258 266 395 661 b
1 2 4 8 16 32 64 65 129 258 266 532 661 b
1 2 4 8 16 32 64 65 129 258 274 387 661 a
1 2 4 8 16 32 64 65 129 258 274 403 661 b
1 2 4 8 16 32 64 65 129 258 274 532 661 b
1 2 4 8 16 32 64 65 129 258 387 403 661 b
1 2 4 8 16 32 64 65 129 258 387 645 661 b
1 2 4 8 16 32 64 65 129 258 516 532 661 b
1 2 4 8 16 32 64 65 129 258 516 645 661 b
1 2 4 8 16 32 64 66 132 133 264 397 661 a
1 2 4 8 16 32 64 66 132 133 264 528 661 a
1 2 4 8 16 32 64 66 132 198 330 331 661 b
1 2 4 8 16 32 64 66 132 198 330 660 661 b
1 2 4 8 16 32 64 66 132 264 265 396 661 a
1 2 4 8 16 32 64 66 132 264 265 397 661 b
1 2 4 8 16 32 64 66 132 264 265 529 661 b
1 2 4 8 16 32 64 66 132 264 330 331 661 b
1 2 4 8 16 32 64 66 132 264 330 660 661 b
1 2 4 8 16 32 64 66 132 264 396 397 661 b
1 2 4 8 16 32 64 66 132 264 396 660 661 b
1 2 4 8 16 32 64 66 132 264 528 529 661 b
1 2 4 8 16 32 64 66 132 264 528 660 661 b
1 2 4 8 16 32 64 68 132 133 264 397 661 a
1 2 4 8 16 32 64 68 132 133 264 528 661 a
1 2 4 8 16 32 64 68 132 264 265 396 661 a
1 2 4 8 16 32 64 68 132 264 265 397 661 b
1 2 4 8 16 32 64 68 132 264 265 529 661 b
1 2 4 8 16 32 64 68 132 264 396 397 661 b
1 2 4 8 16 32 64 68 132 264 396 660 661 b
1 2 4 8 16 32 64 68 132 264 528 529 661 b
1 2 4 8 16 32 64 68 132 264 528 660 661 b
1 2 4 8 16 32 64 80 81 145 290 371 661 b
1 2 4 8 16 32 64 80 81 145 290 580 661 b
1 2 4 8 16 32 64 128 129 133 266 395 661 b
1 2 4 8 16 32 64 128 129 133 266 532 661 b
1 2 4 8 16 32 64 128 129 137 266 395 661 b
1 2 4 8 16 32 64 128 129 137 266 532 661 b
1 2 4 8 16 32 64 128 129 145 258 403 661 a
1 2 4 8 16 32 64 128 129 145 258 516 661 a
1 2 4 8 16 32 64 128 129 258 266 395 661 b
1 2 4 8 16 32 64 128 129 258 266 532 661 b
1 2 4 8 16 32 64 128 129 258 274 387 661 a
1 2 4 8 16 32 64 128 129 258 274 403 661 b
1 2 4 8 16 32 64 128 129 258 274 532 661 b
1 2 4 8 16 32 64 128 129 258 387 403 661 b
1 2 4 8 16 32 64 128 129 258 387 645 661 b
1 2 4 8 16 32 64 128 129 258 516 532 661 b
1 2 4 8 16 32 64 128 129 258 516 645 661 b
1 2 4 8 16 32 64 128 132 133 264 397 661 a
1 2 4 8 16 32 64 128 132 133 264 528 661 a
1 2 4 8 16 32 64 128 132 264 265 396 661 a
1 2 4 8 16 32 64 128 132 264 265 397 661 b
1 2 4 8 16 32 64 128 132 264 265 529 661 b
1 2 4 8 16 32 64 128 132 264 396 397 661 b
1 2 4 8 16 32 64 128 132 264 396 660 661 b
1 2 4 8 16 32 64 128 132 264 528 529 661 b
1 2 4 8 16 32 64 128 132 264 528 660 661 b
