1 2 3 4 7 14 21 42 84 168 175 343 686 b
1 2 3 4 7 14 21 42 84 168 336 343 686 b
1 2 3 4 7 14 21 42 84 168 336 350 686 b
1 2 3 4 7 14 21 42 84 168 336 672 686 b
1 2 3 4 7 14 28 42 84 168 175 343 686 b
1 2 3 4 7 14 28 42 84 168 336 343 686 b
1 2 3 4 7 14 28 42 84 168 336 350 686 b
1 2 3 4 7 14 28 42 84 168 336 672 686 b
1 2 3 4 7 14 28 56 84 168 175 343 686 b
1 2 3 4 7 14 28 56 84 168 336 343 686 b
1 2 3 4 7 14 28 56 84 168 336 350 686 b
1 2 3 4 7 14 28 56 84 168 336 672 686 b
1 2 3 4 7 14 28 56 112 119 224 343 686 a
1 2 3 4 7 14 28 56 112 119 231 343 686 b
1 2 3 4 7 14 28 56 112 168 175 343 686 b
1 2 3 4 7 14 28 56 112 168 336 343 686 b
1 2 3 4 7 14 28 56 112 168 336 350 686 b
1 2 3 4 7 14 28 56 112 168 336 672 686 b
1 2 3 4 7 14 28 56 112 224 231 343 686 b
1 2 3 4 7 14 28 56 112 224 231 455 686 b
1 2 3 4 7 14 28 56 112 224 231 462 686 b
1 2 3 4 7 14 28 56 112 224 238 448 686 a
1 2 3 4 7 14 28 56 112 224 238 462 686 b
1 2 3 4 7 14 28 56 112 224 336 343 686 b
1 2 3 4 7 14 28 56 112 224 336 350 686 b
1 2 3 4 7 14 28 56 112 224 336 672 686 b
1 2 3 4 7 14 28 56 112 224 448 462 686 b
1 2 3 4 7 14 28 56 112 224 448 672 686 b
1 2 3 5 7 14 21 42 84 168 175 343 686 b
1 2 3 5 7 14 21 42 84 168 336 343 686 b
1 2 3 5 7 14 21 42 84 168 336 350 686 b
1 2 3 5 7 14 21 42 84 168 336 672 686 b
1 2 3 5 7 14 28 42 84 168 175 343 686 b
1 2 3 5 7 14 28 42 84 168 336 343 686 b
1 2 3 5 7 14 28 42 84 168 336 350 686 b
1 2 3 5 7 14 28 42 84 168 336 672 686 b
1 2 3 5 7 14 28 56 84 168 175 343 686 b
1 2 3 5 7 14 28 56 84 168 336 343 686 b
1 2 3 5 7 14 28 56 84 168 336 350 686 b
1 2 3 5 7 14 28 56 84 168 336 672 686 b
1 2 3 5 7 14 28 56 112 119 224 343 686 a
1 2 3 5 7 14 28 56 112 119 231 343 686 b
1 2 3 5 7 14 28 56 112 168 175 343 686 b
1 2 3 5 7 14 28 56 112 168 336 343 686 b
1 2 3 5 7 14 28 56 112 168 336 350 686 b
1 2 3 5 7 14 28 56 112 168 336 672 686 b
1 2 3 5 7 14 28 56 112 224 231 343 686 b
1 2 3 5 7 14 28 56 112 224 231 455 686 b
1 2 3 5 7 14 28 56 112 224 231 462 686 b
1 2 3 5 7 14 28 56 112 224 238 448 686 a
1 2 3 5 7 14 28 56 112 224 238 462 686 b
1 2 3 5 7 14 28 56 112 224 336 343 686 b
1 2 3 5 7 14 28 56 112 224 336 350 686 b
1 2 3 5 7 14 28 56 112 224 336 672 686 b
1 2 3 5 7 14 28 56 112 224 448 462 686 b
1 2 3 5 7 14 28 56 112 224 448 672 686 b
1 2 3 5 10 20 23 40 80 160 183 343 686 a
1 2 3 5 10 20 23 40 80 160 320 343 686 a
1 2 3 5 10 20 40 45 85 170 173 343 686 b
1 2 3 5 10 20 40 45 85 170 340 343 686 b
1 2 3 5 10 20 40 80 85 170 173 343 686 b
1 2 3 5 10 20 40 80 85 170 340 343 686 b
1 2 3 5 10 20 40 80 90 170 173 343 686 b
1 2 3 5 10 20 40 80 90 170 340 343 686 b
1 2 3 5 10 20 40 80 160 163 180 343 686 a
1 2 3 5 10 20 40 80 160 163 183 343 686 b
1 2 3 5 10 20 40 80 160 163 323 343 686 b
1 2 3 5 10 20 40 80 160 163 323 363 686 b
1 2 3 5 10 20 40 80 160 163 323 646 686 b
1 2 3 5 10 20 40 80 160 170 173 343 686 b
1 2 3 5 10 20 40 80 160 170 340 343 686 b
1 2 3 5 10 20 40 80 160 180 183 343 686 b
1 2 3 5 10 20 40 80 160 180 340 343 686 b
1 2 3 5 10 20 40 80 160 320 323 343 686 b
1 2 3 5 10 20 40 80 160 320 323 363 686 b
1 2 3 5 10 20 40 80 160 320 323 646 686 b
1 2 3 5 10 20 40 80 160 320 340 343 686 b
1 2 3 6 7 14 21 42 84 168 175 343 686 b
1 2 3 6 7 14 21 42 84 168 336 343 686 b
1 2 3 6 7 14 21 42 84 168 336 350 686 b
1 2 3 6 7 14 21 42 84 168 336 672 686 b
1 2 3 6 7 14 28 42 84 168 175 343 686 b
1 2 3 6 7 14 28 42 84 168 336 343 686 b
1 2 3 6 7 14 28 42 84 168 336 350 686 b
1 2 3 6 7 14 28 42 84 168 336 672 686 b
1 2 3 6 7 14 28 56 84 168 175 343 686 b
1 2 3 6 7 14 28 56 84 168 336 343 686 b
1 2 3 6 7 14 28 56 84 168 336 350 686 b
1 2 3 6 7 14 28 56 84 168 336 672 686 b
1 2 3 6 7 14 28 56 112 119 224 343 686 a
1 2 3 6 7 14 28 56 112 119 231 343 686 b
1 2 3 6 7 14 28 56 112 168 175 343 686 b
1 2 3 6 7 14 28 56 112 168 336 343 686 b
1 2 3 6 7 14 28 56 112 168 336 350 686 b
1 2 3 6 7 14 28 56 112 168 336 672 686 b
1 2 3 6 7 14 28 56 112 224 231 343 686 b
1 2 3 6 7 14 28 56 112 224 231 455 686 b
1 2 3 6 7 14 28 56 112 224 231 462 686 b
1 2 3 6 7 14 28 56 112 224 238 448 686 a
1 2 3 6 7 14 28 56 112 224 238 462 686 b
1 2 3 6 7 14 28 56 112 224 336 343 686 b
1 2 3 6 7 14 28 56 112 224 336 350 686 b
1 2 3 6 7 14 28 56 112 224 336 672 686 b
1 2 3 6 7 14 28 56 112 224 448 462 686 b
1 2 3 6 7 14 28 56 112 224 448 672 686 b
1 2 3 6 8 14 28 42 84 168 336 350 686 b
1 2 3 6 8 14 28 42 84 168 336 672 686 b
1 2 3 6 8 14 28 56 84 168 336 350 686 b
1 2 3 6 8 14 28 56 84 168 336 672 686 b
1 2 3 6 8 14 28 56 112 168 336 350 686 b
1 2 3 6 8 14 28 56 112 168 336 672 686 b
1 2 3 6 8 14 28 56 112 224 238 448 686 a
1 2 3 6 8 14 28 56 112 224 238 462 686 b
1 2 3 6 8 14 28 56 112 224 336 350 686 b
1 2 3 6 8 14 28 56 112 224 336 672 686 b
1 2 3 6 8 14 28 56 112 224 448 462 686 b
1 2 3 6 8 14 28 56 112 224 448 672 686 b
1 2 3 6 12 14 28 42 84 168 336 350 686 b
1 2 3 6 12 14 28 42 84 168 336 672 686 b
1 2 3 6 12 14 28 56 84 168 336 350 686 b
1 2 3 6 12 14 28 56 84 168 336 672 686 b
1 2 3 6 12 14 28 56 112 168 336 350 686 b
1 2 3 6 12 14 28 56 112 168 336 672 686 b
1 2 3 6 12 14 28 56 112 224 238 448 686 a
1 2 3 6 12 14 28 56 112 224 238 462 686 b
1 2 3 6 12 14 28 56 112 224 336 350 686 b
1 2 3 6 12 14 28 56 112 224 336 672 686 b
1 2 3 6 12 14 28 56 112 224 448 462 686 b
1 2 3 6 12 14 28 56 112 224 448 672 686 b
1 2 3 6 12 24 25 49 98 147 196 343 686 b
1 2 3 6 12 24 25 49 98 147 245 343 686 b
1 2 3 6 12 24 25 49 98 147 294 343 686 b
1 2 3 6 12 24 25 49 98 147 294 392 686 b
1 2 3 6 12 24 25 49 98 147 294 588 686 b
1 2 3 6 12 24 25 49 98 196 245 343 686 b
1 2 3 6 12 24 25 49 98 196 245 441 686 b
1 2 3 6 12 24 25 49 98 196 245 490 686 b
1 2 3 6 12 24 25 49 98 196 294 343 686 b
1 2 3 6 12 24 25 49 98 196 294 392 686 b
1 2 3 6 12 24 25 49 98 196 294 490 686 b
1 2 3 6 12 24 25 49 98 196 294 588 686 b
1 2 3 6 12 24 25 49 98 196 392 490 686 b
1 2 3 6 12 24 25 49 98 196 392 588 686 b
1 2 3 6 12 24 48 49 98 147 196 343 686 b
1 2 3 6 12 24 48 49 98 147 245 343 686 b
1 2 3 6 12 24 48 49 98 147 294 343 686 b
1 2 3 6 12 24 48 49 98 147 294 392 686 b
1 2 3 6 12 24 48 49 98 147 294 588 686 b
1 2 3 6 12 24 48 49 98 196 245 343 686 b
1 2 3 6 12 24 48 49 98 196 245 441 686 b
1 2 3 6 12 24 48 49 98 196 245 490 686 b
1 2 3 6 12 24 48 49 98 196 294 343 686 b
1 2 3 6 12 24 48 49 98 196 294 392 686 b
1 2 3 6 12 24 48 49 98 196 294 490 686 b
1 2 3 6 12 24 48 49 98 196 294 588 686 b
1 2 3 6 12 24 48 49 98 196 392 490 686 b
1 2 3 6 12 24 48 49 98 196 392 588 686 b
1 2 3 6 12 24 48 50 98 196 294 392 686 b
1 2 3 6 12 24 48 50 98 196 294 490 686 b
1 2 3 6 12 24 48 50 98 196 294 588 686 b
1 2 3 6 12 24 48 50 98 196 392 490 686 b
1 2 3 6 12 24 48 50 98 196 392 588 686 b
1 2 3 6 12 24 48 96 98 196 294 392 686 b
1 2 3 6 12 24 48 96 98 196 294 490 686 b
1 2 3 6 12 24 48 96 98 196 294 588 686 b
1 2 3 6 12 24 48 96 98 196 392 490 686 b
1 2 3 6 12 24 48 96 98 196 392 588 686 b
1 2 4 5 7 14 21 42 84 168 175 343 686 b
1 2 4 5 7 14 21 42 84 168 336 343 686 b
1 2 4 5 7 14 21 42 84 168 336 350 686 b
1 2 4 5 7 14 21 42 84 168 336 672 686 b
1 2 4 5 7 14 28 42 84 168 175 343 686 b
1 2 4 5 7 14 28 42 84 168 336 343 686 b
1 2 4 5 7 14 28 42 84 168 336 350 686 b
1 2 4 5 7 14 28 42 84 168 336 672 686 b
1 2 4 5 7 14 28 56 84 168 175 343 686 b
1 2 4 5 7 14 28 56 84 168 336 343 686 b
1 2 4 5 7 14 28 56 84 168 336 350 686 b
1 2 4 5 7 14 28 56 84 168 336 672 686 b
1 2 4 5 7 14 28 56 112 119 224 343 686 a
1 2 4 5 7 14 28 56 112 119 231 343 686 b
1 2 4 5 7 14 28 56 112 168 175 343 686 b
1 2 4 5 7 14 28 56 112 168 336 343 686 b
1 2 4 5 7 14 28 56 112 168 336 350 686 b
1 2 4 5 7 14 28 56 112 168 336 672 686 b
1 2 4 5 7 14 28 56 112 224 231 343 686 b
1 2 4 5 7 14 28 56 112 224 231 455 686 b
1 2 4 5 7 14 28 56 112 224 231 462 686 b
1 2 4 5 7 14 28 56 112 224 238 448 686 a
1 2 4 5 7 14 28 56 112 224 238 462 686 b
1 2 4 5 7 14 28 56 112 224 336 343 686 b
1 2 4 5 7 14 28 56 112 224 336 350 686 b
1 2 4 5 7 14 28 56 112 224 336 672 686 b
1 2 4 5 7 14 28 56 112 224 448 462 686 b
1 2 4 5 7 14 28 56 112 224 448 672 686 b
1 2 4 5 9 14 28 42 84 168 336 350 686 b
1 2 4 5 9 14 28 42 84 168 336 672 686 b
1 2 4 5 9 14 28 56 84 168 336 350 686 b
1 2 4 5 9 14 28 56 84 168 336 672 686 b
1 2 4 5 9 14 28 56 112 168 336 350 686 b
1 2 4 5 9 14 28 56 112 168 336 672 686 b
1 2 4 5 9 14 28 56 112 224 238 448 686 a
1 2 4 5 9 14 28 56 112 224 238 462 686 b
1 2 4 5 9 14 28 56 112 224 336 350 686 b
1 2 4 5 9 14 28 56 112 224 336 672 686 b
1 2 4 5 9 14 28 56 112 224 448 462 686 b
1 2 4 5 9 14 28 56 112 224 448 672 686 b
1 2 4 5 10 14 28 42 84 168 336 350 686 b
1 2 4 5 10 14 28 42 84 168 336 672 686 b
1 2 4 5 10 14 28 56 84 168 336 350 686 b
1 2 4 5 10 14 28 56 84 168 336 672 686 b
1 2 4 5 10 14 28 56 112 168 336 350 686 b
1 2 4 5 10 14 28 56 112 168 336 672 686 b
1 2 4 5 10 14 28 56 112 224 238 448 686 a
1 2 4 5 10 14 28 56 112 224 238 462 686 b
1 2 4 5 10 14 28 56 112 224 336 350 686 b
1 2 4 5 10 14 28 56 112 224 336 672 686 b
1 2 4 5 10 14 28 56 112 224 448 462 686 b
1 2 4 5 10 14 28 56 112 224 448 672 686 b
1 2 4 6 7 14 21 42 84 168 175 343 686 b
1 2 4 6 7 14 21 42 84 168 336 343 686 b
1 2 4 6 7 14 21 42 84 168 336 350 686 b
1 2 4 6 7 14 21 42 84 168 336 672 686 b
1 2 4 6 7 14 28 42 84 168 175 343 686 b
1 2 4 6 7 14 28 42 84 168 336 343 686 b
1 2 4 6 7 14 28 42 84 168 336 350 686 b
1 2 4 6 7 14 28 42 84 168 336 672 686 b
1 2 4 6 7 14 28 56 84 168 175 343 686 b
1 2 4 6 7 14 28 56 84 168 336 343 686 b
1 2 4 6 7 14 28 56 84 168 336 350 686 b
1 2 4 6 7 14 28 56 84 168 336 672 686 b
1 2 4 6 7 14 28 56 112 119 224 343 686 a
1 2 4 6 7 14 28 56 112 119 231 343 686 b
1 2 4 6 7 14 28 56 112 168 175 343 686 b
1 2 4 6 7 14 28 56 112 168 336 343 686 b
1 2 4 6 7 14 28 56 112 168 336 350 686 b
1 2 4 6 7 14 28 56 112 168 336 672 686 b
1 2 4 6 7 14 28 56 112 224 231 343 686 b
1 2 4 6 7 14 28 56 112 224 231 455 686 b
1 2 4 6 7 14 28 56 112 224 231 462 686 b
1 2 4 6 7 14 28 56 112 224 238 448 686 a
1 2 4 6 7 14 28 56 112 224 238 462 686 b
1 2 4 6 7 14 28 56 112 224 336 343 686 b
1 2 4 6 7 14 28 56 112 224 336 350 686 b
1 2 4 6 7 14 28 56 112 224 336 672 686 b
1 2 4 6 7 14 28 56 112 224 448 462 686 b
1 2 4 6 7 14 28 56 112 224 448 672 686 b
1 2 4 6 8 14 28 42 84 168 336 350 686 b
1 2 4 6 8 14 28 42 84 168 336 672 686 b
1 2 4 6 8 14 28 56 84 168 336 350 686 b
1 2 4 6 8 14 28 56 84 168 336 672 686 b
1 2 4 6 8 14 28 56 112 168 336 350 686 b
1 2 4 6 8 14 28 56 112 168 336 672 686 b
1 2 4 6 8 14 28 56 112 224 238 448 686 a
1 2 4 6 8 14 28 56 112 224 238 462 686 b
1 2 4 6 8 14 28 56 112 224 336 350 686 b
1 2 4 6 8 14 28 56 112 224 336 672 686 b
1 2 4 6 8 14 28 56 112 224 448 462 686 b
1 2 4 6 8 14 28 56 112 224 448 672 686 b
1 2 4 6 10 14 28 42 84 168 336 350 686 b
1 2 4 6 10 14 28 42 84 168 336 672 686 b
1 2 4 6 10 14 28 56 84 168 336 350 686 b
1 2 4 6 10 14 28 56 84 168 336 672 686 b
1 2 4 6 10 14 28 56 112 168 336 350 686 b
1 2 4 6 10 14 28 56 112 168 336 672 686 b
1 2 4 6 10 14 28 56 112 224 238 448 686 a
1 2 4 6 10 14 28 56 112 224 238 462 686 b
1 2 4 6 10 14 28 56 112 224 336 350 686 b
1 2 4 6 10 14 28 56 112 224 336 672 686 b
1 2 4 6 10 14 28 56 112 224 448 462 686 b
1 2 4 6 10 14 28 56 112 224 448 672 686 b
1 2 4 6 10 20 40 46 80 160 320 366 686 a
1 2 4 6 10 20 40 46 80 160 320 640 686 a
1 2 4 6 10 20 40 80 90 170 340 346 686 b
1 2 4 6 10 20 40 80 90 170 340 680 686 b
1 2 4 6 10 20 40 80 160 170 340 346 686 b
1 2 4 6 10 20 40 80 160 170 340 680 686 b
1 2 4 6 10 20 40 80 160 180 340 346 686 b
1 2 4 6 10 20 40 80 160 180 340 680 686 b
1 2 4 6 10 20 40 80 160 320 326 360 686 a
1 2 4 6 10 20 40 80 160 320 326 366 686 b
1 2 4 6 10 20 40 80 160 320 326 646 686 b
1 2 4 6 10 20 40 80 160 320 340 346 686 b
1 2 4 6 10 20 40 80 160 320 340 680 686 b
1 2 4 6 10 20 40 80 160 320 360 366 686 b
1 2 4 6 10 20 40 80 160 320 360 680 686 b
1 2 4 6 10 20 40 80 160 320 640 646 686 b
1 2 4 6 10 20 40 80 160 320 640 680 686 b
1 2 4 6 12 14 28 42 84 168 336 350 686 b
1 2 4 6 12 14 28 42 84 168 336 672 686 b
1 2 4 6 12 14 28 56 84 168 336 350 686 b
1 2 4 6 12 14 28 56 84 168 336 672 686 b
1 2 4 6 12 14 28 56 112 168 336 350 686 b
1 2 4 6 12 14 28 56 112 168 336 672 686 b
1 2 4 6 12 14 28 56 112 224 238 448 686 a
1 2 4 6 12 14 28 56 112 224 238 462 686 b
1 2 4 6 12 14 28 56 112 224 336 350 686 b
1 2 4 6 12 14 28 56 112 224 336 672 686 b
1 2 4 6 12 14 28 56 112 224 448 462 686 b
1 2 4 6 12 14 28 56 112 224 448 672 686 b
1 2 4 6 12 24 25 49 98 147 196 343 686 b
1 2 4 6 12 24 25 49 98 147 245 343 686 b
1 2 4 6 12 24 25 49 98 147 294 343 686 b
1 2 4 6 12 24 25 49 98 147 294 392 686 b
1 2 4 6 12 24 25 49 98 147 294 588 686 b
1 2 4 6 12 24 25 49 98 196 245 343 686 b
1 2 4 6 12 24 25 49 98 196 245 441 686 b
1 2 4 6 12 24 25 49 98 196 245 490 686 b
1 2 4 6 12 24 25 49 98 196 294 343 686 b
1 2 4 6 12 24 25 49 98 196 294 392 686 b
1 2 4 6 12 24 25 49 98 196 294 490 686 b
1 2 4 6 12 24 25 49 98 196 294 588 686 b
1 2 4 6 12 24 25 49 98 196 392 490 686 b
1 2 4 6 12 24 25 49 98 196 392 588 686 b
1 2 4 6 12 24 48 49 98 147 196 343 686 b
1 2 4 6 12 24 48 49 98 147 245 343 686 b
1 2 4 6 12 24 48 49 98 147 294 343 686 b
1 2 4 6 12 24 48 49 98 147 294 392 686 b
1 2 4 6 12 24 48 49 98 147 294 588 686 b
1 2 4 6 12 24 48 49 98 196 245 343 686 b
1 2 4 6 12 24 48 49 98 196 245 441 686 b
1 2 4 6 12 24 48 49 98 196 245 490 686 b
1 2 4 6 12 24 48 49 98 196 294 343 686 b
1 2 4 6 12 24 48 49 98 196 294 392 686 b
1 2 4 6 12 24 48 49 98 196 294 490 686 b
1 2 4 6 12 24 48 49 98 196 294 588 686 b
1 2 4 6 12 24 48 49 98 196 392 490 686 b
1 2 4 6 12 24 48 49 98 196 392 588 686 b
1 2 4 6 12 24 48 50 98 196 294 392 686 b
1 2 4 6 12 24 48 50 98 196 294 490 686 b
1 2 4 6 12 24 48 50 98 196 294 588 686 b
1 2 4 6 12 24 48 50 98 196 392 490 686 b
1 2 4 6 12 24 48 50 98 196 392 588 686 b
1 2 4 6 12 24 48 96 98 196 294 392 686 b
1 2 4 6 12 24 48 96 98 196 294 490 686 b
1 2 4 6 12 24 48 96 98 196 294 588 686 b
1 2 4 6 12 24 48 96 98 196 392 490 686 b
1 2 4 6 12 24 48 96 98 196 392 588 686 b
1 2 4 8 9 17 34 68 69 137 206 343 686 b
1 2 4 8 9 17 34 68 69 137 274 343 686 b
1 2 4 8 9 17 34 68 136 138 274 412 686 b
1 2 4 8 9 17 34 68 136 138 274 548 686 b
1 2 4 8 10 14 28 42 84 168 336 350 686 b
1 2 4 8 10 14 28 42 84 168 336 672 686 b
1 2 4 8 10 14 28 56 84 168 336 350 686 b
1 2 4 8 10 14 28 56 84 168 336 672 686 b
1 2 4 8 10 14 28 56 112 168 336 350 686 b
1 2 4 8 10 14 28 56 112 168 336 672 686 b
1 2 4 8 10 14 28 56 112 224 238 448 686 a
1 2 4 8 10 14 28 56 112 224 238 462 686 b
1 2 4 8 10 14 28 56 112 224 336 350 686 b
1 2 4 8 10 14 28 56 112 224 336 672 686 b
1 2 4 8 10 14 28 56 112 224 448 462 686 b
1 2 4 8 10 14 28 56 112 224 448 672 686 b
1 2 4 8 12 14 28 42 84 168 336 350 686 b
1 2 4 8 12 14 28 42 84 168 336 672 686 b
1 2 4 8 12 14 28 56 84 168 336 350 686 b
1 2 4 8 12 14 28 56 84 168 336 672 686 b
1 2 4 8 12 14 28 56 112 168 336 350 686 b
1 2 4 8 12 14 28 56 112 168 336 672 686 b
1 2 4 8 12 14 28 56 112 224 238 448 686 a
1 2 4 8 12 14 28 56 112 224 238 462 686 b
1 2 4 8 12 14 28 56 112 224 336 350 686 b
1 2 4 8 12 14 28 56 112 224 336 672 686 b
1 2 4 8 12 14 28 56 112 224 448 462 686 b
1 2 4 8 12 14 28 56 112 224 448 672 686 b
1 2 4 8 12 24 25 49 98 147 196 343 686 b
1 2 4 8 12 24 25 49 98 147 245 343 686 b
1 2 4 8 12 24 25 49 98 147 294 343 686 b
1 2 4 8 12 24 25 49 98 147 294 392 686 b
1 2 4 8 12 24 25 49 98 147 294 588 686 b
1 2 4 8 12 24 25 49 98 196 245 343 686 b
1 2 4 8 12 24 25 49 98 196 245 441 686 b
1 2 4 8 12 24 25 49 98 196 245 490 686 b
1 2 4 8 12 24 25 49 98 196 294 343 686 b
1 2 4 8 12 24 25 49 98 196 294 392 686 b
1 2 4 8 12 24 25 49 98 196 294 490 686 b
1 2 4 8 12 24 25 49 98 196 294 588 686 b
1 2 4 8 12 24 25 49 98 196 392 490 686 b
1 2 4 8 12 24 25 49 98 196 392 588 686 b
1 2 4 8 12 24 48 49 98 147 196 343 686 b
1 2 4 8 12 24 48 49 98 147 245 343 686 b
1 2 4 8 12 24 48 49 98 147 294 343 686 b
1 2 4 8 12 24 48 49 98 147 294 392 686 b
1 2 4 8 12 24 48 49 98 147 294 588 686 b
1 2 4 8 12 24 48 49 98 196 245 343 686 b
1 2 4 8 12 24 48 49 98 196 245 441 686 b
1 2 4 8 12 24 48 49 98 196 245 490 686 b
1 2 4 8 12 24 48 49 98 196 294 343 686 b
1 2 4 8 12 24 48 49 98 196 294 392 686 b
1 2 4 8 12 24 48 49 98 196 294 490 686 b
1 2 4 8 12 24 48 49 98 196 294 588 686 b
1 2 4 8 12 24 48 49 98 196 392 490 686 b
1 2 4 8 12 24 48 49 98 196 392 588 686 b
1 2 4 8 12 24 48 50 98 196 294 392 686 b
1 2 4 8 12 24 48 50 98 196 294 490 686 b
1 2 4 8 12 24 48 50 98 196 294 588 686 b
1 2 4 8 12 24 48 50 98 196 392 490 686 b
1 2 4 8 12 24 48 50 98 196 392 588 686 b
1 2 4 8 12 24 48 96 98 196 294 392 686 b
1 2 4 8 12 24 48 96 98 196 294 490 686 b
1 2 4 8 12 24 48 96 98 196 294 588 686 b
1 2 4 8 12 24 48 96 98 196 392 490 686 b
1 2 4 8 12 24 48 96 98 196 392 588 686 b
1 2 4 8 16 17 32 49 98 147 196 343 686 a
1 2 4 8 16 17 32 49 98 147 245 343 686 a
1 2 4 8 16 17 32 49 98 147 294 343 686 a
1 2 4 8 16 17 32 49 98 147 294 392 686 a
1 2 4 8 16 17 32 49 98 147 294 588 686 a
1 2 4 8 16 17 32 49 98 196 245 343 686 a
1 2 4 8 16 17 32 49 98 196 245 441 686 a
1 2 4 8 16 17 32 49 98 196 245 490 686 a
1 2 4 8 16 17 32 49 98 196 294 343 686 a
1 2 4 8 16 17 32 49 98 196 294 392 686 a
1 2 4 8 16 17 32 49 98 196 294 490 686 a
1 2 4 8 16 17 32 49 98 196 294 588 686 a
1 2 4 8 16 17 32 49 98 196 392 490 686 a
1 2 4 8 16 17 32 49 98 196 392 588 686 a
1 2 4 8 16 17 33 49 98 147 196 343 686 b
1 2 4 8 16 17 33 49 98 147 245 343 686 b
1 2 4 8 16 17 33 49 98 147 294 343 686 b
1 2 4 8 16 17 33 49 98 147 294 392 686 b
1 2 4 8 16 17 33 49 98 147 294 588 686 b
1 2 4 8 16 17 33 49 98 196 245 343 686 b
1 2 4 8 16 17 33 49 98 196 245 441 686 b
1 2 4 8 16 17 33 49 98 196 245 490 686 b
1 2 4 8 16 17 33 49 98 196 294 343 686 b
1 2 4 8 16 17 33 49 98 196 294 392 686 b
1 2 4 8 16 17 33 49 98 196 294 490 686 b
1 2 4 8 16 17 33 49 98 196 294 588 686 b
1 2 4 8 16 17 33 49 98 196 392 490 686 b
1 2 4 8 16 17 33 49 98 196 392 588 686 b
1 2 4 8 16 17 34 68 69 137 206 343 686 b
1 2 4 8 16 17 34 68 69 137 274 343 686 b
1 2 4 8 16 17 34 68 136 138 274 412 686 b
1 2 4 8 16 17 34 68 136 138 274 548 686 b
1 2 4 8 16 18 34 68 69 137 206 343 686 b
1 2 4 8 16 18 34 68 69 137 274 343 686 b
1 2 4 8 16 18 34 68 136 138 274 412 686 b
1 2 4 8 16 18 34 68 136 138 274 548 686 b
1 2 4 8 16 24 25 49 98 147 196 343 686 b
1 2 4 8 16 24 25 49 98 147 245 343 686 b
1 2 4 8 16 24 25 49 98 147 294 343 686 b
1 2 4 8 16 24 25 49 98 147 294 392 686 b
1 2 4 8 16 24 25 49 98 147 294 588 686 b
1 2 4 8 16 24 25 49 98 196 245 343 686 b
1 2 4 8 16 24 25 49 98 196 245 441 686 b
1 2 4 8 16 24 25 49 98 196 245 490 686 b
1 2 4 8 16 24 25 49 98 196 294 343 686 b
1 2 4 8 16 24 25 49 98 196 294 392 686 b
1 2 4 8 16 24 25 49 98 196 294 490 686 b
1 2 4 8 16 24 25 49 98 196 294 588 686 b
1 2 4 8 16 24 25 49 98 196 392 490 686 b
1 2 4 8 16 24 25 49 98 196 392 588 686 b
1 2 4 8 16 24 48 49 98 147 196 343 686 b
1 2 4 8 16 24 48 49 98 147 245 343 686 b
1 2 4 8 16 24 48 49 98 147 294 343 686 b
1 2 4 8 16 24 48 49 98 147 294 392 686 b
1 2 4 8 16 24 48 49 98 147 294 588 686 b
1 2 4 8 16 24 48 49 98 196 245 343 686 b
1 2 4 8 16 24 48 49 98 196 245 441 686 b
1 2 4 8 16 24 48 49 98 196 245 490 686 b
1 2 4 8 16 24 48 49 98 196 294 343 686 b
1 2 4 8 16 24 48 49 98 196 294 392 686 b
1 2 4 8 16 24 48 49 98 196 294 490 686 b
1 2 4 8 16 24 48 49 98 196 294 588 686 b
1 2 4 8 16 24 48 49 98 196 392 490 686 b
1 2 4 8 16 24 48 49 98 196 392 588 686 b
1 2 4 8 16 24 48 50 98 196 294 392 686 b
1 2 4 8 16 24 48 50 98 196 294 490 686 b
1 2 4 8 16 24 48 50 98 196 294 588 686 b
1 2 4 8 16 24 48 50 98 196 392 490 686 b
1 2 4 8 16 24 48 50 98 196 392 588 686 b
1 2 4 8 16 24 48 96 98 196 294 392 686 b
1 2 4 8 16 24 48 96 98 196 294 490 686 b
1 2 4 8 16 24 48 96 98 196 294 588 686 b
1 2 4 8 16 24 48 96 98 196 392 490 686 b
1 2 4 8 16 24 48 96 98 196 392 588 686 b
1 2 4 8 16 32 33 49 98 147 196 343 686 b
1 2 4 8 16 32 33 49 98 147 245 343 686 b
1 2 4 8 16 32 33 49 98 147 294 343 686 b
1 2 4 8 16 32 33 49 98 147 294 392 686 b
1 2 4 8 16 32 33 49 98 147 294 588 686 b
1 2 4 8 16 32 33 49 98 196 245 343 686 b
1 2 4 8 16 32 33 49 98 196 245 441 686 b
1 2 4 8 16 32 33 49 98 196 245 490 686 b
1 2 4 8 16 32 33 49 98 196 294 343 686 b
1 2 4 8 16 32 33 49 98 196 294 392 686 b
1 2 4 8 16 32 33 49 98 196 294 490 686 b
1 2 4 8 16 32 33 49 98 196 294 588 686 b
1 2 4 8 16 32 33 49 98 196 392 490 686 b
1 2 4 8 16 32 33 49 98 196 392 588 686 b
1 2 4 8 16 32 33 65 98 196 294 392 686 b
1 2 4 8 16 32 33 65 98 196 294 490 686 b
1 2 4 8 16 32 33 65 98 196 294 588 686 b
1 2 4 8 16 32 33 65 98 196 392 490 686 b
1 2 4 8 16 32 33 65 98 196 392 588 686 b
1 2 4 8 16 32 33 66 98 196 294 392 686 b
1 2 4 8 16 32 33 66 98 196 294 490 686 b
1 2 4 8 16 32 33 66 98 196 294 588 686 b
1 2 4 8 16 32 33 66 98 196 392 490 686 b
1 2 4 8 16 32 33 66 98 196 392 588 686 b
1 2 4 8 16 32 34 64 98 196 294 392 686 a
1 2 4 8 16 32 34 64 98 196 294 490 686 a
1 2 4 8 16 32 34 64 98 196 294 588 686 a
1 2 4 8 16 32 34 64 98 196 392 490 686 a
1 2 4 8 16 32 34 64 98 196 392 588 686 a
1 2 4 8 16 32 34 66 98 196 294 392 686 b
1 2 4 8 16 32 34 66 98 196 294 490 686 b
1 2 4 8 16 32 34 66 98 196 294 588 686 b
1 2 4 8 16 32 34 66 98 196 392 490 686 b
1 2 4 8 16 32 34 66 98 196 392 588 686 b
1 2 4 8 16 32 34 68 69 137 206 343 686 b
1 2 4 8 16 32 34 68 69 137 274 343 686 b
1 2 4 8 16 32 34 68 136 138 274 412 686 b
1 2 4 8 16 32 34 68 136 138 274 548 686 b
1 2 4 8 16 32 36 68 69 137 206 343 686 b
1 2 4 8 16 32 36 68 69 137 274 343 686 b
1 2 4 8 16 32 36 68 136 138 274 412 686 b
1 2 4 8 16 32 36 68 136 138 274 548 686 b
1 2 4 8 16 32 48 49 98 147 196 343 686 b
1 2 4 8 16 32 48 49 98 147 245 343 686 b
1 2 4 8 16 32 48 49 98 147 294 343 686 b
1 2 4 8 16 32 48 49 98 147 294 392 686 b
1 2 4 8 16 32 48 49 98 147 294 588 686 b
1 2 4 8 16 32 48 49 98 196 245 343 686 b
1 2 4 8 16 32 48 49 98 196 245 441 686 b
1 2 4 8 16 32 48 49 98 196 245 490 686 b
1 2 4 8 16 32 48 49 98 196 294 343 686 b
1 2 4 8 16 32 48 49 98 196 294 392 686 b
1 2 4 8 16 32 48 49 98 196 294 490 686 b
1 2 4 8 16 32 48 49 98 196 294 588 686 b
1 2 4 8 16 32 48 49 98 196 392 490 686 b
1 2 4 8 16 32 48 49 98 196 392 588 686 b
1 2 4 8 16 32 48 50 98 196 294 392 686 b
1 2 4 8 16 32 48 50 98 196 294 490 686 b
1 2 4 8 16 32 48 50 98 196 294 588 686 b
1 2 4 8 16 32 48 50 98 196 392 490 686 b
1 2 4 8 16 32 48 50 98 196 392 588 686 b
1 2 4 8 16 32 48 96 98 196 294 392 686 b
1 2 4 8 16 32 48 96 98 196 294 490 686 b
1 2 4 8 16 32 48 96 98 196 294 588 686 b
1 2 4 8 16 32 48 96 98 196 392 490 686 b
1 2 4 8 16 32 48 96 98 196 392 588 686 b
1 2 4 8 16 32 64 66 98 196 294 392 686 b
1 2 4 8 16 32 64 66 98 196 294 490 686 b
1 2 4 8 16 32 64 66 98 196 294 588 686 b
1 2 4 8 16 32 64 66 98 196 392 490 686 b
1 2 4 8 16 32 64 66 98 196 392 588 686 b
1 2 4 8 16 32 64 68 69 137 206 343 686 b
1 2 4 8 16 32 64 68 69 137 274 343 686 b
1 2 4 8 16 32 64 68 136 138 274 412 686 b
1 2 4 8 16 32 64 68 136 138 274 548 686 b
1 2 4 8 16 32 64 72 136 138 274 412 686 b
1 2 4 8 16 32 64 72 136 138 274 548 686 b
1 2 4 8 16 32 64 96 98 196 294 392 686 b
1 2 4 8 16 32 64 96 98 196 294 490 686 b
1 2 4 8 16 32 64 96 98 196 294 588 686 b
1 2 4 8 16 32 64 96 98 196 392 490 686 b
1 2 4 8 16 32 64 96 98 196 392 588 686 b
1 2 4 8 16 32 64 128 136 138 274 412 686 b
1 2 4 8 16 32 64 128 136 138 274 548 686 b
