1 2 3 5 8 13 21 42 84 168 336 349 685 b
1 2 3 5 8 13 21 42 84 168 336 672 685 b
1 2 3 5 10 20 40 45 80 160 320 365 685 a
1 2 3 5 10 20 40 45 80 160 320 640 685 a
1 2 3 5 10 20 40 45 85 170 340 345 685 b
1 2 3 5 10 20 40 45 85 170 340 680 685 b
1 2 3 5 10 20 40 80 85 170 340 345 685 b
1 2 3 5 10 20 40 80 85 170 340 680 685 b
1 2 3 5 10 20 40 80 90 170 340 345 685 b
1 2 3 5 10 20 40 80 90 170 340 680 685 b
1 2 3 5 10 20 40 80 160 170 340 345 685 b
1 2 3 5 10 20 40 80 160 170 340 680 685 b
1 2 3 5 10 20 40 80 160 180 340 345 685 b
1 2 3 5 10 20 40 80 160 180 340 680 685 b
1 2 3 5 10 20 40 80 160 320 325 360 685 a
1 2 3 5 10 20 40 80 160 320 325 365 685 b
1 2 3 5 10 20 40 80 160 320 325 645 685 b
1 2 3 5 10 20 40 80 160 320 340 345 685 b
1 2 3 5 10 20 40 80 160 320 340 680 685 b
1 2 3 5 10 20 40 80 160 320 360 365 685 b
1 2 3 5 10 20 40 80 160 320 360 680 685 b
1 2 3 5 10 20 40 80 160 320 640 645 685 b
1 2 3 5 10 20 40 80 160 320 640 680 685 b
1 2 4 5 8 13 21 42 84 168 336 349 685 a
1 2 4 5 8 13 21 42 84 168 336 672 685 a
1 2 4 5 10 20 40 45 80 160 320 365 685 a
1 2 4 5 10 20 40 45 80 160 320 640 685 a
1 2 4 5 10 20 40 45 85 170 340 345 685 b
1 2 4 5 10 20 40 45 85 170 340 680 685 b
1 2 4 5 10 20 40 80 85 170 340 345 685 b
1 2 4 5 10 20 40 80 85 170 340 680 685 b
1 2 4 5 10 20 40 80 90 170 340 345 685 b
1 2 4 5 10 20 40 80 90 170 340 680 685 b
1 2 4 5 10 20 40 80 160 170 340 345 685 b
1 2 4 5 10 20 40 80 160 170 340 680 685 b
1 2 4 5 10 20 40 80 160 180 340 345 685 b
1 2 4 5 10 20 40 80 160 180 340 680 685 b
1 2 4 5 10 20 40 80 160 320 325 360 685 a
1 2 4 5 10 20 40 80 160 320 325 365 685 b
1 2 4 5 10 20 40 80 160 320 325 645 685 b
1 2 4 5 10 20 40 80 160 320 340 345 685 b
1 2 4 5 10 20 40 80 160 320 340 680 685 b
1 2 4 5 10 20 40 80 160 320 360 365 685 b
1 2 4 5 10 20 40 80 160 320 360 680 685 b
1 2 4 5 10 20 40 80 160 320 640 645 685 b
1 2 4 5 10 20 40 80 160 320 640 680 685 b
1 2 4 8 9 13 21 42 84 168 336 349 685 b
1 2 4 8 9 13 21 42 84 168 336 672 685 b
1 2 4 8 9 16 32 64 73 137 274 411 685 a
1 2 4 8 9 16 32 64 73 137 274 548 685 a
1 2 4 8 9 16 32 64 128 137 274 411 685 a
1 2 4 8 9 16 32 64 128 137 274 548 685 a
1 2 4 8 9 17 34 68 69 137 274 411 685 b
1 2 4 8 9 17 34 68 69 137 274 548 685 b
1 2 4 8 9 17 34 68 136 137 274 411 685 b
1 2 4 8 9 17 34 68 136 137 274 548 685 b
1 2 4 8 12 13 21 42 84 168 336 349 685 b
1 2 4 8 12 13 21 42 84 168 336 672 685 b
1 2 4 8 16 17 34 68 69 137 274 411 685 b
1 2 4 8 16 17 34 68 69 137 274 548 685 b
1 2 4 8 16 17 34 68 136 137 274 411 685 b
1 2 4 8 16 17 34 68 136 137 274 548 685 b
1 2 4 8 16 18 34 68 69 137 274 411 685 b
1 2 4 8 16 18 34 68 69 137 274 548 685 b
1 2 4 8 16 18 34 68 136 137 274 411 685 b
1 2 4 8 16 18 34 68 136 137 274 548 685 b
1 2 4 8 16 32 33 65 98 163 261 424 685 b
1 2 4 8 16 32 33 65 98 163 261 522 685 b
1 2 4 8 16 32 33 65 98 163 326 359 685 b
1 2 4 8 16 32 33 65 98 163 326 652 685 b
1 2 4 8 16 32 33 65 130 163 326 359 685 b
1 2 4 8 16 32 33 65 130 163 326 652 685 b
1 2 4 8 16 32 34 68 69 137 274 411 685 b
1 2 4 8 16 32 34 68 69 137 274 548 685 b
1 2 4 8 16 32 34 68 136 137 274 411 685 b
1 2 4 8 16 32 34 68 136 137 274 548 685 b
1 2 4 8 16 32 36 68 69 137 274 411 685 b
1 2 4 8 16 32 36 68 69 137 274 548 685 b
1 2 4 8 16 32 36 68 136 137 274 411 685 b
1 2 4 8 16 32 36 68 136 137 274 548 685 b
1 2 4 8 16 32 64 65 72 137 274 411 685 a
1 2 4 8 16 32 64 65 72 137 274 548 685 a
1 2 4 8 16 32 64 65 73 137 274 411 685 b
1 2 4 8 16 32 64 65 73 137 274 548 685 b
1 2 4 8 16 32 64 65 129 137 274 411 685 b
1 2 4 8 16 32 64 65 129 137 274 548 685 b
1 2 4 8 16 32 64 68 69 137 274 411 685 b
1 2 4 8 16 32 64 68 69 137 274 548 685 b
1 2 4 8 16 32 64 68 136 137 274 411 685 b
1 2 4 8 16 32 64 68 136 137 274 548 685 b
1 2 4 8 16 32 64 72 73 137 274 411 685 b
1 2 4 8 16 32 64 72 73 137 274 548 685 b
1 2 4 8 16 32 64 72 136 137 274 411 685 b
1 2 4 8 16 32 64 72 136 137 274 548 685 b
1 2 4 8 16 32 64 128 129 137 274 411 685 b
1 2 4 8 16 32 64 128 129 137 274 548 685 b
1 2 4 8 16 32 64 128 136 137 274 411 685 b
1 2 4 8 16 32 64 128 136 137 274 548 685 b
