1 2 3 5 7 14 21 42 84 168 336 341 677 b
1 2 3 5 7 14 21 42 84 168 336 672 677 b
1 2 3 5 7 14 28 42 84 168 336 341 677 b
1 2 3 5 7 14 28 42 84 168 336 672 677 b
1 2 3 5 7 14 28 56 84 168 336 341 677 b
1 2 3 5 7 14 28 56 84 168 336 672 677 b
1 2 3 5 7 14 28 56 112 168 336 341 677 b
1 2 3 5 7 14 28 56 112 168 336 672 677 b
1 2 3 5 7 14 28 56 112 224 229 448 677 a
1 2 3 5 7 14 28 56 112 224 229 453 677 b
1 2 3 5 7 14 28 56 112 224 336 341 677 b
1 2 3 5 7 14 28 56 112 224 336 672 677 b
1 2 3 5 7 14 28 56 112 224 448 453 677 b
1 2 3 5 7 14 28 56 112 224 448 672 677 b
1 2 3 5 8 13 21 42 84 168 336 341 677 b
1 2 3 5 8 13 21 42 84 168 336 672 677 b
1 2 3 5 8 16 21 42 84 168 336 341 677 b
1 2 3 5 8 16 21 42 84 168 336 672 677 b
1 2 3 5 10 11 21 42 84 168 336 341 677 b
1 2 3 5 10 11 21 42 84 168 336 672 677 b
1 2 3 5 10 20 21 41 82 164 328 349 677 b
1 2 3 5 10 20 21 41 82 164 328 656 677 b
1 2 3 5 10 20 21 42 84 168 336 341 677 b
1 2 3 5 10 20 21 42 84 168 336 672 677 b
1 2 3 5 10 20 22 42 84 168 336 341 677 b
1 2 3 5 10 20 22 42 84 168 336 672 677 b
1 2 3 5 10 20 40 42 84 168 336 341 677 b
1 2 3 5 10 20 40 42 84 168 336 672 677 b
1 2 3 6 12 24 48 49 97 145 290 387 677 b
1 2 3 6 12 24 48 49 97 145 290 580 677 b
1 2 3 6 12 24 48 96 97 145 290 387 677 b
1 2 3 6 12 24 48 96 97 145 290 580 677 b
1 2 3 6 12 24 48 96 97 193 290 387 677 b
1 2 3 6 12 24 48 96 97 193 290 580 677 b
1 2 3 6 12 24 48 96 97 194 290 387 677 b
1 2 3 6 12 24 48 96 97 194 290 580 677 b
1 2 4 5 7 14 21 42 84 168 336 341 677 b
1 2 4 5 7 14 21 42 84 168 336 672 677 b
1 2 4 5 7 14 28 42 84 168 336 341 677 b
1 2 4 5 7 14 28 42 84 168 336 672 677 b
1 2 4 5 7 14 28 56 84 168 336 341 677 b
1 2 4 5 7 14 28 56 84 168 336 672 677 b
1 2 4 5 7 14 28 56 112 168 336 341 677 b
1 2 4 5 7 14 28 56 112 168 336 672 677 b
1 2 4 5 7 14 28 56 112 224 229 448 677 a
1 2 4 5 7 14 28 56 112 224 229 453 677 b
1 2 4 5 7 14 28 56 112 224 336 341 677 b
1 2 4 5 7 14 28 56 112 224 336 672 677 b
1 2 4 5 7 14 28 56 112 224 448 453 677 b
1 2 4 5 7 14 28 56 112 224 448 672 677 b
1 2 4 5 8 13 21 42 84 168 336 341 677 a
1 2 4 5 8 13 21 42 84 168 336 672 677 a
1 2 4 5 8 16 21 42 84 168 336 341 677 a
1 2 4 5 8 16 21 42 84 168 336 672 677 a
1 2 4 5 9 14 28 42 84 168 336 341 677 b
1 2 4 5 9 14 28 42 84 168 336 672 677 b
1 2 4 5 9 14 28 56 84 168 336 341 677 b
1 2 4 5 9 14 28 56 84 168 336 672 677 b
1 2 4 5 9 14 28 56 112 168 336 341 677 b
1 2 4 5 9 14 28 56 112 168 336 672 677 b
1 2 4 5 9 14 28 56 112 224 229 448 677 a
1 2 4 5 9 14 28 56 112 224 229 453 677 b
1 2 4 5 9 14 28 56 112 224 336 341 677 b
1 2 4 5 9 14 28 56 112 224 336 672 677 b
1 2 4 5 9 14 28 56 112 224 448 453 677 b
1 2 4 5 9 14 28 56 112 224 448 672 677 b
1 2 4 5 10 11 21 42 84 168 336 341 677 b
1 2 4 5 10 11 21 42 84 168 336 672 677 b
1 2 4 5 10 14 28 42 84 168 336 341 677 b
1 2 4 5 10 14 28 42 84 168 336 672 677 b
1 2 4 5 10 14 28 56 84 168 336 341 677 b
1 2 4 5 10 14 28 56 84 168 336 672 677 b
1 2 4 5 10 14 28 56 112 168 336 341 677 b
1 2 4 5 10 14 28 56 112 168 336 672 677 b
1 2 4 5 10 14 28 56 112 224 229 448 677 a
1 2 4 5 10 14 28 56 112 224 229 453 677 b
1 2 4 5 10 14 28 56 112 224 336 341 677 b
1 2 4 5 10 14 28 56 112 224 336 672 677 b
1 2 4 5 10 14 28 56 112 224 448 453 677 b
1 2 4 5 10 14 28 56 112 224 448 672 677 b
1 2 4 5 10 20 21 41 82 164 328 349 677 b
1 2 4 5 10 20 21 41 82 164 328 656 677 b
1 2 4 5 10 20 21 42 84 168 336 341 677 b
1 2 4 5 10 20 21 42 84 168 336 672 677 b
1 2 4 5 10 20 22 42 84 168 336 341 677 b
1 2 4 5 10 20 22 42 84 168 336 672 677 b
1 2 4 5 10 20 40 42 84 168 336 341 677 b
1 2 4 5 10 20 40 42 84 168 336 672 677 b
1 2 4 5 10 20 40 44 84 168 336 341 677 b
1 2 4 5 10 20 40 44 84 168 336 672 677 b
1 2 4 5 10 20 40 80 84 168 336 341 677 b
1 2 4 5 10 20 40 80 84 168 336 672 677 b
1 2 4 6 10 20 21 41 82 164 328 349 677 b
1 2 4 6 10 20 21 41 82 164 328 656 677 b
1 2 4 6 12 24 48 49 97 145 290 387 677 b
1 2 4 6 12 24 48 49 97 145 290 580 677 b
1 2 4 6 12 24 48 96 97 145 290 387 677 b
1 2 4 6 12 24 48 96 97 145 290 580 677 b
1 2 4 6 12 24 48 96 97 193 290 387 677 b
1 2 4 6 12 24 48 96 97 193 290 580 677 b
1 2 4 6 12 24 48 96 97 194 290 387 677 b
1 2 4 6 12 24 48 96 97 194 290 580 677 b
1 2 4 8 10 20 21 41 82 164 328 349 677 b
1 2 4 8 10 20 21 41 82 164 328 656 677 b
1 2 4 8 12 20 21 41 82 164 328 349 677 b
1 2 4 8 12 20 21 41 82 164 328 656 677 b
1 2 4 8 12 24 48 49 97 145 290 387 677 b
1 2 4 8 12 24 48 49 97 145 290 580 677 b
1 2 4 8 12 24 48 96 97 145 290 387 677 b
1 2 4 8 12 24 48 96 97 145 290 580 677 b
1 2 4 8 12 24 48 96 97 193 290 387 677 b
1 2 4 8 12 24 48 96 97 193 290 580 677 b
1 2 4 8 12 24 48 96 97 194 290 387 677 b
1 2 4 8 12 24 48 96 97 194 290 580 677 b
1 2 4 8 16 17 33 66 99 165 330 347 677 b
1 2 4 8 16 17 33 66 99 165 330 660 677 b
1 2 4 8 16 17 33 66 132 149 264 413 677 a
1 2 4 8 16 17 33 66 132 149 264 528 677 a
1 2 4 8 16 17 33 66 132 165 330 347 677 b
1 2 4 8 16 17 33 66 132 165 330 660 677 b
1 2 4 8 16 17 33 66 132 198 330 347 677 b
1 2 4 8 16 17 33 66 132 198 330 660 677 b
1 2 4 8 16 17 33 66 132 264 281 396 677 a
1 2 4 8 16 17 33 66 132 264 281 413 677 b
1 2 4 8 16 17 33 66 132 264 281 545 677 b
1 2 4 8 16 17 33 66 132 264 330 347 677 b
1 2 4 8 16 17 33 66 132 264 330 660 677 b
1 2 4 8 16 17 33 66 132 264 396 413 677 b
1 2 4 8 16 17 33 66 132 264 396 660 677 b
1 2 4 8 16 17 33 66 132 264 528 545 677 b
1 2 4 8 16 17 33 66 132 264 528 660 677 b
1 2 4 8 16 20 21 41 82 164 328 349 677 b
1 2 4 8 16 20 21 41 82 164 328 656 677 b
1 2 4 8 16 24 48 49 97 145 290 387 677 b
1 2 4 8 16 24 48 49 97 145 290 580 677 b
1 2 4 8 16 24 48 96 97 145 290 387 677 b
1 2 4 8 16 24 48 96 97 145 290 580 677 b
1 2 4 8 16 24 48 96 97 193 290 387 677 b
1 2 4 8 16 24 48 96 97 193 290 580 677 b
1 2 4 8 16 24 48 96 97 194 290 387 677 b
1 2 4 8 16 24 48 96 97 194 290 580 677 b
1 2 4 8 16 32 33 64 97 161 258 419 677 a
1 2 4 8 16 32 33 64 97 161 258 516 677 a
1 2 4 8 16 32 33 64 97 161 322 355 677 a
1 2 4 8 16 32 33 64 97 161 322 644 677 a
1 2 4 8 16 32 33 64 128 161 322 355 677 a
1 2 4 8 16 32 33 64 128 161 322 644 677 a
1 2 4 8 16 32 48 49 97 145 290 387 677 b
1 2 4 8 16 32 48 49 97 145 290 580 677 b
1 2 4 8 16 32 48 96 97 145 290 387 677 b
1 2 4 8 16 32 48 96 97 145 290 580 677 b
1 2 4 8 16 32 48 96 97 193 290 387 677 b
1 2 4 8 16 32 48 96 97 193 290 580 677 b
1 2 4 8 16 32 48 96 97 194 290 387 677 b
1 2 4 8 16 32 48 96 97 194 290 580 677 b
1 2 4 8 16 32 64 65 97 161 258 419 677 b
1 2 4 8 16 32 64 65 97 161 258 516 677 b
1 2 4 8 16 32 64 65 129 137 274 403 677 b
1 2 4 8 16 32 64 65 129 137 274 548 677 b
1 2 4 8 16 32 64 65 129 145 274 403 677 b
1 2 4 8 16 32 64 65 129 145 274 548 677 b
1 2 4 8 16 32 64 65 129 161 258 419 677 a
1 2 4 8 16 32 64 65 129 161 258 516 677 a
1 2 4 8 16 32 64 65 129 258 274 403 677 b
1 2 4 8 16 32 64 65 129 258 274 548 677 b
1 2 4 8 16 32 64 65 129 258 290 387 677 a
1 2 4 8 16 32 64 65 129 258 290 419 677 b
1 2 4 8 16 32 64 65 129 258 290 548 677 b
1 2 4 8 16 32 64 65 129 258 387 419 677 b
1 2 4 8 16 32 64 65 129 258 387 645 677 b
1 2 4 8 16 32 64 65 129 258 516 548 677 b
1 2 4 8 16 32 64 65 129 258 516 645 677 b
1 2 4 8 16 32 64 96 97 161 258 419 677 b
1 2 4 8 16 32 64 96 97 161 258 516 677 b
1 2 4 8 16 32 64 96 97 193 290 387 677 b
1 2 4 8 16 32 64 96 97 193 290 580 677 b
1 2 4 8 16 32 64 96 97 194 290 387 677 b
1 2 4 8 16 32 64 96 97 194 290 580 677 b
1 2 4 8 16 32 64 128 129 137 274 403 677 b
1 2 4 8 16 32 64 128 129 137 274 548 677 b
1 2 4 8 16 32 64 128 129 145 274 403 677 b
1 2 4 8 16 32 64 128 129 145 274 548 677 b
1 2 4 8 16 32 64 128 129 161 258 419 677 a
1 2 4 8 16 32 64 128 129 161 258 516 677 a
1 2 4 8 16 32 64 128 129 258 274 403 677 b
1 2 4 8 16 32 64 128 129 258 274 548 677 b
1 2 4 8 16 32 64 128 129 258 290 387 677 a
1 2 4 8 16 32 64 128 129 258 290 419 677 b
1 2 4 8 16 32 64 128 129 258 290 548 677 b
1 2 4 8 16 32 64 128 129 258 387 419 677 b
1 2 4 8 16 32 64 128 129 258 387 645 677 b
1 2 4 8 16 32 64 128 129 258 516 548 677 b
1 2 4 8 16 32 64 128 129 258 516 645 677 b
