1 2 3 4 8 16 32 64 67 131 198 329 658 b
1 2 3 4 8 16 32 64 67 131 262 329 658 b
1 2 3 5 8 16 32 64 67 131 198 329 658 b
1 2 3 5 8 16 32 64 67 131 262 329 658 b
1 2 3 5 10 20 21 41 82 164 165 329 658 b
1 2 3 5 10 20 21 41 82 164 328 329 658 b
1 2 3 5 10 20 21 41 82 164 328 330 658 b
1 2 3 5 10 20 21 41 82 164 328 656 658 b
1 2 3 5 10 20 40 41 81 162 167 329 658 b
1 2 3 5 10 20 40 41 81 162 324 329 658 b
1 2 3 5 10 20 40 41 81 162 324 334 658 b
1 2 3 5 10 20 40 41 81 162 324 648 658 b
1 2 3 5 10 20 40 41 82 164 165 329 658 b
1 2 3 5 10 20 40 41 82 164 328 329 658 b
1 2 3 5 10 20 40 41 82 164 328 330 658 b
1 2 3 5 10 20 40 41 82 164 328 656 658 b
1 2 3 5 10 20 40 42 82 164 165 329 658 b
1 2 3 5 10 20 40 42 82 164 328 329 658 b
1 2 3 5 10 20 40 42 82 164 328 330 658 b
1 2 3 5 10 20 40 42 82 164 328 656 658 b
1 2 3 5 10 20 40 43 83 123 206 329 658 b
1 2 3 5 10 20 40 43 83 123 246 329 658 b
1 2 3 5 10 20 40 80 81 162 167 329 658 b
1 2 3 5 10 20 40 80 81 162 324 329 658 b
1 2 3 5 10 20 40 80 81 162 324 334 658 b
1 2 3 5 10 20 40 80 81 162 324 648 658 b
1 2 3 5 10 20 40 80 82 162 167 329 658 b
1 2 3 5 10 20 40 80 82 162 324 329 658 b
1 2 3 5 10 20 40 80 82 162 324 334 658 b
1 2 3 5 10 20 40 80 82 162 324 648 658 b
1 2 3 5 10 20 40 80 82 164 165 329 658 b
1 2 3 5 10 20 40 80 82 164 328 329 658 b
1 2 3 5 10 20 40 80 82 164 328 330 658 b
1 2 3 5 10 20 40 80 82 164 328 656 658 b
1 2 3 5 10 20 40 80 83 123 206 329 658 b
1 2 3 5 10 20 40 80 83 123 246 329 658 b
1 2 3 5 10 20 40 80 83 163 166 329 658 b
1 2 3 5 10 20 40 80 83 163 246 329 658 b
1 2 3 5 10 20 40 80 83 163 326 329 658 b
1 2 3 5 10 20 40 80 83 166 246 329 658 b
1 2 3 5 10 20 40 80 83 166 246 412 658 b
1 2 3 5 10 20 40 80 83 166 246 492 658 b
1 2 3 5 10 20 40 80 83 166 249 329 658 b
1 2 3 5 10 20 40 80 160 162 167 329 658 b
1 2 3 5 10 20 40 80 160 162 324 329 658 b
1 2 3 5 10 20 40 80 160 162 324 334 658 b
1 2 3 5 10 20 40 80 160 162 324 648 658 b
1 2 3 5 10 20 40 80 160 163 166 329 658 b
1 2 3 5 10 20 40 80 160 163 326 329 658 b
1 2 3 6 8 16 32 64 67 131 198 329 658 b
1 2 3 6 8 16 32 64 67 131 262 329 658 b
1 2 3 6 8 16 32 64 128 134 262 396 658 b
1 2 3 6 8 16 32 64 128 134 262 524 658 b
1 2 3 6 9 10 20 40 80 160 169 329 658 b
1 2 3 6 9 10 20 40 80 160 320 329 658 b
1 2 3 6 9 11 20 40 80 160 169 329 658 b
1 2 3 6 9 11 20 40 80 160 320 329 658 b
1 2 3 6 9 18 20 40 80 160 169 329 658 b
1 2 3 6 9 18 20 40 80 160 320 329 658 b
1 2 3 6 9 18 20 40 80 160 320 338 658 b
1 2 3 6 9 18 20 40 80 160 320 640 658 b
1 2 3 6 9 18 36 37 73 146 183 329 658 b
1 2 3 6 9 18 36 37 73 146 292 329 658 b
1 2 3 6 9 18 36 72 74 146 292 366 658 b
1 2 3 6 9 18 36 72 74 146 292 584 658 b
1 2 3 6 12 13 25 38 76 152 177 329 658 b
1 2 3 6 12 13 25 38 76 152 304 329 658 b
1 2 3 6 12 18 20 40 80 160 320 338 658 b
1 2 3 6 12 18 20 40 80 160 320 640 658 b
1 2 3 6 12 18 36 37 73 146 183 329 658 b
1 2 3 6 12 18 36 37 73 146 292 329 658 b
1 2 3 6 12 18 36 72 74 146 292 366 658 b
1 2 3 6 12 18 36 72 74 146 292 584 658 b
1 2 3 6 12 24 26 50 76 152 304 354 658 b
1 2 3 6 12 24 26 50 76 152 304 608 658 b
1 2 3 6 12 24 36 37 73 146 183 329 658 b
1 2 3 6 12 24 36 37 73 146 292 329 658 b
1 2 3 6 12 24 36 72 74 146 292 366 658 b
1 2 3 6 12 24 36 72 74 146 292 584 658 b
1 2 3 6 12 24 48 72 74 146 292 366 658 b
1 2 3 6 12 24 48 72 74 146 292 584 658 b
1 2 4 5 9 10 20 40 80 160 169 329 658 b
1 2 4 5 9 10 20 40 80 160 320 329 658 b
1 2 4 5 9 11 20 40 80 160 169 329 658 b
1 2 4 5 9 11 20 40 80 160 320 329 658 b
1 2 4 5 9 18 20 40 80 160 169 329 658 b
1 2 4 5 9 18 20 40 80 160 320 329 658 b
1 2 4 5 9 18 20 40 80 160 320 338 658 b
1 2 4 5 9 18 20 40 80 160 320 640 658 b
1 2 4 5 9 18 22 40 80 160 169 329 658 b
1 2 4 5 9 18 22 40 80 160 320 329 658 b
1 2 4 5 9 18 22 40 80 160 320 338 658 b
1 2 4 5 9 18 22 40 80 160 320 640 658 b
1 2 4 5 9 18 23 41 82 164 165 329 658 b
1 2 4 5 9 18 23 41 82 164 328 329 658 b
1 2 4 5 9 18 23 41 82 164 328 330 658 b
1 2 4 5 9 18 23 41 82 164 328 656 658 b
1 2 4 5 9 18 27 54 81 162 167 329 658 b
1 2 4 5 9 18 27 54 81 162 324 329 658 b
1 2 4 5 9 18 27 54 108 113 216 329 658 a
1 2 4 5 9 18 27 54 108 113 221 329 658 b
1 2 4 5 9 18 27 54 108 162 167 329 658 b
1 2 4 5 9 18 27 54 108 162 324 329 658 b
1 2 4 5 9 18 27 54 108 216 221 329 658 b
1 2 4 5 9 18 27 54 108 216 221 437 658 b
1 2 4 5 9 18 27 54 108 216 221 442 658 b
1 2 4 5 9 18 27 54 108 216 324 329 658 b
1 2 4 5 9 18 36 37 73 146 183 329 658 b
1 2 4 5 9 18 36 37 73 146 292 329 658 b
1 2 4 5 9 18 36 40 80 160 169 329 658 b
1 2 4 5 9 18 36 40 80 160 320 329 658 b
1 2 4 5 9 18 36 40 80 160 320 338 658 b
1 2 4 5 9 18 36 40 80 160 320 640 658 b
1 2 4 5 9 18 36 41 72 144 185 329 658 a
1 2 4 5 9 18 36 41 72 144 288 329 658 a
1 2 4 5 9 18 36 41 82 164 165 329 658 b
1 2 4 5 9 18 36 41 82 164 328 329 658 b
1 2 4 5 9 18 36 41 82 164 328 330 658 b
1 2 4 5 9 18 36 41 82 164 328 656 658 b
1 2 4 5 9 18 36 45 81 162 167 329 658 b
1 2 4 5 9 18 36 45 81 162 324 329 658 b
1 2 4 5 9 18 36 54 108 113 216 329 658 a
1 2 4 5 9 18 36 54 108 113 221 329 658 b
1 2 4 5 9 18 36 54 108 162 167 329 658 b
1 2 4 5 9 18 36 54 108 162 324 329 658 b
1 2 4 5 9 18 36 54 108 216 221 329 658 b
1 2 4 5 9 18 36 54 108 216 221 437 658 b
1 2 4 5 9 18 36 54 108 216 221 442 658 b
1 2 4 5 9 18 36 54 108 216 324 329 658 b
1 2 4 5 9 18 36 72 74 146 292 366 658 b
1 2 4 5 9 18 36 72 74 146 292 584 658 b
1 2 4 5 9 18 36 72 81 162 167 329 658 b
1 2 4 5 9 18 36 72 81 162 324 329 658 b
1 2 4 5 9 18 36 72 90 162 167 329 658 b
1 2 4 5 9 18 36 72 90 162 324 329 658 b
1 2 4 5 9 18 36 72 108 113 216 329 658 a
1 2 4 5 9 18 36 72 108 113 221 329 658 b
1 2 4 5 9 18 36 72 108 216 221 329 658 b
1 2 4 5 9 18 36 72 108 216 221 437 658 b
1 2 4 5 9 18 36 72 108 216 221 442 658 b
1 2 4 5 9 18 36 72 108 216 324 329 658 b
1 2 4 5 9 18 36 72 144 149 180 329 658 a
1 2 4 5 9 18 36 72 144 149 185 329 658 b
1 2 4 5 9 18 36 72 144 149 293 329 658 b
1 2 4 5 9 18 36 72 144 149 293 365 658 b
1 2 4 5 9 18 36 72 144 149 293 586 658 b
1 2 4 5 9 18 36 72 144 162 167 329 658 b
1 2 4 5 9 18 36 72 144 162 324 329 658 b
1 2 4 5 9 18 36 72 144 180 185 329 658 b
1 2 4 5 9 18 36 72 144 180 324 329 658 b
1 2 4 5 9 18 36 72 144 216 221 437 658 b
1 2 4 5 9 18 36 72 144 216 221 442 658 b
1 2 4 5 9 18 36 72 144 288 293 329 658 b
1 2 4 5 9 18 36 72 144 288 293 365 658 b
1 2 4 5 9 18 36 72 144 288 293 586 658 b
1 2 4 5 9 18 36 72 144 288 324 329 658 b
1 2 4 5 10 20 21 41 82 164 165 329 658 b
1 2 4 5 10 20 21 41 82 164 328 329 658 b
1 2 4 5 10 20 21 41 82 164 328 330 658 b
1 2 4 5 10 20 21 41 82 164 328 656 658 b
1 2 4 5 10 20 40 41 81 162 167 329 658 b
1 2 4 5 10 20 40 41 81 162 324 329 658 b
1 2 4 5 10 20 40 41 81 162 324 334 658 b
1 2 4 5 10 20 40 41 81 162 324 648 658 b
1 2 4 5 10 20 40 41 82 164 165 329 658 b
1 2 4 5 10 20 40 41 82 164 328 329 658 b
1 2 4 5 10 20 40 41 82 164 328 330 658 b
1 2 4 5 10 20 40 41 82 164 328 656 658 b
1 2 4 5 10 20 40 42 82 164 165 329 658 b
1 2 4 5 10 20 40 42 82 164 328 329 658 b
1 2 4 5 10 20 40 42 82 164 328 330 658 b
1 2 4 5 10 20 40 42 82 164 328 656 658 b
1 2 4 5 10 20 40 80 81 162 167 329 658 b
1 2 4 5 10 20 40 80 81 162 324 329 658 b
1 2 4 5 10 20 40 80 81 162 324 334 658 b
1 2 4 5 10 20 40 80 81 162 324 648 658 b
1 2 4 5 10 20 40 80 82 162 167 329 658 b
1 2 4 5 10 20 40 80 82 162 324 329 658 b
1 2 4 5 10 20 40 80 82 162 324 334 658 b
1 2 4 5 10 20 40 80 82 162 324 648 658 b
1 2 4 5 10 20 40 80 82 164 165 329 658 b
1 2 4 5 10 20 40 80 82 164 328 329 658 b
1 2 4 5 10 20 40 80 82 164 328 330 658 b
1 2 4 5 10 20 40 80 82 164 328 656 658 b
1 2 4 5 10 20 40 80 84 164 165 329 658 b
1 2 4 5 10 20 40 80 84 164 328 329 658 b
1 2 4 5 10 20 40 80 84 164 328 330 658 b
1 2 4 5 10 20 40 80 84 164 328 656 658 b
1 2 4 5 10 20 40 80 160 162 167 329 658 b
1 2 4 5 10 20 40 80 160 162 324 329 658 b
1 2 4 5 10 20 40 80 160 162 324 334 658 b
1 2 4 5 10 20 40 80 160 162 324 648 658 b
1 2 4 5 10 20 40 80 160 164 165 329 658 b
1 2 4 5 10 20 40 80 160 164 169 329 658 b
1 2 4 5 10 20 40 80 160 164 324 329 658 b
1 2 4 5 10 20 40 80 160 164 324 334 658 b
1 2 4 5 10 20 40 80 160 164 324 648 658 b
1 2 4 5 10 20 40 80 160 164 328 329 658 b
1 2 4 5 10 20 40 80 160 164 328 330 658 b
1 2 4 5 10 20 40 80 160 164 328 656 658 b
1 2 4 5 10 20 40 80 160 165 169 329 658 b
1 2 4 5 10 20 40 80 160 165 325 329 658 b
1 2 4 5 10 20 40 80 160 320 324 329 658 b
1 2 4 5 10 20 40 80 160 320 324 334 658 b
1 2 4 5 10 20 40 80 160 320 324 648 658 b
1 2 4 5 10 20 40 80 160 320 325 329 658 b
1 2 4 6 8 16 32 64 128 134 262 396 658 b
1 2 4 6 8 16 32 64 128 134 262 524 658 b
1 2 4 6 10 16 32 64 128 134 262 396 658 b
1 2 4 6 10 16 32 64 128 134 262 524 658 b
1 2 4 6 10 20 21 41 82 164 165 329 658 b
1 2 4 6 10 20 21 41 82 164 328 329 658 b
1 2 4 6 10 20 21 41 82 164 328 330 658 b
1 2 4 6 10 20 21 41 82 164 328 656 658 b
1 2 4 6 10 20 40 41 81 162 324 334 658 b
1 2 4 6 10 20 40 41 81 162 324 648 658 b
1 2 4 6 10 20 40 41 82 164 165 329 658 b
1 2 4 6 10 20 40 41 82 164 328 329 658 b
1 2 4 6 10 20 40 41 82 164 328 330 658 b
1 2 4 6 10 20 40 41 82 164 328 656 658 b
1 2 4 6 10 20 40 42 82 164 165 329 658 b
1 2 4 6 10 20 40 42 82 164 328 329 658 b
1 2 4 6 10 20 40 42 82 164 328 330 658 b
1 2 4 6 10 20 40 42 82 164 328 656 658 b
1 2 4 6 10 20 40 80 81 162 324 334 658 b
1 2 4 6 10 20 40 80 81 162 324 648 658 b
1 2 4 6 10 20 40 80 82 162 324 334 658 b
1 2 4 6 10 20 40 80 82 162 324 648 658 b
1 2 4 6 10 20 40 80 82 164 165 329 658 b
1 2 4 6 10 20 40 80 82 164 328 329 658 b
1 2 4 6 10 20 40 80 82 164 328 330 658 b
1 2 4 6 10 20 40 80 82 164 328 656 658 b
1 2 4 6 10 20 40 80 84 164 165 329 658 b
1 2 4 6 10 20 40 80 84 164 328 329 658 b
1 2 4 6 10 20 40 80 84 164 328 330 658 b
1 2 4 6 10 20 40 80 84 164 328 656 658 b
1 2 4 6 10 20 40 80 86 166 246 412 658 b
1 2 4 6 10 20 40 80 86 166 246 492 658 b
1 2 4 6 10 20 40 80 160 162 324 334 658 b
1 2 4 6 10 20 40 80 160 162 324 648 658 b
1 2 4 6 10 20 40 80 160 164 165 329 658 b
1 2 4 6 10 20 40 80 160 164 324 334 658 b
1 2 4 6 10 20 40 80 160 164 324 648 658 b
1 2 4 6 10 20 40 80 160 164 328 329 658 b
1 2 4 6 10 20 40 80 160 164 328 330 658 b
1 2 4 6 10 20 40 80 160 164 328 656 658 b
1 2 4 6 10 20 40 80 160 166 246 412 658 b
1 2 4 6 10 20 40 80 160 166 246 492 658 b
1 2 4 6 10 20 40 80 160 166 326 332 658 b
1 2 4 6 10 20 40 80 160 166 326 492 658 b
1 2 4 6 10 20 40 80 160 166 326 652 658 b
1 2 4 6 10 20 40 80 160 166 332 492 658 b
1 2 4 6 10 20 40 80 160 166 332 498 658 b
1 2 4 6 10 20 40 80 160 320 324 334 658 b
1 2 4 6 10 20 40 80 160 320 324 648 658 b
1 2 4 6 10 20 40 80 160 320 326 332 658 b
1 2 4 6 10 20 40 80 160 320 326 652 658 b
1 2 4 6 12 13 25 38 76 152 177 329 658 b
1 2 4 6 12 13 25 38 76 152 304 329 658 b
1 2 4 6 12 16 32 64 128 134 262 396 658 b
1 2 4 6 12 16 32 64 128 134 262 524 658 b
1 2 4 6 12 18 20 40 80 160 320 338 658 b
1 2 4 6 12 18 20 40 80 160 320 640 658 b
1 2 4 6 12 18 22 40 80 160 320 338 658 b
1 2 4 6 12 18 22 40 80 160 320 640 658 b
1 2 4 6 12 18 36 37 73 146 183 329 658 b
1 2 4 6 12 18 36 37 73 146 292 329 658 b
1 2 4 6 12 18 36 40 80 160 320 338 658 b
1 2 4 6 12 18 36 40 80 160 320 640 658 b
1 2 4 6 12 18 36 72 74 146 292 366 658 b
1 2 4 6 12 18 36 72 74 146 292 584 658 b
1 2 4 6 12 24 26 50 76 152 304 354 658 b
1 2 4 6 12 24 26 50 76 152 304 608 658 b
1 2 4 6 12 24 36 37 73 146 183 329 658 b
1 2 4 6 12 24 36 37 73 146 292 329 658 b
1 2 4 6 12 24 36 72 74 146 292 366 658 b
1 2 4 6 12 24 36 72 74 146 292 584 658 b
1 2 4 6 12 24 48 72 74 146 292 366 658 b
1 2 4 6 12 24 48 72 74 146 292 584 658 b
1 2 4 8 9 10 20 40 80 160 169 329 658 b
1 2 4 8 9 10 20 40 80 160 320 329 658 b
1 2 4 8 9 11 20 40 80 160 169 329 658 b
1 2 4 8 9 11 20 40 80 160 320 329 658 b
1 2 4 8 9 12 20 40 80 160 169 329 658 a
1 2 4 8 9 12 20 40 80 160 320 329 658 a
1 2 4 8 9 16 20 40 80 160 169 329 658 a
1 2 4 8 9 16 20 40 80 160 320 329 658 a
1 2 4 8 9 16 24 40 80 160 169 329 658 a
1 2 4 8 9 16 24 40 80 160 320 329 658 a
1 2 4 8 9 16 25 41 82 164 165 329 658 a
1 2 4 8 9 16 25 41 82 164 328 329 658 a
1 2 4 8 9 16 25 41 82 164 328 330 658 a
1 2 4 8 9 16 25 41 82 164 328 656 658 a
1 2 4 8 9 16 32 40 80 160 169 329 658 a
1 2 4 8 9 16 32 40 80 160 320 329 658 a
1 2 4 8 9 16 32 41 82 164 165 329 658 a
1 2 4 8 9 16 32 41 82 164 328 329 658 a
1 2 4 8 9 16 32 41 82 164 328 330 658 a
1 2 4 8 9 16 32 41 82 164 328 656 658 a
1 2 4 8 9 16 32 48 80 160 169 329 658 a
1 2 4 8 9 16 32 48 80 160 320 329 658 a
1 2 4 8 9 16 32 64 73 128 201 329 658 a
1 2 4 8 9 16 32 64 73 128 256 329 658 a
1 2 4 8 9 16 32 64 80 160 169 329 658 a
1 2 4 8 9 16 32 64 80 160 320 329 658 a
1 2 4 8 9 16 32 64 96 160 169 329 658 a
1 2 4 8 9 16 32 64 96 160 320 329 658 a
1 2 4 8 9 16 32 64 128 137 192 329 658 a
1 2 4 8 9 16 32 64 128 137 201 329 658 a
1 2 4 8 9 16 32 64 128 137 265 329 658 a
1 2 4 8 9 16 32 64 128 137 265 393 658 a
1 2 4 8 9 16 32 64 128 137 265 530 658 a
1 2 4 8 9 16 32 64 128 160 169 329 658 a
1 2 4 8 9 16 32 64 128 160 320 329 658 a
1 2 4 8 9 16 32 64 128 192 201 329 658 a
1 2 4 8 9 16 32 64 128 192 320 329 658 a
1 2 4 8 9 16 32 64 128 256 265 329 658 a
1 2 4 8 9 16 32 64 128 256 265 393 658 a
1 2 4 8 9 16 32 64 128 256 265 530 658 a
1 2 4 8 9 16 32 64 128 256 320 329 658 a
1 2 4 8 9 17 26 52 78 156 173 329 658 b
1 2 4 8 9 17 26 52 78 156 312 329 658 b
1 2 4 8 9 17 26 52 104 121 208 329 658 a
1 2 4 8 9 17 26 52 104 121 225 329 658 b
1 2 4 8 9 17 26 52 104 156 173 329 658 b
1 2 4 8 9 17 26 52 104 156 312 329 658 b
1 2 4 8 9 17 26 52 104 208 225 329 658 b
1 2 4 8 9 17 26 52 104 208 225 433 658 b
1 2 4 8 9 17 26 52 104 208 225 450 658 b
1 2 4 8 9 17 26 52 104 208 312 329 658 b
1 2 4 8 9 18 20 40 80 160 169 329 658 b
1 2 4 8 9 18 20 40 80 160 320 329 658 b
1 2 4 8 9 18 20 40 80 160 320 338 658 b
1 2 4 8 9 18 20 40 80 160 320 640 658 b
1 2 4 8 9 18 22 40 80 160 169 329 658 b
1 2 4 8 9 18 22 40 80 160 320 329 658 b
1 2 4 8 9 18 22 40 80 160 320 338 658 b
1 2 4 8 9 18 22 40 80 160 320 640 658 b
1 2 4 8 9 18 36 37 73 146 183 329 658 b
1 2 4 8 9 18 36 37 73 146 292 329 658 b
1 2 4 8 9 18 36 40 80 160 169 329 658 b
1 2 4 8 9 18 36 40 80 160 320 329 658 b
1 2 4 8 9 18 36 40 80 160 320 338 658 b
1 2 4 8 9 18 36 40 80 160 320 640 658 b
1 2 4 8 9 18 36 44 80 160 169 329 658 b
1 2 4 8 9 18 36 44 80 160 320 329 658 b
1 2 4 8 9 18 36 44 80 160 320 338 658 b
1 2 4 8 9 18 36 44 80 160 320 640 658 b
1 2 4 8 9 18 36 72 74 146 292 366 658 b
1 2 4 8 9 18 36 72 74 146 292 584 658 b
1 2 4 8 9 18 36 72 80 160 169 329 658 b
1 2 4 8 9 18 36 72 80 160 320 329 658 b
1 2 4 8 9 18 36 72 80 160 320 338 658 b
1 2 4 8 9 18 36 72 80 160 320 640 658 b
1 2 4 8 10 18 20 40 80 160 320 338 658 b
1 2 4 8 10 18 20 40 80 160 320 640 658 b
1 2 4 8 10 18 22 40 80 160 320 338 658 b
1 2 4 8 10 18 22 40 80 160 320 640 658 b
1 2 4 8 10 18 36 37 73 146 183 329 658 b
1 2 4 8 10 18 36 37 73 146 292 329 658 b
1 2 4 8 10 18 36 40 80 160 320 338 658 b
1 2 4 8 10 18 36 40 80 160 320 640 658 b
1 2 4 8 10 18 36 44 80 160 320 338 658 b
1 2 4 8 10 18 36 44 80 160 320 640 658 b
1 2 4 8 10 18 36 46 82 164 165 329 658 b
1 2 4 8 10 18 36 46 82 164 328 329 658 b
1 2 4 8 10 18 36 46 82 164 328 330 658 b
1 2 4 8 10 18 36 46 82 164 328 656 658 b
1 2 4 8 10 18 36 54 108 162 324 334 658 b
1 2 4 8 10 18 36 54 108 162 324 648 658 b
1 2 4 8 10 18 36 54 108 216 226 432 658 a
1 2 4 8 10 18 36 54 108 216 226 442 658 b
1 2 4 8 10 18 36 54 108 216 324 334 658 b
1 2 4 8 10 18 36 54 108 216 324 648 658 b
1 2 4 8 10 18 36 54 108 216 432 442 658 b
1 2 4 8 10 18 36 54 108 216 432 648 658 b
1 2 4 8 10 18 36 72 74 146 292 366 658 b
1 2 4 8 10 18 36 72 74 146 292 584 658 b
1 2 4 8 10 18 36 72 80 160 320 338 658 b
1 2 4 8 10 18 36 72 80 160 320 640 658 b
1 2 4 8 10 18 36 72 82 144 288 370 658 a
1 2 4 8 10 18 36 72 82 144 288 576 658 a
1 2 4 8 10 18 36 72 82 164 165 329 658 b
1 2 4 8 10 18 36 72 82 164 328 329 658 b
1 2 4 8 10 18 36 72 82 164 328 330 658 b
1 2 4 8 10 18 36 72 82 164 328 656 658 b
1 2 4 8 10 18 36 72 90 162 324 334 658 b
1 2 4 8 10 18 36 72 90 162 324 648 658 b
1 2 4 8 10 18 36 72 108 216 226 432 658 a
1 2 4 8 10 18 36 72 108 216 226 442 658 b
1 2 4 8 10 18 36 72 108 216 324 334 658 b
1 2 4 8 10 18 36 72 108 216 324 648 658 b
1 2 4 8 10 18 36 72 108 216 432 442 658 b
1 2 4 8 10 18 36 72 108 216 432 648 658 b
1 2 4 8 10 18 36 72 144 162 324 334 658 b
1 2 4 8 10 18 36 72 144 162 324 648 658 b
1 2 4 8 10 18 36 72 144 180 324 334 658 b
1 2 4 8 10 18 36 72 144 180 324 648 658 b
1 2 4 8 10 18 36 72 144 216 226 432 658 a
1 2 4 8 10 18 36 72 144 216 226 442 658 b
1 2 4 8 10 18 36 72 144 216 432 442 658 b
1 2 4 8 10 18 36 72 144 216 432 648 658 b
1 2 4 8 10 18 36 72 144 288 298 360 658 a
1 2 4 8 10 18 36 72 144 288 298 370 658 b
1 2 4 8 10 18 36 72 144 288 298 586 658 b
1 2 4 8 10 18 36 72 144 288 324 334 658 b
1 2 4 8 10 18 36 72 144 288 324 648 658 b
1 2 4 8 10 18 36 72 144 288 360 370 658 b
1 2 4 8 10 18 36 72 144 288 360 648 658 b
1 2 4 8 10 18 36 72 144 288 576 586 658 b
1 2 4 8 10 18 36 72 144 288 576 648 658 b
1 2 4 8 10 20 21 41 82 164 165 329 658 b
1 2 4 8 10 20 21 41 82 164 328 329 658 b
1 2 4 8 10 20 21 41 82 164 328 330 658 b
1 2 4 8 10 20 21 41 82 164 328 656 658 b
1 2 4 8 10 20 40 41 81 162 324 334 658 b
1 2 4 8 10 20 40 41 81 162 324 648 658 b
1 2 4 8 10 20 40 41 82 164 165 329 658 b
1 2 4 8 10 20 40 41 82 164 328 329 658 b
1 2 4 8 10 20 40 41 82 164 328 330 658 b
1 2 4 8 10 20 40 41 82 164 328 656 658 b
1 2 4 8 10 20 40 42 82 164 165 329 658 b
1 2 4 8 10 20 40 42 82 164 328 329 658 b
1 2 4 8 10 20 40 42 82 164 328 330 658 b
1 2 4 8 10 20 40 42 82 164 328 656 658 b
1 2 4 8 10 20 40 80 81 162 324 334 658 b
1 2 4 8 10 20 40 80 81 162 324 648 658 b
1 2 4 8 10 20 40 80 82 162 324 334 658 b
1 2 4 8 10 20 40 80 82 162 324 648 658 b
1 2 4 8 10 20 40 80 82 164 165 329 658 b
1 2 4 8 10 20 40 80 82 164 328 329 658 b
1 2 4 8 10 20 40 80 82 164 328 330 658 b
1 2 4 8 10 20 40 80 82 164 328 656 658 b
1 2 4 8 10 20 40 80 84 164 165 329 658 b
1 2 4 8 10 20 40 80 84 164 328 329 658 b
1 2 4 8 10 20 40 80 84 164 328 330 658 b
1 2 4 8 10 20 40 80 84 164 328 656 658 b
1 2 4 8 10 20 40 80 160 161 168 329 658 a
1 2 4 8 10 20 40 80 160 161 169 329 658 b
1 2 4 8 10 20 40 80 160 161 321 329 658 b
1 2 4 8 10 20 40 80 160 162 324 334 658 b
1 2 4 8 10 20 40 80 160 162 324 648 658 b
1 2 4 8 10 20 40 80 160 164 165 329 658 b
1 2 4 8 10 20 40 80 160 164 324 334 658 b
1 2 4 8 10 20 40 80 160 164 324 648 658 b
1 2 4 8 10 20 40 80 160 164 328 329 658 b
1 2 4 8 10 20 40 80 160 164 328 330 658 b
1 2 4 8 10 20 40 80 160 164 328 656 658 b
1 2 4 8 10 20 40 80 160 168 169 329 658 b
1 2 4 8 10 20 40 80 160 168 328 329 658 b
1 2 4 8 10 20 40 80 160 168 328 330 658 b
1 2 4 8 10 20 40 80 160 168 328 656 658 b
1 2 4 8 10 20 40 80 160 320 321 329 658 b
1 2 4 8 10 20 40 80 160 320 324 334 658 b
1 2 4 8 10 20 40 80 160 320 324 648 658 b
1 2 4 8 10 20 40 80 160 320 328 329 658 b
1 2 4 8 10 20 40 80 160 320 328 330 658 b
1 2 4 8 10 20 40 80 160 320 328 338 658 b
1 2 4 8 10 20 40 80 160 320 328 648 658 b
1 2 4 8 10 20 40 80 160 320 328 656 658 b
1 2 4 8 10 20 40 80 160 320 330 338 658 b
1 2 4 8 10 20 40 80 160 320 330 650 658 b
1 2 4 8 10 20 40 80 160 320 640 648 658 b
1 2 4 8 10 20 40 80 160 320 640 650 658 b
1 2 4 8 12 13 25 38 76 152 177 329 658 b
1 2 4 8 12 13 25 38 76 152 304 329 658 b
1 2 4 8 12 20 21 41 82 164 165 329 658 b
1 2 4 8 12 20 21 41 82 164 328 329 658 b
1 2 4 8 12 20 21 41 82 164 328 330 658 b
1 2 4 8 12 20 21 41 82 164 328 656 658 b
1 2 4 8 12 20 40 41 82 164 165 329 658 b
1 2 4 8 12 20 40 41 82 164 328 329 658 b
1 2 4 8 12 20 40 41 82 164 328 330 658 b
1 2 4 8 12 20 40 41 82 164 328 656 658 b
1 2 4 8 12 20 40 42 82 164 165 329 658 b
1 2 4 8 12 20 40 42 82 164 328 329 658 b
1 2 4 8 12 20 40 42 82 164 328 330 658 b
1 2 4 8 12 20 40 42 82 164 328 656 658 b
1 2 4 8 12 20 40 80 82 164 165 329 658 b
1 2 4 8 12 20 40 80 82 164 328 329 658 b
1 2 4 8 12 20 40 80 82 164 328 330 658 b
1 2 4 8 12 20 40 80 82 164 328 656 658 b
1 2 4 8 12 20 40 80 84 164 165 329 658 b
1 2 4 8 12 20 40 80 84 164 328 329 658 b
1 2 4 8 12 20 40 80 84 164 328 330 658 b
1 2 4 8 12 20 40 80 84 164 328 656 658 b
1 2 4 8 12 20 40 80 160 161 168 329 658 a
1 2 4 8 12 20 40 80 160 161 169 329 658 b
1 2 4 8 12 20 40 80 160 161 321 329 658 b
1 2 4 8 12 20 40 80 160 164 165 329 658 b
1 2 4 8 12 20 40 80 160 164 328 329 658 b
1 2 4 8 12 20 40 80 160 164 328 330 658 b
1 2 4 8 12 20 40 80 160 164 328 656 658 b
1 2 4 8 12 20 40 80 160 168 169 329 658 b
1 2 4 8 12 20 40 80 160 168 328 329 658 b
1 2 4 8 12 20 40 80 160 168 328 330 658 b
1 2 4 8 12 20 40 80 160 168 328 656 658 b
1 2 4 8 12 20 40 80 160 320 321 329 658 b
1 2 4 8 12 20 40 80 160 320 328 329 658 b
1 2 4 8 12 20 40 80 160 320 328 330 658 b
1 2 4 8 12 20 40 80 160 320 328 656 658 b
1 2 4 8 12 24 26 50 76 152 304 354 658 b
1 2 4 8 12 24 26 50 76 152 304 608 658 b
1 2 4 8 12 24 36 37 73 146 183 329 658 b
1 2 4 8 12 24 36 37 73 146 292 329 658 b
1 2 4 8 12 24 36 72 74 146 292 366 658 b
1 2 4 8 12 24 36 72 74 146 292 584 658 b
1 2 4 8 12 24 48 72 74 146 292 366 658 b
1 2 4 8 12 24 48 72 74 146 292 584 658 b
1 2 4 8 16 17 24 41 82 164 165 329 658 a
1 2 4 8 16 17 24 41 82 164 328 329 658 a
1 2 4 8 16 17 24 41 82 164 328 330 658 a
1 2 4 8 16 17 24 41 82 164 328 656 658 a
1 2 4 8 16 17 25 41 82 164 165 329 658 b
1 2 4 8 16 17 25 41 82 164 328 329 658 b
1 2 4 8 16 17 25 41 82 164 328 330 658 b
1 2 4 8 16 17 25 41 82 164 328 656 658 b
1 2 4 8 16 17 33 37 74 148 181 329 658 b
1 2 4 8 16 17 33 37 74 148 296 329 658 b
1 2 4 8 16 17 33 41 74 148 181 329 658 b
1 2 4 8 16 17 33 41 74 148 296 329 658 b
1 2 4 8 16 17 33 41 82 164 165 329 658 b
1 2 4 8 16 17 33 41 82 164 328 329 658 b
1 2 4 8 16 17 33 41 82 164 328 330 658 b
1 2 4 8 16 17 33 41 82 164 328 656 658 b
1 2 4 8 16 17 33 49 82 164 165 329 658 b
1 2 4 8 16 17 33 49 82 164 328 329 658 b
1 2 4 8 16 17 33 49 82 164 328 330 658 b
1 2 4 8 16 17 33 49 82 164 328 656 658 b
1 2 4 8 16 17 33 66 74 148 181 329 658 b
1 2 4 8 16 17 33 66 74 148 296 329 658 b
1 2 4 8 16 17 33 66 74 148 296 362 658 b
1 2 4 8 16 17 33 66 74 148 296 592 658 b
1 2 4 8 16 17 33 66 82 148 181 329 658 b
1 2 4 8 16 17 33 66 82 148 296 329 658 b
1 2 4 8 16 17 33 66 82 148 296 362 658 b
1 2 4 8 16 17 33 66 82 148 296 592 658 b
1 2 4 8 16 17 33 66 82 164 165 329 658 b
1 2 4 8 16 17 33 66 82 164 328 329 658 b
1 2 4 8 16 17 33 66 82 164 328 330 658 b
1 2 4 8 16 17 33 66 82 164 328 656 658 b
1 2 4 8 16 17 33 66 99 115 214 329 658 b
1 2 4 8 16 17 33 66 99 115 230 329 658 b
1 2 4 8 16 17 33 66 132 148 181 329 658 b
1 2 4 8 16 17 33 66 132 148 296 329 658 b
1 2 4 8 16 17 33 66 132 148 296 362 658 b
1 2 4 8 16 17 33 66 132 148 296 592 658 b
1 2 4 8 16 18 20 40 80 160 320 338 658 b
1 2 4 8 16 18 20 40 80 160 320 640 658 b
1 2 4 8 16 18 22 40 80 160 320 338 658 b
1 2 4 8 16 18 22 40 80 160 320 640 658 b
1 2 4 8 16 18 24 40 80 160 320 338 658 a
1 2 4 8 16 18 24 40 80 160 320 640 658 a
1 2 4 8 16 18 32 40 80 160 320 338 658 a
1 2 4 8 16 18 32 40 80 160 320 640 658 a
1 2 4 8 16 18 32 48 80 160 320 338 658 a
1 2 4 8 16 18 32 48 80 160 320 640 658 a
1 2 4 8 16 18 32 50 82 164 165 329 658 a
1 2 4 8 16 18 32 50 82 164 328 329 658 a
1 2 4 8 16 18 32 50 82 164 328 330 658 a
1 2 4 8 16 18 32 50 82 164 328 656 658 a
1 2 4 8 16 18 32 64 80 160 320 338 658 a
1 2 4 8 16 18 32 64 80 160 320 640 658 a
1 2 4 8 16 18 32 64 82 164 165 329 658 a
1 2 4 8 16 18 32 64 82 164 328 329 658 a
1 2 4 8 16 18 32 64 82 164 328 330 658 a
1 2 4 8 16 18 32 64 82 164 328 656 658 a
1 2 4 8 16 18 32 64 96 160 320 338 658 a
1 2 4 8 16 18 32 64 96 160 320 640 658 a
1 2 4 8 16 18 32 64 128 146 256 402 658 a
1 2 4 8 16 18 32 64 128 146 256 512 658 a
1 2 4 8 16 18 32 64 128 160 320 338 658 a
1 2 4 8 16 18 32 64 128 160 320 640 658 a
1 2 4 8 16 18 32 64 128 192 320 338 658 a
1 2 4 8 16 18 32 64 128 192 320 640 658 a
1 2 4 8 16 18 32 64 128 256 274 384 658 a
1 2 4 8 16 18 32 64 128 256 274 402 658 a
1 2 4 8 16 18 32 64 128 256 274 530 658 a
1 2 4 8 16 18 32 64 128 256 320 338 658 a
1 2 4 8 16 18 32 64 128 256 320 640 658 a
1 2 4 8 16 18 32 64 128 256 384 402 658 a
1 2 4 8 16 18 32 64 128 256 384 640 658 a
1 2 4 8 16 18 32 64 128 256 512 530 658 a
1 2 4 8 16 18 32 64 128 256 512 640 658 a
1 2 4 8 16 18 34 52 104 156 312 346 658 b
1 2 4 8 16 18 34 52 104 156 312 624 658 b
1 2 4 8 16 18 34 52 104 208 242 416 658 a
1 2 4 8 16 18 34 52 104 208 242 450 658 b
1 2 4 8 16 18 34 52 104 208 312 346 658 b
1 2 4 8 16 18 34 52 104 208 312 624 658 b
1 2 4 8 16 18 34 52 104 208 416 450 658 b
1 2 4 8 16 18 34 52 104 208 416 624 658 b
1 2 4 8 16 18 36 37 73 146 183 329 658 b
1 2 4 8 16 18 36 37 73 146 292 329 658 b
1 2 4 8 16 18 36 40 80 160 320 338 658 b
1 2 4 8 16 18 36 40 80 160 320 640 658 b
1 2 4 8 16 18 36 44 80 160 320 338 658 b
1 2 4 8 16 18 36 44 80 160 320 640 658 b
1 2 4 8 16 18 36 72 74 146 292 366 658 b
1 2 4 8 16 18 36 72 74 146 292 584 658 b
1 2 4 8 16 18 36 72 80 160 320 338 658 b
1 2 4 8 16 18 36 72 80 160 320 640 658 b
1 2 4 8 16 18 36 72 88 160 320 338 658 b
1 2 4 8 16 18 36 72 88 160 320 640 658 b
1 2 4 8 16 18 36 72 144 160 320 338 658 b
1 2 4 8 16 18 36 72 144 160 320 640 658 b
1 2 4 8 16 20 21 41 82 164 165 329 658 b
1 2 4 8 16 20 21 41 82 164 328 329 658 b
1 2 4 8 16 20 21 41 82 164 328 330 658 b
1 2 4 8 16 20 21 41 82 164 328 656 658 b
1 2 4 8 16 20 36 37 73 146 183 329 658 b
1 2 4 8 16 20 36 37 73 146 292 329 658 b
1 2 4 8 16 20 36 72 74 146 292 366 658 b
1 2 4 8 16 20 36 72 74 146 292 584 658 b
1 2 4 8 16 20 36 72 92 164 165 329 658 b
1 2 4 8 16 20 36 72 92 164 328 329 658 b
1 2 4 8 16 20 36 72 92 164 328 330 658 b
1 2 4 8 16 20 36 72 92 164 328 656 658 b
1 2 4 8 16 20 36 72 144 164 165 329 658 b
1 2 4 8 16 20 36 72 144 164 328 329 658 b
1 2 4 8 16 20 36 72 144 164 328 330 658 b
1 2 4 8 16 20 36 72 144 164 328 656 658 b
1 2 4 8 16 20 40 41 82 164 165 329 658 b
1 2 4 8 16 20 40 41 82 164 328 329 658 b
1 2 4 8 16 20 40 41 82 164 328 330 658 b
1 2 4 8 16 20 40 41 82 164 328 656 658 b
1 2 4 8 16 20 40 42 82 164 165 329 658 b
1 2 4 8 16 20 40 42 82 164 328 329 658 b
1 2 4 8 16 20 40 42 82 164 328 330 658 b
1 2 4 8 16 20 40 42 82 164 328 656 658 b
1 2 4 8 16 20 40 80 82 164 165 329 658 b
1 2 4 8 16 20 40 80 82 164 328 329 658 b
1 2 4 8 16 20 40 80 82 164 328 330 658 b
1 2 4 8 16 20 40 80 82 164 328 656 658 b
1 2 4 8 16 20 40 80 84 164 165 329 658 b
1 2 4 8 16 20 40 80 84 164 328 329 658 b
1 2 4 8 16 20 40 80 84 164 328 330 658 b
1 2 4 8 16 20 40 80 84 164 328 656 658 b
1 2 4 8 16 20 40 80 160 161 168 329 658 a
1 2 4 8 16 20 40 80 160 161 169 329 658 b
1 2 4 8 16 20 40 80 160 161 321 329 658 b
1 2 4 8 16 20 40 80 160 161 321 337 658 b
1 2 4 8 16 20 40 80 160 161 321 642 658 b
1 2 4 8 16 20 40 80 160 164 165 329 658 b
1 2 4 8 16 20 40 80 160 164 328 329 658 b
1 2 4 8 16 20 40 80 160 164 328 330 658 b
1 2 4 8 16 20 40 80 160 164 328 656 658 b
1 2 4 8 16 20 40 80 160 168 169 329 658 b
1 2 4 8 16 20 40 80 160 168 328 329 658 b
1 2 4 8 16 20 40 80 160 168 328 330 658 b
1 2 4 8 16 20 40 80 160 168 328 656 658 b
1 2 4 8 16 20 40 80 160 320 321 329 658 b
1 2 4 8 16 20 40 80 160 320 321 337 658 b
1 2 4 8 16 20 40 80 160 320 321 642 658 b
1 2 4 8 16 20 40 80 160 320 322 336 658 a
1 2 4 8 16 20 40 80 160 320 322 338 658 b
1 2 4 8 16 20 40 80 160 320 322 642 658 b
1 2 4 8 16 20 40 80 160 320 328 329 658 b
1 2 4 8 16 20 40 80 160 320 328 330 658 b
1 2 4 8 16 20 40 80 160 320 328 656 658 b
1 2 4 8 16 20 40 80 160 320 336 338 658 b
1 2 4 8 16 20 40 80 160 320 336 656 658 b
1 2 4 8 16 20 40 80 160 320 640 642 658 b
1 2 4 8 16 20 40 80 160 320 640 656 658 b
1 2 4 8 16 24 25 41 82 164 165 329 658 b
1 2 4 8 16 24 25 41 82 164 328 329 658 b
1 2 4 8 16 24 25 41 82 164 328 330 658 b
1 2 4 8 16 24 25 41 82 164 328 656 658 b
1 2 4 8 16 24 26 50 76 152 304 354 658 b
1 2 4 8 16 24 26 50 76 152 304 608 658 b
1 2 4 8 16 24 40 41 82 164 165 329 658 b
1 2 4 8 16 24 40 41 82 164 328 329 658 b
1 2 4 8 16 24 40 41 82 164 328 330 658 b
1 2 4 8 16 24 40 41 82 164 328 656 658 b
1 2 4 8 16 24 40 42 82 164 165 329 658 b
1 2 4 8 16 24 40 42 82 164 328 329 658 b
1 2 4 8 16 24 40 42 82 164 328 330 658 b
1 2 4 8 16 24 40 42 82 164 328 656 658 b
1 2 4 8 16 24 40 80 82 164 165 329 658 b
1 2 4 8 16 24 40 80 82 164 328 329 658 b
1 2 4 8 16 24 40 80 82 164 328 330 658 b
1 2 4 8 16 24 40 80 82 164 328 656 658 b
1 2 4 8 16 24 40 80 84 164 165 329 658 b
1 2 4 8 16 24 40 80 84 164 328 329 658 b
1 2 4 8 16 24 40 80 84 164 328 330 658 b
1 2 4 8 16 24 40 80 84 164 328 656 658 b
1 2 4 8 16 24 40 80 160 161 168 329 658 a
1 2 4 8 16 24 40 80 160 161 169 329 658 b
1 2 4 8 16 24 40 80 160 161 321 329 658 b
1 2 4 8 16 24 40 80 160 161 321 337 658 b
1 2 4 8 16 24 40 80 160 161 321 642 658 b
1 2 4 8 16 24 40 80 160 164 165 329 658 b
1 2 4 8 16 24 40 80 160 164 328 329 658 b
1 2 4 8 16 24 40 80 160 164 328 330 658 b
1 2 4 8 16 24 40 80 160 164 328 656 658 b
1 2 4 8 16 24 40 80 160 168 169 329 658 b
1 2 4 8 16 24 40 80 160 168 328 329 658 b
1 2 4 8 16 24 40 80 160 168 328 330 658 b
1 2 4 8 16 24 40 80 160 168 328 656 658 b
1 2 4 8 16 24 40 80 160 320 321 329 658 b
1 2 4 8 16 24 40 80 160 320 321 337 658 b
1 2 4 8 16 24 40 80 160 320 321 642 658 b
1 2 4 8 16 24 40 80 160 320 322 336 658 a
1 2 4 8 16 24 40 80 160 320 322 338 658 b
1 2 4 8 16 24 40 80 160 320 322 642 658 b
1 2 4 8 16 24 40 80 160 320 328 329 658 b
1 2 4 8 16 24 40 80 160 320 328 330 658 b
1 2 4 8 16 24 40 80 160 320 328 656 658 b
1 2 4 8 16 24 40 80 160 320 336 338 658 b
1 2 4 8 16 24 40 80 160 320 336 656 658 b
1 2 4 8 16 24 40 80 160 320 640 642 658 b
1 2 4 8 16 24 40 80 160 320 640 656 658 b
1 2 4 8 16 24 48 72 74 146 292 366 658 b
1 2 4 8 16 24 48 72 74 146 292 584 658 b
1 2 4 8 16 32 33 37 74 148 181 329 658 b
1 2 4 8 16 32 33 37 74 148 296 329 658 b
1 2 4 8 16 32 33 41 74 148 181 329 658 b
1 2 4 8 16 32 33 41 74 148 296 329 658 b
1 2 4 8 16 32 33 41 82 164 165 329 658 b
1 2 4 8 16 32 33 41 82 164 328 329 658 b
1 2 4 8 16 32 33 41 82 164 328 330 658 b
1 2 4 8 16 32 33 41 82 164 328 656 658 b
1 2 4 8 16 32 33 49 82 164 165 329 658 b
1 2 4 8 16 32 33 49 82 164 328 329 658 b
1 2 4 8 16 32 33 49 82 164 328 330 658 b
1 2 4 8 16 32 33 49 82 164 328 656 658 b
1 2 4 8 16 32 33 65 66 132 197 329 658 b
1 2 4 8 16 32 33 65 66 132 264 329 658 b
1 2 4 8 16 32 33 65 67 132 197 329 658 b
1 2 4 8 16 32 33 65 67 132 264 329 658 b
1 2 4 8 16 32 33 65 69 130 199 329 658 a
1 2 4 8 16 32 33 65 69 130 260 329 658 a
1 2 4 8 16 32 33 65 130 132 197 329 658 b
1 2 4 8 16 32 33 65 130 132 264 329 658 b
1 2 4 8 16 32 33 65 130 132 264 394 658 b
1 2 4 8 16 32 33 65 130 132 264 528 658 b
1 2 4 8 16 32 33 65 130 134 195 329 658 a
1 2 4 8 16 32 33 65 130 134 199 329 658 b
1 2 4 8 16 32 33 65 130 134 264 329 658 b
1 2 4 8 16 32 33 65 130 134 264 394 658 b
1 2 4 8 16 32 33 65 130 134 264 528 658 b
1 2 4 8 16 32 33 65 130 138 260 398 658 a
1 2 4 8 16 32 33 65 130 138 260 520 658 a
1 2 4 8 16 32 33 65 130 195 199 329 658 b
1 2 4 8 16 32 33 65 130 195 325 329 658 b
1 2 4 8 16 32 33 65 130 195 325 333 658 b
1 2 4 8 16 32 33 65 130 195 325 650 658 b
1 2 4 8 16 32 33 65 130 260 264 329 658 b
1 2 4 8 16 32 33 65 130 260 264 394 658 b
1 2 4 8 16 32 33 65 130 260 264 528 658 b
1 2 4 8 16 32 33 65 130 260 268 390 658 a
1 2 4 8 16 32 33 65 130 260 268 398 658 b
1 2 4 8 16 32 33 65 130 260 268 528 658 b
1 2 4 8 16 32 33 65 130 260 325 329 658 b
1 2 4 8 16 32 33 65 130 260 325 333 658 b
1 2 4 8 16 32 33 65 130 260 325 650 658 b
1 2 4 8 16 32 33 65 130 260 390 398 658 b
1 2 4 8 16 32 33 65 130 260 390 650 658 b
1 2 4 8 16 32 33 65 130 260 520 528 658 b
1 2 4 8 16 32 33 65 130 260 520 650 658 b
1 2 4 8 16 32 33 66 74 148 181 329 658 b
1 2 4 8 16 32 33 66 74 148 296 329 658 b
1 2 4 8 16 32 33 66 74 148 296 362 658 b
1 2 4 8 16 32 33 66 74 148 296 592 658 b
1 2 4 8 16 32 33 66 82 148 181 329 658 b
1 2 4 8 16 32 33 66 82 148 296 329 658 b
1 2 4 8 16 32 33 66 82 148 296 362 658 b
1 2 4 8 16 32 33 66 82 148 296 592 658 b
1 2 4 8 16 32 33 66 82 164 165 329 658 b
1 2 4 8 16 32 33 66 82 164 328 329 658 b
1 2 4 8 16 32 33 66 82 164 328 330 658 b
1 2 4 8 16 32 33 66 82 164 328 656 658 b
1 2 4 8 16 32 33 66 98 164 165 329 658 b
1 2 4 8 16 32 33 66 98 164 328 329 658 b
1 2 4 8 16 32 33 66 98 164 328 330 658 b
1 2 4 8 16 32 33 66 98 164 328 656 658 b
1 2 4 8 16 32 33 66 99 115 214 329 658 b
1 2 4 8 16 32 33 66 99 115 230 329 658 b
1 2 4 8 16 32 33 66 99 131 198 329 658 a
1 2 4 8 16 32 33 66 99 131 230 329 658 b
1 2 4 8 16 32 33 66 99 198 230 329 658 b
1 2 4 8 16 32 33 66 99 198 230 428 658 b
1 2 4 8 16 32 33 66 99 198 230 460 658 b
1 2 4 8 16 32 33 66 99 198 297 329 658 b
1 2 4 8 16 32 33 66 132 148 181 329 658 b
1 2 4 8 16 32 33 66 132 148 296 329 658 b
1 2 4 8 16 32 33 66 132 148 296 362 658 b
1 2 4 8 16 32 33 66 132 148 296 592 658 b
1 2 4 8 16 32 33 66 132 164 165 329 658 b
1 2 4 8 16 32 33 66 132 164 197 329 658 b
1 2 4 8 16 32 33 66 132 164 296 329 658 b
1 2 4 8 16 32 33 66 132 164 296 362 658 b
1 2 4 8 16 32 33 66 132 164 296 592 658 b
1 2 4 8 16 32 33 66 132 164 328 329 658 b
1 2 4 8 16 32 33 66 132 164 328 330 658 b
1 2 4 8 16 32 33 66 132 164 328 656 658 b
1 2 4 8 16 32 33 66 132 165 197 329 658 b
1 2 4 8 16 32 33 66 132 165 297 329 658 b
1 2 4 8 16 32 33 66 132 198 230 428 658 b
1 2 4 8 16 32 33 66 132 198 230 460 658 b
1 2 4 8 16 32 33 66 132 264 296 329 658 b
1 2 4 8 16 32 33 66 132 264 296 362 658 b
1 2 4 8 16 32 33 66 132 264 296 592 658 b
1 2 4 8 16 32 33 66 132 264 297 329 658 b
1 2 4 8 16 32 34 48 82 164 165 329 658 a
1 2 4 8 16 32 34 48 82 164 328 329 658 a
1 2 4 8 16 32 34 48 82 164 328 330 658 a
1 2 4 8 16 32 34 48 82 164 328 656 658 a
1 2 4 8 16 32 34 50 82 164 165 329 658 b
1 2 4 8 16 32 34 50 82 164 328 329 658 b
1 2 4 8 16 32 34 50 82 164 328 330 658 b
1 2 4 8 16 32 34 50 82 164 328 656 658 b
1 2 4 8 16 32 34 66 74 148 296 362 658 b
1 2 4 8 16 32 34 66 74 148 296 592 658 b
1 2 4 8 16 32 34 66 82 148 296 362 658 b
1 2 4 8 16 32 34 66 82 148 296 592 658 b
1 2 4 8 16 32 34 66 82 164 165 329 658 b
1 2 4 8 16 32 34 66 82 164 328 329 658 b
1 2 4 8 16 32 34 66 82 164 328 330 658 b
1 2 4 8 16 32 34 66 82 164 328 656 658 b
1 2 4 8 16 32 34 66 98 164 165 329 658 b
1 2 4 8 16 32 34 66 98 164 328 329 658 b
1 2 4 8 16 32 34 66 98 164 328 330 658 b
1 2 4 8 16 32 34 66 98 164 328 656 658 b
1 2 4 8 16 32 34 66 132 148 296 362 658 b
1 2 4 8 16 32 34 66 132 148 296 592 658 b
1 2 4 8 16 32 34 66 132 164 165 329 658 b
1 2 4 8 16 32 34 66 132 164 296 362 658 b
1 2 4 8 16 32 34 66 132 164 296 592 658 b
1 2 4 8 16 32 34 66 132 164 328 329 658 b
1 2 4 8 16 32 34 66 132 164 328 330 658 b
1 2 4 8 16 32 34 66 132 164 328 656 658 b
1 2 4 8 16 32 34 66 132 198 230 428 658 b
1 2 4 8 16 32 34 66 132 198 230 460 658 b
1 2 4 8 16 32 34 66 132 264 296 362 658 b
1 2 4 8 16 32 34 66 132 264 296 592 658 b
1 2 4 8 16 32 36 37 73 146 183 329 658 b
1 2 4 8 16 32 36 37 73 146 292 329 658 b
1 2 4 8 16 32 36 64 100 164 165 329 658 a
1 2 4 8 16 32 36 64 100 164 328 329 658 a
1 2 4 8 16 32 36 64 100 164 328 330 658 a
1 2 4 8 16 32 36 64 100 164 328 656 658 a
1 2 4 8 16 32 36 64 128 164 165 329 658 a
1 2 4 8 16 32 36 64 128 164 328 329 658 a
1 2 4 8 16 32 36 64 128 164 328 330 658 a
1 2 4 8 16 32 36 64 128 164 328 656 658 a
1 2 4 8 16 32 36 72 74 146 292 366 658 b
1 2 4 8 16 32 36 72 74 146 292 584 658 b
1 2 4 8 16 32 40 41 72 144 185 329 658 a
1 2 4 8 16 32 40 41 72 144 288 329 658 a
1 2 4 8 16 32 40 41 82 164 165 329 658 b
1 2 4 8 16 32 40 41 82 164 328 329 658 b
1 2 4 8 16 32 40 41 82 164 328 330 658 b
1 2 4 8 16 32 40 41 82 164 328 656 658 b
1 2 4 8 16 32 40 42 82 164 165 329 658 b
1 2 4 8 16 32 40 42 82 164 328 329 658 b
1 2 4 8 16 32 40 42 82 164 328 330 658 b
1 2 4 8 16 32 40 42 82 164 328 656 658 b
1 2 4 8 16 32 40 72 74 146 292 366 658 b
1 2 4 8 16 32 40 72 74 146 292 584 658 b
1 2 4 8 16 32 40 72 144 145 184 329 658 a
1 2 4 8 16 32 40 72 144 145 185 329 658 b
1 2 4 8 16 32 40 72 144 145 289 329 658 b
1 2 4 8 16 32 40 72 144 184 185 329 658 b
1 2 4 8 16 32 40 72 144 184 328 329 658 b
1 2 4 8 16 32 40 72 144 184 328 330 658 b
1 2 4 8 16 32 40 72 144 184 328 656 658 b
1 2 4 8 16 32 40 72 144 288 289 329 658 b
1 2 4 8 16 32 40 72 144 288 328 329 658 b
1 2 4 8 16 32 40 72 144 288 328 330 658 b
1 2 4 8 16 32 40 72 144 288 328 656 658 b
1 2 4 8 16 32 40 80 82 164 165 329 658 b
1 2 4 8 16 32 40 80 82 164 328 329 658 b
1 2 4 8 16 32 40 80 82 164 328 330 658 b
1 2 4 8 16 32 40 80 82 164 328 656 658 b
1 2 4 8 16 32 40 80 84 164 165 329 658 b
1 2 4 8 16 32 40 80 84 164 328 329 658 b
1 2 4 8 16 32 40 80 84 164 328 330 658 b
1 2 4 8 16 32 40 80 84 164 328 656 658 b
1 2 4 8 16 32 40 80 160 161 168 329 658 a
1 2 4 8 16 32 40 80 160 161 169 329 658 b
1 2 4 8 16 32 40 80 160 161 321 329 658 b
1 2 4 8 16 32 40 80 160 161 321 337 658 b
1 2 4 8 16 32 40 80 160 161 321 642 658 b
1 2 4 8 16 32 40 80 160 164 165 329 658 b
1 2 4 8 16 32 40 80 160 164 328 329 658 b
1 2 4 8 16 32 40 80 160 164 328 330 658 b
1 2 4 8 16 32 40 80 160 164 328 656 658 b
1 2 4 8 16 32 40 80 160 168 169 329 658 b
1 2 4 8 16 32 40 80 160 168 328 329 658 b
1 2 4 8 16 32 40 80 160 168 328 330 658 b
1 2 4 8 16 32 40 80 160 168 328 656 658 b
1 2 4 8 16 32 40 80 160 320 321 329 658 b
1 2 4 8 16 32 40 80 160 320 321 337 658 b
1 2 4 8 16 32 40 80 160 320 321 642 658 b
1 2 4 8 16 32 40 80 160 320 322 336 658 a
1 2 4 8 16 32 40 80 160 320 322 338 658 b
1 2 4 8 16 32 40 80 160 320 322 642 658 b
1 2 4 8 16 32 40 80 160 320 328 329 658 b
1 2 4 8 16 32 40 80 160 320 328 330 658 b
1 2 4 8 16 32 40 80 160 320 328 656 658 b
1 2 4 8 16 32 40 80 160 320 336 338 658 b
1 2 4 8 16 32 40 80 160 320 336 656 658 b
1 2 4 8 16 32 40 80 160 320 640 642 658 b
1 2 4 8 16 32 40 80 160 320 640 656 658 b
1 2 4 8 16 32 48 50 82 164 165 329 658 b
1 2 4 8 16 32 48 50 82 164 328 329 658 b
1 2 4 8 16 32 48 50 82 164 328 330 658 b
1 2 4 8 16 32 48 50 82 164 328 656 658 b
1 2 4 8 16 32 48 80 82 164 165 329 658 b
1 2 4 8 16 32 48 80 82 164 328 329 658 b
1 2 4 8 16 32 48 80 82 164 328 330 658 b
1 2 4 8 16 32 48 80 82 164 328 656 658 b
1 2 4 8 16 32 48 80 84 164 165 329 658 b
1 2 4 8 16 32 48 80 84 164 328 329 658 b
1 2 4 8 16 32 48 80 84 164 328 330 658 b
1 2 4 8 16 32 48 80 84 164 328 656 658 b
1 2 4 8 16 32 48 80 160 161 168 329 658 a
1 2 4 8 16 32 48 80 160 161 169 329 658 b
1 2 4 8 16 32 48 80 160 161 321 329 658 b
1 2 4 8 16 32 48 80 160 161 321 337 658 b
1 2 4 8 16 32 48 80 160 161 321 642 658 b
1 2 4 8 16 32 48 80 160 164 165 329 658 b
1 2 4 8 16 32 48 80 160 164 328 329 658 b
1 2 4 8 16 32 48 80 160 164 328 330 658 b
1 2 4 8 16 32 48 80 160 164 328 656 658 b
1 2 4 8 16 32 48 80 160 168 169 329 658 b
1 2 4 8 16 32 48 80 160 168 328 329 658 b
1 2 4 8 16 32 48 80 160 168 328 330 658 b
1 2 4 8 16 32 48 80 160 168 328 656 658 b
1 2 4 8 16 32 48 80 160 320 321 329 658 b
1 2 4 8 16 32 48 80 160 320 321 337 658 b
1 2 4 8 16 32 48 80 160 320 321 642 658 b
1 2 4 8 16 32 48 80 160 320 322 336 658 a
1 2 4 8 16 32 48 80 160 320 322 338 658 b
1 2 4 8 16 32 48 80 160 320 322 642 658 b
1 2 4 8 16 32 48 80 160 320 328 329 658 b
1 2 4 8 16 32 48 80 160 320 328 330 658 b
1 2 4 8 16 32 48 80 160 320 328 656 658 b
1 2 4 8 16 32 48 80 160 320 336 338 658 b
1 2 4 8 16 32 48 80 160 320 336 656 658 b
1 2 4 8 16 32 48 80 160 320 640 642 658 b
1 2 4 8 16 32 48 80 160 320 640 656 658 b
1 2 4 8 16 32 64 65 66 132 197 329 658 b
1 2 4 8 16 32 64 65 66 132 264 329 658 b
1 2 4 8 16 32 64 65 67 131 198 329 658 b
1 2 4 8 16 32 64 65 67 131 262 329 658 b
1 2 4 8 16 32 64 65 67 132 197 329 658 b
1 2 4 8 16 32 64 65 67 132 264 329 658 b
1 2 4 8 16 32 64 65 68 132 197 329 658 a
1 2 4 8 16 32 64 65 68 132 264 329 658 a
1 2 4 8 16 32 64 65 69 130 199 329 658 a
1 2 4 8 16 32 64 65 69 130 260 329 658 a
1 2 4 8 16 32 64 65 73 128 201 329 658 a
1 2 4 8 16 32 64 65 73 128 256 329 658 a
1 2 4 8 16 32 64 65 128 132 197 329 658 a
1 2 4 8 16 32 64 65 128 132 264 329 658 a
1 2 4 8 16 32 64 65 128 136 193 329 658 a
1 2 4 8 16 32 64 65 128 136 201 329 658 a
1 2 4 8 16 32 64 65 128 136 264 329 658 a
1 2 4 8 16 32 64 65 128 193 201 329 658 a
1 2 4 8 16 32 64 65 128 193 321 329 658 a
1 2 4 8 16 32 64 65 128 193 321 337 658 a
1 2 4 8 16 32 64 65 128 193 321 642 658 a
1 2 4 8 16 32 64 65 128 256 264 329 658 a
1 2 4 8 16 32 64 65 128 256 321 329 658 a
1 2 4 8 16 32 64 65 128 256 321 337 658 a
1 2 4 8 16 32 64 65 128 256 321 642 658 a
1 2 4 8 16 32 64 65 130 132 197 329 658 b
1 2 4 8 16 32 64 65 130 132 264 329 658 b
1 2 4 8 16 32 64 65 130 132 264 394 658 b
1 2 4 8 16 32 64 65 130 132 264 528 658 b
1 2 4 8 16 32 64 65 130 134 195 329 658 a
1 2 4 8 16 32 64 65 130 134 199 329 658 b
1 2 4 8 16 32 64 65 130 134 264 329 658 b
1 2 4 8 16 32 64 65 130 134 264 394 658 b
1 2 4 8 16 32 64 65 130 134 264 528 658 b
1 2 4 8 16 32 64 65 130 138 260 398 658 a
1 2 4 8 16 32 64 65 130 138 260 520 658 a
1 2 4 8 16 32 64 65 130 195 199 329 658 b
1 2 4 8 16 32 64 65 130 195 325 329 658 b
1 2 4 8 16 32 64 65 130 195 325 333 658 b
1 2 4 8 16 32 64 65 130 195 325 650 658 b
1 2 4 8 16 32 64 65 130 260 264 329 658 b
1 2 4 8 16 32 64 65 130 260 264 394 658 b
1 2 4 8 16 32 64 65 130 260 264 528 658 b
1 2 4 8 16 32 64 65 130 260 268 390 658 a
1 2 4 8 16 32 64 65 130 260 268 398 658 b
1 2 4 8 16 32 64 65 130 260 268 528 658 b
1 2 4 8 16 32 64 65 130 260 325 329 658 b
1 2 4 8 16 32 64 65 130 260 325 333 658 b
1 2 4 8 16 32 64 65 130 260 325 650 658 b
1 2 4 8 16 32 64 65 130 260 390 398 658 b
1 2 4 8 16 32 64 65 130 260 390 650 658 b
1 2 4 8 16 32 64 65 130 260 520 528 658 b
1 2 4 8 16 32 64 65 130 260 520 650 658 b
1 2 4 8 16 32 64 66 67 131 198 329 658 b
1 2 4 8 16 32 64 66 67 131 262 329 658 b
1 2 4 8 16 32 64 66 74 148 296 362 658 b
1 2 4 8 16 32 64 66 74 148 296 592 658 b
1 2 4 8 16 32 64 66 82 148 296 362 658 b
1 2 4 8 16 32 64 66 82 148 296 592 658 b
1 2 4 8 16 32 64 66 82 164 165 329 658 b
1 2 4 8 16 32 64 66 82 164 328 329 658 b
1 2 4 8 16 32 64 66 82 164 328 330 658 b
1 2 4 8 16 32 64 66 82 164 328 656 658 b
1 2 4 8 16 32 64 66 98 164 165 329 658 b
1 2 4 8 16 32 64 66 98 164 328 329 658 b
1 2 4 8 16 32 64 66 98 164 328 330 658 b
1 2 4 8 16 32 64 66 98 164 328 656 658 b
1 2 4 8 16 32 64 66 130 132 264 394 658 b
1 2 4 8 16 32 64 66 130 132 264 528 658 b
1 2 4 8 16 32 64 66 130 134 264 394 658 b
1 2 4 8 16 32 64 66 130 134 264 528 658 b
1 2 4 8 16 32 64 66 130 138 260 398 658 a
1 2 4 8 16 32 64 66 130 138 260 520 658 a
1 2 4 8 16 32 64 66 130 260 264 394 658 b
1 2 4 8 16 32 64 66 130 260 264 528 658 b
1 2 4 8 16 32 64 66 130 260 268 390 658 a
1 2 4 8 16 32 64 66 130 260 268 398 658 b
1 2 4 8 16 32 64 66 130 260 268 528 658 b
1 2 4 8 16 32 64 66 130 260 390 398 658 b
1 2 4 8 16 32 64 66 130 260 390 650 658 b
1 2 4 8 16 32 64 66 130 260 520 528 658 b
1 2 4 8 16 32 64 66 130 260 520 650 658 b
1 2 4 8 16 32 64 66 132 133 196 329 658 a
1 2 4 8 16 32 64 66 132 133 197 329 658 b
1 2 4 8 16 32 64 66 132 133 265 329 658 b
1 2 4 8 16 32 64 66 132 148 296 362 658 b
1 2 4 8 16 32 64 66 132 148 296 592 658 b
1 2 4 8 16 32 64 66 132 164 165 329 658 b
1 2 4 8 16 32 64 66 132 164 296 362 658 b
1 2 4 8 16 32 64 66 132 164 296 592 658 b
1 2 4 8 16 32 64 66 132 164 328 329 658 b
1 2 4 8 16 32 64 66 132 164 328 330 658 b
1 2 4 8 16 32 64 66 132 164 328 656 658 b
1 2 4 8 16 32 64 66 132 196 197 329 658 b
1 2 4 8 16 32 64 66 132 196 328 329 658 b
1 2 4 8 16 32 64 66 132 196 328 330 658 b
1 2 4 8 16 32 64 66 132 196 328 656 658 b
1 2 4 8 16 32 64 66 132 198 230 428 658 b
1 2 4 8 16 32 64 66 132 198 230 460 658 b
1 2 4 8 16 32 64 66 132 198 262 396 658 a
1 2 4 8 16 32 64 66 132 198 262 460 658 b
1 2 4 8 16 32 64 66 132 198 396 460 658 b
1 2 4 8 16 32 64 66 132 198 396 594 658 b
1 2 4 8 16 32 64 66 132 264 265 329 658 b
1 2 4 8 16 32 64 66 132 264 296 362 658 b
1 2 4 8 16 32 64 66 132 264 296 592 658 b
1 2 4 8 16 32 64 66 132 264 328 329 658 b
1 2 4 8 16 32 64 66 132 264 328 330 658 b
1 2 4 8 16 32 64 66 132 264 328 394 658 b
1 2 4 8 16 32 64 66 132 264 328 592 658 b
1 2 4 8 16 32 64 66 132 264 328 656 658 b
1 2 4 8 16 32 64 66 132 264 330 394 658 b
1 2 4 8 16 32 64 66 132 264 330 594 658 b
1 2 4 8 16 32 64 66 132 264 528 592 658 b
1 2 4 8 16 32 64 66 132 264 528 594 658 b
1 2 4 8 16 32 64 68 96 164 165 329 658 a
1 2 4 8 16 32 64 68 96 164 328 329 658 a
1 2 4 8 16 32 64 68 96 164 328 330 658 a
1 2 4 8 16 32 64 68 96 164 328 656 658 a
1 2 4 8 16 32 64 68 100 164 165 329 658 b
1 2 4 8 16 32 64 68 100 164 328 329 658 b
1 2 4 8 16 32 64 68 100 164 328 330 658 b
1 2 4 8 16 32 64 68 100 164 328 656 658 b
1 2 4 8 16 32 64 68 132 133 196 329 658 a
1 2 4 8 16 32 64 68 132 133 197 329 658 b
1 2 4 8 16 32 64 68 132 133 265 329 658 b
1 2 4 8 16 32 64 68 132 164 165 329 658 b
1 2 4 8 16 32 64 68 132 164 328 329 658 b
1 2 4 8 16 32 64 68 132 164 328 330 658 b
1 2 4 8 16 32 64 68 132 164 328 656 658 b
1 2 4 8 16 32 64 68 132 196 197 329 658 b
1 2 4 8 16 32 64 68 132 196 328 329 658 b
1 2 4 8 16 32 64 68 132 196 328 330 658 b
1 2 4 8 16 32 64 68 132 196 328 656 658 b
1 2 4 8 16 32 64 68 132 264 265 329 658 b
1 2 4 8 16 32 64 68 132 264 328 329 658 b
1 2 4 8 16 32 64 68 132 264 328 330 658 b
1 2 4 8 16 32 64 68 132 264 328 656 658 b
1 2 4 8 16 32 64 72 73 128 201 329 658 a
1 2 4 8 16 32 64 72 73 128 256 329 658 a
1 2 4 8 16 32 64 72 74 146 292 366 658 b
1 2 4 8 16 32 64 72 74 146 292 584 658 b
1 2 4 8 16 32 64 72 128 129 200 329 658 a
1 2 4 8 16 32 64 72 128 129 201 329 658 a
1 2 4 8 16 32 64 72 128 129 257 329 658 a
1 2 4 8 16 32 64 72 128 200 201 329 658 a
1 2 4 8 16 32 64 72 128 200 328 329 658 a
1 2 4 8 16 32 64 72 128 200 328 330 658 a
1 2 4 8 16 32 64 72 128 200 328 656 658 a
1 2 4 8 16 32 64 72 128 256 257 329 658 a
1 2 4 8 16 32 64 72 128 256 328 329 658 a
1 2 4 8 16 32 64 72 128 256 328 330 658 a
1 2 4 8 16 32 64 72 128 256 328 656 658 a
1 2 4 8 16 32 64 80 82 144 288 370 658 a
1 2 4 8 16 32 64 80 82 144 288 576 658 a
1 2 4 8 16 32 64 80 82 164 165 329 658 b
1 2 4 8 16 32 64 80 82 164 328 329 658 b
1 2 4 8 16 32 64 80 82 164 328 330 658 b
1 2 4 8 16 32 64 80 82 164 328 656 658 b
1 2 4 8 16 32 64 80 84 164 165 329 658 b
1 2 4 8 16 32 64 80 84 164 328 329 658 b
1 2 4 8 16 32 64 80 84 164 328 330 658 b
1 2 4 8 16 32 64 80 84 164 328 656 658 b
1 2 4 8 16 32 64 80 144 145 289 369 658 b
1 2 4 8 16 32 64 80 144 145 289 578 658 b
1 2 4 8 16 32 64 80 144 288 289 369 658 b
1 2 4 8 16 32 64 80 144 288 289 578 658 b
1 2 4 8 16 32 64 80 144 288 290 368 658 a
1 2 4 8 16 32 64 80 144 288 290 370 658 b
1 2 4 8 16 32 64 80 144 288 290 578 658 b
1 2 4 8 16 32 64 80 144 288 368 370 658 b
1 2 4 8 16 32 64 80 144 288 368 656 658 b
1 2 4 8 16 32 64 80 144 288 576 578 658 b
1 2 4 8 16 32 64 80 144 288 576 656 658 b
1 2 4 8 16 32 64 80 160 161 168 329 658 a
1 2 4 8 16 32 64 80 160 161 169 329 658 b
1 2 4 8 16 32 64 80 160 161 321 329 658 b
1 2 4 8 16 32 64 80 160 161 321 337 658 b
1 2 4 8 16 32 64 80 160 161 321 642 658 b
1 2 4 8 16 32 64 80 160 164 165 329 658 b
1 2 4 8 16 32 64 80 160 164 328 329 658 b
1 2 4 8 16 32 64 80 160 164 328 330 658 b
1 2 4 8 16 32 64 80 160 164 328 656 658 b
1 2 4 8 16 32 64 80 160 168 169 329 658 b
1 2 4 8 16 32 64 80 160 168 328 329 658 b
1 2 4 8 16 32 64 80 160 168 328 330 658 b
1 2 4 8 16 32 64 80 160 168 328 656 658 b
1 2 4 8 16 32 64 80 160 320 321 329 658 b
1 2 4 8 16 32 64 80 160 320 321 337 658 b
1 2 4 8 16 32 64 80 160 320 321 642 658 b
1 2 4 8 16 32 64 80 160 320 322 336 658 a
1 2 4 8 16 32 64 80 160 320 322 338 658 b
1 2 4 8 16 32 64 80 160 320 322 642 658 b
1 2 4 8 16 32 64 80 160 320 328 329 658 b
1 2 4 8 16 32 64 80 160 320 328 330 658 b
1 2 4 8 16 32 64 80 160 320 328 656 658 b
1 2 4 8 16 32 64 80 160 320 336 338 658 b
1 2 4 8 16 32 64 80 160 320 336 656 658 b
1 2 4 8 16 32 64 80 160 320 640 642 658 b
1 2 4 8 16 32 64 80 160 320 640 656 658 b
1 2 4 8 16 32 64 96 100 164 165 329 658 b
1 2 4 8 16 32 64 96 100 164 328 329 658 b
1 2 4 8 16 32 64 96 100 164 328 330 658 b
1 2 4 8 16 32 64 96 100 164 328 656 658 b
1 2 4 8 16 32 64 96 160 161 168 329 658 a
1 2 4 8 16 32 64 96 160 161 169 329 658 b
1 2 4 8 16 32 64 96 160 161 321 329 658 b
1 2 4 8 16 32 64 96 160 161 321 337 658 b
1 2 4 8 16 32 64 96 160 161 321 642 658 b
1 2 4 8 16 32 64 96 160 164 165 329 658 b
1 2 4 8 16 32 64 96 160 164 328 329 658 b
1 2 4 8 16 32 64 96 160 164 328 330 658 b
1 2 4 8 16 32 64 96 160 164 328 656 658 b
1 2 4 8 16 32 64 96 160 168 169 329 658 b
1 2 4 8 16 32 64 96 160 168 328 329 658 b
1 2 4 8 16 32 64 96 160 168 328 330 658 b
1 2 4 8 16 32 64 96 160 168 328 656 658 b
1 2 4 8 16 32 64 96 160 320 321 329 658 b
1 2 4 8 16 32 64 96 160 320 321 337 658 b
1 2 4 8 16 32 64 96 160 320 321 642 658 b
1 2 4 8 16 32 64 96 160 320 322 336 658 a
1 2 4 8 16 32 64 96 160 320 322 338 658 b
1 2 4 8 16 32 64 96 160 320 322 642 658 b
1 2 4 8 16 32 64 96 160 320 328 329 658 b
1 2 4 8 16 32 64 96 160 320 328 330 658 b
1 2 4 8 16 32 64 96 160 320 328 656 658 b
1 2 4 8 16 32 64 96 160 320 336 338 658 b
1 2 4 8 16 32 64 96 160 320 336 656 658 b
1 2 4 8 16 32 64 96 160 320 640 642 658 b
1 2 4 8 16 32 64 96 160 320 640 656 658 b
1 2 4 8 16 32 64 128 129 136 193 329 658 a
1 2 4 8 16 32 64 128 129 136 200 329 658 a
1 2 4 8 16 32 64 128 129 136 265 329 658 a
1 2 4 8 16 32 64 128 129 136 265 393 658 a
1 2 4 8 16 32 64 128 129 136 265 530 658 a
1 2 4 8 16 32 64 128 129 137 192 329 658 a
1 2 4 8 16 32 64 128 129 137 201 329 658 b
1 2 4 8 16 32 64 128 129 137 265 329 658 b
1 2 4 8 16 32 64 128 129 137 265 393 658 b
1 2 4 8 16 32 64 128 129 137 265 530 658 b
1 2 4 8 16 32 64 128 129 144 257 401 658 a
1 2 4 8 16 32 64 128 129 144 257 514 658 a
1 2 4 8 16 32 64 128 129 192 200 329 658 a
1 2 4 8 16 32 64 128 129 192 321 329 658 a
1 2 4 8 16 32 64 128 129 192 321 337 658 a
1 2 4 8 16 32 64 128 129 192 321 642 658 a
1 2 4 8 16 32 64 128 129 193 201 329 658 b
1 2 4 8 16 32 64 128 129 193 321 329 658 b
1 2 4 8 16 32 64 128 129 193 321 337 658 b
1 2 4 8 16 32 64 128 129 193 321 642 658 b
1 2 4 8 16 32 64 128 129 257 265 329 658 b
1 2 4 8 16 32 64 128 129 257 265 393 658 b
1 2 4 8 16 32 64 128 129 257 265 530 658 b
1 2 4 8 16 32 64 128 129 257 273 385 658 a
1 2 4 8 16 32 64 128 129 257 273 401 658 b
1 2 4 8 16 32 64 128 129 257 273 530 658 b
1 2 4 8 16 32 64 128 129 257 321 329 658 b
1 2 4 8 16 32 64 128 129 257 321 337 658 b
1 2 4 8 16 32 64 128 129 257 321 642 658 b
1 2 4 8 16 32 64 128 129 257 385 401 658 b
1 2 4 8 16 32 64 128 129 257 385 642 658 b
1 2 4 8 16 32 64 128 129 257 514 530 658 b
1 2 4 8 16 32 64 128 129 257 514 642 658 b
1 2 4 8 16 32 64 128 130 132 264 394 658 b
1 2 4 8 16 32 64 128 130 132 264 528 658 b
1 2 4 8 16 32 64 128 130 134 262 396 658 b
1 2 4 8 16 32 64 128 130 134 262 524 658 b
1 2 4 8 16 32 64 128 130 134 264 394 658 b
1 2 4 8 16 32 64 128 130 134 264 528 658 b
1 2 4 8 16 32 64 128 130 136 264 394 658 a
1 2 4 8 16 32 64 128 130 136 264 528 658 a
1 2 4 8 16 32 64 128 130 138 260 398 658 a
1 2 4 8 16 32 64 128 130 138 260 520 658 a
1 2 4 8 16 32 64 128 130 146 256 402 658 a
1 2 4 8 16 32 64 128 130 146 256 512 658 a
1 2 4 8 16 32 64 128 130 256 264 394 658 a
1 2 4 8 16 32 64 128 130 256 264 528 658 a
1 2 4 8 16 32 64 128 130 256 272 386 658 a
1 2 4 8 16 32 64 128 130 256 272 402 658 a
1 2 4 8 16 32 64 128 130 256 272 528 658 a
1 2 4 8 16 32 64 128 130 256 386 402 658 a
1 2 4 8 16 32 64 128 130 256 386 642 658 a
1 2 4 8 16 32 64 128 130 256 512 528 658 a
1 2 4 8 16 32 64 128 130 256 512 642 658 a
1 2 4 8 16 32 64 128 130 260 264 394 658 b
1 2 4 8 16 32 64 128 130 260 264 528 658 b
1 2 4 8 16 32 64 128 130 260 268 390 658 a
1 2 4 8 16 32 64 128 130 260 268 398 658 b
1 2 4 8 16 32 64 128 130 260 268 528 658 b
1 2 4 8 16 32 64 128 130 260 390 398 658 b
1 2 4 8 16 32 64 128 130 260 390 650 658 b
1 2 4 8 16 32 64 128 130 260 520 528 658 b
1 2 4 8 16 32 64 128 130 260 520 650 658 b
1 2 4 8 16 32 64 128 132 133 196 329 658 a
1 2 4 8 16 32 64 128 132 133 197 329 658 b
1 2 4 8 16 32 64 128 132 133 265 329 658 b
1 2 4 8 16 32 64 128 132 133 265 393 658 b
1 2 4 8 16 32 64 128 132 133 265 530 658 b
1 2 4 8 16 32 64 128 132 134 262 396 658 b
1 2 4 8 16 32 64 128 132 134 262 524 658 b
1 2 4 8 16 32 64 128 132 164 165 329 658 b
1 2 4 8 16 32 64 128 132 164 328 329 658 b
1 2 4 8 16 32 64 128 132 164 328 330 658 b
1 2 4 8 16 32 64 128 132 164 328 656 658 b
1 2 4 8 16 32 64 128 132 196 197 329 658 b
1 2 4 8 16 32 64 128 132 196 328 329 658 b
1 2 4 8 16 32 64 128 132 196 328 330 658 b
1 2 4 8 16 32 64 128 132 196 328 656 658 b
1 2 4 8 16 32 64 128 132 264 265 329 658 b
1 2 4 8 16 32 64 128 132 264 265 393 658 b
1 2 4 8 16 32 64 128 132 264 265 530 658 b
1 2 4 8 16 32 64 128 132 264 266 392 658 a
1 2 4 8 16 32 64 128 132 264 266 394 658 b
1 2 4 8 16 32 64 128 132 264 266 530 658 b
1 2 4 8 16 32 64 128 132 264 328 329 658 b
1 2 4 8 16 32 64 128 132 264 328 330 658 b
1 2 4 8 16 32 64 128 132 264 328 656 658 b
1 2 4 8 16 32 64 128 132 264 392 394 658 b
1 2 4 8 16 32 64 128 132 264 392 656 658 b
1 2 4 8 16 32 64 128 132 264 528 530 658 b
1 2 4 8 16 32 64 128 132 264 528 656 658 b
1 2 4 8 16 32 64 128 136 137 192 329 658 a
1 2 4 8 16 32 64 128 136 137 201 329 658 b
1 2 4 8 16 32 64 128 136 137 265 329 658 b
1 2 4 8 16 32 64 128 136 137 265 393 658 b
1 2 4 8 16 32 64 128 136 137 265 530 658 b
1 2 4 8 16 32 64 128 136 192 193 329 658 a
1 2 4 8 16 32 64 128 136 192 328 329 658 a
1 2 4 8 16 32 64 128 136 192 328 330 658 a
1 2 4 8 16 32 64 128 136 192 328 656 658 a
1 2 4 8 16 32 64 128 136 200 201 329 658 b
1 2 4 8 16 32 64 128 136 200 328 329 658 b
1 2 4 8 16 32 64 128 136 200 328 330 658 b
1 2 4 8 16 32 64 128 136 200 328 656 658 b
1 2 4 8 16 32 64 128 136 264 265 329 658 b
1 2 4 8 16 32 64 128 136 264 265 393 658 b
1 2 4 8 16 32 64 128 136 264 265 530 658 b
1 2 4 8 16 32 64 128 136 264 266 392 658 a
1 2 4 8 16 32 64 128 136 264 266 394 658 b
1 2 4 8 16 32 64 128 136 264 266 530 658 b
1 2 4 8 16 32 64 128 136 264 328 329 658 b
1 2 4 8 16 32 64 128 136 264 328 330 658 b
1 2 4 8 16 32 64 128 136 264 328 656 658 b
1 2 4 8 16 32 64 128 136 264 392 394 658 b
1 2 4 8 16 32 64 128 136 264 392 656 658 b
1 2 4 8 16 32 64 128 136 264 528 530 658 b
1 2 4 8 16 32 64 128 136 264 528 656 658 b
1 2 4 8 16 32 64 128 144 146 256 402 658 a
1 2 4 8 16 32 64 128 144 146 256 512 658 a
1 2 4 8 16 32 64 128 144 256 257 401 658 a
1 2 4 8 16 32 64 128 144 256 257 514 658 a
1 2 4 8 16 32 64 128 144 256 258 400 658 a
1 2 4 8 16 32 64 128 144 256 258 402 658 a
1 2 4 8 16 32 64 128 144 256 258 514 658 a
1 2 4 8 16 32 64 128 144 256 400 402 658 a
1 2 4 8 16 32 64 128 144 256 400 656 658 a
1 2 4 8 16 32 64 128 144 256 512 514 658 a
1 2 4 8 16 32 64 128 144 256 512 656 658 a
1 2 4 8 16 32 64 128 160 161 168 329 658 a
1 2 4 8 16 32 64 128 160 161 169 329 658 b
1 2 4 8 16 32 64 128 160 161 321 329 658 b
1 2 4 8 16 32 64 128 160 161 321 337 658 b
1 2 4 8 16 32 64 128 160 161 321 642 658 b
1 2 4 8 16 32 64 128 160 164 165 329 658 b
1 2 4 8 16 32 64 128 160 164 328 329 658 b
1 2 4 8 16 32 64 128 160 164 328 330 658 b
1 2 4 8 16 32 64 128 160 164 328 656 658 b
1 2 4 8 16 32 64 128 160 168 169 329 658 b
1 2 4 8 16 32 64 128 160 168 328 329 658 b
1 2 4 8 16 32 64 128 160 168 328 330 658 b
1 2 4 8 16 32 64 128 160 168 328 656 658 b
1 2 4 8 16 32 64 128 160 320 321 329 658 b
1 2 4 8 16 32 64 128 160 320 321 337 658 b
1 2 4 8 16 32 64 128 160 320 321 642 658 b
1 2 4 8 16 32 64 128 160 320 322 336 658 a
1 2 4 8 16 32 64 128 160 320 322 338 658 b
1 2 4 8 16 32 64 128 160 320 322 642 658 b
1 2 4 8 16 32 64 128 160 320 328 329 658 b
1 2 4 8 16 32 64 128 160 320 328 330 658 b
1 2 4 8 16 32 64 128 160 320 328 656 658 b
1 2 4 8 16 32 64 128 160 320 336 338 658 b
1 2 4 8 16 32 64 128 160 320 336 656 658 b
1 2 4 8 16 32 64 128 160 320 640 642 658 b
1 2 4 8 16 32 64 128 160 320 640 656 658 b
1 2 4 8 16 32 64 128 192 193 201 329 658 b
1 2 4 8 16 32 64 128 192 193 321 329 658 b
1 2 4 8 16 32 64 128 192 193 321 337 658 b
1 2 4 8 16 32 64 128 192 193 321 642 658 b
1 2 4 8 16 32 64 128 192 200 201 329 658 b
1 2 4 8 16 32 64 128 192 200 328 329 658 b
1 2 4 8 16 32 64 128 192 200 328 330 658 b
1 2 4 8 16 32 64 128 192 200 328 656 658 b
1 2 4 8 16 32 64 128 192 320 321 329 658 b
1 2 4 8 16 32 64 128 192 320 321 337 658 b
1 2 4 8 16 32 64 128 192 320 321 642 658 b
1 2 4 8 16 32 64 128 192 320 322 336 658 a
1 2 4 8 16 32 64 128 192 320 322 338 658 b
1 2 4 8 16 32 64 128 192 320 322 642 658 b
1 2 4 8 16 32 64 128 192 320 328 329 658 b
1 2 4 8 16 32 64 128 192 320 328 330 658 b
1 2 4 8 16 32 64 128 192 320 328 656 658 b
1 2 4 8 16 32 64 128 192 320 336 338 658 b
1 2 4 8 16 32 64 128 192 320 336 656 658 b
1 2 4 8 16 32 64 128 192 320 640 642 658 b
1 2 4 8 16 32 64 128 192 320 640 656 658 b
1 2 4 8 16 32 64 128 256 257 265 329 658 b
1 2 4 8 16 32 64 128 256 257 265 393 658 b
1 2 4 8 16 32 64 128 256 257 265 530 658 b
1 2 4 8 16 32 64 128 256 257 273 385 658 a
1 2 4 8 16 32 64 128 256 257 273 401 658 b
1 2 4 8 16 32 64 128 256 257 273 530 658 b
1 2 4 8 16 32 64 128 256 257 321 329 658 b
1 2 4 8 16 32 64 128 256 257 321 337 658 b
1 2 4 8 16 32 64 128 256 257 321 642 658 b
1 2 4 8 16 32 64 128 256 257 385 401 658 b
1 2 4 8 16 32 64 128 256 257 385 642 658 b
1 2 4 8 16 32 64 128 256 257 514 530 658 b
1 2 4 8 16 32 64 128 256 257 514 642 658 b
1 2 4 8 16 32 64 128 256 258 272 386 658 a
1 2 4 8 16 32 64 128 256 258 272 400 658 a
1 2 4 8 16 32 64 128 256 258 272 530 658 a
1 2 4 8 16 32 64 128 256 258 274 384 658 a
1 2 4 8 16 32 64 128 256 258 274 402 658 b
1 2 4 8 16 32 64 128 256 258 274 530 658 b
1 2 4 8 16 32 64 128 256 258 384 400 658 a
1 2 4 8 16 32 64 128 256 258 384 642 658 a
1 2 4 8 16 32 64 128 256 258 386 402 658 b
1 2 4 8 16 32 64 128 256 258 386 642 658 b
1 2 4 8 16 32 64 128 256 258 514 530 658 b
1 2 4 8 16 32 64 128 256 258 514 642 658 b
1 2 4 8 16 32 64 128 256 264 265 329 658 b
1 2 4 8 16 32 64 128 256 264 265 393 658 b
1 2 4 8 16 32 64 128 256 264 265 530 658 b
1 2 4 8 16 32 64 128 256 264 266 392 658 a
1 2 4 8 16 32 64 128 256 264 266 394 658 b
1 2 4 8 16 32 64 128 256 264 266 530 658 b
1 2 4 8 16 32 64 128 256 264 328 329 658 b
1 2 4 8 16 32 64 128 256 264 328 330 658 b
1 2 4 8 16 32 64 128 256 264 328 656 658 b
1 2 4 8 16 32 64 128 256 264 392 394 658 b
1 2 4 8 16 32 64 128 256 264 392 656 658 b
1 2 4 8 16 32 64 128 256 264 528 530 658 b
1 2 4 8 16 32 64 128 256 264 528 656 658 b
1 2 4 8 16 32 64 128 256 272 274 384 658 a
1 2 4 8 16 32 64 128 256 272 274 402 658 b
1 2 4 8 16 32 64 128 256 272 274 530 658 b
1 2 4 8 16 32 64 128 256 272 384 386 658 a
1 2 4 8 16 32 64 128 256 272 384 656 658 a
1 2 4 8 16 32 64 128 256 272 400 402 658 b
1 2 4 8 16 32 64 128 256 272 400 656 658 b
1 2 4 8 16 32 64 128 256 272 528 530 658 b
1 2 4 8 16 32 64 128 256 272 528 656 658 b
1 2 4 8 16 32 64 128 256 320 321 329 658 b
1 2 4 8 16 32 64 128 256 320 321 337 658 b
1 2 4 8 16 32 64 128 256 320 321 642 658 b
1 2 4 8 16 32 64 128 256 320 322 336 658 a
1 2 4 8 16 32 64 128 256 320 322 338 658 b
1 2 4 8 16 32 64 128 256 320 322 642 658 b
1 2 4 8 16 32 64 128 256 320 328 329 658 b
1 2 4 8 16 32 64 128 256 320 328 330 658 b
1 2 4 8 16 32 64 128 256 320 328 656 658 b
1 2 4 8 16 32 64 128 256 320 336 338 658 b
1 2 4 8 16 32 64 128 256 320 336 656 658 b
1 2 4 8 16 32 64 128 256 320 640 642 658 b
1 2 4 8 16 32 64 128 256 320 640 656 658 b
1 2 4 8 16 32 64 128 256 384 386 402 658 b
1 2 4 8 16 32 64 128 256 384 386 642 658 b
1 2 4 8 16 32 64 128 256 384 400 402 658 b
1 2 4 8 16 32 64 128 256 384 400 656 658 b
1 2 4 8 16 32 64 128 256 384 640 642 658 b
1 2 4 8 16 32 64 128 256 384 640 656 658 b
1 2 4 8 16 32 64 128 256 512 514 530 658 b
1 2 4 8 16 32 64 128 256 512 514 642 658 b
1 2 4 8 16 32 64 128 256 512 528 530 658 b
1 2 4 8 16 32 64 128 256 512 528 656 658 b
1 2 4 8 16 32 64 128 256 512 640 642 658 b
1 2 4 8 16 32 64 128 256 512 640 656 658 b
