1 2 3 5 8 13 26 39 78 156 312 624 b
1 2 3 5 8 13 26 52 78 156 312 624 b
1 2 3 5 8 13 26 52 104 156 312 624 b
1 2 3 5 8 13 26 52 104 208 312 624 b
1 2 3 5 8 13 26 52 104 208 416 624 b
1 2 3 5 10 13 26 39 78 156 312 624 b
1 2 3 5 10 13 26 52 78 156 312 624 b
1 2 3 5 10 13 26 52 104 156 312 624 b
1 2 3 5 10 13 26 52 104 208 312 624 b
1 2 3 5 10 13 26 52 104 208 416 624 b
1 2 3 6 7 13 26 39 78 156 312 624 b
1 2 3 6 7 13 26 52 78 156 312 624 b
1 2 3 6 7 13 26 52 104 156 312 624 b
1 2 3 6 7 13 26 52 104 208 312 624 b
1 2 3 6 7 13 26 52 104 208 416 624 b
1 2 3 6 9 15 24 39 78 156 312 624 b
1 2 3 6 9 15 30 39 78 156 312 624 b
1 2 3 6 9 18 21 39 78 156 312 624 b
1 2 3 6 9 18 36 39 78 156 312 624 b
1 2 3 6 9 18 36 42 78 156 312 624 b
1 2 3 6 9 18 36 72 78 156 312 624 b
1 2 3 6 12 13 26 39 78 156 312 624 b
1 2 3 6 12 13 26 52 78 156 312 624 b
1 2 3 6 12 13 26 52 104 156 312 624 b
1 2 3 6 12 13 26 52 104 208 312 624 b
1 2 3 6 12 13 26 52 104 208 416 624 b
1 2 3 6 12 14 26 52 78 156 312 624 b
1 2 3 6 12 14 26 52 104 156 312 624 b
1 2 3 6 12 14 26 52 104 208 312 624 b
1 2 3 6 12 14 26 52 104 208 416 624 b
1 2 3 6 12 15 24 39 78 156 312 624 a
1 2 3 6 12 15 27 39 78 156 312 624 b
1 2 3 6 12 18 21 39 78 156 312 624 b
1 2 3 6 12 18 30 48 78 156 312 624 b
1 2 3 6 12 18 30 60 78 156 312 624 b
1 2 3 6 12 18 36 39 78 156 312 624 b
1 2 3 6 12 18 36 42 78 156 312 624 b
1 2 3 6 12 18 36 72 78 156 312 624 b
1 2 3 6 12 18 36 72 84 156 312 624 b
1 2 3 6 12 18 36 72 144 156 312 624 b
1 2 3 6 12 24 26 52 78 156 312 624 b
1 2 3 6 12 24 26 52 104 156 312 624 b
1 2 3 6 12 24 26 52 104 208 312 624 b
1 2 3 6 12 24 26 52 104 208 416 624 b
1 2 3 6 12 24 27 39 78 156 312 624 b
1 2 3 6 12 24 27 51 78 156 312 624 b
1 2 3 6 12 24 27 54 78 156 312 624 b
1 2 3 6 12 24 30 48 78 156 312 624 a
1 2 3 6 12 24 30 54 78 156 312 624 b
1 2 3 6 12 24 36 39 78 156 312 624 b
1 2 3 6 12 24 36 42 78 156 312 624 b
1 2 3 6 12 24 36 60 96 156 312 624 b
1 2 3 6 12 24 36 60 120 156 312 624 b
1 2 3 6 12 24 36 72 78 156 312 624 b
1 2 3 6 12 24 36 72 84 156 312 624 b
1 2 3 6 12 24 36 72 144 156 312 624 b
1 2 3 6 12 24 36 72 144 168 312 624 b
1 2 3 6 12 24 36 72 144 288 312 624 b
1 2 3 6 12 24 48 54 78 156 312 624 b
1 2 3 6 12 24 48 54 102 156 312 624 b
1 2 3 6 12 24 48 54 108 156 312 624 b
1 2 3 6 12 24 48 60 96 156 312 624 a
1 2 3 6 12 24 48 60 108 156 312 624 b
1 2 3 6 12 24 48 72 78 156 312 624 b
1 2 3 6 12 24 48 72 84 156 312 624 b
1 2 3 6 12 24 48 72 120 192 312 624 b
1 2 3 6 12 24 48 72 120 240 312 624 b
1 2 3 6 12 24 48 72 144 156 312 624 b
1 2 3 6 12 24 48 72 144 168 312 624 b
1 2 3 6 12 24 48 72 144 288 312 624 b
1 2 3 6 12 24 48 72 144 288 336 624 b
1 2 3 6 12 24 48 72 144 288 576 624 b
1 2 3 6 12 24 48 96 108 156 312 624 b
1 2 3 6 12 24 48 96 108 204 312 624 b
1 2 3 6 12 24 48 96 108 216 312 624 b
1 2 3 6 12 24 48 96 120 192 312 624 a
1 2 3 6 12 24 48 96 120 216 312 624 b
1 2 3 6 12 24 48 96 144 156 312 624 b
1 2 3 6 12 24 48 96 144 168 312 624 b
1 2 3 6 12 24 48 96 144 240 384 624 b
1 2 3 6 12 24 48 96 144 240 480 624 b
1 2 3 6 12 24 48 96 144 288 312 624 b
1 2 3 6 12 24 48 96 144 288 336 624 b
1 2 3 6 12 24 48 96 144 288 576 624 b
1 2 3 6 12 24 48 96 192 216 312 624 b
1 2 3 6 12 24 48 96 192 216 408 624 b
1 2 3 6 12 24 48 96 192 216 432 624 b
1 2 3 6 12 24 48 96 192 240 384 624 a
1 2 3 6 12 24 48 96 192 240 432 624 b
1 2 3 6 12 24 48 96 192 288 312 624 b
1 2 3 6 12 24 48 96 192 288 336 624 b
1 2 3 6 12 24 48 96 192 288 576 624 b
1 2 3 6 12 24 48 96 192 384 432 624 b
1 2 3 6 12 24 48 96 192 384 576 624 b
1 2 4 5 8 13 26 39 78 156 312 624 a
1 2 4 5 8 13 26 52 78 156 312 624 a
1 2 4 5 8 13 26 52 104 156 312 624 a
1 2 4 5 8 13 26 52 104 208 312 624 a
1 2 4 5 8 13 26 52 104 208 416 624 a
1 2 4 5 9 13 26 39 78 156 312 624 b
1 2 4 5 9 13 26 52 78 156 312 624 b
1 2 4 5 9 13 26 52 104 156 312 624 b
1 2 4 5 9 13 26 52 104 208 312 624 b
1 2 4 5 9 13 26 52 104 208 416 624 b
1 2 4 6 7 13 26 39 78 156 312 624 b
1 2 4 6 7 13 26 52 78 156 312 624 b
1 2 4 6 7 13 26 52 104 156 312 624 b
1 2 4 6 7 13 26 52 104 208 312 624 b
1 2 4 6 7 13 26 52 104 208 416 624 b
1 2 4 6 10 16 26 52 78 156 312 624 b
1 2 4 6 10 16 26 52 104 156 312 624 b
1 2 4 6 10 16 26 52 104 208 312 624 b
1 2 4 6 10 16 26 52 104 208 416 624 b
1 2 4 6 10 20 26 52 78 156 312 624 b
1 2 4 6 10 20 26 52 104 156 312 624 b
1 2 4 6 10 20 26 52 104 208 312 624 b
1 2 4 6 10 20 26 52 104 208 416 624 b
1 2 4 6 12 13 26 39 78 156 312 624 b
1 2 4 6 12 13 26 52 78 156 312 624 b
1 2 4 6 12 13 26 52 104 156 312 624 b
1 2 4 6 12 13 26 52 104 208 312 624 b
1 2 4 6 12 13 26 52 104 208 416 624 b
1 2 4 6 12 14 26 52 78 156 312 624 b
1 2 4 6 12 14 26 52 104 156 312 624 b
1 2 4 6 12 14 26 52 104 208 312 624 b
1 2 4 6 12 14 26 52 104 208 416 624 b
1 2 4 6 12 18 30 48 78 156 312 624 b
1 2 4 6 12 18 30 60 78 156 312 624 b
1 2 4 6 12 18 36 42 78 156 312 624 b
1 2 4 6 12 18 36 72 78 156 312 624 b
1 2 4 6 12 18 36 72 84 156 312 624 b
1 2 4 6 12 18 36 72 144 156 312 624 b
1 2 4 6 12 24 26 52 78 156 312 624 b
1 2 4 6 12 24 26 52 104 156 312 624 b
1 2 4 6 12 24 26 52 104 208 312 624 b
1 2 4 6 12 24 26 52 104 208 416 624 b
1 2 4 6 12 24 28 52 104 156 312 624 b
1 2 4 6 12 24 28 52 104 208 312 624 b
1 2 4 6 12 24 28 52 104 208 416 624 b
1 2 4 6 12 24 30 48 78 156 312 624 a
1 2 4 6 12 24 30 54 78 156 312 624 b
1 2 4 6 12 24 36 42 78 156 312 624 b
1 2 4 6 12 24 36 60 96 156 312 624 b
1 2 4 6 12 24 36 60 120 156 312 624 b
1 2 4 6 12 24 36 72 78 156 312 624 b
1 2 4 6 12 24 36 72 84 156 312 624 b
1 2 4 6 12 24 36 72 144 156 312 624 b
1 2 4 6 12 24 36 72 144 168 312 624 b
1 2 4 6 12 24 36 72 144 288 312 624 b
1 2 4 6 12 24 48 52 104 156 312 624 b
1 2 4 6 12 24 48 52 104 208 312 624 b
1 2 4 6 12 24 48 52 104 208 416 624 b
1 2 4 6 12 24 48 54 78 156 312 624 b
1 2 4 6 12 24 48 54 102 156 312 624 b
1 2 4 6 12 24 48 54 108 156 312 624 b
1 2 4 6 12 24 48 60 96 156 312 624 a
1 2 4 6 12 24 48 60 108 156 312 624 b
1 2 4 6 12 24 48 72 78 156 312 624 b
1 2 4 6 12 24 48 72 84 156 312 624 b
1 2 4 6 12 24 48 72 120 192 312 624 b
1 2 4 6 12 24 48 72 120 240 312 624 b
1 2 4 6 12 24 48 72 144 156 312 624 b
1 2 4 6 12 24 48 72 144 168 312 624 b
1 2 4 6 12 24 48 72 144 288 312 624 b
1 2 4 6 12 24 48 72 144 288 336 624 b
1 2 4 6 12 24 48 72 144 288 576 624 b
1 2 4 6 12 24 48 96 108 156 312 624 b
1 2 4 6 12 24 48 96 108 204 312 624 b
1 2 4 6 12 24 48 96 108 216 312 624 b
1 2 4 6 12 24 48 96 120 192 312 624 a
1 2 4 6 12 24 48 96 120 216 312 624 b
1 2 4 6 12 24 48 96 144 156 312 624 b
1 2 4 6 12 24 48 96 144 168 312 624 b
1 2 4 6 12 24 48 96 144 240 384 624 b
1 2 4 6 12 24 48 96 144 240 480 624 b
1 2 4 6 12 24 48 96 144 288 312 624 b
1 2 4 6 12 24 48 96 144 288 336 624 b
1 2 4 6 12 24 48 96 144 288 576 624 b
1 2 4 6 12 24 48 96 192 216 312 624 b
1 2 4 6 12 24 48 96 192 216 408 624 b
1 2 4 6 12 24 48 96 192 216 432 624 b
1 2 4 6 12 24 48 96 192 240 384 624 a
1 2 4 6 12 24 48 96 192 240 432 624 b
1 2 4 6 12 24 48 96 192 288 312 624 b
1 2 4 6 12 24 48 96 192 288 336 624 b
1 2 4 6 12 24 48 96 192 288 576 624 b
1 2 4 6 12 24 48 96 192 384 432 624 b
1 2 4 6 12 24 48 96 192 384 576 624 b
1 2 4 8 9 13 26 39 78 156 312 624 b
1 2 4 8 9 13 26 52 78 156 312 624 b
1 2 4 8 9 13 26 52 104 156 312 624 b
1 2 4 8 9 13 26 52 104 208 312 624 b
1 2 4 8 9 13 26 52 104 208 416 624 b
1 2 4 8 9 17 26 52 78 156 312 624 b
1 2 4 8 9 17 26 52 104 156 312 624 b
1 2 4 8 9 17 26 52 104 208 312 624 b
1 2 4 8 9 17 26 52 104 208 416 624 b
1 2 4 8 9 18 26 52 78 156 312 624 b
1 2 4 8 9 18 26 52 104 156 312 624 b
1 2 4 8 9 18 26 52 104 208 312 624 b
1 2 4 8 9 18 26 52 104 208 416 624 b
1 2 4 8 10 16 26 52 78 156 312 624 a
1 2 4 8 10 16 26 52 104 156 312 624 a
1 2 4 8 10 16 26 52 104 208 312 624 a
1 2 4 8 10 16 26 52 104 208 416 624 a
1 2 4 8 10 18 26 52 78 156 312 624 b
1 2 4 8 10 18 26 52 104 156 312 624 b
1 2 4 8 10 18 26 52 104 208 312 624 b
1 2 4 8 10 18 26 52 104 208 416 624 b
1 2 4 8 12 13 26 39 78 156 312 624 b
1 2 4 8 12 13 26 52 78 156 312 624 b
1 2 4 8 12 13 26 52 104 156 312 624 b
1 2 4 8 12 13 26 52 104 208 312 624 b
1 2 4 8 12 13 26 52 104 208 416 624 b
1 2 4 8 12 14 26 52 78 156 312 624 b
1 2 4 8 12 14 26 52 104 156 312 624 b
1 2 4 8 12 14 26 52 104 208 312 624 b
1 2 4 8 12 14 26 52 104 208 416 624 b
1 2 4 8 12 20 32 52 104 156 312 624 b
1 2 4 8 12 20 32 52 104 208 312 624 b
1 2 4 8 12 20 32 52 104 208 416 624 b
1 2 4 8 12 20 40 52 104 156 312 624 b
1 2 4 8 12 20 40 52 104 208 312 624 b
1 2 4 8 12 20 40 52 104 208 416 624 b
1 2 4 8 12 24 26 52 78 156 312 624 b
1 2 4 8 12 24 26 52 104 156 312 624 b
1 2 4 8 12 24 26 52 104 208 312 624 b
1 2 4 8 12 24 26 52 104 208 416 624 b
1 2 4 8 12 24 28 52 104 156 312 624 b
1 2 4 8 12 24 28 52 104 208 312 624 b
1 2 4 8 12 24 28 52 104 208 416 624 b
1 2 4 8 12 24 36 60 96 156 312 624 b
1 2 4 8 12 24 36 60 120 156 312 624 b
1 2 4 8 12 24 36 72 84 156 312 624 b
1 2 4 8 12 24 36 72 144 156 312 624 b
1 2 4 8 12 24 36 72 144 168 312 624 b
1 2 4 8 12 24 36 72 144 288 312 624 b
1 2 4 8 12 24 48 52 104 156 312 624 b
1 2 4 8 12 24 48 52 104 208 312 624 b
1 2 4 8 12 24 48 52 104 208 416 624 b
1 2 4 8 12 24 48 56 104 208 312 624 b
1 2 4 8 12 24 48 56 104 208 416 624 b
1 2 4 8 12 24 48 60 96 156 312 624 a
1 2 4 8 12 24 48 60 108 156 312 624 b
1 2 4 8 12 24 48 72 84 156 312 624 b
1 2 4 8 12 24 48 72 120 192 312 624 b
1 2 4 8 12 24 48 72 120 240 312 624 b
1 2 4 8 12 24 48 72 144 156 312 624 b
1 2 4 8 12 24 48 72 144 168 312 624 b
1 2 4 8 12 24 48 72 144 288 312 624 b
1 2 4 8 12 24 48 72 144 288 336 624 b
1 2 4 8 12 24 48 72 144 288 576 624 b
1 2 4 8 12 24 48 96 104 208 312 624 b
1 2 4 8 12 24 48 96 104 208 416 624 b
1 2 4 8 12 24 48 96 108 156 312 624 b
1 2 4 8 12 24 48 96 108 204 312 624 b
1 2 4 8 12 24 48 96 108 216 312 624 b
1 2 4 8 12 24 48 96 120 192 312 624 a
1 2 4 8 12 24 48 96 120 216 312 624 b
1 2 4 8 12 24 48 96 144 156 312 624 b
1 2 4 8 12 24 48 96 144 168 312 624 b
1 2 4 8 12 24 48 96 144 240 384 624 b
1 2 4 8 12 24 48 96 144 240 480 624 b
1 2 4 8 12 24 48 96 144 288 312 624 b
1 2 4 8 12 24 48 96 144 288 336 624 b
1 2 4 8 12 24 48 96 144 288 576 624 b
1 2 4 8 12 24 48 96 192 216 312 624 b
1 2 4 8 12 24 48 96 192 216 408 624 b
1 2 4 8 12 24 48 96 192 216 432 624 b
1 2 4 8 12 24 48 96 192 240 384 624 a
1 2 4 8 12 24 48 96 192 240 432 624 b
1 2 4 8 12 24 48 96 192 288 312 624 b
1 2 4 8 12 24 48 96 192 288 336 624 b
1 2 4 8 12 24 48 96 192 288 576 624 b
1 2 4 8 12 24 48 96 192 384 432 624 b
1 2 4 8 12 24 48 96 192 384 576 624 b
1 2 4 8 16 18 26 52 78 156 312 624 b
1 2 4 8 16 18 26 52 104 156 312 624 b
1 2 4 8 16 18 26 52 104 208 312 624 b
1 2 4 8 16 18 26 52 104 208 416 624 b
1 2 4 8 16 18 34 52 104 156 312 624 b
1 2 4 8 16 18 34 52 104 208 312 624 b
1 2 4 8 16 18 34 52 104 208 416 624 b
1 2 4 8 16 18 36 52 104 156 312 624 b
1 2 4 8 16 18 36 52 104 208 312 624 b
1 2 4 8 16 18 36 52 104 208 416 624 b
1 2 4 8 16 20 32 52 104 156 312 624 a
1 2 4 8 16 20 32 52 104 208 312 624 a
1 2 4 8 16 20 32 52 104 208 416 624 a
1 2 4 8 16 20 36 52 104 156 312 624 b
1 2 4 8 16 20 36 52 104 208 312 624 b
1 2 4 8 16 20 36 52 104 208 416 624 b
1 2 4 8 16 24 26 52 78 156 312 624 b
1 2 4 8 16 24 26 52 104 156 312 624 b
1 2 4 8 16 24 26 52 104 208 312 624 b
1 2 4 8 16 24 26 52 104 208 416 624 b
1 2 4 8 16 24 28 52 104 156 312 624 b
1 2 4 8 16 24 28 52 104 208 312 624 b
1 2 4 8 16 24 28 52 104 208 416 624 b
1 2 4 8 16 24 40 64 104 208 312 624 b
1 2 4 8 16 24 40 64 104 208 416 624 b
1 2 4 8 16 24 40 80 104 208 312 624 b
1 2 4 8 16 24 40 80 104 208 416 624 b
1 2 4 8 16 24 48 52 104 156 312 624 b
1 2 4 8 16 24 48 52 104 208 312 624 b
1 2 4 8 16 24 48 52 104 208 416 624 b
1 2 4 8 16 24 48 56 104 208 312 624 b
1 2 4 8 16 24 48 56 104 208 416 624 b
1 2 4 8 16 24 48 72 120 192 312 624 b
1 2 4 8 16 24 48 72 120 240 312 624 b
1 2 4 8 16 24 48 72 144 168 312 624 b
1 2 4 8 16 24 48 72 144 288 312 624 b
1 2 4 8 16 24 48 72 144 288 336 624 b
1 2 4 8 16 24 48 72 144 288 576 624 b
1 2 4 8 16 24 48 96 104 208 312 624 b
1 2 4 8 16 24 48 96 104 208 416 624 b
1 2 4 8 16 24 48 96 112 208 416 624 b
1 2 4 8 16 24 48 96 120 192 312 624 a
1 2 4 8 16 24 48 96 120 216 312 624 b
1 2 4 8 16 24 48 96 144 168 312 624 b
1 2 4 8 16 24 48 96 144 240 384 624 b
1 2 4 8 16 24 48 96 144 240 480 624 b
1 2 4 8 16 24 48 96 144 288 312 624 b
1 2 4 8 16 24 48 96 144 288 336 624 b
1 2 4 8 16 24 48 96 144 288 576 624 b
1 2 4 8 16 24 48 96 192 208 416 624 b
1 2 4 8 16 24 48 96 192 216 312 624 b
1 2 4 8 16 24 48 96 192 216 408 624 b
1 2 4 8 16 24 48 96 192 216 432 624 b
1 2 4 8 16 24 48 96 192 240 384 624 a
1 2 4 8 16 24 48 96 192 240 432 624 b
1 2 4 8 16 24 48 96 192 288 312 624 b
1 2 4 8 16 24 48 96 192 288 336 624 b
1 2 4 8 16 24 48 96 192 288 576 624 b
1 2 4 8 16 24 48 96 192 384 432 624 b
1 2 4 8 16 24 48 96 192 384 576 624 b
1 2 4 8 16 32 36 52 104 156 312 624 b
1 2 4 8 16 32 36 52 104 208 312 624 b
1 2 4 8 16 32 36 52 104 208 416 624 b
1 2 4 8 16 32 36 68 104 208 312 624 b
1 2 4 8 16 32 36 68 104 208 416 624 b
1 2 4 8 16 32 36 72 104 208 312 624 b
1 2 4 8 16 32 36 72 104 208 416 624 b
1 2 4 8 16 32 40 64 104 208 312 624 a
1 2 4 8 16 32 40 64 104 208 416 624 a
1 2 4 8 16 32 40 72 104 208 312 624 b
1 2 4 8 16 32 40 72 104 208 416 624 b
1 2 4 8 16 32 48 52 104 156 312 624 b
1 2 4 8 16 32 48 52 104 208 312 624 b
1 2 4 8 16 32 48 52 104 208 416 624 b
1 2 4 8 16 32 48 56 104 208 312 624 b
1 2 4 8 16 32 48 56 104 208 416 624 b
1 2 4 8 16 32 48 80 128 208 416 624 b
1 2 4 8 16 32 48 80 160 208 416 624 b
1 2 4 8 16 32 48 96 104 208 312 624 b
1 2 4 8 16 32 48 96 104 208 416 624 b
1 2 4 8 16 32 48 96 112 208 416 624 b
1 2 4 8 16 32 48 96 144 240 384 624 b
1 2 4 8 16 32 48 96 144 240 480 624 b
1 2 4 8 16 32 48 96 144 288 336 624 b
1 2 4 8 16 32 48 96 144 288 576 624 b
1 2 4 8 16 32 48 96 192 208 416 624 b
1 2 4 8 16 32 48 96 192 240 384 624 a
1 2 4 8 16 32 48 96 192 240 432 624 b
1 2 4 8 16 32 48 96 192 288 336 624 b
1 2 4 8 16 32 48 96 192 288 576 624 b
1 2 4 8 16 32 48 96 192 384 432 624 b
1 2 4 8 16 32 48 96 192 384 576 624 b
1 2 4 8 16 32 64 72 104 208 312 624 b
1 2 4 8 16 32 64 72 104 208 416 624 b
1 2 4 8 16 32 64 72 136 208 416 624 b
1 2 4 8 16 32 64 72 144 208 416 624 b
1 2 4 8 16 32 64 80 128 208 416 624 a
1 2 4 8 16 32 64 80 144 208 416 624 b
1 2 4 8 16 32 64 96 104 208 312 624 b
1 2 4 8 16 32 64 96 104 208 416 624 b
1 2 4 8 16 32 64 96 112 208 416 624 b
1 2 4 8 16 32 64 96 192 208 416 624 b
1 2 4 8 16 32 64 128 144 208 416 624 b
1 2 4 8 16 32 64 128 192 208 416 624 b
