1 2 3 4 7 14 28 56 112 115 227 454 681 b
1 2 3 4 7 14 28 56 112 224 227 454 681 b
1 2 3 5 7 14 28 56 112 115 227 454 681 b
1 2 3 5 7 14 28 56 112 224 227 454 681 b
1 2 3 5 10 20 40 41 80 160 320 361 681 a
1 2 3 5 10 20 40 41 80 160 320 640 681 a
1 2 3 5 10 20 40 45 85 170 340 341 681 b
1 2 3 5 10 20 40 45 85 170 340 680 681 b
1 2 3 5 10 20 40 80 85 170 340 341 681 b
1 2 3 5 10 20 40 80 85 170 340 680 681 b
1 2 3 5 10 20 40 80 90 170 340 341 681 b
1 2 3 5 10 20 40 80 90 170 340 680 681 b
1 2 3 5 10 20 40 80 160 170 340 341 681 b
1 2 3 5 10 20 40 80 160 170 340 680 681 b
1 2 3 5 10 20 40 80 160 180 340 341 681 b
1 2 3 5 10 20 40 80 160 180 340 680 681 b
1 2 3 5 10 20 40 80 160 320 321 360 681 a
1 2 3 5 10 20 40 80 160 320 321 361 681 b
1 2 3 5 10 20 40 80 160 320 321 641 681 b
1 2 3 5 10 20 40 80 160 320 340 341 681 b
1 2 3 5 10 20 40 80 160 320 340 680 681 b
1 2 3 5 10 20 40 80 160 320 360 361 681 b
1 2 3 5 10 20 40 80 160 320 360 680 681 b
1 2 3 5 10 20 40 80 160 320 640 641 681 b
1 2 3 5 10 20 40 80 160 320 640 680 681 b
1 2 3 6 7 14 28 56 112 115 227 454 681 b
1 2 3 6 7 14 28 56 112 224 227 454 681 b
1 2 3 6 8 14 28 56 112 115 227 454 681 b
1 2 3 6 8 14 28 56 112 224 227 454 681 b
1 2 3 6 9 12 21 42 84 168 336 345 681 b
1 2 3 6 9 12 21 42 84 168 336 672 681 b
1 2 3 6 9 15 21 42 84 168 336 345 681 b
1 2 3 6 9 15 21 42 84 168 336 672 681 b
1 2 3 6 9 18 21 42 84 168 336 345 681 b
1 2 3 6 9 18 21 42 84 168 336 672 681 b
1 2 3 6 9 18 24 42 84 168 336 345 681 b
1 2 3 6 9 18 24 42 84 168 336 672 681 b
1 2 3 6 9 18 36 42 84 168 336 345 681 b
1 2 3 6 9 18 36 42 84 168 336 672 681 b
1 2 3 6 12 14 28 56 112 115 227 454 681 b
1 2 3 6 12 14 28 56 112 224 227 454 681 b
1 2 3 6 12 24 48 49 97 146 292 389 681 b
1 2 3 6 12 24 48 49 97 146 292 584 681 b
1 2 3 6 12 24 48 96 99 192 291 390 681 a
1 2 3 6 12 24 48 96 99 192 291 582 681 a
1 2 3 6 12 24 48 96 99 195 243 438 681 b
1 2 3 6 12 24 48 96 99 195 243 486 681 b
1 2 3 6 12 24 48 96 99 195 291 390 681 b
1 2 3 6 12 24 48 96 99 195 291 486 681 b
1 2 3 6 12 24 48 96 99 195 291 582 681 b
1 2 3 6 12 24 48 96 99 195 390 486 681 b
1 2 3 6 12 24 48 96 99 195 390 585 681 b
1 2 3 6 12 24 48 96 192 195 243 438 681 b
1 2 3 6 12 24 48 96 192 195 243 486 681 b
1 2 3 6 12 24 48 96 192 195 291 390 681 a
1 2 3 6 12 24 48 96 192 195 291 486 681 b
1 2 3 6 12 24 48 96 192 195 390 486 681 b
1 2 3 6 12 24 48 96 192 195 390 585 681 b
1 2 4 5 9 14 28 42 84 168 336 345 681 b
1 2 4 5 9 14 28 42 84 168 336 672 681 b
1 2 4 5 9 14 28 56 84 168 336 345 681 b
1 2 4 5 9 14 28 56 84 168 336 672 681 b
1 2 4 5 9 14 28 56 112 168 336 345 681 b
1 2 4 5 9 14 28 56 112 168 336 672 681 b
1 2 4 5 9 14 28 56 112 224 233 448 681 a
1 2 4 5 9 14 28 56 112 224 233 457 681 b
1 2 4 5 9 14 28 56 112 224 336 345 681 b
1 2 4 5 9 14 28 56 112 224 336 672 681 b
1 2 4 5 9 14 28 56 112 224 448 457 681 b
1 2 4 5 9 14 28 56 112 224 448 672 681 b
1 2 4 5 10 20 40 41 80 160 320 361 681 a
1 2 4 5 10 20 40 41 80 160 320 640 681 a
1 2 4 5 10 20 40 45 85 170 340 341 681 b
1 2 4 5 10 20 40 45 85 170 340 680 681 b
1 2 4 5 10 20 40 80 85 170 340 341 681 b
1 2 4 5 10 20 40 80 85 170 340 680 681 b
1 2 4 5 10 20 40 80 90 170 340 341 681 b
1 2 4 5 10 20 40 80 90 170 340 680 681 b
1 2 4 5 10 20 40 80 160 170 340 341 681 b
1 2 4 5 10 20 40 80 160 170 340 680 681 b
1 2 4 5 10 20 40 80 160 180 340 341 681 b
1 2 4 5 10 20 40 80 160 180 340 680 681 b
1 2 4 5 10 20 40 80 160 320 321 360 681 a
1 2 4 5 10 20 40 80 160 320 321 361 681 b
1 2 4 5 10 20 40 80 160 320 321 641 681 b
1 2 4 5 10 20 40 80 160 320 340 341 681 b
1 2 4 5 10 20 40 80 160 320 340 680 681 b
1 2 4 5 10 20 40 80 160 320 360 361 681 b
1 2 4 5 10 20 40 80 160 320 360 680 681 b
1 2 4 5 10 20 40 80 160 320 640 641 681 b
1 2 4 5 10 20 40 80 160 320 640 680 681 b
1 2 4 6 10 20 40 41 80 160 320 361 681 a
1 2 4 6 10 20 40 41 80 160 320 640 681 a
1 2 4 6 10 20 40 80 90 170 340 341 681 b
1 2 4 6 10 20 40 80 90 170 340 680 681 b
1 2 4 6 10 20 40 80 160 170 340 341 681 b
1 2 4 6 10 20 40 80 160 170 340 680 681 b
1 2 4 6 10 20 40 80 160 180 340 341 681 b
1 2 4 6 10 20 40 80 160 180 340 680 681 b
1 2 4 6 10 20 40 80 160 320 321 360 681 a
1 2 4 6 10 20 40 80 160 320 321 361 681 b
1 2 4 6 10 20 40 80 160 320 321 641 681 b
1 2 4 6 10 20 40 80 160 320 340 341 681 b
1 2 4 6 10 20 40 80 160 320 340 680 681 b
1 2 4 6 10 20 40 80 160 320 360 361 681 b
1 2 4 6 10 20 40 80 160 320 360 680 681 b
1 2 4 6 10 20 40 80 160 320 640 641 681 b
1 2 4 6 10 20 40 80 160 320 640 680 681 b
1 2 4 6 12 24 48 49 97 146 292 389 681 b
1 2 4 6 12 24 48 49 97 146 292 584 681 b
1 2 4 8 9 12 21 42 84 168 336 345 681 a
1 2 4 8 9 12 21 42 84 168 336 672 681 a
1 2 4 8 9 13 21 42 84 168 336 345 681 b
1 2 4 8 9 13 21 42 84 168 336 672 681 b
1 2 4 8 9 16 25 41 82 164 328 353 681 a
1 2 4 8 9 16 25 41 82 164 328 656 681 a
1 2 4 8 9 17 21 42 84 168 336 345 681 b
1 2 4 8 9 17 21 42 84 168 336 672 681 b
1 2 4 8 9 17 25 42 84 168 336 345 681 b
1 2 4 8 9 17 25 42 84 168 336 672 681 b
1 2 4 8 9 17 34 42 84 168 336 345 681 b
1 2 4 8 9 17 34 42 84 168 336 672 681 b
1 2 4 8 9 17 34 51 85 170 340 341 681 b
1 2 4 8 9 17 34 51 85 170 340 680 681 b
1 2 4 8 9 17 34 68 85 170 340 341 681 b
1 2 4 8 9 17 34 68 85 170 340 680 681 b
1 2 4 8 9 17 34 68 102 170 340 341 681 b
1 2 4 8 9 17 34 68 102 170 340 680 681 b
1 2 4 8 9 17 34 68 136 137 272 409 681 a
1 2 4 8 9 17 34 68 136 137 272 544 681 a
1 2 4 8 9 17 34 68 136 170 340 341 681 b
1 2 4 8 9 17 34 68 136 170 340 680 681 b
1 2 4 8 9 17 34 68 136 204 340 341 681 b
1 2 4 8 9 17 34 68 136 204 340 680 681 b
1 2 4 8 9 17 34 68 136 272 273 408 681 a
1 2 4 8 9 17 34 68 136 272 273 409 681 b
1 2 4 8 9 17 34 68 136 272 273 545 681 b
1 2 4 8 9 17 34 68 136 272 340 341 681 b
1 2 4 8 9 17 34 68 136 272 340 680 681 b
1 2 4 8 9 17 34 68 136 272 408 409 681 b
1 2 4 8 9 17 34 68 136 272 408 680 681 b
1 2 4 8 9 17 34 68 136 272 544 545 681 b
1 2 4 8 9 17 34 68 136 272 544 680 681 b
1 2 4 8 10 20 40 41 80 160 320 361 681 a
1 2 4 8 10 20 40 41 80 160 320 640 681 a
1 2 4 8 10 20 40 80 90 170 340 341 681 b
1 2 4 8 10 20 40 80 90 170 340 680 681 b
1 2 4 8 10 20 40 80 160 170 340 341 681 b
1 2 4 8 10 20 40 80 160 170 340 680 681 b
1 2 4 8 10 20 40 80 160 180 340 341 681 b
1 2 4 8 10 20 40 80 160 180 340 680 681 b
1 2 4 8 10 20 40 80 160 320 321 360 681 a
1 2 4 8 10 20 40 80 160 320 321 361 681 b
1 2 4 8 10 20 40 80 160 320 321 641 681 b
1 2 4 8 10 20 40 80 160 320 340 341 681 b
1 2 4 8 10 20 40 80 160 320 340 680 681 b
1 2 4 8 10 20 40 80 160 320 360 361 681 b
1 2 4 8 10 20 40 80 160 320 360 680 681 b
1 2 4 8 10 20 40 80 160 320 640 641 681 b
1 2 4 8 10 20 40 80 160 320 640 680 681 b
1 2 4 8 12 20 40 41 80 160 320 361 681 a
1 2 4 8 12 20 40 41 80 160 320 640 681 a
1 2 4 8 12 20 40 80 160 180 340 341 681 b
1 2 4 8 12 20 40 80 160 180 340 680 681 b
1 2 4 8 12 20 40 80 160 320 321 360 681 a
1 2 4 8 12 20 40 80 160 320 321 361 681 b
1 2 4 8 12 20 40 80 160 320 321 641 681 b
1 2 4 8 12 20 40 80 160 320 340 341 681 b
1 2 4 8 12 20 40 80 160 320 340 680 681 b
1 2 4 8 12 20 40 80 160 320 360 361 681 b
1 2 4 8 12 20 40 80 160 320 360 680 681 b
1 2 4 8 12 20 40 80 160 320 640 641 681 b
1 2 4 8 12 20 40 80 160 320 640 680 681 b
1 2 4 8 12 24 48 49 97 146 292 389 681 b
1 2 4 8 12 24 48 49 97 146 292 584 681 b
1 2 4 8 16 17 25 41 82 164 328 353 681 b
1 2 4 8 16 17 25 41 82 164 328 656 681 b
1 2 4 8 16 17 33 50 83 166 332 349 681 b
1 2 4 8 16 17 33 50 83 166 332 664 681 b
1 2 4 8 16 17 33 66 83 166 332 349 681 b
1 2 4 8 16 17 33 66 83 166 332 664 681 b
1 2 4 8 16 17 34 51 85 170 340 341 681 b
1 2 4 8 16 17 34 51 85 170 340 680 681 b
1 2 4 8 16 17 34 68 85 170 340 341 681 b
1 2 4 8 16 17 34 68 85 170 340 680 681 b
1 2 4 8 16 17 34 68 102 170 340 341 681 b
1 2 4 8 16 17 34 68 102 170 340 680 681 b
1 2 4 8 16 17 34 68 136 137 272 409 681 a
1 2 4 8 16 17 34 68 136 137 272 544 681 a
1 2 4 8 16 17 34 68 136 170 340 341 681 b
1 2 4 8 16 17 34 68 136 170 340 680 681 b
1 2 4 8 16 17 34 68 136 204 340 341 681 b
1 2 4 8 16 17 34 68 136 204 340 680 681 b
1 2 4 8 16 17 34 68 136 272 273 408 681 a
1 2 4 8 16 17 34 68 136 272 273 409 681 b
1 2 4 8 16 17 34 68 136 272 273 545 681 b
1 2 4 8 16 17 34 68 136 272 340 341 681 b
1 2 4 8 16 17 34 68 136 272 340 680 681 b
1 2 4 8 16 17 34 68 136 272 408 409 681 b
1 2 4 8 16 17 34 68 136 272 408 680 681 b
1 2 4 8 16 17 34 68 136 272 544 545 681 b
1 2 4 8 16 17 34 68 136 272 544 680 681 b
1 2 4 8 16 18 34 68 102 170 340 341 681 b
1 2 4 8 16 18 34 68 102 170 340 680 681 b
1 2 4 8 16 18 34 68 136 137 272 409 681 a
1 2 4 8 16 18 34 68 136 137 272 544 681 a
1 2 4 8 16 18 34 68 136 170 340 341 681 b
1 2 4 8 16 18 34 68 136 170 340 680 681 b
1 2 4 8 16 18 34 68 136 204 340 341 681 b
1 2 4 8 16 18 34 68 136 204 340 680 681 b
1 2 4 8 16 18 34 68 136 272 273 408 681 a
1 2 4 8 16 18 34 68 136 272 273 409 681 b
1 2 4 8 16 18 34 68 136 272 273 545 681 b
1 2 4 8 16 18 34 68 136 272 340 341 681 b
1 2 4 8 16 18 34 68 136 272 340 680 681 b
1 2 4 8 16 18 34 68 136 272 408 409 681 b
1 2 4 8 16 18 34 68 136 272 408 680 681 b
1 2 4 8 16 18 34 68 136 272 544 545 681 b
1 2 4 8 16 18 34 68 136 272 544 680 681 b
1 2 4 8 16 20 40 41 80 160 320 361 681 a
1 2 4 8 16 20 40 41 80 160 320 640 681 a
1 2 4 8 16 20 40 80 160 180 340 341 681 b
1 2 4 8 16 20 40 80 160 180 340 680 681 b
1 2 4 8 16 20 40 80 160 320 321 360 681 a
1 2 4 8 16 20 40 80 160 320 321 361 681 b
1 2 4 8 16 20 40 80 160 320 321 641 681 b
1 2 4 8 16 20 40 80 160 320 340 341 681 b
1 2 4 8 16 20 40 80 160 320 340 680 681 b
1 2 4 8 16 20 40 80 160 320 360 361 681 b
1 2 4 8 16 20 40 80 160 320 360 680 681 b
1 2 4 8 16 20 40 80 160 320 640 641 681 b
1 2 4 8 16 20 40 80 160 320 640 680 681 b
1 2 4 8 16 24 25 41 82 164 328 353 681 b
1 2 4 8 16 24 25 41 82 164 328 656 681 b
1 2 4 8 16 24 40 41 80 160 320 361 681 a
1 2 4 8 16 24 40 41 80 160 320 640 681 a
1 2 4 8 16 24 40 80 160 320 321 360 681 a
1 2 4 8 16 24 40 80 160 320 321 361 681 b
1 2 4 8 16 24 40 80 160 320 321 641 681 b
1 2 4 8 16 24 40 80 160 320 360 361 681 b
1 2 4 8 16 24 40 80 160 320 360 680 681 b
1 2 4 8 16 24 40 80 160 320 640 641 681 b
1 2 4 8 16 24 40 80 160 320 640 680 681 b
1 2 4 8 16 24 48 49 97 146 292 389 681 b
1 2 4 8 16 24 48 49 97 146 292 584 681 b
1 2 4 8 16 32 33 48 81 162 324 357 681 a
1 2 4 8 16 32 33 48 81 162 324 648 681 a
1 2 4 8 16 32 33 49 81 162 324 357 681 b
1 2 4 8 16 32 33 49 81 162 324 648 681 b
1 2 4 8 16 32 33 64 97 130 227 454 681 a
1 2 4 8 16 32 33 64 97 194 227 454 681 a
1 2 4 8 16 32 33 65 81 146 227 454 681 b
1 2 4 8 16 32 33 65 81 162 227 454 681 b
1 2 4 8 16 32 33 65 81 162 324 357 681 b
1 2 4 8 16 32 33 65 81 162 324 648 681 b
1 2 4 8 16 32 33 65 97 130 227 454 681 b
1 2 4 8 16 32 33 65 97 162 227 454 681 b
1 2 4 8 16 32 33 65 97 162 324 357 681 b
1 2 4 8 16 32 33 65 97 162 324 648 681 b
1 2 4 8 16 32 33 65 97 194 227 454 681 b
1 2 4 8 16 32 33 65 130 162 227 454 681 b
1 2 4 8 16 32 33 65 130 162 324 357 681 b
1 2 4 8 16 32 33 65 130 162 324 648 681 b
1 2 4 8 16 32 33 65 130 195 227 454 681 b
1 2 4 8 16 32 34 68 102 170 340 341 681 b
1 2 4 8 16 32 34 68 102 170 340 680 681 b
1 2 4 8 16 32 34 68 136 137 272 409 681 a
1 2 4 8 16 32 34 68 136 137 272 544 681 a
1 2 4 8 16 32 34 68 136 170 340 341 681 b
1 2 4 8 16 32 34 68 136 170 340 680 681 b
1 2 4 8 16 32 34 68 136 204 340 341 681 b
1 2 4 8 16 32 34 68 136 204 340 680 681 b
1 2 4 8 16 32 34 68 136 272 273 408 681 a
1 2 4 8 16 32 34 68 136 272 273 409 681 b
1 2 4 8 16 32 34 68 136 272 273 545 681 b
1 2 4 8 16 32 34 68 136 272 340 341 681 b
1 2 4 8 16 32 34 68 136 272 340 680 681 b
1 2 4 8 16 32 34 68 136 272 408 409 681 b
1 2 4 8 16 32 34 68 136 272 408 680 681 b
1 2 4 8 16 32 34 68 136 272 544 545 681 b
1 2 4 8 16 32 34 68 136 272 544 680 681 b
1 2 4 8 16 32 36 68 136 137 272 409 681 a
1 2 4 8 16 32 36 68 136 137 272 544 681 a
1 2 4 8 16 32 36 68 136 204 340 341 681 b
1 2 4 8 16 32 36 68 136 204 340 680 681 b
1 2 4 8 16 32 36 68 136 272 273 408 681 a
1 2 4 8 16 32 36 68 136 272 273 409 681 b
1 2 4 8 16 32 36 68 136 272 273 545 681 b
1 2 4 8 16 32 36 68 136 272 340 341 681 b
1 2 4 8 16 32 36 68 136 272 340 680 681 b
1 2 4 8 16 32 36 68 136 272 408 409 681 b
1 2 4 8 16 32 36 68 136 272 408 680 681 b
1 2 4 8 16 32 36 68 136 272 544 545 681 b
1 2 4 8 16 32 36 68 136 272 544 680 681 b
1 2 4 8 16 32 40 41 80 160 320 361 681 a
1 2 4 8 16 32 40 41 80 160 320 640 681 a
1 2 4 8 16 32 40 80 160 320 321 360 681 a
1 2 4 8 16 32 40 80 160 320 321 361 681 b
1 2 4 8 16 32 40 80 160 320 321 641 681 b
1 2 4 8 16 32 40 80 160 320 360 361 681 b
1 2 4 8 16 32 40 80 160 320 360 680 681 b
1 2 4 8 16 32 40 80 160 320 640 641 681 b
1 2 4 8 16 32 40 80 160 320 640 680 681 b
1 2 4 8 16 32 48 49 97 146 292 389 681 b
1 2 4 8 16 32 48 49 97 146 292 584 681 b
1 2 4 8 16 32 64 65 81 146 227 454 681 b
1 2 4 8 16 32 64 65 81 162 227 454 681 b
1 2 4 8 16 32 64 65 97 130 227 454 681 a
1 2 4 8 16 32 64 65 97 162 227 454 681 b
1 2 4 8 16 32 64 65 130 162 227 454 681 b
1 2 4 8 16 32 64 65 130 195 227 454 681 b
1 2 4 8 16 32 64 68 136 137 272 409 681 a
1 2 4 8 16 32 64 68 136 137 272 544 681 a
1 2 4 8 16 32 64 68 136 204 340 341 681 b
1 2 4 8 16 32 64 68 136 204 340 680 681 b
1 2 4 8 16 32 64 68 136 272 273 408 681 a
1 2 4 8 16 32 64 68 136 272 273 409 681 b
1 2 4 8 16 32 64 68 136 272 273 545 681 b
1 2 4 8 16 32 64 68 136 272 340 341 681 b
1 2 4 8 16 32 64 68 136 272 340 680 681 b
1 2 4 8 16 32 64 68 136 272 408 409 681 b
1 2 4 8 16 32 64 68 136 272 408 680 681 b
1 2 4 8 16 32 64 68 136 272 544 545 681 b
1 2 4 8 16 32 64 68 136 272 544 680 681 b
1 2 4 8 16 32 64 72 136 137 272 409 681 a
1 2 4 8 16 32 64 72 136 137 272 544 681 a
1 2 4 8 16 32 64 72 136 272 273 408 681 a
1 2 4 8 16 32 64 72 136 272 273 409 681 b
1 2 4 8 16 32 64 72 136 272 273 545 681 b
1 2 4 8 16 32 64 72 136 272 408 409 681 b
1 2 4 8 16 32 64 72 136 272 408 680 681 b
1 2 4 8 16 32 64 72 136 272 544 545 681 b
1 2 4 8 16 32 64 72 136 272 544 680 681 b
1 2 4 8 16 32 64 128 136 137 272 409 681 a
1 2 4 8 16 32 64 128 136 137 272 544 681 a
1 2 4 8 16 32 64 128 136 272 273 408 681 a
1 2 4 8 16 32 64 128 136 272 273 409 681 b
1 2 4 8 16 32 64 128 136 272 273 545 681 b
1 2 4 8 16 32 64 128 136 272 408 409 681 b
1 2 4 8 16 32 64 128 136 272 408 680 681 b
1 2 4 8 16 32 64 128 136 272 544 545 681 b
1 2 4 8 16 32 64 128 136 272 544 680 681 b
