1 2 3 4 7 10 20 40 80 87 167 334 668 b
1 2 3 4 7 10 20 40 80 160 167 334 668 b
1 2 3 5 7 10 20 40 80 87 167 334 668 b
1 2 3 5 7 10 20 40 80 160 167 334 668 b
1 2 3 5 10 13 23 36 72 95 167 334 668 b
1 2 3 5 10 13 23 36 72 144 167 334 668 b
1 2 3 5 10 20 21 41 82 85 167 334 668 b
1 2 3 5 10 20 21 41 82 164 167 334 668 b
1 2 3 5 10 20 40 41 81 86 167 334 668 b
1 2 3 5 10 20 40 41 81 162 167 334 668 b
1 2 3 5 10 20 40 41 81 162 172 334 668 b
1 2 3 5 10 20 40 41 81 162 324 334 668 b
1 2 3 5 10 20 40 41 81 162 324 344 668 b
1 2 3 5 10 20 40 41 81 162 324 648 668 b
1 2 3 5 10 20 40 41 82 85 167 334 668 b
1 2 3 5 10 20 40 41 82 164 167 334 668 b
1 2 3 5 10 20 40 42 82 85 167 334 668 b
1 2 3 5 10 20 40 42 82 164 167 334 668 b
1 2 3 5 10 20 40 43 83 84 167 334 668 b
1 2 3 5 10 20 40 43 83 166 167 334 668 b
1 2 3 5 10 20 40 43 83 166 168 334 668 b
1 2 3 5 10 20 40 43 83 166 332 334 668 b
1 2 3 5 10 20 40 80 81 86 167 334 668 b
1 2 3 5 10 20 40 80 81 162 167 334 668 b
1 2 3 5 10 20 40 80 81 162 172 334 668 b
1 2 3 5 10 20 40 80 81 162 324 334 668 b
1 2 3 5 10 20 40 80 81 162 324 344 668 b
1 2 3 5 10 20 40 80 81 162 324 648 668 b
1 2 3 5 10 20 40 80 82 85 167 334 668 b
1 2 3 5 10 20 40 80 82 87 167 334 668 b
1 2 3 5 10 20 40 80 82 162 167 334 668 b
1 2 3 5 10 20 40 80 82 162 172 334 668 b
1 2 3 5 10 20 40 80 82 162 324 334 668 b
1 2 3 5 10 20 40 80 82 162 324 344 668 b
1 2 3 5 10 20 40 80 82 162 324 648 668 b
1 2 3 5 10 20 40 80 82 164 167 334 668 b
1 2 3 5 10 20 40 80 83 84 167 334 668 b
1 2 3 5 10 20 40 80 83 166 167 334 668 b
1 2 3 5 10 20 40 80 83 166 168 334 668 b
1 2 3 5 10 20 40 80 83 166 332 334 668 b
1 2 3 5 10 20 40 80 85 87 167 334 668 b
1 2 3 5 10 20 40 80 85 165 167 334 668 b
1 2 3 5 10 20 40 80 160 162 167 334 668 b
1 2 3 5 10 20 40 80 160 162 172 334 668 b
1 2 3 5 10 20 40 80 160 162 324 334 668 b
1 2 3 5 10 20 40 80 160 162 324 344 668 b
1 2 3 5 10 20 40 80 160 162 324 648 668 b
1 2 3 5 10 20 40 80 160 165 167 334 668 b
1 2 3 6 7 10 20 40 80 87 167 334 668 b
1 2 3 6 7 10 20 40 80 160 167 334 668 b
1 2 3 6 7 13 20 40 80 87 167 334 668 b
1 2 3 6 7 13 20 40 80 160 167 334 668 b
1 2 3 6 7 14 20 40 80 87 167 334 668 b
1 2 3 6 7 14 20 40 80 160 167 334 668 b
1 2 3 6 7 14 20 40 80 160 174 334 668 b
1 2 3 6 7 14 20 40 80 160 320 334 668 b
1 2 3 6 8 14 20 40 80 160 174 334 668 b
1 2 3 6 8 14 20 40 80 160 320 334 668 b
1 2 3 6 9 18 19 37 74 93 167 334 668 b
1 2 3 6 9 18 19 37 74 148 167 334 668 b
1 2 3 6 9 18 36 38 74 148 186 334 668 b
1 2 3 6 9 18 36 38 74 148 296 334 668 b
1 2 3 6 12 14 20 40 80 160 174 334 668 b
1 2 3 6 12 14 20 40 80 160 320 334 668 b
1 2 3 6 12 14 26 40 80 160 174 334 668 b
1 2 3 6 12 14 26 40 80 160 320 334 668 b
1 2 3 6 12 14 28 40 80 160 174 334 668 b
1 2 3 6 12 14 28 40 80 160 320 334 668 b
1 2 3 6 12 14 28 40 80 160 320 348 668 b
1 2 3 6 12 14 28 40 80 160 320 640 668 b
1 2 3 6 12 18 19 37 74 93 167 334 668 b
1 2 3 6 12 18 19 37 74 148 167 334 668 b
1 2 3 6 12 18 36 38 74 148 186 334 668 b
1 2 3 6 12 18 36 38 74 148 296 334 668 b
1 2 3 6 12 24 36 38 74 148 186 334 668 b
1 2 3 6 12 24 36 38 74 148 296 334 668 b
1 2 4 5 7 10 20 40 80 87 167 334 668 a
1 2 4 5 7 10 20 40 80 160 167 334 668 a
1 2 4 5 9 14 28 37 65 102 167 334 668 b
1 2 4 5 9 14 28 37 65 130 167 334 668 b
1 2 4 5 9 18 19 37 74 93 167 334 668 b
1 2 4 5 9 18 19 37 74 148 167 334 668 b
1 2 4 5 9 18 23 36 72 95 167 334 668 a
1 2 4 5 9 18 23 36 72 144 167 334 668 a
1 2 4 5 9 18 27 54 59 108 167 334 668 a
1 2 4 5 9 18 27 54 59 113 167 334 668 b
1 2 4 5 9 18 27 54 81 86 167 334 668 b
1 2 4 5 9 18 27 54 81 162 167 334 668 b
1 2 4 5 9 18 27 54 108 113 167 334 668 b
1 2 4 5 9 18 27 54 108 113 221 334 668 b
1 2 4 5 9 18 27 54 108 113 226 334 668 b
1 2 4 5 9 18 27 54 108 162 167 334 668 b
1 2 4 5 9 18 36 38 74 148 186 334 668 b
1 2 4 5 9 18 36 38 74 148 296 334 668 b
1 2 4 5 9 18 36 45 81 86 167 334 668 b
1 2 4 5 9 18 36 45 81 162 167 334 668 b
1 2 4 5 9 18 36 54 59 108 167 334 668 a
1 2 4 5 9 18 36 54 59 113 167 334 668 b
1 2 4 5 9 18 36 54 108 113 167 334 668 b
1 2 4 5 9 18 36 54 108 113 221 334 668 b
1 2 4 5 9 18 36 54 108 113 226 334 668 b
1 2 4 5 9 18 36 54 108 162 167 334 668 b
1 2 4 5 9 18 36 72 76 148 296 372 668 b
1 2 4 5 9 18 36 72 76 148 296 592 668 b
1 2 4 5 9 18 36 72 77 90 167 334 668 a
1 2 4 5 9 18 36 72 77 95 167 334 668 b
1 2 4 5 9 18 36 72 77 149 167 334 668 b
1 2 4 5 9 18 36 72 77 149 185 334 668 b
1 2 4 5 9 18 36 72 77 149 298 334 668 b
1 2 4 5 9 18 36 72 77 149 298 370 668 b
1 2 4 5 9 18 36 72 77 149 298 596 668 b
1 2 4 5 9 18 36 72 81 86 167 334 668 b
1 2 4 5 9 18 36 72 81 162 167 334 668 b
1 2 4 5 9 18 36 72 90 95 167 334 668 b
1 2 4 5 9 18 36 72 90 162 167 334 668 b
1 2 4 5 9 18 36 72 108 113 221 334 668 b
1 2 4 5 9 18 36 72 108 113 226 334 668 b
1 2 4 5 9 18 36 72 144 149 167 334 668 b
1 2 4 5 9 18 36 72 144 149 185 334 668 b
1 2 4 5 9 18 36 72 144 149 298 334 668 b
1 2 4 5 9 18 36 72 144 149 298 370 668 b
1 2 4 5 9 18 36 72 144 149 298 596 668 b
1 2 4 5 9 18 36 72 144 162 167 334 668 b
1 2 4 5 10 14 20 40 80 160 174 334 668 a
1 2 4 5 10 14 20 40 80 160 320 334 668 a
1 2 4 5 10 15 19 38 76 91 167 334 668 b
1 2 4 5 10 15 19 38 76 152 167 334 668 b
1 2 4 5 10 20 40 41 81 86 167 334 668 b
1 2 4 5 10 20 40 41 81 162 167 334 668 b
1 2 4 5 10 20 40 41 81 162 172 334 668 b
1 2 4 5 10 20 40 41 81 162 324 334 668 b
1 2 4 5 10 20 40 41 81 162 324 344 668 b
1 2 4 5 10 20 40 41 81 162 324 648 668 b
1 2 4 5 10 20 40 80 81 86 167 334 668 b
1 2 4 5 10 20 40 80 81 162 167 334 668 b
1 2 4 5 10 20 40 80 81 162 172 334 668 b
1 2 4 5 10 20 40 80 81 162 324 334 668 b
1 2 4 5 10 20 40 80 81 162 324 344 668 b
1 2 4 5 10 20 40 80 81 162 324 648 668 b
1 2 4 5 10 20 40 80 82 85 167 334 668 a
1 2 4 5 10 20 40 80 82 87 167 334 668 b
1 2 4 5 10 20 40 80 82 162 167 334 668 b
1 2 4 5 10 20 40 80 82 162 172 334 668 b
1 2 4 5 10 20 40 80 82 162 324 334 668 b
1 2 4 5 10 20 40 80 82 162 324 344 668 b
1 2 4 5 10 20 40 80 82 162 324 648 668 b
1 2 4 5 10 20 40 80 85 87 167 334 668 b
1 2 4 5 10 20 40 80 85 165 167 334 668 b
1 2 4 5 10 20 40 80 85 165 169 334 668 b
1 2 4 5 10 20 40 80 85 165 330 334 668 b
1 2 4 5 10 20 40 80 160 162 167 334 668 b
1 2 4 5 10 20 40 80 160 162 172 334 668 b
1 2 4 5 10 20 40 80 160 162 324 334 668 b
1 2 4 5 10 20 40 80 160 162 324 344 668 b
1 2 4 5 10 20 40 80 160 162 324 648 668 b
1 2 4 5 10 20 40 80 160 164 170 334 668 a
1 2 4 5 10 20 40 80 160 164 174 334 668 b
1 2 4 5 10 20 40 80 160 164 324 334 668 b
1 2 4 5 10 20 40 80 160 164 324 344 668 b
1 2 4 5 10 20 40 80 160 164 324 648 668 b
1 2 4 5 10 20 40 80 160 165 167 334 668 b
1 2 4 5 10 20 40 80 160 165 169 334 668 b
1 2 4 5 10 20 40 80 160 165 330 334 668 b
1 2 4 5 10 20 40 80 160 170 174 334 668 b
1 2 4 5 10 20 40 80 160 170 330 334 668 b
1 2 4 5 10 20 40 80 160 320 324 334 668 b
1 2 4 5 10 20 40 80 160 320 324 344 668 b
1 2 4 5 10 20 40 80 160 320 324 648 668 b
1 2 4 5 10 20 40 80 160 320 330 334 668 b
1 2 4 6 7 10 20 40 80 87 167 334 668 a
1 2 4 6 7 10 20 40 80 160 167 334 668 a
1 2 4 6 7 13 20 40 80 87 167 334 668 b
1 2 4 6 7 13 20 40 80 160 167 334 668 b
1 2 4 6 7 14 20 40 80 87 167 334 668 b
1 2 4 6 7 14 20 40 80 160 167 334 668 b
1 2 4 6 7 14 20 40 80 160 174 334 668 b
1 2 4 6 7 14 20 40 80 160 320 334 668 b
1 2 4 6 8 14 20 40 80 160 174 334 668 b
1 2 4 6 8 14 20 40 80 160 320 334 668 b
1 2 4 6 10 14 20 40 80 160 174 334 668 b
1 2 4 6 10 14 20 40 80 160 320 334 668 b
1 2 4 6 10 20 21 41 82 164 170 334 668 b
1 2 4 6 10 20 21 41 82 164 328 334 668 b
1 2 4 6 10 20 26 46 72 144 190 334 668 b
1 2 4 6 10 20 26 46 72 144 288 334 668 b
1 2 4 6 10 20 40 41 81 162 172 334 668 b
1 2 4 6 10 20 40 41 81 162 324 334 668 b
1 2 4 6 10 20 40 41 81 162 324 344 668 b
1 2 4 6 10 20 40 41 81 162 324 648 668 b
1 2 4 6 10 20 40 41 82 164 170 334 668 b
1 2 4 6 10 20 40 41 82 164 328 334 668 b
1 2 4 6 10 20 40 42 82 164 170 334 668 b
1 2 4 6 10 20 40 42 82 164 328 334 668 b
1 2 4 6 10 20 40 80 81 86 167 334 668 a
1 2 4 6 10 20 40 80 81 87 167 334 668 b
1 2 4 6 10 20 40 80 81 161 167 334 668 b
1 2 4 6 10 20 40 80 81 162 172 334 668 b
1 2 4 6 10 20 40 80 81 162 324 334 668 b
1 2 4 6 10 20 40 80 81 162 324 344 668 b
1 2 4 6 10 20 40 80 81 162 324 648 668 b
1 2 4 6 10 20 40 80 82 162 172 334 668 b
1 2 4 6 10 20 40 80 82 162 324 334 668 b
1 2 4 6 10 20 40 80 82 162 324 344 668 b
1 2 4 6 10 20 40 80 82 162 324 648 668 b
1 2 4 6 10 20 40 80 82 164 170 334 668 b
1 2 4 6 10 20 40 80 82 164 328 334 668 b
1 2 4 6 10 20 40 80 84 164 170 334 668 b
1 2 4 6 10 20 40 80 84 164 328 334 668 b
1 2 4 6 10 20 40 80 86 87 167 334 668 b
1 2 4 6 10 20 40 80 86 166 167 334 668 b
1 2 4 6 10 20 40 80 86 166 168 334 668 b
1 2 4 6 10 20 40 80 86 166 332 334 668 b
1 2 4 6 10 20 40 80 86 166 332 336 668 b
1 2 4 6 10 20 40 80 86 166 332 664 668 b
1 2 4 6 10 20 40 80 160 161 167 334 668 b
1 2 4 6 10 20 40 80 160 162 172 334 668 b
1 2 4 6 10 20 40 80 160 162 324 334 668 b
1 2 4 6 10 20 40 80 160 162 324 344 668 b
1 2 4 6 10 20 40 80 160 162 324 648 668 b
1 2 4 6 10 20 40 80 160 164 170 334 668 b
1 2 4 6 10 20 40 80 160 164 174 334 668 b
1 2 4 6 10 20 40 80 160 164 324 334 668 b
1 2 4 6 10 20 40 80 160 164 324 344 668 b
1 2 4 6 10 20 40 80 160 164 324 648 668 b
1 2 4 6 10 20 40 80 160 164 328 334 668 b
1 2 4 6 10 20 40 80 160 166 167 334 668 b
1 2 4 6 10 20 40 80 160 166 168 334 668 b
1 2 4 6 10 20 40 80 160 166 332 334 668 b
1 2 4 6 10 20 40 80 160 166 332 336 668 b
1 2 4 6 10 20 40 80 160 166 332 664 668 b
1 2 4 6 10 20 40 80 160 170 174 334 668 b
1 2 4 6 10 20 40 80 160 170 330 334 668 b
1 2 4 6 10 20 40 80 160 320 324 334 668 b
1 2 4 6 10 20 40 80 160 320 324 344 668 b
1 2 4 6 10 20 40 80 160 320 324 648 668 b
1 2 4 6 10 20 40 80 160 320 330 334 668 b
1 2 4 6 12 14 20 40 80 160 174 334 668 b
1 2 4 6 12 14 20 40 80 160 320 334 668 b
1 2 4 6 12 14 26 40 80 160 174 334 668 b
1 2 4 6 12 14 26 40 80 160 320 334 668 b
1 2 4 6 12 14 28 40 80 160 174 334 668 b
1 2 4 6 12 14 28 40 80 160 320 334 668 b
1 2 4 6 12 14 28 40 80 160 320 348 668 b
1 2 4 6 12 14 28 40 80 160 320 640 668 b
1 2 4 6 12 16 28 40 80 160 320 348 668 b
1 2 4 6 12 16 28 40 80 160 320 640 668 b
1 2 4 6 12 18 19 37 74 93 167 334 668 b
1 2 4 6 12 18 19 37 74 148 167 334 668 b
1 2 4 6 12 18 36 38 74 148 186 334 668 b
1 2 4 6 12 18 36 38 74 148 296 334 668 b
1 2 4 6 12 18 36 72 76 148 296 372 668 b
1 2 4 6 12 18 36 72 76 148 296 592 668 b
1 2 4 6 12 24 28 40 80 160 320 348 668 b
1 2 4 6 12 24 28 40 80 160 320 640 668 b
1 2 4 6 12 24 28 52 80 160 320 348 668 b
1 2 4 6 12 24 28 52 80 160 320 640 668 b
1 2 4 6 12 24 28 56 80 160 320 348 668 b
1 2 4 6 12 24 28 56 80 160 320 640 668 b
1 2 4 6 12 24 36 38 74 148 186 334 668 b
1 2 4 6 12 24 36 38 74 148 296 334 668 b
1 2 4 6 12 24 36 72 76 148 296 372 668 b
1 2 4 6 12 24 36 72 76 148 296 592 668 b
1 2 4 6 12 24 48 72 76 148 296 372 668 b
1 2 4 6 12 24 48 72 76 148 296 592 668 b
1 2 4 8 9 17 25 50 67 100 167 334 668 a
1 2 4 8 9 17 25 50 67 117 167 334 668 b
1 2 4 8 9 17 25 50 75 92 167 334 668 b
1 2 4 8 9 17 25 50 75 150 167 334 668 b
1 2 4 8 9 17 25 50 100 117 167 334 668 b
1 2 4 8 9 17 25 50 100 117 217 334 668 b
1 2 4 8 9 17 25 50 100 117 234 334 668 b
1 2 4 8 9 17 25 50 100 150 167 334 668 b
1 2 4 8 9 18 19 37 74 93 167 334 668 b
1 2 4 8 9 18 19 37 74 148 167 334 668 b
1 2 4 8 9 18 27 35 70 97 167 334 668 b
1 2 4 8 9 18 27 35 70 140 167 334 668 b
1 2 4 8 9 18 36 38 74 148 186 334 668 b
1 2 4 8 9 18 36 38 74 148 296 334 668 b
1 2 4 8 9 18 36 72 76 148 296 372 668 b
1 2 4 8 9 18 36 72 76 148 296 592 668 b
1 2 4 8 10 14 20 40 80 160 174 334 668 a
1 2 4 8 10 14 20 40 80 160 320 334 668 a
1 2 4 8 10 18 19 37 74 93 167 334 668 b
1 2 4 8 10 18 19 37 74 148 167 334 668 b
1 2 4 8 10 18 28 56 74 130 204 334 668 b
1 2 4 8 10 18 28 56 74 130 260 334 668 b
1 2 4 8 10 18 36 38 74 148 186 334 668 b
1 2 4 8 10 18 36 38 74 148 296 334 668 b
1 2 4 8 10 18 36 46 72 144 190 334 668 a
1 2 4 8 10 18 36 46 72 144 288 334 668 a
1 2 4 8 10 18 36 54 108 118 216 334 668 a
1 2 4 8 10 18 36 54 108 118 226 334 668 b
1 2 4 8 10 18 36 54 108 162 172 334 668 b
1 2 4 8 10 18 36 54 108 162 324 334 668 b
1 2 4 8 10 18 36 54 108 216 226 334 668 b
1 2 4 8 10 18 36 54 108 216 226 442 668 b
1 2 4 8 10 18 36 54 108 216 226 452 668 b
1 2 4 8 10 18 36 54 108 216 324 334 668 b
1 2 4 8 10 18 36 72 76 148 296 372 668 b
1 2 4 8 10 18 36 72 76 148 296 592 668 b
1 2 4 8 10 18 36 72 90 162 172 334 668 b
1 2 4 8 10 18 36 72 90 162 324 334 668 b
1 2 4 8 10 18 36 72 108 118 216 334 668 a
1 2 4 8 10 18 36 72 108 118 226 334 668 b
1 2 4 8 10 18 36 72 108 216 226 334 668 b
1 2 4 8 10 18 36 72 108 216 226 442 668 b
1 2 4 8 10 18 36 72 108 216 226 452 668 b
1 2 4 8 10 18 36 72 108 216 324 334 668 b
1 2 4 8 10 18 36 72 144 154 180 334 668 a
1 2 4 8 10 18 36 72 144 154 190 334 668 b
1 2 4 8 10 18 36 72 144 154 298 334 668 b
1 2 4 8 10 18 36 72 144 154 298 370 668 b
1 2 4 8 10 18 36 72 144 154 298 596 668 b
1 2 4 8 10 18 36 72 144 162 172 334 668 b
1 2 4 8 10 18 36 72 144 162 324 334 668 b
1 2 4 8 10 18 36 72 144 180 190 334 668 b
1 2 4 8 10 18 36 72 144 180 324 334 668 b
1 2 4 8 10 18 36 72 144 216 226 442 668 b
1 2 4 8 10 18 36 72 144 216 226 452 668 b
1 2 4 8 10 18 36 72 144 288 298 334 668 b
1 2 4 8 10 18 36 72 144 288 298 370 668 b
1 2 4 8 10 18 36 72 144 288 298 596 668 b
1 2 4 8 10 18 36 72 144 288 324 334 668 b
1 2 4 8 10 20 28 40 80 160 320 348 668 a
1 2 4 8 10 20 28 40 80 160 320 640 668 a
1 2 4 8 10 20 30 38 76 152 182 334 668 b
1 2 4 8 10 20 30 38 76 152 304 334 668 b
1 2 4 8 10 20 40 41 81 162 172 334 668 b
1 2 4 8 10 20 40 41 81 162 324 334 668 b
1 2 4 8 10 20 40 41 81 162 324 344 668 b
1 2 4 8 10 20 40 41 81 162 324 648 668 b
1 2 4 8 10 20 40 80 81 162 172 334 668 b
1 2 4 8 10 20 40 80 81 162 324 334 668 b
1 2 4 8 10 20 40 80 81 162 324 344 668 b
1 2 4 8 10 20 40 80 81 162 324 648 668 b
1 2 4 8 10 20 40 80 82 162 172 334 668 b
1 2 4 8 10 20 40 80 82 162 324 334 668 b
1 2 4 8 10 20 40 80 82 162 324 344 668 b
1 2 4 8 10 20 40 80 82 162 324 648 668 b
1 2 4 8 10 20 40 80 160 162 172 334 668 b
1 2 4 8 10 20 40 80 160 162 324 334 668 b
1 2 4 8 10 20 40 80 160 162 324 344 668 b
1 2 4 8 10 20 40 80 160 162 324 648 668 b
1 2 4 8 10 20 40 80 160 164 170 334 668 a
1 2 4 8 10 20 40 80 160 164 174 334 668 b
1 2 4 8 10 20 40 80 160 164 324 334 668 b
1 2 4 8 10 20 40 80 160 164 324 344 668 b
1 2 4 8 10 20 40 80 160 164 324 648 668 b
1 2 4 8 10 20 40 80 160 170 174 334 668 b
1 2 4 8 10 20 40 80 160 170 330 334 668 b
1 2 4 8 10 20 40 80 160 170 330 338 668 b
1 2 4 8 10 20 40 80 160 170 330 660 668 b
1 2 4 8 10 20 40 80 160 320 324 334 668 b
1 2 4 8 10 20 40 80 160 320 324 344 668 b
1 2 4 8 10 20 40 80 160 320 324 648 668 b
1 2 4 8 10 20 40 80 160 320 328 340 668 a
1 2 4 8 10 20 40 80 160 320 328 348 668 b
1 2 4 8 10 20 40 80 160 320 328 648 668 b
1 2 4 8 10 20 40 80 160 320 330 334 668 b
1 2 4 8 10 20 40 80 160 320 330 338 668 b
1 2 4 8 10 20 40 80 160 320 330 660 668 b
1 2 4 8 10 20 40 80 160 320 340 348 668 b
1 2 4 8 10 20 40 80 160 320 340 660 668 b
1 2 4 8 10 20 40 80 160 320 640 648 668 b
1 2 4 8 10 20 40 80 160 320 640 660 668 b
1 2 4 8 12 14 20 40 80 160 174 334 668 a
1 2 4 8 12 14 20 40 80 160 320 334 668 a
1 2 4 8 12 14 26 40 80 160 174 334 668 b
1 2 4 8 12 14 26 40 80 160 320 334 668 b
1 2 4 8 12 14 28 40 80 160 174 334 668 b
1 2 4 8 12 14 28 40 80 160 320 334 668 b
1 2 4 8 12 14 28 40 80 160 320 348 668 b
1 2 4 8 12 14 28 40 80 160 320 640 668 b
1 2 4 8 12 16 28 40 80 160 320 348 668 b
1 2 4 8 12 16 28 40 80 160 320 640 668 b
1 2 4 8 12 20 21 41 82 164 328 340 668 b
1 2 4 8 12 20 21 41 82 164 328 656 668 b
1 2 4 8 12 20 28 40 80 160 320 348 668 b
1 2 4 8 12 20 28 40 80 160 320 640 668 b
1 2 4 8 12 20 40 41 81 162 324 344 668 b
1 2 4 8 12 20 40 41 81 162 324 648 668 b
1 2 4 8 12 20 40 41 82 164 328 340 668 b
1 2 4 8 12 20 40 41 82 164 328 656 668 b
1 2 4 8 12 20 40 42 82 164 328 340 668 b
1 2 4 8 12 20 40 42 82 164 328 656 668 b
1 2 4 8 12 20 40 52 92 144 288 380 668 b
1 2 4 8 12 20 40 52 92 144 288 576 668 b
1 2 4 8 12 20 40 80 81 161 173 334 668 b
1 2 4 8 12 20 40 80 81 161 322 334 668 b
1 2 4 8 12 20 40 80 81 162 324 344 668 b
1 2 4 8 12 20 40 80 81 162 324 648 668 b
1 2 4 8 12 20 40 80 82 162 324 344 668 b
1 2 4 8 12 20 40 80 82 162 324 648 668 b
1 2 4 8 12 20 40 80 82 164 328 340 668 b
1 2 4 8 12 20 40 80 82 164 328 656 668 b
1 2 4 8 12 20 40 80 84 164 328 340 668 b
1 2 4 8 12 20 40 80 84 164 328 656 668 b
1 2 4 8 12 20 40 80 160 161 173 334 668 b
1 2 4 8 12 20 40 80 160 161 322 334 668 b
1 2 4 8 12 20 40 80 160 162 172 334 668 a
1 2 4 8 12 20 40 80 160 162 174 334 668 b
1 2 4 8 12 20 40 80 160 162 322 334 668 b
1 2 4 8 12 20 40 80 160 162 324 344 668 b
1 2 4 8 12 20 40 80 160 162 324 648 668 b
1 2 4 8 12 20 40 80 160 164 324 344 668 b
1 2 4 8 12 20 40 80 160 164 324 648 668 b
1 2 4 8 12 20 40 80 160 164 328 340 668 b
1 2 4 8 12 20 40 80 160 164 328 656 668 b
1 2 4 8 12 20 40 80 160 168 328 340 668 b
1 2 4 8 12 20 40 80 160 168 328 656 668 b
1 2 4 8 12 20 40 80 160 172 174 334 668 b
1 2 4 8 12 20 40 80 160 172 332 334 668 b
1 2 4 8 12 20 40 80 160 172 332 336 668 b
1 2 4 8 12 20 40 80 160 172 332 664 668 b
1 2 4 8 12 20 40 80 160 320 322 334 668 b
1 2 4 8 12 20 40 80 160 320 324 344 668 b
1 2 4 8 12 20 40 80 160 320 324 648 668 b
1 2 4 8 12 20 40 80 160 320 328 340 668 b
1 2 4 8 12 20 40 80 160 320 328 348 668 b
1 2 4 8 12 20 40 80 160 320 328 648 668 b
1 2 4 8 12 20 40 80 160 320 328 656 668 b
1 2 4 8 12 20 40 80 160 320 332 334 668 b
1 2 4 8 12 20 40 80 160 320 332 336 668 b
1 2 4 8 12 20 40 80 160 320 332 664 668 b
1 2 4 8 12 20 40 80 160 320 340 348 668 b
1 2 4 8 12 20 40 80 160 320 340 660 668 b
1 2 4 8 12 20 40 80 160 320 640 648 668 b
1 2 4 8 12 20 40 80 160 320 640 660 668 b
1 2 4 8 12 24 28 40 80 160 320 348 668 b
1 2 4 8 12 24 28 40 80 160 320 640 668 b
1 2 4 8 12 24 28 52 80 160 320 348 668 b
1 2 4 8 12 24 28 52 80 160 320 640 668 b
1 2 4 8 12 24 28 56 80 160 320 348 668 b
1 2 4 8 12 24 28 56 80 160 320 640 668 b
1 2 4 8 12 24 36 38 74 148 186 334 668 b
1 2 4 8 12 24 36 38 74 148 296 334 668 b
1 2 4 8 12 24 36 72 76 148 296 372 668 b
1 2 4 8 12 24 36 72 76 148 296 592 668 b
1 2 4 8 12 24 48 72 76 148 296 372 668 b
1 2 4 8 12 24 48 72 76 148 296 592 668 b
1 2 4 8 16 17 25 50 67 100 167 334 668 a
1 2 4 8 16 17 25 50 67 117 167 334 668 b
1 2 4 8 16 17 25 50 75 92 167 334 668 b
1 2 4 8 16 17 25 50 75 150 167 334 668 b
1 2 4 8 16 17 25 50 100 117 167 334 668 b
1 2 4 8 16 17 25 50 100 117 217 334 668 b
1 2 4 8 16 17 25 50 100 117 234 334 668 b
1 2 4 8 16 17 25 50 100 150 167 334 668 b
1 2 4 8 16 17 33 34 67 100 167 334 668 b
1 2 4 8 16 17 33 34 67 134 167 334 668 b
1 2 4 8 16 17 33 35 66 101 167 334 668 a
1 2 4 8 16 17 33 35 66 132 167 334 668 a
1 2 4 8 16 17 33 50 67 100 167 334 668 b
1 2 4 8 16 17 33 50 67 117 167 334 668 b
1 2 4 8 16 17 33 50 67 134 167 334 668 b
1 2 4 8 16 17 33 50 83 84 167 334 668 b
1 2 4 8 16 17 33 50 83 166 167 334 668 b
1 2 4 8 16 17 33 50 83 166 168 334 668 b
1 2 4 8 16 17 33 50 83 166 332 334 668 b
1 2 4 8 16 17 33 50 83 166 332 336 668 b
1 2 4 8 16 17 33 50 83 166 332 664 668 b
1 2 4 8 16 17 33 50 100 117 167 334 668 b
1 2 4 8 16 17 33 50 100 117 217 334 668 b
1 2 4 8 16 17 33 50 100 117 234 334 668 b
1 2 4 8 16 17 33 50 100 150 167 334 668 b
1 2 4 8 16 17 33 66 67 100 167 334 668 b
1 2 4 8 16 17 33 66 67 134 167 334 668 b
1 2 4 8 16 17 33 66 67 134 200 334 668 b
1 2 4 8 16 17 33 66 67 134 268 334 668 b
1 2 4 8 16 17 33 66 68 99 167 334 668 a
1 2 4 8 16 17 33 66 68 101 167 334 668 b
1 2 4 8 16 17 33 66 68 134 167 334 668 b
1 2 4 8 16 17 33 66 68 134 200 334 668 b
1 2 4 8 16 17 33 66 68 134 268 334 668 b
1 2 4 8 16 17 33 66 70 132 202 334 668 a
1 2 4 8 16 17 33 66 70 132 264 334 668 a
1 2 4 8 16 17 33 66 83 84 167 334 668 b
1 2 4 8 16 17 33 66 83 166 167 334 668 b
1 2 4 8 16 17 33 66 83 166 168 334 668 b
1 2 4 8 16 17 33 66 83 166 332 334 668 b
1 2 4 8 16 17 33 66 83 166 332 336 668 b
1 2 4 8 16 17 33 66 83 166 332 664 668 b
1 2 4 8 16 17 33 66 99 101 167 334 668 b
1 2 4 8 16 17 33 66 99 165 167 334 668 b
1 2 4 8 16 17 33 66 99 165 169 334 668 b
1 2 4 8 16 17 33 66 99 165 330 334 668 b
1 2 4 8 16 17 33 66 99 165 330 338 668 b
1 2 4 8 16 17 33 66 99 165 330 660 668 b
1 2 4 8 16 17 33 66 132 134 167 334 668 b
1 2 4 8 16 17 33 66 132 134 200 334 668 b
1 2 4 8 16 17 33 66 132 134 268 334 668 b
1 2 4 8 16 17 33 66 132 134 268 400 668 b
1 2 4 8 16 17 33 66 132 134 268 536 668 b
1 2 4 8 16 17 33 66 132 136 198 334 668 a
1 2 4 8 16 17 33 66 132 136 202 334 668 b
1 2 4 8 16 17 33 66 132 136 268 334 668 b
1 2 4 8 16 17 33 66 132 136 268 400 668 b
1 2 4 8 16 17 33 66 132 136 268 536 668 b
1 2 4 8 16 17 33 66 132 140 264 404 668 a
1 2 4 8 16 17 33 66 132 140 264 528 668 a
1 2 4 8 16 17 33 66 132 165 167 334 668 b
1 2 4 8 16 17 33 66 132 165 169 334 668 b
1 2 4 8 16 17 33 66 132 165 330 334 668 b
1 2 4 8 16 17 33 66 132 165 330 338 668 b
1 2 4 8 16 17 33 66 132 165 330 660 668 b
1 2 4 8 16 17 33 66 132 198 202 334 668 b
1 2 4 8 16 17 33 66 132 198 330 334 668 b
1 2 4 8 16 17 33 66 132 198 330 338 668 b
1 2 4 8 16 17 33 66 132 198 330 660 668 b
1 2 4 8 16 17 33 66 132 264 268 334 668 b
1 2 4 8 16 17 33 66 132 264 268 400 668 b
1 2 4 8 16 17 33 66 132 264 268 536 668 b
1 2 4 8 16 17 33 66 132 264 272 396 668 a
1 2 4 8 16 17 33 66 132 264 272 404 668 b
1 2 4 8 16 17 33 66 132 264 272 536 668 b
1 2 4 8 16 17 33 66 132 264 330 334 668 b
1 2 4 8 16 17 33 66 132 264 330 338 668 b
1 2 4 8 16 17 33 66 132 264 330 660 668 b
1 2 4 8 16 17 33 66 132 264 396 404 668 b
1 2 4 8 16 17 33 66 132 264 396 660 668 b
1 2 4 8 16 17 33 66 132 264 528 536 668 b
1 2 4 8 16 17 33 66 132 264 528 660 668 b
1 2 4 8 16 17 34 50 67 100 167 334 668 a
1 2 4 8 16 17 34 50 67 117 167 334 668 b
1 2 4 8 16 17 34 50 100 117 167 334 668 b
1 2 4 8 16 17 34 50 100 117 217 334 668 b
1 2 4 8 16 17 34 50 100 117 234 334 668 b
1 2 4 8 16 17 34 50 100 134 200 334 668 a
1 2 4 8 16 17 34 50 100 134 234 334 668 b
1 2 4 8 16 17 34 50 100 150 167 334 668 b
1 2 4 8 16 17 34 50 100 150 184 334 668 b
1 2 4 8 16 17 34 50 100 150 300 334 668 b
1 2 4 8 16 17 34 50 100 200 234 334 668 b
1 2 4 8 16 17 34 50 100 200 234 434 668 b
1 2 4 8 16 17 34 50 100 200 234 468 668 b
1 2 4 8 16 17 34 50 100 200 300 334 668 b
1 2 4 8 16 18 19 37 74 93 167 334 668 b
1 2 4 8 16 18 19 37 74 148 167 334 668 b
1 2 4 8 16 18 34 50 100 134 200 334 668 a
1 2 4 8 16 18 34 50 100 134 234 334 668 b
1 2 4 8 16 18 34 50 100 150 184 334 668 b
1 2 4 8 16 18 34 50 100 150 300 334 668 b
1 2 4 8 16 18 34 50 100 200 234 334 668 b
1 2 4 8 16 18 34 50 100 200 234 434 668 b
1 2 4 8 16 18 34 50 100 200 234 468 668 b
1 2 4 8 16 18 34 50 100 200 300 334 668 b
1 2 4 8 16 18 36 38 74 148 186 334 668 b
1 2 4 8 16 18 36 38 74 148 296 334 668 b
1 2 4 8 16 18 36 54 70 140 194 334 668 b
1 2 4 8 16 18 36 54 70 140 280 334 668 b
1 2 4 8 16 18 36 72 76 148 296 372 668 b
1 2 4 8 16 18 36 72 76 148 296 592 668 b
1 2 4 8 16 20 28 40 80 160 320 348 668 a
1 2 4 8 16 20 28 40 80 160 320 640 668 a
1 2 4 8 16 20 36 38 74 148 186 334 668 b
1 2 4 8 16 20 36 38 74 148 296 334 668 b
1 2 4 8 16 20 36 56 112 148 260 408 668 b
1 2 4 8 16 20 36 56 112 148 260 520 668 b
1 2 4 8 16 20 36 72 76 148 296 372 668 b
1 2 4 8 16 20 36 72 76 148 296 592 668 b
1 2 4 8 16 20 36 72 92 144 288 380 668 a
1 2 4 8 16 20 36 72 92 144 288 576 668 a
1 2 4 8 16 20 36 72 108 216 236 432 668 a
1 2 4 8 16 20 36 72 108 216 236 452 668 b
1 2 4 8 16 20 36 72 108 216 324 344 668 b
1 2 4 8 16 20 36 72 108 216 324 648 668 b
1 2 4 8 16 20 36 72 108 216 432 452 668 b
1 2 4 8 16 20 36 72 108 216 432 648 668 b
1 2 4 8 16 20 36 72 144 180 324 344 668 b
1 2 4 8 16 20 36 72 144 180 324 648 668 b
1 2 4 8 16 20 36 72 144 216 236 432 668 a
1 2 4 8 16 20 36 72 144 216 236 452 668 b
1 2 4 8 16 20 36 72 144 216 432 452 668 b
1 2 4 8 16 20 36 72 144 216 432 648 668 b
1 2 4 8 16 20 36 72 144 288 308 360 668 a
1 2 4 8 16 20 36 72 144 288 308 380 668 b
1 2 4 8 16 20 36 72 144 288 308 596 668 b
1 2 4 8 16 20 36 72 144 288 324 344 668 b
1 2 4 8 16 20 36 72 144 288 324 648 668 b
1 2 4 8 16 20 36 72 144 288 360 380 668 b
1 2 4 8 16 20 36 72 144 288 360 648 668 b
1 2 4 8 16 20 36 72 144 288 576 596 668 b
1 2 4 8 16 20 36 72 144 288 576 648 668 b
1 2 4 8 16 20 40 41 81 162 324 344 668 b
1 2 4 8 16 20 40 41 81 162 324 648 668 b
1 2 4 8 16 20 40 60 76 152 304 364 668 b
1 2 4 8 16 20 40 60 76 152 304 608 668 b
1 2 4 8 16 20 40 80 81 162 324 344 668 b
1 2 4 8 16 20 40 80 81 162 324 648 668 b
1 2 4 8 16 20 40 80 82 162 324 344 668 b
1 2 4 8 16 20 40 80 82 162 324 648 668 b
1 2 4 8 16 20 40 80 160 162 324 344 668 b
1 2 4 8 16 20 40 80 160 162 324 648 668 b
1 2 4 8 16 20 40 80 160 164 324 344 668 b
1 2 4 8 16 20 40 80 160 164 324 648 668 b
1 2 4 8 16 20 40 80 160 320 324 344 668 b
1 2 4 8 16 20 40 80 160 320 324 648 668 b
1 2 4 8 16 20 40 80 160 320 328 340 668 a
1 2 4 8 16 20 40 80 160 320 328 348 668 b
1 2 4 8 16 20 40 80 160 320 328 648 668 b
1 2 4 8 16 20 40 80 160 320 340 348 668 b
1 2 4 8 16 20 40 80 160 320 340 660 668 b
1 2 4 8 16 20 40 80 160 320 640 648 668 b
1 2 4 8 16 20 40 80 160 320 640 660 668 b
1 2 4 8 16 24 28 40 80 160 320 348 668 a
1 2 4 8 16 24 28 40 80 160 320 640 668 a
1 2 4 8 16 24 28 52 80 160 320 348 668 b
1 2 4 8 16 24 28 52 80 160 320 640 668 b
1 2 4 8 16 24 28 56 80 160 320 348 668 b
1 2 4 8 16 24 28 56 80 160 320 640 668 b
1 2 4 8 16 24 40 80 81 161 322 346 668 b
1 2 4 8 16 24 40 80 81 161 322 644 668 b
1 2 4 8 16 24 40 80 160 161 322 346 668 b
1 2 4 8 16 24 40 80 160 161 322 644 668 b
1 2 4 8 16 24 40 80 160 162 322 346 668 b
1 2 4 8 16 24 40 80 160 162 322 644 668 b
1 2 4 8 16 24 40 80 160 320 322 346 668 b
1 2 4 8 16 24 40 80 160 320 322 644 668 b
1 2 4 8 16 24 40 80 160 320 324 344 668 a
1 2 4 8 16 24 40 80 160 320 324 348 668 b
1 2 4 8 16 24 40 80 160 320 324 644 668 b
1 2 4 8 16 24 40 80 160 320 344 348 668 b
1 2 4 8 16 24 40 80 160 320 344 664 668 b
1 2 4 8 16 24 40 80 160 320 640 644 668 b
1 2 4 8 16 24 40 80 160 320 640 664 668 b
1 2 4 8 16 24 48 72 76 148 296 372 668 b
1 2 4 8 16 24 48 72 76 148 296 592 668 b
1 2 4 8 16 32 33 34 67 100 167 334 668 b
1 2 4 8 16 32 33 34 67 134 167 334 668 b
1 2 4 8 16 32 33 35 66 101 167 334 668 a
1 2 4 8 16 32 33 35 66 132 167 334 668 a
1 2 4 8 16 32 33 35 67 100 167 334 668 b
1 2 4 8 16 32 33 35 67 134 167 334 668 b
1 2 4 8 16 32 33 37 65 102 167 334 668 a
1 2 4 8 16 32 33 37 65 130 167 334 668 a
1 2 4 8 16 32 33 65 67 100 167 334 668 b
1 2 4 8 16 32 33 65 67 134 167 334 668 b
1 2 4 8 16 32 33 65 69 98 167 334 668 a
1 2 4 8 16 32 33 65 69 102 167 334 668 b
1 2 4 8 16 32 33 65 69 134 167 334 668 b
1 2 4 8 16 32 33 65 98 102 167 334 668 b
1 2 4 8 16 32 33 65 98 163 167 334 668 b
1 2 4 8 16 32 33 65 98 163 171 334 668 b
1 2 4 8 16 32 33 65 98 163 326 334 668 b
1 2 4 8 16 32 33 65 98 163 326 342 668 b
1 2 4 8 16 32 33 65 98 163 326 652 668 b
1 2 4 8 16 32 33 65 130 134 167 334 668 b
1 2 4 8 16 32 33 65 130 163 167 334 668 b
1 2 4 8 16 32 33 65 130 163 171 334 668 b
1 2 4 8 16 32 33 65 130 163 326 334 668 b
1 2 4 8 16 32 33 65 130 163 326 342 668 b
1 2 4 8 16 32 33 65 130 163 326 652 668 b
1 2 4 8 16 32 33 66 67 100 167 334 668 b
1 2 4 8 16 32 33 66 67 134 167 334 668 b
1 2 4 8 16 32 33 66 67 134 200 334 668 b
1 2 4 8 16 32 33 66 67 134 268 334 668 b
1 2 4 8 16 32 33 66 68 99 167 334 668 a
1 2 4 8 16 32 33 66 68 101 167 334 668 b
1 2 4 8 16 32 33 66 68 134 167 334 668 b
1 2 4 8 16 32 33 66 68 134 200 334 668 b
1 2 4 8 16 32 33 66 68 134 268 334 668 b
1 2 4 8 16 32 33 66 70 132 202 334 668 a
1 2 4 8 16 32 33 66 70 132 264 334 668 a
1 2 4 8 16 32 33 66 99 101 167 334 668 b
1 2 4 8 16 32 33 66 99 165 167 334 668 b
1 2 4 8 16 32 33 66 99 165 169 334 668 b
1 2 4 8 16 32 33 66 99 165 330 334 668 b
1 2 4 8 16 32 33 66 99 165 330 338 668 b
1 2 4 8 16 32 33 66 99 165 330 660 668 b
1 2 4 8 16 32 33 66 132 134 167 334 668 b
1 2 4 8 16 32 33 66 132 134 200 334 668 b
1 2 4 8 16 32 33 66 132 134 268 334 668 b
1 2 4 8 16 32 33 66 132 134 268 400 668 b
1 2 4 8 16 32 33 66 132 134 268 536 668 b
1 2 4 8 16 32 33 66 132 136 198 334 668 a
1 2 4 8 16 32 33 66 132 136 202 334 668 b
1 2 4 8 16 32 33 66 132 136 268 334 668 b
1 2 4 8 16 32 33 66 132 136 268 400 668 b
1 2 4 8 16 32 33 66 132 136 268 536 668 b
1 2 4 8 16 32 33 66 132 140 264 404 668 a
1 2 4 8 16 32 33 66 132 140 264 528 668 a
1 2 4 8 16 32 33 66 132 165 167 334 668 b
1 2 4 8 16 32 33 66 132 165 169 334 668 b
1 2 4 8 16 32 33 66 132 165 330 334 668 b
1 2 4 8 16 32 33 66 132 165 330 338 668 b
1 2 4 8 16 32 33 66 132 165 330 660 668 b
1 2 4 8 16 32 33 66 132 198 202 334 668 b
1 2 4 8 16 32 33 66 132 198 330 334 668 b
1 2 4 8 16 32 33 66 132 198 330 338 668 b
1 2 4 8 16 32 33 66 132 198 330 660 668 b
1 2 4 8 16 32 33 66 132 264 268 334 668 b
1 2 4 8 16 32 33 66 132 264 268 400 668 b
1 2 4 8 16 32 33 66 132 264 268 536 668 b
1 2 4 8 16 32 33 66 132 264 272 396 668 a
1 2 4 8 16 32 33 66 132 264 272 404 668 b
1 2 4 8 16 32 33 66 132 264 272 536 668 b
1 2 4 8 16 32 33 66 132 264 330 334 668 b
1 2 4 8 16 32 33 66 132 264 330 338 668 b
1 2 4 8 16 32 33 66 132 264 330 660 668 b
1 2 4 8 16 32 33 66 132 264 396 404 668 b
1 2 4 8 16 32 33 66 132 264 396 660 668 b
1 2 4 8 16 32 33 66 132 264 528 536 668 b
1 2 4 8 16 32 33 66 132 264 528 660 668 b
1 2 4 8 16 32 34 35 66 101 167 334 668 a
1 2 4 8 16 32 34 35 66 132 167 334 668 a
1 2 4 8 16 32 34 50 100 134 200 334 668 a
1 2 4 8 16 32 34 50 100 134 234 334 668 b
1 2 4 8 16 32 34 50 100 150 184 334 668 b
1 2 4 8 16 32 34 50 100 150 300 334 668 b
1 2 4 8 16 32 34 50 100 200 234 334 668 b
1 2 4 8 16 32 34 50 100 200 234 434 668 b
1 2 4 8 16 32 34 50 100 200 234 468 668 b
1 2 4 8 16 32 34 50 100 200 300 334 668 b
1 2 4 8 16 32 34 66 67 100 167 334 668 a
1 2 4 8 16 32 34 66 67 101 167 334 668 b
1 2 4 8 16 32 34 66 67 133 167 334 668 b
1 2 4 8 16 32 34 66 67 134 200 334 668 b
1 2 4 8 16 32 34 66 67 134 268 334 668 b
1 2 4 8 16 32 34 66 68 134 200 334 668 b
1 2 4 8 16 32 34 66 68 134 268 334 668 b
1 2 4 8 16 32 34 66 70 132 202 334 668 a
1 2 4 8 16 32 34 66 70 132 264 334 668 a
1 2 4 8 16 32 34 66 100 101 167 334 668 b
1 2 4 8 16 32 34 66 100 134 200 334 668 b
1 2 4 8 16 32 34 66 100 134 234 334 668 b
1 2 4 8 16 32 34 66 100 134 268 334 668 b
1 2 4 8 16 32 34 66 100 166 167 334 668 b
1 2 4 8 16 32 34 66 100 166 168 334 668 b
1 2 4 8 16 32 34 66 100 166 332 334 668 b
1 2 4 8 16 32 34 66 100 166 332 336 668 b
1 2 4 8 16 32 34 66 100 166 332 664 668 b
1 2 4 8 16 32 34 66 100 200 234 334 668 b
1 2 4 8 16 32 34 66 100 200 234 434 668 b
1 2 4 8 16 32 34 66 100 200 234 468 668 b
1 2 4 8 16 32 34 66 100 200 300 334 668 b
1 2 4 8 16 32 34 66 132 133 167 334 668 b
1 2 4 8 16 32 34 66 132 134 200 334 668 b
1 2 4 8 16 32 34 66 132 134 268 334 668 b
1 2 4 8 16 32 34 66 132 134 268 400 668 b
1 2 4 8 16 32 34 66 132 134 268 536 668 b
1 2 4 8 16 32 34 66 132 136 198 334 668 a
1 2 4 8 16 32 34 66 132 136 202 334 668 b
1 2 4 8 16 32 34 66 132 136 268 334 668 b
1 2 4 8 16 32 34 66 132 136 268 400 668 b
1 2 4 8 16 32 34 66 132 136 268 536 668 b
1 2 4 8 16 32 34 66 132 140 264 404 668 a
1 2 4 8 16 32 34 66 132 140 264 528 668 a
1 2 4 8 16 32 34 66 132 166 167 334 668 b
1 2 4 8 16 32 34 66 132 166 168 334 668 b
1 2 4 8 16 32 34 66 132 166 332 334 668 b
1 2 4 8 16 32 34 66 132 166 332 336 668 b
1 2 4 8 16 32 34 66 132 166 332 664 668 b
1 2 4 8 16 32 34 66 132 198 202 334 668 b
1 2 4 8 16 32 34 66 132 198 330 334 668 b
1 2 4 8 16 32 34 66 132 198 330 338 668 b
1 2 4 8 16 32 34 66 132 198 330 660 668 b
1 2 4 8 16 32 34 66 132 264 268 334 668 b
1 2 4 8 16 32 34 66 132 264 268 400 668 b
1 2 4 8 16 32 34 66 132 264 268 536 668 b
1 2 4 8 16 32 34 66 132 264 272 396 668 a
1 2 4 8 16 32 34 66 132 264 272 404 668 b
1 2 4 8 16 32 34 66 132 264 272 536 668 b
1 2 4 8 16 32 34 66 132 264 330 334 668 b
1 2 4 8 16 32 34 66 132 264 330 338 668 b
1 2 4 8 16 32 34 66 132 264 330 660 668 b
1 2 4 8 16 32 34 66 132 264 396 404 668 b
1 2 4 8 16 32 34 66 132 264 396 660 668 b
1 2 4 8 16 32 34 66 132 264 528 536 668 b
1 2 4 8 16 32 34 66 132 264 528 660 668 b
1 2 4 8 16 32 34 68 100 134 200 334 668 a
1 2 4 8 16 32 34 68 100 134 234 334 668 b
1 2 4 8 16 32 34 68 100 200 234 334 668 b
1 2 4 8 16 32 34 68 100 200 234 434 668 b
1 2 4 8 16 32 34 68 100 200 234 468 668 b
1 2 4 8 16 32 34 68 100 200 268 400 668 a
1 2 4 8 16 32 34 68 100 200 268 468 668 b
1 2 4 8 16 32 34 68 100 200 300 334 668 b
1 2 4 8 16 32 34 68 100 200 300 368 668 b
1 2 4 8 16 32 34 68 100 200 300 600 668 b
1 2 4 8 16 32 34 68 100 200 400 468 668 b
1 2 4 8 16 32 34 68 100 200 400 600 668 b
1 2 4 8 16 32 36 38 74 148 186 334 668 b
1 2 4 8 16 32 36 38 74 148 296 334 668 b
1 2 4 8 16 32 36 68 100 200 268 400 668 a
1 2 4 8 16 32 36 68 100 200 268 468 668 b
1 2 4 8 16 32 36 68 100 200 300 368 668 b
1 2 4 8 16 32 36 68 100 200 300 600 668 b
1 2 4 8 16 32 36 68 100 200 400 468 668 b
1 2 4 8 16 32 36 68 100 200 400 600 668 b
1 2 4 8 16 32 36 72 76 148 296 372 668 b
1 2 4 8 16 32 36 72 76 148 296 592 668 b
1 2 4 8 16 32 36 72 108 140 280 388 668 b
1 2 4 8 16 32 36 72 108 140 280 560 668 b
1 2 4 8 16 32 40 72 76 148 296 372 668 b
1 2 4 8 16 32 40 72 76 148 296 592 668 b
1 2 4 8 16 32 64 65 68 133 201 334 668 a
1 2 4 8 16 32 64 65 68 133 266 334 668 a
1 2 4 8 16 32 64 66 67 134 200 334 668 b
1 2 4 8 16 32 64 66 67 134 268 334 668 b
1 2 4 8 16 32 64 66 68 134 200 334 668 b
1 2 4 8 16 32 64 66 68 134 268 334 668 b
1 2 4 8 16 32 64 66 70 132 202 334 668 a
1 2 4 8 16 32 64 66 70 132 264 334 668 a
1 2 4 8 16 32 64 66 70 134 200 334 668 b
1 2 4 8 16 32 64 66 70 134 268 334 668 b
1 2 4 8 16 32 64 66 74 130 204 334 668 a
1 2 4 8 16 32 64 66 74 130 260 334 668 a
1 2 4 8 16 32 64 66 130 134 200 334 668 b
1 2 4 8 16 32 64 66 130 134 268 334 668 b
1 2 4 8 16 32 64 66 130 138 196 334 668 a
1 2 4 8 16 32 64 66 130 138 204 334 668 b
1 2 4 8 16 32 64 66 130 138 268 334 668 b
1 2 4 8 16 32 64 66 130 196 204 334 668 b
1 2 4 8 16 32 64 66 130 196 326 334 668 b
1 2 4 8 16 32 64 66 130 196 326 342 668 b
1 2 4 8 16 32 64 66 130 196 326 652 668 b
1 2 4 8 16 32 64 66 130 260 268 334 668 b
1 2 4 8 16 32 64 66 130 260 326 334 668 b
1 2 4 8 16 32 64 66 130 260 326 342 668 b
1 2 4 8 16 32 64 66 130 260 326 652 668 b
1 2 4 8 16 32 64 66 132 134 200 334 668 b
1 2 4 8 16 32 64 66 132 134 268 334 668 b
1 2 4 8 16 32 64 66 132 134 268 400 668 b
1 2 4 8 16 32 64 66 132 134 268 536 668 b
1 2 4 8 16 32 64 66 132 136 198 334 668 a
1 2 4 8 16 32 64 66 132 136 202 334 668 b
1 2 4 8 16 32 64 66 132 136 268 334 668 b
1 2 4 8 16 32 64 66 132 136 268 400 668 b
1 2 4 8 16 32 64 66 132 136 268 536 668 b
1 2 4 8 16 32 64 66 132 140 264 404 668 a
1 2 4 8 16 32 64 66 132 140 264 528 668 a
1 2 4 8 16 32 64 66 132 198 202 334 668 b
1 2 4 8 16 32 64 66 132 198 330 334 668 b
1 2 4 8 16 32 64 66 132 198 330 338 668 b
1 2 4 8 16 32 64 66 132 198 330 660 668 b
1 2 4 8 16 32 64 66 132 264 268 334 668 b
1 2 4 8 16 32 64 66 132 264 268 400 668 b
1 2 4 8 16 32 64 66 132 264 268 536 668 b
1 2 4 8 16 32 64 66 132 264 272 396 668 a
1 2 4 8 16 32 64 66 132 264 272 404 668 b
1 2 4 8 16 32 64 66 132 264 272 536 668 b
1 2 4 8 16 32 64 66 132 264 330 334 668 b
1 2 4 8 16 32 64 66 132 264 330 338 668 b
1 2 4 8 16 32 64 66 132 264 330 660 668 b
1 2 4 8 16 32 64 66 132 264 396 404 668 b
1 2 4 8 16 32 64 66 132 264 396 660 668 b
1 2 4 8 16 32 64 66 132 264 528 536 668 b
1 2 4 8 16 32 64 66 132 264 528 660 668 b
1 2 4 8 16 32 64 68 69 133 201 334 668 b
1 2 4 8 16 32 64 68 69 133 266 334 668 b
1 2 4 8 16 32 64 68 70 132 202 334 668 a
1 2 4 8 16 32 64 68 70 132 264 334 668 a
1 2 4 8 16 32 64 68 100 200 268 400 668 a
1 2 4 8 16 32 64 68 100 200 268 468 668 b
1 2 4 8 16 32 64 68 100 200 300 368 668 b
1 2 4 8 16 32 64 68 100 200 300 600 668 b
1 2 4 8 16 32 64 68 100 200 400 468 668 b
1 2 4 8 16 32 64 68 100 200 400 600 668 b
1 2 4 8 16 32 64 68 132 133 201 334 668 b
1 2 4 8 16 32 64 68 132 133 266 334 668 b
1 2 4 8 16 32 64 68 132 134 200 334 668 a
1 2 4 8 16 32 64 68 132 134 202 334 668 b
1 2 4 8 16 32 64 68 132 134 266 334 668 b
1 2 4 8 16 32 64 68 132 134 268 400 668 b
1 2 4 8 16 32 64 68 132 134 268 536 668 b
1 2 4 8 16 32 64 68 132 136 268 400 668 b
1 2 4 8 16 32 64 68 132 136 268 536 668 b
1 2 4 8 16 32 64 68 132 140 264 404 668 a
1 2 4 8 16 32 64 68 132 140 264 528 668 a
1 2 4 8 16 32 64 68 132 200 202 334 668 b
1 2 4 8 16 32 64 68 132 200 268 400 668 b
1 2 4 8 16 32 64 68 132 200 268 468 668 b
1 2 4 8 16 32 64 68 132 200 268 536 668 b
1 2 4 8 16 32 64 68 132 200 332 334 668 b
1 2 4 8 16 32 64 68 132 200 332 336 668 b
1 2 4 8 16 32 64 68 132 200 332 664 668 b
1 2 4 8 16 32 64 68 132 200 400 468 668 b
1 2 4 8 16 32 64 68 132 200 400 600 668 b
1 2 4 8 16 32 64 68 132 264 266 334 668 b
1 2 4 8 16 32 64 68 132 264 268 400 668 b
1 2 4 8 16 32 64 68 132 264 268 536 668 b
1 2 4 8 16 32 64 68 132 264 272 396 668 a
1 2 4 8 16 32 64 68 132 264 272 404 668 b
1 2 4 8 16 32 64 68 132 264 272 536 668 b
1 2 4 8 16 32 64 68 132 264 332 334 668 b
1 2 4 8 16 32 64 68 132 264 332 336 668 b
1 2 4 8 16 32 64 68 132 264 332 664 668 b
1 2 4 8 16 32 64 68 132 264 396 404 668 b
1 2 4 8 16 32 64 68 132 264 396 660 668 b
1 2 4 8 16 32 64 68 132 264 528 536 668 b
1 2 4 8 16 32 64 68 132 264 528 660 668 b
1 2 4 8 16 32 64 68 136 200 268 400 668 a
1 2 4 8 16 32 64 68 136 200 268 468 668 b
1 2 4 8 16 32 64 68 136 200 400 468 668 b
1 2 4 8 16 32 64 68 136 200 400 600 668 b
1 2 4 8 16 32 64 72 76 148 296 372 668 b
1 2 4 8 16 32 64 72 76 148 296 592 668 b
1 2 4 8 16 32 64 128 130 136 266 402 668 a
1 2 4 8 16 32 64 128 130 136 266 532 668 a
1 2 4 8 16 32 64 128 132 134 268 400 668 b
1 2 4 8 16 32 64 128 132 134 268 536 668 b
1 2 4 8 16 32 64 128 132 136 268 400 668 b
1 2 4 8 16 32 64 128 132 136 268 536 668 b
1 2 4 8 16 32 64 128 132 140 264 404 668 a
1 2 4 8 16 32 64 128 132 140 264 528 668 a
1 2 4 8 16 32 64 128 132 140 268 400 668 b
1 2 4 8 16 32 64 128 132 140 268 536 668 b
1 2 4 8 16 32 64 128 132 148 260 408 668 a
1 2 4 8 16 32 64 128 132 148 260 520 668 a
1 2 4 8 16 32 64 128 132 260 268 400 668 b
1 2 4 8 16 32 64 128 132 260 268 536 668 b
1 2 4 8 16 32 64 128 132 260 276 392 668 a
1 2 4 8 16 32 64 128 132 260 276 408 668 b
1 2 4 8 16 32 64 128 132 260 276 536 668 b
1 2 4 8 16 32 64 128 132 260 392 408 668 b
1 2 4 8 16 32 64 128 132 260 392 652 668 b
1 2 4 8 16 32 64 128 132 260 520 536 668 b
1 2 4 8 16 32 64 128 132 260 520 652 668 b
1 2 4 8 16 32 64 128 132 264 268 400 668 b
1 2 4 8 16 32 64 128 132 264 268 536 668 b
1 2 4 8 16 32 64 128 132 264 272 396 668 a
1 2 4 8 16 32 64 128 132 264 272 404 668 b
1 2 4 8 16 32 64 128 132 264 272 536 668 b
1 2 4 8 16 32 64 128 132 264 396 404 668 b
1 2 4 8 16 32 64 128 132 264 396 660 668 b
1 2 4 8 16 32 64 128 132 264 528 536 668 b
1 2 4 8 16 32 64 128 132 264 528 660 668 b
1 2 4 8 16 32 64 128 136 138 266 402 668 b
1 2 4 8 16 32 64 128 136 138 266 532 668 b
1 2 4 8 16 32 64 128 136 140 264 404 668 a
1 2 4 8 16 32 64 128 136 140 264 528 668 a
1 2 4 8 16 32 64 128 136 264 266 402 668 b
1 2 4 8 16 32 64 128 136 264 266 532 668 b
1 2 4 8 16 32 64 128 136 264 268 400 668 a
1 2 4 8 16 32 64 128 136 264 268 404 668 b
1 2 4 8 16 32 64 128 136 264 268 532 668 b
1 2 4 8 16 32 64 128 136 264 400 404 668 b
1 2 4 8 16 32 64 128 136 264 400 664 668 b
1 2 4 8 16 32 64 128 136 264 528 532 668 b
1 2 4 8 16 32 64 128 136 264 528 664 668 b
