1 2 3 4 7 14 28 56 59 115 230 345 690 b
1 2 3 4 7 14 28 56 59 115 230 460 690 b
1 2 3 4 7 14 28 56 112 115 230 345 690 b
1 2 3 4 7 14 28 56 112 115 230 460 690 b
1 2 3 5 7 14 28 56 59 115 230 345 690 b
1 2 3 5 7 14 28 56 59 115 230 460 690 b
1 2 3 5 7 14 28 56 112 115 230 345 690 b
1 2 3 5 7 14 28 56 112 115 230 460 690 b
1 2 3 5 8 16 32 37 69 138 207 345 690 b
1 2 3 5 8 16 32 37 69 138 276 345 690 b
1 2 3 5 8 16 32 37 69 138 276 414 690 b
1 2 3 5 8 16 32 37 69 138 276 552 690 b
1 2 3 5 8 16 32 64 69 138 207 345 690 b
1 2 3 5 8 16 32 64 69 138 276 345 690 b
1 2 3 5 8 16 32 64 69 138 276 414 690 b
1 2 3 5 8 16 32 64 69 138 276 552 690 b
1 2 3 5 10 13 23 46 69 115 230 345 690 b
1 2 3 5 10 13 23 46 69 115 230 460 690 b
1 2 3 5 10 13 23 46 69 138 207 345 690 b
1 2 3 5 10 13 23 46 69 138 276 345 690 b
1 2 3 5 10 13 23 46 69 138 276 414 690 b
1 2 3 5 10 13 23 46 69 138 276 552 690 b
1 2 3 5 10 13 23 46 92 115 230 345 690 b
1 2 3 5 10 13 23 46 92 115 230 460 690 b
1 2 3 5 10 13 23 46 92 138 230 460 690 b
1 2 3 5 10 13 23 46 92 138 276 414 690 b
1 2 3 5 10 13 23 46 92 138 276 552 690 b
1 2 3 5 10 13 23 46 92 184 230 460 690 b
1 2 3 5 10 15 25 40 80 160 185 345 690 b
1 2 3 5 10 15 25 40 80 160 320 345 690 b
1 2 3 5 10 15 25 50 65 115 230 345 690 b
1 2 3 5 10 15 25 50 65 115 230 460 690 b
1 2 3 5 10 15 25 50 100 115 230 345 690 b
1 2 3 5 10 15 25 50 100 115 230 460 690 b
1 2 3 5 10 15 30 45 75 150 195 345 690 b
1 2 3 5 10 15 30 45 75 150 300 345 690 b
1 2 3 5 10 15 30 60 75 135 210 345 690 b
1 2 3 5 10 15 30 60 75 135 270 345 690 b
1 2 3 5 10 15 30 60 90 150 300 390 690 b
1 2 3 5 10 15 30 60 90 150 300 600 690 b
1 2 3 5 10 15 30 60 120 150 270 420 690 b
1 2 3 5 10 15 30 60 120 150 270 540 690 b
1 2 3 5 10 20 23 43 86 172 173 345 690 b
1 2 3 5 10 20 23 43 86 172 344 345 690 b
1 2 3 5 10 20 23 43 86 172 344 346 690 b
1 2 3 5 10 20 23 43 86 172 344 688 690 b
1 2 3 5 10 20 23 46 69 115 230 345 690 b
1 2 3 5 10 20 23 46 69 115 230 460 690 b
1 2 3 5 10 20 23 46 69 138 207 345 690 b
1 2 3 5 10 20 23 46 69 138 276 345 690 b
1 2 3 5 10 20 23 46 69 138 276 414 690 b
1 2 3 5 10 20 23 46 69 138 276 552 690 b
1 2 3 5 10 20 23 46 92 115 230 345 690 b
1 2 3 5 10 20 23 46 92 115 230 460 690 b
1 2 3 5 10 20 23 46 92 138 230 460 690 b
1 2 3 5 10 20 23 46 92 138 276 414 690 b
1 2 3 5 10 20 23 46 92 138 276 552 690 b
1 2 3 5 10 20 23 46 92 184 230 460 690 b
1 2 3 5 10 20 25 40 80 160 185 345 690 a
1 2 3 5 10 20 25 40 80 160 320 345 690 a
1 2 3 5 10 20 25 45 70 115 230 345 690 b
1 2 3 5 10 20 25 45 70 115 230 460 690 b
1 2 3 5 10 20 25 45 90 115 230 345 690 b
1 2 3 5 10 20 25 45 90 115 230 460 690 b
1 2 3 5 10 20 30 50 80 160 320 370 690 b
1 2 3 5 10 20 30 50 80 160 320 640 690 b
1 2 3 5 10 20 30 50 100 130 230 460 690 b
1 2 3 5 10 20 30 50 100 200 230 460 690 b
1 2 3 5 10 20 30 60 90 150 300 390 690 b
1 2 3 5 10 20 30 60 90 150 300 600 690 b
1 2 3 5 10 20 30 60 120 150 270 420 690 b
1 2 3 5 10 20 30 60 120 150 270 540 690 b
1 2 3 5 10 20 40 43 86 172 173 345 690 b
1 2 3 5 10 20 40 43 86 172 344 345 690 b
1 2 3 5 10 20 40 43 86 172 344 346 690 b
1 2 3 5 10 20 40 43 86 172 344 688 690 b
1 2 3 5 10 20 40 45 85 130 215 345 690 b
1 2 3 5 10 20 40 45 85 130 260 345 690 b
1 2 3 5 10 20 40 45 85 170 175 345 690 b
1 2 3 5 10 20 40 45 85 170 340 345 690 b
1 2 3 5 10 20 40 45 85 170 340 350 690 b
1 2 3 5 10 20 40 45 85 170 340 680 690 b
1 2 3 5 10 20 40 50 80 160 320 370 690 a
1 2 3 5 10 20 40 50 80 160 320 640 690 a
1 2 3 5 10 20 40 50 90 140 230 460 690 b
1 2 3 5 10 20 40 50 90 180 230 460 690 b
1 2 3 5 10 20 40 80 85 170 175 345 690 b
1 2 3 5 10 20 40 80 85 170 340 345 690 b
1 2 3 5 10 20 40 80 85 170 340 350 690 b
1 2 3 5 10 20 40 80 85 170 340 680 690 b
1 2 3 5 10 20 40 80 90 170 175 345 690 b
1 2 3 5 10 20 40 80 90 170 260 430 690 b
1 2 3 5 10 20 40 80 90 170 260 520 690 b
1 2 3 5 10 20 40 80 90 170 340 345 690 b
1 2 3 5 10 20 40 80 90 170 340 350 690 b
1 2 3 5 10 20 40 80 90 170 340 680 690 b
1 2 3 5 10 20 40 80 160 165 180 345 690 a
1 2 3 5 10 20 40 80 160 165 185 345 690 b
1 2 3 5 10 20 40 80 160 165 325 345 690 b
1 2 3 5 10 20 40 80 160 165 325 365 690 b
1 2 3 5 10 20 40 80 160 165 325 650 690 b
1 2 3 5 10 20 40 80 160 170 175 345 690 b
1 2 3 5 10 20 40 80 160 170 340 345 690 b
1 2 3 5 10 20 40 80 160 170 340 350 690 b
1 2 3 5 10 20 40 80 160 170 340 680 690 b
1 2 3 5 10 20 40 80 160 180 185 345 690 b
1 2 3 5 10 20 40 80 160 180 340 345 690 b
1 2 3 5 10 20 40 80 160 180 340 350 690 b
1 2 3 5 10 20 40 80 160 180 340 680 690 b
1 2 3 5 10 20 40 80 160 320 325 345 690 b
1 2 3 5 10 20 40 80 160 320 325 365 690 b
1 2 3 5 10 20 40 80 160 320 325 650 690 b
1 2 3 5 10 20 40 80 160 320 330 360 690 a
1 2 3 5 10 20 40 80 160 320 330 370 690 b
1 2 3 5 10 20 40 80 160 320 330 650 690 b
1 2 3 5 10 20 40 80 160 320 340 345 690 b
1 2 3 5 10 20 40 80 160 320 340 350 690 b
1 2 3 5 10 20 40 80 160 320 340 680 690 b
1 2 3 5 10 20 40 80 160 320 360 370 690 b
1 2 3 5 10 20 40 80 160 320 360 680 690 b
1 2 3 5 10 20 40 80 160 320 640 650 690 b
1 2 3 5 10 20 40 80 160 320 640 680 690 b
1 2 3 6 7 14 28 56 59 115 230 345 690 b
1 2 3 6 7 14 28 56 59 115 230 460 690 b
1 2 3 6 7 14 28 56 112 115 230 345 690 b
1 2 3 6 7 14 28 56 112 115 230 460 690 b
1 2 3 6 7 14 28 56 112 118 230 460 690 b
1 2 3 6 7 14 28 56 112 224 230 460 690 b
1 2 3 6 8 14 28 56 59 115 230 345 690 b
1 2 3 6 8 14 28 56 59 115 230 460 690 b
1 2 3 6 8 14 28 56 112 115 230 345 690 b
1 2 3 6 8 14 28 56 112 115 230 460 690 b
1 2 3 6 8 14 28 56 112 118 230 460 690 b
1 2 3 6 8 14 28 56 112 224 230 460 690 b
1 2 3 6 9 12 21 42 84 168 177 345 690 b
1 2 3 6 9 12 21 42 84 168 336 345 690 b
1 2 3 6 9 15 21 42 84 168 177 345 690 b
1 2 3 6 9 15 21 42 84 168 336 345 690 b
1 2 3 6 9 15 30 39 69 138 207 345 690 b
1 2 3 6 9 15 30 39 69 138 276 345 690 b
1 2 3 6 9 15 30 39 69 138 276 414 690 b
1 2 3 6 9 15 30 39 69 138 276 552 690 b
1 2 3 6 9 15 30 45 75 150 195 345 690 b
1 2 3 6 9 15 30 45 75 150 300 345 690 b
1 2 3 6 9 15 30 60 69 138 207 345 690 b
1 2 3 6 9 15 30 60 69 138 276 345 690 b
1 2 3 6 9 15 30 60 69 138 276 414 690 b
1 2 3 6 9 15 30 60 69 138 276 552 690 b
1 2 3 6 9 15 30 60 75 135 210 345 690 b
1 2 3 6 9 15 30 60 75 135 270 345 690 b
1 2 3 6 9 15 30 60 90 150 300 390 690 b
1 2 3 6 9 15 30 60 90 150 300 600 690 b
1 2 3 6 9 15 30 60 120 150 270 420 690 b
1 2 3 6 9 15 30 60 120 150 270 540 690 b
1 2 3 6 9 18 21 42 84 168 177 345 690 b
1 2 3 6 9 18 21 42 84 168 336 345 690 b
1 2 3 6 9 18 21 42 84 168 336 354 690 b
1 2 3 6 9 18 21 42 84 168 336 672 690 b
1 2 3 6 9 18 24 42 84 168 177 345 690 b
1 2 3 6 9 18 24 42 84 168 336 345 690 b
1 2 3 6 9 18 24 42 84 168 336 354 690 b
1 2 3 6 9 18 24 42 84 168 336 672 690 b
1 2 3 6 9 18 36 42 84 168 177 345 690 b
1 2 3 6 9 18 36 42 84 168 336 345 690 b
1 2 3 6 9 18 36 42 84 168 336 354 690 b
1 2 3 6 9 18 36 42 84 168 336 672 690 b
1 2 3 6 12 14 28 56 59 115 230 345 690 b
1 2 3 6 12 14 28 56 59 115 230 460 690 b
1 2 3 6 12 14 28 56 112 115 230 345 690 b
1 2 3 6 12 14 28 56 112 115 230 460 690 b
1 2 3 6 12 14 28 56 112 118 230 460 690 b
1 2 3 6 12 14 28 56 112 224 230 460 690 b
1 2 3 6 12 15 27 42 69 138 207 345 690 b
1 2 3 6 12 15 27 42 69 138 276 345 690 b
1 2 3 6 12 15 27 42 69 138 276 414 690 b
1 2 3 6 12 15 27 42 69 138 276 552 690 b
1 2 3 6 12 15 27 54 69 138 207 345 690 b
1 2 3 6 12 15 27 54 69 138 276 345 690 b
1 2 3 6 12 15 27 54 69 138 276 414 690 b
1 2 3 6 12 15 27 54 69 138 276 552 690 b
1 2 3 6 12 15 30 45 75 150 195 345 690 b
1 2 3 6 12 15 30 45 75 150 300 345 690 b
1 2 3 6 12 15 30 60 75 135 210 345 690 b
1 2 3 6 12 15 30 60 75 135 270 345 690 b
1 2 3 6 12 15 30 60 90 150 300 390 690 b
1 2 3 6 12 15 30 60 90 150 300 600 690 b
1 2 3 6 12 15 30 60 120 150 270 420 690 b
1 2 3 6 12 15 30 60 120 150 270 540 690 b
1 2 3 6 12 18 21 42 84 168 336 354 690 b
1 2 3 6 12 18 21 42 84 168 336 672 690 b
1 2 3 6 12 18 24 42 84 168 336 354 690 b
1 2 3 6 12 18 24 42 84 168 336 672 690 b
1 2 3 6 12 18 30 42 84 168 336 354 690 b
1 2 3 6 12 18 30 42 84 168 336 672 690 b
1 2 3 6 12 18 30 60 78 138 276 414 690 b
1 2 3 6 12 18 30 60 78 138 276 552 690 b
1 2 3 6 12 18 30 60 90 150 300 390 690 b
1 2 3 6 12 18 30 60 90 150 300 600 690 b
1 2 3 6 12 18 30 60 120 138 276 414 690 b
1 2 3 6 12 18 30 60 120 138 276 552 690 b
1 2 3 6 12 18 30 60 120 150 270 420 690 b
1 2 3 6 12 18 30 60 120 150 270 540 690 b
1 2 3 6 12 18 36 42 84 168 336 354 690 b
1 2 3 6 12 18 36 42 84 168 336 672 690 b
1 2 3 6 12 18 36 48 84 168 336 354 690 b
1 2 3 6 12 18 36 48 84 168 336 672 690 b
1 2 3 6 12 18 36 72 84 168 336 354 690 b
1 2 3 6 12 18 36 72 84 168 336 672 690 b
1 2 3 6 12 24 25 49 74 148 197 345 690 b
1 2 3 6 12 24 25 49 74 148 296 345 690 b
1 2 3 6 12 24 30 54 84 138 276 414 690 b
1 2 3 6 12 24 30 54 84 138 276 552 690 b
1 2 3 6 12 24 30 54 108 138 276 414 690 b
1 2 3 6 12 24 30 54 108 138 276 552 690 b
1 2 3 6 12 24 30 60 90 150 300 390 690 b
1 2 3 6 12 24 30 60 90 150 300 600 690 b
1 2 3 6 12 24 30 60 120 150 270 420 690 b
1 2 3 6 12 24 30 60 120 150 270 540 690 b
1 2 3 6 12 24 48 50 98 148 296 394 690 b
1 2 3 6 12 24 48 50 98 148 296 592 690 b
1 2 3 6 12 24 48 51 96 147 198 345 690 a
1 2 3 6 12 24 48 51 96 147 294 345 690 a
1 2 3 6 12 24 48 51 99 123 222 345 690 b
1 2 3 6 12 24 48 51 99 123 246 345 690 b
1 2 3 6 12 24 48 51 99 147 198 345 690 b
1 2 3 6 12 24 48 51 99 147 246 345 690 b
1 2 3 6 12 24 48 51 99 147 294 345 690 b
1 2 3 6 12 24 48 51 99 198 246 345 690 b
1 2 3 6 12 24 48 51 99 198 246 444 690 b
1 2 3 6 12 24 48 51 99 198 246 492 690 b
1 2 3 6 12 24 48 51 99 198 297 345 690 b
1 2 3 6 12 24 48 96 99 123 222 345 690 b
1 2 3 6 12 24 48 96 99 123 246 345 690 b
1 2 3 6 12 24 48 96 99 147 198 345 690 a
1 2 3 6 12 24 48 96 99 147 246 345 690 b
1 2 3 6 12 24 48 96 99 198 246 345 690 b
1 2 3 6 12 24 48 96 99 198 246 444 690 b
1 2 3 6 12 24 48 96 99 198 246 492 690 b
1 2 3 6 12 24 48 96 99 198 294 396 690 a
1 2 3 6 12 24 48 96 99 198 294 492 690 b
1 2 3 6 12 24 48 96 99 198 297 345 690 b
1 2 3 6 12 24 48 96 99 198 297 393 690 b
1 2 3 6 12 24 48 96 99 198 297 594 690 b
1 2 3 6 12 24 48 96 99 198 396 492 690 b
1 2 3 6 12 24 48 96 99 198 396 594 690 b
1 2 3 6 12 24 48 96 102 192 294 396 690 a
1 2 3 6 12 24 48 96 102 192 294 588 690 a
1 2 3 6 12 24 48 96 102 198 246 444 690 b
1 2 3 6 12 24 48 96 102 198 246 492 690 b
1 2 3 6 12 24 48 96 102 198 294 396 690 b
1 2 3 6 12 24 48 96 102 198 294 492 690 b
1 2 3 6 12 24 48 96 102 198 294 588 690 b
1 2 3 6 12 24 48 96 102 198 396 492 690 b
1 2 3 6 12 24 48 96 102 198 396 594 690 b
1 2 3 6 12 24 48 96 192 198 246 444 690 b
1 2 3 6 12 24 48 96 192 198 246 492 690 b
1 2 3 6 12 24 48 96 192 198 294 396 690 a
1 2 3 6 12 24 48 96 192 198 294 492 690 b
1 2 3 6 12 24 48 96 192 198 396 492 690 b
1 2 3 6 12 24 48 96 192 198 396 594 690 b
1 2 4 5 8 16 32 37 69 138 207 345 690 a
1 2 4 5 8 16 32 37 69 138 276 345 690 a
1 2 4 5 8 16 32 37 69 138 276 414 690 a
1 2 4 5 8 16 32 37 69 138 276 552 690 a
1 2 4 5 8 16 32 64 69 138 207 345 690 a
1 2 4 5 8 16 32 64 69 138 276 345 690 a
1 2 4 5 8 16 32 64 69 138 276 414 690 a
1 2 4 5 8 16 32 64 69 138 276 552 690 a
1 2 4 5 9 14 23 46 69 115 230 345 690 b
1 2 4 5 9 14 23 46 69 115 230 460 690 b
1 2 4 5 9 14 23 46 69 138 207 345 690 b
1 2 4 5 9 14 23 46 69 138 276 345 690 b
1 2 4 5 9 14 23 46 69 138 276 414 690 b
1 2 4 5 9 14 23 46 69 138 276 552 690 b
1 2 4 5 9 14 23 46 92 115 230 345 690 b
1 2 4 5 9 14 23 46 92 115 230 460 690 b
1 2 4 5 9 14 23 46 92 138 230 460 690 b
1 2 4 5 9 14 23 46 92 138 276 414 690 b
1 2 4 5 9 14 23 46 92 138 276 552 690 b
1 2 4 5 9 14 23 46 92 184 230 460 690 b
1 2 4 5 9 14 28 42 84 168 177 345 690 b
1 2 4 5 9 14 28 42 84 168 336 345 690 b
1 2 4 5 9 14 28 56 84 168 177 345 690 b
1 2 4 5 9 14 28 56 84 168 336 345 690 b
1 2 4 5 9 14 28 56 112 121 224 345 690 a
1 2 4 5 9 14 28 56 112 121 233 345 690 b
1 2 4 5 9 14 28 56 112 168 177 345 690 b
1 2 4 5 9 14 28 56 112 168 336 345 690 b
1 2 4 5 9 14 28 56 112 224 233 345 690 b
1 2 4 5 9 14 28 56 112 224 233 457 690 b
1 2 4 5 9 14 28 56 112 224 233 466 690 b
1 2 4 5 9 14 28 56 112 224 336 345 690 b
1 2 4 5 9 18 23 46 69 115 230 345 690 b
1 2 4 5 9 18 23 46 69 115 230 460 690 b
1 2 4 5 9 18 23 46 69 138 207 345 690 b
1 2 4 5 9 18 23 46 69 138 276 345 690 b
1 2 4 5 9 18 23 46 69 138 276 414 690 b
1 2 4 5 9 18 23 46 69 138 276 552 690 b
1 2 4 5 9 18 23 46 92 115 230 345 690 b
1 2 4 5 9 18 23 46 92 115 230 460 690 b
1 2 4 5 9 18 23 46 92 138 230 460 690 b
1 2 4 5 9 18 23 46 92 138 276 414 690 b
1 2 4 5 9 18 23 46 92 138 276 552 690 b
1 2 4 5 9 18 23 46 92 184 230 460 690 b
1 2 4 5 10 15 25 40 80 160 185 345 690 b
1 2 4 5 10 15 25 40 80 160 320 345 690 b
1 2 4 5 10 15 25 50 65 115 230 345 690 b
1 2 4 5 10 15 25 50 65 115 230 460 690 b
1 2 4 5 10 15 25 50 100 115 230 345 690 b
1 2 4 5 10 15 25 50 100 115 230 460 690 b
1 2 4 5 10 15 30 45 75 150 195 345 690 b
1 2 4 5 10 15 30 45 75 150 300 345 690 b
1 2 4 5 10 15 30 60 75 135 210 345 690 b
1 2 4 5 10 15 30 60 75 135 270 345 690 b
1 2 4 5 10 15 30 60 90 150 300 390 690 b
1 2 4 5 10 15 30 60 90 150 300 600 690 b
1 2 4 5 10 15 30 60 120 150 270 420 690 b
1 2 4 5 10 15 30 60 120 150 270 540 690 b
1 2 4 5 10 20 25 40 80 160 185 345 690 a
1 2 4 5 10 20 25 40 80 160 320 345 690 a
1 2 4 5 10 20 25 45 70 115 230 345 690 b
1 2 4 5 10 20 25 45 70 115 230 460 690 b
1 2 4 5 10 20 25 45 90 115 230 345 690 b
1 2 4 5 10 20 25 45 90 115 230 460 690 b
1 2 4 5 10 20 30 50 80 160 320 370 690 b
1 2 4 5 10 20 30 50 80 160 320 640 690 b
1 2 4 5 10 20 30 50 100 130 230 460 690 b
1 2 4 5 10 20 30 50 100 200 230 460 690 b
1 2 4 5 10 20 30 60 90 150 300 390 690 b
1 2 4 5 10 20 30 60 90 150 300 600 690 b
1 2 4 5 10 20 30 60 120 150 270 420 690 b
1 2 4 5 10 20 30 60 120 150 270 540 690 b
1 2 4 5 10 20 40 45 85 130 215 345 690 b
1 2 4 5 10 20 40 45 85 130 260 345 690 b
1 2 4 5 10 20 40 45 85 170 175 345 690 b
1 2 4 5 10 20 40 45 85 170 340 345 690 b
1 2 4 5 10 20 40 45 85 170 340 350 690 b
1 2 4 5 10 20 40 45 85 170 340 680 690 b
1 2 4 5 10 20 40 50 80 160 320 370 690 a
1 2 4 5 10 20 40 50 80 160 320 640 690 a
1 2 4 5 10 20 40 50 90 140 230 460 690 b
1 2 4 5 10 20 40 50 90 180 230 460 690 b
1 2 4 5 10 20 40 80 85 170 175 345 690 b
1 2 4 5 10 20 40 80 85 170 340 345 690 b
1 2 4 5 10 20 40 80 85 170 340 350 690 b
1 2 4 5 10 20 40 80 85 170 340 680 690 b
1 2 4 5 10 20 40 80 90 170 175 345 690 b
1 2 4 5 10 20 40 80 90 170 260 430 690 b
1 2 4 5 10 20 40 80 90 170 260 520 690 b
1 2 4 5 10 20 40 80 90 170 340 345 690 b
1 2 4 5 10 20 40 80 90 170 340 350 690 b
1 2 4 5 10 20 40 80 90 170 340 680 690 b
1 2 4 5 10 20 40 80 160 165 180 345 690 a
1 2 4 5 10 20 40 80 160 165 185 345 690 b
1 2 4 5 10 20 40 80 160 165 325 345 690 b
1 2 4 5 10 20 40 80 160 165 325 365 690 b
1 2 4 5 10 20 40 80 160 165 325 650 690 b
1 2 4 5 10 20 40 80 160 170 175 345 690 b
1 2 4 5 10 20 40 80 160 170 340 345 690 b
1 2 4 5 10 20 40 80 160 170 340 350 690 b
1 2 4 5 10 20 40 80 160 170 340 680 690 b
1 2 4 5 10 20 40 80 160 180 185 345 690 b
1 2 4 5 10 20 40 80 160 180 340 345 690 b
1 2 4 5 10 20 40 80 160 180 340 350 690 b
1 2 4 5 10 20 40 80 160 180 340 680 690 b
1 2 4 5 10 20 40 80 160 320 325 345 690 b
1 2 4 5 10 20 40 80 160 320 325 365 690 b
1 2 4 5 10 20 40 80 160 320 325 650 690 b
1 2 4 5 10 20 40 80 160 320 330 360 690 a
1 2 4 5 10 20 40 80 160 320 330 370 690 b
1 2 4 5 10 20 40 80 160 320 330 650 690 b
1 2 4 5 10 20 40 80 160 320 340 345 690 b
1 2 4 5 10 20 40 80 160 320 340 350 690 b
1 2 4 5 10 20 40 80 160 320 340 680 690 b
1 2 4 5 10 20 40 80 160 320 360 370 690 b
1 2 4 5 10 20 40 80 160 320 360 680 690 b
1 2 4 5 10 20 40 80 160 320 640 650 690 b
1 2 4 5 10 20 40 80 160 320 640 680 690 b
1 2 4 6 7 14 28 56 112 118 230 460 690 b
1 2 4 6 7 14 28 56 112 224 230 460 690 b
1 2 4 6 8 14 28 56 112 118 230 460 690 b
1 2 4 6 8 14 28 56 112 224 230 460 690 b
1 2 4 6 10 14 28 56 112 118 230 460 690 b
1 2 4 6 10 14 28 56 112 224 230 460 690 b
1 2 4 6 10 16 32 64 74 138 276 414 690 b
1 2 4 6 10 16 32 64 74 138 276 552 690 b
1 2 4 6 10 16 32 64 128 138 276 414 690 b
1 2 4 6 10 16 32 64 128 138 276 552 690 b
1 2 4 6 10 20 26 46 92 138 230 460 690 b
1 2 4 6 10 20 26 46 92 138 276 414 690 b
1 2 4 6 10 20 26 46 92 138 276 552 690 b
1 2 4 6 10 20 26 46 92 184 230 460 690 b
1 2 4 6 10 20 30 50 80 160 320 370 690 b
1 2 4 6 10 20 30 50 80 160 320 640 690 b
1 2 4 6 10 20 30 50 100 130 230 460 690 b
1 2 4 6 10 20 30 50 100 200 230 460 690 b
1 2 4 6 10 20 30 60 90 150 300 390 690 b
1 2 4 6 10 20 30 60 90 150 300 600 690 b
1 2 4 6 10 20 30 60 120 150 270 420 690 b
1 2 4 6 10 20 30 60 120 150 270 540 690 b
1 2 4 6 10 20 40 46 86 172 173 345 690 b
1 2 4 6 10 20 40 46 86 172 344 345 690 b
1 2 4 6 10 20 40 46 86 172 344 346 690 b
1 2 4 6 10 20 40 46 86 172 344 688 690 b
1 2 4 6 10 20 40 46 92 138 230 460 690 b
1 2 4 6 10 20 40 46 92 138 276 414 690 b
1 2 4 6 10 20 40 46 92 138 276 552 690 b
1 2 4 6 10 20 40 46 92 184 230 460 690 b
1 2 4 6 10 20 40 50 80 160 320 370 690 a
1 2 4 6 10 20 40 50 80 160 320 640 690 a
1 2 4 6 10 20 40 50 90 140 230 460 690 b
1 2 4 6 10 20 40 50 90 180 230 460 690 b
1 2 4 6 10 20 40 80 86 172 173 345 690 b
1 2 4 6 10 20 40 80 86 172 344 345 690 b
1 2 4 6 10 20 40 80 86 172 344 346 690 b
1 2 4 6 10 20 40 80 86 172 344 688 690 b
1 2 4 6 10 20 40 80 90 170 260 430 690 b
1 2 4 6 10 20 40 80 90 170 260 520 690 b
1 2 4 6 10 20 40 80 90 170 340 350 690 b
1 2 4 6 10 20 40 80 90 170 340 680 690 b
1 2 4 6 10 20 40 80 160 170 340 350 690 b
1 2 4 6 10 20 40 80 160 170 340 680 690 b
1 2 4 6 10 20 40 80 160 180 340 350 690 b
1 2 4 6 10 20 40 80 160 180 340 680 690 b
1 2 4 6 10 20 40 80 160 320 330 360 690 a
1 2 4 6 10 20 40 80 160 320 330 370 690 b
1 2 4 6 10 20 40 80 160 320 330 650 690 b
1 2 4 6 10 20 40 80 160 320 340 350 690 b
1 2 4 6 10 20 40 80 160 320 340 680 690 b
1 2 4 6 10 20 40 80 160 320 360 370 690 b
1 2 4 6 10 20 40 80 160 320 360 680 690 b
1 2 4 6 10 20 40 80 160 320 640 650 690 b
1 2 4 6 10 20 40 80 160 320 640 680 690 b
1 2 4 6 12 14 28 56 112 118 230 460 690 b
1 2 4 6 12 14 28 56 112 224 230 460 690 b
1 2 4 6 12 16 28 56 112 118 230 460 690 b
1 2 4 6 12 16 28 56 112 224 230 460 690 b
1 2 4 6 12 18 24 42 84 168 336 354 690 b
1 2 4 6 12 18 24 42 84 168 336 672 690 b
1 2 4 6 12 18 30 42 84 168 336 354 690 b
1 2 4 6 12 18 30 42 84 168 336 672 690 b
1 2 4 6 12 18 30 60 78 138 276 414 690 b
1 2 4 6 12 18 30 60 78 138 276 552 690 b
1 2 4 6 12 18 30 60 90 150 300 390 690 b
1 2 4 6 12 18 30 60 90 150 300 600 690 b
1 2 4 6 12 18 30 60 120 138 276 414 690 b
1 2 4 6 12 18 30 60 120 138 276 552 690 b
1 2 4 6 12 18 30 60 120 150 270 420 690 b
1 2 4 6 12 18 30 60 120 150 270 540 690 b
1 2 4 6 12 18 36 42 84 168 336 354 690 b
1 2 4 6 12 18 36 42 84 168 336 672 690 b
1 2 4 6 12 18 36 48 84 168 336 354 690 b
1 2 4 6 12 18 36 48 84 168 336 672 690 b
1 2 4 6 12 18 36 72 84 168 336 354 690 b
1 2 4 6 12 18 36 72 84 168 336 672 690 b
1 2 4 6 12 24 25 49 74 148 197 345 690 b
1 2 4 6 12 24 25 49 74 148 296 345 690 b
1 2 4 6 12 24 28 56 112 118 230 460 690 b
1 2 4 6 12 24 28 56 112 224 230 460 690 b
1 2 4 6 12 24 30 54 84 138 276 414 690 b
1 2 4 6 12 24 30 54 84 138 276 552 690 b
1 2 4 6 12 24 30 54 108 138 276 414 690 b
1 2 4 6 12 24 30 54 108 138 276 552 690 b
1 2 4 6 12 24 30 60 90 150 300 390 690 b
1 2 4 6 12 24 30 60 90 150 300 600 690 b
1 2 4 6 12 24 30 60 120 150 270 420 690 b
1 2 4 6 12 24 30 60 120 150 270 540 690 b
1 2 4 6 12 24 48 50 98 148 296 394 690 b
1 2 4 6 12 24 48 50 98 148 296 592 690 b
1 2 4 6 12 24 48 96 102 192 294 396 690 a
1 2 4 6 12 24 48 96 102 192 294 588 690 a
1 2 4 6 12 24 48 96 102 198 246 444 690 b
1 2 4 6 12 24 48 96 102 198 246 492 690 b
1 2 4 6 12 24 48 96 102 198 294 396 690 b
1 2 4 6 12 24 48 96 102 198 294 492 690 b
1 2 4 6 12 24 48 96 102 198 294 588 690 b
1 2 4 6 12 24 48 96 102 198 396 492 690 b
1 2 4 6 12 24 48 96 102 198 396 594 690 b
1 2 4 6 12 24 48 96 192 198 246 444 690 b
1 2 4 6 12 24 48 96 192 198 246 492 690 b
1 2 4 6 12 24 48 96 192 198 294 396 690 a
1 2 4 6 12 24 48 96 192 198 294 492 690 b
1 2 4 6 12 24 48 96 192 198 396 492 690 b
1 2 4 6 12 24 48 96 192 198 396 594 690 b
1 2 4 8 9 12 21 42 84 168 177 345 690 a
1 2 4 8 9 12 21 42 84 168 336 345 690 a
1 2 4 8 9 13 21 42 84 168 177 345 690 b
1 2 4 8 9 13 21 42 84 168 336 345 690 b
1 2 4 8 9 17 21 42 84 168 177 345 690 b
1 2 4 8 9 17 21 42 84 168 336 345 690 b
1 2 4 8 9 17 25 42 84 168 177 345 690 b
1 2 4 8 9 17 25 42 84 168 336 345 690 b
1 2 4 8 9 17 26 43 69 138 207 345 690 b
1 2 4 8 9 17 26 43 69 138 276 345 690 b
1 2 4 8 9 17 26 43 69 138 276 414 690 b
1 2 4 8 9 17 26 43 69 138 276 552 690 b
1 2 4 8 9 17 26 43 86 172 173 345 690 b
1 2 4 8 9 17 26 43 86 172 344 345 690 b
1 2 4 8 9 17 26 43 86 172 344 346 690 b
1 2 4 8 9 17 26 43 86 172 344 688 690 b
1 2 4 8 9 17 26 52 69 138 207 345 690 b
1 2 4 8 9 17 26 52 69 138 276 345 690 b
1 2 4 8 9 17 26 52 69 138 276 414 690 b
1 2 4 8 9 17 26 52 69 138 276 552 690 b
1 2 4 8 9 17 34 35 69 138 207 345 690 b
1 2 4 8 9 17 34 35 69 138 276 345 690 b
1 2 4 8 9 17 34 35 69 138 276 414 690 b
1 2 4 8 9 17 34 35 69 138 276 552 690 b
1 2 4 8 9 17 34 42 84 168 177 345 690 b
1 2 4 8 9 17 34 42 84 168 336 345 690 b
1 2 4 8 9 17 34 43 86 172 173 345 690 b
1 2 4 8 9 17 34 43 86 172 344 345 690 b
1 2 4 8 9 17 34 43 86 172 344 346 690 b
1 2 4 8 9 17 34 43 86 172 344 688 690 b
1 2 4 8 9 17 34 68 69 138 207 345 690 b
1 2 4 8 9 17 34 68 69 138 276 345 690 b
1 2 4 8 9 17 34 68 69 138 276 414 690 b
1 2 4 8 9 17 34 68 69 138 276 552 690 b
1 2 4 8 9 17 34 68 70 138 276 414 690 b
1 2 4 8 9 17 34 68 70 138 276 552 690 b
1 2 4 8 9 17 34 68 136 138 276 414 690 b
1 2 4 8 9 17 34 68 136 138 276 552 690 b
1 2 4 8 10 16 32 64 74 138 276 414 690 a
1 2 4 8 10 16 32 64 74 138 276 552 690 a
1 2 4 8 10 16 32 64 128 138 276 414 690 a
1 2 4 8 10 16 32 64 128 138 276 552 690 a
1 2 4 8 10 18 28 46 92 138 230 460 690 b
1 2 4 8 10 18 28 46 92 138 276 414 690 b
1 2 4 8 10 18 28 46 92 138 276 552 690 b
1 2 4 8 10 18 28 46 92 184 230 460 690 b
1 2 4 8 10 18 28 56 84 168 336 354 690 b
1 2 4 8 10 18 28 56 84 168 336 672 690 b
1 2 4 8 10 18 28 56 112 168 336 354 690 b
1 2 4 8 10 18 28 56 112 168 336 672 690 b
1 2 4 8 10 18 28 56 112 224 242 448 690 a
1 2 4 8 10 18 28 56 112 224 242 466 690 b
1 2 4 8 10 18 28 56 112 224 336 354 690 b
1 2 4 8 10 18 28 56 112 224 336 672 690 b
1 2 4 8 10 18 28 56 112 224 448 466 690 b
1 2 4 8 10 18 28 56 112 224 448 672 690 b
1 2 4 8 10 18 36 46 92 138 230 460 690 b
1 2 4 8 10 18 36 46 92 138 276 414 690 b
1 2 4 8 10 18 36 46 92 138 276 552 690 b
1 2 4 8 10 18 36 46 92 184 230 460 690 b
1 2 4 8 10 20 30 50 80 160 320 370 690 b
1 2 4 8 10 20 30 50 80 160 320 640 690 b
1 2 4 8 10 20 30 50 100 130 230 460 690 b
1 2 4 8 10 20 30 50 100 200 230 460 690 b
1 2 4 8 10 20 30 60 90 150 300 390 690 b
1 2 4 8 10 20 30 60 90 150 300 600 690 b
1 2 4 8 10 20 30 60 120 150 270 420 690 b
1 2 4 8 10 20 30 60 120 150 270 540 690 b
1 2 4 8 10 20 40 50 80 160 320 370 690 a
1 2 4 8 10 20 40 50 80 160 320 640 690 a
1 2 4 8 10 20 40 50 90 140 230 460 690 b
1 2 4 8 10 20 40 50 90 180 230 460 690 b
1 2 4 8 10 20 40 80 90 170 260 430 690 b
1 2 4 8 10 20 40 80 90 170 260 520 690 b
1 2 4 8 10 20 40 80 90 170 340 350 690 b
1 2 4 8 10 20 40 80 90 170 340 680 690 b
1 2 4 8 10 20 40 80 160 170 340 350 690 b
1 2 4 8 10 20 40 80 160 170 340 680 690 b
1 2 4 8 10 20 40 80 160 180 340 350 690 b
1 2 4 8 10 20 40 80 160 180 340 680 690 b
1 2 4 8 10 20 40 80 160 320 330 360 690 a
1 2 4 8 10 20 40 80 160 320 330 370 690 b
1 2 4 8 10 20 40 80 160 320 330 650 690 b
1 2 4 8 10 20 40 80 160 320 340 350 690 b
1 2 4 8 10 20 40 80 160 320 340 680 690 b
1 2 4 8 10 20 40 80 160 320 360 370 690 b
1 2 4 8 10 20 40 80 160 320 360 680 690 b
1 2 4 8 10 20 40 80 160 320 640 650 690 b
1 2 4 8 10 20 40 80 160 320 640 680 690 b
1 2 4 8 12 20 40 80 92 172 173 345 690 b
1 2 4 8 12 20 40 80 92 172 344 345 690 b
1 2 4 8 12 20 40 80 92 172 344 346 690 b
1 2 4 8 12 20 40 80 92 172 344 688 690 b
1 2 4 8 12 20 40 80 160 172 173 345 690 b
1 2 4 8 12 20 40 80 160 172 344 345 690 b
1 2 4 8 12 20 40 80 160 172 344 346 690 b
1 2 4 8 12 20 40 80 160 172 344 688 690 b
1 2 4 8 12 24 25 49 74 148 197 345 690 b
1 2 4 8 12 24 25 49 74 148 296 345 690 b
1 2 4 8 12 24 48 50 98 148 296 394 690 b
1 2 4 8 12 24 48 50 98 148 296 592 690 b
1 2 4 8 16 17 24 41 82 164 181 345 690 a
1 2 4 8 16 17 24 41 82 164 328 345 690 a
1 2 4 8 16 17 25 41 82 164 181 345 690 b
1 2 4 8 16 17 25 41 82 164 328 345 690 b
1 2 4 8 16 17 32 49 66 115 230 345 690 a
1 2 4 8 16 17 32 49 66 115 230 460 690 a
1 2 4 8 16 17 32 49 98 115 230 345 690 a
1 2 4 8 16 17 32 49 98 115 230 460 690 a
1 2 4 8 16 17 33 41 74 115 230 345 690 b
1 2 4 8 16 17 33 41 74 115 230 460 690 b
1 2 4 8 16 17 33 41 82 115 230 345 690 b
1 2 4 8 16 17 33 41 82 115 230 460 690 b
1 2 4 8 16 17 33 41 82 164 181 345 690 b
1 2 4 8 16 17 33 41 82 164 328 345 690 b
1 2 4 8 16 17 33 49 66 115 230 345 690 b
1 2 4 8 16 17 33 49 66 115 230 460 690 b
1 2 4 8 16 17 33 49 82 115 230 345 690 b
1 2 4 8 16 17 33 49 82 115 230 460 690 b
1 2 4 8 16 17 33 49 82 164 181 345 690 b
1 2 4 8 16 17 33 49 82 164 328 345 690 b
1 2 4 8 16 17 33 49 98 115 230 345 690 b
1 2 4 8 16 17 33 49 98 115 230 460 690 b
1 2 4 8 16 17 33 66 82 115 230 345 690 b
1 2 4 8 16 17 33 66 82 115 230 460 690 b
1 2 4 8 16 17 33 66 82 148 230 460 690 b
1 2 4 8 16 17 33 66 82 164 181 345 690 b
1 2 4 8 16 17 33 66 82 164 230 460 690 b
1 2 4 8 16 17 33 66 82 164 328 345 690 b
1 2 4 8 16 17 33 66 99 115 230 345 690 b
1 2 4 8 16 17 33 66 99 115 230 460 690 b
1 2 4 8 16 17 34 35 69 138 207 345 690 b
1 2 4 8 16 17 34 35 69 138 276 345 690 b
1 2 4 8 16 17 34 35 69 138 276 414 690 b
1 2 4 8 16 17 34 35 69 138 276 552 690 b
1 2 4 8 16 17 34 68 69 138 207 345 690 b
1 2 4 8 16 17 34 68 69 138 276 345 690 b
1 2 4 8 16 17 34 68 69 138 276 414 690 b
1 2 4 8 16 17 34 68 69 138 276 552 690 b
1 2 4 8 16 17 34 68 70 138 276 414 690 b
1 2 4 8 16 17 34 68 70 138 276 552 690 b
1 2 4 8 16 17 34 68 136 138 276 414 690 b
1 2 4 8 16 17 34 68 136 138 276 552 690 b
1 2 4 8 16 18 24 42 84 168 336 354 690 a
1 2 4 8 16 18 24 42 84 168 336 672 690 a
1 2 4 8 16 18 26 42 84 168 336 354 690 b
1 2 4 8 16 18 26 42 84 168 336 672 690 b
1 2 4 8 16 18 34 35 69 138 207 345 690 b
1 2 4 8 16 18 34 35 69 138 276 345 690 b
1 2 4 8 16 18 34 35 69 138 276 414 690 b
1 2 4 8 16 18 34 35 69 138 276 552 690 b
1 2 4 8 16 18 34 42 84 168 336 354 690 b
1 2 4 8 16 18 34 42 84 168 336 672 690 b
1 2 4 8 16 18 34 50 84 168 336 354 690 b
1 2 4 8 16 18 34 50 84 168 336 672 690 b
1 2 4 8 16 18 34 52 86 138 276 414 690 b
1 2 4 8 16 18 34 52 86 138 276 552 690 b
1 2 4 8 16 18 34 52 86 172 173 345 690 b
1 2 4 8 16 18 34 52 86 172 344 345 690 b
1 2 4 8 16 18 34 52 86 172 344 346 690 b
1 2 4 8 16 18 34 52 86 172 344 688 690 b
1 2 4 8 16 18 34 52 104 138 276 414 690 b
1 2 4 8 16 18 34 52 104 138 276 552 690 b
1 2 4 8 16 18 34 68 69 138 207 345 690 b
1 2 4 8 16 18 34 68 69 138 276 345 690 b
1 2 4 8 16 18 34 68 69 138 276 414 690 b
1 2 4 8 16 18 34 68 69 138 276 552 690 b
1 2 4 8 16 18 34 68 70 138 276 414 690 b
1 2 4 8 16 18 34 68 70 138 276 552 690 b
1 2 4 8 16 18 34 68 84 168 336 354 690 b
1 2 4 8 16 18 34 68 84 168 336 672 690 b
1 2 4 8 16 18 34 68 86 172 173 345 690 b
1 2 4 8 16 18 34 68 86 172 344 345 690 b
1 2 4 8 16 18 34 68 86 172 344 346 690 b
1 2 4 8 16 18 34 68 86 172 344 688 690 b
1 2 4 8 16 18 34 68 136 138 276 414 690 b
1 2 4 8 16 18 34 68 136 138 276 552 690 b
1 2 4 8 16 24 25 40 80 160 185 345 690 a
1 2 4 8 16 24 25 40 80 160 320 345 690 a
1 2 4 8 16 24 25 49 74 148 197 345 690 b
1 2 4 8 16 24 25 49 74 148 296 345 690 b
1 2 4 8 16 24 40 80 160 161 184 345 690 a
1 2 4 8 16 24 40 80 160 161 185 345 690 b
1 2 4 8 16 24 40 80 160 161 321 345 690 b
1 2 4 8 16 24 40 80 160 184 185 345 690 b
1 2 4 8 16 24 40 80 160 184 344 345 690 b
1 2 4 8 16 24 40 80 160 184 344 346 690 b
1 2 4 8 16 24 40 80 160 184 344 688 690 b
1 2 4 8 16 24 40 80 160 320 321 345 690 b
1 2 4 8 16 24 40 80 160 320 344 345 690 b
1 2 4 8 16 24 40 80 160 320 344 346 690 b
1 2 4 8 16 24 40 80 160 320 344 688 690 b
1 2 4 8 16 24 48 50 98 148 296 394 690 b
1 2 4 8 16 24 48 50 98 148 296 592 690 b
1 2 4 8 16 32 33 36 69 138 207 345 690 a
1 2 4 8 16 32 33 36 69 138 276 345 690 a
1 2 4 8 16 32 33 36 69 138 276 414 690 a
1 2 4 8 16 32 33 36 69 138 276 552 690 a
1 2 4 8 16 32 33 37 69 138 207 345 690 b
1 2 4 8 16 32 33 37 69 138 276 345 690 b
1 2 4 8 16 32 33 37 69 138 276 414 690 b
1 2 4 8 16 32 33 37 69 138 276 552 690 b
1 2 4 8 16 32 33 41 74 115 230 345 690 b
1 2 4 8 16 32 33 41 74 115 230 460 690 b
1 2 4 8 16 32 33 41 82 115 230 345 690 b
1 2 4 8 16 32 33 41 82 115 230 460 690 b
1 2 4 8 16 32 33 49 66 115 230 345 690 a
1 2 4 8 16 32 33 49 66 115 230 460 690 a
1 2 4 8 16 32 33 49 82 115 230 345 690 b
1 2 4 8 16 32 33 49 82 115 230 460 690 b
1 2 4 8 16 32 33 65 69 138 207 345 690 b
1 2 4 8 16 32 33 65 69 138 276 345 690 b
1 2 4 8 16 32 33 65 69 138 276 414 690 b
1 2 4 8 16 32 33 65 69 138 276 552 690 b
1 2 4 8 16 32 33 65 73 138 276 414 690 b
1 2 4 8 16 32 33 65 73 138 276 552 690 b
1 2 4 8 16 32 33 65 130 138 276 414 690 b
1 2 4 8 16 32 33 65 130 138 276 552 690 b
1 2 4 8 16 32 33 66 82 115 230 345 690 b
1 2 4 8 16 32 33 66 82 115 230 460 690 b
1 2 4 8 16 32 33 66 82 148 230 460 690 b
1 2 4 8 16 32 33 66 82 164 230 460 690 b
1 2 4 8 16 32 33 66 98 132 230 460 690 a
1 2 4 8 16 32 33 66 98 164 230 460 690 b
1 2 4 8 16 32 33 66 99 115 230 345 690 b
1 2 4 8 16 32 33 66 99 115 230 460 690 b
1 2 4 8 16 32 33 66 99 131 230 460 690 b
1 2 4 8 16 32 33 66 99 198 230 460 690 b
1 2 4 8 16 32 33 66 132 164 230 460 690 b
1 2 4 8 16 32 33 66 132 198 230 460 690 b
1 2 4 8 16 32 34 35 69 138 207 345 690 b
1 2 4 8 16 32 34 35 69 138 276 345 690 b
1 2 4 8 16 32 34 35 69 138 276 414 690 b
1 2 4 8 16 32 34 35 69 138 276 552 690 b
1 2 4 8 16 32 34 48 82 164 328 362 690 a
1 2 4 8 16 32 34 48 82 164 328 656 690 a
1 2 4 8 16 32 34 50 82 164 328 362 690 b
1 2 4 8 16 32 34 50 82 164 328 656 690 b
1 2 4 8 16 32 34 64 98 132 230 460 690 a
1 2 4 8 16 32 34 64 98 196 230 460 690 a
1 2 4 8 16 32 34 66 82 148 230 460 690 b
1 2 4 8 16 32 34 66 82 164 230 460 690 b
1 2 4 8 16 32 34 66 82 164 328 362 690 b
1 2 4 8 16 32 34 66 82 164 328 656 690 b
1 2 4 8 16 32 34 66 98 132 230 460 690 b
1 2 4 8 16 32 34 66 98 164 230 460 690 b
1 2 4 8 16 32 34 66 98 164 328 362 690 b
1 2 4 8 16 32 34 66 98 164 328 656 690 b
1 2 4 8 16 32 34 66 98 196 230 460 690 b
1 2 4 8 16 32 34 66 132 164 230 460 690 b
1 2 4 8 16 32 34 66 132 164 328 362 690 b
1 2 4 8 16 32 34 66 132 164 328 656 690 b
1 2 4 8 16 32 34 66 132 198 230 460 690 b
1 2 4 8 16 32 34 68 69 138 207 345 690 b
1 2 4 8 16 32 34 68 69 138 276 345 690 b
1 2 4 8 16 32 34 68 69 138 276 414 690 b
1 2 4 8 16 32 34 68 69 138 276 552 690 b
1 2 4 8 16 32 34 68 70 138 276 414 690 b
1 2 4 8 16 32 34 68 70 138 276 552 690 b
1 2 4 8 16 32 34 68 136 138 276 414 690 b
1 2 4 8 16 32 34 68 136 138 276 552 690 b
1 2 4 8 16 32 36 37 69 138 207 345 690 b
1 2 4 8 16 32 36 37 69 138 276 345 690 b
1 2 4 8 16 32 36 37 69 138 276 414 690 b
1 2 4 8 16 32 36 37 69 138 276 552 690 b
1 2 4 8 16 32 36 68 69 138 207 345 690 b
1 2 4 8 16 32 36 68 69 138 276 345 690 b
1 2 4 8 16 32 36 68 69 138 276 414 690 b
1 2 4 8 16 32 36 68 69 138 276 552 690 b
1 2 4 8 16 32 36 68 70 138 276 414 690 b
1 2 4 8 16 32 36 68 70 138 276 552 690 b
1 2 4 8 16 32 36 68 104 172 173 345 690 b
1 2 4 8 16 32 36 68 104 172 344 345 690 b
1 2 4 8 16 32 36 68 104 172 344 346 690 b
1 2 4 8 16 32 36 68 104 172 344 688 690 b
1 2 4 8 16 32 36 68 136 138 276 414 690 b
1 2 4 8 16 32 36 68 136 138 276 552 690 b
1 2 4 8 16 32 36 68 136 172 173 345 690 b
1 2 4 8 16 32 36 68 136 172 344 345 690 b
1 2 4 8 16 32 36 68 136 172 344 346 690 b
1 2 4 8 16 32 36 68 136 172 344 688 690 b
1 2 4 8 16 32 48 50 80 160 320 370 690 a
1 2 4 8 16 32 48 50 80 160 320 640 690 a
1 2 4 8 16 32 48 50 98 148 296 394 690 b
1 2 4 8 16 32 48 50 98 148 296 592 690 b
1 2 4 8 16 32 48 80 160 161 321 369 690 b
1 2 4 8 16 32 48 80 160 161 321 642 690 b
1 2 4 8 16 32 48 80 160 320 321 369 690 b
1 2 4 8 16 32 48 80 160 320 321 642 690 b
1 2 4 8 16 32 48 80 160 320 322 368 690 a
1 2 4 8 16 32 48 80 160 320 322 370 690 b
1 2 4 8 16 32 48 80 160 320 322 642 690 b
1 2 4 8 16 32 48 80 160 320 368 370 690 b
1 2 4 8 16 32 48 80 160 320 368 688 690 b
1 2 4 8 16 32 48 80 160 320 640 642 690 b
1 2 4 8 16 32 48 80 160 320 640 688 690 b
1 2 4 8 16 32 64 65 69 138 207 345 690 b
1 2 4 8 16 32 64 65 69 138 276 345 690 b
1 2 4 8 16 32 64 65 69 138 276 414 690 b
1 2 4 8 16 32 64 65 69 138 276 552 690 b
1 2 4 8 16 32 64 65 73 138 276 414 690 b
1 2 4 8 16 32 64 65 73 138 276 552 690 b
1 2 4 8 16 32 64 65 130 138 276 414 690 b
1 2 4 8 16 32 64 65 130 138 276 552 690 b
1 2 4 8 16 32 64 66 72 138 276 414 690 a
1 2 4 8 16 32 64 66 72 138 276 552 690 a
1 2 4 8 16 32 64 66 74 138 276 414 690 b
1 2 4 8 16 32 64 66 74 138 276 552 690 b
1 2 4 8 16 32 64 66 82 148 230 460 690 b
1 2 4 8 16 32 64 66 82 164 230 460 690 b
1 2 4 8 16 32 64 66 98 132 230 460 690 a
1 2 4 8 16 32 64 66 98 164 230 460 690 b
1 2 4 8 16 32 64 66 130 138 276 414 690 b
1 2 4 8 16 32 64 66 130 138 276 552 690 b
1 2 4 8 16 32 64 66 132 164 230 460 690 b
1 2 4 8 16 32 64 66 132 198 230 460 690 b
1 2 4 8 16 32 64 68 69 138 207 345 690 b
1 2 4 8 16 32 64 68 69 138 276 345 690 b
1 2 4 8 16 32 64 68 69 138 276 414 690 b
1 2 4 8 16 32 64 68 69 138 276 552 690 b
1 2 4 8 16 32 64 68 70 138 276 414 690 b
1 2 4 8 16 32 64 68 70 138 276 552 690 b
1 2 4 8 16 32 64 68 136 138 276 414 690 b
1 2 4 8 16 32 64 68 136 138 276 552 690 b
1 2 4 8 16 32 64 72 73 136 209 345 690 a
1 2 4 8 16 32 64 72 73 136 272 345 690 a
1 2 4 8 16 32 64 72 74 138 276 414 690 b
1 2 4 8 16 32 64 72 74 138 276 552 690 b
1 2 4 8 16 32 64 72 136 137 208 345 690 a
1 2 4 8 16 32 64 72 136 137 209 345 690 b
1 2 4 8 16 32 64 72 136 137 273 345 690 b
1 2 4 8 16 32 64 72 136 138 276 414 690 b
1 2 4 8 16 32 64 72 136 138 276 552 690 b
1 2 4 8 16 32 64 72 136 208 209 345 690 b
1 2 4 8 16 32 64 72 136 208 344 345 690 b
1 2 4 8 16 32 64 72 136 208 344 346 690 b
1 2 4 8 16 32 64 72 136 208 344 688 690 b
1 2 4 8 16 32 64 72 136 272 273 345 690 b
1 2 4 8 16 32 64 72 136 272 344 345 690 b
1 2 4 8 16 32 64 72 136 272 344 346 690 b
1 2 4 8 16 32 64 72 136 272 344 688 690 b
1 2 4 8 16 32 64 128 129 144 273 417 690 a
1 2 4 8 16 32 64 128 129 144 273 546 690 a
1 2 4 8 16 32 64 128 130 138 276 414 690 b
1 2 4 8 16 32 64 128 130 138 276 552 690 b
1 2 4 8 16 32 64 128 136 138 276 414 690 b
1 2 4 8 16 32 64 128 136 138 276 552 690 b
1 2 4 8 16 32 64 128 144 145 273 417 690 b
1 2 4 8 16 32 64 128 144 145 273 546 690 b
1 2 4 8 16 32 64 128 144 146 272 418 690 a
1 2 4 8 16 32 64 128 144 146 272 544 690 a
1 2 4 8 16 32 64 128 144 272 273 417 690 b
1 2 4 8 16 32 64 128 144 272 273 546 690 b
1 2 4 8 16 32 64 128 144 272 274 416 690 a
1 2 4 8 16 32 64 128 144 272 274 418 690 b
1 2 4 8 16 32 64 128 144 272 274 546 690 b
1 2 4 8 16 32 64 128 144 272 416 418 690 b
1 2 4 8 16 32 64 128 144 272 416 688 690 b
1 2 4 8 16 32 64 128 144 272 544 546 690 b
1 2 4 8 16 32 64 128 144 272 544 688 690 b
