1 2 3 5 10 20 40 80 81 161 322 644 b
1 2 3 5 10 20 40 80 160 161 322 644 b
1 2 3 5 10 20 40 80 160 162 322 644 b
1 2 3 5 10 20 40 80 160 320 322 644 b
1 2 4 5 10 20 40 80 81 161 322 644 b
1 2 4 5 10 20 40 80 160 161 322 644 b
1 2 4 5 10 20 40 80 160 162 322 644 b
1 2 4 5 10 20 40 80 160 320 322 644 b
1 2 4 5 10 20 40 80 160 320 324 644 b
1 2 4 5 10 20 40 80 160 320 640 644 b
1 2 4 6 10 20 40 80 81 161 322 644 b
1 2 4 6 10 20 40 80 160 161 322 644 b
1 2 4 6 10 20 40 80 160 162 322 644 b
1 2 4 6 10 20 40 80 160 320 322 644 b
1 2 4 6 10 20 40 80 160 320 324 644 b
1 2 4 6 10 20 40 80 160 320 640 644 b
1 2 4 8 10 20 40 80 81 161 322 644 b
1 2 4 8 10 20 40 80 160 161 322 644 b
1 2 4 8 10 20 40 80 160 162 322 644 b
1 2 4 8 10 20 40 80 160 320 322 644 b
1 2 4 8 10 20 40 80 160 320 324 644 b
1 2 4 8 10 20 40 80 160 320 640 644 b
1 2 4 8 12 20 40 80 81 161 322 644 b
1 2 4 8 12 20 40 80 160 161 322 644 b
1 2 4 8 12 20 40 80 160 162 322 644 b
1 2 4 8 12 20 40 80 160 320 322 644 b
1 2 4 8 12 20 40 80 160 320 324 644 b
1 2 4 8 12 20 40 80 160 320 640 644 b
1 2 4 8 16 20 40 80 81 161 322 644 b
1 2 4 8 16 20 40 80 160 161 322 644 b
1 2 4 8 16 20 40 80 160 162 322 644 b
1 2 4 8 16 20 40 80 160 320 322 644 b
1 2 4 8 16 20 40 80 160 320 324 644 b
1 2 4 8 16 20 40 80 160 320 640 644 b
1 2 4 8 16 24 40 80 81 161 322 644 b
1 2 4 8 16 24 40 80 160 161 322 644 b
1 2 4 8 16 24 40 80 160 162 322 644 b
1 2 4 8 16 24 40 80 160 320 322 644 b
1 2 4 8 16 24 40 80 160 320 324 644 b
1 2 4 8 16 24 40 80 160 320 640 644 b
1 2 4 8 16 32 33 64 97 161 322 644 a
1 2 4 8 16 32 33 64 128 161 322 644 a
1 2 4 8 16 32 40 80 81 161 322 644 b
1 2 4 8 16 32 40 80 160 161 322 644 b
1 2 4 8 16 32 40 80 160 162 322 644 b
1 2 4 8 16 32 40 80 160 320 322 644 b
1 2 4 8 16 32 40 80 160 320 324 644 b
1 2 4 8 16 32 40 80 160 320 640 644 b
1 2 4 8 16 32 48 80 81 161 322 644 b
1 2 4 8 16 32 48 80 160 161 322 644 b
1 2 4 8 16 32 48 80 160 162 322 644 b
1 2 4 8 16 32 48 80 160 320 322 644 b
1 2 4 8 16 32 48 80 160 320 324 644 b
1 2 4 8 16 32 48 80 160 320 640 644 b
1 2 4 8 16 32 64 65 96 161 322 644 a
1 2 4 8 16 32 64 65 97 161 322 644 b
1 2 4 8 16 32 64 65 129 161 322 644 b
1 2 4 8 16 32 64 65 129 193 322 644 b
1 2 4 8 16 32 64 65 129 258 322 644 b
1 2 4 8 16 32 64 66 128 194 322 644 a
1 2 4 8 16 32 64 66 128 256 322 644 a
1 2 4 8 16 32 64 80 81 161 322 644 b
1 2 4 8 16 32 64 80 160 161 322 644 b
1 2 4 8 16 32 64 80 160 162 322 644 b
1 2 4 8 16 32 64 80 160 320 322 644 b
1 2 4 8 16 32 64 80 160 320 324 644 b
1 2 4 8 16 32 64 80 160 320 640 644 b
1 2 4 8 16 32 64 96 97 161 322 644 b
1 2 4 8 16 32 64 96 160 161 322 644 b
1 2 4 8 16 32 64 96 160 162 322 644 b
1 2 4 8 16 32 64 96 160 320 322 644 b
1 2 4 8 16 32 64 96 160 320 324 644 b
1 2 4 8 16 32 64 96 160 320 640 644 b
1 2 4 8 16 32 64 128 129 161 322 644 b
1 2 4 8 16 32 64 128 129 193 322 644 b
1 2 4 8 16 32 64 128 129 258 322 644 b
1 2 4 8 16 32 64 128 129 258 386 644 b
1 2 4 8 16 32 64 128 129 258 516 644 b
1 2 4 8 16 32 64 128 130 192 322 644 a
1 2 4 8 16 32 64 128 130 194 322 644 b
1 2 4 8 16 32 64 128 130 258 322 644 b
1 2 4 8 16 32 64 128 130 258 386 644 b
1 2 4 8 16 32 64 128 130 258 516 644 b
1 2 4 8 16 32 64 128 132 256 388 644 a
1 2 4 8 16 32 64 128 132 256 512 644 a
1 2 4 8 16 32 64 128 160 161 322 644 b
1 2 4 8 16 32 64 128 160 162 322 644 b
1 2 4 8 16 32 64 128 160 320 322 644 b
1 2 4 8 16 32 64 128 160 320 324 644 b
1 2 4 8 16 32 64 128 160 320 640 644 b
1 2 4 8 16 32 64 128 192 194 322 644 b
1 2 4 8 16 32 64 128 192 320 322 644 b
1 2 4 8 16 32 64 128 192 320 324 644 b
1 2 4 8 16 32 64 128 192 320 640 644 b
1 2 4 8 16 32 64 128 256 258 322 644 b
1 2 4 8 16 32 64 128 256 258 386 644 b
1 2 4 8 16 32 64 128 256 258 516 644 b
1 2 4 8 16 32 64 128 256 260 384 644 a
1 2 4 8 16 32 64 128 256 260 388 644 b
1 2 4 8 16 32 64 128 256 260 516 644 b
1 2 4 8 16 32 64 128 256 320 322 644 b
1 2 4 8 16 32 64 128 256 320 324 644 b
1 2 4 8 16 32 64 128 256 320 640 644 b
1 2 4 8 16 32 64 128 256 384 388 644 b
1 2 4 8 16 32 64 128 256 384 640 644 b
1 2 4 8 16 32 64 128 256 512 516 644 b
1 2 4 8 16 32 64 128 256 512 640 644 b
