1 2 3 6 7 13 26 39 78 156 163 319 638 b
1 2 3 6 7 13 26 39 78 156 312 319 638 b
1 2 3 6 7 13 26 52 78 156 163 319 638 b
1 2 3 6 7 13 26 52 78 156 312 319 638 b
1 2 3 6 7 13 26 52 104 111 208 319 638 a
1 2 3 6 7 13 26 52 104 111 215 319 638 b
1 2 3 6 7 13 26 52 104 156 163 319 638 b
1 2 3 6 7 13 26 52 104 156 312 319 638 b
1 2 3 6 7 13 26 52 104 208 215 319 638 b
1 2 3 6 7 13 26 52 104 208 215 423 638 b
1 2 3 6 7 13 26 52 104 208 215 430 638 b
1 2 3 6 7 13 26 52 104 208 312 319 638 b
1 2 3 6 12 14 26 52 78 156 312 326 638 b
1 2 3 6 12 14 26 52 78 156 312 624 638 b
1 2 3 6 12 14 26 52 104 156 312 326 638 b
1 2 3 6 12 14 26 52 104 156 312 624 638 b
1 2 3 6 12 14 26 52 104 208 222 416 638 a
1 2 3 6 12 14 26 52 104 208 222 430 638 b
1 2 3 6 12 14 26 52 104 208 312 326 638 b
1 2 3 6 12 14 26 52 104 208 312 624 638 b
1 2 3 6 12 14 26 52 104 208 416 430 638 b
1 2 3 6 12 14 26 52 104 208 416 624 638 b
1 2 3 6 12 24 25 49 98 123 196 319 638 a
1 2 3 6 12 24 25 49 98 123 221 319 638 b
1 2 3 6 12 24 25 49 98 147 172 319 638 b
1 2 3 6 12 24 25 49 98 147 294 319 638 b
1 2 3 6 12 24 25 49 98 196 221 319 638 b
1 2 3 6 12 24 25 49 98 196 221 417 638 b
1 2 3 6 12 24 25 49 98 196 221 442 638 b
1 2 3 6 12 24 25 49 98 196 294 319 638 b
1 2 3 6 12 24 48 50 98 196 246 392 638 a
1 2 3 6 12 24 48 50 98 196 246 442 638 b
1 2 3 6 12 24 48 50 98 196 294 344 638 b
1 2 3 6 12 24 48 50 98 196 294 588 638 b
1 2 3 6 12 24 48 50 98 196 392 442 638 b
1 2 3 6 12 24 48 50 98 196 392 588 638 b
1 2 4 5 9 14 23 37 74 148 171 319 638 b
1 2 4 5 9 14 23 37 74 148 296 319 638 b
1 2 4 5 10 15 19 38 76 152 167 319 638 b
1 2 4 5 10 15 19 38 76 152 304 319 638 b
1 2 4 6 7 13 26 39 78 156 163 319 638 b
1 2 4 6 7 13 26 39 78 156 312 319 638 b
1 2 4 6 7 13 26 52 78 156 163 319 638 b
1 2 4 6 7 13 26 52 78 156 312 319 638 b
1 2 4 6 7 13 26 52 104 111 208 319 638 a
1 2 4 6 7 13 26 52 104 111 215 319 638 b
1 2 4 6 7 13 26 52 104 156 163 319 638 b
1 2 4 6 7 13 26 52 104 156 312 319 638 b
1 2 4 6 7 13 26 52 104 208 215 319 638 b
1 2 4 6 7 13 26 52 104 208 215 423 638 b
1 2 4 6 7 13 26 52 104 208 215 430 638 b
1 2 4 6 7 13 26 52 104 208 312 319 638 b
1 2 4 6 12 14 26 52 78 156 312 326 638 b
1 2 4 6 12 14 26 52 78 156 312 624 638 b
1 2 4 6 12 14 26 52 104 156 312 326 638 b
1 2 4 6 12 14 26 52 104 156 312 624 638 b
1 2 4 6 12 14 26 52 104 208 222 416 638 a
1 2 4 6 12 14 26 52 104 208 222 430 638 b
1 2 4 6 12 14 26 52 104 208 312 326 638 b
1 2 4 6 12 14 26 52 104 208 312 624 638 b
1 2 4 6 12 14 26 52 104 208 416 430 638 b
1 2 4 6 12 14 26 52 104 208 416 624 638 b
1 2 4 6 12 24 25 49 98 123 196 319 638 a
1 2 4 6 12 24 25 49 98 123 221 319 638 b
1 2 4 6 12 24 25 49 98 147 172 319 638 b
1 2 4 6 12 24 25 49 98 147 294 319 638 b
1 2 4 6 12 24 25 49 98 196 221 319 638 b
1 2 4 6 12 24 25 49 98 196 221 417 638 b
1 2 4 6 12 24 25 49 98 196 221 442 638 b
1 2 4 6 12 24 25 49 98 196 294 319 638 b
1 2 4 6 12 24 48 50 98 196 246 392 638 a
1 2 4 6 12 24 48 50 98 196 246 442 638 b
1 2 4 6 12 24 48 50 98 196 294 344 638 b
1 2 4 6 12 24 48 50 98 196 294 588 638 b
1 2 4 6 12 24 48 50 98 196 392 442 638 b
1 2 4 6 12 24 48 50 98 196 392 588 638 b
1 2 4 8 9 17 26 43 69 138 181 319 638 b
1 2 4 8 9 17 26 43 69 138 276 319 638 b
1 2 4 8 10 18 28 46 74 148 296 342 638 b
1 2 4 8 10 18 28 46 74 148 296 592 638 b
1 2 4 8 10 20 30 38 76 152 304 334 638 b
1 2 4 8 10 20 30 38 76 152 304 608 638 b
1 2 4 8 12 14 26 52 78 156 312 326 638 b
1 2 4 8 12 14 26 52 78 156 312 624 638 b
1 2 4 8 12 14 26 52 104 156 312 326 638 b
1 2 4 8 12 14 26 52 104 156 312 624 638 b
1 2 4 8 12 14 26 52 104 208 222 416 638 a
1 2 4 8 12 14 26 52 104 208 222 430 638 b
1 2 4 8 12 14 26 52 104 208 312 326 638 b
1 2 4 8 12 14 26 52 104 208 312 624 638 b
1 2 4 8 12 14 26 52 104 208 416 430 638 b
1 2 4 8 12 14 26 52 104 208 416 624 638 b
1 2 4 8 12 24 25 49 98 123 196 319 638 a
1 2 4 8 12 24 25 49 98 123 221 319 638 b
1 2 4 8 12 24 25 49 98 147 172 319 638 b
1 2 4 8 12 24 25 49 98 147 294 319 638 b
1 2 4 8 12 24 25 49 98 196 221 319 638 b
1 2 4 8 12 24 25 49 98 196 221 417 638 b
1 2 4 8 12 24 25 49 98 196 221 442 638 b
1 2 4 8 12 24 25 49 98 196 294 319 638 b
1 2 4 8 12 24 48 50 98 196 246 392 638 a
1 2 4 8 12 24 48 50 98 196 246 442 638 b
1 2 4 8 12 24 48 50 98 196 294 344 638 b
1 2 4 8 12 24 48 50 98 196 294 588 638 b
1 2 4 8 12 24 48 50 98 196 392 442 638 b
1 2 4 8 12 24 48 50 98 196 392 588 638 b
1 2 4 8 16 17 34 51 67 134 185 319 638 b
1 2 4 8 16 17 34 51 67 134 268 319 638 b
1 2 4 8 16 18 34 52 86 138 276 362 638 b
1 2 4 8 16 18 34 52 86 138 276 552 638 b
1 2 4 8 16 24 25 49 98 123 196 319 638 a
1 2 4 8 16 24 25 49 98 123 221 319 638 b
1 2 4 8 16 24 25 49 98 147 172 319 638 b
1 2 4 8 16 24 25 49 98 147 294 319 638 b
1 2 4 8 16 24 25 49 98 196 221 319 638 b
1 2 4 8 16 24 25 49 98 196 221 417 638 b
1 2 4 8 16 24 25 49 98 196 221 442 638 b
1 2 4 8 16 24 25 49 98 196 294 319 638 b
1 2 4 8 16 24 48 50 98 196 246 392 638 a
1 2 4 8 16 24 48 50 98 196 246 442 638 b
1 2 4 8 16 24 48 50 98 196 294 344 638 b
1 2 4 8 16 24 48 50 98 196 294 588 638 b
1 2 4 8 16 24 48 50 98 196 392 442 638 b
1 2 4 8 16 24 48 50 98 196 392 588 638 b
1 2 4 8 16 32 34 68 102 134 268 370 638 b
1 2 4 8 16 32 34 68 102 134 268 536 638 b
1 2 4 8 16 32 48 50 98 196 246 392 638 a
1 2 4 8 16 32 48 50 98 196 246 442 638 b
1 2 4 8 16 32 48 50 98 196 294 344 638 b
1 2 4 8 16 32 48 50 98 196 294 588 638 b
1 2 4 8 16 32 48 50 98 196 392 442 638 b
1 2 4 8 16 32 48 50 98 196 392 588 638 b
