1 2 3 5 10 20 21 41 82 164 328 369 697 b
1 2 3 5 10 20 21 41 82 164 328 656 697 b
1 2 3 5 10 20 40 41 82 164 328 369 697 b
1 2 3 5 10 20 40 41 82 164 328 656 697 b
1 2 4 5 9 18 23 41 82 164 328 369 697 b
1 2 4 5 9 18 23 41 82 164 328 656 697 b
1 2 4 5 9 18 36 41 82 164 328 369 697 b
1 2 4 5 9 18 36 41 82 164 328 656 697 b
1 2 4 5 10 20 21 41 82 164 328 369 697 b
1 2 4 5 10 20 21 41 82 164 328 656 697 b
1 2 4 5 10 20 40 41 82 164 328 369 697 b
1 2 4 5 10 20 40 41 82 164 328 656 697 b
1 2 4 6 10 20 21 41 82 164 328 369 697 b
1 2 4 6 10 20 21 41 82 164 328 656 697 b
1 2 4 6 10 20 40 41 82 164 328 369 697 b
1 2 4 6 10 20 40 41 82 164 328 656 697 b
1 2 4 8 9 16 25 41 82 164 328 369 697 a
1 2 4 8 9 16 25 41 82 164 328 656 697 a
1 2 4 8 9 16 32 41 82 164 328 369 697 a
1 2 4 8 9 16 32 41 82 164 328 656 697 a
1 2 4 8 9 17 25 42 84 168 336 361 697 b
1 2 4 8 9 17 25 42 84 168 336 672 697 b
1 2 4 8 9 17 26 43 86 172 344 353 697 b
1 2 4 8 9 17 26 43 86 172 344 688 697 b
1 2 4 8 9 17 34 43 86 172 344 353 697 b
1 2 4 8 9 17 34 43 86 172 344 688 697 b
1 2 4 8 9 17 34 51 85 170 340 357 697 b
1 2 4 8 9 17 34 51 85 170 340 680 697 b
1 2 4 8 9 17 34 68 85 153 306 391 697 b
1 2 4 8 9 17 34 68 85 153 306 612 697 b
1 2 4 8 9 17 34 68 85 170 340 357 697 b
1 2 4 8 9 17 34 68 85 170 340 680 697 b
1 2 4 8 9 17 34 68 102 170 340 357 697 b
1 2 4 8 9 17 34 68 102 170 340 680 697 b
1 2 4 8 9 17 34 68 136 153 272 425 697 a
1 2 4 8 9 17 34 68 136 153 272 544 697 a
1 2 4 8 9 17 34 68 136 170 340 357 697 b
1 2 4 8 9 17 34 68 136 170 340 680 697 b
1 2 4 8 9 17 34 68 136 204 340 357 697 b
1 2 4 8 9 17 34 68 136 204 340 680 697 b
1 2 4 8 9 17 34 68 136 272 289 408 697 a
1 2 4 8 9 17 34 68 136 272 289 425 697 b
1 2 4 8 9 17 34 68 136 272 289 561 697 b
1 2 4 8 9 17 34 68 136 272 340 357 697 b
1 2 4 8 9 17 34 68 136 272 340 680 697 b
1 2 4 8 9 17 34 68 136 272 408 425 697 b
1 2 4 8 9 17 34 68 136 272 408 680 697 b
1 2 4 8 9 17 34 68 136 272 544 561 697 b
1 2 4 8 9 17 34 68 136 272 544 680 697 b
1 2 4 8 10 20 21 41 82 164 328 369 697 b
1 2 4 8 10 20 21 41 82 164 328 656 697 b
1 2 4 8 10 20 40 41 82 164 328 369 697 b
1 2 4 8 10 20 40 41 82 164 328 656 697 b
1 2 4 8 12 20 21 41 82 164 328 369 697 b
1 2 4 8 12 20 21 41 82 164 328 656 697 b
1 2 4 8 12 20 40 41 82 164 328 369 697 b
1 2 4 8 12 20 40 41 82 164 328 656 697 b
1 2 4 8 16 17 24 41 82 164 328 369 697 a
1 2 4 8 16 17 24 41 82 164 328 656 697 a
1 2 4 8 16 17 25 41 82 164 328 369 697 b
1 2 4 8 16 17 25 41 82 164 328 656 697 b
1 2 4 8 16 17 25 42 84 168 336 361 697 b
1 2 4 8 16 17 25 42 84 168 336 672 697 b
1 2 4 8 16 17 32 49 81 162 324 373 697 a
1 2 4 8 16 17 32 49 81 162 324 648 697 a
1 2 4 8 16 17 33 41 82 164 328 369 697 b
1 2 4 8 16 17 33 41 82 164 328 656 697 b
1 2 4 8 16 17 33 50 83 166 332 365 697 b
1 2 4 8 16 17 33 50 83 166 332 664 697 b
1 2 4 8 16 17 33 66 83 166 332 365 697 b
1 2 4 8 16 17 33 66 83 166 332 664 697 b
1 2 4 8 16 17 34 51 85 170 340 357 697 b
1 2 4 8 16 17 34 51 85 170 340 680 697 b
1 2 4 8 16 17 34 68 85 153 306 391 697 b
1 2 4 8 16 17 34 68 85 153 306 612 697 b
1 2 4 8 16 17 34 68 85 170 340 357 697 b
1 2 4 8 16 17 34 68 85 170 340 680 697 b
1 2 4 8 16 17 34 68 102 170 340 357 697 b
1 2 4 8 16 17 34 68 102 170 340 680 697 b
1 2 4 8 16 17 34 68 136 153 272 425 697 a
1 2 4 8 16 17 34 68 136 153 272 544 697 a
1 2 4 8 16 17 34 68 136 170 340 357 697 b
1 2 4 8 16 17 34 68 136 170 340 680 697 b
1 2 4 8 16 17 34 68 136 204 340 357 697 b
1 2 4 8 16 17 34 68 136 204 340 680 697 b
1 2 4 8 16 17 34 68 136 272 289 408 697 a
1 2 4 8 16 17 34 68 136 272 289 425 697 b
1 2 4 8 16 17 34 68 136 272 289 561 697 b
1 2 4 8 16 17 34 68 136 272 340 357 697 b
1 2 4 8 16 17 34 68 136 272 340 680 697 b
1 2 4 8 16 17 34 68 136 272 408 425 697 b
1 2 4 8 16 17 34 68 136 272 408 680 697 b
1 2 4 8 16 17 34 68 136 272 544 561 697 b
1 2 4 8 16 17 34 68 136 272 544 680 697 b
1 2 4 8 16 20 21 41 82 164 328 369 697 b
1 2 4 8 16 20 21 41 82 164 328 656 697 b
1 2 4 8 16 20 40 41 82 164 328 369 697 b
1 2 4 8 16 20 40 41 82 164 328 656 697 b
1 2 4 8 16 24 25 41 82 164 328 369 697 b
1 2 4 8 16 24 25 41 82 164 328 656 697 b
1 2 4 8 16 24 40 41 82 164 328 369 697 b
1 2 4 8 16 24 40 41 82 164 328 656 697 b
1 2 4 8 16 32 33 41 82 164 328 369 697 b
1 2 4 8 16 32 33 41 82 164 328 656 697 b
1 2 4 8 16 32 33 49 81 162 324 373 697 b
1 2 4 8 16 32 33 49 81 162 324 648 697 b
1 2 4 8 16 32 40 41 82 164 328 369 697 b
1 2 4 8 16 32 40 41 82 164 328 656 697 b
1 2 4 8 16 32 48 49 81 162 324 373 697 b
1 2 4 8 16 32 48 49 81 162 324 648 697 b
