1 2 3 5 10 13 23 46 92 184 185 369 738 b
1 2 3 5 10 13 23 46 92 184 368 369 738 b
1 2 3 5 10 13 23 46 92 184 368 370 738 b
1 2 3 5 10 13 23 46 92 184 368 736 738 b
1 2 3 5 10 15 30 60 63 123 246 369 738 b
1 2 3 5 10 15 30 60 63 123 246 492 738 b
1 2 3 5 10 15 30 60 120 123 246 369 738 b
1 2 3 5 10 15 30 60 120 123 246 492 738 b
1 2 3 5 10 20 21 41 82 123 246 369 738 b
1 2 3 5 10 20 21 41 82 123 246 492 738 b
1 2 3 5 10 20 21 41 82 164 205 369 738 b
1 2 3 5 10 20 21 41 82 164 246 492 738 b
1 2 3 5 10 20 21 41 82 164 328 369 738 b
1 2 3 5 10 20 21 41 82 164 328 410 738 b
1 2 3 5 10 20 21 41 82 164 328 656 738 b
1 2 3 5 10 20 23 46 92 184 185 369 738 b
1 2 3 5 10 20 23 46 92 184 368 369 738 b
1 2 3 5 10 20 23 46 92 184 368 370 738 b
1 2 3 5 10 20 23 46 92 184 368 736 738 b
1 2 3 5 10 20 30 60 63 123 246 369 738 b
1 2 3 5 10 20 30 60 63 123 246 492 738 b
1 2 3 5 10 20 30 60 120 123 246 369 738 b
1 2 3 5 10 20 30 60 120 123 246 492 738 b
1 2 3 5 10 20 40 41 82 123 246 369 738 b
1 2 3 5 10 20 40 41 82 123 246 492 738 b
1 2 3 5 10 20 40 41 82 164 205 369 738 b
1 2 3 5 10 20 40 41 82 164 246 492 738 b
1 2 3 5 10 20 40 41 82 164 328 369 738 b
1 2 3 5 10 20 40 41 82 164 328 410 738 b
1 2 3 5 10 20 40 41 82 164 328 656 738 b
1 2 3 5 10 20 40 42 82 164 246 492 738 b
1 2 3 5 10 20 40 42 82 164 328 410 738 b
1 2 3 5 10 20 40 42 82 164 328 656 738 b
1 2 3 5 10 20 40 43 80 123 246 369 738 a
1 2 3 5 10 20 40 43 80 123 246 492 738 a
1 2 3 5 10 20 40 43 83 123 246 369 738 b
1 2 3 5 10 20 40 43 83 123 246 492 738 b
1 2 3 5 10 20 40 60 63 123 246 369 738 b
1 2 3 5 10 20 40 60 63 123 246 492 738 b
1 2 3 5 10 20 40 60 120 123 246 369 738 b
1 2 3 5 10 20 40 60 120 123 246 492 738 b
1 2 3 5 10 20 40 80 82 164 246 492 738 b
1 2 3 5 10 20 40 80 82 164 328 410 738 b
1 2 3 5 10 20 40 80 82 164 328 656 738 b
1 2 3 5 10 20 40 80 83 123 246 369 738 b
1 2 3 5 10 20 40 80 83 123 246 492 738 b
1 2 3 5 10 20 40 80 83 163 246 492 738 b
1 2 3 5 10 20 40 80 83 166 246 492 738 b
1 2 3 5 10 20 40 80 120 123 246 369 738 b
1 2 3 5 10 20 40 80 120 123 246 492 738 b
1 2 3 6 9 15 30 45 90 180 189 369 738 b
1 2 3 6 9 15 30 45 90 180 360 369 738 b
1 2 3 6 9 15 30 60 63 123 246 369 738 b
1 2 3 6 9 15 30 60 63 123 246 492 738 b
1 2 3 6 9 15 30 60 90 180 189 369 738 b
1 2 3 6 9 15 30 60 90 180 360 369 738 b
1 2 3 6 9 15 30 60 120 123 246 369 738 b
1 2 3 6 9 15 30 60 120 123 246 492 738 b
1 2 3 6 9 15 30 60 120 126 246 492 738 b
1 2 3 6 9 15 30 60 120 129 240 369 738 a
1 2 3 6 9 15 30 60 120 129 249 369 738 b
1 2 3 6 9 15 30 60 120 180 189 369 738 b
1 2 3 6 9 15 30 60 120 180 360 369 738 b
1 2 3 6 9 15 30 60 120 240 246 492 738 b
1 2 3 6 9 15 30 60 120 240 249 369 738 b
1 2 3 6 9 15 30 60 120 240 249 489 738 b
1 2 3 6 9 15 30 60 120 240 249 498 738 b
1 2 3 6 9 15 30 60 120 240 360 369 738 b
1 2 3 6 9 18 27 45 90 180 189 369 738 b
1 2 3 6 9 18 27 45 90 180 360 369 738 b
1 2 3 6 9 18 27 45 90 180 360 378 738 b
1 2 3 6 9 18 27 45 90 180 360 720 738 b
1 2 3 6 9 18 36 45 81 162 207 369 738 b
1 2 3 6 9 18 36 45 81 162 324 369 738 b
1 2 3 6 9 18 36 45 90 180 189 369 738 b
1 2 3 6 9 18 36 45 90 180 360 369 738 b
1 2 3 6 9 18 36 45 90 180 360 378 738 b
1 2 3 6 9 18 36 45 90 180 360 720 738 b
1 2 3 6 9 18 36 54 90 180 189 369 738 b
1 2 3 6 9 18 36 54 90 180 360 369 738 b
1 2 3 6 9 18 36 54 90 180 360 378 738 b
1 2 3 6 9 18 36 54 90 180 360 720 738 b
1 2 3 6 9 18 36 72 75 147 222 369 738 b
1 2 3 6 9 18 36 72 75 147 294 369 738 b
1 2 3 6 9 18 36 72 81 144 225 369 738 a
1 2 3 6 9 18 36 72 81 144 288 369 738 a
1 2 3 6 9 18 36 72 90 162 324 414 738 b
1 2 3 6 9 18 36 72 90 162 324 648 738 b
1 2 3 6 9 18 36 72 90 180 189 369 738 b
1 2 3 6 9 18 36 72 90 180 360 369 738 b
1 2 3 6 9 18 36 72 90 180 360 378 738 b
1 2 3 6 9 18 36 72 90 180 360 720 738 b
1 2 3 6 9 18 36 72 108 180 189 369 738 b
1 2 3 6 9 18 36 72 108 180 360 369 738 b
1 2 3 6 9 18 36 72 108 180 360 378 738 b
1 2 3 6 9 18 36 72 108 180 360 720 738 b
1 2 3 6 9 18 36 72 144 150 294 444 738 b
1 2 3 6 9 18 36 72 144 150 294 588 738 b
1 2 3 6 9 18 36 72 144 153 216 369 738 a
1 2 3 6 9 18 36 72 144 153 225 369 738 b
1 2 3 6 9 18 36 72 144 153 297 369 738 b
1 2 3 6 9 18 36 72 144 153 297 441 738 b
1 2 3 6 9 18 36 72 144 153 297 594 738 b
1 2 3 6 9 18 36 72 144 162 288 450 738 a
1 2 3 6 9 18 36 72 144 162 288 576 738 a
1 2 3 6 9 18 36 72 144 180 189 369 738 b
1 2 3 6 9 18 36 72 144 180 360 369 738 b
1 2 3 6 9 18 36 72 144 180 360 378 738 b
1 2 3 6 9 18 36 72 144 180 360 720 738 b
1 2 3 6 9 18 36 72 144 216 225 369 738 b
1 2 3 6 9 18 36 72 144 216 360 369 738 b
1 2 3 6 9 18 36 72 144 216 360 378 738 b
1 2 3 6 9 18 36 72 144 216 360 720 738 b
1 2 3 6 9 18 36 72 144 288 297 369 738 b
1 2 3 6 9 18 36 72 144 288 297 441 738 b
1 2 3 6 9 18 36 72 144 288 297 594 738 b
1 2 3 6 9 18 36 72 144 288 306 432 738 a
1 2 3 6 9 18 36 72 144 288 306 450 738 b
1 2 3 6 9 18 36 72 144 288 306 594 738 b
1 2 3 6 9 18 36 72 144 288 360 369 738 b
1 2 3 6 9 18 36 72 144 288 360 378 738 b
1 2 3 6 9 18 36 72 144 288 360 720 738 b
1 2 3 6 9 18 36 72 144 288 432 450 738 b
1 2 3 6 9 18 36 72 144 288 432 720 738 b
1 2 3 6 9 18 36 72 144 288 576 594 738 b
1 2 3 6 9 18 36 72 144 288 576 720 738 b
1 2 3 6 12 15 27 54 69 123 246 369 738 b
1 2 3 6 12 15 27 54 69 123 246 492 738 b
1 2 3 6 12 15 27 54 108 123 246 369 738 b
1 2 3 6 12 15 27 54 108 123 246 492 738 b
1 2 3 6 12 15 30 60 63 123 246 369 738 b
1 2 3 6 12 15 30 60 63 123 246 492 738 b
1 2 3 6 12 15 30 60 120 123 246 369 738 b
1 2 3 6 12 15 30 60 120 123 246 492 738 b
1 2 3 6 12 15 30 60 120 126 246 492 738 b
1 2 3 6 12 15 30 60 120 240 246 492 738 b
1 2 3 6 12 18 30 60 63 123 246 369 738 b
1 2 3 6 12 18 30 60 63 123 246 492 738 b
1 2 3 6 12 18 30 60 90 180 360 378 738 b
1 2 3 6 12 18 30 60 90 180 360 720 738 b
1 2 3 6 12 18 30 60 120 123 246 369 738 b
1 2 3 6 12 18 30 60 120 123 246 492 738 b
1 2 3 6 12 18 30 60 120 126 246 492 738 b
1 2 3 6 12 18 30 60 120 180 360 378 738 b
1 2 3 6 12 18 30 60 120 180 360 720 738 b
1 2 3 6 12 18 30 60 120 240 246 492 738 b
1 2 3 6 12 18 30 60 120 240 258 480 738 a
1 2 3 6 12 18 30 60 120 240 258 498 738 b
1 2 3 6 12 18 30 60 120 240 360 378 738 b
1 2 3 6 12 18 30 60 120 240 360 720 738 b
1 2 3 6 12 18 30 60 120 240 480 498 738 b
1 2 3 6 12 18 30 60 120 240 480 720 738 b
1 2 3 6 12 18 36 54 90 180 360 378 738 b
1 2 3 6 12 18 36 54 90 180 360 720 738 b
1 2 3 6 12 18 36 72 75 147 222 369 738 b
1 2 3 6 12 18 36 72 75 147 294 369 738 b
1 2 3 6 12 18 36 72 90 162 324 414 738 b
1 2 3 6 12 18 36 72 90 162 324 648 738 b
1 2 3 6 12 18 36 72 90 180 360 378 738 b
1 2 3 6 12 18 36 72 90 180 360 720 738 b
1 2 3 6 12 18 36 72 108 180 360 378 738 b
1 2 3 6 12 18 36 72 108 180 360 720 738 b
1 2 3 6 12 18 36 72 144 150 294 444 738 b
1 2 3 6 12 18 36 72 144 150 294 588 738 b
1 2 3 6 12 18 36 72 144 162 288 450 738 a
1 2 3 6 12 18 36 72 144 162 288 576 738 a
1 2 3 6 12 18 36 72 144 180 360 378 738 b
1 2 3 6 12 18 36 72 144 180 360 720 738 b
1 2 3 6 12 18 36 72 144 216 360 378 738 b
1 2 3 6 12 18 36 72 144 216 360 720 738 b
1 2 3 6 12 18 36 72 144 288 306 432 738 a
1 2 3 6 12 18 36 72 144 288 306 450 738 b
1 2 3 6 12 18 36 72 144 288 306 594 738 b
1 2 3 6 12 18 36 72 144 288 360 378 738 b
1 2 3 6 12 18 36 72 144 288 360 720 738 b
1 2 3 6 12 18 36 72 144 288 432 450 738 b
1 2 3 6 12 18 36 72 144 288 432 720 738 b
1 2 3 6 12 18 36 72 144 288 576 594 738 b
1 2 3 6 12 18 36 72 144 288 576 720 738 b
1 2 3 6 12 24 25 49 74 123 246 369 738 b
1 2 3 6 12 24 25 49 74 123 246 492 738 b
1 2 3 6 12 24 25 49 98 123 246 369 738 b
1 2 3 6 12 24 25 49 98 123 246 492 738 b
1 2 3 6 12 24 27 48 75 123 246 369 738 a
1 2 3 6 12 24 27 48 75 123 246 492 738 a
1 2 3 6 12 24 27 48 96 123 246 369 738 a
1 2 3 6 12 24 27 48 96 123 246 492 738 a
1 2 3 6 12 24 30 54 108 138 246 492 738 b
1 2 3 6 12 24 30 54 108 216 246 492 738 b
1 2 3 6 12 24 30 60 63 123 246 369 738 b
1 2 3 6 12 24 30 60 63 123 246 492 738 b
1 2 3 6 12 24 30 60 120 123 246 369 738 b
1 2 3 6 12 24 30 60 120 123 246 492 738 b
1 2 3 6 12 24 30 60 120 126 246 492 738 b
1 2 3 6 12 24 30 60 120 240 246 492 738 b
1 2 3 6 12 24 36 60 63 123 246 369 738 b
1 2 3 6 12 24 36 60 63 123 246 492 738 b
1 2 3 6 12 24 36 60 120 123 246 369 738 b
1 2 3 6 12 24 36 60 120 123 246 492 738 b
1 2 3 6 12 24 36 60 120 126 246 492 738 b
1 2 3 6 12 24 36 60 120 240 246 492 738 b
1 2 3 6 12 24 36 72 75 147 222 369 738 b
1 2 3 6 12 24 36 72 75 147 294 369 738 b
1 2 3 6 12 24 36 72 144 150 294 444 738 b
1 2 3 6 12 24 36 72 144 150 294 588 738 b
1 2 3 6 12 24 48 50 98 148 246 492 738 b
1 2 3 6 12 24 48 50 98 196 246 492 738 b
1 2 3 6 12 24 48 51 72 123 246 369 738 a
1 2 3 6 12 24 48 51 72 123 246 492 738 a
1 2 3 6 12 24 48 51 75 123 246 369 738 b
1 2 3 6 12 24 48 51 75 123 246 492 738 b
1 2 3 6 12 24 48 51 99 123 246 369 738 b
1 2 3 6 12 24 48 51 99 123 246 492 738 b
1 2 3 6 12 24 48 51 99 147 246 492 738 b
1 2 3 6 12 24 48 51 99 198 246 492 738 b
1 2 3 6 12 24 48 54 96 150 246 492 738 a
1 2 3 6 12 24 48 54 96 192 246 492 738 a
1 2 3 6 12 24 48 60 63 123 246 369 738 b
1 2 3 6 12 24 48 60 63 123 246 492 738 b
1 2 3 6 12 24 48 60 120 123 246 369 738 b
1 2 3 6 12 24 48 60 120 123 246 492 738 b
1 2 3 6 12 24 48 60 120 126 246 492 738 b
1 2 3 6 12 24 48 60 120 240 246 492 738 b
1 2 3 6 12 24 48 72 75 123 246 369 738 b
1 2 3 6 12 24 48 72 75 123 246 492 738 b
1 2 3 6 12 24 48 72 75 147 222 369 738 b
1 2 3 6 12 24 48 72 75 147 294 369 738 b
1 2 3 6 12 24 48 72 120 123 246 369 738 b
1 2 3 6 12 24 48 72 120 123 246 492 738 b
1 2 3 6 12 24 48 72 120 126 246 492 738 b
1 2 3 6 12 24 48 72 120 240 246 492 738 b
1 2 3 6 12 24 48 72 144 150 294 444 738 b
1 2 3 6 12 24 48 72 144 150 294 588 738 b
1 2 3 6 12 24 48 96 99 123 246 369 738 b
1 2 3 6 12 24 48 96 99 123 246 492 738 b
1 2 3 6 12 24 48 96 99 147 246 492 738 b
1 2 3 6 12 24 48 96 99 198 246 492 738 b
1 2 3 6 12 24 48 96 102 144 246 492 738 a
1 2 3 6 12 24 48 96 102 150 246 492 738 b
1 2 3 6 12 24 48 96 102 198 246 492 738 b
1 2 3 6 12 24 48 96 120 123 246 369 738 b
1 2 3 6 12 24 48 96 120 123 246 492 738 b
1 2 3 6 12 24 48 96 120 126 246 492 738 b
1 2 3 6 12 24 48 96 120 240 246 492 738 b
1 2 3 6 12 24 48 96 144 150 246 492 738 b
1 2 3 6 12 24 48 96 144 150 294 444 738 b
1 2 3 6 12 24 48 96 144 150 294 588 738 b
1 2 3 6 12 24 48 96 144 240 246 492 738 b
1 2 3 6 12 24 48 96 192 198 246 492 738 b
1 2 3 6 12 24 48 96 192 240 246 492 738 b
1 2 4 5 9 14 23 46 92 184 185 369 738 b
1 2 4 5 9 14 23 46 92 184 368 369 738 b
1 2 4 5 9 14 23 46 92 184 368 370 738 b
1 2 4 5 9 14 23 46 92 184 368 736 738 b
1 2 4 5 9 18 23 41 82 123 246 369 738 b
1 2 4 5 9 18 23 41 82 123 246 492 738 b
1 2 4 5 9 18 23 41 82 164 205 369 738 b
1 2 4 5 9 18 23 41 82 164 246 492 738 b
1 2 4 5 9 18 23 41 82 164 328 369 738 b
1 2 4 5 9 18 23 41 82 164 328 410 738 b
1 2 4 5 9 18 23 41 82 164 328 656 738 b
1 2 4 5 9 18 23 46 92 184 185 369 738 b
1 2 4 5 9 18 23 46 92 184 368 369 738 b
1 2 4 5 9 18 23 46 92 184 368 370 738 b
1 2 4 5 9 18 23 46 92 184 368 736 738 b
1 2 4 5 9 18 27 45 90 180 189 369 738 b
1 2 4 5 9 18 27 45 90 180 360 369 738 b
1 2 4 5 9 18 27 45 90 180 360 378 738 b
1 2 4 5 9 18 27 45 90 180 360 720 738 b
1 2 4 5 9 18 36 41 82 123 246 369 738 b
1 2 4 5 9 18 36 41 82 123 246 492 738 b
1 2 4 5 9 18 36 41 82 164 205 369 738 b
1 2 4 5 9 18 36 41 82 164 246 492 738 b
1 2 4 5 9 18 36 41 82 164 328 369 738 b
1 2 4 5 9 18 36 41 82 164 328 410 738 b
1 2 4 5 9 18 36 41 82 164 328 656 738 b
1 2 4 5 9 18 36 45 81 162 207 369 738 b
1 2 4 5 9 18 36 45 81 162 324 369 738 b
1 2 4 5 9 18 36 45 90 180 189 369 738 b
1 2 4 5 9 18 36 45 90 180 360 369 738 b
1 2 4 5 9 18 36 45 90 180 360 378 738 b
1 2 4 5 9 18 36 45 90 180 360 720 738 b
1 2 4 5 9 18 36 54 90 180 189 369 738 b
1 2 4 5 9 18 36 54 90 180 360 369 738 b
1 2 4 5 9 18 36 54 90 180 360 378 738 b
1 2 4 5 9 18 36 54 90 180 360 720 738 b
1 2 4 5 9 18 36 72 81 144 225 369 738 a
1 2 4 5 9 18 36 72 81 144 288 369 738 a
1 2 4 5 9 18 36 72 90 162 324 414 738 b
1 2 4 5 9 18 36 72 90 162 324 648 738 b
1 2 4 5 9 18 36 72 90 180 189 369 738 b
1 2 4 5 9 18 36 72 90 180 360 369 738 b
1 2 4 5 9 18 36 72 90 180 360 378 738 b
1 2 4 5 9 18 36 72 90 180 360 720 738 b
1 2 4 5 9 18 36 72 108 180 189 369 738 b
1 2 4 5 9 18 36 72 108 180 360 369 738 b
1 2 4 5 9 18 36 72 108 180 360 378 738 b
1 2 4 5 9 18 36 72 108 180 360 720 738 b
1 2 4 5 9 18 36 72 144 153 216 369 738 a
1 2 4 5 9 18 36 72 144 153 225 369 738 b
1 2 4 5 9 18 36 72 144 153 297 369 738 b
1 2 4 5 9 18 36 72 144 153 297 441 738 b
1 2 4 5 9 18 36 72 144 153 297 594 738 b
1 2 4 5 9 18 36 72 144 162 288 450 738 a
1 2 4 5 9 18 36 72 144 162 288 576 738 a
1 2 4 5 9 18 36 72 144 180 189 369 738 b
1 2 4 5 9 18 36 72 144 180 360 369 738 b
1 2 4 5 9 18 36 72 144 180 360 378 738 b
1 2 4 5 9 18 36 72 144 180 360 720 738 b
1 2 4 5 9 18 36 72 144 216 225 369 738 b
1 2 4 5 9 18 36 72 144 216 360 369 738 b
1 2 4 5 9 18 36 72 144 216 360 378 738 b
1 2 4 5 9 18 36 72 144 216 360 720 738 b
1 2 4 5 9 18 36 72 144 288 297 369 738 b
1 2 4 5 9 18 36 72 144 288 297 441 738 b
1 2 4 5 9 18 36 72 144 288 297 594 738 b
1 2 4 5 9 18 36 72 144 288 306 432 738 a
1 2 4 5 9 18 36 72 144 288 306 450 738 b
1 2 4 5 9 18 36 72 144 288 306 594 738 b
1 2 4 5 9 18 36 72 144 288 360 369 738 b
1 2 4 5 9 18 36 72 144 288 360 378 738 b
1 2 4 5 9 18 36 72 144 288 360 720 738 b
1 2 4 5 9 18 36 72 144 288 432 450 738 b
1 2 4 5 9 18 36 72 144 288 432 720 738 b
1 2 4 5 9 18 36 72 144 288 576 594 738 b
1 2 4 5 9 18 36 72 144 288 576 720 738 b
1 2 4 5 10 20 21 41 82 123 246 369 738 b
1 2 4 5 10 20 21 41 82 123 246 492 738 b
1 2 4 5 10 20 21 41 82 164 205 369 738 b
1 2 4 5 10 20 21 41 82 164 246 492 738 b
1 2 4 5 10 20 21 41 82 164 328 369 738 b
1 2 4 5 10 20 21 41 82 164 328 410 738 b
1 2 4 5 10 20 21 41 82 164 328 656 738 b
1 2 4 5 10 20 40 41 82 123 246 369 738 b
1 2 4 5 10 20 40 41 82 123 246 492 738 b
1 2 4 5 10 20 40 41 82 164 205 369 738 b
1 2 4 5 10 20 40 41 82 164 246 492 738 b
1 2 4 5 10 20 40 41 82 164 328 369 738 b
1 2 4 5 10 20 40 41 82 164 328 410 738 b
1 2 4 5 10 20 40 41 82 164 328 656 738 b
1 2 4 5 10 20 40 42 82 164 246 492 738 b
1 2 4 5 10 20 40 42 82 164 328 410 738 b
1 2 4 5 10 20 40 42 82 164 328 656 738 b
1 2 4 5 10 20 40 80 82 164 246 492 738 b
1 2 4 5 10 20 40 80 82 164 328 410 738 b
1 2 4 5 10 20 40 80 82 164 328 656 738 b
1 2 4 6 10 20 21 41 82 123 246 369 738 b
1 2 4 6 10 20 21 41 82 123 246 492 738 b
1 2 4 6 10 20 21 41 82 164 205 369 738 b
1 2 4 6 10 20 21 41 82 164 246 492 738 b
1 2 4 6 10 20 21 41 82 164 328 369 738 b
1 2 4 6 10 20 21 41 82 164 328 410 738 b
1 2 4 6 10 20 21 41 82 164 328 656 738 b
1 2 4 6 10 20 26 46 92 184 185 369 738 b
1 2 4 6 10 20 26 46 92 184 368 369 738 b
1 2 4 6 10 20 26 46 92 184 368 370 738 b
1 2 4 6 10 20 26 46 92 184 368 736 738 b
1 2 4 6 10 20 30 60 120 126 246 492 738 b
1 2 4 6 10 20 30 60 120 240 246 492 738 b
1 2 4 6 10 20 40 41 82 123 246 369 738 b
1 2 4 6 10 20 40 41 82 123 246 492 738 b
1 2 4 6 10 20 40 41 82 164 205 369 738 b
1 2 4 6 10 20 40 41 82 164 246 492 738 b
1 2 4 6 10 20 40 41 82 164 328 369 738 b
1 2 4 6 10 20 40 41 82 164 328 410 738 b
1 2 4 6 10 20 40 41 82 164 328 656 738 b
1 2 4 6 10 20 40 42 82 164 246 492 738 b
1 2 4 6 10 20 40 42 82 164 328 410 738 b
1 2 4 6 10 20 40 42 82 164 328 656 738 b
1 2 4 6 10 20 40 46 92 184 185 369 738 b
1 2 4 6 10 20 40 46 92 184 368 369 738 b
1 2 4 6 10 20 40 46 92 184 368 370 738 b
1 2 4 6 10 20 40 46 92 184 368 736 738 b
1 2 4 6 10 20 40 60 120 126 246 492 738 b
1 2 4 6 10 20 40 60 120 240 246 492 738 b
1 2 4 6 10 20 40 80 82 164 246 492 738 b
1 2 4 6 10 20 40 80 82 164 328 410 738 b
1 2 4 6 10 20 40 80 82 164 328 656 738 b
1 2 4 6 10 20 40 80 86 160 246 492 738 a
1 2 4 6 10 20 40 80 86 166 246 492 738 b
1 2 4 6 10 20 40 80 120 126 246 492 738 b
1 2 4 6 10 20 40 80 120 240 246 492 738 b
1 2 4 6 10 20 40 80 160 166 246 492 738 b
1 2 4 6 10 20 40 80 160 240 246 492 738 b
1 2 4 6 12 18 30 60 90 180 360 378 738 b
1 2 4 6 12 18 30 60 90 180 360 720 738 b
1 2 4 6 12 18 30 60 120 126 246 492 738 b
1 2 4 6 12 18 30 60 120 180 360 378 738 b
1 2 4 6 12 18 30 60 120 180 360 720 738 b
1 2 4 6 12 18 30 60 120 240 246 492 738 b
1 2 4 6 12 18 30 60 120 240 258 480 738 a
1 2 4 6 12 18 30 60 120 240 258 498 738 b
1 2 4 6 12 18 30 60 120 240 360 378 738 b
1 2 4 6 12 18 30 60 120 240 360 720 738 b
1 2 4 6 12 18 30 60 120 240 480 498 738 b
1 2 4 6 12 18 30 60 120 240 480 720 738 b
1 2 4 6 12 18 36 54 90 180 360 378 738 b
1 2 4 6 12 18 36 54 90 180 360 720 738 b
1 2 4 6 12 18 36 72 90 162 324 414 738 b
1 2 4 6 12 18 36 72 90 162 324 648 738 b
1 2 4 6 12 18 36 72 90 180 360 378 738 b
1 2 4 6 12 18 36 72 90 180 360 720 738 b
1 2 4 6 12 18 36 72 108 180 360 378 738 b
1 2 4 6 12 18 36 72 108 180 360 720 738 b
1 2 4 6 12 18 36 72 144 150 294 444 738 b
1 2 4 6 12 18 36 72 144 150 294 588 738 b
1 2 4 6 12 18 36 72 144 162 288 450 738 a
1 2 4 6 12 18 36 72 144 162 288 576 738 a
1 2 4 6 12 18 36 72 144 180 360 378 738 b
1 2 4 6 12 18 36 72 144 180 360 720 738 b
1 2 4 6 12 18 36 72 144 216 360 378 738 b
1 2 4 6 12 18 36 72 144 216 360 720 738 b
1 2 4 6 12 18 36 72 144 288 306 432 738 a
1 2 4 6 12 18 36 72 144 288 306 450 738 b
1 2 4 6 12 18 36 72 144 288 306 594 738 b
1 2 4 6 12 18 36 72 144 288 360 378 738 b
1 2 4 6 12 18 36 72 144 288 360 720 738 b
1 2 4 6 12 18 36 72 144 288 432 450 738 b
1 2 4 6 12 18 36 72 144 288 432 720 738 b
1 2 4 6 12 18 36 72 144 288 576 594 738 b
1 2 4 6 12 18 36 72 144 288 576 720 738 b
1 2 4 6 12 24 25 49 74 123 246 369 738 b
1 2 4 6 12 24 25 49 74 123 246 492 738 b
1 2 4 6 12 24 25 49 98 123 246 369 738 b
1 2 4 6 12 24 25 49 98 123 246 492 738 b
1 2 4 6 12 24 30 54 108 138 246 492 738 b
1 2 4 6 12 24 30 54 108 216 246 492 738 b
1 2 4 6 12 24 30 60 120 126 246 492 738 b
1 2 4 6 12 24 30 60 120 240 246 492 738 b
1 2 4 6 12 24 36 60 120 126 246 492 738 b
1 2 4 6 12 24 36 60 120 240 246 492 738 b
1 2 4 6 12 24 36 72 144 150 294 444 738 b
1 2 4 6 12 24 36 72 144 150 294 588 738 b
1 2 4 6 12 24 48 50 98 148 246 492 738 b
1 2 4 6 12 24 48 50 98 196 246 492 738 b
1 2 4 6 12 24 48 54 96 150 246 492 738 a
1 2 4 6 12 24 48 54 96 192 246 492 738 a
1 2 4 6 12 24 48 60 120 126 246 492 738 b
1 2 4 6 12 24 48 60 120 240 246 492 738 b
1 2 4 6 12 24 48 72 120 126 246 492 738 b
1 2 4 6 12 24 48 72 120 240 246 492 738 b
1 2 4 6 12 24 48 72 144 150 294 444 738 b
1 2 4 6 12 24 48 72 144 150 294 588 738 b
1 2 4 6 12 24 48 96 102 144 246 492 738 a
1 2 4 6 12 24 48 96 102 150 246 492 738 b
1 2 4 6 12 24 48 96 102 198 246 492 738 b
1 2 4 6 12 24 48 96 120 126 246 492 738 b
1 2 4 6 12 24 48 96 120 240 246 492 738 b
1 2 4 6 12 24 48 96 144 150 246 492 738 b
1 2 4 6 12 24 48 96 144 150 294 444 738 b
1 2 4 6 12 24 48 96 144 150 294 588 738 b
1 2 4 6 12 24 48 96 144 240 246 492 738 b
1 2 4 6 12 24 48 96 192 198 246 492 738 b
1 2 4 6 12 24 48 96 192 240 246 492 738 b
1 2 4 8 9 16 25 41 82 123 246 369 738 a
1 2 4 8 9 16 25 41 82 123 246 492 738 a
1 2 4 8 9 16 25 41 82 164 205 369 738 a
1 2 4 8 9 16 25 41 82 164 246 492 738 a
1 2 4 8 9 16 25 41 82 164 328 369 738 a
1 2 4 8 9 16 25 41 82 164 328 410 738 a
1 2 4 8 9 16 25 41 82 164 328 656 738 a
1 2 4 8 9 16 32 41 82 123 246 369 738 a
1 2 4 8 9 16 32 41 82 123 246 492 738 a
1 2 4 8 9 16 32 41 82 164 205 369 738 a
1 2 4 8 9 16 32 41 82 164 246 492 738 a
1 2 4 8 9 16 32 41 82 164 328 369 738 a
1 2 4 8 9 16 32 41 82 164 328 410 738 a
1 2 4 8 9 16 32 41 82 164 328 656 738 a
1 2 4 8 9 18 27 45 90 180 189 369 738 b
1 2 4 8 9 18 27 45 90 180 360 369 738 b
1 2 4 8 9 18 27 45 90 180 360 378 738 b
1 2 4 8 9 18 27 45 90 180 360 720 738 b
1 2 4 8 9 18 36 45 81 162 207 369 738 b
1 2 4 8 9 18 36 45 81 162 324 369 738 b
1 2 4 8 9 18 36 45 90 180 189 369 738 b
1 2 4 8 9 18 36 45 90 180 360 369 738 b
1 2 4 8 9 18 36 45 90 180 360 378 738 b
1 2 4 8 9 18 36 45 90 180 360 720 738 b
1 2 4 8 9 18 36 54 90 180 189 369 738 b
1 2 4 8 9 18 36 54 90 180 360 369 738 b
1 2 4 8 9 18 36 54 90 180 360 378 738 b
1 2 4 8 9 18 36 54 90 180 360 720 738 b
1 2 4 8 9 18 36 72 81 144 225 369 738 a
1 2 4 8 9 18 36 72 81 144 288 369 738 a
1 2 4 8 9 18 36 72 90 162 324 414 738 b
1 2 4 8 9 18 36 72 90 162 324 648 738 b
1 2 4 8 9 18 36 72 90 180 189 369 738 b
1 2 4 8 9 18 36 72 90 180 360 369 738 b
1 2 4 8 9 18 36 72 90 180 360 378 738 b
1 2 4 8 9 18 36 72 90 180 360 720 738 b
1 2 4 8 9 18 36 72 108 180 189 369 738 b
1 2 4 8 9 18 36 72 108 180 360 369 738 b
1 2 4 8 9 18 36 72 108 180 360 378 738 b
1 2 4 8 9 18 36 72 108 180 360 720 738 b
1 2 4 8 9 18 36 72 144 153 216 369 738 a
1 2 4 8 9 18 36 72 144 153 225 369 738 b
1 2 4 8 9 18 36 72 144 153 297 369 738 b
1 2 4 8 9 18 36 72 144 153 297 441 738 b
1 2 4 8 9 18 36 72 144 153 297 594 738 b
1 2 4 8 9 18 36 72 144 162 288 450 738 a
1 2 4 8 9 18 36 72 144 162 288 576 738 a
1 2 4 8 9 18 36 72 144 180 189 369 738 b
1 2 4 8 9 18 36 72 144 180 360 369 738 b
1 2 4 8 9 18 36 72 144 180 360 378 738 b
1 2 4 8 9 18 36 72 144 180 360 720 738 b
1 2 4 8 9 18 36 72 144 216 225 369 738 b
1 2 4 8 9 18 36 72 144 216 360 369 738 b
1 2 4 8 9 18 36 72 144 216 360 378 738 b
1 2 4 8 9 18 36 72 144 216 360 720 738 b
1 2 4 8 9 18 36 72 144 288 297 369 738 b
1 2 4 8 9 18 36 72 144 288 297 441 738 b
1 2 4 8 9 18 36 72 144 288 297 594 738 b
1 2 4 8 9 18 36 72 144 288 306 432 738 a
1 2 4 8 9 18 36 72 144 288 306 450 738 b
1 2 4 8 9 18 36 72 144 288 306 594 738 b
1 2 4 8 9 18 36 72 144 288 360 369 738 b
1 2 4 8 9 18 36 72 144 288 360 378 738 b
1 2 4 8 9 18 36 72 144 288 360 720 738 b
1 2 4 8 9 18 36 72 144 288 432 450 738 b
1 2 4 8 9 18 36 72 144 288 432 720 738 b
1 2 4 8 9 18 36 72 144 288 576 594 738 b
1 2 4 8 9 18 36 72 144 288 576 720 738 b
1 2 4 8 10 18 28 46 92 184 185 369 738 b
1 2 4 8 10 18 28 46 92 184 368 369 738 b
1 2 4 8 10 18 28 46 92 184 368 370 738 b
1 2 4 8 10 18 28 46 92 184 368 736 738 b
1 2 4 8 10 18 36 46 82 164 246 492 738 b
1 2 4 8 10 18 36 46 82 164 328 410 738 b
1 2 4 8 10 18 36 46 82 164 328 656 738 b
1 2 4 8 10 18 36 46 92 184 185 369 738 b
1 2 4 8 10 18 36 46 92 184 368 369 738 b
1 2 4 8 10 18 36 46 92 184 368 370 738 b
1 2 4 8 10 18 36 46 92 184 368 736 738 b
1 2 4 8 10 18 36 54 90 180 360 378 738 b
1 2 4 8 10 18 36 54 90 180 360 720 738 b
1 2 4 8 10 18 36 72 82 164 246 492 738 b
1 2 4 8 10 18 36 72 82 164 328 410 738 b
1 2 4 8 10 18 36 72 82 164 328 656 738 b
1 2 4 8 10 18 36 72 90 162 324 414 738 b
1 2 4 8 10 18 36 72 90 162 324 648 738 b
1 2 4 8 10 18 36 72 90 180 360 378 738 b
1 2 4 8 10 18 36 72 90 180 360 720 738 b
1 2 4 8 10 18 36 72 108 180 360 378 738 b
1 2 4 8 10 18 36 72 108 180 360 720 738 b
1 2 4 8 10 18 36 72 144 162 288 450 738 a
1 2 4 8 10 18 36 72 144 162 288 576 738 a
1 2 4 8 10 18 36 72 144 180 360 378 738 b
1 2 4 8 10 18 36 72 144 180 360 720 738 b
1 2 4 8 10 18 36 72 144 216 360 378 738 b
1 2 4 8 10 18 36 72 144 216 360 720 738 b
1 2 4 8 10 18 36 72 144 288 306 432 738 a
1 2 4 8 10 18 36 72 144 288 306 450 738 b
1 2 4 8 10 18 36 72 144 288 306 594 738 b
1 2 4 8 10 18 36 72 144 288 360 378 738 b
1 2 4 8 10 18 36 72 144 288 360 720 738 b
1 2 4 8 10 18 36 72 144 288 432 450 738 b
1 2 4 8 10 18 36 72 144 288 432 720 738 b
1 2 4 8 10 18 36 72 144 288 576 594 738 b
1 2 4 8 10 18 36 72 144 288 576 720 738 b
1 2 4 8 10 20 21 41 82 123 246 369 738 b
1 2 4 8 10 20 21 41 82 123 246 492 738 b
1 2 4 8 10 20 21 41 82 164 205 369 738 b
1 2 4 8 10 20 21 41 82 164 246 492 738 b
1 2 4 8 10 20 21 41 82 164 328 369 738 b
1 2 4 8 10 20 21 41 82 164 328 410 738 b
1 2 4 8 10 20 21 41 82 164 328 656 738 b
1 2 4 8 10 20 40 41 82 123 246 369 738 b
1 2 4 8 10 20 40 41 82 123 246 492 738 b
1 2 4 8 10 20 40 41 82 164 205 369 738 b
1 2 4 8 10 20 40 41 82 164 246 492 738 b
1 2 4 8 10 20 40 41 82 164 328 369 738 b
1 2 4 8 10 20 40 41 82 164 328 410 738 b
1 2 4 8 10 20 40 41 82 164 328 656 738 b
1 2 4 8 10 20 40 42 82 164 246 492 738 b
1 2 4 8 10 20 40 42 82 164 328 410 738 b
1 2 4 8 10 20 40 42 82 164 328 656 738 b
1 2 4 8 10 20 40 80 82 164 246 492 738 b
1 2 4 8 10 20 40 80 82 164 328 410 738 b
1 2 4 8 10 20 40 80 82 164 328 656 738 b
1 2 4 8 12 20 21 41 82 123 246 369 738 b
1 2 4 8 12 20 21 41 82 123 246 492 738 b
1 2 4 8 12 20 21 41 82 164 205 369 738 b
1 2 4 8 12 20 21 41 82 164 246 492 738 b
1 2 4 8 12 20 21 41 82 164 328 369 738 b
1 2 4 8 12 20 21 41 82 164 328 410 738 b
1 2 4 8 12 20 21 41 82 164 328 656 738 b
1 2 4 8 12 20 40 41 82 123 246 369 738 b
1 2 4 8 12 20 40 41 82 123 246 492 738 b
1 2 4 8 12 20 40 41 82 164 205 369 738 b
1 2 4 8 12 20 40 41 82 164 246 492 738 b
1 2 4 8 12 20 40 41 82 164 328 369 738 b
1 2 4 8 12 20 40 41 82 164 328 410 738 b
1 2 4 8 12 20 40 41 82 164 328 656 738 b
1 2 4 8 12 20 40 42 82 164 246 492 738 b
1 2 4 8 12 20 40 42 82 164 328 410 738 b
1 2 4 8 12 20 40 42 82 164 328 656 738 b
1 2 4 8 12 20 40 52 92 184 185 369 738 b
1 2 4 8 12 20 40 52 92 184 368 369 738 b
1 2 4 8 12 20 40 52 92 184 368 370 738 b
1 2 4 8 12 20 40 52 92 184 368 736 738 b
1 2 4 8 12 20 40 80 82 164 246 492 738 b
1 2 4 8 12 20 40 80 82 164 328 410 738 b
1 2 4 8 12 20 40 80 82 164 328 656 738 b
1 2 4 8 12 20 40 80 92 184 185 369 738 b
1 2 4 8 12 20 40 80 92 184 368 369 738 b
1 2 4 8 12 20 40 80 92 184 368 370 738 b
1 2 4 8 12 20 40 80 92 184 368 736 738 b
1 2 4 8 12 24 25 49 74 123 246 369 738 b
1 2 4 8 12 24 25 49 74 123 246 492 738 b
1 2 4 8 12 24 25 49 98 123 246 369 738 b
1 2 4 8 12 24 25 49 98 123 246 492 738 b
1 2 4 8 12 24 48 50 98 148 246 492 738 b
1 2 4 8 12 24 48 50 98 196 246 492 738 b
1 2 4 8 16 17 24 41 82 123 246 369 738 a
1 2 4 8 16 17 24 41 82 123 246 492 738 a
1 2 4 8 16 17 24 41 82 164 205 369 738 a
1 2 4 8 16 17 24 41 82 164 246 492 738 a
1 2 4 8 16 17 24 41 82 164 328 369 738 a
1 2 4 8 16 17 24 41 82 164 328 410 738 a
1 2 4 8 16 17 24 41 82 164 328 656 738 a
1 2 4 8 16 17 25 41 82 123 246 369 738 b
1 2 4 8 16 17 25 41 82 123 246 492 738 b
1 2 4 8 16 17 25 41 82 164 205 369 738 b
1 2 4 8 16 17 25 41 82 164 246 492 738 b
1 2 4 8 16 17 25 41 82 164 328 369 738 b
1 2 4 8 16 17 25 41 82 164 328 410 738 b
1 2 4 8 16 17 25 41 82 164 328 656 738 b
1 2 4 8 16 17 33 41 82 123 246 369 738 b
1 2 4 8 16 17 33 41 82 123 246 492 738 b
1 2 4 8 16 17 33 41 82 164 205 369 738 b
1 2 4 8 16 17 33 41 82 164 246 492 738 b
1 2 4 8 16 17 33 41 82 164 328 369 738 b
1 2 4 8 16 17 33 41 82 164 328 410 738 b
1 2 4 8 16 17 33 41 82 164 328 656 738 b
1 2 4 8 16 17 33 49 82 164 246 492 738 b
1 2 4 8 16 17 33 49 82 164 328 410 738 b
1 2 4 8 16 17 33 49 82 164 328 656 738 b
1 2 4 8 16 17 33 66 82 164 246 492 738 b
1 2 4 8 16 17 33 66 82 164 328 410 738 b
1 2 4 8 16 17 33 66 82 164 328 656 738 b
1 2 4 8 16 18 32 50 82 164 246 492 738 a
1 2 4 8 16 18 32 50 82 164 328 410 738 a
1 2 4 8 16 18 32 50 82 164 328 656 738 a
1 2 4 8 16 18 32 64 82 164 246 492 738 a
1 2 4 8 16 18 32 64 82 164 328 410 738 a
1 2 4 8 16 18 32 64 82 164 328 656 738 a
1 2 4 8 16 18 36 54 90 180 360 378 738 b
1 2 4 8 16 18 36 54 90 180 360 720 738 b
1 2 4 8 16 18 36 72 90 162 324 414 738 b
1 2 4 8 16 18 36 72 90 162 324 648 738 b
1 2 4 8 16 18 36 72 90 180 360 378 738 b
1 2 4 8 16 18 36 72 90 180 360 720 738 b
1 2 4 8 16 18 36 72 108 180 360 378 738 b
1 2 4 8 16 18 36 72 108 180 360 720 738 b
1 2 4 8 16 18 36 72 144 162 288 450 738 a
1 2 4 8 16 18 36 72 144 162 288 576 738 a
1 2 4 8 16 18 36 72 144 180 360 378 738 b
1 2 4 8 16 18 36 72 144 180 360 720 738 b
1 2 4 8 16 18 36 72 144 216 360 378 738 b
1 2 4 8 16 18 36 72 144 216 360 720 738 b
1 2 4 8 16 18 36 72 144 288 306 432 738 a
1 2 4 8 16 18 36 72 144 288 306 450 738 b
1 2 4 8 16 18 36 72 144 288 306 594 738 b
1 2 4 8 16 18 36 72 144 288 360 378 738 b
1 2 4 8 16 18 36 72 144 288 360 720 738 b
1 2 4 8 16 18 36 72 144 288 432 450 738 b
1 2 4 8 16 18 36 72 144 288 432 720 738 b
1 2 4 8 16 18 36 72 144 288 576 594 738 b
1 2 4 8 16 18 36 72 144 288 576 720 738 b
1 2 4 8 16 20 21 41 82 123 246 369 738 b
1 2 4 8 16 20 21 41 82 123 246 492 738 b
1 2 4 8 16 20 21 41 82 164 205 369 738 b
1 2 4 8 16 20 21 41 82 164 246 492 738 b
1 2 4 8 16 20 21 41 82 164 328 369 738 b
1 2 4 8 16 20 21 41 82 164 328 410 738 b
1 2 4 8 16 20 21 41 82 164 328 656 738 b
1 2 4 8 16 20 36 56 92 184 185 369 738 b
1 2 4 8 16 20 36 56 92 184 368 369 738 b
1 2 4 8 16 20 36 56 92 184 368 370 738 b
1 2 4 8 16 20 36 56 92 184 368 736 738 b
1 2 4 8 16 20 36 72 92 184 185 369 738 b
1 2 4 8 16 20 36 72 92 184 368 369 738 b
1 2 4 8 16 20 36 72 92 184 368 370 738 b
1 2 4 8 16 20 36 72 92 184 368 736 738 b
1 2 4 8 16 20 40 41 82 123 246 369 738 b
1 2 4 8 16 20 40 41 82 123 246 492 738 b
1 2 4 8 16 20 40 41 82 164 205 369 738 b
1 2 4 8 16 20 40 41 82 164 246 492 738 b
1 2 4 8 16 20 40 41 82 164 328 369 738 b
1 2 4 8 16 20 40 41 82 164 328 410 738 b
1 2 4 8 16 20 40 41 82 164 328 656 738 b
1 2 4 8 16 20 40 42 82 164 246 492 738 b
1 2 4 8 16 20 40 42 82 164 328 410 738 b
1 2 4 8 16 20 40 42 82 164 328 656 738 b
1 2 4 8 16 20 40 80 82 164 246 492 738 b
1 2 4 8 16 20 40 80 82 164 328 410 738 b
1 2 4 8 16 20 40 80 82 164 328 656 738 b
1 2 4 8 16 24 25 41 82 123 246 369 738 b
1 2 4 8 16 24 25 41 82 123 246 492 738 b
1 2 4 8 16 24 25 41 82 164 205 369 738 b
1 2 4 8 16 24 25 41 82 164 246 492 738 b
1 2 4 8 16 24 25 41 82 164 328 369 738 b
1 2 4 8 16 24 25 41 82 164 328 410 738 b
1 2 4 8 16 24 25 41 82 164 328 656 738 b
1 2 4 8 16 24 25 49 74 123 246 369 738 b
1 2 4 8 16 24 25 49 74 123 246 492 738 b
1 2 4 8 16 24 25 49 98 123 246 369 738 b
1 2 4 8 16 24 25 49 98 123 246 492 738 b
1 2 4 8 16 24 40 41 82 123 246 369 738 b
1 2 4 8 16 24 40 41 82 123 246 492 738 b
1 2 4 8 16 24 40 41 82 164 205 369 738 b
1 2 4 8 16 24 40 41 82 164 246 492 738 b
1 2 4 8 16 24 40 41 82 164 328 369 738 b
1 2 4 8 16 24 40 41 82 164 328 410 738 b
1 2 4 8 16 24 40 41 82 164 328 656 738 b
1 2 4 8 16 24 40 42 82 164 246 492 738 b
1 2 4 8 16 24 40 42 82 164 328 410 738 b
1 2 4 8 16 24 40 42 82 164 328 656 738 b
1 2 4 8 16 24 40 80 82 164 246 492 738 b
1 2 4 8 16 24 40 80 82 164 328 410 738 b
1 2 4 8 16 24 40 80 82 164 328 656 738 b
1 2 4 8 16 24 40 80 104 184 185 369 738 b
1 2 4 8 16 24 40 80 104 184 368 369 738 b
1 2 4 8 16 24 40 80 104 184 368 370 738 b
1 2 4 8 16 24 40 80 104 184 368 736 738 b
1 2 4 8 16 24 40 80 160 184 185 369 738 b
1 2 4 8 16 24 40 80 160 184 368 369 738 b
1 2 4 8 16 24 40 80 160 184 368 370 738 b
1 2 4 8 16 24 40 80 160 184 368 736 738 b
1 2 4 8 16 24 48 50 98 148 246 492 738 b
1 2 4 8 16 24 48 50 98 196 246 492 738 b
1 2 4 8 16 32 33 41 82 123 246 369 738 b
1 2 4 8 16 32 33 41 82 123 246 492 738 b
1 2 4 8 16 32 33 41 82 164 205 369 738 b
1 2 4 8 16 32 33 41 82 164 246 492 738 b
1 2 4 8 16 32 33 41 82 164 328 369 738 b
1 2 4 8 16 32 33 41 82 164 328 410 738 b
1 2 4 8 16 32 33 41 82 164 328 656 738 b
1 2 4 8 16 32 33 49 82 164 246 492 738 b
1 2 4 8 16 32 33 49 82 164 328 410 738 b
1 2 4 8 16 32 33 49 82 164 328 656 738 b
1 2 4 8 16 32 33 66 82 164 246 492 738 b
1 2 4 8 16 32 33 66 82 164 328 410 738 b
1 2 4 8 16 32 33 66 82 164 328 656 738 b
1 2 4 8 16 32 34 48 82 164 246 492 738 a
1 2 4 8 16 32 34 48 82 164 328 410 738 a
1 2 4 8 16 32 34 48 82 164 328 656 738 a
1 2 4 8 16 32 34 50 82 164 246 492 738 b
1 2 4 8 16 32 34 50 82 164 328 410 738 b
1 2 4 8 16 32 34 50 82 164 328 656 738 b
1 2 4 8 16 32 34 66 82 164 246 492 738 b
1 2 4 8 16 32 34 66 82 164 328 410 738 b
1 2 4 8 16 32 34 66 82 164 328 656 738 b
1 2 4 8 16 32 40 41 82 123 246 369 738 b
1 2 4 8 16 32 40 41 82 123 246 492 738 b
1 2 4 8 16 32 40 41 82 164 205 369 738 b
1 2 4 8 16 32 40 41 82 164 246 492 738 b
1 2 4 8 16 32 40 41 82 164 328 369 738 b
1 2 4 8 16 32 40 41 82 164 328 410 738 b
1 2 4 8 16 32 40 41 82 164 328 656 738 b
1 2 4 8 16 32 40 42 82 164 246 492 738 b
1 2 4 8 16 32 40 42 82 164 328 410 738 b
1 2 4 8 16 32 40 42 82 164 328 656 738 b
1 2 4 8 16 32 40 72 112 184 185 369 738 b
1 2 4 8 16 32 40 72 112 184 368 369 738 b
1 2 4 8 16 32 40 72 112 184 368 370 738 b
1 2 4 8 16 32 40 72 112 184 368 736 738 b
1 2 4 8 16 32 40 72 144 184 185 369 738 b
1 2 4 8 16 32 40 72 144 184 368 369 738 b
1 2 4 8 16 32 40 72 144 184 368 370 738 b
1 2 4 8 16 32 40 72 144 184 368 736 738 b
1 2 4 8 16 32 40 80 82 164 246 492 738 b
1 2 4 8 16 32 40 80 82 164 328 410 738 b
1 2 4 8 16 32 40 80 82 164 328 656 738 b
1 2 4 8 16 32 48 49 80 160 209 369 738 a
1 2 4 8 16 32 48 49 80 160 320 369 738 a
1 2 4 8 16 32 48 50 82 164 246 492 738 b
1 2 4 8 16 32 48 50 82 164 328 410 738 b
1 2 4 8 16 32 48 50 82 164 328 656 738 b
1 2 4 8 16 32 48 50 98 148 246 492 738 b
1 2 4 8 16 32 48 50 98 196 246 492 738 b
1 2 4 8 16 32 48 80 82 164 246 492 738 b
1 2 4 8 16 32 48 80 82 164 328 410 738 b
1 2 4 8 16 32 48 80 82 164 328 656 738 b
1 2 4 8 16 32 48 80 160 161 208 369 738 a
1 2 4 8 16 32 48 80 160 161 209 369 738 b
1 2 4 8 16 32 48 80 160 161 321 369 738 b
1 2 4 8 16 32 48 80 160 208 209 369 738 b
1 2 4 8 16 32 48 80 160 208 368 369 738 b
1 2 4 8 16 32 48 80 160 208 368 370 738 b
1 2 4 8 16 32 48 80 160 208 368 736 738 b
1 2 4 8 16 32 48 80 160 320 321 369 738 b
1 2 4 8 16 32 48 80 160 320 368 369 738 b
1 2 4 8 16 32 48 80 160 320 368 370 738 b
1 2 4 8 16 32 48 80 160 320 368 736 738 b
1 2 4 8 16 32 64 66 82 164 246 492 738 b
1 2 4 8 16 32 64 66 82 164 328 410 738 b
1 2 4 8 16 32 64 66 82 164 328 656 738 b
1 2 4 8 16 32 64 80 81 144 225 369 738 a
1 2 4 8 16 32 64 80 81 144 288 369 738 a
1 2 4 8 16 32 64 80 82 164 246 492 738 b
1 2 4 8 16 32 64 80 82 164 328 410 738 b
1 2 4 8 16 32 64 80 82 164 328 656 738 b
1 2 4 8 16 32 64 80 144 145 224 369 738 a
1 2 4 8 16 32 64 80 144 145 225 369 738 b
1 2 4 8 16 32 64 80 144 145 289 369 738 b
1 2 4 8 16 32 64 80 144 224 225 369 738 b
1 2 4 8 16 32 64 80 144 224 368 369 738 b
1 2 4 8 16 32 64 80 144 224 368 370 738 b
1 2 4 8 16 32 64 80 144 224 368 736 738 b
1 2 4 8 16 32 64 80 144 288 289 369 738 b
1 2 4 8 16 32 64 80 144 288 368 369 738 b
1 2 4 8 16 32 64 80 144 288 368 370 738 b
1 2 4 8 16 32 64 80 144 288 368 736 738 b
1 2 4 8 16 32 64 96 98 160 320 418 738 a
1 2 4 8 16 32 64 96 98 160 320 640 738 a
1 2 4 8 16 32 64 96 160 161 321 417 738 b
1 2 4 8 16 32 64 96 160 161 321 642 738 b
1 2 4 8 16 32 64 96 160 320 321 417 738 b
1 2 4 8 16 32 64 96 160 320 321 642 738 b
1 2 4 8 16 32 64 96 160 320 322 416 738 a
1 2 4 8 16 32 64 96 160 320 322 418 738 b
1 2 4 8 16 32 64 96 160 320 322 642 738 b
1 2 4 8 16 32 64 96 160 320 416 418 738 b
1 2 4 8 16 32 64 96 160 320 416 736 738 b
1 2 4 8 16 32 64 96 160 320 640 642 738 b
1 2 4 8 16 32 64 96 160 320 640 736 738 b
1 2 4 8 16 32 64 128 129 160 289 449 738 a
1 2 4 8 16 32 64 128 129 160 289 578 738 a
1 2 4 8 16 32 64 128 160 161 289 449 738 b
1 2 4 8 16 32 64 128 160 161 289 578 738 b
1 2 4 8 16 32 64 128 160 162 288 450 738 a
1 2 4 8 16 32 64 128 160 162 288 576 738 a
1 2 4 8 16 32 64 128 160 288 289 449 738 b
1 2 4 8 16 32 64 128 160 288 289 578 738 b
1 2 4 8 16 32 64 128 160 288 290 448 738 a
1 2 4 8 16 32 64 128 160 288 290 450 738 b
1 2 4 8 16 32 64 128 160 288 290 578 738 b
1 2 4 8 16 32 64 128 160 288 448 450 738 b
1 2 4 8 16 32 64 128 160 288 448 736 738 b
1 2 4 8 16 32 64 128 160 288 576 578 738 b
1 2 4 8 16 32 64 128 160 288 576 736 738 b
