1 2 4 5 9 14 23 46 92 184 193 377 754 b
1 2 4 5 9 14 23 46 92 184 368 377 754 b
1 2 4 5 9 18 23 46 92 184 193 377 754 b
1 2 4 5 9 18 23 46 92 184 368 377 754 b
1 2 4 5 9 18 23 46 92 184 368 386 754 b
1 2 4 5 9 18 23 46 92 184 368 736 754 b
1 2 4 8 10 18 28 46 92 184 368 386 754 b
1 2 4 8 10 18 28 46 92 184 368 736 754 b
1 2 4 8 10 18 36 46 92 184 368 386 754 b
1 2 4 8 10 18 36 46 92 184 368 736 754 b
1 2 4 8 16 17 33 49 82 164 213 377 754 b
1 2 4 8 16 17 33 49 82 164 328 377 754 b
1 2 4 8 16 32 33 49 82 164 213 377 754 b
1 2 4 8 16 32 33 49 82 164 328 377 754 b
1 2 4 8 16 32 33 66 98 164 328 426 754 b
1 2 4 8 16 32 33 66 98 164 328 656 754 b
1 2 4 8 16 32 34 66 98 164 328 426 754 b
1 2 4 8 16 32 34 66 98 164 328 656 754 b
1 2 4 8 16 32 64 66 98 164 328 426 754 b
1 2 4 8 16 32 64 66 98 164 328 656 754 b
