1 2 3 5 10 15 30 45 90 180 360 365 725 b
1 2 3 5 10 15 30 45 90 180 360 720 725 b
1 2 3 5 10 15 30 60 90 180 360 365 725 b
1 2 3 5 10 15 30 60 90 180 360 720 725 b
1 2 3 5 10 15 30 60 120 180 360 365 725 b
1 2 3 5 10 15 30 60 120 180 360 720 725 b
1 2 3 5 10 15 30 60 120 240 245 480 725 a
1 2 3 5 10 15 30 60 120 240 245 485 725 b
1 2 3 5 10 15 30 60 120 240 360 365 725 b
1 2 3 5 10 15 30 60 120 240 360 720 725 b
1 2 3 5 10 15 30 60 120 240 480 485 725 b
1 2 3 5 10 15 30 60 120 240 480 720 725 b
1 2 3 5 10 20 25 45 90 180 360 365 725 b
1 2 3 5 10 20 25 45 90 180 360 720 725 b
1 2 3 5 10 20 30 60 90 180 360 365 725 b
1 2 3 5 10 20 30 60 90 180 360 720 725 b
1 2 3 5 10 20 30 60 120 180 360 365 725 b
1 2 3 5 10 20 30 60 120 180 360 720 725 b
1 2 3 5 10 20 30 60 120 240 245 480 725 a
1 2 3 5 10 20 30 60 120 240 245 485 725 b
1 2 3 5 10 20 30 60 120 240 360 365 725 b
1 2 3 5 10 20 30 60 120 240 360 720 725 b
1 2 3 5 10 20 30 60 120 240 480 485 725 b
1 2 3 5 10 20 30 60 120 240 480 720 725 b
1 2 3 5 10 20 40 45 85 170 340 385 725 b
1 2 3 5 10 20 40 45 85 170 340 680 725 b
1 2 3 5 10 20 40 45 90 180 360 365 725 b
1 2 3 5 10 20 40 45 90 180 360 720 725 b
1 2 3 5 10 20 40 50 90 180 360 365 725 b
1 2 3 5 10 20 40 50 90 180 360 720 725 b
1 2 3 5 10 20 40 60 120 180 360 365 725 b
1 2 3 5 10 20 40 60 120 180 360 720 725 b
1 2 3 5 10 20 40 60 120 240 245 480 725 a
1 2 3 5 10 20 40 60 120 240 245 485 725 b
1 2 3 5 10 20 40 60 120 240 360 365 725 b
1 2 3 5 10 20 40 60 120 240 360 720 725 b
1 2 3 5 10 20 40 60 120 240 480 485 725 b
1 2 3 5 10 20 40 60 120 240 480 720 725 b
1 2 3 5 10 20 40 80 81 161 322 403 725 b
1 2 3 5 10 20 40 80 81 161 322 644 725 b
1 2 3 5 10 20 40 80 85 160 320 405 725 a
1 2 3 5 10 20 40 80 85 160 320 640 725 a
1 2 3 5 10 20 40 80 90 180 360 365 725 b
1 2 3 5 10 20 40 80 90 180 360 720 725 b
1 2 3 5 10 20 40 80 100 180 360 365 725 b
1 2 3 5 10 20 40 80 100 180 360 720 725 b
1 2 3 5 10 20 40 80 120 240 245 480 725 a
1 2 3 5 10 20 40 80 120 240 245 485 725 b
1 2 3 5 10 20 40 80 120 240 360 365 725 b
1 2 3 5 10 20 40 80 120 240 360 720 725 b
1 2 3 5 10 20 40 80 120 240 480 485 725 b
1 2 3 5 10 20 40 80 120 240 480 720 725 b
1 2 3 5 10 20 40 80 160 180 360 365 725 b
1 2 3 5 10 20 40 80 160 180 360 720 725 b
1 2 3 5 10 20 40 80 160 200 360 365 725 b
1 2 3 5 10 20 40 80 160 200 360 720 725 b
1 2 3 5 10 20 40 80 160 240 245 480 725 a
1 2 3 5 10 20 40 80 160 240 245 485 725 b
1 2 3 5 10 20 40 80 160 240 480 485 725 b
1 2 3 5 10 20 40 80 160 240 480 720 725 b
1 2 3 5 10 20 40 80 160 320 325 400 725 a
1 2 3 5 10 20 40 80 160 320 325 405 725 b
1 2 3 5 10 20 40 80 160 320 325 645 725 b
1 2 3 5 10 20 40 80 160 320 360 365 725 b
1 2 3 5 10 20 40 80 160 320 360 720 725 b
1 2 3 5 10 20 40 80 160 320 400 405 725 b
1 2 3 5 10 20 40 80 160 320 400 720 725 b
1 2 3 5 10 20 40 80 160 320 640 645 725 b
1 2 3 5 10 20 40 80 160 320 640 720 725 b
1 2 3 6 9 18 36 72 73 145 290 435 725 b
1 2 3 6 9 18 36 72 73 145 290 580 725 b
1 2 3 6 9 18 36 72 144 145 290 435 725 b
1 2 3 6 9 18 36 72 144 145 290 580 725 b
1 2 3 6 12 18 36 72 73 145 290 435 725 b
1 2 3 6 12 18 36 72 73 145 290 580 725 b
1 2 3 6 12 18 36 72 144 145 290 435 725 b
1 2 3 6 12 18 36 72 144 145 290 580 725 b
1 2 3 6 12 24 36 72 73 145 290 435 725 b
1 2 3 6 12 24 36 72 73 145 290 580 725 b
1 2 3 6 12 24 36 72 144 145 290 435 725 b
1 2 3 6 12 24 36 72 144 145 290 580 725 b
1 2 3 6 12 24 48 49 96 145 290 435 725 a
1 2 3 6 12 24 48 49 96 145 290 580 725 a
1 2 3 6 12 24 48 49 97 145 290 435 725 b
1 2 3 6 12 24 48 49 97 145 290 580 725 b
1 2 3 6 12 24 48 72 73 145 290 435 725 b
1 2 3 6 12 24 48 72 73 145 290 580 725 b
1 2 3 6 12 24 48 72 144 145 290 435 725 b
1 2 3 6 12 24 48 72 144 145 290 580 725 b
1 2 3 6 12 24 48 96 97 145 290 435 725 b
1 2 3 6 12 24 48 96 97 145 290 580 725 b
1 2 3 6 12 24 48 96 144 145 290 435 725 b
1 2 3 6 12 24 48 96 144 145 290 580 725 b
1 2 4 5 9 18 27 45 90 180 360 365 725 b
1 2 4 5 9 18 27 45 90 180 360 720 725 b
1 2 4 5 9 18 36 45 90 180 360 365 725 b
1 2 4 5 9 18 36 45 90 180 360 720 725 b
1 2 4 5 9 18 36 54 90 180 360 365 725 b
1 2 4 5 9 18 36 54 90 180 360 720 725 b
1 2 4 5 9 18 36 72 73 145 290 435 725 b
1 2 4 5 9 18 36 72 73 145 290 580 725 b
1 2 4 5 9 18 36 72 90 180 360 365 725 b
1 2 4 5 9 18 36 72 90 180 360 720 725 b
1 2 4 5 9 18 36 72 108 180 360 365 725 b
1 2 4 5 9 18 36 72 108 180 360 720 725 b
1 2 4 5 9 18 36 72 144 145 290 435 725 b
1 2 4 5 9 18 36 72 144 145 290 580 725 b
1 2 4 5 9 18 36 72 144 149 288 437 725 a
1 2 4 5 9 18 36 72 144 149 288 576 725 a
1 2 4 5 9 18 36 72 144 180 360 365 725 b
1 2 4 5 9 18 36 72 144 180 360 720 725 b
1 2 4 5 9 18 36 72 144 216 360 365 725 b
1 2 4 5 9 18 36 72 144 216 360 720 725 b
1 2 4 5 9 18 36 72 144 288 293 432 725 a
1 2 4 5 9 18 36 72 144 288 293 437 725 b
1 2 4 5 9 18 36 72 144 288 293 581 725 b
1 2 4 5 9 18 36 72 144 288 360 365 725 b
1 2 4 5 9 18 36 72 144 288 360 720 725 b
1 2 4 5 9 18 36 72 144 288 432 437 725 b
1 2 4 5 9 18 36 72 144 288 432 720 725 b
1 2 4 5 9 18 36 72 144 288 576 581 725 b
1 2 4 5 9 18 36 72 144 288 576 720 725 b
1 2 4 5 10 15 30 45 90 180 360 365 725 b
1 2 4 5 10 15 30 45 90 180 360 720 725 b
1 2 4 5 10 15 30 60 90 180 360 365 725 b
1 2 4 5 10 15 30 60 90 180 360 720 725 b
1 2 4 5 10 15 30 60 120 180 360 365 725 b
1 2 4 5 10 15 30 60 120 180 360 720 725 b
1 2 4 5 10 15 30 60 120 240 245 480 725 a
1 2 4 5 10 15 30 60 120 240 245 485 725 b
1 2 4 5 10 15 30 60 120 240 360 365 725 b
1 2 4 5 10 15 30 60 120 240 360 720 725 b
1 2 4 5 10 15 30 60 120 240 480 485 725 b
1 2 4 5 10 15 30 60 120 240 480 720 725 b
1 2 4 5 10 20 25 45 90 180 360 365 725 b
1 2 4 5 10 20 25 45 90 180 360 720 725 b
1 2 4 5 10 20 30 60 90 180 360 365 725 b
1 2 4 5 10 20 30 60 90 180 360 720 725 b
1 2 4 5 10 20 30 60 120 180 360 365 725 b
1 2 4 5 10 20 30 60 120 180 360 720 725 b
1 2 4 5 10 20 30 60 120 240 245 480 725 a
1 2 4 5 10 20 30 60 120 240 245 485 725 b
1 2 4 5 10 20 30 60 120 240 360 365 725 b
1 2 4 5 10 20 30 60 120 240 360 720 725 b
1 2 4 5 10 20 30 60 120 240 480 485 725 b
1 2 4 5 10 20 30 60 120 240 480 720 725 b
1 2 4 5 10 20 40 45 85 170 340 385 725 b
1 2 4 5 10 20 40 45 85 170 340 680 725 b
1 2 4 5 10 20 40 45 90 180 360 365 725 b
1 2 4 5 10 20 40 45 90 180 360 720 725 b
1 2 4 5 10 20 40 50 90 180 360 365 725 b
1 2 4 5 10 20 40 50 90 180 360 720 725 b
1 2 4 5 10 20 40 60 120 180 360 365 725 b
1 2 4 5 10 20 40 60 120 180 360 720 725 b
1 2 4 5 10 20 40 60 120 240 245 480 725 a
1 2 4 5 10 20 40 60 120 240 245 485 725 b
1 2 4 5 10 20 40 60 120 240 360 365 725 b
1 2 4 5 10 20 40 60 120 240 360 720 725 b
1 2 4 5 10 20 40 60 120 240 480 485 725 b
1 2 4 5 10 20 40 60 120 240 480 720 725 b
1 2 4 5 10 20 40 80 81 161 322 403 725 b
1 2 4 5 10 20 40 80 81 161 322 644 725 b
1 2 4 5 10 20 40 80 85 160 320 405 725 a
1 2 4 5 10 20 40 80 85 160 320 640 725 a
1 2 4 5 10 20 40 80 90 180 360 365 725 b
1 2 4 5 10 20 40 80 90 180 360 720 725 b
1 2 4 5 10 20 40 80 100 180 360 365 725 b
1 2 4 5 10 20 40 80 100 180 360 720 725 b
1 2 4 5 10 20 40 80 120 240 245 480 725 a
1 2 4 5 10 20 40 80 120 240 245 485 725 b
1 2 4 5 10 20 40 80 120 240 360 365 725 b
1 2 4 5 10 20 40 80 120 240 360 720 725 b
1 2 4 5 10 20 40 80 120 240 480 485 725 b
1 2 4 5 10 20 40 80 120 240 480 720 725 b
1 2 4 5 10 20 40 80 160 180 360 365 725 b
1 2 4 5 10 20 40 80 160 180 360 720 725 b
1 2 4 5 10 20 40 80 160 200 360 365 725 b
1 2 4 5 10 20 40 80 160 200 360 720 725 b
1 2 4 5 10 20 40 80 160 240 245 480 725 a
1 2 4 5 10 20 40 80 160 240 245 485 725 b
1 2 4 5 10 20 40 80 160 240 480 485 725 b
1 2 4 5 10 20 40 80 160 240 480 720 725 b
1 2 4 5 10 20 40 80 160 320 325 400 725 a
1 2 4 5 10 20 40 80 160 320 325 405 725 b
1 2 4 5 10 20 40 80 160 320 325 645 725 b
1 2 4 5 10 20 40 80 160 320 360 365 725 b
1 2 4 5 10 20 40 80 160 320 360 720 725 b
1 2 4 5 10 20 40 80 160 320 400 405 725 b
1 2 4 5 10 20 40 80 160 320 400 720 725 b
1 2 4 5 10 20 40 80 160 320 640 645 725 b
1 2 4 5 10 20 40 80 160 320 640 720 725 b
1 2 4 6 10 20 40 80 81 161 322 403 725 b
1 2 4 6 10 20 40 80 81 161 322 644 725 b
1 2 4 6 12 18 36 72 73 145 290 435 725 b
1 2 4 6 12 18 36 72 73 145 290 580 725 b
1 2 4 6 12 18 36 72 144 145 290 435 725 b
1 2 4 6 12 18 36 72 144 145 290 580 725 b
1 2 4 6 12 24 36 72 73 145 290 435 725 b
1 2 4 6 12 24 36 72 73 145 290 580 725 b
1 2 4 6 12 24 36 72 144 145 290 435 725 b
1 2 4 6 12 24 36 72 144 145 290 580 725 b
1 2 4 6 12 24 48 49 96 145 290 435 725 a
1 2 4 6 12 24 48 49 96 145 290 580 725 a
1 2 4 6 12 24 48 49 97 145 290 435 725 b
1 2 4 6 12 24 48 49 97 145 290 580 725 b
1 2 4 6 12 24 48 72 73 145 290 435 725 b
1 2 4 6 12 24 48 72 73 145 290 580 725 b
1 2 4 6 12 24 48 72 144 145 290 435 725 b
1 2 4 6 12 24 48 72 144 145 290 580 725 b
1 2 4 6 12 24 48 96 97 145 290 435 725 b
1 2 4 6 12 24 48 96 97 145 290 580 725 b
1 2 4 6 12 24 48 96 144 145 290 435 725 b
1 2 4 6 12 24 48 96 144 145 290 580 725 b
1 2 4 8 9 17 34 68 77 145 290 435 725 b
1 2 4 8 9 17 34 68 77 145 290 580 725 b
1 2 4 8 9 17 34 68 136 145 290 435 725 b
1 2 4 8 9 17 34 68 136 145 290 580 725 b
1 2 4 8 9 18 36 72 73 145 290 435 725 b
1 2 4 8 9 18 36 72 73 145 290 580 725 b
1 2 4 8 9 18 36 72 144 145 290 435 725 b
1 2 4 8 9 18 36 72 144 145 290 580 725 b
1 2 4 8 10 18 36 72 73 145 290 435 725 b
1 2 4 8 10 18 36 72 73 145 290 580 725 b
1 2 4 8 10 18 36 72 144 145 290 435 725 b
1 2 4 8 10 18 36 72 144 145 290 580 725 b
1 2 4 8 10 20 40 80 81 161 322 403 725 b
1 2 4 8 10 20 40 80 81 161 322 644 725 b
1 2 4 8 12 20 40 80 81 161 322 403 725 b
1 2 4 8 12 20 40 80 81 161 322 644 725 b
1 2 4 8 12 24 36 72 73 145 290 435 725 b
1 2 4 8 12 24 36 72 73 145 290 580 725 b
1 2 4 8 12 24 36 72 144 145 290 435 725 b
1 2 4 8 12 24 36 72 144 145 290 580 725 b
1 2 4 8 12 24 48 49 96 145 290 435 725 a
1 2 4 8 12 24 48 49 96 145 290 580 725 a
1 2 4 8 12 24 48 49 97 145 290 435 725 b
1 2 4 8 12 24 48 49 97 145 290 580 725 b
1 2 4 8 12 24 48 72 73 145 290 435 725 b
1 2 4 8 12 24 48 72 73 145 290 580 725 b
1 2 4 8 12 24 48 72 144 145 290 435 725 b
1 2 4 8 12 24 48 72 144 145 290 580 725 b
1 2 4 8 12 24 48 96 97 145 290 435 725 b
1 2 4 8 12 24 48 96 97 145 290 580 725 b
1 2 4 8 12 24 48 96 144 145 290 435 725 b
1 2 4 8 12 24 48 96 144 145 290 580 725 b
1 2 4 8 16 17 32 64 81 145 290 435 725 a
1 2 4 8 16 17 32 64 81 145 290 580 725 a
1 2 4 8 16 17 32 64 128 145 290 435 725 a
1 2 4 8 16 17 32 64 128 145 290 580 725 a
1 2 4 8 16 18 36 72 73 145 290 435 725 b
1 2 4 8 16 18 36 72 73 145 290 580 725 b
1 2 4 8 16 18 36 72 144 145 290 435 725 b
1 2 4 8 16 18 36 72 144 145 290 580 725 b
1 2 4 8 16 20 36 72 73 145 290 435 725 b
1 2 4 8 16 20 36 72 73 145 290 580 725 b
1 2 4 8 16 20 36 72 144 145 290 435 725 b
1 2 4 8 16 20 36 72 144 145 290 580 725 b
1 2 4 8 16 20 40 80 81 161 322 403 725 b
1 2 4 8 16 20 40 80 81 161 322 644 725 b
1 2 4 8 16 24 40 80 81 161 322 403 725 b
1 2 4 8 16 24 40 80 81 161 322 644 725 b
1 2 4 8 16 24 48 49 96 145 290 435 725 a
1 2 4 8 16 24 48 49 96 145 290 580 725 a
1 2 4 8 16 24 48 49 97 145 290 435 725 b
1 2 4 8 16 24 48 49 97 145 290 580 725 b
1 2 4 8 16 24 48 72 73 145 290 435 725 b
1 2 4 8 16 24 48 72 73 145 290 580 725 b
1 2 4 8 16 24 48 72 144 145 290 435 725 b
1 2 4 8 16 24 48 72 144 145 290 580 725 b
1 2 4 8 16 24 48 96 97 145 290 435 725 b
1 2 4 8 16 24 48 96 97 145 290 580 725 b
1 2 4 8 16 24 48 96 144 145 290 435 725 b
1 2 4 8 16 24 48 96 144 145 290 580 725 b
1 2 4 8 16 32 36 72 73 145 290 435 725 b
1 2 4 8 16 32 36 72 73 145 290 580 725 b
1 2 4 8 16 32 36 72 144 145 290 435 725 b
1 2 4 8 16 32 36 72 144 145 290 580 725 b
1 2 4 8 16 32 40 72 73 145 290 435 725 b
1 2 4 8 16 32 40 72 73 145 290 580 725 b
1 2 4 8 16 32 40 72 144 145 290 435 725 b
1 2 4 8 16 32 40 72 144 145 290 580 725 b
1 2 4 8 16 32 40 80 81 161 322 403 725 b
1 2 4 8 16 32 40 80 81 161 322 644 725 b
1 2 4 8 16 32 48 49 96 145 290 435 725 a
1 2 4 8 16 32 48 49 96 145 290 580 725 a
1 2 4 8 16 32 48 49 97 145 290 435 725 b
1 2 4 8 16 32 48 49 97 145 290 580 725 b
1 2 4 8 16 32 48 80 81 161 322 403 725 b
1 2 4 8 16 32 48 80 81 161 322 644 725 b
1 2 4 8 16 32 48 96 97 145 290 435 725 b
1 2 4 8 16 32 48 96 97 145 290 580 725 b
1 2 4 8 16 32 48 96 144 145 290 435 725 b
1 2 4 8 16 32 48 96 144 145 290 580 725 b
1 2 4 8 16 32 64 65 80 145 290 435 725 a
1 2 4 8 16 32 64 65 80 145 290 580 725 a
1 2 4 8 16 32 64 65 81 145 290 435 725 b
1 2 4 8 16 32 64 65 81 145 290 580 725 b
1 2 4 8 16 32 64 65 129 145 290 435 725 b
1 2 4 8 16 32 64 65 129 145 290 580 725 b
1 2 4 8 16 32 64 72 73 145 290 435 725 b
1 2 4 8 16 32 64 72 73 145 290 580 725 b
1 2 4 8 16 32 64 72 144 145 290 435 725 b
1 2 4 8 16 32 64 72 144 145 290 580 725 b
1 2 4 8 16 32 64 80 81 145 290 435 725 b
1 2 4 8 16 32 64 80 81 145 290 580 725 b
1 2 4 8 16 32 64 80 81 161 322 403 725 b
1 2 4 8 16 32 64 80 81 161 322 644 725 b
1 2 4 8 16 32 64 80 144 145 290 435 725 b
1 2 4 8 16 32 64 80 144 145 290 580 725 b
1 2 4 8 16 32 64 128 129 145 290 435 725 b
1 2 4 8 16 32 64 128 129 145 290 580 725 b
1 2 4 8 16 32 64 128 144 145 290 435 725 b
1 2 4 8 16 32 64 128 144 145 290 580 725 b
