1 2 3 5 7 12 24 48 96 192 384 391 775 b
1 2 3 5 7 12 24 48 96 192 384 768 775 b
1 2 3 6 7 12 24 48 96 192 384 391 775 a
1 2 3 6 7 12 24 48 96 192 384 768 775 a
1 2 3 6 12 24 48 96 97 193 386 389 775 b
1 2 3 6 12 24 48 96 97 193 386 772 775 b
1 2 3 6 12 24 48 96 192 193 386 389 775 b
1 2 3 6 12 24 48 96 192 193 386 772 775 b
1 2 3 6 12 24 48 96 192 194 386 389 775 b
1 2 3 6 12 24 48 96 192 194 386 772 775 b
1 2 3 6 12 24 48 96 192 195 387 388 775 b
1 2 3 6 12 24 48 96 192 195 387 774 775 b
1 2 3 6 12 24 48 96 192 384 385 390 775 a
1 2 3 6 12 24 48 96 192 384 385 391 775 b
1 2 3 6 12 24 48 96 192 384 385 769 775 b
1 2 3 6 12 24 48 96 192 384 386 389 775 b
1 2 3 6 12 24 48 96 192 384 386 772 775 b
1 2 3 6 12 24 48 96 192 384 387 388 775 b
1 2 3 6 12 24 48 96 192 384 387 774 775 b
1 2 3 6 12 24 48 96 192 384 390 391 775 b
1 2 3 6 12 24 48 96 192 384 390 774 775 b
1 2 3 6 12 24 48 96 192 384 768 769 775 b
1 2 3 6 12 24 48 96 192 384 768 774 775 b
1 2 4 5 7 12 24 48 96 192 384 391 775 b
1 2 4 5 7 12 24 48 96 192 384 768 775 b
1 2 4 6 7 12 24 48 96 192 384 391 775 a
1 2 4 6 7 12 24 48 96 192 384 768 775 a
1 2 4 6 12 24 48 96 192 384 385 390 775 a
1 2 4 6 12 24 48 96 192 384 385 391 775 b
1 2 4 6 12 24 48 96 192 384 385 769 775 b
1 2 4 6 12 24 48 96 192 384 390 391 775 b
1 2 4 6 12 24 48 96 192 384 390 774 775 b
1 2 4 6 12 24 48 96 192 384 768 769 775 b
1 2 4 6 12 24 48 96 192 384 768 774 775 b
1 2 4 8 16 32 64 65 129 194 323 452 775 b
1 2 4 8 16 32 64 65 129 194 323 646 775 b
1 2 4 8 16 32 64 65 129 258 259 516 775 a
1 2 4 8 16 32 64 65 129 258 259 517 775 b
1 2 4 8 16 32 64 65 129 258 323 452 775 b
1 2 4 8 16 32 64 65 129 258 323 646 775 b
1 2 4 8 16 32 64 65 129 258 387 388 775 b
1 2 4 8 16 32 64 65 129 258 387 774 775 b
1 2 4 8 16 32 64 65 129 258 516 517 775 b
1 2 4 8 16 32 64 65 129 258 516 774 775 b
1 2 4 8 16 32 64 128 129 257 259 516 775 b
1 2 4 8 16 32 64 128 129 257 259 518 775 b
1 2 4 8 16 32 64 128 129 257 261 514 775 a
1 2 4 8 16 32 64 128 129 257 261 518 775 b
1 2 4 8 16 32 64 128 129 257 514 518 775 b
1 2 4 8 16 32 64 128 129 257 514 771 775 b
1 2 4 8 16 32 64 128 129 258 259 516 775 a
1 2 4 8 16 32 64 128 129 258 259 517 775 b
1 2 4 8 16 32 64 128 129 258 387 388 775 b
1 2 4 8 16 32 64 128 129 258 387 774 775 b
1 2 4 8 16 32 64 128 129 258 516 517 775 b
1 2 4 8 16 32 64 128 129 258 516 774 775 b
1 2 4 8 16 32 64 128 130 258 259 516 775 a
1 2 4 8 16 32 64 128 130 258 259 517 775 b
1 2 4 8 16 32 64 128 130 258 516 517 775 b
1 2 4 8 16 32 64 128 130 258 516 774 775 b
1 2 4 8 16 32 64 128 256 257 259 516 775 b
1 2 4 8 16 32 64 128 256 257 259 518 775 b
1 2 4 8 16 32 64 128 256 257 261 514 775 a
1 2 4 8 16 32 64 128 256 257 261 518 775 b
1 2 4 8 16 32 64 128 256 257 514 518 775 b
1 2 4 8 16 32 64 128 256 257 514 771 775 b
1 2 4 8 16 32 64 128 256 258 259 516 775 a
1 2 4 8 16 32 64 128 256 258 259 517 775 b
1 2 4 8 16 32 64 128 256 258 516 517 775 b
1 2 4 8 16 32 64 128 256 258 516 774 775 b
