1 2 3 5 6 12 24 48 96 101 197 394 788 b
1 2 3 5 6 12 24 48 96 192 197 394 788 b
1 2 3 5 7 12 24 48 96 101 197 394 788 b
1 2 3 5 7 12 24 48 96 192 197 394 788 b
1 2 3 5 8 16 24 48 96 101 197 394 788 b
1 2 3 5 8 16 24 48 96 192 197 394 788 b
1 2 3 5 8 16 32 48 96 101 197 394 788 b
1 2 3 5 8 16 32 48 96 192 197 394 788 b
1 2 3 5 8 16 32 64 69 128 197 394 788 a
1 2 3 5 8 16 32 64 69 133 197 394 788 b
1 2 3 5 8 16 32 64 96 101 197 394 788 b
1 2 3 5 8 16 32 64 96 192 197 394 788 b
1 2 3 5 8 16 32 64 128 133 197 394 788 b
1 2 3 5 8 16 32 64 128 133 261 394 788 b
1 2 3 5 8 16 32 64 128 133 266 394 788 b
1 2 3 5 8 16 32 64 128 192 197 394 788 b
1 2 3 5 10 12 24 48 96 101 197 394 788 b
1 2 3 5 10 12 24 48 96 192 197 394 788 b
1 2 3 5 10 12 24 48 96 192 202 394 788 b
1 2 3 5 10 12 24 48 96 192 384 394 788 b
1 2 3 5 10 13 23 46 92 105 197 394 788 b
1 2 3 5 10 13 23 46 92 184 197 394 788 b
1 2 3 6 12 24 25 49 74 123 197 394 788 b
1 2 3 6 12 24 25 49 74 148 197 394 788 b
1 2 3 6 12 24 25 49 98 99 197 394 788 b
1 2 3 6 12 24 25 49 98 196 197 394 788 b
1 2 3 6 12 24 25 49 98 196 198 394 788 b
1 2 3 6 12 24 25 49 98 196 392 394 788 b
1 2 3 6 12 24 48 49 97 100 197 394 788 b
1 2 3 6 12 24 48 49 97 194 197 394 788 b
1 2 3 6 12 24 48 49 97 194 200 394 788 b
1 2 3 6 12 24 48 49 97 194 388 394 788 b
1 2 3 6 12 24 48 49 97 194 388 400 788 b
1 2 3 6 12 24 48 49 97 194 388 776 788 b
1 2 3 6 12 24 48 49 98 99 197 394 788 b
1 2 3 6 12 24 48 49 98 196 197 394 788 b
1 2 3 6 12 24 48 49 98 196 198 394 788 b
1 2 3 6 12 24 48 49 98 196 392 394 788 b
1 2 3 6 12 24 48 50 98 99 197 394 788 b
1 2 3 6 12 24 48 50 98 148 246 394 788 b
1 2 3 6 12 24 48 50 98 148 296 394 788 b
1 2 3 6 12 24 48 50 98 196 197 394 788 b
1 2 3 6 12 24 48 50 98 196 198 394 788 b
1 2 3 6 12 24 48 50 98 196 392 394 788 b
1 2 3 6 12 24 48 96 97 100 197 394 788 b
1 2 3 6 12 24 48 96 97 194 197 394 788 b
1 2 3 6 12 24 48 96 97 194 200 394 788 b
1 2 3 6 12 24 48 96 97 194 388 394 788 b
1 2 3 6 12 24 48 96 97 194 388 400 788 b
1 2 3 6 12 24 48 96 97 194 388 776 788 b
1 2 3 6 12 24 48 96 98 99 197 394 788 b
1 2 3 6 12 24 48 96 98 101 197 394 788 b
1 2 3 6 12 24 48 96 98 194 197 394 788 b
1 2 3 6 12 24 48 96 98 194 200 394 788 b
1 2 3 6 12 24 48 96 98 194 388 394 788 b
1 2 3 6 12 24 48 96 98 194 388 400 788 b
1 2 3 6 12 24 48 96 98 194 388 776 788 b
1 2 3 6 12 24 48 96 98 196 197 394 788 b
1 2 3 6 12 24 48 96 98 196 198 394 788 b
1 2 3 6 12 24 48 96 98 196 392 394 788 b
1 2 3 6 12 24 48 96 99 101 197 394 788 b
1 2 3 6 12 24 48 96 99 195 197 394 788 b
1 2 3 6 12 24 48 96 192 194 197 394 788 b
1 2 3 6 12 24 48 96 192 194 200 394 788 b
1 2 3 6 12 24 48 96 192 194 388 394 788 b
1 2 3 6 12 24 48 96 192 194 388 400 788 b
1 2 3 6 12 24 48 96 192 194 388 776 788 b
1 2 3 6 12 24 48 96 192 195 197 394 788 b
1 2 4 5 6 12 24 48 96 101 197 394 788 b
1 2 4 5 6 12 24 48 96 192 197 394 788 b
1 2 4 5 7 12 24 48 96 101 197 394 788 b
1 2 4 5 7 12 24 48 96 192 197 394 788 b
1 2 4 5 8 12 24 48 96 101 197 394 788 a
1 2 4 5 8 12 24 48 96 192 197 394 788 a
1 2 4 5 8 16 24 48 96 101 197 394 788 a
1 2 4 5 8 16 24 48 96 192 197 394 788 a
1 2 4 5 8 16 32 48 96 101 197 394 788 a
1 2 4 5 8 16 32 48 96 192 197 394 788 a
1 2 4 5 8 16 32 64 69 128 197 394 788 a
1 2 4 5 8 16 32 64 69 133 197 394 788 a
1 2 4 5 8 16 32 64 96 101 197 394 788 a
1 2 4 5 8 16 32 64 96 192 197 394 788 a
1 2 4 5 8 16 32 64 128 133 197 394 788 a
1 2 4 5 8 16 32 64 128 133 261 394 788 a
1 2 4 5 8 16 32 64 128 133 266 394 788 a
1 2 4 5 8 16 32 64 128 192 197 394 788 a
1 2 4 5 10 12 24 48 96 101 197 394 788 b
1 2 4 5 10 12 24 48 96 192 197 394 788 b
1 2 4 5 10 12 24 48 96 192 202 394 788 b
1 2 4 5 10 12 24 48 96 192 384 394 788 b
1 2 4 5 10 14 24 48 96 101 197 394 788 b
1 2 4 5 10 14 24 48 96 192 197 394 788 b
1 2 4 5 10 14 24 48 96 192 202 394 788 b
1 2 4 5 10 14 24 48 96 192 384 394 788 b
1 2 4 5 10 20 24 48 96 101 197 394 788 b
1 2 4 5 10 20 24 48 96 192 197 394 788 b
1 2 4 5 10 20 24 48 96 192 202 394 788 b
1 2 4 5 10 20 24 48 96 192 384 394 788 b
1 2 4 5 10 20 24 48 96 192 384 404 788 b
1 2 4 5 10 20 24 48 96 192 384 768 788 b
1 2 4 6 10 12 24 48 96 192 202 394 788 b
1 2 4 6 10 12 24 48 96 192 384 394 788 b
1 2 4 6 10 14 24 48 96 192 202 394 788 b
1 2 4 6 10 14 24 48 96 192 384 394 788 b
1 2 4 6 10 16 32 48 96 192 202 394 788 b
1 2 4 6 10 16 32 48 96 192 384 394 788 b
1 2 4 6 10 16 32 64 96 192 202 394 788 b
1 2 4 6 10 16 32 64 96 192 384 394 788 b
1 2 4 6 10 16 32 64 128 138 256 394 788 a
1 2 4 6 10 16 32 64 128 138 266 394 788 b
1 2 4 6 10 16 32 64 128 192 202 394 788 b
1 2 4 6 10 16 32 64 128 192 384 394 788 b
1 2 4 6 10 16 32 64 128 256 266 394 788 b
1 2 4 6 10 16 32 64 128 256 266 522 788 b
1 2 4 6 10 16 32 64 128 256 266 532 788 b
1 2 4 6 10 16 32 64 128 256 384 394 788 b
1 2 4 6 10 20 24 48 96 192 202 394 788 b
1 2 4 6 10 20 24 48 96 192 384 394 788 b
1 2 4 6 10 20 24 48 96 192 384 404 788 b
1 2 4 6 10 20 24 48 96 192 384 768 788 b
1 2 4 6 10 20 26 46 92 184 210 394 788 b
1 2 4 6 10 20 26 46 92 184 368 394 788 b
1 2 4 6 12 24 25 49 74 123 197 394 788 b
1 2 4 6 12 24 25 49 74 148 197 394 788 b
1 2 4 6 12 24 25 49 98 99 197 394 788 b
1 2 4 6 12 24 25 49 98 196 197 394 788 b
1 2 4 6 12 24 25 49 98 196 198 394 788 b
1 2 4 6 12 24 25 49 98 196 392 394 788 b
1 2 4 6 12 24 25 49 98 196 392 396 788 b
1 2 4 6 12 24 25 49 98 196 392 784 788 b
1 2 4 6 12 24 48 49 97 194 200 394 788 b
1 2 4 6 12 24 48 49 97 194 388 394 788 b
1 2 4 6 12 24 48 49 97 194 388 400 788 b
1 2 4 6 12 24 48 49 97 194 388 776 788 b
1 2 4 6 12 24 48 49 98 99 197 394 788 b
1 2 4 6 12 24 48 49 98 196 197 394 788 b
1 2 4 6 12 24 48 49 98 196 198 394 788 b
1 2 4 6 12 24 48 49 98 196 392 394 788 b
1 2 4 6 12 24 48 49 98 196 392 396 788 b
1 2 4 6 12 24 48 49 98 196 392 784 788 b
1 2 4 6 12 24 48 50 98 99 197 394 788 b
1 2 4 6 12 24 48 50 98 148 246 394 788 b
1 2 4 6 12 24 48 50 98 148 296 394 788 b
1 2 4 6 12 24 48 50 98 196 197 394 788 b
1 2 4 6 12 24 48 50 98 196 198 394 788 b
1 2 4 6 12 24 48 50 98 196 392 394 788 b
1 2 4 6 12 24 48 50 98 196 392 396 788 b
1 2 4 6 12 24 48 50 98 196 392 784 788 b
1 2 4 6 12 24 48 96 97 100 197 394 788 a
1 2 4 6 12 24 48 96 97 101 197 394 788 b
1 2 4 6 12 24 48 96 97 193 197 394 788 b
1 2 4 6 12 24 48 96 97 194 200 394 788 b
1 2 4 6 12 24 48 96 97 194 388 394 788 b
1 2 4 6 12 24 48 96 97 194 388 400 788 b
1 2 4 6 12 24 48 96 97 194 388 776 788 b
1 2 4 6 12 24 48 96 98 99 197 394 788 b
1 2 4 6 12 24 48 96 98 194 200 394 788 b
1 2 4 6 12 24 48 96 98 194 388 394 788 b
1 2 4 6 12 24 48 96 98 194 388 400 788 b
1 2 4 6 12 24 48 96 98 194 388 776 788 b
1 2 4 6 12 24 48 96 98 196 197 394 788 b
1 2 4 6 12 24 48 96 98 196 198 394 788 b
1 2 4 6 12 24 48 96 98 196 392 394 788 b
1 2 4 6 12 24 48 96 98 196 392 396 788 b
1 2 4 6 12 24 48 96 98 196 392 784 788 b
1 2 4 6 12 24 48 96 100 101 197 394 788 b
1 2 4 6 12 24 48 96 100 196 197 394 788 b
1 2 4 6 12 24 48 96 100 196 198 394 788 b
1 2 4 6 12 24 48 96 100 196 296 492 788 b
1 2 4 6 12 24 48 96 100 196 296 592 788 b
1 2 4 6 12 24 48 96 100 196 392 394 788 b
1 2 4 6 12 24 48 96 100 196 392 396 788 b
1 2 4 6 12 24 48 96 100 196 392 784 788 b
1 2 4 6 12 24 48 96 192 193 197 394 788 b
1 2 4 6 12 24 48 96 192 194 200 394 788 b
1 2 4 6 12 24 48 96 192 194 388 394 788 b
1 2 4 6 12 24 48 96 192 194 388 400 788 b
1 2 4 6 12 24 48 96 192 194 388 776 788 b
1 2 4 6 12 24 48 96 192 196 197 394 788 b
1 2 4 6 12 24 48 96 192 196 198 394 788 b
1 2 4 6 12 24 48 96 192 196 202 394 788 b
1 2 4 6 12 24 48 96 192 196 388 394 788 b
1 2 4 6 12 24 48 96 192 196 388 400 788 b
1 2 4 6 12 24 48 96 192 196 388 776 788 b
1 2 4 6 12 24 48 96 192 196 392 394 788 b
1 2 4 6 12 24 48 96 192 196 392 396 788 b
1 2 4 6 12 24 48 96 192 196 392 784 788 b
1 2 4 6 12 24 48 96 192 198 202 394 788 b
1 2 4 6 12 24 48 96 192 198 390 394 788 b
1 2 4 6 12 24 48 96 192 384 388 394 788 b
1 2 4 6 12 24 48 96 192 384 388 400 788 b
1 2 4 6 12 24 48 96 192 384 388 776 788 b
1 2 4 6 12 24 48 96 192 384 390 394 788 b
1 2 4 8 9 17 34 43 77 120 197 394 788 b
1 2 4 8 9 17 34 43 77 154 197 394 788 b
1 2 4 8 10 12 24 48 96 192 202 394 788 b
1 2 4 8 10 12 24 48 96 192 384 394 788 b
1 2 4 8 10 14 24 48 96 192 202 394 788 b
1 2 4 8 10 14 24 48 96 192 384 394 788 b
1 2 4 8 10 16 24 48 96 192 202 394 788 a
1 2 4 8 10 16 24 48 96 192 384 394 788 a
1 2 4 8 10 16 32 48 96 192 202 394 788 a
1 2 4 8 10 16 32 48 96 192 384 394 788 a
1 2 4 8 10 16 32 64 96 192 202 394 788 a
1 2 4 8 10 16 32 64 96 192 384 394 788 a
1 2 4 8 10 16 32 64 128 138 256 394 788 a
1 2 4 8 10 16 32 64 128 138 266 394 788 a
1 2 4 8 10 16 32 64 128 192 202 394 788 a
1 2 4 8 10 16 32 64 128 192 384 394 788 a
1 2 4 8 10 16 32 64 128 256 266 394 788 a
1 2 4 8 10 16 32 64 128 256 266 522 788 a
1 2 4 8 10 16 32 64 128 256 266 532 788 a
1 2 4 8 10 16 32 64 128 256 384 394 788 a
1 2 4 8 10 20 24 48 96 192 202 394 788 b
1 2 4 8 10 20 24 48 96 192 384 394 788 b
1 2 4 8 10 20 24 48 96 192 384 404 788 b
1 2 4 8 10 20 24 48 96 192 384 768 788 b
1 2 4 8 10 20 28 48 96 192 202 394 788 b
1 2 4 8 10 20 28 48 96 192 384 394 788 b
1 2 4 8 10 20 28 48 96 192 384 404 788 b
1 2 4 8 10 20 28 48 96 192 384 768 788 b
1 2 4 8 10 20 40 48 96 192 202 394 788 b
1 2 4 8 10 20 40 48 96 192 384 394 788 b
1 2 4 8 10 20 40 48 96 192 384 404 788 b
1 2 4 8 10 20 40 48 96 192 384 768 788 b
1 2 4 8 12 20 24 48 96 192 384 404 788 b
1 2 4 8 12 20 24 48 96 192 384 768 788 b
1 2 4 8 12 20 28 48 96 192 384 404 788 b
1 2 4 8 12 20 28 48 96 192 384 768 788 b
1 2 4 8 12 20 32 64 96 192 384 404 788 b
1 2 4 8 12 20 32 64 96 192 384 768 788 b
1 2 4 8 12 20 32 64 128 192 384 404 788 b
1 2 4 8 12 20 32 64 128 192 384 768 788 b
1 2 4 8 12 20 32 64 128 256 276 512 788 a
1 2 4 8 12 20 32 64 128 256 276 532 788 b
1 2 4 8 12 20 32 64 128 256 384 404 788 b
1 2 4 8 12 20 32 64 128 256 384 768 788 b
1 2 4 8 12 20 32 64 128 256 512 532 788 b
1 2 4 8 12 20 32 64 128 256 512 768 788 b
1 2 4 8 12 20 40 48 96 192 384 404 788 b
1 2 4 8 12 20 40 48 96 192 384 768 788 b
1 2 4 8 12 20 40 52 92 184 368 420 788 b
1 2 4 8 12 20 40 52 92 184 368 736 788 b
1 2 4 8 12 24 25 49 74 123 197 394 788 b
1 2 4 8 12 24 25 49 74 148 197 394 788 b
1 2 4 8 12 24 25 49 98 99 197 394 788 b
1 2 4 8 12 24 25 49 98 196 197 394 788 b
1 2 4 8 12 24 25 49 98 196 198 394 788 b
1 2 4 8 12 24 25 49 98 196 392 394 788 b
1 2 4 8 12 24 25 49 98 196 392 396 788 b
1 2 4 8 12 24 25 49 98 196 392 784 788 b
1 2 4 8 12 24 48 49 97 194 388 400 788 b
1 2 4 8 12 24 48 49 97 194 388 776 788 b
1 2 4 8 12 24 48 49 98 99 197 394 788 b
1 2 4 8 12 24 48 49 98 196 197 394 788 b
1 2 4 8 12 24 48 49 98 196 198 394 788 b
1 2 4 8 12 24 48 49 98 196 392 394 788 b
1 2 4 8 12 24 48 49 98 196 392 396 788 b
1 2 4 8 12 24 48 49 98 196 392 784 788 b
1 2 4 8 12 24 48 50 98 99 197 394 788 b
1 2 4 8 12 24 48 50 98 148 246 394 788 b
1 2 4 8 12 24 48 50 98 148 296 394 788 b
1 2 4 8 12 24 48 50 98 196 197 394 788 b
1 2 4 8 12 24 48 50 98 196 198 394 788 b
1 2 4 8 12 24 48 50 98 196 392 394 788 b
1 2 4 8 12 24 48 50 98 196 392 396 788 b
1 2 4 8 12 24 48 50 98 196 392 784 788 b
1 2 4 8 12 24 48 96 97 100 197 394 788 a
1 2 4 8 12 24 48 96 97 101 197 394 788 b
1 2 4 8 12 24 48 96 97 193 197 394 788 b
1 2 4 8 12 24 48 96 97 193 201 394 788 b
1 2 4 8 12 24 48 96 97 193 386 394 788 b
1 2 4 8 12 24 48 96 97 194 388 400 788 b
1 2 4 8 12 24 48 96 97 194 388 776 788 b
1 2 4 8 12 24 48 96 98 99 197 394 788 b
1 2 4 8 12 24 48 96 98 194 388 400 788 b
1 2 4 8 12 24 48 96 98 194 388 776 788 b
1 2 4 8 12 24 48 96 98 196 197 394 788 b
1 2 4 8 12 24 48 96 98 196 198 394 788 b
1 2 4 8 12 24 48 96 98 196 392 394 788 b
1 2 4 8 12 24 48 96 98 196 392 396 788 b
1 2 4 8 12 24 48 96 98 196 392 784 788 b
1 2 4 8 12 24 48 96 100 101 197 394 788 b
1 2 4 8 12 24 48 96 100 196 197 394 788 b
1 2 4 8 12 24 48 96 100 196 198 394 788 b
1 2 4 8 12 24 48 96 100 196 296 492 788 b
1 2 4 8 12 24 48 96 100 196 296 592 788 b
1 2 4 8 12 24 48 96 100 196 392 394 788 b
1 2 4 8 12 24 48 96 100 196 392 396 788 b
1 2 4 8 12 24 48 96 100 196 392 784 788 b
1 2 4 8 12 24 48 96 192 193 197 394 788 b
1 2 4 8 12 24 48 96 192 193 201 394 788 b
1 2 4 8 12 24 48 96 192 193 386 394 788 b
1 2 4 8 12 24 48 96 192 194 200 394 788 a
1 2 4 8 12 24 48 96 192 194 202 394 788 b
1 2 4 8 12 24 48 96 192 194 386 394 788 b
1 2 4 8 12 24 48 96 192 194 388 400 788 b
1 2 4 8 12 24 48 96 192 194 388 776 788 b
1 2 4 8 12 24 48 96 192 196 197 394 788 b
1 2 4 8 12 24 48 96 192 196 198 394 788 b
1 2 4 8 12 24 48 96 192 196 388 400 788 b
1 2 4 8 12 24 48 96 192 196 388 776 788 b
1 2 4 8 12 24 48 96 192 196 392 394 788 b
1 2 4 8 12 24 48 96 192 196 392 396 788 b
1 2 4 8 12 24 48 96 192 196 392 784 788 b
1 2 4 8 12 24 48 96 192 200 202 394 788 b
1 2 4 8 12 24 48 96 192 200 392 394 788 b
1 2 4 8 12 24 48 96 192 200 392 396 788 b
1 2 4 8 12 24 48 96 192 200 392 784 788 b
1 2 4 8 12 24 48 96 192 384 386 394 788 b
1 2 4 8 12 24 48 96 192 384 388 400 788 b
1 2 4 8 12 24 48 96 192 384 388 776 788 b
1 2 4 8 12 24 48 96 192 384 392 394 788 b
1 2 4 8 12 24 48 96 192 384 392 396 788 b
1 2 4 8 12 24 48 96 192 384 392 404 788 b
1 2 4 8 12 24 48 96 192 384 392 776 788 b
1 2 4 8 12 24 48 96 192 384 392 784 788 b
1 2 4 8 12 24 48 96 192 384 396 404 788 b
1 2 4 8 12 24 48 96 192 384 396 780 788 b
1 2 4 8 12 24 48 96 192 384 768 776 788 b
1 2 4 8 12 24 48 96 192 384 768 780 788 b
1 2 4 8 16 17 32 49 98 99 197 394 788 a
1 2 4 8 16 17 32 49 98 196 197 394 788 a
1 2 4 8 16 17 32 49 98 196 198 394 788 a
1 2 4 8 16 17 32 49 98 196 392 394 788 a
1 2 4 8 16 17 32 49 98 196 392 396 788 a
1 2 4 8 16 17 32 49 98 196 392 784 788 a
1 2 4 8 16 17 33 41 82 115 197 394 788 b
1 2 4 8 16 17 33 41 82 164 197 394 788 b
1 2 4 8 16 17 33 49 82 115 197 394 788 b
1 2 4 8 16 17 33 49 82 164 197 394 788 b
1 2 4 8 16 17 33 49 98 99 197 394 788 b
1 2 4 8 16 17 33 49 98 196 197 394 788 b
1 2 4 8 16 17 33 49 98 196 198 394 788 b
1 2 4 8 16 17 33 49 98 196 392 394 788 b
1 2 4 8 16 17 33 49 98 196 392 396 788 b
1 2 4 8 16 17 33 49 98 196 392 784 788 b
1 2 4 8 16 17 33 66 82 115 197 394 788 b
1 2 4 8 16 17 33 66 82 164 197 394 788 b
1 2 4 8 16 17 33 66 82 164 230 394 788 b
1 2 4 8 16 17 33 66 82 164 328 394 788 b
1 2 4 8 16 18 34 68 86 154 240 394 788 b
1 2 4 8 16 18 34 68 86 154 308 394 788 b
1 2 4 8 16 20 24 48 96 192 384 404 788 b
1 2 4 8 16 20 24 48 96 192 384 768 788 b
1 2 4 8 16 20 28 48 96 192 384 404 788 b
1 2 4 8 16 20 28 48 96 192 384 768 788 b
1 2 4 8 16 20 32 48 96 192 384 404 788 a
1 2 4 8 16 20 32 48 96 192 384 768 788 a
1 2 4 8 16 20 32 64 96 192 384 404 788 a
1 2 4 8 16 20 32 64 96 192 384 768 788 a
1 2 4 8 16 20 32 64 128 192 384 404 788 a
1 2 4 8 16 20 32 64 128 192 384 768 788 a
1 2 4 8 16 20 32 64 128 256 276 512 788 a
1 2 4 8 16 20 32 64 128 256 276 532 788 a
1 2 4 8 16 20 32 64 128 256 384 404 788 a
1 2 4 8 16 20 32 64 128 256 384 768 788 a
1 2 4 8 16 20 32 64 128 256 512 532 788 a
1 2 4 8 16 20 32 64 128 256 512 768 788 a
1 2 4 8 16 20 40 48 96 192 384 404 788 b
1 2 4 8 16 20 40 48 96 192 384 768 788 b
1 2 4 8 16 20 40 56 96 192 384 404 788 b
1 2 4 8 16 20 40 56 96 192 384 768 788 b
1 2 4 8 16 20 40 80 96 192 384 404 788 b
1 2 4 8 16 20 40 80 96 192 384 768 788 b
1 2 4 8 16 24 25 49 74 123 197 394 788 b
1 2 4 8 16 24 25 49 74 148 197 394 788 b
1 2 4 8 16 24 25 49 98 99 197 394 788 b
1 2 4 8 16 24 25 49 98 196 197 394 788 b
1 2 4 8 16 24 25 49 98 196 198 394 788 b
1 2 4 8 16 24 25 49 98 196 392 394 788 b
1 2 4 8 16 24 25 49 98 196 392 396 788 b
1 2 4 8 16 24 25 49 98 196 392 784 788 b
1 2 4 8 16 24 48 49 98 99 197 394 788 b
1 2 4 8 16 24 48 49 98 196 197 394 788 b
1 2 4 8 16 24 48 49 98 196 198 394 788 b
1 2 4 8 16 24 48 49 98 196 392 394 788 b
1 2 4 8 16 24 48 49 98 196 392 396 788 b
1 2 4 8 16 24 48 49 98 196 392 784 788 b
1 2 4 8 16 24 48 50 98 99 197 394 788 b
1 2 4 8 16 24 48 50 98 148 246 394 788 b
1 2 4 8 16 24 48 50 98 148 296 394 788 b
1 2 4 8 16 24 48 50 98 196 197 394 788 b
1 2 4 8 16 24 48 50 98 196 198 394 788 b
1 2 4 8 16 24 48 50 98 196 392 394 788 b
1 2 4 8 16 24 48 50 98 196 392 396 788 b
1 2 4 8 16 24 48 50 98 196 392 784 788 b
1 2 4 8 16 24 48 96 97 100 197 394 788 a
1 2 4 8 16 24 48 96 97 101 197 394 788 b
1 2 4 8 16 24 48 96 97 193 197 394 788 b
1 2 4 8 16 24 48 96 97 193 201 394 788 b
1 2 4 8 16 24 48 96 97 193 386 394 788 b
1 2 4 8 16 24 48 96 97 193 386 402 788 b
1 2 4 8 16 24 48 96 97 193 386 772 788 b
1 2 4 8 16 24 48 96 98 99 197 394 788 b
1 2 4 8 16 24 48 96 98 196 197 394 788 b
1 2 4 8 16 24 48 96 98 196 198 394 788 b
1 2 4 8 16 24 48 96 98 196 392 394 788 b
1 2 4 8 16 24 48 96 98 196 392 396 788 b
1 2 4 8 16 24 48 96 98 196 392 784 788 b
1 2 4 8 16 24 48 96 100 101 197 394 788 b
1 2 4 8 16 24 48 96 100 196 197 394 788 b
1 2 4 8 16 24 48 96 100 196 198 394 788 b
1 2 4 8 16 24 48 96 100 196 296 492 788 b
1 2 4 8 16 24 48 96 100 196 296 592 788 b
1 2 4 8 16 24 48 96 100 196 392 394 788 b
1 2 4 8 16 24 48 96 100 196 392 396 788 b
1 2 4 8 16 24 48 96 100 196 392 784 788 b
1 2 4 8 16 24 48 96 192 193 197 394 788 b
1 2 4 8 16 24 48 96 192 193 201 394 788 b
1 2 4 8 16 24 48 96 192 193 386 394 788 b
1 2 4 8 16 24 48 96 192 193 386 402 788 b
1 2 4 8 16 24 48 96 192 193 386 772 788 b
1 2 4 8 16 24 48 96 192 194 200 394 788 a
1 2 4 8 16 24 48 96 192 194 202 394 788 b
1 2 4 8 16 24 48 96 192 194 386 394 788 b
1 2 4 8 16 24 48 96 192 194 386 402 788 b
1 2 4 8 16 24 48 96 192 194 386 772 788 b
1 2 4 8 16 24 48 96 192 196 197 394 788 b
1 2 4 8 16 24 48 96 192 196 198 394 788 b
1 2 4 8 16 24 48 96 192 196 392 394 788 b
1 2 4 8 16 24 48 96 192 196 392 396 788 b
1 2 4 8 16 24 48 96 192 196 392 784 788 b
1 2 4 8 16 24 48 96 192 200 202 394 788 b
1 2 4 8 16 24 48 96 192 200 392 394 788 b
1 2 4 8 16 24 48 96 192 200 392 396 788 b
1 2 4 8 16 24 48 96 192 200 392 784 788 b
1 2 4 8 16 24 48 96 192 384 386 394 788 b
1 2 4 8 16 24 48 96 192 384 386 402 788 b
1 2 4 8 16 24 48 96 192 384 386 772 788 b
1 2 4 8 16 24 48 96 192 384 388 400 788 a
1 2 4 8 16 24 48 96 192 384 388 404 788 b
1 2 4 8 16 24 48 96 192 384 388 772 788 b
1 2 4 8 16 24 48 96 192 384 392 394 788 b
1 2 4 8 16 24 48 96 192 384 392 396 788 b
1 2 4 8 16 24 48 96 192 384 392 784 788 b
1 2 4 8 16 24 48 96 192 384 400 404 788 b
1 2 4 8 16 24 48 96 192 384 400 784 788 b
1 2 4 8 16 24 48 96 192 384 768 772 788 b
1 2 4 8 16 24 48 96 192 384 768 784 788 b
1 2 4 8 16 32 33 41 82 115 197 394 788 b
1 2 4 8 16 32 33 41 82 164 197 394 788 b
1 2 4 8 16 32 33 49 82 115 197 394 788 b
1 2 4 8 16 32 33 49 82 164 197 394 788 b
1 2 4 8 16 32 33 49 98 99 197 394 788 b
1 2 4 8 16 32 33 49 98 196 197 394 788 b
1 2 4 8 16 32 33 49 98 196 198 394 788 b
1 2 4 8 16 32 33 49 98 196 392 394 788 b
1 2 4 8 16 32 33 49 98 196 392 396 788 b
1 2 4 8 16 32 33 49 98 196 392 784 788 b
1 2 4 8 16 32 33 65 66 131 197 394 788 b
1 2 4 8 16 32 33 65 66 132 197 394 788 b
1 2 4 8 16 32 33 65 67 130 197 394 788 a
1 2 4 8 16 32 33 65 67 132 197 394 788 b
1 2 4 8 16 32 33 65 98 99 197 394 788 b
1 2 4 8 16 32 33 65 98 196 197 394 788 b
1 2 4 8 16 32 33 65 98 196 198 394 788 b
1 2 4 8 16 32 33 65 98 196 392 394 788 b
1 2 4 8 16 32 33 65 98 196 392 396 788 b
1 2 4 8 16 32 33 65 98 196 392 784 788 b
1 2 4 8 16 32 33 65 130 132 197 394 788 b
1 2 4 8 16 32 33 65 130 132 262 394 788 b
1 2 4 8 16 32 33 65 130 132 264 394 788 b
1 2 4 8 16 32 33 65 130 134 260 394 788 a
1 2 4 8 16 32 33 65 130 134 264 394 788 b
1 2 4 8 16 32 33 65 130 195 197 394 788 b
1 2 4 8 16 32 33 65 130 195 199 394 788 b
1 2 4 8 16 32 33 65 130 195 390 394 788 b
1 2 4 8 16 32 33 65 130 195 390 398 788 b
1 2 4 8 16 32 33 65 130 195 390 780 788 b
1 2 4 8 16 32 33 65 130 260 264 394 788 b
1 2 4 8 16 32 33 65 130 260 264 524 788 b
1 2 4 8 16 32 33 65 130 260 264 528 788 b
1 2 4 8 16 32 33 65 130 260 268 520 788 a
1 2 4 8 16 32 33 65 130 260 268 528 788 b
1 2 4 8 16 32 33 65 130 260 390 394 788 b
1 2 4 8 16 32 33 65 130 260 390 398 788 b
1 2 4 8 16 32 33 65 130 260 390 780 788 b
1 2 4 8 16 32 33 65 130 260 520 528 788 b
1 2 4 8 16 32 33 65 130 260 520 780 788 b
1 2 4 8 16 32 33 66 82 115 197 394 788 b
1 2 4 8 16 32 33 66 82 164 197 394 788 b
1 2 4 8 16 32 33 66 82 164 230 394 788 b
1 2 4 8 16 32 33 66 82 164 328 394 788 b
1 2 4 8 16 32 33 66 98 99 197 394 788 b
1 2 4 8 16 32 33 66 98 131 197 394 788 b
1 2 4 8 16 32 33 66 98 164 197 394 788 b
1 2 4 8 16 32 33 66 98 164 230 394 788 b
1 2 4 8 16 32 33 66 98 164 328 394 788 b
1 2 4 8 16 32 33 66 98 196 197 394 788 b
1 2 4 8 16 32 33 66 98 196 198 394 788 b
1 2 4 8 16 32 33 66 98 196 392 394 788 b
1 2 4 8 16 32 33 66 98 196 392 396 788 b
1 2 4 8 16 32 33 66 98 196 392 784 788 b
1 2 4 8 16 32 33 66 99 131 197 394 788 b
1 2 4 8 16 32 33 66 99 165 197 394 788 b
1 2 4 8 16 32 33 66 132 164 197 394 788 b
1 2 4 8 16 32 33 66 132 164 230 394 788 b
1 2 4 8 16 32 33 66 132 164 328 394 788 b
1 2 4 8 16 32 33 66 132 164 328 460 788 b
1 2 4 8 16 32 33 66 132 164 328 656 788 b
1 2 4 8 16 32 33 66 132 165 197 394 788 b
1 2 4 8 16 32 34 64 98 99 197 394 788 a
1 2 4 8 16 32 34 64 98 196 197 394 788 a
1 2 4 8 16 32 34 64 98 196 198 394 788 a
1 2 4 8 16 32 34 64 98 196 392 394 788 a
1 2 4 8 16 32 34 64 98 196 392 396 788 a
1 2 4 8 16 32 34 64 98 196 392 784 788 a
1 2 4 8 16 32 34 66 82 164 230 394 788 b
1 2 4 8 16 32 34 66 82 164 328 394 788 b
1 2 4 8 16 32 34 66 98 99 197 394 788 b
1 2 4 8 16 32 34 66 98 164 230 394 788 b
1 2 4 8 16 32 34 66 98 164 328 394 788 b
1 2 4 8 16 32 34 66 98 196 197 394 788 b
1 2 4 8 16 32 34 66 98 196 198 394 788 b
1 2 4 8 16 32 34 66 98 196 392 394 788 b
1 2 4 8 16 32 34 66 98 196 392 396 788 b
1 2 4 8 16 32 34 66 98 196 392 784 788 b
1 2 4 8 16 32 34 66 132 164 230 394 788 b
1 2 4 8 16 32 34 66 132 164 328 394 788 b
1 2 4 8 16 32 34 66 132 164 328 460 788 b
1 2 4 8 16 32 34 66 132 164 328 656 788 b
1 2 4 8 16 32 36 68 136 172 308 480 788 b
1 2 4 8 16 32 36 68 136 172 308 616 788 b
1 2 4 8 16 32 48 49 98 99 197 394 788 b
1 2 4 8 16 32 48 49 98 196 197 394 788 b
1 2 4 8 16 32 48 49 98 196 198 394 788 b
1 2 4 8 16 32 48 49 98 196 392 394 788 b
1 2 4 8 16 32 48 49 98 196 392 396 788 b
1 2 4 8 16 32 48 49 98 196 392 784 788 b
1 2 4 8 16 32 48 50 98 99 197 394 788 b
1 2 4 8 16 32 48 50 98 148 246 394 788 b
1 2 4 8 16 32 48 50 98 148 296 394 788 b
1 2 4 8 16 32 48 50 98 196 197 394 788 b
1 2 4 8 16 32 48 50 98 196 198 394 788 b
1 2 4 8 16 32 48 50 98 196 392 394 788 b
1 2 4 8 16 32 48 50 98 196 392 396 788 b
1 2 4 8 16 32 48 50 98 196 392 784 788 b
1 2 4 8 16 32 48 96 97 100 197 394 788 a
1 2 4 8 16 32 48 96 97 101 197 394 788 b
1 2 4 8 16 32 48 96 97 193 197 394 788 b
1 2 4 8 16 32 48 96 97 193 201 394 788 b
1 2 4 8 16 32 48 96 97 193 386 394 788 b
1 2 4 8 16 32 48 96 97 193 386 402 788 b
1 2 4 8 16 32 48 96 97 193 386 772 788 b
1 2 4 8 16 32 48 96 98 99 197 394 788 b
1 2 4 8 16 32 48 96 98 196 197 394 788 b
1 2 4 8 16 32 48 96 98 196 198 394 788 b
1 2 4 8 16 32 48 96 98 196 392 394 788 b
1 2 4 8 16 32 48 96 98 196 392 396 788 b
1 2 4 8 16 32 48 96 98 196 392 784 788 b
1 2 4 8 16 32 48 96 100 101 197 394 788 b
1 2 4 8 16 32 48 96 100 196 197 394 788 b
1 2 4 8 16 32 48 96 100 196 198 394 788 b
1 2 4 8 16 32 48 96 100 196 296 492 788 b
1 2 4 8 16 32 48 96 100 196 296 592 788 b
1 2 4 8 16 32 48 96 100 196 392 394 788 b
1 2 4 8 16 32 48 96 100 196 392 396 788 b
1 2 4 8 16 32 48 96 100 196 392 784 788 b
1 2 4 8 16 32 48 96 192 193 197 394 788 b
1 2 4 8 16 32 48 96 192 193 201 394 788 b
1 2 4 8 16 32 48 96 192 193 386 394 788 b
1 2 4 8 16 32 48 96 192 193 386 402 788 b
1 2 4 8 16 32 48 96 192 193 386 772 788 b
1 2 4 8 16 32 48 96 192 194 200 394 788 a
1 2 4 8 16 32 48 96 192 194 202 394 788 b
1 2 4 8 16 32 48 96 192 194 386 394 788 b
1 2 4 8 16 32 48 96 192 194 386 402 788 b
1 2 4 8 16 32 48 96 192 194 386 772 788 b
1 2 4 8 16 32 48 96 192 196 197 394 788 b
1 2 4 8 16 32 48 96 192 196 198 394 788 b
1 2 4 8 16 32 48 96 192 196 392 394 788 b
1 2 4 8 16 32 48 96 192 196 392 396 788 b
1 2 4 8 16 32 48 96 192 196 392 784 788 b
1 2 4 8 16 32 48 96 192 200 202 394 788 b
1 2 4 8 16 32 48 96 192 200 392 394 788 b
1 2 4 8 16 32 48 96 192 200 392 396 788 b
1 2 4 8 16 32 48 96 192 200 392 784 788 b
1 2 4 8 16 32 48 96 192 384 386 394 788 b
1 2 4 8 16 32 48 96 192 384 386 402 788 b
1 2 4 8 16 32 48 96 192 384 386 772 788 b
1 2 4 8 16 32 48 96 192 384 388 400 788 a
1 2 4 8 16 32 48 96 192 384 388 404 788 b
1 2 4 8 16 32 48 96 192 384 388 772 788 b
1 2 4 8 16 32 48 96 192 384 392 394 788 b
1 2 4 8 16 32 48 96 192 384 392 396 788 b
1 2 4 8 16 32 48 96 192 384 392 784 788 b
1 2 4 8 16 32 48 96 192 384 400 404 788 b
1 2 4 8 16 32 48 96 192 384 400 784 788 b
1 2 4 8 16 32 48 96 192 384 768 772 788 b
1 2 4 8 16 32 48 96 192 384 768 784 788 b
1 2 4 8 16 32 64 65 66 131 197 394 788 b
1 2 4 8 16 32 64 65 66 132 197 394 788 b
1 2 4 8 16 32 64 65 67 130 197 394 788 a
1 2 4 8 16 32 64 65 67 132 197 394 788 b
1 2 4 8 16 32 64 65 68 129 197 394 788 a
1 2 4 8 16 32 64 65 68 132 197 394 788 a
1 2 4 8 16 32 64 65 68 133 197 394 788 a
1 2 4 8 16 32 64 65 69 128 197 394 788 a
1 2 4 8 16 32 64 65 69 133 197 394 788 b
1 2 4 8 16 32 64 65 128 132 197 394 788 a
1 2 4 8 16 32 64 65 128 193 197 394 788 a
1 2 4 8 16 32 64 65 128 193 201 394 788 a
1 2 4 8 16 32 64 65 128 193 386 394 788 a
1 2 4 8 16 32 64 65 128 193 386 402 788 a
1 2 4 8 16 32 64 65 128 193 386 772 788 a
1 2 4 8 16 32 64 65 129 133 197 394 788 b
1 2 4 8 16 32 64 65 129 193 197 394 788 b
1 2 4 8 16 32 64 65 129 193 201 394 788 b
1 2 4 8 16 32 64 65 129 193 386 394 788 b
1 2 4 8 16 32 64 65 129 193 386 402 788 b
1 2 4 8 16 32 64 65 129 193 386 772 788 b
1 2 4 8 16 32 64 65 130 132 197 394 788 b
1 2 4 8 16 32 64 65 130 132 262 394 788 b
1 2 4 8 16 32 64 65 130 132 264 394 788 b
1 2 4 8 16 32 64 65 130 134 260 394 788 a
1 2 4 8 16 32 64 65 130 134 264 394 788 b
1 2 4 8 16 32 64 65 130 195 197 394 788 b
1 2 4 8 16 32 64 65 130 195 199 394 788 b
1 2 4 8 16 32 64 65 130 195 390 394 788 b
1 2 4 8 16 32 64 65 130 195 390 398 788 b
1 2 4 8 16 32 64 65 130 195 390 780 788 b
1 2 4 8 16 32 64 65 130 260 264 394 788 b
1 2 4 8 16 32 64 65 130 260 264 524 788 b
1 2 4 8 16 32 64 65 130 260 264 528 788 b
1 2 4 8 16 32 64 65 130 260 268 520 788 a
1 2 4 8 16 32 64 65 130 260 268 528 788 b
1 2 4 8 16 32 64 65 130 260 390 394 788 b
1 2 4 8 16 32 64 65 130 260 390 398 788 b
1 2 4 8 16 32 64 65 130 260 390 780 788 b
1 2 4 8 16 32 64 65 130 260 520 528 788 b
1 2 4 8 16 32 64 65 130 260 520 780 788 b
1 2 4 8 16 32 64 66 67 130 197 394 788 a
1 2 4 8 16 32 64 66 67 131 197 394 788 b
1 2 4 8 16 32 64 66 67 133 197 394 788 b
1 2 4 8 16 32 64 66 82 164 230 394 788 b
1 2 4 8 16 32 64 66 82 164 328 394 788 b
1 2 4 8 16 32 64 66 98 99 197 394 788 b
1 2 4 8 16 32 64 66 98 164 230 394 788 b
1 2 4 8 16 32 64 66 98 164 328 394 788 b
1 2 4 8 16 32 64 66 98 196 197 394 788 b
1 2 4 8 16 32 64 66 98 196 198 394 788 b
1 2 4 8 16 32 64 66 98 196 392 394 788 b
1 2 4 8 16 32 64 66 98 196 392 396 788 b
1 2 4 8 16 32 64 66 98 196 392 784 788 b
1 2 4 8 16 32 64 66 130 131 197 394 788 b
1 2 4 8 16 32 64 66 130 132 262 394 788 b
1 2 4 8 16 32 64 66 130 132 264 394 788 b
1 2 4 8 16 32 64 66 130 134 260 394 788 a
1 2 4 8 16 32 64 66 130 134 264 394 788 b
1 2 4 8 16 32 64 66 130 196 197 394 788 b
1 2 4 8 16 32 64 66 130 196 198 394 788 b
1 2 4 8 16 32 64 66 130 196 392 394 788 b
1 2 4 8 16 32 64 66 130 196 392 396 788 b
1 2 4 8 16 32 64 66 130 196 392 784 788 b
1 2 4 8 16 32 64 66 130 260 264 394 788 b
1 2 4 8 16 32 64 66 130 260 264 524 788 b
1 2 4 8 16 32 64 66 130 260 264 528 788 b
1 2 4 8 16 32 64 66 130 260 268 520 788 a
1 2 4 8 16 32 64 66 130 260 268 528 788 b
1 2 4 8 16 32 64 66 130 260 390 394 788 b
1 2 4 8 16 32 64 66 130 260 390 398 788 b
1 2 4 8 16 32 64 66 130 260 390 780 788 b
1 2 4 8 16 32 64 66 130 260 520 528 788 b
1 2 4 8 16 32 64 66 130 260 520 780 788 b
1 2 4 8 16 32 64 66 132 133 197 394 788 b
1 2 4 8 16 32 64 66 132 164 230 394 788 b
1 2 4 8 16 32 64 66 132 164 328 394 788 b
1 2 4 8 16 32 64 66 132 164 328 460 788 b
1 2 4 8 16 32 64 66 132 164 328 656 788 b
1 2 4 8 16 32 64 66 132 196 197 394 788 b
1 2 4 8 16 32 64 66 132 196 198 394 788 b
1 2 4 8 16 32 64 66 132 196 262 394 788 b
1 2 4 8 16 32 64 66 132 196 328 394 788 b
1 2 4 8 16 32 64 66 132 196 328 460 788 b
1 2 4 8 16 32 64 66 132 196 328 656 788 b
1 2 4 8 16 32 64 66 132 196 392 394 788 b
1 2 4 8 16 32 64 66 132 196 392 396 788 b
1 2 4 8 16 32 64 66 132 196 392 784 788 b
1 2 4 8 16 32 64 66 132 198 262 394 788 b
1 2 4 8 16 32 64 66 132 198 330 394 788 b
1 2 4 8 16 32 64 66 132 264 328 394 788 b
1 2 4 8 16 32 64 66 132 264 328 460 788 b
1 2 4 8 16 32 64 66 132 264 328 656 788 b
1 2 4 8 16 32 64 66 132 264 330 394 788 b
1 2 4 8 16 32 64 68 69 128 197 394 788 a
1 2 4 8 16 32 64 68 69 133 197 394 788 b
1 2 4 8 16 32 64 68 128 129 197 394 788 a
1 2 4 8 16 32 64 68 128 196 197 394 788 a
1 2 4 8 16 32 64 68 128 196 198 394 788 a
1 2 4 8 16 32 64 68 128 196 392 394 788 a
1 2 4 8 16 32 64 68 128 196 392 396 788 a
1 2 4 8 16 32 64 68 128 196 392 784 788 a
1 2 4 8 16 32 64 68 132 133 197 394 788 b
1 2 4 8 16 32 64 68 132 164 328 460 788 b
1 2 4 8 16 32 64 68 132 164 328 656 788 b
1 2 4 8 16 32 64 68 132 196 197 394 788 b
1 2 4 8 16 32 64 68 132 196 198 394 788 b
1 2 4 8 16 32 64 68 132 196 328 460 788 b
1 2 4 8 16 32 64 68 132 196 328 656 788 b
1 2 4 8 16 32 64 68 132 196 392 394 788 b
1 2 4 8 16 32 64 68 132 196 392 396 788 b
1 2 4 8 16 32 64 68 132 196 392 784 788 b
1 2 4 8 16 32 64 68 132 264 328 460 788 b
1 2 4 8 16 32 64 68 132 264 328 656 788 b
1 2 4 8 16 32 64 96 97 100 197 394 788 a
1 2 4 8 16 32 64 96 97 101 197 394 788 b
1 2 4 8 16 32 64 96 97 193 197 394 788 b
1 2 4 8 16 32 64 96 97 193 201 394 788 b
1 2 4 8 16 32 64 96 97 193 386 394 788 b
1 2 4 8 16 32 64 96 97 193 386 402 788 b
1 2 4 8 16 32 64 96 97 193 386 772 788 b
1 2 4 8 16 32 64 96 98 99 197 394 788 b
1 2 4 8 16 32 64 96 98 196 197 394 788 b
1 2 4 8 16 32 64 96 98 196 198 394 788 b
1 2 4 8 16 32 64 96 98 196 392 394 788 b
1 2 4 8 16 32 64 96 98 196 392 396 788 b
1 2 4 8 16 32 64 96 98 196 392 784 788 b
1 2 4 8 16 32 64 96 100 101 197 394 788 b
1 2 4 8 16 32 64 96 100 196 197 394 788 b
1 2 4 8 16 32 64 96 100 196 198 394 788 b
1 2 4 8 16 32 64 96 100 196 296 492 788 b
1 2 4 8 16 32 64 96 100 196 296 592 788 b
1 2 4 8 16 32 64 96 100 196 392 394 788 b
1 2 4 8 16 32 64 96 100 196 392 396 788 b
1 2 4 8 16 32 64 96 100 196 392 784 788 b
1 2 4 8 16 32 64 96 192 193 197 394 788 b
1 2 4 8 16 32 64 96 192 193 201 394 788 b
1 2 4 8 16 32 64 96 192 193 386 394 788 b
1 2 4 8 16 32 64 96 192 193 386 402 788 b
1 2 4 8 16 32 64 96 192 193 386 772 788 b
1 2 4 8 16 32 64 96 192 194 200 394 788 a
1 2 4 8 16 32 64 96 192 194 202 394 788 b
1 2 4 8 16 32 64 96 192 194 386 394 788 b
1 2 4 8 16 32 64 96 192 194 386 402 788 b
1 2 4 8 16 32 64 96 192 194 386 772 788 b
1 2 4 8 16 32 64 96 192 196 197 394 788 b
1 2 4 8 16 32 64 96 192 196 198 394 788 b
1 2 4 8 16 32 64 96 192 196 392 394 788 b
1 2 4 8 16 32 64 96 192 196 392 396 788 b
1 2 4 8 16 32 64 96 192 196 392 784 788 b
1 2 4 8 16 32 64 96 192 200 202 394 788 b
1 2 4 8 16 32 64 96 192 200 392 394 788 b
1 2 4 8 16 32 64 96 192 200 392 396 788 b
1 2 4 8 16 32 64 96 192 200 392 784 788 b
1 2 4 8 16 32 64 96 192 384 386 394 788 b
1 2 4 8 16 32 64 96 192 384 386 402 788 b
1 2 4 8 16 32 64 96 192 384 386 772 788 b
1 2 4 8 16 32 64 96 192 384 388 400 788 a
1 2 4 8 16 32 64 96 192 384 388 404 788 b
1 2 4 8 16 32 64 96 192 384 388 772 788 b
1 2 4 8 16 32 64 96 192 384 392 394 788 b
1 2 4 8 16 32 64 96 192 384 392 396 788 b
1 2 4 8 16 32 64 96 192 384 392 784 788 b
1 2 4 8 16 32 64 96 192 384 400 404 788 b
1 2 4 8 16 32 64 96 192 384 400 784 788 b
1 2 4 8 16 32 64 96 192 384 768 772 788 b
1 2 4 8 16 32 64 96 192 384 768 784 788 b
1 2 4 8 16 32 64 128 129 133 197 394 788 b
1 2 4 8 16 32 64 128 129 133 261 394 788 b
1 2 4 8 16 32 64 128 129 133 266 394 788 b
1 2 4 8 16 32 64 128 129 136 258 394 788 a
1 2 4 8 16 32 64 128 129 136 265 394 788 a
1 2 4 8 16 32 64 128 129 137 257 394 788 a
1 2 4 8 16 32 64 128 129 137 265 394 788 b
1 2 4 8 16 32 64 128 129 137 266 394 788 b
1 2 4 8 16 32 64 128 129 193 197 394 788 b
1 2 4 8 16 32 64 128 129 193 201 394 788 b
1 2 4 8 16 32 64 128 129 193 386 394 788 b
1 2 4 8 16 32 64 128 129 193 386 402 788 b
1 2 4 8 16 32 64 128 129 193 386 772 788 b
1 2 4 8 16 32 64 128 129 257 265 394 788 b
1 2 4 8 16 32 64 128 129 257 386 394 788 b
1 2 4 8 16 32 64 128 129 257 386 402 788 b
1 2 4 8 16 32 64 128 129 257 386 772 788 b
1 2 4 8 16 32 64 128 129 258 266 394 788 b
1 2 4 8 16 32 64 128 129 258 386 394 788 b
1 2 4 8 16 32 64 128 129 258 386 402 788 b
1 2 4 8 16 32 64 128 129 258 386 772 788 b
1 2 4 8 16 32 64 128 130 132 262 394 788 b
1 2 4 8 16 32 64 128 130 132 264 394 788 b
1 2 4 8 16 32 64 128 130 134 260 394 788 a
1 2 4 8 16 32 64 128 130 134 264 394 788 b
1 2 4 8 16 32 64 128 130 136 258 394 788 a
1 2 4 8 16 32 64 128 130 136 264 394 788 a
1 2 4 8 16 32 64 128 130 136 266 394 788 a
1 2 4 8 16 32 64 128 130 138 256 394 788 a
1 2 4 8 16 32 64 128 130 138 266 394 788 b
1 2 4 8 16 32 64 128 130 256 264 394 788 a
1 2 4 8 16 32 64 128 130 256 386 394 788 a
1 2 4 8 16 32 64 128 130 256 386 402 788 a
1 2 4 8 16 32 64 128 130 256 386 772 788 a
1 2 4 8 16 32 64 128 130 258 266 394 788 b
1 2 4 8 16 32 64 128 130 258 386 394 788 b
1 2 4 8 16 32 64 128 130 258 386 402 788 b
1 2 4 8 16 32 64 128 130 258 386 772 788 b
1 2 4 8 16 32 64 128 130 260 264 394 788 b
1 2 4 8 16 32 64 128 130 260 264 524 788 b
1 2 4 8 16 32 64 128 130 260 264 528 788 b
1 2 4 8 16 32 64 128 130 260 268 520 788 a
1 2 4 8 16 32 64 128 130 260 268 528 788 b
1 2 4 8 16 32 64 128 130 260 390 394 788 b
1 2 4 8 16 32 64 128 130 260 390 398 788 b
1 2 4 8 16 32 64 128 130 260 390 780 788 b
1 2 4 8 16 32 64 128 130 260 520 528 788 b
1 2 4 8 16 32 64 128 130 260 520 780 788 b
1 2 4 8 16 32 64 128 132 133 197 394 788 b
1 2 4 8 16 32 64 128 132 133 261 394 788 b
1 2 4 8 16 32 64 128 132 133 266 394 788 b
1 2 4 8 16 32 64 128 132 134 260 394 788 a
1 2 4 8 16 32 64 128 132 134 262 394 788 b
1 2 4 8 16 32 64 128 132 134 266 394 788 b
1 2 4 8 16 32 64 128 132 164 328 460 788 b
1 2 4 8 16 32 64 128 132 164 328 656 788 b
1 2 4 8 16 32 64 128 132 196 197 394 788 b
1 2 4 8 16 32 64 128 132 196 198 394 788 b
1 2 4 8 16 32 64 128 132 196 328 460 788 b
1 2 4 8 16 32 64 128 132 196 328 656 788 b
1 2 4 8 16 32 64 128 132 196 392 394 788 b
1 2 4 8 16 32 64 128 132 196 392 396 788 b
1 2 4 8 16 32 64 128 132 196 392 784 788 b
1 2 4 8 16 32 64 128 132 260 262 394 788 b
1 2 4 8 16 32 64 128 132 260 264 524 788 b
1 2 4 8 16 32 64 128 132 260 264 528 788 b
1 2 4 8 16 32 64 128 132 260 268 520 788 a
1 2 4 8 16 32 64 128 132 260 268 528 788 b
1 2 4 8 16 32 64 128 132 260 392 394 788 b
1 2 4 8 16 32 64 128 132 260 392 396 788 b
1 2 4 8 16 32 64 128 132 260 392 784 788 b
1 2 4 8 16 32 64 128 132 260 520 528 788 b
1 2 4 8 16 32 64 128 132 260 520 780 788 b
1 2 4 8 16 32 64 128 132 264 266 394 788 b
1 2 4 8 16 32 64 128 132 264 328 460 788 b
1 2 4 8 16 32 64 128 132 264 328 656 788 b
1 2 4 8 16 32 64 128 132 264 392 394 788 b
1 2 4 8 16 32 64 128 132 264 392 396 788 b
1 2 4 8 16 32 64 128 132 264 392 524 788 b
1 2 4 8 16 32 64 128 132 264 392 656 788 b
1 2 4 8 16 32 64 128 132 264 392 784 788 b
1 2 4 8 16 32 64 128 132 264 396 524 788 b
1 2 4 8 16 32 64 128 132 264 396 660 788 b
1 2 4 8 16 32 64 128 132 264 528 656 788 b
1 2 4 8 16 32 64 128 132 264 528 660 788 b
1 2 4 8 16 32 64 128 136 138 256 394 788 a
1 2 4 8 16 32 64 128 136 138 266 394 788 b
1 2 4 8 16 32 64 128 136 256 258 394 788 a
1 2 4 8 16 32 64 128 136 256 392 394 788 a
1 2 4 8 16 32 64 128 136 256 392 396 788 a
1 2 4 8 16 32 64 128 136 256 392 784 788 a
1 2 4 8 16 32 64 128 136 264 266 394 788 b
1 2 4 8 16 32 64 128 136 264 392 394 788 b
1 2 4 8 16 32 64 128 136 264 392 396 788 b
1 2 4 8 16 32 64 128 136 264 392 784 788 b
1 2 4 8 16 32 64 128 192 193 197 394 788 b
1 2 4 8 16 32 64 128 192 193 201 394 788 b
1 2 4 8 16 32 64 128 192 193 386 394 788 b
1 2 4 8 16 32 64 128 192 193 386 402 788 b
1 2 4 8 16 32 64 128 192 193 386 772 788 b
1 2 4 8 16 32 64 128 192 194 200 394 788 a
1 2 4 8 16 32 64 128 192 194 202 394 788 b
1 2 4 8 16 32 64 128 192 194 386 394 788 b
1 2 4 8 16 32 64 128 192 194 386 402 788 b
1 2 4 8 16 32 64 128 192 194 386 772 788 b
1 2 4 8 16 32 64 128 192 196 197 394 788 b
1 2 4 8 16 32 64 128 192 196 198 394 788 b
1 2 4 8 16 32 64 128 192 196 392 394 788 b
1 2 4 8 16 32 64 128 192 196 392 396 788 b
1 2 4 8 16 32 64 128 192 196 392 784 788 b
1 2 4 8 16 32 64 128 192 200 202 394 788 b
1 2 4 8 16 32 64 128 192 200 392 394 788 b
1 2 4 8 16 32 64 128 192 200 392 396 788 b
1 2 4 8 16 32 64 128 192 200 392 784 788 b
1 2 4 8 16 32 64 128 192 384 386 394 788 b
1 2 4 8 16 32 64 128 192 384 386 402 788 b
1 2 4 8 16 32 64 128 192 384 386 772 788 b
1 2 4 8 16 32 64 128 192 384 388 400 788 a
1 2 4 8 16 32 64 128 192 384 388 404 788 b
1 2 4 8 16 32 64 128 192 384 388 772 788 b
1 2 4 8 16 32 64 128 192 384 392 394 788 b
1 2 4 8 16 32 64 128 192 384 392 396 788 b
1 2 4 8 16 32 64 128 192 384 392 784 788 b
1 2 4 8 16 32 64 128 192 384 400 404 788 b
1 2 4 8 16 32 64 128 192 384 400 784 788 b
1 2 4 8 16 32 64 128 192 384 768 772 788 b
1 2 4 8 16 32 64 128 192 384 768 784 788 b
1 2 4 8 16 32 64 128 256 258 266 394 788 b
1 2 4 8 16 32 64 128 256 258 266 522 788 b
1 2 4 8 16 32 64 128 256 258 266 532 788 b
1 2 4 8 16 32 64 128 256 258 272 516 788 a
1 2 4 8 16 32 64 128 256 258 272 530 788 a
1 2 4 8 16 32 64 128 256 258 274 514 788 a
1 2 4 8 16 32 64 128 256 258 274 530 788 b
1 2 4 8 16 32 64 128 256 258 274 532 788 b
1 2 4 8 16 32 64 128 256 258 386 394 788 b
1 2 4 8 16 32 64 128 256 258 386 402 788 b
1 2 4 8 16 32 64 128 256 258 386 772 788 b
1 2 4 8 16 32 64 128 256 258 514 530 788 b
1 2 4 8 16 32 64 128 256 258 514 772 788 b
1 2 4 8 16 32 64 128 256 258 516 532 788 b
1 2 4 8 16 32 64 128 256 258 516 772 788 b
1 2 4 8 16 32 64 128 256 260 264 524 788 b
1 2 4 8 16 32 64 128 256 260 264 528 788 b
1 2 4 8 16 32 64 128 256 260 268 520 788 a
1 2 4 8 16 32 64 128 256 260 268 528 788 b
1 2 4 8 16 32 64 128 256 260 272 516 788 a
1 2 4 8 16 32 64 128 256 260 272 528 788 a
1 2 4 8 16 32 64 128 256 260 272 532 788 a
1 2 4 8 16 32 64 128 256 260 276 512 788 a
1 2 4 8 16 32 64 128 256 260 276 532 788 b
1 2 4 8 16 32 64 128 256 260 512 528 788 a
1 2 4 8 16 32 64 128 256 260 512 772 788 a
1 2 4 8 16 32 64 128 256 260 516 532 788 b
1 2 4 8 16 32 64 128 256 260 516 772 788 b
1 2 4 8 16 32 64 128 256 260 520 528 788 b
1 2 4 8 16 32 64 128 256 260 520 780 788 b
1 2 4 8 16 32 64 128 256 264 266 394 788 b
1 2 4 8 16 32 64 128 256 264 266 522 788 b
1 2 4 8 16 32 64 128 256 264 266 532 788 b
1 2 4 8 16 32 64 128 256 264 268 520 788 a
1 2 4 8 16 32 64 128 256 264 268 524 788 b
1 2 4 8 16 32 64 128 256 264 268 532 788 b
1 2 4 8 16 32 64 128 256 264 392 394 788 b
1 2 4 8 16 32 64 128 256 264 392 396 788 b
1 2 4 8 16 32 64 128 256 264 392 784 788 b
1 2 4 8 16 32 64 128 256 264 520 524 788 b
1 2 4 8 16 32 64 128 256 264 520 784 788 b
1 2 4 8 16 32 64 128 256 264 528 532 788 b
1 2 4 8 16 32 64 128 256 264 528 784 788 b
1 2 4 8 16 32 64 128 256 272 276 512 788 a
1 2 4 8 16 32 64 128 256 272 276 532 788 b
1 2 4 8 16 32 64 128 256 272 512 516 788 a
1 2 4 8 16 32 64 128 256 272 512 784 788 a
1 2 4 8 16 32 64 128 256 272 528 532 788 b
1 2 4 8 16 32 64 128 256 272 528 784 788 b
1 2 4 8 16 32 64 128 256 384 386 394 788 b
1 2 4 8 16 32 64 128 256 384 386 402 788 b
1 2 4 8 16 32 64 128 256 384 386 772 788 b
1 2 4 8 16 32 64 128 256 384 388 400 788 a
1 2 4 8 16 32 64 128 256 384 388 404 788 b
1 2 4 8 16 32 64 128 256 384 388 772 788 b
1 2 4 8 16 32 64 128 256 384 392 394 788 b
1 2 4 8 16 32 64 128 256 384 392 396 788 b
1 2 4 8 16 32 64 128 256 384 392 784 788 b
1 2 4 8 16 32 64 128 256 384 400 404 788 b
1 2 4 8 16 32 64 128 256 384 400 784 788 b
1 2 4 8 16 32 64 128 256 384 768 772 788 b
1 2 4 8 16 32 64 128 256 384 768 784 788 b
1 2 4 8 16 32 64 128 256 512 516 532 788 b
1 2 4 8 16 32 64 128 256 512 516 772 788 b
1 2 4 8 16 32 64 128 256 512 528 532 788 b
1 2 4 8 16 32 64 128 256 512 528 784 788 b
1 2 4 8 16 32 64 128 256 512 768 772 788 b
1 2 4 8 16 32 64 128 256 512 768 784 788 b
