1 2 3 4 7 11 22 44 88 176 179 355 710 b
1 2 3 4 7 11 22 44 88 176 352 355 710 b
1 2 3 4 8 11 22 44 88 176 179 355 710 b
1 2 3 4 8 11 22 44 88 176 352 355 710 b
1 2 3 5 6 11 22 44 88 176 179 355 710 b
1 2 3 5 6 11 22 44 88 176 352 355 710 b
1 2 3 5 6 11 22 44 88 176 352 358 710 b
1 2 3 5 6 11 22 44 88 176 352 704 710 b
1 2 3 5 8 11 22 44 88 176 179 355 710 b
1 2 3 5 8 11 22 44 88 176 352 355 710 b
1 2 3 5 10 11 22 44 88 176 179 355 710 b
1 2 3 5 10 11 22 44 88 176 352 355 710 b
1 2 3 5 10 12 22 44 88 176 179 355 710 b
1 2 3 5 10 12 22 44 88 176 352 355 710 b
1 2 3 5 10 20 22 44 88 176 179 355 710 b
1 2 3 5 10 20 22 44 88 176 352 355 710 b
1 2 3 6 8 11 22 44 88 176 179 355 710 b
1 2 3 6 8 11 22 44 88 176 352 355 710 b
1 2 3 6 8 11 22 44 88 176 352 358 710 b
1 2 3 6 8 11 22 44 88 176 352 704 710 b
1 2 3 6 8 14 22 44 88 176 179 355 710 b
1 2 3 6 8 14 22 44 88 176 352 355 710 b
1 2 3 6 8 14 22 44 88 176 352 358 710 b
1 2 3 6 8 14 22 44 88 176 352 704 710 b
1 2 3 6 8 16 22 44 88 176 179 355 710 b
1 2 3 6 8 16 22 44 88 176 352 355 710 b
1 2 3 6 8 16 22 44 88 176 352 358 710 b
1 2 3 6 8 16 22 44 88 176 352 704 710 b
1 2 3 6 9 11 22 44 88 176 179 355 710 b
1 2 3 6 9 11 22 44 88 176 352 355 710 b
1 2 3 6 9 11 22 44 88 176 352 358 710 b
1 2 3 6 9 11 22 44 88 176 352 704 710 b
1 2 4 5 6 11 22 44 88 176 352 358 710 b
1 2 4 5 6 11 22 44 88 176 352 704 710 b
1 2 4 6 7 11 22 44 88 176 352 358 710 b
1 2 4 6 7 11 22 44 88 176 352 704 710 b
1 2 4 6 8 14 22 44 88 176 352 358 710 b
1 2 4 6 8 14 22 44 88 176 352 704 710 b
1 2 4 6 8 16 22 44 88 176 352 358 710 b
1 2 4 6 8 16 22 44 88 176 352 704 710 b
1 2 4 6 10 11 22 44 88 176 352 358 710 b
1 2 4 6 10 11 22 44 88 176 352 704 710 b
1 2 4 6 10 12 22 44 88 176 352 358 710 b
1 2 4 6 10 12 22 44 88 176 352 704 710 b
1 2 4 6 10 16 22 44 88 176 352 358 710 b
1 2 4 6 10 16 22 44 88 176 352 704 710 b
1 2 4 6 10 20 22 44 88 176 352 358 710 b
1 2 4 6 10 20 22 44 88 176 352 704 710 b
1 2 4 6 10 20 24 44 88 176 352 358 710 b
1 2 4 6 10 20 24 44 88 176 352 704 710 b
1 2 4 6 10 20 40 44 88 176 352 358 710 b
1 2 4 6 10 20 40 44 88 176 352 704 710 b
1 2 4 6 12 16 22 44 88 176 352 358 710 b
1 2 4 6 12 16 22 44 88 176 352 704 710 b
1 2 4 6 12 16 28 44 88 176 352 358 710 b
1 2 4 6 12 16 28 44 88 176 352 704 710 b
1 2 4 6 12 16 32 44 88 176 352 358 710 b
1 2 4 6 12 16 32 44 88 176 352 704 710 b
1 2 4 6 12 18 22 44 88 176 352 358 710 b
1 2 4 6 12 18 22 44 88 176 352 704 710 b
1 2 4 8 16 32 33 64 97 129 226 355 710 a
1 2 4 8 16 32 33 64 97 129 258 355 710 a
1 2 4 8 16 32 33 64 97 161 194 355 710 a
1 2 4 8 16 32 33 64 97 161 258 355 710 a
1 2 4 8 16 32 33 64 97 161 322 355 710 a
1 2 4 8 16 32 33 64 97 194 258 355 710 a
1 2 4 8 16 32 33 64 97 194 258 452 710 a
1 2 4 8 16 32 33 64 97 194 258 516 710 a
1 2 4 8 16 32 33 64 97 194 291 355 710 a
1 2 4 8 16 32 33 64 128 161 194 355 710 a
1 2 4 8 16 32 33 64 128 161 322 355 710 a
1 2 4 8 16 32 33 65 97 129 226 355 710 b
1 2 4 8 16 32 33 65 97 129 258 355 710 b
1 2 4 8 16 32 48 49 97 129 226 355 710 b
1 2 4 8 16 32 48 49 97 129 258 355 710 b
1 2 4 8 16 32 48 96 97 129 226 355 710 b
1 2 4 8 16 32 48 96 97 129 258 355 710 b
1 2 4 8 16 32 64 65 80 145 210 355 710 a
1 2 4 8 16 32 64 65 80 145 290 355 710 a
1 2 4 8 16 32 64 65 81 145 210 355 710 b
1 2 4 8 16 32 64 65 81 145 290 355 710 b
1 2 4 8 16 32 64 65 97 129 226 355 710 b
1 2 4 8 16 32 64 65 97 129 258 355 710 b
1 2 4 8 16 32 64 65 97 161 194 355 710 a
1 2 4 8 16 32 64 65 97 161 258 355 710 b
1 2 4 8 16 32 64 65 97 194 258 355 710 b
1 2 4 8 16 32 64 65 97 194 258 452 710 b
1 2 4 8 16 32 64 65 97 194 258 516 710 b
1 2 4 8 16 32 64 65 97 194 291 355 710 b
1 2 4 8 16 32 64 65 129 145 210 355 710 b
1 2 4 8 16 32 64 65 129 145 290 355 710 b
1 2 4 8 16 32 64 65 129 161 194 355 710 a
1 2 4 8 16 32 64 65 129 161 226 355 710 b
1 2 4 8 16 32 64 65 129 161 290 355 710 b
1 2 4 8 16 32 64 65 129 194 226 355 710 b
1 2 4 8 16 32 64 65 129 194 258 452 710 b
1 2 4 8 16 32 64 65 129 194 258 516 710 b
1 2 4 8 16 32 64 65 129 194 323 355 710 b
1 2 4 8 16 32 64 65 129 194 323 387 710 b
1 2 4 8 16 32 64 65 129 194 323 646 710 b
1 2 4 8 16 32 64 65 129 258 290 355 710 b
1 2 4 8 16 32 64 65 129 258 323 355 710 b
1 2 4 8 16 32 64 65 129 258 323 387 710 b
1 2 4 8 16 32 64 65 129 258 323 452 710 b
1 2 4 8 16 32 64 65 129 258 323 581 710 b
1 2 4 8 16 32 64 65 129 258 323 646 710 b
1 2 4 8 16 32 64 65 129 258 387 452 710 b
1 2 4 8 16 32 64 65 129 258 387 645 710 b
1 2 4 8 16 32 64 65 129 258 516 581 710 b
1 2 4 8 16 32 64 65 129 258 516 645 710 b
1 2 4 8 16 32 64 65 130 194 258 452 710 b
1 2 4 8 16 32 64 65 130 194 258 516 710 b
1 2 4 8 16 32 64 66 128 194 258 452 710 a
1 2 4 8 16 32 64 66 128 194 258 516 710 a
1 2 4 8 16 32 64 66 128 194 322 388 710 a
1 2 4 8 16 32 64 66 128 194 322 516 710 a
1 2 4 8 16 32 64 66 128 194 322 644 710 a
1 2 4 8 16 32 64 66 128 194 388 516 710 a
1 2 4 8 16 32 64 66 128 194 388 582 710 a
1 2 4 8 16 32 64 66 128 256 322 388 710 a
1 2 4 8 16 32 64 66 128 256 322 644 710 a
1 2 4 8 16 32 64 66 130 194 258 452 710 b
1 2 4 8 16 32 64 66 130 194 258 516 710 b
1 2 4 8 16 32 64 96 97 129 226 355 710 b
1 2 4 8 16 32 64 96 97 129 258 355 710 b
1 2 4 8 16 32 64 96 97 161 194 355 710 a
1 2 4 8 16 32 64 96 97 161 258 355 710 b
1 2 4 8 16 32 64 96 97 194 258 355 710 b
1 2 4 8 16 32 64 96 97 194 258 452 710 b
1 2 4 8 16 32 64 96 97 194 258 516 710 b
1 2 4 8 16 32 64 96 97 194 291 355 710 b
1 2 4 8 16 32 64 96 98 194 258 452 710 b
1 2 4 8 16 32 64 96 98 194 258 516 710 b
1 2 4 8 16 32 64 96 192 194 258 452 710 b
1 2 4 8 16 32 64 96 192 194 258 516 710 b
1 2 4 8 16 32 64 128 130 160 290 420 710 a
1 2 4 8 16 32 64 128 130 160 290 580 710 a
1 2 4 8 16 32 64 128 130 162 290 420 710 b
1 2 4 8 16 32 64 128 130 162 290 580 710 b
1 2 4 8 16 32 64 128 130 194 258 452 710 b
1 2 4 8 16 32 64 128 130 194 258 516 710 b
1 2 4 8 16 32 64 128 130 194 322 388 710 a
1 2 4 8 16 32 64 128 130 194 322 516 710 b
1 2 4 8 16 32 64 128 130 194 388 516 710 b
1 2 4 8 16 32 64 128 130 194 388 582 710 b
1 2 4 8 16 32 64 128 130 258 290 420 710 b
1 2 4 8 16 32 64 128 130 258 290 580 710 b
1 2 4 8 16 32 64 128 130 258 322 388 710 a
1 2 4 8 16 32 64 128 130 258 322 452 710 b
1 2 4 8 16 32 64 128 130 258 322 580 710 b
1 2 4 8 16 32 64 128 130 258 388 452 710 b
1 2 4 8 16 32 64 128 130 258 388 646 710 b
1 2 4 8 16 32 64 128 130 258 516 580 710 b
1 2 4 8 16 32 64 128 130 258 516 646 710 b
1 2 4 8 16 32 64 128 192 194 258 452 710 b
1 2 4 8 16 32 64 128 192 194 258 516 710 b
1 2 4 8 16 32 64 128 192 194 322 388 710 a
1 2 4 8 16 32 64 128 192 194 322 516 710 b
1 2 4 8 16 32 64 128 192 194 388 516 710 b
1 2 4 8 16 32 64 128 192 194 388 582 710 b
