1 2 3 5 10 20 25 45 90 180 360 385 745 b
1 2 3 5 10 20 25 45 90 180 360 720 745 b
1 2 3 5 10 20 40 80 85 165 330 415 745 b
1 2 3 5 10 20 40 80 85 165 330 660 745 b
1 2 4 5 9 14 23 46 92 184 368 377 745 b
1 2 4 5 9 14 23 46 92 184 368 736 745 b
1 2 4 5 9 18 23 46 92 184 368 377 745 b
1 2 4 5 9 18 23 46 92 184 368 736 745 b
1 2 4 5 9 18 36 72 77 149 298 447 745 b
1 2 4 5 9 18 36 72 77 149 298 596 745 b
1 2 4 5 9 18 36 72 144 149 298 447 745 b
1 2 4 5 9 18 36 72 144 149 298 596 745 b
1 2 4 5 10 20 25 45 90 180 360 385 745 b
1 2 4 5 10 20 25 45 90 180 360 720 745 b
1 2 4 5 10 20 40 80 85 165 330 415 745 b
1 2 4 5 10 20 40 80 85 165 330 660 745 b
1 2 4 8 16 17 33 66 83 149 298 447 745 b
1 2 4 8 16 17 33 66 83 149 298 596 745 b
1 2 4 8 16 17 33 66 132 149 298 447 745 b
1 2 4 8 16 17 33 66 132 149 298 596 745 b
1 2 4 8 16 32 33 65 97 162 324 421 745 b
1 2 4 8 16 32 33 65 97 162 324 648 745 b
1 2 4 8 16 32 64 65 97 162 324 421 745 b
1 2 4 8 16 32 64 65 97 162 324 648 745 b
