1 2 3 5 10 15 30 45 90 180 185 365 730 b
1 2 3 5 10 15 30 45 90 180 360 365 730 b
1 2 3 5 10 15 30 45 90 180 360 370 730 b
1 2 3 5 10 15 30 45 90 180 360 720 730 b
1 2 3 5 10 15 30 60 90 180 185 365 730 b
1 2 3 5 10 15 30 60 90 180 360 365 730 b
1 2 3 5 10 15 30 60 90 180 360 370 730 b
1 2 3 5 10 15 30 60 90 180 360 720 730 b
1 2 3 5 10 15 30 60 120 125 240 365 730 a
1 2 3 5 10 15 30 60 120 125 245 365 730 b
1 2 3 5 10 15 30 60 120 180 185 365 730 b
1 2 3 5 10 15 30 60 120 180 360 365 730 b
1 2 3 5 10 15 30 60 120 180 360 370 730 b
1 2 3 5 10 15 30 60 120 180 360 720 730 b
1 2 3 5 10 15 30 60 120 240 245 365 730 b
1 2 3 5 10 15 30 60 120 240 245 485 730 b
1 2 3 5 10 15 30 60 120 240 245 490 730 b
1 2 3 5 10 15 30 60 120 240 250 480 730 a
1 2 3 5 10 15 30 60 120 240 250 490 730 b
1 2 3 5 10 15 30 60 120 240 360 365 730 b
1 2 3 5 10 15 30 60 120 240 360 370 730 b
1 2 3 5 10 15 30 60 120 240 360 720 730 b
1 2 3 5 10 15 30 60 120 240 480 490 730 b
1 2 3 5 10 15 30 60 120 240 480 720 730 b
1 2 3 5 10 20 25 45 90 180 185 365 730 b
1 2 3 5 10 20 25 45 90 180 360 365 730 b
1 2 3 5 10 20 25 45 90 180 360 370 730 b
1 2 3 5 10 20 25 45 90 180 360 720 730 b
1 2 3 5 10 20 30 60 90 180 185 365 730 b
1 2 3 5 10 20 30 60 90 180 360 365 730 b
1 2 3 5 10 20 30 60 90 180 360 370 730 b
1 2 3 5 10 20 30 60 90 180 360 720 730 b
1 2 3 5 10 20 30 60 120 125 240 365 730 a
1 2 3 5 10 20 30 60 120 125 245 365 730 b
1 2 3 5 10 20 30 60 120 180 185 365 730 b
1 2 3 5 10 20 30 60 120 180 360 365 730 b
1 2 3 5 10 20 30 60 120 180 360 370 730 b
1 2 3 5 10 20 30 60 120 180 360 720 730 b
1 2 3 5 10 20 30 60 120 240 245 365 730 b
1 2 3 5 10 20 30 60 120 240 245 485 730 b
1 2 3 5 10 20 30 60 120 240 245 490 730 b
1 2 3 5 10 20 30 60 120 240 250 480 730 a
1 2 3 5 10 20 30 60 120 240 250 490 730 b
1 2 3 5 10 20 30 60 120 240 360 365 730 b
1 2 3 5 10 20 30 60 120 240 360 370 730 b
1 2 3 5 10 20 30 60 120 240 360 720 730 b
1 2 3 5 10 20 30 60 120 240 480 490 730 b
1 2 3 5 10 20 30 60 120 240 480 720 730 b
1 2 3 5 10 20 40 41 81 162 203 365 730 b
1 2 3 5 10 20 40 41 81 162 324 365 730 b
1 2 3 5 10 20 40 45 80 160 205 365 730 a
1 2 3 5 10 20 40 45 80 160 320 365 730 a
1 2 3 5 10 20 40 45 90 180 185 365 730 b
1 2 3 5 10 20 40 45 90 180 360 365 730 b
1 2 3 5 10 20 40 45 90 180 360 370 730 b
1 2 3 5 10 20 40 45 90 180 360 720 730 b
1 2 3 5 10 20 40 50 90 180 185 365 730 b
1 2 3 5 10 20 40 50 90 180 360 365 730 b
1 2 3 5 10 20 40 50 90 180 360 370 730 b
1 2 3 5 10 20 40 50 90 180 360 720 730 b
1 2 3 5 10 20 40 60 120 125 240 365 730 a
1 2 3 5 10 20 40 60 120 125 245 365 730 b
1 2 3 5 10 20 40 60 120 180 185 365 730 b
1 2 3 5 10 20 40 60 120 180 360 365 730 b
1 2 3 5 10 20 40 60 120 180 360 370 730 b
1 2 3 5 10 20 40 60 120 180 360 720 730 b
1 2 3 5 10 20 40 60 120 240 245 365 730 b
1 2 3 5 10 20 40 60 120 240 245 485 730 b
1 2 3 5 10 20 40 60 120 240 245 490 730 b
1 2 3 5 10 20 40 60 120 240 250 480 730 a
1 2 3 5 10 20 40 60 120 240 250 490 730 b
1 2 3 5 10 20 40 60 120 240 360 365 730 b
1 2 3 5 10 20 40 60 120 240 360 370 730 b
1 2 3 5 10 20 40 60 120 240 360 720 730 b
1 2 3 5 10 20 40 60 120 240 480 490 730 b
1 2 3 5 10 20 40 60 120 240 480 720 730 b
1 2 3 5 10 20 40 80 82 162 324 406 730 b
1 2 3 5 10 20 40 80 82 162 324 648 730 b
1 2 3 5 10 20 40 80 90 160 320 410 730 a
1 2 3 5 10 20 40 80 90 160 320 640 730 a
1 2 3 5 10 20 40 80 90 180 185 365 730 b
1 2 3 5 10 20 40 80 90 180 360 365 730 b
1 2 3 5 10 20 40 80 90 180 360 370 730 b
1 2 3 5 10 20 40 80 90 180 360 720 730 b
1 2 3 5 10 20 40 80 100 180 185 365 730 b
1 2 3 5 10 20 40 80 100 180 360 365 730 b
1 2 3 5 10 20 40 80 100 180 360 370 730 b
1 2 3 5 10 20 40 80 100 180 360 720 730 b
1 2 3 5 10 20 40 80 120 125 240 365 730 a
1 2 3 5 10 20 40 80 120 125 245 365 730 b
1 2 3 5 10 20 40 80 120 240 245 365 730 b
1 2 3 5 10 20 40 80 120 240 245 485 730 b
1 2 3 5 10 20 40 80 120 240 245 490 730 b
1 2 3 5 10 20 40 80 120 240 250 480 730 a
1 2 3 5 10 20 40 80 120 240 250 490 730 b
1 2 3 5 10 20 40 80 120 240 360 365 730 b
1 2 3 5 10 20 40 80 120 240 360 370 730 b
1 2 3 5 10 20 40 80 120 240 360 720 730 b
1 2 3 5 10 20 40 80 120 240 480 490 730 b
1 2 3 5 10 20 40 80 120 240 480 720 730 b
1 2 3 5 10 20 40 80 160 165 200 365 730 a
1 2 3 5 10 20 40 80 160 165 205 365 730 b
1 2 3 5 10 20 40 80 160 165 325 365 730 b
1 2 3 5 10 20 40 80 160 165 325 405 730 b
1 2 3 5 10 20 40 80 160 165 325 650 730 b
1 2 3 5 10 20 40 80 160 180 185 365 730 b
1 2 3 5 10 20 40 80 160 180 360 365 730 b
1 2 3 5 10 20 40 80 160 180 360 370 730 b
1 2 3 5 10 20 40 80 160 180 360 720 730 b
1 2 3 5 10 20 40 80 160 200 205 365 730 b
1 2 3 5 10 20 40 80 160 200 360 365 730 b
1 2 3 5 10 20 40 80 160 200 360 370 730 b
1 2 3 5 10 20 40 80 160 200 360 720 730 b
1 2 3 5 10 20 40 80 160 240 245 485 730 b
1 2 3 5 10 20 40 80 160 240 245 490 730 b
1 2 3 5 10 20 40 80 160 240 250 480 730 a
1 2 3 5 10 20 40 80 160 240 250 490 730 b
1 2 3 5 10 20 40 80 160 240 480 490 730 b
1 2 3 5 10 20 40 80 160 240 480 720 730 b
1 2 3 5 10 20 40 80 160 320 325 365 730 b
1 2 3 5 10 20 40 80 160 320 325 405 730 b
1 2 3 5 10 20 40 80 160 320 325 650 730 b
1 2 3 5 10 20 40 80 160 320 330 400 730 a
1 2 3 5 10 20 40 80 160 320 330 410 730 b
1 2 3 5 10 20 40 80 160 320 330 650 730 b
1 2 3 5 10 20 40 80 160 320 360 365 730 b
1 2 3 5 10 20 40 80 160 320 360 370 730 b
1 2 3 5 10 20 40 80 160 320 360 720 730 b
1 2 3 5 10 20 40 80 160 320 400 410 730 b
1 2 3 5 10 20 40 80 160 320 400 720 730 b
1 2 3 5 10 20 40 80 160 320 640 650 730 b
1 2 3 5 10 20 40 80 160 320 640 720 730 b
1 2 3 6 9 18 36 37 73 146 219 365 730 b
1 2 3 6 9 18 36 37 73 146 292 365 730 b
1 2 3 6 9 18 36 37 73 146 292 438 730 b
1 2 3 6 9 18 36 37 73 146 292 584 730 b
1 2 3 6 9 18 36 72 73 146 219 365 730 b
1 2 3 6 9 18 36 72 73 146 292 365 730 b
1 2 3 6 9 18 36 72 73 146 292 438 730 b
1 2 3 6 9 18 36 72 73 146 292 584 730 b
1 2 3 6 9 18 36 72 74 146 292 438 730 b
1 2 3 6 9 18 36 72 74 146 292 584 730 b
1 2 3 6 9 18 36 72 144 146 292 438 730 b
1 2 3 6 9 18 36 72 144 146 292 584 730 b
1 2 3 6 12 18 36 37 73 146 219 365 730 b
1 2 3 6 12 18 36 37 73 146 292 365 730 b
1 2 3 6 12 18 36 37 73 146 292 438 730 b
1 2 3 6 12 18 36 37 73 146 292 584 730 b
1 2 3 6 12 18 36 72 73 146 219 365 730 b
1 2 3 6 12 18 36 72 73 146 292 365 730 b
1 2 3 6 12 18 36 72 73 146 292 438 730 b
1 2 3 6 12 18 36 72 73 146 292 584 730 b
1 2 3 6 12 18 36 72 74 146 292 438 730 b
1 2 3 6 12 18 36 72 74 146 292 584 730 b
1 2 3 6 12 18 36 72 144 146 292 438 730 b
1 2 3 6 12 18 36 72 144 146 292 584 730 b
1 2 3 6 12 24 25 48 73 146 219 365 730 a
1 2 3 6 12 24 25 48 73 146 292 365 730 a
1 2 3 6 12 24 25 48 73 146 292 438 730 a
1 2 3 6 12 24 25 48 73 146 292 584 730 a
1 2 3 6 12 24 25 49 73 146 219 365 730 b
1 2 3 6 12 24 25 49 73 146 292 365 730 b
1 2 3 6 12 24 25 49 73 146 292 438 730 b
1 2 3 6 12 24 25 49 73 146 292 584 730 b
1 2 3 6 12 24 36 37 73 146 219 365 730 b
1 2 3 6 12 24 36 37 73 146 292 365 730 b
1 2 3 6 12 24 36 37 73 146 292 438 730 b
1 2 3 6 12 24 36 37 73 146 292 584 730 b
1 2 3 6 12 24 36 72 73 146 219 365 730 b
1 2 3 6 12 24 36 72 73 146 292 365 730 b
1 2 3 6 12 24 36 72 73 146 292 438 730 b
1 2 3 6 12 24 36 72 73 146 292 584 730 b
1 2 3 6 12 24 36 72 74 146 292 438 730 b
1 2 3 6 12 24 36 72 74 146 292 584 730 b
1 2 3 6 12 24 36 72 144 146 292 438 730 b
1 2 3 6 12 24 36 72 144 146 292 584 730 b
1 2 3 6 12 24 48 49 73 146 219 365 730 b
1 2 3 6 12 24 48 49 73 146 292 365 730 b
1 2 3 6 12 24 48 49 73 146 292 438 730 b
1 2 3 6 12 24 48 49 73 146 292 584 730 b
1 2 3 6 12 24 48 49 97 146 292 438 730 b
1 2 3 6 12 24 48 49 97 146 292 584 730 b
1 2 3 6 12 24 48 49 98 146 292 438 730 b
1 2 3 6 12 24 48 49 98 146 292 584 730 b
1 2 3 6 12 24 48 50 96 146 292 438 730 a
1 2 3 6 12 24 48 50 96 146 292 584 730 a
1 2 3 6 12 24 48 50 98 146 292 438 730 b
1 2 3 6 12 24 48 50 98 146 292 584 730 b
1 2 3 6 12 24 48 72 73 146 219 365 730 b
1 2 3 6 12 24 48 72 73 146 292 365 730 b
1 2 3 6 12 24 48 72 73 146 292 438 730 b
1 2 3 6 12 24 48 72 73 146 292 584 730 b
1 2 3 6 12 24 48 72 74 146 292 438 730 b
1 2 3 6 12 24 48 72 74 146 292 584 730 b
1 2 3 6 12 24 48 72 144 146 292 438 730 b
1 2 3 6 12 24 48 72 144 146 292 584 730 b
1 2 3 6 12 24 48 96 98 146 292 438 730 b
1 2 3 6 12 24 48 96 98 146 292 584 730 b
1 2 3 6 12 24 48 96 144 146 292 438 730 b
1 2 3 6 12 24 48 96 144 146 292 584 730 b
1 2 4 5 9 13 22 44 88 176 189 365 730 b
1 2 4 5 9 13 22 44 88 176 352 365 730 b
1 2 4 5 9 18 27 45 90 180 185 365 730 b
1 2 4 5 9 18 27 45 90 180 360 365 730 b
1 2 4 5 9 18 36 37 73 146 219 365 730 b
1 2 4 5 9 18 36 37 73 146 292 365 730 b
1 2 4 5 9 18 36 37 73 146 292 438 730 b
1 2 4 5 9 18 36 37 73 146 292 584 730 b
1 2 4 5 9 18 36 45 90 180 185 365 730 b
1 2 4 5 9 18 36 45 90 180 360 365 730 b
1 2 4 5 9 18 36 54 90 180 185 365 730 b
1 2 4 5 9 18 36 54 90 180 360 365 730 b
1 2 4 5 9 18 36 72 73 146 219 365 730 b
1 2 4 5 9 18 36 72 73 146 292 365 730 b
1 2 4 5 9 18 36 72 73 146 292 438 730 b
1 2 4 5 9 18 36 72 73 146 292 584 730 b
1 2 4 5 9 18 36 72 74 146 292 438 730 b
1 2 4 5 9 18 36 72 74 146 292 584 730 b
1 2 4 5 9 18 36 72 77 144 221 365 730 a
1 2 4 5 9 18 36 72 77 144 288 365 730 a
1 2 4 5 9 18 36 72 90 180 185 365 730 b
1 2 4 5 9 18 36 72 90 180 360 365 730 b
1 2 4 5 9 18 36 72 108 180 185 365 730 b
1 2 4 5 9 18 36 72 108 180 360 365 730 b
1 2 4 5 9 18 36 72 144 146 292 438 730 b
1 2 4 5 9 18 36 72 144 146 292 584 730 b
1 2 4 5 9 18 36 72 144 149 216 365 730 a
1 2 4 5 9 18 36 72 144 149 221 365 730 b
1 2 4 5 9 18 36 72 144 149 293 365 730 b
1 2 4 5 9 18 36 72 144 149 293 437 730 b
1 2 4 5 9 18 36 72 144 149 293 586 730 b
1 2 4 5 9 18 36 72 144 180 185 365 730 b
1 2 4 5 9 18 36 72 144 180 360 365 730 b
1 2 4 5 9 18 36 72 144 216 221 365 730 b
1 2 4 5 9 18 36 72 144 216 360 365 730 b
1 2 4 5 9 18 36 72 144 288 293 365 730 b
1 2 4 5 9 18 36 72 144 288 293 437 730 b
1 2 4 5 9 18 36 72 144 288 293 586 730 b
1 2 4 5 9 18 36 72 144 288 360 365 730 b
1 2 4 5 10 15 30 45 90 180 185 365 730 b
1 2 4 5 10 15 30 45 90 180 360 365 730 b
1 2 4 5 10 15 30 45 90 180 360 370 730 b
1 2 4 5 10 15 30 45 90 180 360 720 730 b
1 2 4 5 10 15 30 60 90 180 185 365 730 b
1 2 4 5 10 15 30 60 90 180 360 365 730 b
1 2 4 5 10 15 30 60 90 180 360 370 730 b
1 2 4 5 10 15 30 60 90 180 360 720 730 b
1 2 4 5 10 15 30 60 120 125 240 365 730 a
1 2 4 5 10 15 30 60 120 125 245 365 730 b
1 2 4 5 10 15 30 60 120 180 185 365 730 b
1 2 4 5 10 15 30 60 120 180 360 365 730 b
1 2 4 5 10 15 30 60 120 180 360 370 730 b
1 2 4 5 10 15 30 60 120 180 360 720 730 b
1 2 4 5 10 15 30 60 120 240 245 365 730 b
1 2 4 5 10 15 30 60 120 240 245 485 730 b
1 2 4 5 10 15 30 60 120 240 245 490 730 b
1 2 4 5 10 15 30 60 120 240 250 480 730 a
1 2 4 5 10 15 30 60 120 240 250 490 730 b
1 2 4 5 10 15 30 60 120 240 360 365 730 b
1 2 4 5 10 15 30 60 120 240 360 370 730 b
1 2 4 5 10 15 30 60 120 240 360 720 730 b
1 2 4 5 10 15 30 60 120 240 480 490 730 b
1 2 4 5 10 15 30 60 120 240 480 720 730 b
1 2 4 5 10 20 25 45 90 180 185 365 730 b
1 2 4 5 10 20 25 45 90 180 360 365 730 b
1 2 4 5 10 20 25 45 90 180 360 370 730 b
1 2 4 5 10 20 25 45 90 180 360 720 730 b
1 2 4 5 10 20 30 60 90 180 185 365 730 b
1 2 4 5 10 20 30 60 90 180 360 365 730 b
1 2 4 5 10 20 30 60 90 180 360 370 730 b
1 2 4 5 10 20 30 60 90 180 360 720 730 b
1 2 4 5 10 20 30 60 120 125 240 365 730 a
1 2 4 5 10 20 30 60 120 125 245 365 730 b
1 2 4 5 10 20 30 60 120 180 185 365 730 b
1 2 4 5 10 20 30 60 120 180 360 365 730 b
1 2 4 5 10 20 30 60 120 180 360 370 730 b
1 2 4 5 10 20 30 60 120 180 360 720 730 b
1 2 4 5 10 20 30 60 120 240 245 365 730 b
1 2 4 5 10 20 30 60 120 240 245 485 730 b
1 2 4 5 10 20 30 60 120 240 245 490 730 b
1 2 4 5 10 20 30 60 120 240 250 480 730 a
1 2 4 5 10 20 30 60 120 240 250 490 730 b
1 2 4 5 10 20 30 60 120 240 360 365 730 b
1 2 4 5 10 20 30 60 120 240 360 370 730 b
1 2 4 5 10 20 30 60 120 240 360 720 730 b
1 2 4 5 10 20 30 60 120 240 480 490 730 b
1 2 4 5 10 20 30 60 120 240 480 720 730 b
1 2 4 5 10 20 40 41 81 162 203 365 730 b
1 2 4 5 10 20 40 41 81 162 324 365 730 b
1 2 4 5 10 20 40 45 80 160 205 365 730 a
1 2 4 5 10 20 40 45 80 160 320 365 730 a
1 2 4 5 10 20 40 45 90 180 185 365 730 b
1 2 4 5 10 20 40 45 90 180 360 365 730 b
1 2 4 5 10 20 40 45 90 180 360 370 730 b
1 2 4 5 10 20 40 45 90 180 360 720 730 b
1 2 4 5 10 20 40 50 90 180 185 365 730 b
1 2 4 5 10 20 40 50 90 180 360 365 730 b
1 2 4 5 10 20 40 50 90 180 360 370 730 b
1 2 4 5 10 20 40 50 90 180 360 720 730 b
1 2 4 5 10 20 40 60 120 125 240 365 730 a
1 2 4 5 10 20 40 60 120 125 245 365 730 b
1 2 4 5 10 20 40 60 120 180 185 365 730 b
1 2 4 5 10 20 40 60 120 180 360 365 730 b
1 2 4 5 10 20 40 60 120 180 360 370 730 b
1 2 4 5 10 20 40 60 120 180 360 720 730 b
1 2 4 5 10 20 40 60 120 240 245 365 730 b
1 2 4 5 10 20 40 60 120 240 245 485 730 b
1 2 4 5 10 20 40 60 120 240 245 490 730 b
1 2 4 5 10 20 40 60 120 240 250 480 730 a
1 2 4 5 10 20 40 60 120 240 250 490 730 b
1 2 4 5 10 20 40 60 120 240 360 365 730 b
1 2 4 5 10 20 40 60 120 240 360 370 730 b
1 2 4 5 10 20 40 60 120 240 360 720 730 b
1 2 4 5 10 20 40 60 120 240 480 490 730 b
1 2 4 5 10 20 40 60 120 240 480 720 730 b
1 2 4 5 10 20 40 80 82 162 324 406 730 b
1 2 4 5 10 20 40 80 82 162 324 648 730 b
1 2 4 5 10 20 40 80 90 160 320 410 730 a
1 2 4 5 10 20 40 80 90 160 320 640 730 a
1 2 4 5 10 20 40 80 90 180 185 365 730 b
1 2 4 5 10 20 40 80 90 180 360 365 730 b
1 2 4 5 10 20 40 80 90 180 360 370 730 b
1 2 4 5 10 20 40 80 90 180 360 720 730 b
1 2 4 5 10 20 40 80 100 180 185 365 730 b
1 2 4 5 10 20 40 80 100 180 360 365 730 b
1 2 4 5 10 20 40 80 100 180 360 370 730 b
1 2 4 5 10 20 40 80 100 180 360 720 730 b
1 2 4 5 10 20 40 80 120 125 240 365 730 a
1 2 4 5 10 20 40 80 120 125 245 365 730 b
1 2 4 5 10 20 40 80 120 240 245 365 730 b
1 2 4 5 10 20 40 80 120 240 245 485 730 b
1 2 4 5 10 20 40 80 120 240 245 490 730 b
1 2 4 5 10 20 40 80 120 240 250 480 730 a
1 2 4 5 10 20 40 80 120 240 250 490 730 b
1 2 4 5 10 20 40 80 120 240 360 365 730 b
1 2 4 5 10 20 40 80 120 240 360 370 730 b
1 2 4 5 10 20 40 80 120 240 360 720 730 b
1 2 4 5 10 20 40 80 120 240 480 490 730 b
1 2 4 5 10 20 40 80 120 240 480 720 730 b
1 2 4 5 10 20 40 80 160 165 200 365 730 a
1 2 4 5 10 20 40 80 160 165 205 365 730 b
1 2 4 5 10 20 40 80 160 165 325 365 730 b
1 2 4 5 10 20 40 80 160 165 325 405 730 b
1 2 4 5 10 20 40 80 160 165 325 650 730 b
1 2 4 5 10 20 40 80 160 180 185 365 730 b
1 2 4 5 10 20 40 80 160 180 360 365 730 b
1 2 4 5 10 20 40 80 160 180 360 370 730 b
1 2 4 5 10 20 40 80 160 180 360 720 730 b
1 2 4 5 10 20 40 80 160 200 205 365 730 b
1 2 4 5 10 20 40 80 160 200 360 365 730 b
1 2 4 5 10 20 40 80 160 200 360 370 730 b
1 2 4 5 10 20 40 80 160 200 360 720 730 b
1 2 4 5 10 20 40 80 160 240 245 485 730 b
1 2 4 5 10 20 40 80 160 240 245 490 730 b
1 2 4 5 10 20 40 80 160 240 250 480 730 a
1 2 4 5 10 20 40 80 160 240 250 490 730 b
1 2 4 5 10 20 40 80 160 240 480 490 730 b
1 2 4 5 10 20 40 80 160 240 480 720 730 b
1 2 4 5 10 20 40 80 160 320 325 365 730 b
1 2 4 5 10 20 40 80 160 320 325 405 730 b
1 2 4 5 10 20 40 80 160 320 325 650 730 b
1 2 4 5 10 20 40 80 160 320 330 400 730 a
1 2 4 5 10 20 40 80 160 320 330 410 730 b
1 2 4 5 10 20 40 80 160 320 330 650 730 b
1 2 4 5 10 20 40 80 160 320 360 365 730 b
1 2 4 5 10 20 40 80 160 320 360 370 730 b
1 2 4 5 10 20 40 80 160 320 360 720 730 b
1 2 4 5 10 20 40 80 160 320 400 410 730 b
1 2 4 5 10 20 40 80 160 320 400 720 730 b
1 2 4 5 10 20 40 80 160 320 640 650 730 b
1 2 4 5 10 20 40 80 160 320 640 720 730 b
1 2 4 6 10 20 30 60 90 180 360 370 730 b
1 2 4 6 10 20 30 60 90 180 360 720 730 b
1 2 4 6 10 20 30 60 120 180 360 370 730 b
1 2 4 6 10 20 30 60 120 180 360 720 730 b
1 2 4 6 10 20 30 60 120 240 250 480 730 a
1 2 4 6 10 20 30 60 120 240 250 490 730 b
1 2 4 6 10 20 30 60 120 240 360 370 730 b
1 2 4 6 10 20 30 60 120 240 360 720 730 b
1 2 4 6 10 20 30 60 120 240 480 490 730 b
1 2 4 6 10 20 30 60 120 240 480 720 730 b
1 2 4 6 10 20 40 41 81 162 203 365 730 b
1 2 4 6 10 20 40 41 81 162 324 365 730 b
1 2 4 6 10 20 40 50 90 180 360 370 730 b
1 2 4 6 10 20 40 50 90 180 360 720 730 b
1 2 4 6 10 20 40 60 120 180 360 370 730 b
1 2 4 6 10 20 40 60 120 180 360 720 730 b
1 2 4 6 10 20 40 60 120 240 250 480 730 a
1 2 4 6 10 20 40 60 120 240 250 490 730 b
1 2 4 6 10 20 40 60 120 240 360 370 730 b
1 2 4 6 10 20 40 60 120 240 360 720 730 b
1 2 4 6 10 20 40 60 120 240 480 490 730 b
1 2 4 6 10 20 40 60 120 240 480 720 730 b
1 2 4 6 10 20 40 80 82 162 324 406 730 b
1 2 4 6 10 20 40 80 82 162 324 648 730 b
1 2 4 6 10 20 40 80 90 160 320 410 730 a
1 2 4 6 10 20 40 80 90 160 320 640 730 a
1 2 4 6 10 20 40 80 90 180 360 370 730 b
1 2 4 6 10 20 40 80 90 180 360 720 730 b
1 2 4 6 10 20 40 80 100 180 360 370 730 b
1 2 4 6 10 20 40 80 100 180 360 720 730 b
1 2 4 6 10 20 40 80 120 240 250 480 730 a
1 2 4 6 10 20 40 80 120 240 250 490 730 b
1 2 4 6 10 20 40 80 120 240 360 370 730 b
1 2 4 6 10 20 40 80 120 240 360 720 730 b
1 2 4 6 10 20 40 80 120 240 480 490 730 b
1 2 4 6 10 20 40 80 120 240 480 720 730 b
1 2 4 6 10 20 40 80 160 180 360 370 730 b
1 2 4 6 10 20 40 80 160 180 360 720 730 b
1 2 4 6 10 20 40 80 160 200 360 370 730 b
1 2 4 6 10 20 40 80 160 200 360 720 730 b
1 2 4 6 10 20 40 80 160 240 250 480 730 a
1 2 4 6 10 20 40 80 160 240 250 490 730 b
1 2 4 6 10 20 40 80 160 240 480 490 730 b
1 2 4 6 10 20 40 80 160 240 480 720 730 b
1 2 4 6 10 20 40 80 160 320 330 400 730 a
1 2 4 6 10 20 40 80 160 320 330 410 730 b
1 2 4 6 10 20 40 80 160 320 330 650 730 b
1 2 4 6 10 20 40 80 160 320 360 370 730 b
1 2 4 6 10 20 40 80 160 320 360 720 730 b
1 2 4 6 10 20 40 80 160 320 400 410 730 b
1 2 4 6 10 20 40 80 160 320 400 720 730 b
1 2 4 6 10 20 40 80 160 320 640 650 730 b
1 2 4 6 10 20 40 80 160 320 640 720 730 b
1 2 4 6 12 18 36 37 73 146 219 365 730 b
1 2 4 6 12 18 36 37 73 146 292 365 730 b
1 2 4 6 12 18 36 37 73 146 292 438 730 b
1 2 4 6 12 18 36 37 73 146 292 584 730 b
1 2 4 6 12 18 36 72 73 146 219 365 730 b
1 2 4 6 12 18 36 72 73 146 292 365 730 b
1 2 4 6 12 18 36 72 73 146 292 438 730 b
1 2 4 6 12 18 36 72 73 146 292 584 730 b
1 2 4 6 12 18 36 72 74 146 292 438 730 b
1 2 4 6 12 18 36 72 74 146 292 584 730 b
1 2 4 6 12 18 36 72 144 146 292 438 730 b
1 2 4 6 12 18 36 72 144 146 292 584 730 b
1 2 4 6 12 24 25 48 73 146 219 365 730 a
1 2 4 6 12 24 25 48 73 146 292 365 730 a
1 2 4 6 12 24 25 48 73 146 292 438 730 a
1 2 4 6 12 24 25 48 73 146 292 584 730 a
1 2 4 6 12 24 25 49 73 146 219 365 730 b
1 2 4 6 12 24 25 49 73 146 292 365 730 b
1 2 4 6 12 24 25 49 73 146 292 438 730 b
1 2 4 6 12 24 25 49 73 146 292 584 730 b
1 2 4 6 12 24 36 37 73 146 219 365 730 b
1 2 4 6 12 24 36 37 73 146 292 365 730 b
1 2 4 6 12 24 36 37 73 146 292 438 730 b
1 2 4 6 12 24 36 37 73 146 292 584 730 b
1 2 4 6 12 24 36 72 73 146 219 365 730 b
1 2 4 6 12 24 36 72 73 146 292 365 730 b
1 2 4 6 12 24 36 72 73 146 292 438 730 b
1 2 4 6 12 24 36 72 73 146 292 584 730 b
1 2 4 6 12 24 36 72 74 146 292 438 730 b
1 2 4 6 12 24 36 72 74 146 292 584 730 b
1 2 4 6 12 24 36 72 144 146 292 438 730 b
1 2 4 6 12 24 36 72 144 146 292 584 730 b
1 2 4 6 12 24 48 49 73 146 219 365 730 b
1 2 4 6 12 24 48 49 73 146 292 365 730 b
1 2 4 6 12 24 48 49 73 146 292 438 730 b
1 2 4 6 12 24 48 49 73 146 292 584 730 b
1 2 4 6 12 24 48 49 97 146 292 438 730 b
1 2 4 6 12 24 48 49 97 146 292 584 730 b
1 2 4 6 12 24 48 49 98 146 292 438 730 b
1 2 4 6 12 24 48 49 98 146 292 584 730 b
1 2 4 6 12 24 48 50 96 146 292 438 730 a
1 2 4 6 12 24 48 50 96 146 292 584 730 a
1 2 4 6 12 24 48 50 98 146 292 438 730 b
1 2 4 6 12 24 48 50 98 146 292 584 730 b
1 2 4 6 12 24 48 72 73 146 219 365 730 b
1 2 4 6 12 24 48 72 73 146 292 365 730 b
1 2 4 6 12 24 48 72 73 146 292 438 730 b
1 2 4 6 12 24 48 72 73 146 292 584 730 b
1 2 4 6 12 24 48 72 74 146 292 438 730 b
1 2 4 6 12 24 48 72 74 146 292 584 730 b
1 2 4 6 12 24 48 72 144 146 292 438 730 b
1 2 4 6 12 24 48 72 144 146 292 584 730 b
1 2 4 6 12 24 48 96 98 146 292 438 730 b
1 2 4 6 12 24 48 96 98 146 292 584 730 b
1 2 4 6 12 24 48 96 144 146 292 438 730 b
1 2 4 6 12 24 48 96 144 146 292 584 730 b
1 2 4 8 9 13 22 44 88 176 189 365 730 b
1 2 4 8 9 13 22 44 88 176 352 365 730 b
1 2 4 8 9 16 32 41 73 146 219 365 730 a
1 2 4 8 9 16 32 41 73 146 292 365 730 a
1 2 4 8 9 16 32 41 73 146 292 438 730 a
1 2 4 8 9 16 32 41 73 146 292 584 730 a
1 2 4 8 9 16 32 64 73 146 219 365 730 a
1 2 4 8 9 16 32 64 73 146 292 365 730 a
1 2 4 8 9 16 32 64 73 146 292 438 730 a
1 2 4 8 9 16 32 64 73 146 292 584 730 a
1 2 4 8 9 18 26 44 88 176 352 378 730 b
1 2 4 8 9 18 26 44 88 176 352 704 730 b
1 2 4 8 9 18 36 37 73 146 219 365 730 b
1 2 4 8 9 18 36 37 73 146 292 365 730 b
1 2 4 8 9 18 36 37 73 146 292 438 730 b
1 2 4 8 9 18 36 37 73 146 292 584 730 b
1 2 4 8 9 18 36 72 73 146 219 365 730 b
1 2 4 8 9 18 36 72 73 146 292 365 730 b
1 2 4 8 9 18 36 72 73 146 292 438 730 b
1 2 4 8 9 18 36 72 73 146 292 584 730 b
1 2 4 8 9 18 36 72 74 146 292 438 730 b
1 2 4 8 9 18 36 72 74 146 292 584 730 b
1 2 4 8 9 18 36 72 144 146 292 438 730 b
1 2 4 8 9 18 36 72 144 146 292 584 730 b
1 2 4 8 10 18 26 44 88 176 352 378 730 b
1 2 4 8 10 18 26 44 88 176 352 704 730 b
1 2 4 8 10 18 36 37 73 146 219 365 730 b
1 2 4 8 10 18 36 37 73 146 292 365 730 b
1 2 4 8 10 18 36 37 73 146 292 438 730 b
1 2 4 8 10 18 36 37 73 146 292 584 730 b
1 2 4 8 10 18 36 54 90 180 360 370 730 b
1 2 4 8 10 18 36 54 90 180 360 720 730 b
1 2 4 8 10 18 36 72 73 146 219 365 730 b
1 2 4 8 10 18 36 72 73 146 292 365 730 b
1 2 4 8 10 18 36 72 73 146 292 438 730 b
1 2 4 8 10 18 36 72 73 146 292 584 730 b
1 2 4 8 10 18 36 72 74 146 292 438 730 b
1 2 4 8 10 18 36 72 74 146 292 584 730 b
1 2 4 8 10 18 36 72 90 180 360 370 730 b
1 2 4 8 10 18 36 72 90 180 360 720 730 b
1 2 4 8 10 18 36 72 108 180 360 370 730 b
1 2 4 8 10 18 36 72 108 180 360 720 730 b
1 2 4 8 10 18 36 72 144 146 292 438 730 b
1 2 4 8 10 18 36 72 144 146 292 584 730 b
1 2 4 8 10 18 36 72 144 154 288 442 730 a
1 2 4 8 10 18 36 72 144 154 288 576 730 a
1 2 4 8 10 18 36 72 144 180 360 370 730 b
1 2 4 8 10 18 36 72 144 180 360 720 730 b
1 2 4 8 10 18 36 72 144 216 360 370 730 b
1 2 4 8 10 18 36 72 144 216 360 720 730 b
1 2 4 8 10 18 36 72 144 288 298 432 730 a
1 2 4 8 10 18 36 72 144 288 298 442 730 b
1 2 4 8 10 18 36 72 144 288 298 586 730 b
1 2 4 8 10 18 36 72 144 288 360 370 730 b
1 2 4 8 10 18 36 72 144 288 360 720 730 b
1 2 4 8 10 18 36 72 144 288 432 442 730 b
1 2 4 8 10 18 36 72 144 288 432 720 730 b
1 2 4 8 10 18 36 72 144 288 576 586 730 b
1 2 4 8 10 18 36 72 144 288 576 720 730 b
1 2 4 8 10 20 30 60 90 180 360 370 730 b
1 2 4 8 10 20 30 60 90 180 360 720 730 b
1 2 4 8 10 20 30 60 120 180 360 370 730 b
1 2 4 8 10 20 30 60 120 180 360 720 730 b
1 2 4 8 10 20 30 60 120 240 250 480 730 a
1 2 4 8 10 20 30 60 120 240 250 490 730 b
1 2 4 8 10 20 30 60 120 240 360 370 730 b
1 2 4 8 10 20 30 60 120 240 360 720 730 b
1 2 4 8 10 20 30 60 120 240 480 490 730 b
1 2 4 8 10 20 30 60 120 240 480 720 730 b
1 2 4 8 10 20 40 41 81 162 203 365 730 b
1 2 4 8 10 20 40 41 81 162 324 365 730 b
1 2 4 8 10 20 40 50 90 180 360 370 730 b
1 2 4 8 10 20 40 50 90 180 360 720 730 b
1 2 4 8 10 20 40 60 120 180 360 370 730 b
1 2 4 8 10 20 40 60 120 180 360 720 730 b
1 2 4 8 10 20 40 60 120 240 250 480 730 a
1 2 4 8 10 20 40 60 120 240 250 490 730 b
1 2 4 8 10 20 40 60 120 240 360 370 730 b
1 2 4 8 10 20 40 60 120 240 360 720 730 b
1 2 4 8 10 20 40 60 120 240 480 490 730 b
1 2 4 8 10 20 40 60 120 240 480 720 730 b
1 2 4 8 10 20 40 80 82 162 324 406 730 b
1 2 4 8 10 20 40 80 82 162 324 648 730 b
1 2 4 8 10 20 40 80 90 160 320 410 730 a
1 2 4 8 10 20 40 80 90 160 320 640 730 a
1 2 4 8 10 20 40 80 90 180 360 370 730 b
1 2 4 8 10 20 40 80 90 180 360 720 730 b
1 2 4 8 10 20 40 80 100 180 360 370 730 b
1 2 4 8 10 20 40 80 100 180 360 720 730 b
1 2 4 8 10 20 40 80 120 240 250 480 730 a
1 2 4 8 10 20 40 80 120 240 250 490 730 b
1 2 4 8 10 20 40 80 120 240 360 370 730 b
1 2 4 8 10 20 40 80 120 240 360 720 730 b
1 2 4 8 10 20 40 80 120 240 480 490 730 b
1 2 4 8 10 20 40 80 120 240 480 720 730 b
1 2 4 8 10 20 40 80 160 180 360 370 730 b
1 2 4 8 10 20 40 80 160 180 360 720 730 b
1 2 4 8 10 20 40 80 160 200 360 370 730 b
1 2 4 8 10 20 40 80 160 200 360 720 730 b
1 2 4 8 10 20 40 80 160 240 250 480 730 a
1 2 4 8 10 20 40 80 160 240 250 490 730 b
1 2 4 8 10 20 40 80 160 240 480 490 730 b
1 2 4 8 10 20 40 80 160 240 480 720 730 b
1 2 4 8 10 20 40 80 160 320 330 400 730 a
1 2 4 8 10 20 40 80 160 320 330 410 730 b
1 2 4 8 10 20 40 80 160 320 330 650 730 b
1 2 4 8 10 20 40 80 160 320 360 370 730 b
1 2 4 8 10 20 40 80 160 320 360 720 730 b
1 2 4 8 10 20 40 80 160 320 400 410 730 b
1 2 4 8 10 20 40 80 160 320 400 720 730 b
1 2 4 8 10 20 40 80 160 320 640 650 730 b
1 2 4 8 10 20 40 80 160 320 640 720 730 b
1 2 4 8 12 20 40 41 81 162 203 365 730 b
1 2 4 8 12 20 40 41 81 162 324 365 730 b
1 2 4 8 12 20 40 80 82 162 324 406 730 b
1 2 4 8 12 20 40 80 82 162 324 648 730 b
1 2 4 8 12 24 25 48 73 146 219 365 730 a
1 2 4 8 12 24 25 48 73 146 292 365 730 a
1 2 4 8 12 24 25 48 73 146 292 438 730 a
1 2 4 8 12 24 25 48 73 146 292 584 730 a
1 2 4 8 12 24 25 49 73 146 219 365 730 b
1 2 4 8 12 24 25 49 73 146 292 365 730 b
1 2 4 8 12 24 25 49 73 146 292 438 730 b
1 2 4 8 12 24 25 49 73 146 292 584 730 b
1 2 4 8 12 24 36 37 73 146 219 365 730 b
1 2 4 8 12 24 36 37 73 146 292 365 730 b
1 2 4 8 12 24 36 37 73 146 292 438 730 b
1 2 4 8 12 24 36 37 73 146 292 584 730 b
1 2 4 8 12 24 36 72 73 146 219 365 730 b
1 2 4 8 12 24 36 72 73 146 292 365 730 b
1 2 4 8 12 24 36 72 73 146 292 438 730 b
1 2 4 8 12 24 36 72 73 146 292 584 730 b
1 2 4 8 12 24 36 72 74 146 292 438 730 b
1 2 4 8 12 24 36 72 74 146 292 584 730 b
1 2 4 8 12 24 36 72 144 146 292 438 730 b
1 2 4 8 12 24 36 72 144 146 292 584 730 b
1 2 4 8 12 24 48 49 73 146 219 365 730 b
1 2 4 8 12 24 48 49 73 146 292 365 730 b
1 2 4 8 12 24 48 49 73 146 292 438 730 b
1 2 4 8 12 24 48 49 73 146 292 584 730 b
1 2 4 8 12 24 48 49 97 146 292 438 730 b
1 2 4 8 12 24 48 49 97 146 292 584 730 b
1 2 4 8 12 24 48 49 98 146 292 438 730 b
1 2 4 8 12 24 48 49 98 146 292 584 730 b
1 2 4 8 12 24 48 50 96 146 292 438 730 a
1 2 4 8 12 24 48 50 96 146 292 584 730 a
1 2 4 8 12 24 48 50 98 146 292 438 730 b
1 2 4 8 12 24 48 50 98 146 292 584 730 b
1 2 4 8 12 24 48 72 73 146 219 365 730 b
1 2 4 8 12 24 48 72 73 146 292 365 730 b
1 2 4 8 12 24 48 72 73 146 292 438 730 b
1 2 4 8 12 24 48 72 73 146 292 584 730 b
1 2 4 8 12 24 48 72 74 146 292 438 730 b
1 2 4 8 12 24 48 72 74 146 292 584 730 b
1 2 4 8 12 24 48 72 144 146 292 438 730 b
1 2 4 8 12 24 48 72 144 146 292 584 730 b
1 2 4 8 12 24 48 96 98 146 292 438 730 b
1 2 4 8 12 24 48 96 98 146 292 584 730 b
1 2 4 8 12 24 48 96 144 146 292 438 730 b
1 2 4 8 12 24 48 96 144 146 292 584 730 b
1 2 4 8 16 17 33 50 83 166 199 365 730 b
1 2 4 8 16 17 33 50 83 166 332 365 730 b
1 2 4 8 16 17 33 66 83 166 199 365 730 b
1 2 4 8 16 17 33 66 83 166 332 365 730 b
1 2 4 8 16 17 33 66 83 166 332 398 730 b
1 2 4 8 16 17 33 66 83 166 332 664 730 b
1 2 4 8 16 18 26 44 88 176 352 378 730 b
1 2 4 8 16 18 26 44 88 176 352 704 730 b
1 2 4 8 16 18 32 64 82 146 292 438 730 a
1 2 4 8 16 18 32 64 82 146 292 584 730 a
1 2 4 8 16 18 32 64 128 146 292 438 730 a
1 2 4 8 16 18 32 64 128 146 292 584 730 a
1 2 4 8 16 18 36 37 73 146 219 365 730 b
1 2 4 8 16 18 36 37 73 146 292 365 730 b
1 2 4 8 16 18 36 37 73 146 292 438 730 b
1 2 4 8 16 18 36 37 73 146 292 584 730 b
1 2 4 8 16 18 36 72 73 146 219 365 730 b
1 2 4 8 16 18 36 72 73 146 292 365 730 b
1 2 4 8 16 18 36 72 73 146 292 438 730 b
1 2 4 8 16 18 36 72 73 146 292 584 730 b
1 2 4 8 16 18 36 72 74 146 292 438 730 b
1 2 4 8 16 18 36 72 74 146 292 584 730 b
1 2 4 8 16 18 36 72 144 146 292 438 730 b
1 2 4 8 16 18 36 72 144 146 292 584 730 b
1 2 4 8 16 20 36 37 73 146 219 365 730 b
1 2 4 8 16 20 36 37 73 146 292 365 730 b
1 2 4 8 16 20 36 37 73 146 292 438 730 b
1 2 4 8 16 20 36 37 73 146 292 584 730 b
1 2 4 8 16 20 36 72 73 146 219 365 730 b
1 2 4 8 16 20 36 72 73 146 292 365 730 b
1 2 4 8 16 20 36 72 73 146 292 438 730 b
1 2 4 8 16 20 36 72 73 146 292 584 730 b
1 2 4 8 16 20 36 72 74 146 292 438 730 b
1 2 4 8 16 20 36 72 74 146 292 584 730 b
1 2 4 8 16 20 36 72 144 146 292 438 730 b
1 2 4 8 16 20 36 72 144 146 292 584 730 b
1 2 4 8 16 20 40 41 81 162 203 365 730 b
1 2 4 8 16 20 40 41 81 162 324 365 730 b
1 2 4 8 16 20 40 80 82 162 324 406 730 b
1 2 4 8 16 20 40 80 82 162 324 648 730 b
1 2 4 8 16 24 25 48 73 146 219 365 730 a
1 2 4 8 16 24 25 48 73 146 292 365 730 a
1 2 4 8 16 24 25 48 73 146 292 438 730 a
1 2 4 8 16 24 25 48 73 146 292 584 730 a
1 2 4 8 16 24 25 49 73 146 219 365 730 b
1 2 4 8 16 24 25 49 73 146 292 365 730 b
1 2 4 8 16 24 25 49 73 146 292 438 730 b
1 2 4 8 16 24 25 49 73 146 292 584 730 b
1 2 4 8 16 24 40 41 81 162 203 365 730 b
1 2 4 8 16 24 40 41 81 162 324 365 730 b
1 2 4 8 16 24 40 80 82 162 324 406 730 b
1 2 4 8 16 24 40 80 82 162 324 648 730 b
1 2 4 8 16 24 48 49 73 146 219 365 730 b
1 2 4 8 16 24 48 49 73 146 292 365 730 b
1 2 4 8 16 24 48 49 73 146 292 438 730 b
1 2 4 8 16 24 48 49 73 146 292 584 730 b
1 2 4 8 16 24 48 49 97 146 292 438 730 b
1 2 4 8 16 24 48 49 97 146 292 584 730 b
1 2 4 8 16 24 48 49 98 146 292 438 730 b
1 2 4 8 16 24 48 49 98 146 292 584 730 b
1 2 4 8 16 24 48 50 96 146 292 438 730 a
1 2 4 8 16 24 48 50 96 146 292 584 730 a
1 2 4 8 16 24 48 50 98 146 292 438 730 b
1 2 4 8 16 24 48 50 98 146 292 584 730 b
1 2 4 8 16 24 48 72 73 146 219 365 730 b
1 2 4 8 16 24 48 72 73 146 292 365 730 b
1 2 4 8 16 24 48 72 73 146 292 438 730 b
1 2 4 8 16 24 48 72 73 146 292 584 730 b
1 2 4 8 16 24 48 72 74 146 292 438 730 b
1 2 4 8 16 24 48 72 74 146 292 584 730 b
1 2 4 8 16 24 48 72 144 146 292 438 730 b
1 2 4 8 16 24 48 72 144 146 292 584 730 b
1 2 4 8 16 24 48 96 98 146 292 438 730 b
1 2 4 8 16 24 48 96 98 146 292 584 730 b
1 2 4 8 16 24 48 96 144 146 292 438 730 b
1 2 4 8 16 24 48 96 144 146 292 584 730 b
1 2 4 8 16 32 33 40 73 146 219 365 730 a
1 2 4 8 16 32 33 40 73 146 292 365 730 a
1 2 4 8 16 32 33 40 73 146 292 438 730 a
1 2 4 8 16 32 33 40 73 146 292 584 730 a
1 2 4 8 16 32 33 41 73 146 219 365 730 b
1 2 4 8 16 32 33 41 73 146 292 365 730 b
1 2 4 8 16 32 33 41 73 146 292 438 730 b
1 2 4 8 16 32 33 41 73 146 292 584 730 b
1 2 4 8 16 32 33 65 73 146 219 365 730 b
1 2 4 8 16 32 33 65 73 146 292 365 730 b
1 2 4 8 16 32 33 65 73 146 292 438 730 b
1 2 4 8 16 32 33 65 73 146 292 584 730 b
1 2 4 8 16 32 33 65 81 146 292 438 730 b
1 2 4 8 16 32 33 65 81 146 292 584 730 b
1 2 4 8 16 32 33 65 130 146 292 438 730 b
1 2 4 8 16 32 33 65 130 146 292 584 730 b
1 2 4 8 16 32 34 66 100 166 332 398 730 b
1 2 4 8 16 32 34 66 100 166 332 664 730 b
1 2 4 8 16 32 34 66 132 166 332 398 730 b
1 2 4 8 16 32 34 66 132 166 332 664 730 b
1 2 4 8 16 32 36 37 73 146 219 365 730 b
1 2 4 8 16 32 36 37 73 146 292 365 730 b
1 2 4 8 16 32 36 37 73 146 292 438 730 b
1 2 4 8 16 32 36 37 73 146 292 584 730 b
1 2 4 8 16 32 36 72 73 146 219 365 730 b
1 2 4 8 16 32 36 72 73 146 292 365 730 b
1 2 4 8 16 32 36 72 73 146 292 438 730 b
1 2 4 8 16 32 36 72 73 146 292 584 730 b
1 2 4 8 16 32 36 72 74 146 292 438 730 b
1 2 4 8 16 32 36 72 74 146 292 584 730 b
1 2 4 8 16 32 36 72 144 146 292 438 730 b
1 2 4 8 16 32 36 72 144 146 292 584 730 b
1 2 4 8 16 32 40 41 73 146 219 365 730 b
1 2 4 8 16 32 40 41 73 146 292 365 730 b
1 2 4 8 16 32 40 41 73 146 292 438 730 b
1 2 4 8 16 32 40 41 73 146 292 584 730 b
1 2 4 8 16 32 40 41 81 162 203 365 730 b
1 2 4 8 16 32 40 41 81 162 324 365 730 b
1 2 4 8 16 32 40 72 73 146 219 365 730 b
1 2 4 8 16 32 40 72 73 146 292 365 730 b
1 2 4 8 16 32 40 72 73 146 292 438 730 b
1 2 4 8 16 32 40 72 73 146 292 584 730 b
1 2 4 8 16 32 40 72 74 146 292 438 730 b
1 2 4 8 16 32 40 72 74 146 292 584 730 b
1 2 4 8 16 32 40 72 144 146 292 438 730 b
1 2 4 8 16 32 40 72 144 146 292 584 730 b
1 2 4 8 16 32 40 80 82 162 324 406 730 b
1 2 4 8 16 32 40 80 82 162 324 648 730 b
1 2 4 8 16 32 48 49 97 146 292 438 730 b
1 2 4 8 16 32 48 49 97 146 292 584 730 b
1 2 4 8 16 32 48 49 98 146 292 438 730 b
1 2 4 8 16 32 48 49 98 146 292 584 730 b
1 2 4 8 16 32 48 50 96 146 292 438 730 a
1 2 4 8 16 32 48 50 96 146 292 584 730 a
1 2 4 8 16 32 48 50 98 146 292 438 730 b
1 2 4 8 16 32 48 50 98 146 292 584 730 b
1 2 4 8 16 32 48 80 82 162 324 406 730 b
1 2 4 8 16 32 48 80 82 162 324 648 730 b
1 2 4 8 16 32 48 96 98 146 292 438 730 b
1 2 4 8 16 32 48 96 98 146 292 584 730 b
1 2 4 8 16 32 48 96 144 146 292 438 730 b
1 2 4 8 16 32 48 96 144 146 292 584 730 b
1 2 4 8 16 32 64 65 73 146 219 365 730 b
1 2 4 8 16 32 64 65 73 146 292 365 730 b
1 2 4 8 16 32 64 65 73 146 292 438 730 b
1 2 4 8 16 32 64 65 73 146 292 584 730 b
1 2 4 8 16 32 64 65 81 146 292 438 730 b
1 2 4 8 16 32 64 65 81 146 292 584 730 b
1 2 4 8 16 32 64 65 130 146 292 438 730 b
1 2 4 8 16 32 64 65 130 146 292 584 730 b
1 2 4 8 16 32 64 66 80 146 292 438 730 a
1 2 4 8 16 32 64 66 80 146 292 584 730 a
1 2 4 8 16 32 64 66 82 146 292 438 730 b
1 2 4 8 16 32 64 66 82 146 292 584 730 b
1 2 4 8 16 32 64 66 130 146 292 438 730 b
1 2 4 8 16 32 64 66 130 146 292 584 730 b
1 2 4 8 16 32 64 72 73 146 219 365 730 b
1 2 4 8 16 32 64 72 73 146 292 365 730 b
1 2 4 8 16 32 64 72 73 146 292 438 730 b
1 2 4 8 16 32 64 72 73 146 292 584 730 b
1 2 4 8 16 32 64 72 74 146 292 438 730 b
1 2 4 8 16 32 64 72 74 146 292 584 730 b
1 2 4 8 16 32 64 72 144 146 292 438 730 b
1 2 4 8 16 32 64 72 144 146 292 584 730 b
1 2 4 8 16 32 64 80 82 146 292 438 730 b
1 2 4 8 16 32 64 80 82 146 292 584 730 b
1 2 4 8 16 32 64 80 82 162 324 406 730 b
1 2 4 8 16 32 64 80 82 162 324 648 730 b
1 2 4 8 16 32 64 80 144 146 292 438 730 b
1 2 4 8 16 32 64 80 144 146 292 584 730 b
1 2 4 8 16 32 64 128 130 146 292 438 730 b
1 2 4 8 16 32 64 128 130 146 292 584 730 b
1 2 4 8 16 32 64 128 144 146 292 438 730 b
1 2 4 8 16 32 64 128 144 146 292 584 730 b
