1 2 3 5 10 15 30 45 90 180 360 375 735 b
1 2 3 5 10 15 30 45 90 180 360 720 735 b
1 2 3 5 10 15 30 60 90 180 360 375 735 b
1 2 3 5 10 15 30 60 90 180 360 720 735 b
1 2 3 5 10 15 30 60 120 125 245 490 735 b
1 2 3 5 10 15 30 60 120 180 360 375 735 b
1 2 3 5 10 15 30 60 120 180 360 720 735 b
1 2 3 5 10 15 30 60 120 240 245 490 735 b
1 2 3 5 10 15 30 60 120 240 255 480 735 a
1 2 3 5 10 15 30 60 120 240 255 495 735 b
1 2 3 5 10 15 30 60 120 240 360 375 735 b
1 2 3 5 10 15 30 60 120 240 360 720 735 b
1 2 3 5 10 15 30 60 120 240 480 495 735 b
1 2 3 5 10 15 30 60 120 240 480 720 735 b
1 2 3 5 10 20 30 60 120 125 245 490 735 b
1 2 3 5 10 20 30 60 120 240 245 490 735 b
1 2 3 5 10 20 40 60 120 125 245 490 735 b
1 2 3 5 10 20 40 60 120 240 245 490 735 b
1 2 3 5 10 20 40 80 83 163 326 409 735 b
1 2 3 5 10 20 40 80 83 163 326 652 735 b
1 2 3 5 10 20 40 80 85 160 245 490 735 a
1 2 3 5 10 20 40 80 85 165 245 490 735 b
1 2 3 5 10 20 40 80 120 125 245 490 735 b
1 2 3 5 10 20 40 80 120 240 245 490 735 b
1 2 3 5 10 20 40 80 160 165 245 490 735 b
1 2 3 5 10 20 40 80 160 240 245 490 735 b
1 2 3 6 9 15 30 45 90 180 360 375 735 b
1 2 3 6 9 15 30 45 90 180 360 720 735 b
1 2 3 6 9 15 30 60 90 180 360 375 735 b
1 2 3 6 9 15 30 60 90 180 360 720 735 b
1 2 3 6 9 15 30 60 120 180 360 375 735 b
1 2 3 6 9 15 30 60 120 180 360 720 735 b
1 2 3 6 9 15 30 60 120 240 255 480 735 a
1 2 3 6 9 15 30 60 120 240 255 495 735 b
1 2 3 6 9 15 30 60 120 240 360 375 735 b
1 2 3 6 9 15 30 60 120 240 360 720 735 b
1 2 3 6 9 15 30 60 120 240 480 495 735 b
1 2 3 6 9 15 30 60 120 240 480 720 735 b
1 2 3 6 9 18 36 72 75 147 294 441 735 b
1 2 3 6 9 18 36 72 75 147 294 588 735 b
1 2 3 6 9 18 36 72 144 147 294 441 735 b
1 2 3 6 9 18 36 72 144 147 294 588 735 b
1 2 3 6 12 15 30 45 90 180 360 375 735 b
1 2 3 6 12 15 30 45 90 180 360 720 735 b
1 2 3 6 12 15 30 60 90 180 360 375 735 b
1 2 3 6 12 15 30 60 90 180 360 720 735 b
1 2 3 6 12 15 30 60 120 180 360 375 735 b
1 2 3 6 12 15 30 60 120 180 360 720 735 b
1 2 3 6 12 15 30 60 120 240 255 480 735 a
1 2 3 6 12 15 30 60 120 240 255 495 735 b
1 2 3 6 12 15 30 60 120 240 360 375 735 b
1 2 3 6 12 15 30 60 120 240 360 720 735 b
1 2 3 6 12 15 30 60 120 240 480 495 735 b
1 2 3 6 12 15 30 60 120 240 480 720 735 b
1 2 3 6 12 18 36 72 75 147 294 441 735 b
1 2 3 6 12 18 36 72 75 147 294 588 735 b
1 2 3 6 12 18 36 72 144 147 294 441 735 b
1 2 3 6 12 18 36 72 144 147 294 588 735 b
1 2 3 6 12 24 25 49 98 147 245 490 735 b
1 2 3 6 12 24 25 49 98 147 294 441 735 b
1 2 3 6 12 24 25 49 98 147 294 588 735 b
1 2 3 6 12 24 25 49 98 196 245 490 735 b
1 2 3 6 12 24 36 72 75 147 294 441 735 b
1 2 3 6 12 24 36 72 75 147 294 588 735 b
1 2 3 6 12 24 36 72 144 147 294 441 735 b
1 2 3 6 12 24 36 72 144 147 294 588 735 b
1 2 3 6 12 24 48 49 98 147 245 490 735 b
1 2 3 6 12 24 48 49 98 147 294 441 735 b
1 2 3 6 12 24 48 49 98 147 294 588 735 b
1 2 3 6 12 24 48 49 98 196 245 490 735 b
1 2 3 6 12 24 48 51 96 147 294 441 735 a
1 2 3 6 12 24 48 51 96 147 294 588 735 a
1 2 3 6 12 24 48 51 99 147 294 441 735 b
1 2 3 6 12 24 48 51 99 147 294 588 735 b
1 2 3 6 12 24 48 72 75 147 294 441 735 b
1 2 3 6 12 24 48 72 75 147 294 588 735 b
1 2 3 6 12 24 48 72 144 147 294 441 735 b
1 2 3 6 12 24 48 72 144 147 294 588 735 b
1 2 3 6 12 24 48 96 99 147 294 441 735 b
1 2 3 6 12 24 48 96 99 147 294 588 735 b
1 2 3 6 12 24 48 96 144 147 294 441 735 b
1 2 3 6 12 24 48 96 144 147 294 588 735 b
1 2 4 5 9 18 36 72 144 149 293 442 735 b
1 2 4 5 9 18 36 72 144 149 293 586 735 b
1 2 4 5 10 15 30 45 90 180 360 375 735 b
1 2 4 5 10 15 30 45 90 180 360 720 735 b
1 2 4 5 10 15 30 60 90 180 360 375 735 b
1 2 4 5 10 15 30 60 90 180 360 720 735 b
1 2 4 5 10 15 30 60 120 125 245 490 735 b
1 2 4 5 10 15 30 60 120 180 360 375 735 b
1 2 4 5 10 15 30 60 120 180 360 720 735 b
1 2 4 5 10 15 30 60 120 240 245 490 735 b
1 2 4 5 10 15 30 60 120 240 255 480 735 a
1 2 4 5 10 15 30 60 120 240 255 495 735 b
1 2 4 5 10 15 30 60 120 240 360 375 735 b
1 2 4 5 10 15 30 60 120 240 360 720 735 b
1 2 4 5 10 15 30 60 120 240 480 495 735 b
1 2 4 5 10 15 30 60 120 240 480 720 735 b
1 2 4 5 10 20 30 60 120 125 245 490 735 b
1 2 4 5 10 20 30 60 120 240 245 490 735 b
1 2 4 5 10 20 40 60 120 125 245 490 735 b
1 2 4 5 10 20 40 60 120 240 245 490 735 b
1 2 4 5 10 20 40 80 85 160 245 490 735 a
1 2 4 5 10 20 40 80 85 165 245 490 735 b
1 2 4 5 10 20 40 80 120 125 245 490 735 b
1 2 4 5 10 20 40 80 120 240 245 490 735 b
1 2 4 5 10 20 40 80 160 165 245 490 735 b
1 2 4 5 10 20 40 80 160 240 245 490 735 b
1 2 4 6 12 24 25 49 98 147 245 490 735 b
1 2 4 6 12 24 25 49 98 147 294 441 735 b
1 2 4 6 12 24 25 49 98 147 294 588 735 b
1 2 4 6 12 24 25 49 98 196 245 490 735 b
1 2 4 6 12 24 48 49 98 147 245 490 735 b
1 2 4 6 12 24 48 49 98 147 294 441 735 b
1 2 4 6 12 24 48 49 98 147 294 588 735 b
1 2 4 6 12 24 48 49 98 196 245 490 735 b
1 2 4 8 12 24 25 49 98 147 245 490 735 b
1 2 4 8 12 24 25 49 98 147 294 441 735 b
1 2 4 8 12 24 25 49 98 147 294 588 735 b
1 2 4 8 12 24 25 49 98 196 245 490 735 b
1 2 4 8 12 24 48 49 98 147 245 490 735 b
1 2 4 8 12 24 48 49 98 147 294 441 735 b
1 2 4 8 12 24 48 49 98 147 294 588 735 b
1 2 4 8 12 24 48 49 98 196 245 490 735 b
1 2 4 8 16 17 32 49 98 147 245 490 735 a
1 2 4 8 16 17 32 49 98 147 294 441 735 a
1 2 4 8 16 17 32 49 98 147 294 588 735 a
1 2 4 8 16 17 32 49 98 196 245 490 735 a
1 2 4 8 16 17 33 49 98 147 245 490 735 b
1 2 4 8 16 17 33 49 98 147 294 441 735 b
1 2 4 8 16 17 33 49 98 147 294 588 735 b
1 2 4 8 16 17 33 49 98 196 245 490 735 b
1 2 4 8 16 24 25 49 98 147 245 490 735 b
1 2 4 8 16 24 25 49 98 147 294 441 735 b
1 2 4 8 16 24 25 49 98 147 294 588 735 b
1 2 4 8 16 24 25 49 98 196 245 490 735 b
1 2 4 8 16 24 48 49 98 147 245 490 735 b
1 2 4 8 16 24 48 49 98 147 294 441 735 b
1 2 4 8 16 24 48 49 98 147 294 588 735 b
1 2 4 8 16 24 48 49 98 196 245 490 735 b
1 2 4 8 16 32 33 49 98 147 245 490 735 b
1 2 4 8 16 32 33 49 98 147 294 441 735 b
1 2 4 8 16 32 33 49 98 147 294 588 735 b
1 2 4 8 16 32 33 49 98 196 245 490 735 b
1 2 4 8 16 32 48 49 98 147 245 490 735 b
1 2 4 8 16 32 48 49 98 147 294 441 735 b
1 2 4 8 16 32 48 49 98 147 294 588 735 b
1 2 4 8 16 32 48 49 98 196 245 490 735 b
