1 2 3 4 7 11 22 44 88 99 187 374 748 b
1 2 3 4 7 11 22 44 88 176 187 374 748 b
1 2 3 4 7 11 22 44 88 176 198 374 748 b
1 2 3 4 7 11 22 44 88 176 352 374 748 b
1 2 3 4 7 11 22 44 88 176 352 396 748 b
1 2 3 4 7 11 22 44 88 176 352 704 748 b
1 2 3 4 8 11 22 44 88 99 187 374 748 b
1 2 3 4 8 11 22 44 88 176 187 374 748 b
1 2 3 4 8 11 22 44 88 176 198 374 748 b
1 2 3 4 8 11 22 44 88 176 352 374 748 b
1 2 3 4 8 11 22 44 88 176 352 396 748 b
1 2 3 4 8 11 22 44 88 176 352 704 748 b
1 2 3 5 6 11 22 44 88 99 187 374 748 b
1 2 3 5 6 11 22 44 88 176 187 374 748 b
1 2 3 5 6 11 22 44 88 176 198 374 748 b
1 2 3 5 6 11 22 44 88 176 352 374 748 b
1 2 3 5 6 11 22 44 88 176 352 396 748 b
1 2 3 5 6 11 22 44 88 176 352 704 748 b
1 2 3 5 8 11 22 44 88 99 187 374 748 b
1 2 3 5 8 11 22 44 88 176 187 374 748 b
1 2 3 5 8 11 22 44 88 176 198 374 748 b
1 2 3 5 8 11 22 44 88 176 352 374 748 b
1 2 3 5 8 11 22 44 88 176 352 396 748 b
1 2 3 5 8 11 22 44 88 176 352 704 748 b
1 2 3 5 10 11 22 44 88 99 187 374 748 b
1 2 3 5 10 11 22 44 88 176 187 374 748 b
1 2 3 5 10 11 22 44 88 176 198 374 748 b
1 2 3 5 10 11 22 44 88 176 352 374 748 b
1 2 3 5 10 11 22 44 88 176 352 396 748 b
1 2 3 5 10 11 22 44 88 176 352 704 748 b
1 2 3 5 10 12 22 44 88 176 198 374 748 b
1 2 3 5 10 12 22 44 88 176 352 374 748 b
1 2 3 5 10 12 22 44 88 176 352 396 748 b
1 2 3 5 10 12 22 44 88 176 352 704 748 b
1 2 3 5 10 13 23 46 92 95 187 374 748 b
1 2 3 5 10 13 23 46 92 184 187 374 748 b
1 2 3 5 10 20 22 44 88 176 198 374 748 b
1 2 3 5 10 20 22 44 88 176 352 374 748 b
1 2 3 5 10 20 22 44 88 176 352 396 748 b
1 2 3 5 10 20 22 44 88 176 352 704 748 b
1 2 3 5 10 20 23 46 92 95 187 374 748 b
1 2 3 5 10 20 23 46 92 184 187 374 748 b
1 2 3 6 8 11 22 44 88 99 187 374 748 b
1 2 3 6 8 11 22 44 88 176 187 374 748 b
1 2 3 6 8 11 22 44 88 176 198 374 748 b
1 2 3 6 8 11 22 44 88 176 352 374 748 b
1 2 3 6 8 11 22 44 88 176 352 396 748 b
1 2 3 6 8 11 22 44 88 176 352 704 748 b
1 2 3 6 8 14 22 44 88 176 198 374 748 b
1 2 3 6 8 14 22 44 88 176 352 374 748 b
1 2 3 6 8 14 22 44 88 176 352 396 748 b
1 2 3 6 8 14 22 44 88 176 352 704 748 b
1 2 3 6 8 16 22 44 88 176 198 374 748 b
1 2 3 6 8 16 22 44 88 176 352 374 748 b
1 2 3 6 8 16 22 44 88 176 352 396 748 b
1 2 3 6 8 16 22 44 88 176 352 704 748 b
1 2 3 6 9 11 22 44 88 99 187 374 748 b
1 2 3 6 9 11 22 44 88 176 187 374 748 b
1 2 3 6 9 11 22 44 88 176 198 374 748 b
1 2 3 6 9 11 22 44 88 176 352 374 748 b
1 2 3 6 9 11 22 44 88 176 352 396 748 b
1 2 3 6 9 11 22 44 88 176 352 704 748 b
1 2 4 5 6 11 22 44 88 99 187 374 748 b
1 2 4 5 6 11 22 44 88 176 187 374 748 b
1 2 4 5 6 11 22 44 88 176 198 374 748 b
1 2 4 5 6 11 22 44 88 176 352 374 748 b
1 2 4 5 6 11 22 44 88 176 352 396 748 b
1 2 4 5 6 11 22 44 88 176 352 704 748 b
1 2 4 5 7 11 22 44 88 99 187 374 748 b
1 2 4 5 7 11 22 44 88 176 187 374 748 b
1 2 4 5 7 11 22 44 88 176 198 374 748 b
1 2 4 5 7 11 22 44 88 176 352 374 748 b
1 2 4 5 7 11 22 44 88 176 352 396 748 b
1 2 4 5 7 11 22 44 88 176 352 704 748 b
1 2 4 5 9 11 22 44 88 99 187 374 748 b
1 2 4 5 9 11 22 44 88 176 187 374 748 b
1 2 4 5 9 11 22 44 88 176 198 374 748 b
1 2 4 5 9 11 22 44 88 176 352 374 748 b
1 2 4 5 9 11 22 44 88 176 352 396 748 b
1 2 4 5 9 11 22 44 88 176 352 704 748 b
1 2 4 5 9 13 22 44 88 176 198 374 748 b
1 2 4 5 9 13 22 44 88 176 352 374 748 b
1 2 4 5 9 13 22 44 88 176 352 396 748 b
1 2 4 5 9 13 22 44 88 176 352 704 748 b
1 2 4 5 9 18 22 44 88 176 198 374 748 b
1 2 4 5 9 18 22 44 88 176 352 374 748 b
1 2 4 5 9 18 22 44 88 176 352 396 748 b
1 2 4 5 9 18 22 44 88 176 352 704 748 b
1 2 4 5 9 18 23 41 82 105 187 374 748 b
1 2 4 5 9 18 23 41 82 164 187 374 748 b
1 2 4 5 10 11 22 44 88 99 187 374 748 b
1 2 4 5 10 11 22 44 88 176 187 374 748 b
1 2 4 5 10 11 22 44 88 176 198 374 748 b
1 2 4 5 10 11 22 44 88 176 352 374 748 b
1 2 4 5 10 11 22 44 88 176 352 396 748 b
1 2 4 5 10 11 22 44 88 176 352 704 748 b
1 2 4 5 10 12 22 44 88 176 198 374 748 b
1 2 4 5 10 12 22 44 88 176 352 374 748 b
1 2 4 5 10 12 22 44 88 176 352 396 748 b
1 2 4 5 10 12 22 44 88 176 352 704 748 b
1 2 4 5 10 20 22 44 88 176 198 374 748 b
1 2 4 5 10 20 22 44 88 176 352 374 748 b
1 2 4 5 10 20 22 44 88 176 352 396 748 b
1 2 4 5 10 20 22 44 88 176 352 704 748 b
1 2 4 5 10 20 24 44 88 176 352 396 748 b
1 2 4 5 10 20 24 44 88 176 352 704 748 b
1 2 4 5 10 20 40 44 88 176 352 396 748 b
1 2 4 5 10 20 40 44 88 176 352 704 748 b
1 2 4 6 7 11 22 44 88 99 187 374 748 b
1 2 4 6 7 11 22 44 88 176 187 374 748 b
1 2 4 6 7 11 22 44 88 176 198 374 748 b
1 2 4 6 7 11 22 44 88 176 352 374 748 b
1 2 4 6 7 11 22 44 88 176 352 396 748 b
1 2 4 6 7 11 22 44 88 176 352 704 748 b
1 2 4 6 8 14 22 44 88 176 198 374 748 b
1 2 4 6 8 14 22 44 88 176 352 374 748 b
1 2 4 6 8 14 22 44 88 176 352 396 748 b
1 2 4 6 8 14 22 44 88 176 352 704 748 b
1 2 4 6 8 16 22 44 88 176 198 374 748 b
1 2 4 6 8 16 22 44 88 176 352 374 748 b
1 2 4 6 8 16 22 44 88 176 352 396 748 b
1 2 4 6 8 16 22 44 88 176 352 704 748 b
1 2 4 6 10 11 22 44 88 99 187 374 748 b
1 2 4 6 10 11 22 44 88 176 187 374 748 b
1 2 4 6 10 11 22 44 88 176 198 374 748 b
1 2 4 6 10 11 22 44 88 176 352 374 748 b
1 2 4 6 10 11 22 44 88 176 352 396 748 b
1 2 4 6 10 11 22 44 88 176 352 704 748 b
1 2 4 6 10 12 22 44 88 176 198 374 748 b
1 2 4 6 10 12 22 44 88 176 352 374 748 b
1 2 4 6 10 12 22 44 88 176 352 396 748 b
1 2 4 6 10 12 22 44 88 176 352 704 748 b
1 2 4 6 10 16 22 44 88 176 198 374 748 b
1 2 4 6 10 16 22 44 88 176 352 374 748 b
1 2 4 6 10 16 22 44 88 176 352 396 748 b
1 2 4 6 10 16 22 44 88 176 352 704 748 b
1 2 4 6 10 20 22 44 88 176 198 374 748 b
1 2 4 6 10 20 22 44 88 176 352 374 748 b
1 2 4 6 10 20 22 44 88 176 352 396 748 b
1 2 4 6 10 20 22 44 88 176 352 704 748 b
1 2 4 6 10 20 24 44 88 176 352 396 748 b
1 2 4 6 10 20 24 44 88 176 352 704 748 b
1 2 4 6 10 20 26 46 92 184 190 374 748 b
1 2 4 6 10 20 26 46 92 184 368 374 748 b
1 2 4 6 10 20 40 44 88 176 352 396 748 b
1 2 4 6 10 20 40 44 88 176 352 704 748 b
1 2 4 6 10 20 40 46 92 184 190 374 748 b
1 2 4 6 10 20 40 46 92 184 368 374 748 b
1 2 4 6 12 16 22 44 88 176 198 374 748 b
1 2 4 6 12 16 22 44 88 176 352 374 748 b
1 2 4 6 12 16 22 44 88 176 352 396 748 b
1 2 4 6 12 16 22 44 88 176 352 704 748 b
1 2 4 6 12 16 28 44 88 176 352 396 748 b
1 2 4 6 12 16 28 44 88 176 352 704 748 b
1 2 4 6 12 16 32 44 88 176 352 396 748 b
1 2 4 6 12 16 32 44 88 176 352 704 748 b
1 2 4 6 12 18 22 44 88 176 198 374 748 b
1 2 4 6 12 18 22 44 88 176 352 374 748 b
1 2 4 6 12 18 22 44 88 176 352 396 748 b
1 2 4 6 12 18 22 44 88 176 352 704 748 b
1 2 4 8 9 11 22 44 88 99 187 374 748 b
1 2 4 8 9 11 22 44 88 176 187 374 748 b
1 2 4 8 9 11 22 44 88 176 198 374 748 b
1 2 4 8 9 11 22 44 88 176 352 374 748 b
1 2 4 8 9 11 22 44 88 176 352 396 748 b
1 2 4 8 9 11 22 44 88 176 352 704 748 b
1 2 4 8 9 13 22 44 88 176 198 374 748 b
1 2 4 8 9 13 22 44 88 176 352 374 748 b
1 2 4 8 9 13 22 44 88 176 352 396 748 b
1 2 4 8 9 13 22 44 88 176 352 704 748 b
1 2 4 8 9 16 32 41 73 114 187 374 748 a
1 2 4 8 9 16 32 41 73 146 187 374 748 a
1 2 4 8 9 17 34 51 68 119 187 374 748 b
1 2 4 8 9 17 34 51 68 136 187 374 748 b
1 2 4 8 9 17 34 51 85 102 187 374 748 b
1 2 4 8 9 17 34 51 85 136 187 374 748 b
1 2 4 8 9 17 34 51 85 170 187 374 748 b
1 2 4 8 9 17 34 51 85 170 204 374 748 b
1 2 4 8 9 17 34 51 85 170 340 374 748 b
1 2 4 8 9 17 34 51 102 136 187 374 748 b
1 2 4 8 9 17 34 51 102 136 238 374 748 b
1 2 4 8 9 17 34 51 102 136 272 374 748 b
1 2 4 8 9 17 34 51 102 153 187 374 748 b
1 2 4 8 9 17 34 68 85 102 187 374 748 b
1 2 4 8 9 17 34 68 85 119 187 374 748 b
1 2 4 8 9 17 34 68 85 153 187 374 748 b
1 2 4 8 9 17 34 68 85 153 221 374 748 b
1 2 4 8 9 17 34 68 85 153 306 374 748 b
1 2 4 8 9 17 34 68 85 170 187 374 748 b
1 2 4 8 9 17 34 68 85 170 204 374 748 b
1 2 4 8 9 17 34 68 85 170 340 374 748 b
1 2 4 8 9 17 34 68 85 170 340 408 748 b
1 2 4 8 9 17 34 68 85 170 340 680 748 b
1 2 4 8 9 17 34 68 102 119 187 374 748 b
1 2 4 8 9 17 34 68 102 136 238 374 748 b
1 2 4 8 9 17 34 68 102 136 272 374 748 b
1 2 4 8 9 17 34 68 102 170 187 374 748 b
1 2 4 8 9 17 34 68 102 170 204 374 748 b
1 2 4 8 9 17 34 68 102 170 272 374 748 b
1 2 4 8 9 17 34 68 102 170 340 374 748 b
1 2 4 8 9 17 34 68 102 170 340 408 748 b
1 2 4 8 9 17 34 68 102 170 340 680 748 b
1 2 4 8 9 17 34 68 102 204 272 374 748 b
1 2 4 8 9 17 34 68 102 204 272 476 748 b
1 2 4 8 9 17 34 68 102 204 272 544 748 b
1 2 4 8 9 17 34 68 102 204 306 374 748 b
1 2 4 8 9 17 34 68 136 153 187 374 748 b
1 2 4 8 9 17 34 68 136 153 221 374 748 b
1 2 4 8 9 17 34 68 136 153 306 374 748 b
1 2 4 8 9 17 34 68 136 153 306 442 748 b
1 2 4 8 9 17 34 68 136 153 306 612 748 b
1 2 4 8 9 17 34 68 136 170 187 374 748 b
1 2 4 8 9 17 34 68 136 170 204 374 748 b
1 2 4 8 9 17 34 68 136 170 238 374 748 b
1 2 4 8 9 17 34 68 136 170 306 374 748 b
1 2 4 8 9 17 34 68 136 170 306 442 748 b
1 2 4 8 9 17 34 68 136 170 306 612 748 b
1 2 4 8 9 17 34 68 136 170 340 374 748 b
1 2 4 8 9 17 34 68 136 170 340 408 748 b
1 2 4 8 9 17 34 68 136 170 340 680 748 b
1 2 4 8 9 17 34 68 136 204 238 374 748 b
1 2 4 8 9 17 34 68 136 204 272 476 748 b
1 2 4 8 9 17 34 68 136 204 272 544 748 b
1 2 4 8 9 17 34 68 136 204 340 374 748 b
1 2 4 8 9 17 34 68 136 204 340 408 748 b
1 2 4 8 9 17 34 68 136 204 340 544 748 b
1 2 4 8 9 17 34 68 136 204 340 680 748 b
1 2 4 8 9 17 34 68 136 204 408 544 748 b
1 2 4 8 9 17 34 68 136 204 408 612 748 b
1 2 4 8 9 17 34 68 136 272 306 374 748 b
1 2 4 8 9 17 34 68 136 272 306 442 748 b
1 2 4 8 9 17 34 68 136 272 306 612 748 b
1 2 4 8 9 17 34 68 136 272 340 374 748 b
1 2 4 8 9 17 34 68 136 272 340 408 748 b
1 2 4 8 9 17 34 68 136 272 340 476 748 b
1 2 4 8 9 17 34 68 136 272 340 612 748 b
1 2 4 8 9 17 34 68 136 272 340 680 748 b
1 2 4 8 9 17 34 68 136 272 408 476 748 b
1 2 4 8 9 17 34 68 136 272 408 680 748 b
1 2 4 8 9 17 34 68 136 272 544 612 748 b
1 2 4 8 9 17 34 68 136 272 544 680 748 b
1 2 4 8 9 18 22 44 88 176 198 374 748 b
1 2 4 8 9 18 22 44 88 176 352 374 748 b
1 2 4 8 9 18 22 44 88 176 352 396 748 b
1 2 4 8 9 18 22 44 88 176 352 704 748 b
1 2 4 8 9 18 26 44 88 176 352 396 748 b
1 2 4 8 9 18 26 44 88 176 352 704 748 b
1 2 4 8 9 18 36 44 88 176 352 396 748 b
1 2 4 8 9 18 36 44 88 176 352 704 748 b
1 2 4 8 10 11 22 44 88 99 187 374 748 b
1 2 4 8 10 11 22 44 88 176 187 374 748 b
1 2 4 8 10 11 22 44 88 176 198 374 748 b
1 2 4 8 10 11 22 44 88 176 352 374 748 b
1 2 4 8 10 11 22 44 88 176 352 396 748 b
1 2 4 8 10 11 22 44 88 176 352 704 748 b
1 2 4 8 10 12 22 44 88 176 198 374 748 b
1 2 4 8 10 12 22 44 88 176 352 374 748 b
1 2 4 8 10 12 22 44 88 176 352 396 748 b
1 2 4 8 10 12 22 44 88 176 352 704 748 b
1 2 4 8 10 14 22 44 88 176 198 374 748 b
1 2 4 8 10 14 22 44 88 176 352 374 748 b
1 2 4 8 10 14 22 44 88 176 352 396 748 b
1 2 4 8 10 14 22 44 88 176 352 704 748 b
1 2 4 8 10 18 22 44 88 176 198 374 748 b
1 2 4 8 10 18 22 44 88 176 352 374 748 b
1 2 4 8 10 18 22 44 88 176 352 396 748 b
1 2 4 8 10 18 22 44 88 176 352 704 748 b
1 2 4 8 10 18 26 44 88 176 352 396 748 b
1 2 4 8 10 18 26 44 88 176 352 704 748 b
1 2 4 8 10 18 36 44 88 176 352 396 748 b
1 2 4 8 10 18 36 44 88 176 352 704 748 b
1 2 4 8 10 18 36 46 82 164 210 374 748 b
1 2 4 8 10 18 36 46 82 164 328 374 748 b
1 2 4 8 10 20 22 44 88 176 198 374 748 b
1 2 4 8 10 20 22 44 88 176 352 374 748 b
1 2 4 8 10 20 22 44 88 176 352 396 748 b
1 2 4 8 10 20 22 44 88 176 352 704 748 b
1 2 4 8 10 20 24 44 88 176 352 396 748 b
1 2 4 8 10 20 24 44 88 176 352 704 748 b
1 2 4 8 10 20 40 44 88 176 352 396 748 b
1 2 4 8 10 20 40 44 88 176 352 704 748 b
1 2 4 8 12 14 22 44 88 176 198 374 748 b
1 2 4 8 12 14 22 44 88 176 352 374 748 b
1 2 4 8 12 14 22 44 88 176 352 396 748 b
1 2 4 8 12 14 22 44 88 176 352 704 748 b
1 2 4 8 12 16 28 44 88 176 352 396 748 b
1 2 4 8 12 16 28 44 88 176 352 704 748 b
1 2 4 8 12 16 32 44 88 176 352 396 748 b
1 2 4 8 12 16 32 44 88 176 352 704 748 b
1 2 4 8 12 20 22 44 88 176 198 374 748 b
1 2 4 8 12 20 22 44 88 176 352 374 748 b
1 2 4 8 12 20 22 44 88 176 352 396 748 b
1 2 4 8 12 20 22 44 88 176 352 704 748 b
1 2 4 8 12 20 24 44 88 176 352 396 748 b
1 2 4 8 12 20 24 44 88 176 352 704 748 b
1 2 4 8 12 20 32 44 88 176 352 396 748 b
1 2 4 8 12 20 32 44 88 176 352 704 748 b
1 2 4 8 12 20 40 44 88 176 352 396 748 b
1 2 4 8 12 20 40 44 88 176 352 704 748 b
1 2 4 8 12 20 40 52 92 184 368 380 748 b
1 2 4 8 12 20 40 52 92 184 368 736 748 b
1 2 4 8 12 20 40 80 92 184 368 380 748 b
1 2 4 8 12 20 40 80 92 184 368 736 748 b
1 2 4 8 12 24 32 44 88 176 352 396 748 b
1 2 4 8 12 24 32 44 88 176 352 704 748 b
1 2 4 8 12 24 36 44 88 176 352 396 748 b
1 2 4 8 12 24 36 44 88 176 352 704 748 b
1 2 4 8 16 17 34 51 68 119 187 374 748 b
1 2 4 8 16 17 34 51 68 136 187 374 748 b
1 2 4 8 16 17 34 51 85 102 187 374 748 b
1 2 4 8 16 17 34 51 85 136 187 374 748 b
1 2 4 8 16 17 34 51 85 170 187 374 748 b
1 2 4 8 16 17 34 51 85 170 204 374 748 b
1 2 4 8 16 17 34 51 85 170 340 374 748 b
1 2 4 8 16 17 34 51 102 136 187 374 748 b
1 2 4 8 16 17 34 51 102 136 238 374 748 b
1 2 4 8 16 17 34 51 102 136 272 374 748 b
1 2 4 8 16 17 34 51 102 153 187 374 748 b
1 2 4 8 16 17 34 68 85 102 187 374 748 b
1 2 4 8 16 17 34 68 85 119 187 374 748 b
1 2 4 8 16 17 34 68 85 153 187 374 748 b
1 2 4 8 16 17 34 68 85 153 221 374 748 b
1 2 4 8 16 17 34 68 85 153 306 374 748 b
1 2 4 8 16 17 34 68 85 170 187 374 748 b
1 2 4 8 16 17 34 68 85 170 204 374 748 b
1 2 4 8 16 17 34 68 85 170 340 374 748 b
1 2 4 8 16 17 34 68 85 170 340 408 748 b
1 2 4 8 16 17 34 68 85 170 340 680 748 b
1 2 4 8 16 17 34 68 102 119 187 374 748 b
1 2 4 8 16 17 34 68 102 136 238 374 748 b
1 2 4 8 16 17 34 68 102 136 272 374 748 b
1 2 4 8 16 17 34 68 102 170 187 374 748 b
1 2 4 8 16 17 34 68 102 170 204 374 748 b
1 2 4 8 16 17 34 68 102 170 272 374 748 b
1 2 4 8 16 17 34 68 102 170 340 374 748 b
1 2 4 8 16 17 34 68 102 170 340 408 748 b
1 2 4 8 16 17 34 68 102 170 340 680 748 b
1 2 4 8 16 17 34 68 102 204 272 374 748 b
1 2 4 8 16 17 34 68 102 204 272 476 748 b
1 2 4 8 16 17 34 68 102 204 272 544 748 b
1 2 4 8 16 17 34 68 102 204 306 374 748 b
1 2 4 8 16 17 34 68 136 153 187 374 748 b
1 2 4 8 16 17 34 68 136 153 221 374 748 b
1 2 4 8 16 17 34 68 136 153 306 374 748 b
1 2 4 8 16 17 34 68 136 153 306 442 748 b
1 2 4 8 16 17 34 68 136 153 306 612 748 b
1 2 4 8 16 17 34 68 136 170 187 374 748 b
1 2 4 8 16 17 34 68 136 170 204 374 748 b
1 2 4 8 16 17 34 68 136 170 238 374 748 b
1 2 4 8 16 17 34 68 136 170 306 374 748 b
1 2 4 8 16 17 34 68 136 170 306 442 748 b
1 2 4 8 16 17 34 68 136 170 306 612 748 b
1 2 4 8 16 17 34 68 136 170 340 374 748 b
1 2 4 8 16 17 34 68 136 170 340 408 748 b
1 2 4 8 16 17 34 68 136 170 340 680 748 b
1 2 4 8 16 17 34 68 136 204 238 374 748 b
1 2 4 8 16 17 34 68 136 204 272 476 748 b
1 2 4 8 16 17 34 68 136 204 272 544 748 b
1 2 4 8 16 17 34 68 136 204 340 374 748 b
1 2 4 8 16 17 34 68 136 204 340 408 748 b
1 2 4 8 16 17 34 68 136 204 340 544 748 b
1 2 4 8 16 17 34 68 136 204 340 680 748 b
1 2 4 8 16 17 34 68 136 204 408 544 748 b
1 2 4 8 16 17 34 68 136 204 408 612 748 b
1 2 4 8 16 17 34 68 136 272 306 374 748 b
1 2 4 8 16 17 34 68 136 272 306 442 748 b
1 2 4 8 16 17 34 68 136 272 306 612 748 b
1 2 4 8 16 17 34 68 136 272 340 374 748 b
1 2 4 8 16 17 34 68 136 272 340 408 748 b
1 2 4 8 16 17 34 68 136 272 340 476 748 b
1 2 4 8 16 17 34 68 136 272 340 612 748 b
1 2 4 8 16 17 34 68 136 272 340 680 748 b
1 2 4 8 16 17 34 68 136 272 408 476 748 b
1 2 4 8 16 17 34 68 136 272 408 680 748 b
1 2 4 8 16 17 34 68 136 272 544 612 748 b
1 2 4 8 16 17 34 68 136 272 544 680 748 b
1 2 4 8 16 18 22 44 88 176 198 374 748 b
1 2 4 8 16 18 22 44 88 176 352 374 748 b
1 2 4 8 16 18 22 44 88 176 352 396 748 b
1 2 4 8 16 18 22 44 88 176 352 704 748 b
1 2 4 8 16 18 26 44 88 176 352 396 748 b
1 2 4 8 16 18 26 44 88 176 352 704 748 b
1 2 4 8 16 18 32 64 82 146 228 374 748 a
1 2 4 8 16 18 32 64 82 146 292 374 748 a
1 2 4 8 16 18 34 68 102 136 238 374 748 b
1 2 4 8 16 18 34 68 102 136 272 374 748 b
1 2 4 8 16 18 34 68 102 170 204 374 748 b
1 2 4 8 16 18 34 68 102 170 272 374 748 b
1 2 4 8 16 18 34 68 102 170 340 374 748 b
1 2 4 8 16 18 34 68 102 170 340 408 748 b
1 2 4 8 16 18 34 68 102 170 340 680 748 b
1 2 4 8 16 18 34 68 102 204 272 374 748 b
1 2 4 8 16 18 34 68 102 204 272 476 748 b
1 2 4 8 16 18 34 68 102 204 272 544 748 b
1 2 4 8 16 18 34 68 102 204 306 374 748 b
1 2 4 8 16 18 34 68 136 170 204 374 748 b
1 2 4 8 16 18 34 68 136 170 238 374 748 b
1 2 4 8 16 18 34 68 136 170 306 374 748 b
1 2 4 8 16 18 34 68 136 170 306 442 748 b
1 2 4 8 16 18 34 68 136 170 306 612 748 b
1 2 4 8 16 18 34 68 136 170 340 374 748 b
1 2 4 8 16 18 34 68 136 170 340 408 748 b
1 2 4 8 16 18 34 68 136 170 340 680 748 b
1 2 4 8 16 18 34 68 136 204 238 374 748 b
1 2 4 8 16 18 34 68 136 204 272 476 748 b
1 2 4 8 16 18 34 68 136 204 272 544 748 b
1 2 4 8 16 18 34 68 136 204 340 374 748 b
1 2 4 8 16 18 34 68 136 204 340 408 748 b
1 2 4 8 16 18 34 68 136 204 340 544 748 b
1 2 4 8 16 18 34 68 136 204 340 680 748 b
1 2 4 8 16 18 34 68 136 204 408 544 748 b
1 2 4 8 16 18 34 68 136 204 408 612 748 b
1 2 4 8 16 18 34 68 136 272 306 374 748 b
1 2 4 8 16 18 34 68 136 272 306 442 748 b
1 2 4 8 16 18 34 68 136 272 306 612 748 b
1 2 4 8 16 18 34 68 136 272 340 374 748 b
1 2 4 8 16 18 34 68 136 272 340 408 748 b
1 2 4 8 16 18 34 68 136 272 340 476 748 b
1 2 4 8 16 18 34 68 136 272 340 612 748 b
1 2 4 8 16 18 34 68 136 272 340 680 748 b
1 2 4 8 16 18 34 68 136 272 408 476 748 b
1 2 4 8 16 18 34 68 136 272 408 680 748 b
1 2 4 8 16 18 34 68 136 272 544 612 748 b
1 2 4 8 16 18 34 68 136 272 544 680 748 b
1 2 4 8 16 18 36 44 88 176 352 396 748 b
1 2 4 8 16 18 36 44 88 176 352 704 748 b
1 2 4 8 16 20 22 44 88 176 198 374 748 b
1 2 4 8 16 20 22 44 88 176 352 374 748 b
1 2 4 8 16 20 22 44 88 176 352 396 748 b
1 2 4 8 16 20 22 44 88 176 352 704 748 b
1 2 4 8 16 20 24 44 88 176 352 396 748 b
1 2 4 8 16 20 24 44 88 176 352 704 748 b
1 2 4 8 16 20 28 44 88 176 352 396 748 b
1 2 4 8 16 20 28 44 88 176 352 704 748 b
1 2 4 8 16 20 36 44 88 176 352 396 748 b
1 2 4 8 16 20 36 44 88 176 352 704 748 b
1 2 4 8 16 20 36 72 92 164 328 420 748 b
1 2 4 8 16 20 36 72 92 164 328 656 748 b
1 2 4 8 16 20 40 44 88 176 352 396 748 b
1 2 4 8 16 20 40 44 88 176 352 704 748 b
1 2 4 8 16 24 28 44 88 176 352 396 748 b
1 2 4 8 16 24 28 44 88 176 352 704 748 b
1 2 4 8 16 24 40 44 88 176 352 396 748 b
1 2 4 8 16 24 40 44 88 176 352 704 748 b
1 2 4 8 16 32 33 41 73 114 187 374 748 b
1 2 4 8 16 32 33 41 73 146 187 374 748 b
1 2 4 8 16 32 34 68 102 136 238 374 748 b
1 2 4 8 16 32 34 68 102 136 272 374 748 b
1 2 4 8 16 32 34 68 102 170 204 374 748 b
1 2 4 8 16 32 34 68 102 170 272 374 748 b
1 2 4 8 16 32 34 68 102 170 340 374 748 b
1 2 4 8 16 32 34 68 102 170 340 408 748 b
1 2 4 8 16 32 34 68 102 170 340 680 748 b
1 2 4 8 16 32 34 68 102 204 272 374 748 b
1 2 4 8 16 32 34 68 102 204 272 476 748 b
1 2 4 8 16 32 34 68 102 204 272 544 748 b
1 2 4 8 16 32 34 68 102 204 306 374 748 b
1 2 4 8 16 32 34 68 136 170 204 374 748 b
1 2 4 8 16 32 34 68 136 170 238 374 748 b
1 2 4 8 16 32 34 68 136 170 306 374 748 b
1 2 4 8 16 32 34 68 136 170 306 442 748 b
1 2 4 8 16 32 34 68 136 170 306 612 748 b
1 2 4 8 16 32 34 68 136 170 340 374 748 b
1 2 4 8 16 32 34 68 136 170 340 408 748 b
1 2 4 8 16 32 34 68 136 170 340 680 748 b
1 2 4 8 16 32 34 68 136 204 238 374 748 b
1 2 4 8 16 32 34 68 136 204 272 476 748 b
1 2 4 8 16 32 34 68 136 204 272 544 748 b
1 2 4 8 16 32 34 68 136 204 340 374 748 b
1 2 4 8 16 32 34 68 136 204 340 408 748 b
1 2 4 8 16 32 34 68 136 204 340 544 748 b
1 2 4 8 16 32 34 68 136 204 340 680 748 b
1 2 4 8 16 32 34 68 136 204 408 544 748 b
1 2 4 8 16 32 34 68 136 204 408 612 748 b
1 2 4 8 16 32 34 68 136 272 306 374 748 b
1 2 4 8 16 32 34 68 136 272 306 442 748 b
1 2 4 8 16 32 34 68 136 272 306 612 748 b
1 2 4 8 16 32 34 68 136 272 340 374 748 b
1 2 4 8 16 32 34 68 136 272 340 408 748 b
1 2 4 8 16 32 34 68 136 272 340 476 748 b
1 2 4 8 16 32 34 68 136 272 340 612 748 b
1 2 4 8 16 32 34 68 136 272 340 680 748 b
1 2 4 8 16 32 34 68 136 272 408 476 748 b
1 2 4 8 16 32 34 68 136 272 408 680 748 b
1 2 4 8 16 32 34 68 136 272 544 612 748 b
1 2 4 8 16 32 34 68 136 272 544 680 748 b
1 2 4 8 16 32 36 44 88 176 352 396 748 b
1 2 4 8 16 32 36 44 88 176 352 704 748 b
1 2 4 8 16 32 36 64 128 164 292 456 748 a
1 2 4 8 16 32 36 64 128 164 292 584 748 a
1 2 4 8 16 32 36 68 136 204 272 476 748 b
1 2 4 8 16 32 36 68 136 204 272 544 748 b
1 2 4 8 16 32 36 68 136 204 340 408 748 b
1 2 4 8 16 32 36 68 136 204 340 544 748 b
1 2 4 8 16 32 36 68 136 204 340 680 748 b
1 2 4 8 16 32 36 68 136 204 408 544 748 b
1 2 4 8 16 32 36 68 136 204 408 612 748 b
1 2 4 8 16 32 36 68 136 272 340 408 748 b
1 2 4 8 16 32 36 68 136 272 340 476 748 b
1 2 4 8 16 32 36 68 136 272 340 612 748 b
1 2 4 8 16 32 36 68 136 272 340 680 748 b
1 2 4 8 16 32 36 68 136 272 408 476 748 b
1 2 4 8 16 32 36 68 136 272 408 680 748 b
1 2 4 8 16 32 36 68 136 272 544 612 748 b
1 2 4 8 16 32 36 68 136 272 544 680 748 b
1 2 4 8 16 32 40 41 73 114 187 374 748 b
1 2 4 8 16 32 40 41 73 146 187 374 748 b
1 2 4 8 16 32 40 44 88 176 352 396 748 b
1 2 4 8 16 32 40 44 88 176 352 704 748 b
1 2 4 8 16 32 64 66 82 146 228 374 748 b
1 2 4 8 16 32 64 66 82 146 292 374 748 b
1 2 4 8 16 32 64 68 136 204 272 476 748 b
1 2 4 8 16 32 64 68 136 204 272 544 748 b
1 2 4 8 16 32 64 68 136 204 340 408 748 b
1 2 4 8 16 32 64 68 136 204 340 544 748 b
1 2 4 8 16 32 64 68 136 204 340 680 748 b
1 2 4 8 16 32 64 68 136 204 408 544 748 b
1 2 4 8 16 32 64 68 136 204 408 612 748 b
1 2 4 8 16 32 64 68 136 272 340 408 748 b
1 2 4 8 16 32 64 68 136 272 340 476 748 b
1 2 4 8 16 32 64 68 136 272 340 612 748 b
1 2 4 8 16 32 64 68 136 272 340 680 748 b
1 2 4 8 16 32 64 68 136 272 408 476 748 b
1 2 4 8 16 32 64 68 136 272 408 680 748 b
1 2 4 8 16 32 64 68 136 272 544 612 748 b
1 2 4 8 16 32 64 68 136 272 544 680 748 b
1 2 4 8 16 32 64 80 82 146 228 374 748 b
1 2 4 8 16 32 64 80 82 146 292 374 748 b
1 2 4 8 16 32 64 128 132 164 292 456 748 b
1 2 4 8 16 32 64 128 132 164 292 584 748 b
1 2 4 8 16 32 64 128 160 164 292 456 748 b
1 2 4 8 16 32 64 128 160 164 292 584 748 b
