1 2 3 5 8 16 32 64 128 133 261 522 783 b
1 2 3 5 8 16 32 64 128 256 261 522 783 b
1 2 3 6 9 15 24 48 96 192 384 399 783 b
1 2 3 6 9 15 24 48 96 192 384 768 783 b
1 2 3 6 12 15 24 48 96 192 384 399 783 a
1 2 3 6 12 15 24 48 96 192 384 768 783 a
1 2 3 6 12 24 48 96 99 195 294 489 783 b
1 2 3 6 12 24 48 96 99 195 294 588 783 b
1 2 3 6 12 24 48 96 99 195 390 393 783 b
1 2 3 6 12 24 48 96 99 195 390 780 783 b
1 2 3 6 12 24 48 96 192 195 390 393 783 b
1 2 3 6 12 24 48 96 192 195 390 780 783 b
1 2 3 6 12 24 48 96 192 198 390 393 783 b
1 2 3 6 12 24 48 96 192 198 390 780 783 b
1 2 3 6 12 24 48 96 192 384 387 396 783 a
1 2 3 6 12 24 48 96 192 384 387 399 783 b
1 2 3 6 12 24 48 96 192 384 387 771 783 b
1 2 3 6 12 24 48 96 192 384 390 393 783 b
1 2 3 6 12 24 48 96 192 384 390 780 783 b
1 2 3 6 12 24 48 96 192 384 396 399 783 b
1 2 3 6 12 24 48 96 192 384 396 780 783 b
1 2 3 6 12 24 48 96 192 384 768 771 783 b
1 2 3 6 12 24 48 96 192 384 768 780 783 b
1 2 4 5 8 16 32 64 128 133 261 522 783 a
1 2 4 5 8 16 32 64 128 256 261 522 783 a
1 2 4 8 16 32 33 65 98 163 261 522 783 b
1 2 4 8 16 32 33 65 98 196 261 522 783 b
1 2 4 8 16 32 33 65 130 131 261 522 783 b
1 2 4 8 16 32 33 65 130 260 261 522 783 b
1 2 4 8 16 32 64 65 130 131 261 522 783 b
1 2 4 8 16 32 64 65 130 260 261 522 783 b
1 2 4 8 16 32 64 66 130 131 261 522 783 b
1 2 4 8 16 32 64 66 130 260 261 522 783 b
1 2 4 8 16 32 64 128 129 132 261 522 783 a
1 2 4 8 16 32 64 128 129 133 261 522 783 b
1 2 4 8 16 32 64 128 129 257 261 522 783 b
1 2 4 8 16 32 64 128 130 131 261 522 783 b
1 2 4 8 16 32 64 128 130 260 261 522 783 b
1 2 4 8 16 32 64 128 132 133 261 522 783 b
1 2 4 8 16 32 64 128 132 260 261 522 783 b
1 2 4 8 16 32 64 128 256 257 261 522 783 b
1 2 4 8 16 32 64 128 256 260 261 522 783 b
