1 2 3 5 10 13 23 46 92 184 368 373 741 b
1 2 3 5 10 13 23 46 92 184 368 736 741 b
1 2 3 5 10 20 23 46 92 184 368 373 741 b
1 2 3 5 10 20 23 46 92 184 368 736 741 b
1 2 4 5 9 14 23 46 92 184 368 373 741 b
1 2 4 5 9 14 23 46 92 184 368 736 741 b
1 2 4 5 9 18 23 46 92 184 368 373 741 b
1 2 4 5 9 18 23 46 92 184 368 736 741 b
1 2 4 8 16 32 33 64 97 161 322 419 741 a
1 2 4 8 16 32 33 64 97 161 322 644 741 a
1 2 4 8 16 32 64 65 97 161 322 419 741 b
1 2 4 8 16 32 64 65 97 161 322 644 741 b
1 2 4 8 16 32 64 65 129 161 290 451 741 b
1 2 4 8 16 32 64 65 129 161 290 580 741 b
1 2 4 8 16 32 64 96 97 161 322 419 741 b
1 2 4 8 16 32 64 96 97 161 322 644 741 b
1 2 4 8 16 32 64 128 129 161 290 451 741 b
1 2 4 8 16 32 64 128 129 161 290 580 741 b
