1 2 3 4 7 11 22 44 51 95 190 380 760 b
1 2 3 4 7 11 22 44 88 95 190 380 760 b
1 2 3 4 8 11 19 38 57 95 190 380 760 b
1 2 3 4 8 11 19 38 76 95 190 380 760 b
1 2 3 4 8 11 19 38 76 114 190 380 760 b
1 2 3 4 8 11 19 38 76 152 190 380 760 b
1 2 3 4 8 11 19 38 76 152 228 380 760 b
1 2 3 4 8 11 19 38 76 152 304 380 760 b
1 2 3 4 8 11 19 38 76 152 304 456 760 b
1 2 3 4 8 11 19 38 76 152 304 608 760 b
1 2 3 4 8 16 19 38 57 95 190 380 760 b
1 2 3 4 8 16 19 38 76 95 190 380 760 b
1 2 3 4 8 16 19 38 76 114 190 380 760 b
1 2 3 4 8 16 19 38 76 152 190 380 760 b
1 2 3 4 8 16 19 38 76 152 228 380 760 b
1 2 3 4 8 16 19 38 76 152 304 380 760 b
1 2 3 4 8 16 19 38 76 152 304 456 760 b
1 2 3 4 8 16 19 38 76 152 304 608 760 b
1 2 3 5 7 12 19 38 57 95 190 380 760 b
1 2 3 5 7 12 19 38 76 95 190 380 760 b
1 2 3 5 7 12 19 38 76 114 190 380 760 b
1 2 3 5 7 12 19 38 76 152 190 380 760 b
1 2 3 5 7 12 19 38 76 152 228 380 760 b
1 2 3 5 7 12 19 38 76 152 304 380 760 b
1 2 3 5 7 12 19 38 76 152 304 456 760 b
1 2 3 5 7 12 19 38 76 152 304 608 760 b
1 2 3 5 7 14 19 38 57 95 190 380 760 b
1 2 3 5 7 14 19 38 76 95 190 380 760 b
1 2 3 5 7 14 19 38 76 114 190 380 760 b
1 2 3 5 7 14 19 38 76 152 190 380 760 b
1 2 3 5 7 14 19 38 76 152 228 380 760 b
1 2 3 5 7 14 19 38 76 152 304 380 760 b
1 2 3 5 7 14 19 38 76 152 304 456 760 b
1 2 3 5 7 14 19 38 76 152 304 608 760 b
1 2 3 5 8 11 19 38 57 95 190 380 760 b
1 2 3 5 8 11 19 38 76 95 190 380 760 b
1 2 3 5 8 11 19 38 76 114 190 380 760 b
1 2 3 5 8 11 19 38 76 152 190 380 760 b
1 2 3 5 8 11 19 38 76 152 228 380 760 b
1 2 3 5 8 11 19 38 76 152 304 380 760 b
1 2 3 5 8 11 19 38 76 152 304 456 760 b
1 2 3 5 8 11 19 38 76 152 304 608 760 b
1 2 3 5 8 16 19 38 57 95 190 380 760 b
1 2 3 5 8 16 19 38 76 95 190 380 760 b
1 2 3 5 8 16 19 38 76 114 190 380 760 b
1 2 3 5 8 16 19 38 76 152 190 380 760 b
1 2 3 5 8 16 19 38 76 152 228 380 760 b
1 2 3 5 8 16 19 38 76 152 304 380 760 b
1 2 3 5 8 16 19 38 76 152 304 456 760 b
1 2 3 5 8 16 19 38 76 152 304 608 760 b
1 2 3 5 8 16 21 37 58 95 190 380 760 b
1 2 3 5 8 16 21 37 74 95 190 380 760 b
1 2 3 5 10 11 21 42 53 95 190 380 760 b
1 2 3 5 10 11 21 42 84 95 190 380 760 b
1 2 3 5 10 13 23 36 59 95 190 380 760 b
1 2 3 5 10 13 23 36 72 95 190 380 760 b
1 2 3 5 10 13 23 46 49 95 190 380 760 b
1 2 3 5 10 13 23 46 92 95 190 380 760 b
1 2 3 5 10 15 20 40 55 95 190 380 760 b
1 2 3 5 10 15 20 40 80 95 190 380 760 b
1 2 3 5 10 15 25 35 60 95 190 380 760 b
1 2 3 5 10 15 25 35 70 95 190 380 760 b
1 2 3 5 10 15 25 40 55 95 190 380 760 b
1 2 3 5 10 15 25 40 80 95 190 380 760 b
1 2 3 5 10 15 30 35 60 95 190 380 760 a
1 2 3 5 10 15 30 35 65 95 190 380 760 b
1 2 3 5 10 15 30 40 55 95 190 380 760 b
1 2 3 5 10 15 30 40 80 95 190 380 760 b
1 2 3 5 10 15 30 40 80 110 190 380 760 b
1 2 3 5 10 15 30 40 80 160 190 380 760 b
1 2 3 5 10 15 30 45 50 95 190 380 760 b
1 2 3 5 10 15 30 45 90 95 190 380 760 b
1 2 3 5 10 15 30 45 90 100 190 380 760 b
1 2 3 5 10 15 30 45 90 180 190 380 760 b
1 2 3 5 10 15 30 60 65 95 190 380 760 b
1 2 3 5 10 15 30 60 65 125 190 380 760 b
1 2 3 5 10 15 30 60 65 130 190 380 760 b
1 2 3 5 10 15 30 60 70 120 190 380 760 a
1 2 3 5 10 15 30 60 70 130 190 380 760 b
1 2 3 5 10 15 30 60 90 95 190 380 760 b
1 2 3 5 10 15 30 60 90 100 190 380 760 b
1 2 3 5 10 15 30 60 90 180 190 380 760 b
1 2 3 5 10 15 30 60 120 130 190 380 760 b
1 2 3 5 10 15 30 60 120 130 250 380 760 b
1 2 3 5 10 15 30 60 120 130 260 380 760 b
1 2 3 5 10 15 30 60 120 180 190 380 760 b
1 2 3 5 10 20 22 42 84 106 190 380 760 b
1 2 3 5 10 20 22 42 84 168 190 380 760 b
1 2 3 5 10 20 23 46 49 95 190 380 760 b
1 2 3 5 10 20 23 46 92 95 190 380 760 b
1 2 3 5 10 20 25 35 60 95 190 380 760 b
1 2 3 5 10 20 25 35 70 95 190 380 760 b
1 2 3 5 10 20 25 45 50 95 190 380 760 b
1 2 3 5 10 20 25 45 70 95 190 380 760 b
1 2 3 5 10 20 25 45 90 95 190 380 760 b
1 2 3 5 10 20 25 45 90 100 190 380 760 b
1 2 3 5 10 20 25 45 90 180 190 380 760 b
1 2 3 5 10 20 25 45 90 180 200 380 760 b
1 2 3 5 10 20 25 45 90 180 360 380 760 b
1 2 3 5 10 20 25 50 70 95 190 380 760 b
1 2 3 5 10 20 25 50 70 120 190 380 760 b
1 2 3 5 10 20 25 50 70 140 190 380 760 b
1 2 3 5 10 20 25 50 75 95 190 380 760 b
1 2 3 5 10 20 30 35 60 95 190 380 760 a
1 2 3 5 10 20 30 35 65 95 190 380 760 b
1 2 3 5 10 20 30 40 80 110 190 380 760 b
1 2 3 5 10 20 30 40 80 160 190 380 760 b
1 2 3 5 10 20 30 50 70 120 190 380 760 b
1 2 3 5 10 20 30 50 70 140 190 380 760 b
1 2 3 5 10 20 30 50 80 110 190 380 760 b
1 2 3 5 10 20 30 50 80 160 190 380 760 b
1 2 3 5 10 20 30 60 65 95 190 380 760 b
1 2 3 5 10 20 30 60 65 125 190 380 760 b
1 2 3 5 10 20 30 60 65 130 190 380 760 b
1 2 3 5 10 20 30 60 70 120 190 380 760 a
1 2 3 5 10 20 30 60 70 130 190 380 760 b
1 2 3 5 10 20 30 60 80 110 190 380 760 b
1 2 3 5 10 20 30 60 80 160 190 380 760 b
1 2 3 5 10 20 30 60 80 160 220 380 760 b
1 2 3 5 10 20 30 60 80 160 320 380 760 b
1 2 3 5 10 20 30 60 90 95 190 380 760 b
1 2 3 5 10 20 30 60 90 100 190 380 760 b
1 2 3 5 10 20 30 60 90 180 190 380 760 b
1 2 3 5 10 20 30 60 90 180 200 380 760 b
1 2 3 5 10 20 30 60 90 180 360 380 760 b
1 2 3 5 10 20 30 60 120 130 190 380 760 b
1 2 3 5 10 20 30 60 120 130 250 380 760 b
1 2 3 5 10 20 30 60 120 130 260 380 760 b
1 2 3 5 10 20 30 60 120 140 240 380 760 a
1 2 3 5 10 20 30 60 120 140 260 380 760 b
1 2 3 5 10 20 30 60 120 180 190 380 760 b
1 2 3 5 10 20 30 60 120 180 200 380 760 b
1 2 3 5 10 20 30 60 120 180 360 380 760 b
1 2 3 5 10 20 30 60 120 240 260 380 760 b
1 2 3 5 10 20 30 60 120 240 260 500 760 b
1 2 3 5 10 20 30 60 120 240 260 520 760 b
1 2 3 5 10 20 30 60 120 240 360 380 760 b
1 2 3 5 10 20 40 45 50 95 190 380 760 b
1 2 3 5 10 20 40 45 55 95 190 380 760 b
1 2 3 5 10 20 40 45 85 95 190 380 760 b
1 2 3 5 10 20 40 45 85 105 190 380 760 b
1 2 3 5 10 20 40 45 85 170 190 380 760 b
1 2 3 5 10 20 40 45 85 170 210 380 760 b
1 2 3 5 10 20 40 45 85 170 340 380 760 b
1 2 3 5 10 20 40 45 90 95 190 380 760 b
1 2 3 5 10 20 40 45 90 100 190 380 760 b
1 2 3 5 10 20 40 45 90 180 190 380 760 b
1 2 3 5 10 20 40 45 90 180 200 380 760 b
1 2 3 5 10 20 40 45 90 180 360 380 760 b
1 2 3 5 10 20 40 45 90 180 360 400 760 b
1 2 3 5 10 20 40 45 90 180 360 720 760 b
1 2 3 5 10 20 40 50 55 95 190 380 760 b
1 2 3 5 10 20 40 50 70 120 190 380 760 b
1 2 3 5 10 20 40 50 70 140 190 380 760 b
1 2 3 5 10 20 40 50 90 95 190 380 760 b
1 2 3 5 10 20 40 50 90 100 190 380 760 b
1 2 3 5 10 20 40 50 90 140 190 380 760 b
1 2 3 5 10 20 40 50 90 180 190 380 760 b
1 2 3 5 10 20 40 50 90 180 200 380 760 b
1 2 3 5 10 20 40 50 90 180 360 380 760 b
1 2 3 5 10 20 40 50 90 180 360 400 760 b
1 2 3 5 10 20 40 50 90 180 360 720 760 b
1 2 3 5 10 20 40 50 100 140 190 380 760 b
1 2 3 5 10 20 40 50 100 140 240 380 760 b
1 2 3 5 10 20 40 50 100 140 280 380 760 b
1 2 3 5 10 20 40 50 100 150 190 380 760 b
1 2 3 5 10 20 40 60 65 125 190 380 760 b
1 2 3 5 10 20 40 60 65 130 190 380 760 b
1 2 3 5 10 20 40 60 70 120 190 380 760 a
1 2 3 5 10 20 40 60 70 130 190 380 760 b
1 2 3 5 10 20 40 60 80 160 220 380 760 b
1 2 3 5 10 20 40 60 80 160 320 380 760 b
1 2 3 5 10 20 40 60 100 140 240 380 760 b
1 2 3 5 10 20 40 60 100 140 280 380 760 b
1 2 3 5 10 20 40 60 100 160 220 380 760 b
1 2 3 5 10 20 40 60 100 160 320 380 760 b
1 2 3 5 10 20 40 60 120 130 190 380 760 b
1 2 3 5 10 20 40 60 120 130 250 380 760 b
1 2 3 5 10 20 40 60 120 130 260 380 760 b
1 2 3 5 10 20 40 60 120 140 240 380 760 a
1 2 3 5 10 20 40 60 120 140 260 380 760 b
1 2 3 5 10 20 40 60 120 160 220 380 760 b
1 2 3 5 10 20 40 60 120 160 320 380 760 b
1 2 3 5 10 20 40 60 120 160 320 440 760 b
1 2 3 5 10 20 40 60 120 160 320 640 760 b
1 2 3 5 10 20 40 60 120 180 190 380 760 b
1 2 3 5 10 20 40 60 120 180 200 380 760 b
1 2 3 5 10 20 40 60 120 180 360 380 760 b
1 2 3 5 10 20 40 60 120 180 360 400 760 b
1 2 3 5 10 20 40 60 120 180 360 720 760 b
1 2 3 5 10 20 40 60 120 240 260 380 760 b
1 2 3 5 10 20 40 60 120 240 260 500 760 b
1 2 3 5 10 20 40 60 120 240 260 520 760 b
1 2 3 5 10 20 40 60 120 240 280 480 760 a
1 2 3 5 10 20 40 60 120 240 280 520 760 b
1 2 3 5 10 20 40 60 120 240 360 380 760 b
1 2 3 5 10 20 40 60 120 240 360 400 760 b
1 2 3 5 10 20 40 60 120 240 360 720 760 b
1 2 3 5 10 20 40 60 120 240 480 520 760 b
1 2 3 5 10 20 40 60 120 240 480 720 760 b
1 2 3 5 10 20 40 80 85 95 190 380 760 b
1 2 3 5 10 20 40 80 85 105 190 380 760 b
1 2 3 5 10 20 40 80 85 170 190 380 760 b
1 2 3 5 10 20 40 80 85 170 210 380 760 b
1 2 3 5 10 20 40 80 85 170 340 380 760 b
1 2 3 5 10 20 40 80 85 170 340 420 760 b
1 2 3 5 10 20 40 80 85 170 340 680 760 b
1 2 3 5 10 20 40 80 90 95 190 380 760 b
1 2 3 5 10 20 40 80 90 100 190 380 760 b
1 2 3 5 10 20 40 80 90 110 190 380 760 b
1 2 3 5 10 20 40 80 90 170 190 380 760 b
1 2 3 5 10 20 40 80 90 170 210 380 760 b
1 2 3 5 10 20 40 80 90 170 340 380 760 b
1 2 3 5 10 20 40 80 90 170 340 420 760 b
1 2 3 5 10 20 40 80 90 170 340 680 760 b
1 2 3 5 10 20 40 80 90 180 190 380 760 b
1 2 3 5 10 20 40 80 90 180 200 380 760 b
1 2 3 5 10 20 40 80 90 180 360 380 760 b
1 2 3 5 10 20 40 80 90 180 360 400 760 b
1 2 3 5 10 20 40 80 90 180 360 720 760 b
1 2 3 5 10 20 40 80 100 110 190 380 760 b
1 2 3 5 10 20 40 80 100 140 240 380 760 b
1 2 3 5 10 20 40 80 100 140 280 380 760 b
1 2 3 5 10 20 40 80 100 180 190 380 760 b
1 2 3 5 10 20 40 80 100 180 200 380 760 b
1 2 3 5 10 20 40 80 100 180 280 380 760 b
1 2 3 5 10 20 40 80 100 180 360 380 760 b
1 2 3 5 10 20 40 80 100 180 360 400 760 b
1 2 3 5 10 20 40 80 100 180 360 720 760 b
1 2 3 5 10 20 40 80 100 200 280 380 760 b
1 2 3 5 10 20 40 80 100 200 280 480 760 b
1 2 3 5 10 20 40 80 100 200 280 560 760 b
1 2 3 5 10 20 40 80 100 200 300 380 760 b
1 2 3 5 10 20 40 80 120 130 250 380 760 b
1 2 3 5 10 20 40 80 120 130 260 380 760 b
1 2 3 5 10 20 40 80 120 140 240 380 760 a
1 2 3 5 10 20 40 80 120 140 260 380 760 b
1 2 3 5 10 20 40 80 120 160 320 440 760 b
1 2 3 5 10 20 40 80 120 160 320 640 760 b
1 2 3 5 10 20 40 80 120 200 280 480 760 b
1 2 3 5 10 20 40 80 120 200 280 560 760 b
1 2 3 5 10 20 40 80 120 200 320 440 760 b
1 2 3 5 10 20 40 80 120 200 320 640 760 b
1 2 3 5 10 20 40 80 120 240 260 380 760 b
1 2 3 5 10 20 40 80 120 240 260 500 760 b
1 2 3 5 10 20 40 80 120 240 260 520 760 b
1 2 3 5 10 20 40 80 120 240 280 480 760 a
1 2 3 5 10 20 40 80 120 240 280 520 760 b
1 2 3 5 10 20 40 80 120 240 320 440 760 b
1 2 3 5 10 20 40 80 120 240 320 640 760 b
1 2 3 5 10 20 40 80 120 240 360 380 760 b
1 2 3 5 10 20 40 80 120 240 360 400 760 b
1 2 3 5 10 20 40 80 120 240 360 720 760 b
1 2 3 5 10 20 40 80 120 240 480 520 760 b
1 2 3 5 10 20 40 80 120 240 480 720 760 b
1 2 3 5 10 20 40 80 160 170 190 380 760 b
1 2 3 5 10 20 40 80 160 170 210 380 760 b
1 2 3 5 10 20 40 80 160 170 340 380 760 b
1 2 3 5 10 20 40 80 160 170 340 420 760 b
1 2 3 5 10 20 40 80 160 170 340 680 760 b
1 2 3 5 10 20 40 80 160 180 190 380 760 b
1 2 3 5 10 20 40 80 160 180 200 380 760 b
1 2 3 5 10 20 40 80 160 180 220 380 760 b
1 2 3 5 10 20 40 80 160 180 340 380 760 b
1 2 3 5 10 20 40 80 160 180 340 420 760 b
1 2 3 5 10 20 40 80 160 180 340 680 760 b
1 2 3 5 10 20 40 80 160 180 360 380 760 b
1 2 3 5 10 20 40 80 160 180 360 400 760 b
1 2 3 5 10 20 40 80 160 180 360 720 760 b
1 2 3 5 10 20 40 80 160 200 220 380 760 b
1 2 3 5 10 20 40 80 160 200 280 480 760 b
1 2 3 5 10 20 40 80 160 200 280 560 760 b
1 2 3 5 10 20 40 80 160 200 360 380 760 b
1 2 3 5 10 20 40 80 160 200 360 400 760 b
1 2 3 5 10 20 40 80 160 200 360 560 760 b
1 2 3 5 10 20 40 80 160 200 360 720 760 b
1 2 3 5 10 20 40 80 160 200 400 560 760 b
1 2 3 5 10 20 40 80 160 200 400 600 760 b
1 2 3 5 10 20 40 80 160 240 260 500 760 b
1 2 3 5 10 20 40 80 160 240 260 520 760 b
1 2 3 5 10 20 40 80 160 240 280 480 760 a
1 2 3 5 10 20 40 80 160 240 280 520 760 b
1 2 3 5 10 20 40 80 160 240 480 520 760 b
1 2 3 5 10 20 40 80 160 240 480 720 760 b
1 2 3 5 10 20 40 80 160 320 340 380 760 b
1 2 3 5 10 20 40 80 160 320 340 420 760 b
1 2 3 5 10 20 40 80 160 320 340 680 760 b
1 2 3 5 10 20 40 80 160 320 360 380 760 b
1 2 3 5 10 20 40 80 160 320 360 400 760 b
1 2 3 5 10 20 40 80 160 320 360 440 760 b
1 2 3 5 10 20 40 80 160 320 360 680 760 b
1 2 3 5 10 20 40 80 160 320 360 720 760 b
1 2 3 5 10 20 40 80 160 320 400 440 760 b
1 2 3 5 10 20 40 80 160 320 400 720 760 b
1 2 3 5 10 20 40 80 160 320 640 680 760 b
1 2 3 5 10 20 40 80 160 320 640 720 760 b
1 2 3 6 7 12 19 38 57 95 190 380 760 a
1 2 3 6 7 12 19 38 76 95 190 380 760 a
1 2 3 6 7 12 19 38 76 114 190 380 760 a
1 2 3 6 7 12 19 38 76 152 190 380 760 a
1 2 3 6 7 12 19 38 76 152 228 380 760 a
1 2 3 6 7 12 19 38 76 152 304 380 760 a
1 2 3 6 7 12 19 38 76 152 304 456 760 a
1 2 3 6 7 12 19 38 76 152 304 608 760 a
1 2 3 6 7 13 19 38 57 95 190 380 760 b
1 2 3 6 7 13 19 38 76 95 190 380 760 b
1 2 3 6 7 13 19 38 76 114 190 380 760 b
1 2 3 6 7 13 19 38 76 152 190 380 760 b
1 2 3 6 7 13 19 38 76 152 228 380 760 b
1 2 3 6 7 13 19 38 76 152 304 380 760 b
1 2 3 6 7 13 19 38 76 152 304 456 760 b
1 2 3 6 7 13 19 38 76 152 304 608 760 b
1 2 3 6 8 11 19 38 57 95 190 380 760 b
1 2 3 6 8 11 19 38 76 95 190 380 760 b
1 2 3 6 8 11 19 38 76 114 190 380 760 b
1 2 3 6 8 11 19 38 76 152 190 380 760 b
1 2 3 6 8 11 19 38 76 152 228 380 760 b
1 2 3 6 8 11 19 38 76 152 304 380 760 b
1 2 3 6 8 11 19 38 76 152 304 456 760 b
1 2 3 6 8 11 19 38 76 152 304 608 760 b
1 2 3 6 8 14 22 44 88 102 190 380 760 b
1 2 3 6 8 14 22 44 88 176 190 380 760 b
1 2 3 6 8 16 19 38 57 95 190 380 760 b
1 2 3 6 8 16 19 38 76 95 190 380 760 b
1 2 3 6 8 16 19 38 76 114 190 380 760 b
1 2 3 6 8 16 19 38 76 152 190 380 760 b
1 2 3 6 8 16 19 38 76 152 228 380 760 b
1 2 3 6 8 16 19 38 76 152 304 380 760 b
1 2 3 6 8 16 19 38 76 152 304 456 760 b
1 2 3 6 8 16 19 38 76 152 304 608 760 b
1 2 3 6 8 16 22 38 76 114 190 380 760 b
1 2 3 6 8 16 22 38 76 152 190 380 760 b
1 2 3 6 8 16 22 38 76 152 228 380 760 b
1 2 3 6 8 16 22 38 76 152 304 380 760 b
1 2 3 6 8 16 22 38 76 152 304 456 760 b
1 2 3 6 8 16 22 38 76 152 304 608 760 b
1 2 3 6 8 16 32 38 76 114 190 380 760 b
1 2 3 6 8 16 32 38 76 152 190 380 760 b
1 2 3 6 8 16 32 38 76 152 228 380 760 b
1 2 3 6 8 16 32 38 76 152 304 380 760 b
1 2 3 6 8 16 32 38 76 152 304 456 760 b
1 2 3 6 8 16 32 38 76 152 304 608 760 b
1 2 3 6 9 10 19 38 57 95 190 380 760 b
1 2 3 6 9 10 19 38 76 95 190 380 760 b
1 2 3 6 9 10 19 38 76 114 190 380 760 b
1 2 3 6 9 10 19 38 76 152 190 380 760 b
1 2 3 6 9 10 19 38 76 152 228 380 760 b
1 2 3 6 9 10 19 38 76 152 304 380 760 b
1 2 3 6 9 10 19 38 76 152 304 456 760 b
1 2 3 6 9 10 19 38 76 152 304 608 760 b
1 2 3 6 9 18 19 38 57 95 190 380 760 b
1 2 3 6 9 18 19 38 76 95 190 380 760 b
1 2 3 6 9 18 19 38 76 114 190 380 760 b
1 2 3 6 9 18 19 38 76 152 190 380 760 b
1 2 3 6 9 18 19 38 76 152 228 380 760 b
1 2 3 6 9 18 19 38 76 152 304 380 760 b
1 2 3 6 9 18 19 38 76 152 304 456 760 b
1 2 3 6 9 18 19 38 76 152 304 608 760 b
1 2 3 6 9 18 20 38 76 114 190 380 760 b
1 2 3 6 9 18 20 38 76 152 190 380 760 b
1 2 3 6 9 18 20 38 76 152 228 380 760 b
1 2 3 6 9 18 20 38 76 152 304 380 760 b
1 2 3 6 9 18 20 38 76 152 304 456 760 b
1 2 3 6 9 18 20 38 76 152 304 608 760 b
1 2 3 6 9 18 36 38 76 114 190 380 760 b
1 2 3 6 9 18 36 38 76 152 190 380 760 b
1 2 3 6 9 18 36 38 76 152 228 380 760 b
1 2 3 6 9 18 36 38 76 152 304 380 760 b
1 2 3 6 9 18 36 38 76 152 304 456 760 b
1 2 3 6 9 18 36 38 76 152 304 608 760 b
1 2 3 6 12 13 19 38 57 95 190 380 760 b
1 2 3 6 12 13 19 38 76 95 190 380 760 b
1 2 3 6 12 13 19 38 76 114 190 380 760 b
1 2 3 6 12 13 19 38 76 152 190 380 760 b
1 2 3 6 12 13 19 38 76 152 228 380 760 b
1 2 3 6 12 13 19 38 76 152 304 380 760 b
1 2 3 6 12 13 19 38 76 152 304 456 760 b
1 2 3 6 12 13 19 38 76 152 304 608 760 b
1 2 3 6 12 13 25 38 76 114 190 380 760 b
1 2 3 6 12 13 25 38 76 152 190 380 760 b
1 2 3 6 12 13 25 38 76 152 228 380 760 b
1 2 3 6 12 13 25 38 76 152 304 380 760 b
1 2 3 6 12 13 25 38 76 152 304 456 760 b
1 2 3 6 12 13 25 38 76 152 304 608 760 b
1 2 3 6 12 13 26 38 76 114 190 380 760 b
1 2 3 6 12 13 26 38 76 152 190 380 760 b
1 2 3 6 12 13 26 38 76 152 228 380 760 b
1 2 3 6 12 13 26 38 76 152 304 380 760 b
1 2 3 6 12 13 26 38 76 152 304 456 760 b
1 2 3 6 12 13 26 38 76 152 304 608 760 b
1 2 3 6 12 14 24 38 76 114 190 380 760 a
1 2 3 6 12 14 24 38 76 152 190 380 760 a
1 2 3 6 12 14 24 38 76 152 228 380 760 a
1 2 3 6 12 14 24 38 76 152 304 380 760 a
1 2 3 6 12 14 24 38 76 152 304 456 760 a
1 2 3 6 12 14 24 38 76 152 304 608 760 a
1 2 3 6 12 14 26 38 76 114 190 380 760 b
1 2 3 6 12 14 26 38 76 152 190 380 760 b
1 2 3 6 12 14 26 38 76 152 228 380 760 b
1 2 3 6 12 14 26 38 76 152 304 380 760 b
1 2 3 6 12 14 26 38 76 152 304 456 760 b
1 2 3 6 12 14 26 38 76 152 304 608 760 b
1 2 3 6 12 18 19 38 57 95 190 380 760 b
1 2 3 6 12 18 19 38 76 95 190 380 760 b
1 2 3 6 12 18 19 38 76 114 190 380 760 b
1 2 3 6 12 18 19 38 76 152 190 380 760 b
1 2 3 6 12 18 19 38 76 152 228 380 760 b
1 2 3 6 12 18 19 38 76 152 304 380 760 b
1 2 3 6 12 18 19 38 76 152 304 456 760 b
1 2 3 6 12 18 19 38 76 152 304 608 760 b
1 2 3 6 12 18 20 38 76 114 190 380 760 b
1 2 3 6 12 18 20 38 76 152 190 380 760 b
1 2 3 6 12 18 20 38 76 152 228 380 760 b
1 2 3 6 12 18 20 38 76 152 304 380 760 b
1 2 3 6 12 18 20 38 76 152 304 456 760 b
1 2 3 6 12 18 20 38 76 152 304 608 760 b
1 2 3 6 12 18 36 38 76 114 190 380 760 b
1 2 3 6 12 18 36 38 76 152 190 380 760 b
1 2 3 6 12 18 36 38 76 152 228 380 760 b
1 2 3 6 12 18 36 38 76 152 304 380 760 b
1 2 3 6 12 18 36 38 76 152 304 456 760 b
1 2 3 6 12 18 36 38 76 152 304 608 760 b
1 2 3 6 12 24 26 38 76 114 190 380 760 b
1 2 3 6 12 24 26 38 76 152 190 380 760 b
1 2 3 6 12 24 26 38 76 152 228 380 760 b
1 2 3 6 12 24 26 38 76 152 304 380 760 b
1 2 3 6 12 24 26 38 76 152 304 456 760 b
1 2 3 6 12 24 26 38 76 152 304 608 760 b
1 2 3 6 12 24 26 50 76 152 228 380 760 b
1 2 3 6 12 24 26 50 76 152 304 380 760 b
1 2 3 6 12 24 26 50 76 152 304 456 760 b
1 2 3 6 12 24 26 50 76 152 304 608 760 b
1 2 3 6 12 24 26 52 76 152 228 380 760 b
1 2 3 6 12 24 26 52 76 152 304 380 760 b
1 2 3 6 12 24 26 52 76 152 304 456 760 b
1 2 3 6 12 24 26 52 76 152 304 608 760 b
1 2 3 6 12 24 36 38 76 114 190 380 760 b
1 2 3 6 12 24 36 38 76 152 190 380 760 b
1 2 3 6 12 24 36 38 76 152 228 380 760 b
1 2 3 6 12 24 36 38 76 152 304 380 760 b
1 2 3 6 12 24 36 38 76 152 304 456 760 b
1 2 3 6 12 24 36 38 76 152 304 608 760 b
1 2 4 5 7 11 22 44 51 95 190 380 760 b
1 2 4 5 7 11 22 44 88 95 190 380 760 b
1 2 4 5 7 12 19 38 57 95 190 380 760 b
1 2 4 5 7 12 19 38 76 95 190 380 760 b
1 2 4 5 7 12 19 38 76 114 190 380 760 b
1 2 4 5 7 12 19 38 76 152 190 380 760 b
1 2 4 5 7 12 19 38 76 152 228 380 760 b
1 2 4 5 7 12 19 38 76 152 304 380 760 b
1 2 4 5 7 12 19 38 76 152 304 456 760 b
1 2 4 5 7 12 19 38 76 152 304 608 760 b
1 2 4 5 7 14 19 38 57 95 190 380 760 b
1 2 4 5 7 14 19 38 76 95 190 380 760 b
1 2 4 5 7 14 19 38 76 114 190 380 760 b
1 2 4 5 7 14 19 38 76 152 190 380 760 b
1 2 4 5 7 14 19 38 76 152 228 380 760 b
1 2 4 5 7 14 19 38 76 152 304 380 760 b
1 2 4 5 7 14 19 38 76 152 304 456 760 b
1 2 4 5 7 14 19 38 76 152 304 608 760 b
1 2 4 5 8 16 21 37 58 95 190 380 760 a
1 2 4 5 8 16 21 37 74 95 190 380 760 a
1 2 4 5 9 10 19 38 57 95 190 380 760 b
1 2 4 5 9 10 19 38 76 95 190 380 760 b
1 2 4 5 9 10 19 38 76 114 190 380 760 b
1 2 4 5 9 10 19 38 76 152 190 380 760 b
1 2 4 5 9 10 19 38 76 152 228 380 760 b
1 2 4 5 9 10 19 38 76 152 304 380 760 b
1 2 4 5 9 10 19 38 76 152 304 456 760 b
1 2 4 5 9 10 19 38 76 152 304 608 760 b
1 2 4 5 9 14 19 38 57 95 190 380 760 b
1 2 4 5 9 14 19 38 76 95 190 380 760 b
1 2 4 5 9 14 19 38 76 114 190 380 760 b
1 2 4 5 9 14 19 38 76 152 190 380 760 b
1 2 4 5 9 14 19 38 76 152 228 380 760 b
1 2 4 5 9 14 19 38 76 152 304 380 760 b
1 2 4 5 9 14 19 38 76 152 304 456 760 b
1 2 4 5 9 14 19 38 76 152 304 608 760 b
1 2 4 5 9 18 19 38 57 95 190 380 760 b
1 2 4 5 9 18 19 38 76 95 190 380 760 b
1 2 4 5 9 18 19 38 76 114 190 380 760 b
1 2 4 5 9 18 19 38 76 152 190 380 760 b
1 2 4 5 9 18 19 38 76 152 228 380 760 b
1 2 4 5 9 18 19 38 76 152 304 380 760 b
1 2 4 5 9 18 19 38 76 152 304 456 760 b
1 2 4 5 9 18 19 38 76 152 304 608 760 b
1 2 4 5 9 18 20 38 76 114 190 380 760 b
1 2 4 5 9 18 20 38 76 152 190 380 760 b
1 2 4 5 9 18 20 38 76 152 228 380 760 b
1 2 4 5 9 18 20 38 76 152 304 380 760 b
1 2 4 5 9 18 20 38 76 152 304 456 760 b
1 2 4 5 9 18 20 38 76 152 304 608 760 b
1 2 4 5 9 18 23 36 59 95 190 380 760 a
1 2 4 5 9 18 23 36 72 95 190 380 760 a
1 2 4 5 9 18 27 45 50 95 190 380 760 b
1 2 4 5 9 18 27 45 90 95 190 380 760 b
1 2 4 5 9 18 36 38 76 114 190 380 760 b
1 2 4 5 9 18 36 38 76 152 190 380 760 b
1 2 4 5 9 18 36 38 76 152 228 380 760 b
1 2 4 5 9 18 36 38 76 152 304 380 760 b
1 2 4 5 9 18 36 38 76 152 304 456 760 b
1 2 4 5 9 18 36 38 76 152 304 608 760 b
1 2 4 5 9 18 36 40 76 152 228 380 760 b
1 2 4 5 9 18 36 40 76 152 304 380 760 b
1 2 4 5 9 18 36 40 76 152 304 456 760 b
1 2 4 5 9 18 36 40 76 152 304 608 760 b
1 2 4 5 9 18 36 41 54 95 190 380 760 a
1 2 4 5 9 18 36 41 59 95 190 380 760 b
1 2 4 5 9 18 36 41 77 95 190 380 760 b
1 2 4 5 9 18 36 41 77 113 190 380 760 b
1 2 4 5 9 18 36 41 77 154 190 380 760 b
1 2 4 5 9 18 36 45 50 95 190 380 760 b
1 2 4 5 9 18 36 45 90 95 190 380 760 b
1 2 4 5 9 18 36 54 59 95 190 380 760 b
1 2 4 5 9 18 36 54 90 95 190 380 760 b
1 2 4 5 9 18 36 72 76 152 228 380 760 b
1 2 4 5 9 18 36 72 76 152 304 380 760 b
1 2 4 5 9 18 36 72 76 152 304 456 760 b
1 2 4 5 9 18 36 72 76 152 304 608 760 b
1 2 4 5 9 18 36 72 77 95 190 380 760 b
1 2 4 5 9 18 36 72 77 113 190 380 760 b
1 2 4 5 9 18 36 72 77 154 190 380 760 b
1 2 4 5 9 18 36 72 77 154 226 380 760 b
1 2 4 5 9 18 36 72 77 154 308 380 760 b
1 2 4 5 9 18 36 72 90 95 190 380 760 b
1 2 4 5 10 11 21 42 53 95 190 380 760 b
1 2 4 5 10 11 21 42 84 95 190 380 760 b
1 2 4 5 10 14 19 38 57 95 190 380 760 b
1 2 4 5 10 14 19 38 76 95 190 380 760 b
1 2 4 5 10 14 19 38 76 114 190 380 760 b
1 2 4 5 10 14 19 38 76 152 190 380 760 b
1 2 4 5 10 14 19 38 76 152 228 380 760 b
1 2 4 5 10 14 19 38 76 152 304 380 760 b
1 2 4 5 10 14 19 38 76 152 304 456 760 b
1 2 4 5 10 14 19 38 76 152 304 608 760 b
1 2 4 5 10 14 24 38 76 114 190 380 760 b
1 2 4 5 10 14 24 38 76 152 190 380 760 b
1 2 4 5 10 14 24 38 76 152 228 380 760 b
1 2 4 5 10 14 24 38 76 152 304 380 760 b
1 2 4 5 10 14 24 38 76 152 304 456 760 b
1 2 4 5 10 14 24 38 76 152 304 608 760 b
1 2 4 5 10 14 28 38 76 114 190 380 760 b
1 2 4 5 10 14 28 38 76 152 190 380 760 b
1 2 4 5 10 14 28 38 76 152 228 380 760 b
1 2 4 5 10 14 28 38 76 152 304 380 760 b
1 2 4 5 10 14 28 38 76 152 304 456 760 b
1 2 4 5 10 14 28 38 76 152 304 608 760 b
1 2 4 5 10 15 19 38 57 95 190 380 760 b
1 2 4 5 10 15 19 38 76 95 190 380 760 b
1 2 4 5 10 15 19 38 76 114 190 380 760 b
1 2 4 5 10 15 19 38 76 152 190 380 760 b
1 2 4 5 10 15 19 38 76 152 228 380 760 b
1 2 4 5 10 15 19 38 76 152 304 380 760 b
1 2 4 5 10 15 19 38 76 152 304 456 760 b
1 2 4 5 10 15 19 38 76 152 304 608 760 b
1 2 4 5 10 15 20 40 55 95 190 380 760 b
1 2 4 5 10 15 20 40 80 95 190 380 760 b
1 2 4 5 10 15 25 35 60 95 190 380 760 b
1 2 4 5 10 15 25 35 70 95 190 380 760 b
1 2 4 5 10 15 25 40 55 95 190 380 760 b
1 2 4 5 10 15 25 40 80 95 190 380 760 b
1 2 4 5 10 15 30 35 60 95 190 380 760 a
1 2 4 5 10 15 30 35 65 95 190 380 760 b
1 2 4 5 10 15 30 40 55 95 190 380 760 b
1 2 4 5 10 15 30 40 80 95 190 380 760 b
1 2 4 5 10 15 30 40 80 110 190 380 760 b
1 2 4 5 10 15 30 40 80 160 190 380 760 b
1 2 4 5 10 15 30 45 50 95 190 380 760 b
1 2 4 5 10 15 30 45 90 95 190 380 760 b
1 2 4 5 10 15 30 45 90 100 190 380 760 b
1 2 4 5 10 15 30 45 90 180 190 380 760 b
1 2 4 5 10 15 30 60 65 95 190 380 760 b
1 2 4 5 10 15 30 60 65 125 190 380 760 b
1 2 4 5 10 15 30 60 65 130 190 380 760 b
1 2 4 5 10 15 30 60 70 120 190 380 760 a
1 2 4 5 10 15 30 60 70 130 190 380 760 b
1 2 4 5 10 15 30 60 90 95 190 380 760 b
1 2 4 5 10 15 30 60 90 100 190 380 760 b
1 2 4 5 10 15 30 60 90 180 190 380 760 b
1 2 4 5 10 15 30 60 120 130 190 380 760 b
1 2 4 5 10 15 30 60 120 130 250 380 760 b
1 2 4 5 10 15 30 60 120 130 260 380 760 b
1 2 4 5 10 15 30 60 120 180 190 380 760 b
1 2 4 5 10 20 22 42 84 106 190 380 760 b
1 2 4 5 10 20 22 42 84 168 190 380 760 b
1 2 4 5 10 20 25 35 60 95 190 380 760 b
1 2 4 5 10 20 25 35 70 95 190 380 760 b
1 2 4 5 10 20 25 45 50 95 190 380 760 b
1 2 4 5 10 20 25 45 70 95 190 380 760 b
1 2 4 5 10 20 25 45 90 95 190 380 760 b
1 2 4 5 10 20 25 45 90 100 190 380 760 b
1 2 4 5 10 20 25 45 90 180 190 380 760 b
1 2 4 5 10 20 25 45 90 180 200 380 760 b
1 2 4 5 10 20 25 45 90 180 360 380 760 b
1 2 4 5 10 20 25 50 70 95 190 380 760 b
1 2 4 5 10 20 25 50 70 120 190 380 760 b
1 2 4 5 10 20 25 50 70 140 190 380 760 b
1 2 4 5 10 20 25 50 75 95 190 380 760 b
1 2 4 5 10 20 30 35 60 95 190 380 760 a
1 2 4 5 10 20 30 35 65 95 190 380 760 b
1 2 4 5 10 20 30 40 80 110 190 380 760 b
1 2 4 5 10 20 30 40 80 160 190 380 760 b
1 2 4 5 10 20 30 50 70 120 190 380 760 b
1 2 4 5 10 20 30 50 70 140 190 380 760 b
1 2 4 5 10 20 30 50 80 110 190 380 760 b
1 2 4 5 10 20 30 50 80 160 190 380 760 b
1 2 4 5 10 20 30 60 65 95 190 380 760 b
1 2 4 5 10 20 30 60 65 125 190 380 760 b
1 2 4 5 10 20 30 60 65 130 190 380 760 b
1 2 4 5 10 20 30 60 70 120 190 380 760 a
1 2 4 5 10 20 30 60 70 130 190 380 760 b
1 2 4 5 10 20 30 60 80 110 190 380 760 b
1 2 4 5 10 20 30 60 80 160 190 380 760 b
1 2 4 5 10 20 30 60 80 160 220 380 760 b
1 2 4 5 10 20 30 60 80 160 320 380 760 b
1 2 4 5 10 20 30 60 90 95 190 380 760 b
1 2 4 5 10 20 30 60 90 100 190 380 760 b
1 2 4 5 10 20 30 60 90 180 190 380 760 b
1 2 4 5 10 20 30 60 90 180 200 380 760 b
1 2 4 5 10 20 30 60 90 180 360 380 760 b
1 2 4 5 10 20 30 60 120 130 190 380 760 b
1 2 4 5 10 20 30 60 120 130 250 380 760 b
1 2 4 5 10 20 30 60 120 130 260 380 760 b
1 2 4 5 10 20 30 60 120 140 240 380 760 a
1 2 4 5 10 20 30 60 120 140 260 380 760 b
1 2 4 5 10 20 30 60 120 180 190 380 760 b
1 2 4 5 10 20 30 60 120 180 200 380 760 b
1 2 4 5 10 20 30 60 120 180 360 380 760 b
1 2 4 5 10 20 30 60 120 240 260 380 760 b
1 2 4 5 10 20 30 60 120 240 260 500 760 b
1 2 4 5 10 20 30 60 120 240 260 520 760 b
1 2 4 5 10 20 30 60 120 240 360 380 760 b
1 2 4 5 10 20 40 44 84 168 212 380 760 b
1 2 4 5 10 20 40 44 84 168 336 380 760 b
1 2 4 5 10 20 40 45 50 95 190 380 760 b
1 2 4 5 10 20 40 45 55 95 190 380 760 b
1 2 4 5 10 20 40 45 85 95 190 380 760 b
1 2 4 5 10 20 40 45 85 105 190 380 760 b
1 2 4 5 10 20 40 45 85 170 190 380 760 b
1 2 4 5 10 20 40 45 85 170 210 380 760 b
1 2 4 5 10 20 40 45 85 170 340 380 760 b
1 2 4 5 10 20 40 45 90 95 190 380 760 b
1 2 4 5 10 20 40 45 90 100 190 380 760 b
1 2 4 5 10 20 40 45 90 180 190 380 760 b
1 2 4 5 10 20 40 45 90 180 200 380 760 b
1 2 4 5 10 20 40 45 90 180 360 380 760 b
1 2 4 5 10 20 40 45 90 180 360 400 760 b
1 2 4 5 10 20 40 45 90 180 360 720 760 b
1 2 4 5 10 20 40 50 55 95 190 380 760 b
1 2 4 5 10 20 40 50 70 120 190 380 760 b
1 2 4 5 10 20 40 50 70 140 190 380 760 b
1 2 4 5 10 20 40 50 90 95 190 380 760 b
1 2 4 5 10 20 40 50 90 100 190 380 760 b
1 2 4 5 10 20 40 50 90 140 190 380 760 b
1 2 4 5 10 20 40 50 90 180 190 380 760 b
1 2 4 5 10 20 40 50 90 180 200 380 760 b
1 2 4 5 10 20 40 50 90 180 360 380 760 b
1 2 4 5 10 20 40 50 90 180 360 400 760 b
1 2 4 5 10 20 40 50 90 180 360 720 760 b
1 2 4 5 10 20 40 50 100 140 190 380 760 b
1 2 4 5 10 20 40 50 100 140 240 380 760 b
1 2 4 5 10 20 40 50 100 140 280 380 760 b
1 2 4 5 10 20 40 50 100 150 190 380 760 b
1 2 4 5 10 20 40 60 65 125 190 380 760 b
1 2 4 5 10 20 40 60 65 130 190 380 760 b
1 2 4 5 10 20 40 60 70 120 190 380 760 a
1 2 4 5 10 20 40 60 70 130 190 380 760 b
1 2 4 5 10 20 40 60 80 160 220 380 760 b
1 2 4 5 10 20 40 60 80 160 320 380 760 b
1 2 4 5 10 20 40 60 100 140 240 380 760 b
1 2 4 5 10 20 40 60 100 140 280 380 760 b
1 2 4 5 10 20 40 60 100 160 220 380 760 b
1 2 4 5 10 20 40 60 100 160 320 380 760 b
1 2 4 5 10 20 40 60 120 130 190 380 760 b
1 2 4 5 10 20 40 60 120 130 250 380 760 b
1 2 4 5 10 20 40 60 120 130 260 380 760 b
1 2 4 5 10 20 40 60 120 140 240 380 760 a
1 2 4 5 10 20 40 60 120 140 260 380 760 b
1 2 4 5 10 20 40 60 120 160 220 380 760 b
1 2 4 5 10 20 40 60 120 160 320 380 760 b
1 2 4 5 10 20 40 60 120 160 320 440 760 b
1 2 4 5 10 20 40 60 120 160 320 640 760 b
1 2 4 5 10 20 40 60 120 180 190 380 760 b
1 2 4 5 10 20 40 60 120 180 200 380 760 b
1 2 4 5 10 20 40 60 120 180 360 380 760 b
1 2 4 5 10 20 40 60 120 180 360 400 760 b
1 2 4 5 10 20 40 60 120 180 360 720 760 b
1 2 4 5 10 20 40 60 120 240 260 380 760 b
1 2 4 5 10 20 40 60 120 240 260 500 760 b
1 2 4 5 10 20 40 60 120 240 260 520 760 b
1 2 4 5 10 20 40 60 120 240 280 480 760 a
1 2 4 5 10 20 40 60 120 240 280 520 760 b
1 2 4 5 10 20 40 60 120 240 360 380 760 b
1 2 4 5 10 20 40 60 120 240 360 400 760 b
1 2 4 5 10 20 40 60 120 240 360 720 760 b
1 2 4 5 10 20 40 60 120 240 480 520 760 b
1 2 4 5 10 20 40 60 120 240 480 720 760 b
1 2 4 5 10 20 40 80 85 95 190 380 760 b
1 2 4 5 10 20 40 80 85 105 190 380 760 b
1 2 4 5 10 20 40 80 85 170 190 380 760 b
1 2 4 5 10 20 40 80 85 170 210 380 760 b
1 2 4 5 10 20 40 80 85 170 340 380 760 b
1 2 4 5 10 20 40 80 85 170 340 420 760 b
1 2 4 5 10 20 40 80 85 170 340 680 760 b
1 2 4 5 10 20 40 80 90 95 190 380 760 b
1 2 4 5 10 20 40 80 90 100 190 380 760 b
1 2 4 5 10 20 40 80 90 110 190 380 760 b
1 2 4 5 10 20 40 80 90 170 190 380 760 b
1 2 4 5 10 20 40 80 90 170 210 380 760 b
1 2 4 5 10 20 40 80 90 170 340 380 760 b
1 2 4 5 10 20 40 80 90 170 340 420 760 b
1 2 4 5 10 20 40 80 90 170 340 680 760 b
1 2 4 5 10 20 40 80 90 180 190 380 760 b
1 2 4 5 10 20 40 80 90 180 200 380 760 b
1 2 4 5 10 20 40 80 90 180 360 380 760 b
1 2 4 5 10 20 40 80 90 180 360 400 760 b
1 2 4 5 10 20 40 80 90 180 360 720 760 b
1 2 4 5 10 20 40 80 100 110 190 380 760 b
1 2 4 5 10 20 40 80 100 140 240 380 760 b
1 2 4 5 10 20 40 80 100 140 280 380 760 b
1 2 4 5 10 20 40 80 100 180 190 380 760 b
1 2 4 5 10 20 40 80 100 180 200 380 760 b
1 2 4 5 10 20 40 80 100 180 280 380 760 b
1 2 4 5 10 20 40 80 100 180 360 380 760 b
1 2 4 5 10 20 40 80 100 180 360 400 760 b
1 2 4 5 10 20 40 80 100 180 360 720 760 b
1 2 4 5 10 20 40 80 100 200 280 380 760 b
1 2 4 5 10 20 40 80 100 200 280 480 760 b
1 2 4 5 10 20 40 80 100 200 280 560 760 b
1 2 4 5 10 20 40 80 100 200 300 380 760 b
1 2 4 5 10 20 40 80 120 130 250 380 760 b
1 2 4 5 10 20 40 80 120 130 260 380 760 b
1 2 4 5 10 20 40 80 120 140 240 380 760 a
1 2 4 5 10 20 40 80 120 140 260 380 760 b
1 2 4 5 10 20 40 80 120 160 320 440 760 b
1 2 4 5 10 20 40 80 120 160 320 640 760 b
1 2 4 5 10 20 40 80 120 200 280 480 760 b
1 2 4 5 10 20 40 80 120 200 280 560 760 b
1 2 4 5 10 20 40 80 120 200 320 440 760 b
1 2 4 5 10 20 40 80 120 200 320 640 760 b
1 2 4 5 10 20 40 80 120 240 260 380 760 b
1 2 4 5 10 20 40 80 120 240 260 500 760 b
1 2 4 5 10 20 40 80 120 240 260 520 760 b
1 2 4 5 10 20 40 80 120 240 280 480 760 a
1 2 4 5 10 20 40 80 120 240 280 520 760 b
1 2 4 5 10 20 40 80 120 240 320 440 760 b
1 2 4 5 10 20 40 80 120 240 320 640 760 b
1 2 4 5 10 20 40 80 120 240 360 380 760 b
1 2 4 5 10 20 40 80 120 240 360 400 760 b
1 2 4 5 10 20 40 80 120 240 360 720 760 b
1 2 4 5 10 20 40 80 120 240 480 520 760 b
1 2 4 5 10 20 40 80 120 240 480 720 760 b
1 2 4 5 10 20 40 80 160 170 190 380 760 b
1 2 4 5 10 20 40 80 160 170 210 380 760 b
1 2 4 5 10 20 40 80 160 170 340 380 760 b
1 2 4 5 10 20 40 80 160 170 340 420 760 b
1 2 4 5 10 20 40 80 160 170 340 680 760 b
1 2 4 5 10 20 40 80 160 180 190 380 760 b
1 2 4 5 10 20 40 80 160 180 200 380 760 b
1 2 4 5 10 20 40 80 160 180 220 380 760 b
1 2 4 5 10 20 40 80 160 180 340 380 760 b
1 2 4 5 10 20 40 80 160 180 340 420 760 b
1 2 4 5 10 20 40 80 160 180 340 680 760 b
1 2 4 5 10 20 40 80 160 180 360 380 760 b
1 2 4 5 10 20 40 80 160 180 360 400 760 b
1 2 4 5 10 20 40 80 160 180 360 720 760 b
1 2 4 5 10 20 40 80 160 200 220 380 760 b
1 2 4 5 10 20 40 80 160 200 280 480 760 b
1 2 4 5 10 20 40 80 160 200 280 560 760 b
1 2 4 5 10 20 40 80 160 200 360 380 760 b
1 2 4 5 10 20 40 80 160 200 360 400 760 b
1 2 4 5 10 20 40 80 160 200 360 560 760 b
1 2 4 5 10 20 40 80 160 200 360 720 760 b
1 2 4 5 10 20 40 80 160 200 400 560 760 b
1 2 4 5 10 20 40 80 160 200 400 600 760 b
1 2 4 5 10 20 40 80 160 240 260 500 760 b
1 2 4 5 10 20 40 80 160 240 260 520 760 b
1 2 4 5 10 20 40 80 160 240 280 480 760 a
1 2 4 5 10 20 40 80 160 240 280 520 760 b
1 2 4 5 10 20 40 80 160 240 480 520 760 b
1 2 4 5 10 20 40 80 160 240 480 720 760 b
1 2 4 5 10 20 40 80 160 320 340 380 760 b
1 2 4 5 10 20 40 80 160 320 340 420 760 b
1 2 4 5 10 20 40 80 160 320 340 680 760 b
1 2 4 5 10 20 40 80 160 320 360 380 760 b
1 2 4 5 10 20 40 80 160 320 360 400 760 b
1 2 4 5 10 20 40 80 160 320 360 440 760 b
1 2 4 5 10 20 40 80 160 320 360 680 760 b
1 2 4 5 10 20 40 80 160 320 360 720 760 b
1 2 4 5 10 20 40 80 160 320 400 440 760 b
1 2 4 5 10 20 40 80 160 320 400 720 760 b
1 2 4 5 10 20 40 80 160 320 640 680 760 b
1 2 4 5 10 20 40 80 160 320 640 720 760 b
1 2 4 6 7 11 22 44 51 95 190 380 760 b
1 2 4 6 7 11 22 44 88 95 190 380 760 b
1 2 4 6 7 12 19 38 57 95 190 380 760 a
1 2 4 6 7 12 19 38 76 95 190 380 760 a
1 2 4 6 7 12 19 38 76 114 190 380 760 a
1 2 4 6 7 12 19 38 76 152 190 380 760 a
1 2 4 6 7 12 19 38 76 152 228 380 760 a
1 2 4 6 7 12 19 38 76 152 304 380 760 a
1 2 4 6 7 12 19 38 76 152 304 456 760 a
1 2 4 6 7 12 19 38 76 152 304 608 760 a
1 2 4 6 7 13 19 38 57 95 190 380 760 b
1 2 4 6 7 13 19 38 76 95 190 380 760 b
1 2 4 6 7 13 19 38 76 114 190 380 760 b
1 2 4 6 7 13 19 38 76 152 190 380 760 b
1 2 4 6 7 13 19 38 76 152 228 380 760 b
1 2 4 6 7 13 19 38 76 152 304 380 760 b
1 2 4 6 7 13 19 38 76 152 304 456 760 b
1 2 4 6 7 13 19 38 76 152 304 608 760 b
1 2 4 6 8 14 22 44 88 102 190 380 760 b
1 2 4 6 8 14 22 44 88 176 190 380 760 b
1 2 4 6 8 16 22 38 76 114 190 380 760 b
1 2 4 6 8 16 22 38 76 152 190 380 760 b
1 2 4 6 8 16 22 38 76 152 228 380 760 b
1 2 4 6 8 16 22 38 76 152 304 380 760 b
1 2 4 6 8 16 22 38 76 152 304 456 760 b
1 2 4 6 8 16 22 38 76 152 304 608 760 b
1 2 4 6 8 16 32 38 76 114 190 380 760 b
1 2 4 6 8 16 32 38 76 152 190 380 760 b
1 2 4 6 8 16 32 38 76 152 228 380 760 b
1 2 4 6 8 16 32 38 76 152 304 380 760 b
1 2 4 6 8 16 32 38 76 152 304 456 760 b
1 2 4 6 8 16 32 38 76 152 304 608 760 b
1 2 4 6 10 11 21 42 53 95 190 380 760 b
1 2 4 6 10 11 21 42 84 95 190 380 760 b
1 2 4 6 10 14 24 38 76 114 190 380 760 b
1 2 4 6 10 14 24 38 76 152 190 380 760 b
1 2 4 6 10 14 24 38 76 152 228 380 760 b
1 2 4 6 10 14 24 38 76 152 304 380 760 b
1 2 4 6 10 14 24 38 76 152 304 456 760 b
1 2 4 6 10 14 24 38 76 152 304 608 760 b
1 2 4 6 10 14 28 38 76 114 190 380 760 b
1 2 4 6 10 14 28 38 76 152 190 380 760 b
1 2 4 6 10 14 28 38 76 152 228 380 760 b
1 2 4 6 10 14 28 38 76 152 304 380 760 b
1 2 4 6 10 14 28 38 76 152 304 456 760 b
1 2 4 6 10 14 28 38 76 152 304 608 760 b
1 2 4 6 10 16 22 38 76 114 190 380 760 b
1 2 4 6 10 16 22 38 76 152 190 380 760 b
1 2 4 6 10 16 22 38 76 152 228 380 760 b
1 2 4 6 10 16 22 38 76 152 304 380 760 b
1 2 4 6 10 16 22 38 76 152 304 456 760 b
1 2 4 6 10 16 22 38 76 152 304 608 760 b
1 2 4 6 10 16 32 38 76 114 190 380 760 b
1 2 4 6 10 16 32 38 76 152 190 380 760 b
1 2 4 6 10 16 32 38 76 152 228 380 760 b
1 2 4 6 10 16 32 38 76 152 304 380 760 b
1 2 4 6 10 16 32 38 76 152 304 456 760 b
1 2 4 6 10 16 32 38 76 152 304 608 760 b
1 2 4 6 10 16 32 42 74 116 190 380 760 b
1 2 4 6 10 16 32 42 74 148 190 380 760 b
1 2 4 6 10 20 22 42 84 106 190 380 760 b
1 2 4 6 10 20 22 42 84 168 190 380 760 b
1 2 4 6 10 20 26 46 72 118 190 380 760 b
1 2 4 6 10 20 26 46 72 144 190 380 760 b
1 2 4 6 10 20 26 46 92 98 190 380 760 b
1 2 4 6 10 20 26 46 92 184 190 380 760 b
1 2 4 6 10 20 30 40 80 110 190 380 760 b
1 2 4 6 10 20 30 40 80 160 190 380 760 b
1 2 4 6 10 20 30 50 70 120 190 380 760 b
1 2 4 6 10 20 30 50 70 140 190 380 760 b
1 2 4 6 10 20 30 50 80 110 190 380 760 b
1 2 4 6 10 20 30 50 80 160 190 380 760 b
1 2 4 6 10 20 30 60 70 120 190 380 760 a
1 2 4 6 10 20 30 60 70 130 190 380 760 b
1 2 4 6 10 20 30 60 80 110 190 380 760 b
1 2 4 6 10 20 30 60 80 160 190 380 760 b
1 2 4 6 10 20 30 60 80 160 220 380 760 b
1 2 4 6 10 20 30 60 80 160 320 380 760 b
1 2 4 6 10 20 30 60 90 100 190 380 760 b
1 2 4 6 10 20 30 60 90 180 190 380 760 b
1 2 4 6 10 20 30 60 90 180 200 380 760 b
1 2 4 6 10 20 30 60 90 180 360 380 760 b
1 2 4 6 10 20 30 60 120 130 190 380 760 b
1 2 4 6 10 20 30 60 120 130 250 380 760 b
1 2 4 6 10 20 30 60 120 130 260 380 760 b
1 2 4 6 10 20 30 60 120 140 240 380 760 a
1 2 4 6 10 20 30 60 120 140 260 380 760 b
1 2 4 6 10 20 30 60 120 180 190 380 760 b
1 2 4 6 10 20 30 60 120 180 200 380 760 b
1 2 4 6 10 20 30 60 120 180 360 380 760 b
1 2 4 6 10 20 30 60 120 240 260 380 760 b
1 2 4 6 10 20 30 60 120 240 260 500 760 b
1 2 4 6 10 20 30 60 120 240 260 520 760 b
1 2 4 6 10 20 30 60 120 240 360 380 760 b
1 2 4 6 10 20 40 44 84 168 212 380 760 b
1 2 4 6 10 20 40 44 84 168 336 380 760 b
1 2 4 6 10 20 40 46 92 98 190 380 760 b
1 2 4 6 10 20 40 46 92 184 190 380 760 b
1 2 4 6 10 20 40 50 70 120 190 380 760 b
1 2 4 6 10 20 40 50 70 140 190 380 760 b
1 2 4 6 10 20 40 50 90 100 190 380 760 b
1 2 4 6 10 20 40 50 90 140 190 380 760 b
1 2 4 6 10 20 40 50 90 180 190 380 760 b
1 2 4 6 10 20 40 50 90 180 200 380 760 b
1 2 4 6 10 20 40 50 90 180 360 380 760 b
1 2 4 6 10 20 40 50 90 180 360 400 760 b
1 2 4 6 10 20 40 50 90 180 360 720 760 b
1 2 4 6 10 20 40 50 100 140 190 380 760 b
1 2 4 6 10 20 40 50 100 140 240 380 760 b
1 2 4 6 10 20 40 50 100 140 280 380 760 b
1 2 4 6 10 20 40 50 100 150 190 380 760 b
1 2 4 6 10 20 40 60 70 120 190 380 760 a
1 2 4 6 10 20 40 60 70 130 190 380 760 b
1 2 4 6 10 20 40 60 80 160 220 380 760 b
1 2 4 6 10 20 40 60 80 160 320 380 760 b
1 2 4 6 10 20 40 60 100 140 240 380 760 b
1 2 4 6 10 20 40 60 100 140 280 380 760 b
1 2 4 6 10 20 40 60 100 160 220 380 760 b
1 2 4 6 10 20 40 60 100 160 320 380 760 b
1 2 4 6 10 20 40 60 120 130 190 380 760 b
1 2 4 6 10 20 40 60 120 130 250 380 760 b
1 2 4 6 10 20 40 60 120 130 260 380 760 b
1 2 4 6 10 20 40 60 120 140 240 380 760 a
1 2 4 6 10 20 40 60 120 140 260 380 760 b
1 2 4 6 10 20 40 60 120 160 220 380 760 b
1 2 4 6 10 20 40 60 120 160 320 380 760 b
1 2 4 6 10 20 40 60 120 160 320 440 760 b
1 2 4 6 10 20 40 60 120 160 320 640 760 b
1 2 4 6 10 20 40 60 120 180 190 380 760 b
1 2 4 6 10 20 40 60 120 180 200 380 760 b
1 2 4 6 10 20 40 60 120 180 360 380 760 b
1 2 4 6 10 20 40 60 120 180 360 400 760 b
1 2 4 6 10 20 40 60 120 180 360 720 760 b
1 2 4 6 10 20 40 60 120 240 260 380 760 b
1 2 4 6 10 20 40 60 120 240 260 500 760 b
1 2 4 6 10 20 40 60 120 240 260 520 760 b
1 2 4 6 10 20 40 60 120 240 280 480 760 a
1 2 4 6 10 20 40 60 120 240 280 520 760 b
1 2 4 6 10 20 40 60 120 240 360 380 760 b
1 2 4 6 10 20 40 60 120 240 360 400 760 b
1 2 4 6 10 20 40 60 120 240 360 720 760 b
1 2 4 6 10 20 40 60 120 240 480 520 760 b
1 2 4 6 10 20 40 60 120 240 480 720 760 b
1 2 4 6 10 20 40 80 90 100 190 380 760 b
1 2 4 6 10 20 40 80 90 110 190 380 760 b
1 2 4 6 10 20 40 80 90 170 190 380 760 b
1 2 4 6 10 20 40 80 90 170 210 380 760 b
1 2 4 6 10 20 40 80 90 170 340 380 760 b
1 2 4 6 10 20 40 80 90 170 340 420 760 b
1 2 4 6 10 20 40 80 90 170 340 680 760 b
1 2 4 6 10 20 40 80 90 180 190 380 760 b
1 2 4 6 10 20 40 80 90 180 200 380 760 b
1 2 4 6 10 20 40 80 90 180 360 380 760 b
1 2 4 6 10 20 40 80 90 180 360 400 760 b
1 2 4 6 10 20 40 80 90 180 360 720 760 b
1 2 4 6 10 20 40 80 100 110 190 380 760 b
1 2 4 6 10 20 40 80 100 140 240 380 760 b
1 2 4 6 10 20 40 80 100 140 280 380 760 b
1 2 4 6 10 20 40 80 100 180 190 380 760 b
1 2 4 6 10 20 40 80 100 180 200 380 760 b
1 2 4 6 10 20 40 80 100 180 280 380 760 b
1 2 4 6 10 20 40 80 100 180 360 380 760 b
1 2 4 6 10 20 40 80 100 180 360 400 760 b
1 2 4 6 10 20 40 80 100 180 360 720 760 b
1 2 4 6 10 20 40 80 100 200 280 380 760 b
1 2 4 6 10 20 40 80 100 200 280 480 760 b
1 2 4 6 10 20 40 80 100 200 280 560 760 b
1 2 4 6 10 20 40 80 100 200 300 380 760 b
1 2 4 6 10 20 40 80 120 130 250 380 760 b
1 2 4 6 10 20 40 80 120 130 260 380 760 b
1 2 4 6 10 20 40 80 120 140 240 380 760 a
1 2 4 6 10 20 40 80 120 140 260 380 760 b
1 2 4 6 10 20 40 80 120 160 320 440 760 b
1 2 4 6 10 20 40 80 120 160 320 640 760 b
1 2 4 6 10 20 40 80 120 200 280 480 760 b
1 2 4 6 10 20 40 80 120 200 280 560 760 b
1 2 4 6 10 20 40 80 120 200 320 440 760 b
1 2 4 6 10 20 40 80 120 200 320 640 760 b
1 2 4 6 10 20 40 80 120 240 260 380 760 b
1 2 4 6 10 20 40 80 120 240 260 500 760 b
1 2 4 6 10 20 40 80 120 240 260 520 760 b
1 2 4 6 10 20 40 80 120 240 280 480 760 a
1 2 4 6 10 20 40 80 120 240 280 520 760 b
1 2 4 6 10 20 40 80 120 240 320 440 760 b
1 2 4 6 10 20 40 80 120 240 320 640 760 b
1 2 4 6 10 20 40 80 120 240 360 380 760 b
1 2 4 6 10 20 40 80 120 240 360 400 760 b
1 2 4 6 10 20 40 80 120 240 360 720 760 b
1 2 4 6 10 20 40 80 120 240 480 520 760 b
1 2 4 6 10 20 40 80 120 240 480 720 760 b
1 2 4 6 10 20 40 80 160 170 190 380 760 b
1 2 4 6 10 20 40 80 160 170 210 380 760 b
1 2 4 6 10 20 40 80 160 170 340 380 760 b
1 2 4 6 10 20 40 80 160 170 340 420 760 b
1 2 4 6 10 20 40 80 160 170 340 680 760 b
1 2 4 6 10 20 40 80 160 180 190 380 760 b
1 2 4 6 10 20 40 80 160 180 200 380 760 b
1 2 4 6 10 20 40 80 160 180 220 380 760 b
1 2 4 6 10 20 40 80 160 180 340 380 760 b
1 2 4 6 10 20 40 80 160 180 340 420 760 b
1 2 4 6 10 20 40 80 160 180 340 680 760 b
1 2 4 6 10 20 40 80 160 180 360 380 760 b
1 2 4 6 10 20 40 80 160 180 360 400 760 b
1 2 4 6 10 20 40 80 160 180 360 720 760 b
1 2 4 6 10 20 40 80 160 200 220 380 760 b
1 2 4 6 10 20 40 80 160 200 280 480 760 b
1 2 4 6 10 20 40 80 160 200 280 560 760 b
1 2 4 6 10 20 40 80 160 200 360 380 760 b
1 2 4 6 10 20 40 80 160 200 360 400 760 b
1 2 4 6 10 20 40 80 160 200 360 560 760 b
1 2 4 6 10 20 40 80 160 200 360 720 760 b
1 2 4 6 10 20 40 80 160 200 400 560 760 b
1 2 4 6 10 20 40 80 160 200 400 600 760 b
1 2 4 6 10 20 40 80 160 240 260 500 760 b
1 2 4 6 10 20 40 80 160 240 260 520 760 b
1 2 4 6 10 20 40 80 160 240 280 480 760 a
1 2 4 6 10 20 40 80 160 240 280 520 760 b
1 2 4 6 10 20 40 80 160 240 480 520 760 b
1 2 4 6 10 20 40 80 160 240 480 720 760 b
1 2 4 6 10 20 40 80 160 320 340 380 760 b
1 2 4 6 10 20 40 80 160 320 340 420 760 b
1 2 4 6 10 20 40 80 160 320 340 680 760 b
1 2 4 6 10 20 40 80 160 320 360 380 760 b
1 2 4 6 10 20 40 80 160 320 360 400 760 b
1 2 4 6 10 20 40 80 160 320 360 440 760 b
1 2 4 6 10 20 40 80 160 320 360 680 760 b
1 2 4 6 10 20 40 80 160 320 360 720 760 b
1 2 4 6 10 20 40 80 160 320 400 440 760 b
1 2 4 6 10 20 40 80 160 320 400 720 760 b
1 2 4 6 10 20 40 80 160 320 640 680 760 b
1 2 4 6 10 20 40 80 160 320 640 720 760 b
1 2 4 6 12 13 19 38 57 95 190 380 760 b
1 2 4 6 12 13 19 38 76 95 190 380 760 b
1 2 4 6 12 13 19 38 76 114 190 380 760 b
1 2 4 6 12 13 19 38 76 152 190 380 760 b
1 2 4 6 12 13 19 38 76 152 228 380 760 b
1 2 4 6 12 13 19 38 76 152 304 380 760 b
1 2 4 6 12 13 19 38 76 152 304 456 760 b
1 2 4 6 12 13 19 38 76 152 304 608 760 b
1 2 4 6 12 13 25 38 76 114 190 380 760 b
1 2 4 6 12 13 25 38 76 152 190 380 760 b
1 2 4 6 12 13 25 38 76 152 228 380 760 b
1 2 4 6 12 13 25 38 76 152 304 380 760 b
1 2 4 6 12 13 25 38 76 152 304 456 760 b
1 2 4 6 12 13 25 38 76 152 304 608 760 b
1 2 4 6 12 13 26 38 76 114 190 380 760 b
1 2 4 6 12 13 26 38 76 152 190 380 760 b
1 2 4 6 12 13 26 38 76 152 228 380 760 b
1 2 4 6 12 13 26 38 76 152 304 380 760 b
1 2 4 6 12 13 26 38 76 152 304 456 760 b
1 2 4 6 12 13 26 38 76 152 304 608 760 b
1 2 4 6 12 14 24 38 76 114 190 380 760 a
1 2 4 6 12 14 24 38 76 152 190 380 760 a
1 2 4 6 12 14 24 38 76 152 228 380 760 a
1 2 4 6 12 14 24 38 76 152 304 380 760 a
1 2 4 6 12 14 24 38 76 152 304 456 760 a
1 2 4 6 12 14 24 38 76 152 304 608 760 a
1 2 4 6 12 14 26 38 76 114 190 380 760 b
1 2 4 6 12 14 26 38 76 152 190 380 760 b
1 2 4 6 12 14 26 38 76 152 228 380 760 b
1 2 4 6 12 14 26 38 76 152 304 380 760 b
1 2 4 6 12 14 26 38 76 152 304 456 760 b
1 2 4 6 12 14 26 38 76 152 304 608 760 b
1 2 4 6 12 16 22 38 76 114 190 380 760 b
1 2 4 6 12 16 22 38 76 152 190 380 760 b
1 2 4 6 12 16 22 38 76 152 228 380 760 b
1 2 4 6 12 16 22 38 76 152 304 380 760 b
1 2 4 6 12 16 22 38 76 152 304 456 760 b
1 2 4 6 12 16 22 38 76 152 304 608 760 b
1 2 4 6 12 16 28 44 88 176 204 380 760 b
1 2 4 6 12 16 28 44 88 176 352 380 760 b
1 2 4 6 12 16 32 38 76 114 190 380 760 b
1 2 4 6 12 16 32 38 76 152 190 380 760 b
1 2 4 6 12 16 32 38 76 152 228 380 760 b
1 2 4 6 12 16 32 38 76 152 304 380 760 b
1 2 4 6 12 16 32 38 76 152 304 456 760 b
1 2 4 6 12 16 32 38 76 152 304 608 760 b
1 2 4 6 12 16 32 44 76 152 228 380 760 b
1 2 4 6 12 16 32 44 76 152 304 380 760 b
1 2 4 6 12 16 32 44 76 152 304 456 760 b
1 2 4 6 12 16 32 44 76 152 304 608 760 b
1 2 4 6 12 16 32 64 76 152 228 380 760 b
1 2 4 6 12 16 32 64 76 152 304 380 760 b
1 2 4 6 12 16 32 64 76 152 304 456 760 b
1 2 4 6 12 16 32 64 76 152 304 608 760 b
1 2 4 6 12 18 19 38 57 95 190 380 760 b
1 2 4 6 12 18 19 38 76 95 190 380 760 b
1 2 4 6 12 18 19 38 76 114 190 380 760 b
1 2 4 6 12 18 19 38 76 152 190 380 760 b
1 2 4 6 12 18 19 38 76 152 228 380 760 b
1 2 4 6 12 18 19 38 76 152 304 380 760 b
1 2 4 6 12 18 19 38 76 152 304 456 760 b
1 2 4 6 12 18 19 38 76 152 304 608 760 b
1 2 4 6 12 18 20 38 76 114 190 380 760 b
1 2 4 6 12 18 20 38 76 152 190 380 760 b
1 2 4 6 12 18 20 38 76 152 228 380 760 b
1 2 4 6 12 18 20 38 76 152 304 380 760 b
1 2 4 6 12 18 20 38 76 152 304 456 760 b
1 2 4 6 12 18 20 38 76 152 304 608 760 b
1 2 4 6 12 18 36 38 76 114 190 380 760 b
1 2 4 6 12 18 36 38 76 152 190 380 760 b
1 2 4 6 12 18 36 38 76 152 228 380 760 b
1 2 4 6 12 18 36 38 76 152 304 380 760 b
1 2 4 6 12 18 36 38 76 152 304 456 760 b
1 2 4 6 12 18 36 38 76 152 304 608 760 b
1 2 4 6 12 18 36 40 76 152 228 380 760 b
1 2 4 6 12 18 36 40 76 152 304 380 760 b
1 2 4 6 12 18 36 40 76 152 304 456 760 b
1 2 4 6 12 18 36 40 76 152 304 608 760 b
1 2 4 6 12 18 36 72 76 152 228 380 760 b
1 2 4 6 12 18 36 72 76 152 304 380 760 b
1 2 4 6 12 18 36 72 76 152 304 456 760 b
1 2 4 6 12 18 36 72 76 152 304 608 760 b
1 2 4 6 12 24 26 38 76 114 190 380 760 b
1 2 4 6 12 24 26 38 76 152 190 380 760 b
1 2 4 6 12 24 26 38 76 152 228 380 760 b
1 2 4 6 12 24 26 38 76 152 304 380 760 b
1 2 4 6 12 24 26 38 76 152 304 456 760 b
1 2 4 6 12 24 26 38 76 152 304 608 760 b
1 2 4 6 12 24 26 50 76 152 228 380 760 b
1 2 4 6 12 24 26 50 76 152 304 380 760 b
1 2 4 6 12 24 26 50 76 152 304 456 760 b
1 2 4 6 12 24 26 50 76 152 304 608 760 b
1 2 4 6 12 24 26 52 76 152 228 380 760 b
1 2 4 6 12 24 26 52 76 152 304 380 760 b
1 2 4 6 12 24 26 52 76 152 304 456 760 b
1 2 4 6 12 24 26 52 76 152 304 608 760 b
1 2 4 6 12 24 28 48 76 152 228 380 760 a
1 2 4 6 12 24 28 48 76 152 304 380 760 a
1 2 4 6 12 24 28 48 76 152 304 456 760 a
1 2 4 6 12 24 28 48 76 152 304 608 760 a
1 2 4 6 12 24 28 52 76 152 228 380 760 b
1 2 4 6 12 24 28 52 76 152 304 380 760 b
1 2 4 6 12 24 28 52 76 152 304 456 760 b
1 2 4 6 12 24 28 52 76 152 304 608 760 b
1 2 4 6 12 24 36 38 76 114 190 380 760 b
1 2 4 6 12 24 36 38 76 152 190 380 760 b
1 2 4 6 12 24 36 38 76 152 228 380 760 b
1 2 4 6 12 24 36 38 76 152 304 380 760 b
1 2 4 6 12 24 36 38 76 152 304 456 760 b
1 2 4 6 12 24 36 38 76 152 304 608 760 b
1 2 4 6 12 24 36 40 76 152 228 380 760 b
1 2 4 6 12 24 36 40 76 152 304 380 760 b
1 2 4 6 12 24 36 40 76 152 304 456 760 b
1 2 4 6 12 24 36 40 76 152 304 608 760 b
1 2 4 6 12 24 36 72 76 152 228 380 760 b
1 2 4 6 12 24 36 72 76 152 304 380 760 b
1 2 4 6 12 24 36 72 76 152 304 456 760 b
1 2 4 6 12 24 36 72 76 152 304 608 760 b
1 2 4 6 12 24 48 52 76 152 228 380 760 b
1 2 4 6 12 24 48 52 76 152 304 380 760 b
1 2 4 6 12 24 48 52 76 152 304 456 760 b
1 2 4 6 12 24 48 52 76 152 304 608 760 b
1 2 4 6 12 24 48 52 100 152 304 456 760 b
1 2 4 6 12 24 48 52 100 152 304 608 760 b
1 2 4 6 12 24 48 52 104 152 304 456 760 b
1 2 4 6 12 24 48 52 104 152 304 608 760 b
1 2 4 6 12 24 48 72 76 152 228 380 760 b
1 2 4 6 12 24 48 72 76 152 304 380 760 b
1 2 4 6 12 24 48 72 76 152 304 456 760 b
1 2 4 6 12 24 48 72 76 152 304 608 760 b
1 2 4 8 9 10 19 38 57 95 190 380 760 b
1 2 4 8 9 10 19 38 76 95 190 380 760 b
1 2 4 8 9 10 19 38 76 114 190 380 760 b
1 2 4 8 9 10 19 38 76 152 190 380 760 b
1 2 4 8 9 10 19 38 76 152 228 380 760 b
1 2 4 8 9 10 19 38 76 152 304 380 760 b
1 2 4 8 9 10 19 38 76 152 304 456 760 b
1 2 4 8 9 10 19 38 76 152 304 608 760 b
1 2 4 8 9 11 19 38 57 95 190 380 760 b
1 2 4 8 9 11 19 38 76 95 190 380 760 b
1 2 4 8 9 11 19 38 76 114 190 380 760 b
1 2 4 8 9 11 19 38 76 152 190 380 760 b
1 2 4 8 9 11 19 38 76 152 228 380 760 b
1 2 4 8 9 11 19 38 76 152 304 380 760 b
1 2 4 8 9 11 19 38 76 152 304 456 760 b
1 2 4 8 9 11 19 38 76 152 304 608 760 b
1 2 4 8 9 17 19 38 57 95 190 380 760 b
1 2 4 8 9 17 19 38 76 95 190 380 760 b
1 2 4 8 9 17 19 38 76 114 190 380 760 b
1 2 4 8 9 17 19 38 76 152 190 380 760 b
1 2 4 8 9 17 19 38 76 152 228 380 760 b
1 2 4 8 9 17 19 38 76 152 304 380 760 b
1 2 4 8 9 17 19 38 76 152 304 456 760 b
1 2 4 8 9 17 19 38 76 152 304 608 760 b
1 2 4 8 9 17 21 38 76 114 190 380 760 b
1 2 4 8 9 17 21 38 76 152 190 380 760 b
1 2 4 8 9 17 21 38 76 152 228 380 760 b
1 2 4 8 9 17 21 38 76 152 304 380 760 b
1 2 4 8 9 17 21 38 76 152 304 456 760 b
1 2 4 8 9 17 21 38 76 152 304 608 760 b
1 2 4 8 9 17 26 43 52 95 190 380 760 b
1 2 4 8 9 17 26 43 69 95 190 380 760 b
1 2 4 8 9 17 26 43 86 95 190 380 760 b
1 2 4 8 9 17 26 52 69 95 190 380 760 b
1 2 4 8 9 17 26 52 69 121 190 380 760 b
1 2 4 8 9 17 26 52 69 138 190 380 760 b
1 2 4 8 9 17 26 52 78 95 190 380 760 b
1 2 4 8 9 17 34 38 76 114 190 380 760 b
1 2 4 8 9 17 34 38 76 152 190 380 760 b
1 2 4 8 9 17 34 38 76 152 228 380 760 b
1 2 4 8 9 17 34 38 76 152 304 380 760 b
1 2 4 8 9 17 34 38 76 152 304 456 760 b
1 2 4 8 9 17 34 38 76 152 304 608 760 b
1 2 4 8 9 17 34 42 76 152 228 380 760 b
1 2 4 8 9 17 34 42 76 152 304 380 760 b
1 2 4 8 9 17 34 42 76 152 304 456 760 b
1 2 4 8 9 17 34 42 76 152 304 608 760 b
1 2 4 8 9 17 34 43 52 95 190 380 760 b
1 2 4 8 9 17 34 43 86 95 190 380 760 b
1 2 4 8 9 17 34 68 76 152 228 380 760 b
1 2 4 8 9 17 34 68 76 152 304 380 760 b
1 2 4 8 9 17 34 68 76 152 304 456 760 b
1 2 4 8 9 17 34 68 76 152 304 608 760 b
1 2 4 8 9 18 19 38 57 95 190 380 760 b
1 2 4 8 9 18 19 38 76 95 190 380 760 b
1 2 4 8 9 18 19 38 76 114 190 380 760 b
1 2 4 8 9 18 19 38 76 152 190 380 760 b
1 2 4 8 9 18 19 38 76 152 228 380 760 b
1 2 4 8 9 18 19 38 76 152 304 380 760 b
1 2 4 8 9 18 19 38 76 152 304 456 760 b
1 2 4 8 9 18 19 38 76 152 304 608 760 b
1 2 4 8 9 18 20 38 76 114 190 380 760 b
1 2 4 8 9 18 20 38 76 152 190 380 760 b
1 2 4 8 9 18 20 38 76 152 228 380 760 b
1 2 4 8 9 18 20 38 76 152 304 380 760 b
1 2 4 8 9 18 20 38 76 152 304 456 760 b
1 2 4 8 9 18 20 38 76 152 304 608 760 b
1 2 4 8 9 18 36 38 76 114 190 380 760 b
1 2 4 8 9 18 36 38 76 152 190 380 760 b
1 2 4 8 9 18 36 38 76 152 228 380 760 b
1 2 4 8 9 18 36 38 76 152 304 380 760 b
1 2 4 8 9 18 36 38 76 152 304 456 760 b
1 2 4 8 9 18 36 38 76 152 304 608 760 b
1 2 4 8 9 18 36 40 76 152 228 380 760 b
1 2 4 8 9 18 36 40 76 152 304 380 760 b
1 2 4 8 9 18 36 40 76 152 304 456 760 b
1 2 4 8 9 18 36 40 76 152 304 608 760 b
1 2 4 8 9 18 36 72 76 152 228 380 760 b
1 2 4 8 9 18 36 72 76 152 304 380 760 b
1 2 4 8 9 18 36 72 76 152 304 456 760 b
1 2 4 8 9 18 36 72 76 152 304 608 760 b
1 2 4 8 9 18 36 72 80 152 304 456 760 b
1 2 4 8 9 18 36 72 80 152 304 608 760 b
1 2 4 8 9 18 36 72 144 152 304 456 760 b
1 2 4 8 9 18 36 72 144 152 304 608 760 b
1 2 4 8 10 11 19 38 57 95 190 380 760 b
1 2 4 8 10 11 19 38 76 95 190 380 760 b
1 2 4 8 10 11 19 38 76 114 190 380 760 b
1 2 4 8 10 11 19 38 76 152 190 380 760 b
1 2 4 8 10 11 19 38 76 152 228 380 760 b
1 2 4 8 10 11 19 38 76 152 304 380 760 b
1 2 4 8 10 11 19 38 76 152 304 456 760 b
1 2 4 8 10 11 19 38 76 152 304 608 760 b
1 2 4 8 10 11 21 42 53 95 190 380 760 b
1 2 4 8 10 11 21 42 84 95 190 380 760 b
1 2 4 8 10 14 22 44 88 102 190 380 760 b
1 2 4 8 10 14 22 44 88 176 190 380 760 b
1 2 4 8 10 14 24 38 76 114 190 380 760 b
1 2 4 8 10 14 24 38 76 152 190 380 760 b
1 2 4 8 10 14 24 38 76 152 228 380 760 b
1 2 4 8 10 14 24 38 76 152 304 380 760 b
1 2 4 8 10 14 24 38 76 152 304 456 760 b
1 2 4 8 10 14 24 38 76 152 304 608 760 b
1 2 4 8 10 14 28 38 76 114 190 380 760 b
1 2 4 8 10 14 28 38 76 152 190 380 760 b
1 2 4 8 10 14 28 38 76 152 228 380 760 b
1 2 4 8 10 14 28 38 76 152 304 380 760 b
1 2 4 8 10 14 28 38 76 152 304 456 760 b
1 2 4 8 10 14 28 38 76 152 304 608 760 b
1 2 4 8 10 16 32 42 74 116 190 380 760 a
1 2 4 8 10 16 32 42 74 148 190 380 760 a
1 2 4 8 10 18 19 38 57 95 190 380 760 b
1 2 4 8 10 18 19 38 76 95 190 380 760 b
1 2 4 8 10 18 19 38 76 114 190 380 760 b
1 2 4 8 10 18 19 38 76 152 190 380 760 b
1 2 4 8 10 18 19 38 76 152 228 380 760 b
1 2 4 8 10 18 19 38 76 152 304 380 760 b
1 2 4 8 10 18 19 38 76 152 304 456 760 b
1 2 4 8 10 18 19 38 76 152 304 608 760 b
1 2 4 8 10 18 20 38 76 114 190 380 760 b
1 2 4 8 10 18 20 38 76 152 190 380 760 b
1 2 4 8 10 18 20 38 76 152 228 380 760 b
1 2 4 8 10 18 20 38 76 152 304 380 760 b
1 2 4 8 10 18 20 38 76 152 304 456 760 b
1 2 4 8 10 18 20 38 76 152 304 608 760 b
1 2 4 8 10 18 28 38 76 114 190 380 760 b
1 2 4 8 10 18 28 38 76 152 190 380 760 b
1 2 4 8 10 18 28 38 76 152 228 380 760 b
1 2 4 8 10 18 28 38 76 152 304 380 760 b
1 2 4 8 10 18 28 38 76 152 304 456 760 b
1 2 4 8 10 18 28 38 76 152 304 608 760 b
1 2 4 8 10 18 36 38 76 114 190 380 760 b
1 2 4 8 10 18 36 38 76 152 190 380 760 b
1 2 4 8 10 18 36 38 76 152 228 380 760 b
1 2 4 8 10 18 36 38 76 152 304 380 760 b
1 2 4 8 10 18 36 38 76 152 304 456 760 b
1 2 4 8 10 18 36 38 76 152 304 608 760 b
1 2 4 8 10 18 36 40 76 152 228 380 760 b
1 2 4 8 10 18 36 40 76 152 304 380 760 b
1 2 4 8 10 18 36 40 76 152 304 456 760 b
1 2 4 8 10 18 36 40 76 152 304 608 760 b
1 2 4 8 10 18 36 46 72 118 190 380 760 a
1 2 4 8 10 18 36 46 72 144 190 380 760 a
1 2 4 8 10 18 36 54 90 100 190 380 760 b
1 2 4 8 10 18 36 54 90 180 190 380 760 b
1 2 4 8 10 18 36 72 76 152 228 380 760 b
1 2 4 8 10 18 36 72 76 152 304 380 760 b
1 2 4 8 10 18 36 72 76 152 304 456 760 b
1 2 4 8 10 18 36 72 76 152 304 608 760 b
1 2 4 8 10 18 36 72 80 152 304 456 760 b
1 2 4 8 10 18 36 72 80 152 304 608 760 b
1 2 4 8 10 18 36 72 82 108 190 380 760 a
1 2 4 8 10 18 36 72 82 118 190 380 760 b
1 2 4 8 10 18 36 72 82 154 190 380 760 b
1 2 4 8 10 18 36 72 82 154 226 380 760 b
1 2 4 8 10 18 36 72 82 154 308 380 760 b
1 2 4 8 10 18 36 72 90 100 190 380 760 b
1 2 4 8 10 18 36 72 90 180 190 380 760 b
1 2 4 8 10 18 36 72 108 118 190 380 760 b
1 2 4 8 10 18 36 72 108 180 190 380 760 b
1 2 4 8 10 18 36 72 144 152 304 456 760 b
1 2 4 8 10 18 36 72 144 152 304 608 760 b
1 2 4 8 10 18 36 72 144 154 190 380 760 b
1 2 4 8 10 18 36 72 144 154 226 380 760 b
1 2 4 8 10 18 36 72 144 154 308 380 760 b
1 2 4 8 10 18 36 72 144 154 308 452 760 b
1 2 4 8 10 18 36 72 144 154 308 616 760 b
1 2 4 8 10 18 36 72 144 180 190 380 760 b
1 2 4 8 10 20 22 42 84 106 190 380 760 b
1 2 4 8 10 20 22 42 84 168 190 380 760 b
1 2 4 8 10 20 28 38 76 114 190 380 760 b
1 2 4 8 10 20 28 38 76 152 190 380 760 b
1 2 4 8 10 20 28 38 76 152 228 380 760 b
1 2 4 8 10 20 28 38 76 152 304 380 760 b
1 2 4 8 10 20 28 38 76 152 304 456 760 b
1 2 4 8 10 20 28 38 76 152 304 608 760 b
1 2 4 8 10 20 28 48 76 152 228 380 760 b
1 2 4 8 10 20 28 48 76 152 304 380 760 b
1 2 4 8 10 20 28 48 76 152 304 456 760 b
1 2 4 8 10 20 28 48 76 152 304 608 760 b
1 2 4 8 10 20 28 56 76 152 228 380 760 b
1 2 4 8 10 20 28 56 76 152 304 380 760 b
1 2 4 8 10 20 28 56 76 152 304 456 760 b
1 2 4 8 10 20 28 56 76 152 304 608 760 b
1 2 4 8 10 20 30 38 76 114 190 380 760 b
1 2 4 8 10 20 30 38 76 152 190 380 760 b
1 2 4 8 10 20 30 38 76 152 228 380 760 b
1 2 4 8 10 20 30 38 76 152 304 380 760 b
1 2 4 8 10 20 30 38 76 152 304 456 760 b
1 2 4 8 10 20 30 38 76 152 304 608 760 b
1 2 4 8 10 20 30 40 80 110 190 380 760 b
1 2 4 8 10 20 30 40 80 160 190 380 760 b
1 2 4 8 10 20 30 50 70 120 190 380 760 b
1 2 4 8 10 20 30 50 70 140 190 380 760 b
1 2 4 8 10 20 30 50 80 110 190 380 760 b
1 2 4 8 10 20 30 50 80 160 190 380 760 b
1 2 4 8 10 20 30 60 70 120 190 380 760 a
1 2 4 8 10 20 30 60 70 130 190 380 760 b
1 2 4 8 10 20 30 60 80 110 190 380 760 b
1 2 4 8 10 20 30 60 80 160 190 380 760 b
1 2 4 8 10 20 30 60 80 160 220 380 760 b
1 2 4 8 10 20 30 60 80 160 320 380 760 b
1 2 4 8 10 20 30 60 90 100 190 380 760 b
1 2 4 8 10 20 30 60 90 180 190 380 760 b
1 2 4 8 10 20 30 60 90 180 200 380 760 b
1 2 4 8 10 20 30 60 90 180 360 380 760 b
1 2 4 8 10 20 30 60 120 130 190 380 760 b
1 2 4 8 10 20 30 60 120 130 250 380 760 b
1 2 4 8 10 20 30 60 120 130 260 380 760 b
1 2 4 8 10 20 30 60 120 140 240 380 760 a
1 2 4 8 10 20 30 60 120 140 260 380 760 b
1 2 4 8 10 20 30 60 120 180 190 380 760 b
1 2 4 8 10 20 30 60 120 180 200 380 760 b
1 2 4 8 10 20 30 60 120 180 360 380 760 b
1 2 4 8 10 20 30 60 120 240 260 380 760 b
1 2 4 8 10 20 30 60 120 240 260 500 760 b
1 2 4 8 10 20 30 60 120 240 260 520 760 b
1 2 4 8 10 20 30 60 120 240 360 380 760 b
1 2 4 8 10 20 40 44 84 168 212 380 760 b
1 2 4 8 10 20 40 44 84 168 336 380 760 b
1 2 4 8 10 20 40 50 70 120 190 380 760 b
1 2 4 8 10 20 40 50 70 140 190 380 760 b
1 2 4 8 10 20 40 50 90 100 190 380 760 b
1 2 4 8 10 20 40 50 90 140 190 380 760 b
1 2 4 8 10 20 40 50 90 180 190 380 760 b
1 2 4 8 10 20 40 50 90 180 200 380 760 b
1 2 4 8 10 20 40 50 90 180 360 380 760 b
1 2 4 8 10 20 40 50 90 180 360 400 760 b
1 2 4 8 10 20 40 50 90 180 360 720 760 b
1 2 4 8 10 20 40 50 100 140 190 380 760 b
1 2 4 8 10 20 40 50 100 140 240 380 760 b
1 2 4 8 10 20 40 50 100 140 280 380 760 b
1 2 4 8 10 20 40 50 100 150 190 380 760 b
1 2 4 8 10 20 40 60 70 120 190 380 760 a
1 2 4 8 10 20 40 60 70 130 190 380 760 b
1 2 4 8 10 20 40 60 80 160 220 380 760 b
1 2 4 8 10 20 40 60 80 160 320 380 760 b
1 2 4 8 10 20 40 60 100 140 240 380 760 b
1 2 4 8 10 20 40 60 100 140 280 380 760 b
1 2 4 8 10 20 40 60 100 160 220 380 760 b
1 2 4 8 10 20 40 60 100 160 320 380 760 b
1 2 4 8 10 20 40 60 120 130 190 380 760 b
1 2 4 8 10 20 40 60 120 130 250 380 760 b
1 2 4 8 10 20 40 60 120 130 260 380 760 b
1 2 4 8 10 20 40 60 120 140 240 380 760 a
1 2 4 8 10 20 40 60 120 140 260 380 760 b
1 2 4 8 10 20 40 60 120 160 220 380 760 b
1 2 4 8 10 20 40 60 120 160 320 380 760 b
1 2 4 8 10 20 40 60 120 160 320 440 760 b
1 2 4 8 10 20 40 60 120 160 320 640 760 b
1 2 4 8 10 20 40 60 120 180 190 380 760 b
1 2 4 8 10 20 40 60 120 180 200 380 760 b
1 2 4 8 10 20 40 60 120 180 360 380 760 b
1 2 4 8 10 20 40 60 120 180 360 400 760 b
1 2 4 8 10 20 40 60 120 180 360 720 760 b
1 2 4 8 10 20 40 60 120 240 260 380 760 b
1 2 4 8 10 20 40 60 120 240 260 500 760 b
1 2 4 8 10 20 40 60 120 240 260 520 760 b
1 2 4 8 10 20 40 60 120 240 280 480 760 a
1 2 4 8 10 20 40 60 120 240 280 520 760 b
1 2 4 8 10 20 40 60 120 240 360 380 760 b
1 2 4 8 10 20 40 60 120 240 360 400 760 b
1 2 4 8 10 20 40 60 120 240 360 720 760 b
1 2 4 8 10 20 40 60 120 240 480 520 760 b
1 2 4 8 10 20 40 60 120 240 480 720 760 b
1 2 4 8 10 20 40 80 88 168 336 424 760 b
1 2 4 8 10 20 40 80 88 168 336 672 760 b
1 2 4 8 10 20 40 80 90 100 190 380 760 b
1 2 4 8 10 20 40 80 90 110 190 380 760 b
1 2 4 8 10 20 40 80 90 170 190 380 760 b
1 2 4 8 10 20 40 80 90 170 210 380 760 b
1 2 4 8 10 20 40 80 90 170 340 380 760 b
1 2 4 8 10 20 40 80 90 170 340 420 760 b
1 2 4 8 10 20 40 80 90 170 340 680 760 b
1 2 4 8 10 20 40 80 90 180 190 380 760 b
1 2 4 8 10 20 40 80 90 180 200 380 760 b
1 2 4 8 10 20 40 80 90 180 360 380 760 b
1 2 4 8 10 20 40 80 90 180 360 400 760 b
1 2 4 8 10 20 40 80 90 180 360 720 760 b
1 2 4 8 10 20 40 80 100 110 190 380 760 b
1 2 4 8 10 20 40 80 100 140 240 380 760 b
1 2 4 8 10 20 40 80 100 140 280 380 760 b
1 2 4 8 10 20 40 80 100 180 190 380 760 b
1 2 4 8 10 20 40 80 100 180 200 380 760 b
1 2 4 8 10 20 40 80 100 180 280 380 760 b
1 2 4 8 10 20 40 80 100 180 360 380 760 b
1 2 4 8 10 20 40 80 100 180 360 400 760 b
1 2 4 8 10 20 40 80 100 180 360 720 760 b
1 2 4 8 10 20 40 80 100 200 280 380 760 b
1 2 4 8 10 20 40 80 100 200 280 480 760 b
1 2 4 8 10 20 40 80 100 200 280 560 760 b
1 2 4 8 10 20 40 80 100 200 300 380 760 b
1 2 4 8 10 20 40 80 120 130 250 380 760 b
1 2 4 8 10 20 40 80 120 130 260 380 760 b
1 2 4 8 10 20 40 80 120 140 240 380 760 a
1 2 4 8 10 20 40 80 120 140 260 380 760 b
1 2 4 8 10 20 40 80 120 160 320 440 760 b
1 2 4 8 10 20 40 80 120 160 320 640 760 b
1 2 4 8 10 20 40 80 120 200 280 480 760 b
1 2 4 8 10 20 40 80 120 200 280 560 760 b
1 2 4 8 10 20 40 80 120 200 320 440 760 b
1 2 4 8 10 20 40 80 120 200 320 640 760 b
1 2 4 8 10 20 40 80 120 240 260 380 760 b
1 2 4 8 10 20 40 80 120 240 260 500 760 b
1 2 4 8 10 20 40 80 120 240 260 520 760 b
1 2 4 8 10 20 40 80 120 240 280 480 760 a
1 2 4 8 10 20 40 80 120 240 280 520 760 b
1 2 4 8 10 20 40 80 120 240 320 440 760 b
1 2 4 8 10 20 40 80 120 240 320 640 760 b
1 2 4 8 10 20 40 80 120 240 360 380 760 b
1 2 4 8 10 20 40 80 120 240 360 400 760 b
1 2 4 8 10 20 40 80 120 240 360 720 760 b
1 2 4 8 10 20 40 80 120 240 480 520 760 b
1 2 4 8 10 20 40 80 120 240 480 720 760 b
1 2 4 8 10 20 40 80 160 170 190 380 760 b
1 2 4 8 10 20 40 80 160 170 210 380 760 b
1 2 4 8 10 20 40 80 160 170 340 380 760 b
1 2 4 8 10 20 40 80 160 170 340 420 760 b
1 2 4 8 10 20 40 80 160 170 340 680 760 b
1 2 4 8 10 20 40 80 160 180 190 380 760 b
1 2 4 8 10 20 40 80 160 180 200 380 760 b
1 2 4 8 10 20 40 80 160 180 220 380 760 b
1 2 4 8 10 20 40 80 160 180 340 380 760 b
1 2 4 8 10 20 40 80 160 180 340 420 760 b
1 2 4 8 10 20 40 80 160 180 340 680 760 b
1 2 4 8 10 20 40 80 160 180 360 380 760 b
1 2 4 8 10 20 40 80 160 180 360 400 760 b
1 2 4 8 10 20 40 80 160 180 360 720 760 b
1 2 4 8 10 20 40 80 160 200 220 380 760 b
1 2 4 8 10 20 40 80 160 200 280 480 760 b
1 2 4 8 10 20 40 80 160 200 280 560 760 b
1 2 4 8 10 20 40 80 160 200 360 380 760 b
1 2 4 8 10 20 40 80 160 200 360 400 760 b
1 2 4 8 10 20 40 80 160 200 360 560 760 b
1 2 4 8 10 20 40 80 160 200 360 720 760 b
1 2 4 8 10 20 40 80 160 200 400 560 760 b
1 2 4 8 10 20 40 80 160 200 400 600 760 b
1 2 4 8 10 20 40 80 160 240 260 500 760 b
1 2 4 8 10 20 40 80 160 240 260 520 760 b
1 2 4 8 10 20 40 80 160 240 280 480 760 a
1 2 4 8 10 20 40 80 160 240 280 520 760 b
1 2 4 8 10 20 40 80 160 240 480 520 760 b
1 2 4 8 10 20 40 80 160 240 480 720 760 b
1 2 4 8 10 20 40 80 160 320 340 380 760 b
1 2 4 8 10 20 40 80 160 320 340 420 760 b
1 2 4 8 10 20 40 80 160 320 340 680 760 b
1 2 4 8 10 20 40 80 160 320 360 380 760 b
1 2 4 8 10 20 40 80 160 320 360 400 760 b
1 2 4 8 10 20 40 80 160 320 360 440 760 b
1 2 4 8 10 20 40 80 160 320 360 680 760 b
1 2 4 8 10 20 40 80 160 320 360 720 760 b
1 2 4 8 10 20 40 80 160 320 400 440 760 b
1 2 4 8 10 20 40 80 160 320 400 720 760 b
1 2 4 8 10 20 40 80 160 320 640 680 760 b
1 2 4 8 10 20 40 80 160 320 640 720 760 b
1 2 4 8 12 13 25 38 76 114 190 380 760 b
1 2 4 8 12 13 25 38 76 152 190 380 760 b
1 2 4 8 12 13 25 38 76 152 228 380 760 b
1 2 4 8 12 13 25 38 76 152 304 380 760 b
1 2 4 8 12 13 25 38 76 152 304 456 760 b
1 2 4 8 12 13 25 38 76 152 304 608 760 b
1 2 4 8 12 13 26 38 76 114 190 380 760 b
1 2 4 8 12 13 26 38 76 152 190 380 760 b
1 2 4 8 12 13 26 38 76 152 228 380 760 b
1 2 4 8 12 13 26 38 76 152 304 380 760 b
1 2 4 8 12 13 26 38 76 152 304 456 760 b
1 2 4 8 12 13 26 38 76 152 304 608 760 b
1 2 4 8 12 14 22 44 88 102 190 380 760 b
1 2 4 8 12 14 22 44 88 176 190 380 760 b
1 2 4 8 12 14 24 38 76 114 190 380 760 a
1 2 4 8 12 14 24 38 76 152 190 380 760 a
1 2 4 8 12 14 24 38 76 152 228 380 760 a
1 2 4 8 12 14 24 38 76 152 304 380 760 a
1 2 4 8 12 14 24 38 76 152 304 456 760 a
1 2 4 8 12 14 24 38 76 152 304 608 760 a
1 2 4 8 12 14 26 38 76 114 190 380 760 b
1 2 4 8 12 14 26 38 76 152 190 380 760 b
1 2 4 8 12 14 26 38 76 152 228 380 760 b
1 2 4 8 12 14 26 38 76 152 304 380 760 b
1 2 4 8 12 14 26 38 76 152 304 456 760 b
1 2 4 8 12 14 26 38 76 152 304 608 760 b
1 2 4 8 12 16 28 44 88 176 204 380 760 b
1 2 4 8 12 16 28 44 88 176 352 380 760 b
1 2 4 8 12 16 32 44 76 152 228 380 760 b
1 2 4 8 12 16 32 44 76 152 304 380 760 b
1 2 4 8 12 16 32 44 76 152 304 456 760 b
1 2 4 8 12 16 32 44 76 152 304 608 760 b
1 2 4 8 12 16 32 64 76 152 228 380 760 b
1 2 4 8 12 16 32 64 76 152 304 380 760 b
1 2 4 8 12 16 32 64 76 152 304 456 760 b
1 2 4 8 12 16 32 64 76 152 304 608 760 b
1 2 4 8 12 20 22 42 84 106 190 380 760 b
1 2 4 8 12 20 22 42 84 168 190 380 760 b
1 2 4 8 12 20 28 48 76 152 228 380 760 b
1 2 4 8 12 20 28 48 76 152 304 380 760 b
1 2 4 8 12 20 28 48 76 152 304 456 760 b
1 2 4 8 12 20 28 48 76 152 304 608 760 b
1 2 4 8 12 20 28 56 76 152 228 380 760 b
1 2 4 8 12 20 28 56 76 152 304 380 760 b
1 2 4 8 12 20 28 56 76 152 304 456 760 b
1 2 4 8 12 20 28 56 76 152 304 608 760 b
1 2 4 8 12 20 32 44 76 152 228 380 760 b
1 2 4 8 12 20 32 44 76 152 304 380 760 b
1 2 4 8 12 20 32 44 76 152 304 456 760 b
1 2 4 8 12 20 32 44 76 152 304 608 760 b
1 2 4 8 12 20 32 64 76 152 228 380 760 b
1 2 4 8 12 20 32 64 76 152 304 380 760 b
1 2 4 8 12 20 32 64 76 152 304 456 760 b
1 2 4 8 12 20 32 64 76 152 304 608 760 b
1 2 4 8 12 20 32 64 84 148 232 380 760 b
1 2 4 8 12 20 32 64 84 148 296 380 760 b
1 2 4 8 12 20 40 44 84 168 212 380 760 b
1 2 4 8 12 20 40 44 84 168 336 380 760 b
1 2 4 8 12 20 40 52 92 144 236 380 760 b
1 2 4 8 12 20 40 52 92 144 288 380 760 b
1 2 4 8 12 20 40 52 92 184 196 380 760 b
1 2 4 8 12 20 40 52 92 184 368 380 760 b
1 2 4 8 12 20 40 60 80 160 220 380 760 b
1 2 4 8 12 20 40 60 80 160 320 380 760 b
1 2 4 8 12 20 40 60 100 140 240 380 760 b
1 2 4 8 12 20 40 60 100 140 280 380 760 b
1 2 4 8 12 20 40 60 100 160 220 380 760 b
1 2 4 8 12 20 40 60 100 160 320 380 760 b
1 2 4 8 12 20 40 60 120 140 240 380 760 a
1 2 4 8 12 20 40 60 120 140 260 380 760 b
1 2 4 8 12 20 40 60 120 160 220 380 760 b
1 2 4 8 12 20 40 60 120 160 320 380 760 b
1 2 4 8 12 20 40 60 120 160 320 440 760 b
1 2 4 8 12 20 40 60 120 160 320 640 760 b
1 2 4 8 12 20 40 60 120 180 200 380 760 b
1 2 4 8 12 20 40 60 120 180 360 380 760 b
1 2 4 8 12 20 40 60 120 180 360 400 760 b
1 2 4 8 12 20 40 60 120 180 360 720 760 b
1 2 4 8 12 20 40 60 120 240 260 380 760 b
1 2 4 8 12 20 40 60 120 240 260 500 760 b
1 2 4 8 12 20 40 60 120 240 260 520 760 b
1 2 4 8 12 20 40 60 120 240 280 480 760 a
1 2 4 8 12 20 40 60 120 240 280 520 760 b
1 2 4 8 12 20 40 60 120 240 360 380 760 b
1 2 4 8 12 20 40 60 120 240 360 400 760 b
1 2 4 8 12 20 40 60 120 240 360 720 760 b
1 2 4 8 12 20 40 60 120 240 480 520 760 b
1 2 4 8 12 20 40 60 120 240 480 720 760 b
1 2 4 8 12 20 40 80 88 168 336 424 760 b
1 2 4 8 12 20 40 80 88 168 336 672 760 b
1 2 4 8 12 20 40 80 92 184 196 380 760 b
1 2 4 8 12 20 40 80 92 184 368 380 760 b
1 2 4 8 12 20 40 80 100 140 240 380 760 b
1 2 4 8 12 20 40 80 100 140 280 380 760 b
1 2 4 8 12 20 40 80 100 180 200 380 760 b
1 2 4 8 12 20 40 80 100 180 280 380 760 b
1 2 4 8 12 20 40 80 100 180 360 380 760 b
1 2 4 8 12 20 40 80 100 180 360 400 760 b
1 2 4 8 12 20 40 80 100 180 360 720 760 b
1 2 4 8 12 20 40 80 100 200 280 380 760 b
1 2 4 8 12 20 40 80 100 200 280 480 760 b
1 2 4 8 12 20 40 80 100 200 280 560 760 b
1 2 4 8 12 20 40 80 100 200 300 380 760 b
1 2 4 8 12 20 40 80 120 140 240 380 760 a
1 2 4 8 12 20 40 80 120 140 260 380 760 b
1 2 4 8 12 20 40 80 120 160 320 440 760 b
1 2 4 8 12 20 40 80 120 160 320 640 760 b
1 2 4 8 12 20 40 80 120 200 280 480 760 b
1 2 4 8 12 20 40 80 120 200 280 560 760 b
1 2 4 8 12 20 40 80 120 200 320 440 760 b
1 2 4 8 12 20 40 80 120 200 320 640 760 b
1 2 4 8 12 20 40 80 120 240 260 380 760 b
1 2 4 8 12 20 40 80 120 240 260 500 760 b
1 2 4 8 12 20 40 80 120 240 260 520 760 b
1 2 4 8 12 20 40 80 120 240 280 480 760 a
1 2 4 8 12 20 40 80 120 240 280 520 760 b
1 2 4 8 12 20 40 80 120 240 320 440 760 b
1 2 4 8 12 20 40 80 120 240 320 640 760 b
1 2 4 8 12 20 40 80 120 240 360 380 760 b
1 2 4 8 12 20 40 80 120 240 360 400 760 b
1 2 4 8 12 20 40 80 120 240 360 720 760 b
1 2 4 8 12 20 40 80 120 240 480 520 760 b
1 2 4 8 12 20 40 80 120 240 480 720 760 b
1 2 4 8 12 20 40 80 160 180 200 380 760 b
1 2 4 8 12 20 40 80 160 180 220 380 760 b
1 2 4 8 12 20 40 80 160 180 340 380 760 b
1 2 4 8 12 20 40 80 160 180 340 420 760 b
1 2 4 8 12 20 40 80 160 180 340 680 760 b
1 2 4 8 12 20 40 80 160 180 360 380 760 b
1 2 4 8 12 20 40 80 160 180 360 400 760 b
1 2 4 8 12 20 40 80 160 180 360 720 760 b
1 2 4 8 12 20 40 80 160 200 220 380 760 b
1 2 4 8 12 20 40 80 160 200 280 480 760 b
1 2 4 8 12 20 40 80 160 200 280 560 760 b
1 2 4 8 12 20 40 80 160 200 360 380 760 b
1 2 4 8 12 20 40 80 160 200 360 400 760 b
1 2 4 8 12 20 40 80 160 200 360 560 760 b
1 2 4 8 12 20 40 80 160 200 360 720 760 b
1 2 4 8 12 20 40 80 160 200 400 560 760 b
1 2 4 8 12 20 40 80 160 200 400 600 760 b
1 2 4 8 12 20 40 80 160 240 260 500 760 b
1 2 4 8 12 20 40 80 160 240 260 520 760 b
1 2 4 8 12 20 40 80 160 240 280 480 760 a
1 2 4 8 12 20 40 80 160 240 280 520 760 b
1 2 4 8 12 20 40 80 160 240 480 520 760 b
1 2 4 8 12 20 40 80 160 240 480 720 760 b
1 2 4 8 12 20 40 80 160 320 340 380 760 b
1 2 4 8 12 20 40 80 160 320 340 420 760 b
1 2 4 8 12 20 40 80 160 320 340 680 760 b
1 2 4 8 12 20 40 80 160 320 360 380 760 b
1 2 4 8 12 20 40 80 160 320 360 400 760 b
1 2 4 8 12 20 40 80 160 320 360 440 760 b
1 2 4 8 12 20 40 80 160 320 360 680 760 b
1 2 4 8 12 20 40 80 160 320 360 720 760 b
1 2 4 8 12 20 40 80 160 320 400 440 760 b
1 2 4 8 12 20 40 80 160 320 400 720 760 b
1 2 4 8 12 20 40 80 160 320 640 680 760 b
1 2 4 8 12 20 40 80 160 320 640 720 760 b
1 2 4 8 12 24 26 38 76 114 190 380 760 b
1 2 4 8 12 24 26 38 76 152 190 380 760 b
1 2 4 8 12 24 26 38 76 152 228 380 760 b
1 2 4 8 12 24 26 38 76 152 304 380 760 b
1 2 4 8 12 24 26 38 76 152 304 456 760 b
1 2 4 8 12 24 26 38 76 152 304 608 760 b
1 2 4 8 12 24 26 50 76 152 228 380 760 b
1 2 4 8 12 24 26 50 76 152 304 380 760 b
1 2 4 8 12 24 26 50 76 152 304 456 760 b
1 2 4 8 12 24 26 50 76 152 304 608 760 b
1 2 4 8 12 24 26 52 76 152 228 380 760 b
1 2 4 8 12 24 26 52 76 152 304 380 760 b
1 2 4 8 12 24 26 52 76 152 304 456 760 b
1 2 4 8 12 24 26 52 76 152 304 608 760 b
1 2 4 8 12 24 28 48 76 152 228 380 760 a
1 2 4 8 12 24 28 48 76 152 304 380 760 a
1 2 4 8 12 24 28 48 76 152 304 456 760 a
1 2 4 8 12 24 28 48 76 152 304 608 760 a
1 2 4 8 12 24 28 52 76 152 228 380 760 b
1 2 4 8 12 24 28 52 76 152 304 380 760 b
1 2 4 8 12 24 28 52 76 152 304 456 760 b
1 2 4 8 12 24 28 52 76 152 304 608 760 b
1 2 4 8 12 24 32 44 76 152 228 380 760 b
1 2 4 8 12 24 32 44 76 152 304 380 760 b
1 2 4 8 12 24 32 44 76 152 304 456 760 b
1 2 4 8 12 24 32 44 76 152 304 608 760 b
1 2 4 8 12 24 32 56 88 176 352 408 760 b
1 2 4 8 12 24 32 56 88 176 352 704 760 b
1 2 4 8 12 24 32 64 76 152 228 380 760 b
1 2 4 8 12 24 32 64 76 152 304 380 760 b
1 2 4 8 12 24 32 64 76 152 304 456 760 b
1 2 4 8 12 24 32 64 76 152 304 608 760 b
1 2 4 8 12 24 32 64 88 152 304 456 760 b
1 2 4 8 12 24 32 64 88 152 304 608 760 b
1 2 4 8 12 24 32 64 128 152 304 456 760 b
1 2 4 8 12 24 32 64 128 152 304 608 760 b
1 2 4 8 12 24 36 38 76 114 190 380 760 b
1 2 4 8 12 24 36 38 76 152 190 380 760 b
1 2 4 8 12 24 36 38 76 152 228 380 760 b
1 2 4 8 12 24 36 38 76 152 304 380 760 b
1 2 4 8 12 24 36 38 76 152 304 456 760 b
1 2 4 8 12 24 36 38 76 152 304 608 760 b
1 2 4 8 12 24 36 40 76 152 228 380 760 b
1 2 4 8 12 24 36 40 76 152 304 380 760 b
1 2 4 8 12 24 36 40 76 152 304 456 760 b
1 2 4 8 12 24 36 40 76 152 304 608 760 b
1 2 4 8 12 24 36 72 76 152 228 380 760 b
1 2 4 8 12 24 36 72 76 152 304 380 760 b
1 2 4 8 12 24 36 72 76 152 304 456 760 b
1 2 4 8 12 24 36 72 76 152 304 608 760 b
1 2 4 8 12 24 36 72 80 152 304 456 760 b
1 2 4 8 12 24 36 72 80 152 304 608 760 b
1 2 4 8 12 24 36 72 144 152 304 456 760 b
1 2 4 8 12 24 36 72 144 152 304 608 760 b
1 2 4 8 12 24 48 52 76 152 228 380 760 b
1 2 4 8 12 24 48 52 76 152 304 380 760 b
1 2 4 8 12 24 48 52 76 152 304 456 760 b
1 2 4 8 12 24 48 52 76 152 304 608 760 b
1 2 4 8 12 24 48 52 100 152 304 456 760 b
1 2 4 8 12 24 48 52 100 152 304 608 760 b
1 2 4 8 12 24 48 52 104 152 304 456 760 b
1 2 4 8 12 24 48 52 104 152 304 608 760 b
1 2 4 8 12 24 48 56 96 152 304 456 760 a
1 2 4 8 12 24 48 56 96 152 304 608 760 a
1 2 4 8 12 24 48 56 104 152 304 456 760 b
1 2 4 8 12 24 48 56 104 152 304 608 760 b
1 2 4 8 12 24 48 72 76 152 228 380 760 b
1 2 4 8 12 24 48 72 76 152 304 380 760 b
1 2 4 8 12 24 48 72 76 152 304 456 760 b
1 2 4 8 12 24 48 72 76 152 304 608 760 b
1 2 4 8 12 24 48 72 80 152 304 456 760 b
1 2 4 8 12 24 48 72 80 152 304 608 760 b
1 2 4 8 12 24 48 72 144 152 304 456 760 b
1 2 4 8 12 24 48 72 144 152 304 608 760 b
1 2 4 8 12 24 48 96 104 152 304 456 760 b
1 2 4 8 12 24 48 96 104 152 304 608 760 b
1 2 4 8 12 24 48 96 144 152 304 456 760 b
1 2 4 8 12 24 48 96 144 152 304 608 760 b
1 2 4 8 16 17 19 38 57 95 190 380 760 b
1 2 4 8 16 17 19 38 76 95 190 380 760 b
1 2 4 8 16 17 19 38 76 114 190 380 760 b
1 2 4 8 16 17 19 38 76 152 190 380 760 b
1 2 4 8 16 17 19 38 76 152 228 380 760 b
1 2 4 8 16 17 19 38 76 152 304 380 760 b
1 2 4 8 16 17 19 38 76 152 304 456 760 b
1 2 4 8 16 17 19 38 76 152 304 608 760 b
1 2 4 8 16 17 21 37 58 95 190 380 760 b
1 2 4 8 16 17 21 37 74 95 190 380 760 b
1 2 4 8 16 17 21 38 76 114 190 380 760 b
1 2 4 8 16 17 21 38 76 152 190 380 760 b
1 2 4 8 16 17 21 38 76 152 228 380 760 b
1 2 4 8 16 17 21 38 76 152 304 380 760 b
1 2 4 8 16 17 21 38 76 152 304 456 760 b
1 2 4 8 16 17 21 38 76 152 304 608 760 b
1 2 4 8 16 17 34 38 76 114 190 380 760 b
1 2 4 8 16 17 34 38 76 152 190 380 760 b
1 2 4 8 16 17 34 38 76 152 228 380 760 b
1 2 4 8 16 17 34 38 76 152 304 380 760 b
1 2 4 8 16 17 34 38 76 152 304 456 760 b
1 2 4 8 16 17 34 38 76 152 304 608 760 b
1 2 4 8 16 17 34 42 76 152 228 380 760 b
1 2 4 8 16 17 34 42 76 152 304 380 760 b
1 2 4 8 16 17 34 42 76 152 304 456 760 b
1 2 4 8 16 17 34 42 76 152 304 608 760 b
1 2 4 8 16 17 34 68 76 152 228 380 760 b
1 2 4 8 16 17 34 68 76 152 304 380 760 b
1 2 4 8 16 17 34 68 76 152 304 456 760 b
1 2 4 8 16 17 34 68 76 152 304 608 760 b
1 2 4 8 16 17 34 68 84 152 304 456 760 b
1 2 4 8 16 17 34 68 84 152 304 608 760 b
1 2 4 8 16 17 34 68 136 152 304 456 760 b
1 2 4 8 16 17 34 68 136 152 304 608 760 b
1 2 4 8 16 18 19 38 57 95 190 380 760 b
1 2 4 8 16 18 19 38 76 95 190 380 760 b
1 2 4 8 16 18 19 38 76 114 190 380 760 b
1 2 4 8 16 18 19 38 76 152 190 380 760 b
1 2 4 8 16 18 19 38 76 152 228 380 760 b
1 2 4 8 16 18 19 38 76 152 304 380 760 b
1 2 4 8 16 18 19 38 76 152 304 456 760 b
1 2 4 8 16 18 19 38 76 152 304 608 760 b
1 2 4 8 16 18 20 38 76 114 190 380 760 b
1 2 4 8 16 18 20 38 76 152 190 380 760 b
1 2 4 8 16 18 20 38 76 152 228 380 760 b
1 2 4 8 16 18 20 38 76 152 304 380 760 b
1 2 4 8 16 18 20 38 76 152 304 456 760 b
1 2 4 8 16 18 20 38 76 152 304 608 760 b
1 2 4 8 16 18 22 38 76 114 190 380 760 b
1 2 4 8 16 18 22 38 76 152 190 380 760 b
1 2 4 8 16 18 22 38 76 152 228 380 760 b
1 2 4 8 16 18 22 38 76 152 304 380 760 b
1 2 4 8 16 18 22 38 76 152 304 456 760 b
1 2 4 8 16 18 22 38 76 152 304 608 760 b
1 2 4 8 16 18 34 38 76 114 190 380 760 b
1 2 4 8 16 18 34 38 76 152 190 380 760 b
1 2 4 8 16 18 34 38 76 152 228 380 760 b
1 2 4 8 16 18 34 38 76 152 304 380 760 b
1 2 4 8 16 18 34 38 76 152 304 456 760 b
1 2 4 8 16 18 34 38 76 152 304 608 760 b
1 2 4 8 16 18 34 42 76 152 228 380 760 b
1 2 4 8 16 18 34 42 76 152 304 380 760 b
1 2 4 8 16 18 34 42 76 152 304 456 760 b
1 2 4 8 16 18 34 42 76 152 304 608 760 b
1 2 4 8 16 18 34 52 86 104 190 380 760 b
1 2 4 8 16 18 34 52 86 138 190 380 760 b
1 2 4 8 16 18 34 52 86 172 190 380 760 b
1 2 4 8 16 18 34 52 104 138 190 380 760 b
1 2 4 8 16 18 34 52 104 138 242 380 760 b
1 2 4 8 16 18 34 52 104 138 276 380 760 b
1 2 4 8 16 18 34 52 104 156 190 380 760 b
1 2 4 8 16 18 34 68 76 152 228 380 760 b
1 2 4 8 16 18 34 68 76 152 304 380 760 b
1 2 4 8 16 18 34 68 76 152 304 456 760 b
1 2 4 8 16 18 34 68 76 152 304 608 760 b
1 2 4 8 16 18 34 68 84 152 304 456 760 b
1 2 4 8 16 18 34 68 84 152 304 608 760 b
1 2 4 8 16 18 34 68 86 104 190 380 760 b
1 2 4 8 16 18 34 68 86 172 190 380 760 b
1 2 4 8 16 18 34 68 136 152 304 456 760 b
1 2 4 8 16 18 34 68 136 152 304 608 760 b
1 2 4 8 16 18 36 38 76 114 190 380 760 b
1 2 4 8 16 18 36 38 76 152 190 380 760 b
1 2 4 8 16 18 36 38 76 152 228 380 760 b
1 2 4 8 16 18 36 38 76 152 304 380 760 b
1 2 4 8 16 18 36 38 76 152 304 456 760 b
1 2 4 8 16 18 36 38 76 152 304 608 760 b
1 2 4 8 16 18 36 40 76 152 228 380 760 b
1 2 4 8 16 18 36 40 76 152 304 380 760 b
1 2 4 8 16 18 36 40 76 152 304 456 760 b
1 2 4 8 16 18 36 40 76 152 304 608 760 b
1 2 4 8 16 18 36 72 76 152 228 380 760 b
1 2 4 8 16 18 36 72 76 152 304 380 760 b
1 2 4 8 16 18 36 72 76 152 304 456 760 b
1 2 4 8 16 18 36 72 76 152 304 608 760 b
1 2 4 8 16 18 36 72 80 152 304 456 760 b
1 2 4 8 16 18 36 72 80 152 304 608 760 b
1 2 4 8 16 18 36 72 144 152 304 456 760 b
1 2 4 8 16 18 36 72 144 152 304 608 760 b
1 2 4 8 16 20 21 37 58 95 190 380 760 b
1 2 4 8 16 20 21 37 74 95 190 380 760 b
1 2 4 8 16 20 22 38 76 114 190 380 760 b
1 2 4 8 16 20 22 38 76 152 190 380 760 b
1 2 4 8 16 20 22 38 76 152 228 380 760 b
1 2 4 8 16 20 22 38 76 152 304 380 760 b
1 2 4 8 16 20 22 38 76 152 304 456 760 b
1 2 4 8 16 20 22 38 76 152 304 608 760 b
1 2 4 8 16 20 22 42 84 106 190 380 760 b
1 2 4 8 16 20 22 42 84 168 190 380 760 b
1 2 4 8 16 20 28 44 88 176 204 380 760 b
1 2 4 8 16 20 28 44 88 176 352 380 760 b
1 2 4 8 16 20 28 48 76 152 228 380 760 b
1 2 4 8 16 20 28 48 76 152 304 380 760 b
1 2 4 8 16 20 28 48 76 152 304 456 760 b
1 2 4 8 16 20 28 48 76 152 304 608 760 b
1 2 4 8 16 20 28 56 76 152 228 380 760 b
1 2 4 8 16 20 28 56 76 152 304 380 760 b
1 2 4 8 16 20 28 56 76 152 304 456 760 b
1 2 4 8 16 20 28 56 76 152 304 608 760 b
1 2 4 8 16 20 32 64 84 148 232 380 760 a
1 2 4 8 16 20 32 64 84 148 296 380 760 a
1 2 4 8 16 20 36 38 76 114 190 380 760 b
1 2 4 8 16 20 36 38 76 152 190 380 760 b
1 2 4 8 16 20 36 38 76 152 228 380 760 b
1 2 4 8 16 20 36 38 76 152 304 380 760 b
1 2 4 8 16 20 36 38 76 152 304 456 760 b
1 2 4 8 16 20 36 38 76 152 304 608 760 b
1 2 4 8 16 20 36 40 76 152 228 380 760 b
1 2 4 8 16 20 36 40 76 152 304 380 760 b
1 2 4 8 16 20 36 40 76 152 304 456 760 b
1 2 4 8 16 20 36 40 76 152 304 608 760 b
1 2 4 8 16 20 36 56 76 152 228 380 760 b
1 2 4 8 16 20 36 56 76 152 304 380 760 b
1 2 4 8 16 20 36 56 76 152 304 456 760 b
1 2 4 8 16 20 36 56 76 152 304 608 760 b
1 2 4 8 16 20 36 72 76 152 228 380 760 b
1 2 4 8 16 20 36 72 76 152 304 380 760 b
1 2 4 8 16 20 36 72 76 152 304 456 760 b
1 2 4 8 16 20 36 72 76 152 304 608 760 b
1 2 4 8 16 20 36 72 80 152 304 456 760 b
1 2 4 8 16 20 36 72 80 152 304 608 760 b
1 2 4 8 16 20 36 72 92 144 236 380 760 a
1 2 4 8 16 20 36 72 92 144 288 380 760 a
1 2 4 8 16 20 36 72 108 180 200 380 760 b
1 2 4 8 16 20 36 72 108 180 360 380 760 b
1 2 4 8 16 20 36 72 144 152 304 456 760 b
1 2 4 8 16 20 36 72 144 152 304 608 760 b
1 2 4 8 16 20 36 72 144 164 216 380 760 a
1 2 4 8 16 20 36 72 144 164 236 380 760 b
1 2 4 8 16 20 36 72 144 164 308 380 760 b
1 2 4 8 16 20 36 72 144 164 308 452 760 b
1 2 4 8 16 20 36 72 144 164 308 616 760 b
1 2 4 8 16 20 36 72 144 180 200 380 760 b
1 2 4 8 16 20 36 72 144 180 360 380 760 b
1 2 4 8 16 20 36 72 144 216 236 380 760 b
1 2 4 8 16 20 36 72 144 216 360 380 760 b
1 2 4 8 16 20 36 72 144 288 308 380 760 b
1 2 4 8 16 20 36 72 144 288 308 452 760 b
1 2 4 8 16 20 36 72 144 288 308 616 760 b
1 2 4 8 16 20 36 72 144 288 360 380 760 b
1 2 4 8 16 20 40 44 84 168 212 380 760 b
1 2 4 8 16 20 40 44 84 168 336 380 760 b
1 2 4 8 16 20 40 56 76 152 228 380 760 b
1 2 4 8 16 20 40 56 76 152 304 380 760 b
1 2 4 8 16 20 40 56 76 152 304 456 760 b
1 2 4 8 16 20 40 56 76 152 304 608 760 b
1 2 4 8 16 20 40 56 96 152 304 456 760 b
1 2 4 8 16 20 40 56 96 152 304 608 760 b
1 2 4 8 16 20 40 56 112 152 304 456 760 b
1 2 4 8 16 20 40 56 112 152 304 608 760 b
1 2 4 8 16 20 40 60 76 152 228 380 760 b
1 2 4 8 16 20 40 60 76 152 304 380 760 b
1 2 4 8 16 20 40 60 76 152 304 456 760 b
1 2 4 8 16 20 40 60 76 152 304 608 760 b
1 2 4 8 16 20 40 60 80 160 220 380 760 b
1 2 4 8 16 20 40 60 80 160 320 380 760 b
1 2 4 8 16 20 40 60 100 140 240 380 760 b
1 2 4 8 16 20 40 60 100 140 280 380 760 b
1 2 4 8 16 20 40 60 100 160 220 380 760 b
1 2 4 8 16 20 40 60 100 160 320 380 760 b
1 2 4 8 16 20 40 60 120 140 240 380 760 a
1 2 4 8 16 20 40 60 120 140 260 380 760 b
1 2 4 8 16 20 40 60 120 160 220 380 760 b
1 2 4 8 16 20 40 60 120 160 320 380 760 b
1 2 4 8 16 20 40 60 120 160 320 440 760 b
1 2 4 8 16 20 40 60 120 160 320 640 760 b
1 2 4 8 16 20 40 60 120 180 200 380 760 b
1 2 4 8 16 20 40 60 120 180 360 380 760 b
1 2 4 8 16 20 40 60 120 180 360 400 760 b
1 2 4 8 16 20 40 60 120 180 360 720 760 b
1 2 4 8 16 20 40 60 120 240 260 380 760 b
1 2 4 8 16 20 40 60 120 240 260 500 760 b
1 2 4 8 16 20 40 60 120 240 260 520 760 b
1 2 4 8 16 20 40 60 120 240 280 480 760 a
1 2 4 8 16 20 40 60 120 240 280 520 760 b
1 2 4 8 16 20 40 60 120 240 360 380 760 b
1 2 4 8 16 20 40 60 120 240 360 400 760 b
1 2 4 8 16 20 40 60 120 240 360 720 760 b
1 2 4 8 16 20 40 60 120 240 480 520 760 b
1 2 4 8 16 20 40 60 120 240 480 720 760 b
1 2 4 8 16 20 40 80 88 168 336 424 760 b
1 2 4 8 16 20 40 80 88 168 336 672 760 b
1 2 4 8 16 20 40 80 100 140 240 380 760 b
1 2 4 8 16 20 40 80 100 140 280 380 760 b
1 2 4 8 16 20 40 80 100 180 200 380 760 b
1 2 4 8 16 20 40 80 100 180 280 380 760 b
1 2 4 8 16 20 40 80 100 180 360 380 760 b
1 2 4 8 16 20 40 80 100 180 360 400 760 b
1 2 4 8 16 20 40 80 100 180 360 720 760 b
1 2 4 8 16 20 40 80 100 200 280 380 760 b
1 2 4 8 16 20 40 80 100 200 280 480 760 b
1 2 4 8 16 20 40 80 100 200 280 560 760 b
1 2 4 8 16 20 40 80 100 200 300 380 760 b
1 2 4 8 16 20 40 80 120 140 240 380 760 a
1 2 4 8 16 20 40 80 120 140 260 380 760 b
1 2 4 8 16 20 40 80 120 160 320 440 760 b
1 2 4 8 16 20 40 80 120 160 320 640 760 b
1 2 4 8 16 20 40 80 120 200 280 480 760 b
1 2 4 8 16 20 40 80 120 200 280 560 760 b
1 2 4 8 16 20 40 80 120 200 320 440 760 b
1 2 4 8 16 20 40 80 120 200 320 640 760 b
1 2 4 8 16 20 40 80 120 240 260 380 760 b
1 2 4 8 16 20 40 80 120 240 260 500 760 b
1 2 4 8 16 20 40 80 120 240 260 520 760 b
1 2 4 8 16 20 40 80 120 240 280 480 760 a
1 2 4 8 16 20 40 80 120 240 280 520 760 b
1 2 4 8 16 20 40 80 120 240 320 440 760 b
1 2 4 8 16 20 40 80 120 240 320 640 760 b
1 2 4 8 16 20 40 80 120 240 360 380 760 b
1 2 4 8 16 20 40 80 120 240 360 400 760 b
1 2 4 8 16 20 40 80 120 240 360 720 760 b
1 2 4 8 16 20 40 80 120 240 480 520 760 b
1 2 4 8 16 20 40 80 120 240 480 720 760 b
1 2 4 8 16 20 40 80 160 180 200 380 760 b
1 2 4 8 16 20 40 80 160 180 220 380 760 b
1 2 4 8 16 20 40 80 160 180 340 380 760 b
1 2 4 8 16 20 40 80 160 180 340 420 760 b
1 2 4 8 16 20 40 80 160 180 340 680 760 b
1 2 4 8 16 20 40 80 160 180 360 380 760 b
1 2 4 8 16 20 40 80 160 180 360 400 760 b
1 2 4 8 16 20 40 80 160 180 360 720 760 b
1 2 4 8 16 20 40 80 160 200 220 380 760 b
1 2 4 8 16 20 40 80 160 200 280 480 760 b
1 2 4 8 16 20 40 80 160 200 280 560 760 b
1 2 4 8 16 20 40 80 160 200 360 380 760 b
1 2 4 8 16 20 40 80 160 200 360 400 760 b
1 2 4 8 16 20 40 80 160 200 360 560 760 b
1 2 4 8 16 20 40 80 160 200 360 720 760 b
1 2 4 8 16 20 40 80 160 200 400 560 760 b
1 2 4 8 16 20 40 80 160 200 400 600 760 b
1 2 4 8 16 20 40 80 160 240 260 500 760 b
1 2 4 8 16 20 40 80 160 240 260 520 760 b
1 2 4 8 16 20 40 80 160 240 280 480 760 a
1 2 4 8 16 20 40 80 160 240 280 520 760 b
1 2 4 8 16 20 40 80 160 240 480 520 760 b
1 2 4 8 16 20 40 80 160 240 480 720 760 b
1 2 4 8 16 20 40 80 160 320 340 380 760 b
1 2 4 8 16 20 40 80 160 320 340 420 760 b
1 2 4 8 16 20 40 80 160 320 340 680 760 b
1 2 4 8 16 20 40 80 160 320 360 380 760 b
1 2 4 8 16 20 40 80 160 320 360 400 760 b
1 2 4 8 16 20 40 80 160 320 360 440 760 b
1 2 4 8 16 20 40 80 160 320 360 680 760 b
1 2 4 8 16 20 40 80 160 320 360 720 760 b
1 2 4 8 16 20 40 80 160 320 400 440 760 b
1 2 4 8 16 20 40 80 160 320 400 720 760 b
1 2 4 8 16 20 40 80 160 320 640 680 760 b
1 2 4 8 16 20 40 80 160 320 640 720 760 b
1 2 4 8 16 24 26 50 76 152 228 380 760 b
1 2 4 8 16 24 26 50 76 152 304 380 760 b
1 2 4 8 16 24 26 50 76 152 304 456 760 b
1 2 4 8 16 24 26 50 76 152 304 608 760 b
1 2 4 8 16 24 26 52 76 152 228 380 760 b
1 2 4 8 16 24 26 52 76 152 304 380 760 b
1 2 4 8 16 24 26 52 76 152 304 456 760 b
1 2 4 8 16 24 26 52 76 152 304 608 760 b
1 2 4 8 16 24 28 44 88 176 204 380 760 b
1 2 4 8 16 24 28 44 88 176 352 380 760 b
1 2 4 8 16 24 28 48 76 152 228 380 760 a
1 2 4 8 16 24 28 48 76 152 304 380 760 a
1 2 4 8 16 24 28 48 76 152 304 456 760 a
1 2 4 8 16 24 28 48 76 152 304 608 760 a
1 2 4 8 16 24 28 52 76 152 228 380 760 b
1 2 4 8 16 24 28 52 76 152 304 380 760 b
1 2 4 8 16 24 28 52 76 152 304 456 760 b
1 2 4 8 16 24 28 52 76 152 304 608 760 b
1 2 4 8 16 24 32 56 88 176 352 408 760 b
1 2 4 8 16 24 32 56 88 176 352 704 760 b
1 2 4 8 16 24 32 64 88 152 304 456 760 b
1 2 4 8 16 24 32 64 88 152 304 608 760 b
1 2 4 8 16 24 32 64 128 152 304 456 760 b
1 2 4 8 16 24 32 64 128 152 304 608 760 b
1 2 4 8 16 24 40 44 84 168 212 380 760 b
1 2 4 8 16 24 40 44 84 168 336 380 760 b
1 2 4 8 16 24 40 56 96 152 304 456 760 b
1 2 4 8 16 24 40 56 96 152 304 608 760 b
1 2 4 8 16 24 40 56 112 152 304 456 760 b
1 2 4 8 16 24 40 56 112 152 304 608 760 b
1 2 4 8 16 24 40 64 88 152 304 456 760 b
1 2 4 8 16 24 40 64 88 152 304 608 760 b
1 2 4 8 16 24 40 64 128 152 304 456 760 b
1 2 4 8 16 24 40 64 128 152 304 608 760 b
1 2 4 8 16 24 40 64 128 168 296 464 760 b
1 2 4 8 16 24 40 64 128 168 296 592 760 b
1 2 4 8 16 24 40 80 88 168 336 424 760 b
1 2 4 8 16 24 40 80 88 168 336 672 760 b
1 2 4 8 16 24 40 80 104 184 288 472 760 b
1 2 4 8 16 24 40 80 104 184 288 576 760 b
1 2 4 8 16 24 40 80 104 184 368 392 760 b
1 2 4 8 16 24 40 80 104 184 368 736 760 b
1 2 4 8 16 24 40 80 120 160 320 440 760 b
1 2 4 8 16 24 40 80 120 160 320 640 760 b
1 2 4 8 16 24 40 80 120 200 280 480 760 b
1 2 4 8 16 24 40 80 120 200 280 560 760 b
1 2 4 8 16 24 40 80 120 200 320 440 760 b
1 2 4 8 16 24 40 80 120 200 320 640 760 b
1 2 4 8 16 24 40 80 120 240 280 480 760 a
1 2 4 8 16 24 40 80 120 240 280 520 760 b
1 2 4 8 16 24 40 80 120 240 320 440 760 b
1 2 4 8 16 24 40 80 120 240 320 640 760 b
1 2 4 8 16 24 40 80 120 240 360 400 760 b
1 2 4 8 16 24 40 80 120 240 360 720 760 b
1 2 4 8 16 24 40 80 120 240 480 520 760 b
1 2 4 8 16 24 40 80 120 240 480 720 760 b
1 2 4 8 16 24 40 80 160 184 368 392 760 b
1 2 4 8 16 24 40 80 160 184 368 736 760 b
1 2 4 8 16 24 40 80 160 200 280 480 760 b
1 2 4 8 16 24 40 80 160 200 280 560 760 b
1 2 4 8 16 24 40 80 160 200 360 400 760 b
1 2 4 8 16 24 40 80 160 200 360 560 760 b
1 2 4 8 16 24 40 80 160 200 360 720 760 b
1 2 4 8 16 24 40 80 160 200 400 560 760 b
1 2 4 8 16 24 40 80 160 200 400 600 760 b
1 2 4 8 16 24 40 80 160 240 280 480 760 a
1 2 4 8 16 24 40 80 160 240 280 520 760 b
1 2 4 8 16 24 40 80 160 240 480 520 760 b
1 2 4 8 16 24 40 80 160 240 480 720 760 b
1 2 4 8 16 24 40 80 160 320 360 400 760 b
1 2 4 8 16 24 40 80 160 320 360 440 760 b
1 2 4 8 16 24 40 80 160 320 360 680 760 b
1 2 4 8 16 24 40 80 160 320 360 720 760 b
1 2 4 8 16 24 40 80 160 320 400 440 760 b
1 2 4 8 16 24 40 80 160 320 400 720 760 b
1 2 4 8 16 24 40 80 160 320 640 680 760 b
1 2 4 8 16 24 40 80 160 320 640 720 760 b
1 2 4 8 16 24 48 52 76 152 228 380 760 b
1 2 4 8 16 24 48 52 76 152 304 380 760 b
1 2 4 8 16 24 48 52 76 152 304 456 760 b
1 2 4 8 16 24 48 52 76 152 304 608 760 b
1 2 4 8 16 24 48 52 100 152 304 456 760 b
1 2 4 8 16 24 48 52 100 152 304 608 760 b
1 2 4 8 16 24 48 52 104 152 304 456 760 b
1 2 4 8 16 24 48 52 104 152 304 608 760 b
1 2 4 8 16 24 48 56 96 152 304 456 760 a
1 2 4 8 16 24 48 56 96 152 304 608 760 a
1 2 4 8 16 24 48 56 104 152 304 456 760 b
1 2 4 8 16 24 48 56 104 152 304 608 760 b
1 2 4 8 16 24 48 64 88 152 304 456 760 b
1 2 4 8 16 24 48 64 88 152 304 608 760 b
1 2 4 8 16 24 48 64 128 152 304 456 760 b
1 2 4 8 16 24 48 64 128 152 304 608 760 b
1 2 4 8 16 24 48 72 76 152 228 380 760 b
1 2 4 8 16 24 48 72 76 152 304 380 760 b
1 2 4 8 16 24 48 72 76 152 304 456 760 b
1 2 4 8 16 24 48 72 76 152 304 608 760 b
1 2 4 8 16 24 48 72 80 152 304 456 760 b
1 2 4 8 16 24 48 72 80 152 304 608 760 b
1 2 4 8 16 24 48 72 144 152 304 456 760 b
1 2 4 8 16 24 48 72 144 152 304 608 760 b
1 2 4 8 16 24 48 96 104 152 304 456 760 b
1 2 4 8 16 24 48 96 104 152 304 608 760 b
1 2 4 8 16 24 48 96 144 152 304 456 760 b
1 2 4 8 16 24 48 96 144 152 304 608 760 b
1 2 4 8 16 32 34 38 76 114 190 380 760 b
1 2 4 8 16 32 34 38 76 152 190 380 760 b
1 2 4 8 16 32 34 38 76 152 228 380 760 b
1 2 4 8 16 32 34 38 76 152 304 380 760 b
1 2 4 8 16 32 34 38 76 152 304 456 760 b
1 2 4 8 16 32 34 38 76 152 304 608 760 b
1 2 4 8 16 32 34 42 74 116 190 380 760 b
1 2 4 8 16 32 34 42 74 148 190 380 760 b
1 2 4 8 16 32 34 42 76 152 228 380 760 b
1 2 4 8 16 32 34 42 76 152 304 380 760 b
1 2 4 8 16 32 34 42 76 152 304 456 760 b
1 2 4 8 16 32 34 42 76 152 304 608 760 b
1 2 4 8 16 32 34 68 76 152 228 380 760 b
1 2 4 8 16 32 34 68 76 152 304 380 760 b
1 2 4 8 16 32 34 68 76 152 304 456 760 b
1 2 4 8 16 32 34 68 76 152 304 608 760 b
1 2 4 8 16 32 34 68 84 152 304 456 760 b
1 2 4 8 16 32 34 68 84 152 304 608 760 b
1 2 4 8 16 32 34 68 136 152 304 456 760 b
1 2 4 8 16 32 34 68 136 152 304 608 760 b
1 2 4 8 16 32 36 38 76 114 190 380 760 b
1 2 4 8 16 32 36 38 76 152 190 380 760 b
1 2 4 8 16 32 36 38 76 152 228 380 760 b
1 2 4 8 16 32 36 38 76 152 304 380 760 b
1 2 4 8 16 32 36 38 76 152 304 456 760 b
1 2 4 8 16 32 36 38 76 152 304 608 760 b
1 2 4 8 16 32 36 40 76 152 228 380 760 b
1 2 4 8 16 32 36 40 76 152 304 380 760 b
1 2 4 8 16 32 36 40 76 152 304 456 760 b
1 2 4 8 16 32 36 40 76 152 304 608 760 b
1 2 4 8 16 32 36 44 76 152 228 380 760 b
1 2 4 8 16 32 36 44 76 152 304 380 760 b
1 2 4 8 16 32 36 44 76 152 304 456 760 b
1 2 4 8 16 32 36 44 76 152 304 608 760 b
1 2 4 8 16 32 36 68 76 152 228 380 760 b
1 2 4 8 16 32 36 68 76 152 304 380 760 b
1 2 4 8 16 32 36 68 76 152 304 456 760 b
1 2 4 8 16 32 36 68 76 152 304 608 760 b
1 2 4 8 16 32 36 68 84 152 304 456 760 b
1 2 4 8 16 32 36 68 84 152 304 608 760 b
1 2 4 8 16 32 36 68 104 172 208 380 760 b
1 2 4 8 16 32 36 68 104 172 276 380 760 b
1 2 4 8 16 32 36 68 104 172 344 380 760 b
1 2 4 8 16 32 36 68 104 208 276 380 760 b
1 2 4 8 16 32 36 68 104 208 276 484 760 b
1 2 4 8 16 32 36 68 104 208 276 552 760 b
1 2 4 8 16 32 36 68 104 208 312 380 760 b
1 2 4 8 16 32 36 68 136 152 304 456 760 b
1 2 4 8 16 32 36 68 136 152 304 608 760 b
1 2 4 8 16 32 36 68 136 172 208 380 760 b
1 2 4 8 16 32 36 68 136 172 344 380 760 b
1 2 4 8 16 32 36 72 76 152 228 380 760 b
1 2 4 8 16 32 36 72 76 152 304 380 760 b
1 2 4 8 16 32 36 72 76 152 304 456 760 b
1 2 4 8 16 32 36 72 76 152 304 608 760 b
1 2 4 8 16 32 36 72 80 152 304 456 760 b
1 2 4 8 16 32 36 72 80 152 304 608 760 b
1 2 4 8 16 32 36 72 144 152 304 456 760 b
1 2 4 8 16 32 36 72 144 152 304 608 760 b
1 2 4 8 16 32 40 42 74 116 190 380 760 b
1 2 4 8 16 32 40 42 74 148 190 380 760 b
1 2 4 8 16 32 40 44 76 152 228 380 760 b
1 2 4 8 16 32 40 44 76 152 304 380 760 b
1 2 4 8 16 32 40 44 76 152 304 456 760 b
1 2 4 8 16 32 40 44 76 152 304 608 760 b
1 2 4 8 16 32 40 44 84 168 212 380 760 b
1 2 4 8 16 32 40 44 84 168 336 380 760 b
1 2 4 8 16 32 40 56 88 176 352 408 760 b
1 2 4 8 16 32 40 56 88 176 352 704 760 b
1 2 4 8 16 32 40 56 96 152 304 456 760 b
1 2 4 8 16 32 40 56 96 152 304 608 760 b
1 2 4 8 16 32 40 56 112 152 304 456 760 b
1 2 4 8 16 32 40 56 112 152 304 608 760 b
1 2 4 8 16 32 40 64 128 168 296 464 760 a
1 2 4 8 16 32 40 64 128 168 296 592 760 a
1 2 4 8 16 32 40 72 76 152 228 380 760 b
1 2 4 8 16 32 40 72 76 152 304 380 760 b
1 2 4 8 16 32 40 72 76 152 304 456 760 b
1 2 4 8 16 32 40 72 76 152 304 608 760 b
1 2 4 8 16 32 40 72 80 152 304 456 760 b
1 2 4 8 16 32 40 72 80 152 304 608 760 b
1 2 4 8 16 32 40 72 112 152 304 456 760 b
1 2 4 8 16 32 40 72 112 152 304 608 760 b
1 2 4 8 16 32 40 72 144 152 304 456 760 b
1 2 4 8 16 32 40 72 144 152 304 608 760 b
1 2 4 8 16 32 40 72 144 184 288 472 760 a
1 2 4 8 16 32 40 72 144 184 288 576 760 a
1 2 4 8 16 32 40 72 144 216 360 400 760 b
1 2 4 8 16 32 40 72 144 216 360 720 760 b
1 2 4 8 16 32 40 72 144 288 328 432 760 a
1 2 4 8 16 32 40 72 144 288 328 472 760 b
1 2 4 8 16 32 40 72 144 288 328 616 760 b
1 2 4 8 16 32 40 72 144 288 360 400 760 b
1 2 4 8 16 32 40 72 144 288 360 720 760 b
1 2 4 8 16 32 40 72 144 288 432 472 760 b
1 2 4 8 16 32 40 72 144 288 432 720 760 b
1 2 4 8 16 32 40 72 144 288 576 616 760 b
1 2 4 8 16 32 40 72 144 288 576 720 760 b
1 2 4 8 16 32 40 80 88 168 336 424 760 b
1 2 4 8 16 32 40 80 88 168 336 672 760 b
1 2 4 8 16 32 40 80 112 152 304 456 760 b
1 2 4 8 16 32 40 80 112 152 304 608 760 b
1 2 4 8 16 32 40 80 120 152 304 456 760 b
1 2 4 8 16 32 40 80 120 152 304 608 760 b
1 2 4 8 16 32 40 80 120 160 320 440 760 b
1 2 4 8 16 32 40 80 120 160 320 640 760 b
1 2 4 8 16 32 40 80 120 200 280 480 760 b
1 2 4 8 16 32 40 80 120 200 280 560 760 b
1 2 4 8 16 32 40 80 120 200 320 440 760 b
1 2 4 8 16 32 40 80 120 200 320 640 760 b
1 2 4 8 16 32 40 80 120 240 280 480 760 a
1 2 4 8 16 32 40 80 120 240 280 520 760 b
1 2 4 8 16 32 40 80 120 240 320 440 760 b
1 2 4 8 16 32 40 80 120 240 320 640 760 b
1 2 4 8 16 32 40 80 120 240 360 400 760 b
1 2 4 8 16 32 40 80 120 240 360 720 760 b
1 2 4 8 16 32 40 80 120 240 480 520 760 b
1 2 4 8 16 32 40 80 120 240 480 720 760 b
1 2 4 8 16 32 40 80 160 200 280 480 760 b
1 2 4 8 16 32 40 80 160 200 280 560 760 b
1 2 4 8 16 32 40 80 160 200 360 400 760 b
1 2 4 8 16 32 40 80 160 200 360 560 760 b
1 2 4 8 16 32 40 80 160 200 360 720 760 b
1 2 4 8 16 32 40 80 160 200 400 560 760 b
1 2 4 8 16 32 40 80 160 200 400 600 760 b
1 2 4 8 16 32 40 80 160 240 280 480 760 a
1 2 4 8 16 32 40 80 160 240 280 520 760 b
1 2 4 8 16 32 40 80 160 240 480 520 760 b
1 2 4 8 16 32 40 80 160 240 480 720 760 b
1 2 4 8 16 32 40 80 160 320 360 400 760 b
1 2 4 8 16 32 40 80 160 320 360 440 760 b
1 2 4 8 16 32 40 80 160 320 360 680 760 b
1 2 4 8 16 32 40 80 160 320 360 720 760 b
1 2 4 8 16 32 40 80 160 320 400 440 760 b
1 2 4 8 16 32 40 80 160 320 400 720 760 b
1 2 4 8 16 32 40 80 160 320 640 680 760 b
1 2 4 8 16 32 40 80 160 320 640 720 760 b
1 2 4 8 16 32 48 52 100 152 304 456 760 b
1 2 4 8 16 32 48 52 100 152 304 608 760 b
1 2 4 8 16 32 48 52 104 152 304 456 760 b
1 2 4 8 16 32 48 52 104 152 304 608 760 b
1 2 4 8 16 32 48 56 88 176 352 408 760 b
1 2 4 8 16 32 48 56 88 176 352 704 760 b
1 2 4 8 16 32 48 56 96 152 304 456 760 a
1 2 4 8 16 32 48 56 96 152 304 608 760 a
1 2 4 8 16 32 48 56 104 152 304 456 760 b
1 2 4 8 16 32 48 56 104 152 304 608 760 b
1 2 4 8 16 32 48 80 88 168 336 424 760 b
1 2 4 8 16 32 48 80 88 168 336 672 760 b
1 2 4 8 16 32 48 96 104 152 304 456 760 b
1 2 4 8 16 32 48 96 104 152 304 608 760 b
1 2 4 8 16 32 48 96 144 152 304 456 760 b
1 2 4 8 16 32 48 96 144 152 304 608 760 b
1 2 4 8 16 32 64 68 76 152 228 380 760 b
1 2 4 8 16 32 64 68 76 152 304 380 760 b
1 2 4 8 16 32 64 68 76 152 304 456 760 b
1 2 4 8 16 32 64 68 76 152 304 608 760 b
1 2 4 8 16 32 64 68 84 148 232 380 760 b
1 2 4 8 16 32 64 68 84 148 296 380 760 b
1 2 4 8 16 32 64 68 84 152 304 456 760 b
1 2 4 8 16 32 64 68 84 152 304 608 760 b
1 2 4 8 16 32 64 68 136 152 304 456 760 b
1 2 4 8 16 32 64 68 136 152 304 608 760 b
1 2 4 8 16 32 64 72 76 152 228 380 760 b
1 2 4 8 16 32 64 72 76 152 304 380 760 b
1 2 4 8 16 32 64 72 76 152 304 456 760 b
1 2 4 8 16 32 64 72 76 152 304 608 760 b
1 2 4 8 16 32 64 72 80 152 304 456 760 b
1 2 4 8 16 32 64 72 80 152 304 608 760 b
1 2 4 8 16 32 64 72 88 152 304 456 760 b
1 2 4 8 16 32 64 72 88 152 304 608 760 b
1 2 4 8 16 32 64 72 136 152 304 456 760 b
1 2 4 8 16 32 64 72 136 152 304 608 760 b
1 2 4 8 16 32 64 72 136 208 344 416 760 b
1 2 4 8 16 32 64 72 136 208 344 552 760 b
1 2 4 8 16 32 64 72 136 208 344 688 760 b
1 2 4 8 16 32 64 72 136 208 416 552 760 b
1 2 4 8 16 32 64 72 136 208 416 624 760 b
1 2 4 8 16 32 64 72 136 272 344 416 760 b
1 2 4 8 16 32 64 72 136 272 344 688 760 b
1 2 4 8 16 32 64 72 144 152 304 456 760 b
1 2 4 8 16 32 64 72 144 152 304 608 760 b
1 2 4 8 16 32 64 80 84 148 232 380 760 b
1 2 4 8 16 32 64 80 84 148 296 380 760 b
1 2 4 8 16 32 64 80 88 152 304 456 760 b
1 2 4 8 16 32 64 80 88 152 304 608 760 b
1 2 4 8 16 32 64 80 88 168 336 424 760 b
1 2 4 8 16 32 64 80 88 168 336 672 760 b
1 2 4 8 16 32 64 80 144 152 304 456 760 b
1 2 4 8 16 32 64 80 144 152 304 608 760 b
1 2 4 8 16 32 64 128 136 152 304 456 760 b
1 2 4 8 16 32 64 128 136 152 304 608 760 b
1 2 4 8 16 32 64 128 136 168 296 464 760 b
1 2 4 8 16 32 64 128 136 168 296 592 760 b
1 2 4 8 16 32 64 128 144 152 304 456 760 b
1 2 4 8 16 32 64 128 144 152 304 608 760 b
1 2 4 8 16 32 64 128 160 168 296 464 760 b
1 2 4 8 16 32 64 128 160 168 296 592 760 b
