1 2 3 5 10 13 23 46 92 184 368 391 759 b
1 2 3 5 10 13 23 46 92 184 368 736 759 b
1 2 3 5 10 20 23 46 92 184 368 391 759 b
1 2 3 5 10 20 23 46 92 184 368 736 759 b
1 2 4 5 9 14 23 46 92 184 368 391 759 b
1 2 4 5 9 14 23 46 92 184 368 736 759 b
1 2 4 5 9 18 23 46 92 184 368 391 759 b
1 2 4 5 9 18 23 46 92 184 368 736 759 b
1 2 4 8 16 17 33 66 99 165 330 429 759 b
1 2 4 8 16 17 33 66 99 165 330 660 759 b
1 2 4 8 16 17 33 66 132 165 297 462 759 b
1 2 4 8 16 17 33 66 132 165 297 594 759 b
1 2 4 8 16 32 33 66 99 165 330 429 759 b
1 2 4 8 16 32 33 66 99 165 330 660 759 b
1 2 4 8 16 32 33 66 132 165 297 462 759 b
1 2 4 8 16 32 33 66 132 165 297 594 759 b
