1 2 3 5 8 16 32 64 69 133 266 399 798 b
1 2 3 5 8 16 32 64 69 133 266 532 798 b
1 2 3 5 8 16 32 64 128 133 266 399 798 b
1 2 3 5 8 16 32 64 128 133 266 532 798 b
1 2 3 6 9 15 24 48 96 192 207 399 798 b
1 2 3 6 9 15 24 48 96 192 384 399 798 b
1 2 3 6 12 15 24 48 96 192 207 399 798 a
1 2 3 6 12 15 24 48 96 192 384 399 798 a
1 2 3 6 12 18 30 48 96 192 384 414 798 b
1 2 3 6 12 18 30 48 96 192 384 768 798 b
1 2 3 6 12 24 30 48 96 192 384 414 798 a
1 2 3 6 12 24 30 48 96 192 384 768 798 a
1 2 3 6 12 24 48 51 99 150 249 399 798 b
1 2 3 6 12 24 48 51 99 150 300 399 798 b
1 2 3 6 12 24 48 51 99 198 201 399 798 b
1 2 3 6 12 24 48 51 99 198 396 399 798 b
1 2 3 6 12 24 48 51 99 198 396 402 798 b
1 2 3 6 12 24 48 51 99 198 396 792 798 b
1 2 3 6 12 24 48 96 99 198 201 399 798 b
1 2 3 6 12 24 48 96 99 198 396 399 798 b
1 2 3 6 12 24 48 96 99 198 396 402 798 b
1 2 3 6 12 24 48 96 99 198 396 792 798 b
1 2 3 6 12 24 48 96 102 198 201 399 798 b
1 2 3 6 12 24 48 96 102 198 300 498 798 b
1 2 3 6 12 24 48 96 102 198 300 600 798 b
1 2 3 6 12 24 48 96 102 198 396 399 798 b
1 2 3 6 12 24 48 96 102 198 396 402 798 b
1 2 3 6 12 24 48 96 102 198 396 792 798 b
1 2 3 6 12 24 48 96 192 195 204 399 798 a
1 2 3 6 12 24 48 96 192 195 207 399 798 b
1 2 3 6 12 24 48 96 192 195 387 399 798 b
1 2 3 6 12 24 48 96 192 195 387 411 798 b
1 2 3 6 12 24 48 96 192 195 387 774 798 b
1 2 3 6 12 24 48 96 192 198 201 399 798 b
1 2 3 6 12 24 48 96 192 198 396 399 798 b
1 2 3 6 12 24 48 96 192 198 396 402 798 b
1 2 3 6 12 24 48 96 192 198 396 792 798 b
1 2 3 6 12 24 48 96 192 204 207 399 798 b
1 2 3 6 12 24 48 96 192 204 396 399 798 b
1 2 3 6 12 24 48 96 192 204 396 402 798 b
1 2 3 6 12 24 48 96 192 204 396 792 798 b
1 2 3 6 12 24 48 96 192 384 387 399 798 b
1 2 3 6 12 24 48 96 192 384 387 411 798 b
1 2 3 6 12 24 48 96 192 384 387 774 798 b
1 2 3 6 12 24 48 96 192 384 390 408 798 a
1 2 3 6 12 24 48 96 192 384 390 414 798 b
1 2 3 6 12 24 48 96 192 384 390 774 798 b
1 2 3 6 12 24 48 96 192 384 396 399 798 b
1 2 3 6 12 24 48 96 192 384 396 402 798 b
1 2 3 6 12 24 48 96 192 384 396 792 798 b
1 2 3 6 12 24 48 96 192 384 408 414 798 b
1 2 3 6 12 24 48 96 192 384 408 792 798 b
1 2 3 6 12 24 48 96 192 384 768 774 798 b
1 2 3 6 12 24 48 96 192 384 768 792 798 b
1 2 4 5 8 16 32 64 69 133 266 399 798 a
1 2 4 5 8 16 32 64 69 133 266 532 798 a
1 2 4 5 8 16 32 64 128 133 266 399 798 a
1 2 4 5 8 16 32 64 128 133 266 532 798 a
1 2 4 6 10 16 32 64 128 138 266 532 798 b
1 2 4 6 10 16 32 64 128 256 266 532 798 b
1 2 4 6 12 18 30 48 96 192 384 414 798 b
1 2 4 6 12 18 30 48 96 192 384 768 798 b
1 2 4 6 12 24 30 48 96 192 384 414 798 a
1 2 4 6 12 24 30 48 96 192 384 768 798 a
1 2 4 6 12 24 48 96 102 198 300 498 798 b
1 2 4 6 12 24 48 96 102 198 300 600 798 b
1 2 4 6 12 24 48 96 102 198 396 402 798 b
1 2 4 6 12 24 48 96 102 198 396 792 798 b
1 2 4 6 12 24 48 96 192 198 396 402 798 b
1 2 4 6 12 24 48 96 192 198 396 792 798 b
1 2 4 6 12 24 48 96 192 204 396 402 798 b
1 2 4 6 12 24 48 96 192 204 396 792 798 b
1 2 4 6 12 24 48 96 192 384 390 408 798 a
1 2 4 6 12 24 48 96 192 384 390 414 798 b
1 2 4 6 12 24 48 96 192 384 390 774 798 b
1 2 4 6 12 24 48 96 192 384 396 402 798 b
1 2 4 6 12 24 48 96 192 384 396 792 798 b
1 2 4 6 12 24 48 96 192 384 408 414 798 b
1 2 4 6 12 24 48 96 192 384 408 792 798 b
1 2 4 6 12 24 48 96 192 384 768 774 798 b
1 2 4 6 12 24 48 96 192 384 768 792 798 b
1 2 4 8 10 16 32 64 128 138 266 532 798 a
1 2 4 8 10 16 32 64 128 256 266 532 798 a
1 2 4 8 16 17 33 50 83 133 266 399 798 b
1 2 4 8 16 17 33 50 83 133 266 532 798 b
1 2 4 8 16 17 33 50 100 133 266 399 798 b
1 2 4 8 16 17 33 50 100 133 266 532 798 b
1 2 4 8 16 17 33 66 67 133 266 399 798 b
1 2 4 8 16 17 33 66 67 133 266 532 798 b
1 2 4 8 16 17 33 66 132 133 266 399 798 b
1 2 4 8 16 17 33 66 132 133 266 532 798 b
1 2 4 8 16 17 33 66 132 134 266 532 798 b
1 2 4 8 16 17 33 66 132 264 266 532 798 b
1 2 4 8 16 32 33 66 67 133 266 399 798 b
1 2 4 8 16 32 33 66 67 133 266 532 798 b
1 2 4 8 16 32 33 66 132 133 266 399 798 b
1 2 4 8 16 32 33 66 132 133 266 532 798 b
1 2 4 8 16 32 33 66 132 134 266 532 798 b
1 2 4 8 16 32 33 66 132 264 266 532 798 b
1 2 4 8 16 32 34 66 67 133 266 399 798 b
1 2 4 8 16 32 34 66 67 133 266 532 798 b
1 2 4 8 16 32 34 66 100 166 266 532 798 b
1 2 4 8 16 32 34 66 100 200 266 532 798 b
1 2 4 8 16 32 34 66 132 133 266 399 798 b
1 2 4 8 16 32 34 66 132 133 266 532 798 b
1 2 4 8 16 32 34 66 132 134 266 532 798 b
1 2 4 8 16 32 34 66 132 264 266 532 798 b
1 2 4 8 16 32 64 65 68 133 266 399 798 a
1 2 4 8 16 32 64 65 68 133 266 532 798 a
1 2 4 8 16 32 64 65 69 133 266 399 798 b
1 2 4 8 16 32 64 65 69 133 266 532 798 b
1 2 4 8 16 32 64 65 129 133 266 399 798 b
1 2 4 8 16 32 64 65 129 133 266 532 798 b
1 2 4 8 16 32 64 65 129 137 266 532 798 b
1 2 4 8 16 32 64 65 129 258 266 532 798 b
1 2 4 8 16 32 64 66 67 133 266 399 798 b
1 2 4 8 16 32 64 66 67 133 266 532 798 b
1 2 4 8 16 32 64 66 132 133 266 399 798 b
1 2 4 8 16 32 64 66 132 133 266 532 798 b
1 2 4 8 16 32 64 66 132 134 266 532 798 b
1 2 4 8 16 32 64 66 132 264 266 532 798 b
1 2 4 8 16 32 64 68 69 133 266 399 798 b
1 2 4 8 16 32 64 68 69 133 266 532 798 b
1 2 4 8 16 32 64 68 132 133 266 399 798 b
1 2 4 8 16 32 64 68 132 133 266 532 798 b
1 2 4 8 16 32 64 68 132 134 266 532 798 b
1 2 4 8 16 32 64 68 132 264 266 532 798 b
1 2 4 8 16 32 64 128 129 133 266 399 798 b
1 2 4 8 16 32 64 128 129 133 266 532 798 b
1 2 4 8 16 32 64 128 129 137 266 532 798 b
1 2 4 8 16 32 64 128 129 258 266 532 798 b
1 2 4 8 16 32 64 128 130 136 266 532 798 a
1 2 4 8 16 32 64 128 130 138 266 532 798 b
1 2 4 8 16 32 64 128 130 258 266 532 798 b
1 2 4 8 16 32 64 128 132 133 266 399 798 b
1 2 4 8 16 32 64 128 132 133 266 532 798 b
1 2 4 8 16 32 64 128 132 134 266 532 798 b
1 2 4 8 16 32 64 128 132 264 266 532 798 b
1 2 4 8 16 32 64 128 136 138 266 532 798 b
1 2 4 8 16 32 64 128 136 264 266 532 798 b
1 2 4 8 16 32 64 128 256 258 266 532 798 b
1 2 4 8 16 32 64 128 256 264 266 532 798 b
