1 2 3 5 10 15 30 45 90 180 181 361 722 b
1 2 3 5 10 15 30 45 90 180 360 361 722 b
1 2 3 5 10 15 30 45 90 180 360 362 722 b
1 2 3 5 10 15 30 45 90 180 360 720 722 b
1 2 3 5 10 15 30 60 90 180 181 361 722 b
1 2 3 5 10 15 30 60 90 180 360 361 722 b
1 2 3 5 10 15 30 60 90 180 360 362 722 b
1 2 3 5 10 15 30 60 90 180 360 720 722 b
1 2 3 5 10 15 30 60 120 121 240 361 722 a
1 2 3 5 10 15 30 60 120 121 241 361 722 b
1 2 3 5 10 15 30 60 120 180 181 361 722 b
1 2 3 5 10 15 30 60 120 180 360 361 722 b
1 2 3 5 10 15 30 60 120 180 360 362 722 b
1 2 3 5 10 15 30 60 120 180 360 720 722 b
1 2 3 5 10 15 30 60 120 240 241 361 722 b
1 2 3 5 10 15 30 60 120 240 241 481 722 b
1 2 3 5 10 15 30 60 120 240 241 482 722 b
1 2 3 5 10 15 30 60 120 240 242 480 722 a
1 2 3 5 10 15 30 60 120 240 242 482 722 b
1 2 3 5 10 15 30 60 120 240 360 361 722 b
1 2 3 5 10 15 30 60 120 240 360 362 722 b
1 2 3 5 10 15 30 60 120 240 360 720 722 b
1 2 3 5 10 15 30 60 120 240 480 482 722 b
1 2 3 5 10 15 30 60 120 240 480 720 722 b
1 2 3 5 10 20 25 45 90 180 181 361 722 b
1 2 3 5 10 20 25 45 90 180 360 361 722 b
1 2 3 5 10 20 25 45 90 180 360 362 722 b
1 2 3 5 10 20 25 45 90 180 360 720 722 b
1 2 3 5 10 20 30 60 90 180 181 361 722 b
1 2 3 5 10 20 30 60 90 180 360 361 722 b
1 2 3 5 10 20 30 60 90 180 360 362 722 b
1 2 3 5 10 20 30 60 90 180 360 720 722 b
1 2 3 5 10 20 30 60 120 121 240 361 722 a
1 2 3 5 10 20 30 60 120 121 241 361 722 b
1 2 3 5 10 20 30 60 120 180 181 361 722 b
1 2 3 5 10 20 30 60 120 180 360 361 722 b
1 2 3 5 10 20 30 60 120 180 360 362 722 b
1 2 3 5 10 20 30 60 120 180 360 720 722 b
1 2 3 5 10 20 30 60 120 240 241 361 722 b
1 2 3 5 10 20 30 60 120 240 241 481 722 b
1 2 3 5 10 20 30 60 120 240 241 482 722 b
1 2 3 5 10 20 30 60 120 240 242 480 722 a
1 2 3 5 10 20 30 60 120 240 242 482 722 b
1 2 3 5 10 20 30 60 120 240 360 361 722 b
1 2 3 5 10 20 30 60 120 240 360 362 722 b
1 2 3 5 10 20 30 60 120 240 360 720 722 b
1 2 3 5 10 20 30 60 120 240 480 482 722 b
1 2 3 5 10 20 30 60 120 240 480 720 722 b
1 2 3 5 10 20 40 41 80 160 201 361 722 a
1 2 3 5 10 20 40 41 80 160 320 361 722 a
1 2 3 5 10 20 40 45 90 180 181 361 722 b
1 2 3 5 10 20 40 45 90 180 360 361 722 b
1 2 3 5 10 20 40 45 90 180 360 362 722 b
1 2 3 5 10 20 40 45 90 180 360 720 722 b
1 2 3 5 10 20 40 50 90 180 181 361 722 b
1 2 3 5 10 20 40 50 90 180 360 361 722 b
1 2 3 5 10 20 40 50 90 180 360 362 722 b
1 2 3 5 10 20 40 50 90 180 360 720 722 b
1 2 3 5 10 20 40 60 120 121 240 361 722 a
1 2 3 5 10 20 40 60 120 121 241 361 722 b
1 2 3 5 10 20 40 60 120 180 181 361 722 b
1 2 3 5 10 20 40 60 120 180 360 361 722 b
1 2 3 5 10 20 40 60 120 180 360 362 722 b
1 2 3 5 10 20 40 60 120 180 360 720 722 b
1 2 3 5 10 20 40 60 120 240 241 361 722 b
1 2 3 5 10 20 40 60 120 240 241 481 722 b
1 2 3 5 10 20 40 60 120 240 241 482 722 b
1 2 3 5 10 20 40 60 120 240 242 480 722 a
1 2 3 5 10 20 40 60 120 240 242 482 722 b
1 2 3 5 10 20 40 60 120 240 360 361 722 b
1 2 3 5 10 20 40 60 120 240 360 362 722 b
1 2 3 5 10 20 40 60 120 240 360 720 722 b
1 2 3 5 10 20 40 60 120 240 480 482 722 b
1 2 3 5 10 20 40 60 120 240 480 720 722 b
1 2 3 5 10 20 40 80 82 160 320 402 722 a
1 2 3 5 10 20 40 80 82 160 320 640 722 a
1 2 3 5 10 20 40 80 90 180 181 361 722 b
1 2 3 5 10 20 40 80 90 180 360 361 722 b
1 2 3 5 10 20 40 80 90 180 360 362 722 b
1 2 3 5 10 20 40 80 90 180 360 720 722 b
1 2 3 5 10 20 40 80 100 180 181 361 722 b
1 2 3 5 10 20 40 80 100 180 360 361 722 b
1 2 3 5 10 20 40 80 100 180 360 362 722 b
1 2 3 5 10 20 40 80 100 180 360 720 722 b
1 2 3 5 10 20 40 80 120 121 240 361 722 a
1 2 3 5 10 20 40 80 120 121 241 361 722 b
1 2 3 5 10 20 40 80 120 240 241 361 722 b
1 2 3 5 10 20 40 80 120 240 241 481 722 b
1 2 3 5 10 20 40 80 120 240 241 482 722 b
1 2 3 5 10 20 40 80 120 240 242 480 722 a
1 2 3 5 10 20 40 80 120 240 242 482 722 b
1 2 3 5 10 20 40 80 120 240 360 361 722 b
1 2 3 5 10 20 40 80 120 240 360 362 722 b
1 2 3 5 10 20 40 80 120 240 360 720 722 b
1 2 3 5 10 20 40 80 120 240 480 482 722 b
1 2 3 5 10 20 40 80 120 240 480 720 722 b
1 2 3 5 10 20 40 80 160 161 200 361 722 a
1 2 3 5 10 20 40 80 160 161 201 361 722 b
1 2 3 5 10 20 40 80 160 161 321 361 722 b
1 2 3 5 10 20 40 80 160 161 321 401 722 b
1 2 3 5 10 20 40 80 160 161 321 642 722 b
1 2 3 5 10 20 40 80 160 180 181 361 722 b
1 2 3 5 10 20 40 80 160 180 360 361 722 b
1 2 3 5 10 20 40 80 160 180 360 362 722 b
1 2 3 5 10 20 40 80 160 180 360 720 722 b
1 2 3 5 10 20 40 80 160 200 201 361 722 b
1 2 3 5 10 20 40 80 160 200 360 361 722 b
1 2 3 5 10 20 40 80 160 200 360 362 722 b
1 2 3 5 10 20 40 80 160 200 360 720 722 b
1 2 3 5 10 20 40 80 160 240 241 481 722 b
1 2 3 5 10 20 40 80 160 240 241 482 722 b
1 2 3 5 10 20 40 80 160 240 242 480 722 a
1 2 3 5 10 20 40 80 160 240 242 482 722 b
1 2 3 5 10 20 40 80 160 240 480 482 722 b
1 2 3 5 10 20 40 80 160 240 480 720 722 b
1 2 3 5 10 20 40 80 160 320 321 361 722 b
1 2 3 5 10 20 40 80 160 320 321 401 722 b
1 2 3 5 10 20 40 80 160 320 321 642 722 b
1 2 3 5 10 20 40 80 160 320 322 400 722 a
1 2 3 5 10 20 40 80 160 320 322 402 722 b
1 2 3 5 10 20 40 80 160 320 322 642 722 b
1 2 3 5 10 20 40 80 160 320 360 361 722 b
1 2 3 5 10 20 40 80 160 320 360 362 722 b
1 2 3 5 10 20 40 80 160 320 360 720 722 b
1 2 3 5 10 20 40 80 160 320 400 402 722 b
1 2 3 5 10 20 40 80 160 320 400 720 722 b
1 2 3 5 10 20 40 80 160 320 640 642 722 b
1 2 3 5 10 20 40 80 160 320 640 720 722 b
1 2 3 6 9 11 22 44 88 176 185 361 722 b
1 2 3 6 9 11 22 44 88 176 352 361 722 b
1 2 3 6 9 15 30 45 90 180 181 361 722 b
1 2 3 6 9 15 30 45 90 180 360 361 722 b
1 2 3 6 9 15 30 45 90 180 360 362 722 b
1 2 3 6 9 15 30 45 90 180 360 720 722 b
1 2 3 6 9 15 30 60 90 180 181 361 722 b
1 2 3 6 9 15 30 60 90 180 360 361 722 b
1 2 3 6 9 15 30 60 90 180 360 362 722 b
1 2 3 6 9 15 30 60 90 180 360 720 722 b
1 2 3 6 9 15 30 60 120 121 240 361 722 a
1 2 3 6 9 15 30 60 120 121 241 361 722 b
1 2 3 6 9 15 30 60 120 180 181 361 722 b
1 2 3 6 9 15 30 60 120 180 360 361 722 b
1 2 3 6 9 15 30 60 120 180 360 362 722 b
1 2 3 6 9 15 30 60 120 180 360 720 722 b
1 2 3 6 9 15 30 60 120 240 241 361 722 b
1 2 3 6 9 15 30 60 120 240 241 481 722 b
1 2 3 6 9 15 30 60 120 240 241 482 722 b
1 2 3 6 9 15 30 60 120 240 242 480 722 a
1 2 3 6 9 15 30 60 120 240 242 482 722 b
1 2 3 6 9 15 30 60 120 240 360 361 722 b
1 2 3 6 9 15 30 60 120 240 360 362 722 b
1 2 3 6 9 15 30 60 120 240 360 720 722 b
1 2 3 6 9 15 30 60 120 240 480 482 722 b
1 2 3 6 9 15 30 60 120 240 480 720 722 b
1 2 3 6 9 18 27 45 90 180 181 361 722 b
1 2 3 6 9 18 27 45 90 180 360 361 722 b
1 2 3 6 9 18 27 45 90 180 360 362 722 b
1 2 3 6 9 18 27 45 90 180 360 720 722 b
1 2 3 6 9 18 36 45 90 180 181 361 722 b
1 2 3 6 9 18 36 45 90 180 360 361 722 b
1 2 3 6 9 18 36 45 90 180 360 362 722 b
1 2 3 6 9 18 36 45 90 180 360 720 722 b
1 2 3 6 9 18 36 54 90 180 181 361 722 b
1 2 3 6 9 18 36 54 90 180 360 361 722 b
1 2 3 6 9 18 36 54 90 180 360 362 722 b
1 2 3 6 9 18 36 54 90 180 360 720 722 b
1 2 3 6 9 18 36 72 73 144 217 361 722 a
1 2 3 6 9 18 36 72 73 144 288 361 722 a
1 2 3 6 9 18 36 72 90 180 181 361 722 b
1 2 3 6 9 18 36 72 90 180 360 361 722 b
1 2 3 6 9 18 36 72 90 180 360 362 722 b
1 2 3 6 9 18 36 72 90 180 360 720 722 b
1 2 3 6 9 18 36 72 108 180 181 361 722 b
1 2 3 6 9 18 36 72 108 180 360 361 722 b
1 2 3 6 9 18 36 72 108 180 360 362 722 b
1 2 3 6 9 18 36 72 108 180 360 720 722 b
1 2 3 6 9 18 36 72 144 145 216 361 722 a
1 2 3 6 9 18 36 72 144 145 217 361 722 b
1 2 3 6 9 18 36 72 144 145 289 361 722 b
1 2 3 6 9 18 36 72 144 145 289 433 722 b
1 2 3 6 9 18 36 72 144 145 289 578 722 b
1 2 3 6 9 18 36 72 144 146 288 434 722 a
1 2 3 6 9 18 36 72 144 146 288 576 722 a
1 2 3 6 9 18 36 72 144 180 181 361 722 b
1 2 3 6 9 18 36 72 144 180 360 361 722 b
1 2 3 6 9 18 36 72 144 180 360 362 722 b
1 2 3 6 9 18 36 72 144 180 360 720 722 b
1 2 3 6 9 18 36 72 144 216 217 361 722 b
1 2 3 6 9 18 36 72 144 216 360 361 722 b
1 2 3 6 9 18 36 72 144 216 360 362 722 b
1 2 3 6 9 18 36 72 144 216 360 720 722 b
1 2 3 6 9 18 36 72 144 288 289 361 722 b
1 2 3 6 9 18 36 72 144 288 289 433 722 b
1 2 3 6 9 18 36 72 144 288 289 578 722 b
1 2 3 6 9 18 36 72 144 288 290 432 722 a
1 2 3 6 9 18 36 72 144 288 290 434 722 b
1 2 3 6 9 18 36 72 144 288 290 578 722 b
1 2 3 6 9 18 36 72 144 288 360 361 722 b
1 2 3 6 9 18 36 72 144 288 360 362 722 b
1 2 3 6 9 18 36 72 144 288 360 720 722 b
1 2 3 6 9 18 36 72 144 288 432 434 722 b
1 2 3 6 9 18 36 72 144 288 432 720 722 b
1 2 3 6 9 18 36 72 144 288 576 578 722 b
1 2 3 6 9 18 36 72 144 288 576 720 722 b
1 2 3 6 12 15 30 45 90 180 181 361 722 b
1 2 3 6 12 15 30 45 90 180 360 361 722 b
1 2 3 6 12 15 30 45 90 180 360 362 722 b
1 2 3 6 12 15 30 45 90 180 360 720 722 b
1 2 3 6 12 15 30 60 90 180 181 361 722 b
1 2 3 6 12 15 30 60 90 180 360 361 722 b
1 2 3 6 12 15 30 60 90 180 360 362 722 b
1 2 3 6 12 15 30 60 90 180 360 720 722 b
1 2 3 6 12 15 30 60 120 121 240 361 722 a
1 2 3 6 12 15 30 60 120 121 241 361 722 b
1 2 3 6 12 15 30 60 120 180 181 361 722 b
1 2 3 6 12 15 30 60 120 180 360 361 722 b
1 2 3 6 12 15 30 60 120 180 360 362 722 b
1 2 3 6 12 15 30 60 120 180 360 720 722 b
1 2 3 6 12 15 30 60 120 240 241 361 722 b
1 2 3 6 12 15 30 60 120 240 241 481 722 b
1 2 3 6 12 15 30 60 120 240 241 482 722 b
1 2 3 6 12 15 30 60 120 240 242 480 722 a
1 2 3 6 12 15 30 60 120 240 242 482 722 b
1 2 3 6 12 15 30 60 120 240 360 361 722 b
1 2 3 6 12 15 30 60 120 240 360 362 722 b
1 2 3 6 12 15 30 60 120 240 360 720 722 b
1 2 3 6 12 15 30 60 120 240 480 482 722 b
1 2 3 6 12 15 30 60 120 240 480 720 722 b
1 2 3 6 12 18 30 60 90 180 181 361 722 b
1 2 3 6 12 18 30 60 90 180 360 361 722 b
1 2 3 6 12 18 30 60 90 180 360 362 722 b
1 2 3 6 12 18 30 60 90 180 360 720 722 b
1 2 3 6 12 18 30 60 120 121 240 361 722 a
1 2 3 6 12 18 30 60 120 121 241 361 722 b
1 2 3 6 12 18 30 60 120 180 181 361 722 b
1 2 3 6 12 18 30 60 120 180 360 361 722 b
1 2 3 6 12 18 30 60 120 180 360 362 722 b
1 2 3 6 12 18 30 60 120 180 360 720 722 b
1 2 3 6 12 18 30 60 120 240 241 361 722 b
1 2 3 6 12 18 30 60 120 240 241 481 722 b
1 2 3 6 12 18 30 60 120 240 241 482 722 b
1 2 3 6 12 18 30 60 120 240 242 480 722 a
1 2 3 6 12 18 30 60 120 240 242 482 722 b
1 2 3 6 12 18 30 60 120 240 360 361 722 b
1 2 3 6 12 18 30 60 120 240 360 362 722 b
1 2 3 6 12 18 30 60 120 240 360 720 722 b
1 2 3 6 12 18 30 60 120 240 480 482 722 b
1 2 3 6 12 18 30 60 120 240 480 720 722 b
1 2 3 6 12 18 36 54 90 180 181 361 722 b
1 2 3 6 12 18 36 54 90 180 360 361 722 b
1 2 3 6 12 18 36 54 90 180 360 362 722 b
1 2 3 6 12 18 36 54 90 180 360 720 722 b
1 2 3 6 12 18 36 72 73 144 217 361 722 a
1 2 3 6 12 18 36 72 73 144 288 361 722 a
1 2 3 6 12 18 36 72 90 180 181 361 722 b
1 2 3 6 12 18 36 72 90 180 360 361 722 b
1 2 3 6 12 18 36 72 90 180 360 362 722 b
1 2 3 6 12 18 36 72 90 180 360 720 722 b
1 2 3 6 12 18 36 72 108 180 181 361 722 b
1 2 3 6 12 18 36 72 108 180 360 361 722 b
1 2 3 6 12 18 36 72 108 180 360 362 722 b
1 2 3 6 12 18 36 72 108 180 360 720 722 b
1 2 3 6 12 18 36 72 144 145 216 361 722 a
1 2 3 6 12 18 36 72 144 145 217 361 722 b
1 2 3 6 12 18 36 72 144 145 289 361 722 b
1 2 3 6 12 18 36 72 144 145 289 433 722 b
1 2 3 6 12 18 36 72 144 145 289 578 722 b
1 2 3 6 12 18 36 72 144 146 288 434 722 a
1 2 3 6 12 18 36 72 144 146 288 576 722 a
1 2 3 6 12 18 36 72 144 180 181 361 722 b
1 2 3 6 12 18 36 72 144 180 360 361 722 b
1 2 3 6 12 18 36 72 144 180 360 362 722 b
1 2 3 6 12 18 36 72 144 180 360 720 722 b
1 2 3 6 12 18 36 72 144 216 217 361 722 b
1 2 3 6 12 18 36 72 144 216 360 361 722 b
1 2 3 6 12 18 36 72 144 216 360 362 722 b
1 2 3 6 12 18 36 72 144 216 360 720 722 b
1 2 3 6 12 18 36 72 144 288 289 361 722 b
1 2 3 6 12 18 36 72 144 288 289 433 722 b
1 2 3 6 12 18 36 72 144 288 289 578 722 b
1 2 3 6 12 18 36 72 144 288 290 432 722 a
1 2 3 6 12 18 36 72 144 288 290 434 722 b
1 2 3 6 12 18 36 72 144 288 290 578 722 b
1 2 3 6 12 18 36 72 144 288 360 361 722 b
1 2 3 6 12 18 36 72 144 288 360 362 722 b
1 2 3 6 12 18 36 72 144 288 360 720 722 b
1 2 3 6 12 18 36 72 144 288 432 434 722 b
1 2 3 6 12 18 36 72 144 288 432 720 722 b
1 2 3 6 12 18 36 72 144 288 576 578 722 b
1 2 3 6 12 18 36 72 144 288 576 720 722 b
1 2 3 6 12 24 30 60 90 180 181 361 722 b
1 2 3 6 12 24 30 60 90 180 360 361 722 b
1 2 3 6 12 24 30 60 90 180 360 362 722 b
1 2 3 6 12 24 30 60 90 180 360 720 722 b
1 2 3 6 12 24 30 60 120 121 240 361 722 a
1 2 3 6 12 24 30 60 120 121 241 361 722 b
1 2 3 6 12 24 30 60 120 180 181 361 722 b
1 2 3 6 12 24 30 60 120 180 360 361 722 b
1 2 3 6 12 24 30 60 120 180 360 362 722 b
1 2 3 6 12 24 30 60 120 180 360 720 722 b
1 2 3 6 12 24 30 60 120 240 241 361 722 b
1 2 3 6 12 24 30 60 120 240 241 481 722 b
1 2 3 6 12 24 30 60 120 240 241 482 722 b
1 2 3 6 12 24 30 60 120 240 242 480 722 a
1 2 3 6 12 24 30 60 120 240 242 482 722 b
1 2 3 6 12 24 30 60 120 240 360 361 722 b
1 2 3 6 12 24 30 60 120 240 360 362 722 b
1 2 3 6 12 24 30 60 120 240 360 720 722 b
1 2 3 6 12 24 30 60 120 240 480 482 722 b
1 2 3 6 12 24 30 60 120 240 480 720 722 b
1 2 3 6 12 24 36 60 120 121 240 361 722 a
1 2 3 6 12 24 36 60 120 121 241 361 722 b
1 2 3 6 12 24 36 60 120 180 181 361 722 b
1 2 3 6 12 24 36 60 120 180 360 361 722 b
1 2 3 6 12 24 36 60 120 180 360 362 722 b
1 2 3 6 12 24 36 60 120 180 360 720 722 b
1 2 3 6 12 24 36 60 120 240 241 361 722 b
1 2 3 6 12 24 36 60 120 240 241 481 722 b
1 2 3 6 12 24 36 60 120 240 241 482 722 b
1 2 3 6 12 24 36 60 120 240 242 480 722 a
1 2 3 6 12 24 36 60 120 240 242 482 722 b
1 2 3 6 12 24 36 60 120 240 360 361 722 b
1 2 3 6 12 24 36 60 120 240 360 362 722 b
1 2 3 6 12 24 36 60 120 240 360 720 722 b
1 2 3 6 12 24 36 60 120 240 480 482 722 b
1 2 3 6 12 24 36 60 120 240 480 720 722 b
1 2 3 6 12 24 36 72 73 144 217 361 722 a
1 2 3 6 12 24 36 72 73 144 288 361 722 a
1 2 3 6 12 24 36 72 108 180 181 361 722 b
1 2 3 6 12 24 36 72 108 180 360 361 722 b
1 2 3 6 12 24 36 72 108 180 360 362 722 b
1 2 3 6 12 24 36 72 108 180 360 720 722 b
1 2 3 6 12 24 36 72 144 145 216 361 722 a
1 2 3 6 12 24 36 72 144 145 217 361 722 b
1 2 3 6 12 24 36 72 144 145 289 361 722 b
1 2 3 6 12 24 36 72 144 145 289 433 722 b
1 2 3 6 12 24 36 72 144 145 289 578 722 b
1 2 3 6 12 24 36 72 144 146 288 434 722 a
1 2 3 6 12 24 36 72 144 146 288 576 722 a
1 2 3 6 12 24 36 72 144 180 181 361 722 b
1 2 3 6 12 24 36 72 144 180 360 361 722 b
1 2 3 6 12 24 36 72 144 180 360 362 722 b
1 2 3 6 12 24 36 72 144 180 360 720 722 b
1 2 3 6 12 24 36 72 144 216 217 361 722 b
1 2 3 6 12 24 36 72 144 216 360 361 722 b
1 2 3 6 12 24 36 72 144 216 360 362 722 b
1 2 3 6 12 24 36 72 144 216 360 720 722 b
1 2 3 6 12 24 36 72 144 288 289 361 722 b
1 2 3 6 12 24 36 72 144 288 289 433 722 b
1 2 3 6 12 24 36 72 144 288 289 578 722 b
1 2 3 6 12 24 36 72 144 288 290 432 722 a
1 2 3 6 12 24 36 72 144 288 290 434 722 b
1 2 3 6 12 24 36 72 144 288 290 578 722 b
1 2 3 6 12 24 36 72 144 288 360 361 722 b
1 2 3 6 12 24 36 72 144 288 360 362 722 b
1 2 3 6 12 24 36 72 144 288 360 720 722 b
1 2 3 6 12 24 36 72 144 288 432 434 722 b
1 2 3 6 12 24 36 72 144 288 432 720 722 b
1 2 3 6 12 24 36 72 144 288 576 578 722 b
1 2 3 6 12 24 36 72 144 288 576 720 722 b
1 2 3 6 12 24 48 60 120 121 240 361 722 a
1 2 3 6 12 24 48 60 120 121 241 361 722 b
1 2 3 6 12 24 48 60 120 180 181 361 722 b
1 2 3 6 12 24 48 60 120 180 360 361 722 b
1 2 3 6 12 24 48 60 120 180 360 362 722 b
1 2 3 6 12 24 48 60 120 180 360 720 722 b
1 2 3 6 12 24 48 60 120 240 241 361 722 b
1 2 3 6 12 24 48 60 120 240 241 481 722 b
1 2 3 6 12 24 48 60 120 240 241 482 722 b
1 2 3 6 12 24 48 60 120 240 242 480 722 a
1 2 3 6 12 24 48 60 120 240 242 482 722 b
1 2 3 6 12 24 48 60 120 240 360 361 722 b
1 2 3 6 12 24 48 60 120 240 360 362 722 b
1 2 3 6 12 24 48 60 120 240 360 720 722 b
1 2 3 6 12 24 48 60 120 240 480 482 722 b
1 2 3 6 12 24 48 60 120 240 480 720 722 b
1 2 3 6 12 24 48 72 73 144 217 361 722 a
1 2 3 6 12 24 48 72 73 144 288 361 722 a
1 2 3 6 12 24 48 72 120 121 240 361 722 a
1 2 3 6 12 24 48 72 120 121 241 361 722 b
1 2 3 6 12 24 48 72 120 240 241 361 722 b
1 2 3 6 12 24 48 72 120 240 241 481 722 b
1 2 3 6 12 24 48 72 120 240 241 482 722 b
1 2 3 6 12 24 48 72 120 240 242 480 722 a
1 2 3 6 12 24 48 72 120 240 242 482 722 b
1 2 3 6 12 24 48 72 120 240 360 361 722 b
1 2 3 6 12 24 48 72 120 240 360 362 722 b
1 2 3 6 12 24 48 72 120 240 360 720 722 b
1 2 3 6 12 24 48 72 120 240 480 482 722 b
1 2 3 6 12 24 48 72 120 240 480 720 722 b
1 2 3 6 12 24 48 72 144 145 216 361 722 a
1 2 3 6 12 24 48 72 144 145 217 361 722 b
1 2 3 6 12 24 48 72 144 145 289 361 722 b
1 2 3 6 12 24 48 72 144 145 289 433 722 b
1 2 3 6 12 24 48 72 144 145 289 578 722 b
1 2 3 6 12 24 48 72 144 146 288 434 722 a
1 2 3 6 12 24 48 72 144 146 288 576 722 a
1 2 3 6 12 24 48 72 144 216 217 361 722 b
1 2 3 6 12 24 48 72 144 216 360 361 722 b
1 2 3 6 12 24 48 72 144 216 360 362 722 b
1 2 3 6 12 24 48 72 144 216 360 720 722 b
1 2 3 6 12 24 48 72 144 288 289 361 722 b
1 2 3 6 12 24 48 72 144 288 289 433 722 b
1 2 3 6 12 24 48 72 144 288 289 578 722 b
1 2 3 6 12 24 48 72 144 288 290 432 722 a
1 2 3 6 12 24 48 72 144 288 290 434 722 b
1 2 3 6 12 24 48 72 144 288 290 578 722 b
1 2 3 6 12 24 48 72 144 288 360 361 722 b
1 2 3 6 12 24 48 72 144 288 360 362 722 b
1 2 3 6 12 24 48 72 144 288 360 720 722 b
1 2 3 6 12 24 48 72 144 288 432 434 722 b
1 2 3 6 12 24 48 72 144 288 432 720 722 b
1 2 3 6 12 24 48 72 144 288 576 578 722 b
1 2 3 6 12 24 48 72 144 288 576 720 722 b
1 2 3 6 12 24 48 96 120 121 240 361 722 a
1 2 3 6 12 24 48 96 120 121 241 361 722 b
1 2 3 6 12 24 48 96 120 240 241 361 722 b
1 2 3 6 12 24 48 96 120 240 241 481 722 b
1 2 3 6 12 24 48 96 120 240 241 482 722 b
1 2 3 6 12 24 48 96 120 240 242 480 722 a
1 2 3 6 12 24 48 96 120 240 242 482 722 b
1 2 3 6 12 24 48 96 120 240 360 361 722 b
1 2 3 6 12 24 48 96 120 240 360 362 722 b
1 2 3 6 12 24 48 96 120 240 360 720 722 b
1 2 3 6 12 24 48 96 120 240 480 482 722 b
1 2 3 6 12 24 48 96 120 240 480 720 722 b
1 2 3 6 12 24 48 96 144 145 289 433 722 b
1 2 3 6 12 24 48 96 144 145 289 578 722 b
1 2 3 6 12 24 48 96 144 146 288 434 722 a
1 2 3 6 12 24 48 96 144 146 288 576 722 a
1 2 3 6 12 24 48 96 144 240 241 481 722 b
1 2 3 6 12 24 48 96 144 240 241 482 722 b
1 2 3 6 12 24 48 96 144 240 242 480 722 a
1 2 3 6 12 24 48 96 144 240 242 482 722 b
1 2 3 6 12 24 48 96 144 240 480 482 722 b
1 2 3 6 12 24 48 96 144 240 480 720 722 b
1 2 3 6 12 24 48 96 144 288 289 433 722 b
1 2 3 6 12 24 48 96 144 288 289 578 722 b
1 2 3 6 12 24 48 96 144 288 290 432 722 a
1 2 3 6 12 24 48 96 144 288 290 434 722 b
1 2 3 6 12 24 48 96 144 288 290 578 722 b
1 2 3 6 12 24 48 96 144 288 432 434 722 b
1 2 3 6 12 24 48 96 144 288 432 720 722 b
1 2 3 6 12 24 48 96 144 288 576 578 722 b
1 2 3 6 12 24 48 96 144 288 576 720 722 b
1 2 3 6 12 24 48 96 192 240 241 481 722 b
1 2 3 6 12 24 48 96 192 240 241 482 722 b
1 2 3 6 12 24 48 96 192 240 242 480 722 a
1 2 3 6 12 24 48 96 192 240 242 482 722 b
1 2 3 6 12 24 48 96 192 240 480 482 722 b
1 2 3 6 12 24 48 96 192 240 480 720 722 b
1 2 4 5 9 11 22 44 88 176 185 361 722 b
1 2 4 5 9 11 22 44 88 176 352 361 722 b
1 2 4 5 9 13 22 44 88 176 185 361 722 b
1 2 4 5 9 13 22 44 88 176 352 361 722 b
1 2 4 5 9 18 22 44 88 176 185 361 722 b
1 2 4 5 9 18 22 44 88 176 352 361 722 b
1 2 4 5 9 18 22 44 88 176 352 370 722 b
1 2 4 5 9 18 22 44 88 176 352 704 722 b
1 2 4 5 9 18 27 45 90 180 181 361 722 b
1 2 4 5 9 18 27 45 90 180 360 361 722 b
1 2 4 5 9 18 27 45 90 180 360 362 722 b
1 2 4 5 9 18 27 45 90 180 360 720 722 b
1 2 4 5 9 18 36 45 90 180 181 361 722 b
1 2 4 5 9 18 36 45 90 180 360 361 722 b
1 2 4 5 9 18 36 45 90 180 360 362 722 b
1 2 4 5 9 18 36 45 90 180 360 720 722 b
1 2 4 5 9 18 36 54 90 180 181 361 722 b
1 2 4 5 9 18 36 54 90 180 360 361 722 b
1 2 4 5 9 18 36 54 90 180 360 362 722 b
1 2 4 5 9 18 36 54 90 180 360 720 722 b
1 2 4 5 9 18 36 72 73 144 217 361 722 a
1 2 4 5 9 18 36 72 73 144 288 361 722 a
1 2 4 5 9 18 36 72 90 180 181 361 722 b
1 2 4 5 9 18 36 72 90 180 360 361 722 b
1 2 4 5 9 18 36 72 90 180 360 362 722 b
1 2 4 5 9 18 36 72 90 180 360 720 722 b
1 2 4 5 9 18 36 72 108 180 181 361 722 b
1 2 4 5 9 18 36 72 108 180 360 361 722 b
1 2 4 5 9 18 36 72 108 180 360 362 722 b
1 2 4 5 9 18 36 72 108 180 360 720 722 b
1 2 4 5 9 18 36 72 144 145 216 361 722 a
1 2 4 5 9 18 36 72 144 145 217 361 722 b
1 2 4 5 9 18 36 72 144 145 289 361 722 b
1 2 4 5 9 18 36 72 144 145 289 433 722 b
1 2 4 5 9 18 36 72 144 145 289 578 722 b
1 2 4 5 9 18 36 72 144 146 288 434 722 a
1 2 4 5 9 18 36 72 144 146 288 576 722 a
1 2 4 5 9 18 36 72 144 180 181 361 722 b
1 2 4 5 9 18 36 72 144 180 360 361 722 b
1 2 4 5 9 18 36 72 144 180 360 362 722 b
1 2 4 5 9 18 36 72 144 180 360 720 722 b
1 2 4 5 9 18 36 72 144 216 217 361 722 b
1 2 4 5 9 18 36 72 144 216 360 361 722 b
1 2 4 5 9 18 36 72 144 216 360 362 722 b
1 2 4 5 9 18 36 72 144 216 360 720 722 b
1 2 4 5 9 18 36 72 144 288 289 361 722 b
1 2 4 5 9 18 36 72 144 288 289 433 722 b
1 2 4 5 9 18 36 72 144 288 289 578 722 b
1 2 4 5 9 18 36 72 144 288 290 432 722 a
1 2 4 5 9 18 36 72 144 288 290 434 722 b
1 2 4 5 9 18 36 72 144 288 290 578 722 b
1 2 4 5 9 18 36 72 144 288 360 361 722 b
1 2 4 5 9 18 36 72 144 288 360 362 722 b
1 2 4 5 9 18 36 72 144 288 360 720 722 b
1 2 4 5 9 18 36 72 144 288 432 434 722 b
1 2 4 5 9 18 36 72 144 288 432 720 722 b
1 2 4 5 9 18 36 72 144 288 576 578 722 b
1 2 4 5 9 18 36 72 144 288 576 720 722 b
1 2 4 5 10 15 30 45 90 180 181 361 722 b
1 2 4 5 10 15 30 45 90 180 360 361 722 b
1 2 4 5 10 15 30 45 90 180 360 362 722 b
1 2 4 5 10 15 30 45 90 180 360 720 722 b
1 2 4 5 10 15 30 60 90 180 181 361 722 b
1 2 4 5 10 15 30 60 90 180 360 361 722 b
1 2 4 5 10 15 30 60 90 180 360 362 722 b
1 2 4 5 10 15 30 60 90 180 360 720 722 b
1 2 4 5 10 15 30 60 120 121 240 361 722 a
1 2 4 5 10 15 30 60 120 121 241 361 722 b
1 2 4 5 10 15 30 60 120 180 181 361 722 b
1 2 4 5 10 15 30 60 120 180 360 361 722 b
1 2 4 5 10 15 30 60 120 180 360 362 722 b
1 2 4 5 10 15 30 60 120 180 360 720 722 b
1 2 4 5 10 15 30 60 120 240 241 361 722 b
1 2 4 5 10 15 30 60 120 240 241 481 722 b
1 2 4 5 10 15 30 60 120 240 241 482 722 b
1 2 4 5 10 15 30 60 120 240 242 480 722 a
1 2 4 5 10 15 30 60 120 240 242 482 722 b
1 2 4 5 10 15 30 60 120 240 360 361 722 b
1 2 4 5 10 15 30 60 120 240 360 362 722 b
1 2 4 5 10 15 30 60 120 240 360 720 722 b
1 2 4 5 10 15 30 60 120 240 480 482 722 b
1 2 4 5 10 15 30 60 120 240 480 720 722 b
1 2 4 5 10 20 25 45 90 180 181 361 722 b
1 2 4 5 10 20 25 45 90 180 360 361 722 b
1 2 4 5 10 20 25 45 90 180 360 362 722 b
1 2 4 5 10 20 25 45 90 180 360 720 722 b
1 2 4 5 10 20 30 60 90 180 181 361 722 b
1 2 4 5 10 20 30 60 90 180 360 361 722 b
1 2 4 5 10 20 30 60 90 180 360 362 722 b
1 2 4 5 10 20 30 60 90 180 360 720 722 b
1 2 4 5 10 20 30 60 120 121 240 361 722 a
1 2 4 5 10 20 30 60 120 121 241 361 722 b
1 2 4 5 10 20 30 60 120 180 181 361 722 b
1 2 4 5 10 20 30 60 120 180 360 361 722 b
1 2 4 5 10 20 30 60 120 180 360 362 722 b
1 2 4 5 10 20 30 60 120 180 360 720 722 b
1 2 4 5 10 20 30 60 120 240 241 361 722 b
1 2 4 5 10 20 30 60 120 240 241 481 722 b
1 2 4 5 10 20 30 60 120 240 241 482 722 b
1 2 4 5 10 20 30 60 120 240 242 480 722 a
1 2 4 5 10 20 30 60 120 240 242 482 722 b
1 2 4 5 10 20 30 60 120 240 360 361 722 b
1 2 4 5 10 20 30 60 120 240 360 362 722 b
1 2 4 5 10 20 30 60 120 240 360 720 722 b
1 2 4 5 10 20 30 60 120 240 480 482 722 b
1 2 4 5 10 20 30 60 120 240 480 720 722 b
1 2 4 5 10 20 40 41 80 160 201 361 722 a
1 2 4 5 10 20 40 41 80 160 320 361 722 a
1 2 4 5 10 20 40 45 90 180 181 361 722 b
1 2 4 5 10 20 40 45 90 180 360 361 722 b
1 2 4 5 10 20 40 45 90 180 360 362 722 b
1 2 4 5 10 20 40 45 90 180 360 720 722 b
1 2 4 5 10 20 40 50 90 180 181 361 722 b
1 2 4 5 10 20 40 50 90 180 360 361 722 b
1 2 4 5 10 20 40 50 90 180 360 362 722 b
1 2 4 5 10 20 40 50 90 180 360 720 722 b
1 2 4 5 10 20 40 60 120 121 240 361 722 a
1 2 4 5 10 20 40 60 120 121 241 361 722 b
1 2 4 5 10 20 40 60 120 180 181 361 722 b
1 2 4 5 10 20 40 60 120 180 360 361 722 b
1 2 4 5 10 20 40 60 120 180 360 362 722 b
1 2 4 5 10 20 40 60 120 180 360 720 722 b
1 2 4 5 10 20 40 60 120 240 241 361 722 b
1 2 4 5 10 20 40 60 120 240 241 481 722 b
1 2 4 5 10 20 40 60 120 240 241 482 722 b
1 2 4 5 10 20 40 60 120 240 242 480 722 a
1 2 4 5 10 20 40 60 120 240 242 482 722 b
1 2 4 5 10 20 40 60 120 240 360 361 722 b
1 2 4 5 10 20 40 60 120 240 360 362 722 b
1 2 4 5 10 20 40 60 120 240 360 720 722 b
1 2 4 5 10 20 40 60 120 240 480 482 722 b
1 2 4 5 10 20 40 60 120 240 480 720 722 b
1 2 4 5 10 20 40 80 82 160 320 402 722 a
1 2 4 5 10 20 40 80 82 160 320 640 722 a
1 2 4 5 10 20 40 80 90 180 181 361 722 b
1 2 4 5 10 20 40 80 90 180 360 361 722 b
1 2 4 5 10 20 40 80 90 180 360 362 722 b
1 2 4 5 10 20 40 80 90 180 360 720 722 b
1 2 4 5 10 20 40 80 100 180 181 361 722 b
1 2 4 5 10 20 40 80 100 180 360 361 722 b
1 2 4 5 10 20 40 80 100 180 360 362 722 b
1 2 4 5 10 20 40 80 100 180 360 720 722 b
1 2 4 5 10 20 40 80 120 121 240 361 722 a
1 2 4 5 10 20 40 80 120 121 241 361 722 b
1 2 4 5 10 20 40 80 120 240 241 361 722 b
1 2 4 5 10 20 40 80 120 240 241 481 722 b
1 2 4 5 10 20 40 80 120 240 241 482 722 b
1 2 4 5 10 20 40 80 120 240 242 480 722 a
1 2 4 5 10 20 40 80 120 240 242 482 722 b
1 2 4 5 10 20 40 80 120 240 360 361 722 b
1 2 4 5 10 20 40 80 120 240 360 362 722 b
1 2 4 5 10 20 40 80 120 240 360 720 722 b
1 2 4 5 10 20 40 80 120 240 480 482 722 b
1 2 4 5 10 20 40 80 120 240 480 720 722 b
1 2 4 5 10 20 40 80 160 161 200 361 722 a
1 2 4 5 10 20 40 80 160 161 201 361 722 b
1 2 4 5 10 20 40 80 160 161 321 361 722 b
1 2 4 5 10 20 40 80 160 161 321 401 722 b
1 2 4 5 10 20 40 80 160 161 321 642 722 b
1 2 4 5 10 20 40 80 160 180 181 361 722 b
1 2 4 5 10 20 40 80 160 180 360 361 722 b
1 2 4 5 10 20 40 80 160 180 360 362 722 b
1 2 4 5 10 20 40 80 160 180 360 720 722 b
1 2 4 5 10 20 40 80 160 200 201 361 722 b
1 2 4 5 10 20 40 80 160 200 360 361 722 b
1 2 4 5 10 20 40 80 160 200 360 362 722 b
1 2 4 5 10 20 40 80 160 200 360 720 722 b
1 2 4 5 10 20 40 80 160 240 241 481 722 b
1 2 4 5 10 20 40 80 160 240 241 482 722 b
1 2 4 5 10 20 40 80 160 240 242 480 722 a
1 2 4 5 10 20 40 80 160 240 242 482 722 b
1 2 4 5 10 20 40 80 160 240 480 482 722 b
1 2 4 5 10 20 40 80 160 240 480 720 722 b
1 2 4 5 10 20 40 80 160 320 321 361 722 b
1 2 4 5 10 20 40 80 160 320 321 401 722 b
1 2 4 5 10 20 40 80 160 320 321 642 722 b
1 2 4 5 10 20 40 80 160 320 322 400 722 a
1 2 4 5 10 20 40 80 160 320 322 402 722 b
1 2 4 5 10 20 40 80 160 320 322 642 722 b
1 2 4 5 10 20 40 80 160 320 360 361 722 b
1 2 4 5 10 20 40 80 160 320 360 362 722 b
1 2 4 5 10 20 40 80 160 320 360 720 722 b
1 2 4 5 10 20 40 80 160 320 400 402 722 b
1 2 4 5 10 20 40 80 160 320 400 720 722 b
1 2 4 5 10 20 40 80 160 320 640 642 722 b
1 2 4 5 10 20 40 80 160 320 640 720 722 b
1 2 4 6 10 20 30 60 90 180 181 361 722 b
1 2 4 6 10 20 30 60 90 180 360 361 722 b
1 2 4 6 10 20 30 60 90 180 360 362 722 b
1 2 4 6 10 20 30 60 90 180 360 720 722 b
1 2 4 6 10 20 30 60 120 121 240 361 722 a
1 2 4 6 10 20 30 60 120 121 241 361 722 b
1 2 4 6 10 20 30 60 120 180 181 361 722 b
1 2 4 6 10 20 30 60 120 180 360 361 722 b
1 2 4 6 10 20 30 60 120 180 360 362 722 b
1 2 4 6 10 20 30 60 120 180 360 720 722 b
1 2 4 6 10 20 30 60 120 240 241 361 722 b
1 2 4 6 10 20 30 60 120 240 241 481 722 b
1 2 4 6 10 20 30 60 120 240 241 482 722 b
1 2 4 6 10 20 30 60 120 240 242 480 722 a
1 2 4 6 10 20 30 60 120 240 242 482 722 b
1 2 4 6 10 20 30 60 120 240 360 361 722 b
1 2 4 6 10 20 30 60 120 240 360 362 722 b
1 2 4 6 10 20 30 60 120 240 360 720 722 b
1 2 4 6 10 20 30 60 120 240 480 482 722 b
1 2 4 6 10 20 30 60 120 240 480 720 722 b
1 2 4 6 10 20 40 41 80 160 201 361 722 a
1 2 4 6 10 20 40 41 80 160 320 361 722 a
1 2 4 6 10 20 40 50 90 180 181 361 722 b
1 2 4 6 10 20 40 50 90 180 360 361 722 b
1 2 4 6 10 20 40 50 90 180 360 362 722 b
1 2 4 6 10 20 40 50 90 180 360 720 722 b
1 2 4 6 10 20 40 60 120 121 240 361 722 a
1 2 4 6 10 20 40 60 120 121 241 361 722 b
1 2 4 6 10 20 40 60 120 180 181 361 722 b
1 2 4 6 10 20 40 60 120 180 360 361 722 b
1 2 4 6 10 20 40 60 120 180 360 362 722 b
1 2 4 6 10 20 40 60 120 180 360 720 722 b
1 2 4 6 10 20 40 60 120 240 241 361 722 b
1 2 4 6 10 20 40 60 120 240 241 481 722 b
1 2 4 6 10 20 40 60 120 240 241 482 722 b
1 2 4 6 10 20 40 60 120 240 242 480 722 a
1 2 4 6 10 20 40 60 120 240 242 482 722 b
1 2 4 6 10 20 40 60 120 240 360 361 722 b
1 2 4 6 10 20 40 60 120 240 360 362 722 b
1 2 4 6 10 20 40 60 120 240 360 720 722 b
1 2 4 6 10 20 40 60 120 240 480 482 722 b
1 2 4 6 10 20 40 60 120 240 480 720 722 b
1 2 4 6 10 20 40 80 82 160 320 402 722 a
1 2 4 6 10 20 40 80 82 160 320 640 722 a
1 2 4 6 10 20 40 80 90 180 181 361 722 b
1 2 4 6 10 20 40 80 90 180 360 361 722 b
1 2 4 6 10 20 40 80 90 180 360 362 722 b
1 2 4 6 10 20 40 80 90 180 360 720 722 b
1 2 4 6 10 20 40 80 100 180 181 361 722 b
1 2 4 6 10 20 40 80 100 180 360 361 722 b
1 2 4 6 10 20 40 80 100 180 360 362 722 b
1 2 4 6 10 20 40 80 100 180 360 720 722 b
1 2 4 6 10 20 40 80 120 121 240 361 722 a
1 2 4 6 10 20 40 80 120 121 241 361 722 b
1 2 4 6 10 20 40 80 120 240 241 361 722 b
1 2 4 6 10 20 40 80 120 240 241 481 722 b
1 2 4 6 10 20 40 80 120 240 241 482 722 b
1 2 4 6 10 20 40 80 120 240 242 480 722 a
1 2 4 6 10 20 40 80 120 240 242 482 722 b
1 2 4 6 10 20 40 80 120 240 360 361 722 b
1 2 4 6 10 20 40 80 120 240 360 362 722 b
1 2 4 6 10 20 40 80 120 240 360 720 722 b
1 2 4 6 10 20 40 80 120 240 480 482 722 b
1 2 4 6 10 20 40 80 120 240 480 720 722 b
1 2 4 6 10 20 40 80 160 161 200 361 722 a
1 2 4 6 10 20 40 80 160 161 201 361 722 b
1 2 4 6 10 20 40 80 160 161 321 361 722 b
1 2 4 6 10 20 40 80 160 161 321 401 722 b
1 2 4 6 10 20 40 80 160 161 321 642 722 b
1 2 4 6 10 20 40 80 160 180 181 361 722 b
1 2 4 6 10 20 40 80 160 180 360 361 722 b
1 2 4 6 10 20 40 80 160 180 360 362 722 b
1 2 4 6 10 20 40 80 160 180 360 720 722 b
1 2 4 6 10 20 40 80 160 200 201 361 722 b
1 2 4 6 10 20 40 80 160 200 360 361 722 b
1 2 4 6 10 20 40 80 160 200 360 362 722 b
1 2 4 6 10 20 40 80 160 200 360 720 722 b
1 2 4 6 10 20 40 80 160 240 241 481 722 b
1 2 4 6 10 20 40 80 160 240 241 482 722 b
1 2 4 6 10 20 40 80 160 240 242 480 722 a
1 2 4 6 10 20 40 80 160 240 242 482 722 b
1 2 4 6 10 20 40 80 160 240 480 482 722 b
1 2 4 6 10 20 40 80 160 240 480 720 722 b
1 2 4 6 10 20 40 80 160 320 321 361 722 b
1 2 4 6 10 20 40 80 160 320 321 401 722 b
1 2 4 6 10 20 40 80 160 320 321 642 722 b
1 2 4 6 10 20 40 80 160 320 322 400 722 a
1 2 4 6 10 20 40 80 160 320 322 402 722 b
1 2 4 6 10 20 40 80 160 320 322 642 722 b
1 2 4 6 10 20 40 80 160 320 360 361 722 b
1 2 4 6 10 20 40 80 160 320 360 362 722 b
1 2 4 6 10 20 40 80 160 320 360 720 722 b
1 2 4 6 10 20 40 80 160 320 400 402 722 b
1 2 4 6 10 20 40 80 160 320 400 720 722 b
1 2 4 6 10 20 40 80 160 320 640 642 722 b
1 2 4 6 10 20 40 80 160 320 640 720 722 b
1 2 4 6 12 18 22 44 88 176 352 370 722 b
1 2 4 6 12 18 22 44 88 176 352 704 722 b
1 2 4 6 12 18 30 60 90 180 181 361 722 b
1 2 4 6 12 18 30 60 90 180 360 361 722 b
1 2 4 6 12 18 30 60 90 180 360 362 722 b
1 2 4 6 12 18 30 60 90 180 360 720 722 b
1 2 4 6 12 18 30 60 120 121 240 361 722 a
1 2 4 6 12 18 30 60 120 121 241 361 722 b
1 2 4 6 12 18 30 60 120 180 181 361 722 b
1 2 4 6 12 18 30 60 120 180 360 361 722 b
1 2 4 6 12 18 30 60 120 180 360 362 722 b
1 2 4 6 12 18 30 60 120 180 360 720 722 b
1 2 4 6 12 18 30 60 120 240 241 361 722 b
1 2 4 6 12 18 30 60 120 240 241 481 722 b
1 2 4 6 12 18 30 60 120 240 241 482 722 b
1 2 4 6 12 18 30 60 120 240 242 480 722 a
1 2 4 6 12 18 30 60 120 240 242 482 722 b
1 2 4 6 12 18 30 60 120 240 360 361 722 b
1 2 4 6 12 18 30 60 120 240 360 362 722 b
1 2 4 6 12 18 30 60 120 240 360 720 722 b
1 2 4 6 12 18 30 60 120 240 480 482 722 b
1 2 4 6 12 18 30 60 120 240 480 720 722 b
1 2 4 6 12 18 36 54 90 180 181 361 722 b
1 2 4 6 12 18 36 54 90 180 360 361 722 b
1 2 4 6 12 18 36 54 90 180 360 362 722 b
1 2 4 6 12 18 36 54 90 180 360 720 722 b
1 2 4 6 12 18 36 72 73 144 217 361 722 a
1 2 4 6 12 18 36 72 73 144 288 361 722 a
1 2 4 6 12 18 36 72 90 180 181 361 722 b
1 2 4 6 12 18 36 72 90 180 360 361 722 b
1 2 4 6 12 18 36 72 90 180 360 362 722 b
1 2 4 6 12 18 36 72 90 180 360 720 722 b
1 2 4 6 12 18 36 72 108 180 181 361 722 b
1 2 4 6 12 18 36 72 108 180 360 361 722 b
1 2 4 6 12 18 36 72 108 180 360 362 722 b
1 2 4 6 12 18 36 72 108 180 360 720 722 b
1 2 4 6 12 18 36 72 144 145 216 361 722 a
1 2 4 6 12 18 36 72 144 145 217 361 722 b
1 2 4 6 12 18 36 72 144 145 289 361 722 b
1 2 4 6 12 18 36 72 144 145 289 433 722 b
1 2 4 6 12 18 36 72 144 145 289 578 722 b
1 2 4 6 12 18 36 72 144 146 288 434 722 a
1 2 4 6 12 18 36 72 144 146 288 576 722 a
1 2 4 6 12 18 36 72 144 180 181 361 722 b
1 2 4 6 12 18 36 72 144 180 360 361 722 b
1 2 4 6 12 18 36 72 144 180 360 362 722 b
1 2 4 6 12 18 36 72 144 180 360 720 722 b
1 2 4 6 12 18 36 72 144 216 217 361 722 b
1 2 4 6 12 18 36 72 144 216 360 361 722 b
1 2 4 6 12 18 36 72 144 216 360 362 722 b
1 2 4 6 12 18 36 72 144 216 360 720 722 b
1 2 4 6 12 18 36 72 144 288 289 361 722 b
1 2 4 6 12 18 36 72 144 288 289 433 722 b
1 2 4 6 12 18 36 72 144 288 289 578 722 b
1 2 4 6 12 18 36 72 144 288 290 432 722 a
1 2 4 6 12 18 36 72 144 288 290 434 722 b
1 2 4 6 12 18 36 72 144 288 290 578 722 b
1 2 4 6 12 18 36 72 144 288 360 361 722 b
1 2 4 6 12 18 36 72 144 288 360 362 722 b
1 2 4 6 12 18 36 72 144 288 360 720 722 b
1 2 4 6 12 18 36 72 144 288 432 434 722 b
1 2 4 6 12 18 36 72 144 288 432 720 722 b
1 2 4 6 12 18 36 72 144 288 576 578 722 b
1 2 4 6 12 18 36 72 144 288 576 720 722 b
1 2 4 6 12 24 30 60 90 180 181 361 722 b
1 2 4 6 12 24 30 60 90 180 360 361 722 b
1 2 4 6 12 24 30 60 90 180 360 362 722 b
1 2 4 6 12 24 30 60 90 180 360 720 722 b
1 2 4 6 12 24 30 60 120 121 240 361 722 a
1 2 4 6 12 24 30 60 120 121 241 361 722 b
1 2 4 6 12 24 30 60 120 180 181 361 722 b
1 2 4 6 12 24 30 60 120 180 360 361 722 b
1 2 4 6 12 24 30 60 120 180 360 362 722 b
1 2 4 6 12 24 30 60 120 180 360 720 722 b
1 2 4 6 12 24 30 60 120 240 241 361 722 b
1 2 4 6 12 24 30 60 120 240 241 481 722 b
1 2 4 6 12 24 30 60 120 240 241 482 722 b
1 2 4 6 12 24 30 60 120 240 242 480 722 a
1 2 4 6 12 24 30 60 120 240 242 482 722 b
1 2 4 6 12 24 30 60 120 240 360 361 722 b
1 2 4 6 12 24 30 60 120 240 360 362 722 b
1 2 4 6 12 24 30 60 120 240 360 720 722 b
1 2 4 6 12 24 30 60 120 240 480 482 722 b
1 2 4 6 12 24 30 60 120 240 480 720 722 b
1 2 4 6 12 24 36 60 120 121 240 361 722 a
1 2 4 6 12 24 36 60 120 121 241 361 722 b
1 2 4 6 12 24 36 60 120 180 181 361 722 b
1 2 4 6 12 24 36 60 120 180 360 361 722 b
1 2 4 6 12 24 36 60 120 180 360 362 722 b
1 2 4 6 12 24 36 60 120 180 360 720 722 b
1 2 4 6 12 24 36 60 120 240 241 361 722 b
1 2 4 6 12 24 36 60 120 240 241 481 722 b
1 2 4 6 12 24 36 60 120 240 241 482 722 b
1 2 4 6 12 24 36 60 120 240 242 480 722 a
1 2 4 6 12 24 36 60 120 240 242 482 722 b
1 2 4 6 12 24 36 60 120 240 360 361 722 b
1 2 4 6 12 24 36 60 120 240 360 362 722 b
1 2 4 6 12 24 36 60 120 240 360 720 722 b
1 2 4 6 12 24 36 60 120 240 480 482 722 b
1 2 4 6 12 24 36 60 120 240 480 720 722 b
1 2 4 6 12 24 36 72 73 144 217 361 722 a
1 2 4 6 12 24 36 72 73 144 288 361 722 a
1 2 4 6 12 24 36 72 108 180 181 361 722 b
1 2 4 6 12 24 36 72 108 180 360 361 722 b
1 2 4 6 12 24 36 72 108 180 360 362 722 b
1 2 4 6 12 24 36 72 108 180 360 720 722 b
1 2 4 6 12 24 36 72 144 145 216 361 722 a
1 2 4 6 12 24 36 72 144 145 217 361 722 b
1 2 4 6 12 24 36 72 144 145 289 361 722 b
1 2 4 6 12 24 36 72 144 145 289 433 722 b
1 2 4 6 12 24 36 72 144 145 289 578 722 b
1 2 4 6 12 24 36 72 144 146 288 434 722 a
1 2 4 6 12 24 36 72 144 146 288 576 722 a
1 2 4 6 12 24 36 72 144 180 181 361 722 b
1 2 4 6 12 24 36 72 144 180 360 361 722 b
1 2 4 6 12 24 36 72 144 180 360 362 722 b
1 2 4 6 12 24 36 72 144 180 360 720 722 b
1 2 4 6 12 24 36 72 144 216 217 361 722 b
1 2 4 6 12 24 36 72 144 216 360 361 722 b
1 2 4 6 12 24 36 72 144 216 360 362 722 b
1 2 4 6 12 24 36 72 144 216 360 720 722 b
1 2 4 6 12 24 36 72 144 288 289 361 722 b
1 2 4 6 12 24 36 72 144 288 289 433 722 b
1 2 4 6 12 24 36 72 144 288 289 578 722 b
1 2 4 6 12 24 36 72 144 288 290 432 722 a
1 2 4 6 12 24 36 72 144 288 290 434 722 b
1 2 4 6 12 24 36 72 144 288 290 578 722 b
1 2 4 6 12 24 36 72 144 288 360 361 722 b
1 2 4 6 12 24 36 72 144 288 360 362 722 b
1 2 4 6 12 24 36 72 144 288 360 720 722 b
1 2 4 6 12 24 36 72 144 288 432 434 722 b
1 2 4 6 12 24 36 72 144 288 432 720 722 b
1 2 4 6 12 24 36 72 144 288 576 578 722 b
1 2 4 6 12 24 36 72 144 288 576 720 722 b
1 2 4 6 12 24 48 60 120 121 240 361 722 a
1 2 4 6 12 24 48 60 120 121 241 361 722 b
1 2 4 6 12 24 48 60 120 180 181 361 722 b
1 2 4 6 12 24 48 60 120 180 360 361 722 b
1 2 4 6 12 24 48 60 120 180 360 362 722 b
1 2 4 6 12 24 48 60 120 180 360 720 722 b
1 2 4 6 12 24 48 60 120 240 241 361 722 b
1 2 4 6 12 24 48 60 120 240 241 481 722 b
1 2 4 6 12 24 48 60 120 240 241 482 722 b
1 2 4 6 12 24 48 60 120 240 242 480 722 a
1 2 4 6 12 24 48 60 120 240 242 482 722 b
1 2 4 6 12 24 48 60 120 240 360 361 722 b
1 2 4 6 12 24 48 60 120 240 360 362 722 b
1 2 4 6 12 24 48 60 120 240 360 720 722 b
1 2 4 6 12 24 48 60 120 240 480 482 722 b
1 2 4 6 12 24 48 60 120 240 480 720 722 b
1 2 4 6 12 24 48 72 73 144 217 361 722 a
1 2 4 6 12 24 48 72 73 144 288 361 722 a
1 2 4 6 12 24 48 72 120 121 240 361 722 a
1 2 4 6 12 24 48 72 120 121 241 361 722 b
1 2 4 6 12 24 48 72 120 240 241 361 722 b
1 2 4 6 12 24 48 72 120 240 241 481 722 b
1 2 4 6 12 24 48 72 120 240 241 482 722 b
1 2 4 6 12 24 48 72 120 240 242 480 722 a
1 2 4 6 12 24 48 72 120 240 242 482 722 b
1 2 4 6 12 24 48 72 120 240 360 361 722 b
1 2 4 6 12 24 48 72 120 240 360 362 722 b
1 2 4 6 12 24 48 72 120 240 360 720 722 b
1 2 4 6 12 24 48 72 120 240 480 482 722 b
1 2 4 6 12 24 48 72 120 240 480 720 722 b
1 2 4 6 12 24 48 72 144 145 216 361 722 a
1 2 4 6 12 24 48 72 144 145 217 361 722 b
1 2 4 6 12 24 48 72 144 145 289 361 722 b
1 2 4 6 12 24 48 72 144 145 289 433 722 b
1 2 4 6 12 24 48 72 144 145 289 578 722 b
1 2 4 6 12 24 48 72 144 146 288 434 722 a
1 2 4 6 12 24 48 72 144 146 288 576 722 a
1 2 4 6 12 24 48 72 144 216 217 361 722 b
1 2 4 6 12 24 48 72 144 216 360 361 722 b
1 2 4 6 12 24 48 72 144 216 360 362 722 b
1 2 4 6 12 24 48 72 144 216 360 720 722 b
1 2 4 6 12 24 48 72 144 288 289 361 722 b
1 2 4 6 12 24 48 72 144 288 289 433 722 b
1 2 4 6 12 24 48 72 144 288 289 578 722 b
1 2 4 6 12 24 48 72 144 288 290 432 722 a
1 2 4 6 12 24 48 72 144 288 290 434 722 b
1 2 4 6 12 24 48 72 144 288 290 578 722 b
1 2 4 6 12 24 48 72 144 288 360 361 722 b
1 2 4 6 12 24 48 72 144 288 360 362 722 b
1 2 4 6 12 24 48 72 144 288 360 720 722 b
1 2 4 6 12 24 48 72 144 288 432 434 722 b
1 2 4 6 12 24 48 72 144 288 432 720 722 b
1 2 4 6 12 24 48 72 144 288 576 578 722 b
1 2 4 6 12 24 48 72 144 288 576 720 722 b
1 2 4 6 12 24 48 96 120 121 240 361 722 a
1 2 4 6 12 24 48 96 120 121 241 361 722 b
1 2 4 6 12 24 48 96 120 240 241 361 722 b
1 2 4 6 12 24 48 96 120 240 241 481 722 b
1 2 4 6 12 24 48 96 120 240 241 482 722 b
1 2 4 6 12 24 48 96 120 240 242 480 722 a
1 2 4 6 12 24 48 96 120 240 242 482 722 b
1 2 4 6 12 24 48 96 120 240 360 361 722 b
1 2 4 6 12 24 48 96 120 240 360 362 722 b
1 2 4 6 12 24 48 96 120 240 360 720 722 b
1 2 4 6 12 24 48 96 120 240 480 482 722 b
1 2 4 6 12 24 48 96 120 240 480 720 722 b
1 2 4 6 12 24 48 96 144 145 289 433 722 b
1 2 4 6 12 24 48 96 144 145 289 578 722 b
1 2 4 6 12 24 48 96 144 146 288 434 722 a
1 2 4 6 12 24 48 96 144 146 288 576 722 a
1 2 4 6 12 24 48 96 144 240 241 481 722 b
1 2 4 6 12 24 48 96 144 240 241 482 722 b
1 2 4 6 12 24 48 96 144 240 242 480 722 a
1 2 4 6 12 24 48 96 144 240 242 482 722 b
1 2 4 6 12 24 48 96 144 240 480 482 722 b
1 2 4 6 12 24 48 96 144 240 480 720 722 b
1 2 4 6 12 24 48 96 144 288 289 433 722 b
1 2 4 6 12 24 48 96 144 288 289 578 722 b
1 2 4 6 12 24 48 96 144 288 290 432 722 a
1 2 4 6 12 24 48 96 144 288 290 434 722 b
1 2 4 6 12 24 48 96 144 288 290 578 722 b
1 2 4 6 12 24 48 96 144 288 432 434 722 b
1 2 4 6 12 24 48 96 144 288 432 720 722 b
1 2 4 6 12 24 48 96 144 288 576 578 722 b
1 2 4 6 12 24 48 96 144 288 576 720 722 b
1 2 4 6 12 24 48 96 192 240 241 481 722 b
1 2 4 6 12 24 48 96 192 240 241 482 722 b
1 2 4 6 12 24 48 96 192 240 242 480 722 a
1 2 4 6 12 24 48 96 192 240 242 482 722 b
1 2 4 6 12 24 48 96 192 240 480 482 722 b
1 2 4 6 12 24 48 96 192 240 480 720 722 b
1 2 4 8 9 11 22 44 88 176 185 361 722 b
1 2 4 8 9 11 22 44 88 176 352 361 722 b
1 2 4 8 9 13 22 44 88 176 185 361 722 b
1 2 4 8 9 13 22 44 88 176 352 361 722 b
1 2 4 8 9 17 25 42 84 168 193 361 722 b
1 2 4 8 9 17 25 42 84 168 336 361 722 b
1 2 4 8 9 17 26 43 86 172 189 361 722 b
1 2 4 8 9 17 26 43 86 172 344 361 722 b
1 2 4 8 9 17 34 43 86 172 189 361 722 b
1 2 4 8 9 17 34 43 86 172 344 361 722 b
1 2 4 8 9 17 34 43 86 172 344 378 722 b
1 2 4 8 9 17 34 43 86 172 344 688 722 b
1 2 4 8 9 18 22 44 88 176 185 361 722 b
1 2 4 8 9 18 22 44 88 176 352 361 722 b
1 2 4 8 9 18 22 44 88 176 352 370 722 b
1 2 4 8 9 18 22 44 88 176 352 704 722 b
1 2 4 8 9 18 26 44 88 176 185 361 722 b
1 2 4 8 9 18 26 44 88 176 352 361 722 b
1 2 4 8 9 18 26 44 88 176 352 370 722 b
1 2 4 8 9 18 26 44 88 176 352 704 722 b
1 2 4 8 9 18 27 45 90 180 181 361 722 b
1 2 4 8 9 18 27 45 90 180 360 361 722 b
1 2 4 8 9 18 27 45 90 180 360 362 722 b
1 2 4 8 9 18 27 45 90 180 360 720 722 b
1 2 4 8 9 18 36 44 88 176 185 361 722 b
1 2 4 8 9 18 36 44 88 176 352 361 722 b
1 2 4 8 9 18 36 44 88 176 352 370 722 b
1 2 4 8 9 18 36 44 88 176 352 704 722 b
1 2 4 8 9 18 36 45 90 180 181 361 722 b
1 2 4 8 9 18 36 45 90 180 360 361 722 b
1 2 4 8 9 18 36 45 90 180 360 362 722 b
1 2 4 8 9 18 36 45 90 180 360 720 722 b
1 2 4 8 9 18 36 54 90 180 181 361 722 b
1 2 4 8 9 18 36 54 90 180 360 361 722 b
1 2 4 8 9 18 36 54 90 180 360 362 722 b
1 2 4 8 9 18 36 54 90 180 360 720 722 b
1 2 4 8 9 18 36 72 73 144 217 361 722 a
1 2 4 8 9 18 36 72 73 144 288 361 722 a
1 2 4 8 9 18 36 72 90 180 181 361 722 b
1 2 4 8 9 18 36 72 90 180 360 361 722 b
1 2 4 8 9 18 36 72 90 180 360 362 722 b
1 2 4 8 9 18 36 72 90 180 360 720 722 b
1 2 4 8 9 18 36 72 108 180 181 361 722 b
1 2 4 8 9 18 36 72 108 180 360 361 722 b
1 2 4 8 9 18 36 72 108 180 360 362 722 b
1 2 4 8 9 18 36 72 108 180 360 720 722 b
1 2 4 8 9 18 36 72 144 145 216 361 722 a
1 2 4 8 9 18 36 72 144 145 217 361 722 b
1 2 4 8 9 18 36 72 144 145 289 361 722 b
1 2 4 8 9 18 36 72 144 145 289 433 722 b
1 2 4 8 9 18 36 72 144 145 289 578 722 b
1 2 4 8 9 18 36 72 144 146 288 434 722 a
1 2 4 8 9 18 36 72 144 146 288 576 722 a
1 2 4 8 9 18 36 72 144 180 181 361 722 b
1 2 4 8 9 18 36 72 144 180 360 361 722 b
1 2 4 8 9 18 36 72 144 180 360 362 722 b
1 2 4 8 9 18 36 72 144 180 360 720 722 b
1 2 4 8 9 18 36 72 144 216 217 361 722 b
1 2 4 8 9 18 36 72 144 216 360 361 722 b
1 2 4 8 9 18 36 72 144 216 360 362 722 b
1 2 4 8 9 18 36 72 144 216 360 720 722 b
1 2 4 8 9 18 36 72 144 288 289 361 722 b
1 2 4 8 9 18 36 72 144 288 289 433 722 b
1 2 4 8 9 18 36 72 144 288 289 578 722 b
1 2 4 8 9 18 36 72 144 288 290 432 722 a
1 2 4 8 9 18 36 72 144 288 290 434 722 b
1 2 4 8 9 18 36 72 144 288 290 578 722 b
1 2 4 8 9 18 36 72 144 288 360 361 722 b
1 2 4 8 9 18 36 72 144 288 360 362 722 b
1 2 4 8 9 18 36 72 144 288 360 720 722 b
1 2 4 8 9 18 36 72 144 288 432 434 722 b
1 2 4 8 9 18 36 72 144 288 432 720 722 b
1 2 4 8 9 18 36 72 144 288 576 578 722 b
1 2 4 8 9 18 36 72 144 288 576 720 722 b
1 2 4 8 10 18 22 44 88 176 352 370 722 b
1 2 4 8 10 18 22 44 88 176 352 704 722 b
1 2 4 8 10 18 26 44 88 176 352 370 722 b
1 2 4 8 10 18 26 44 88 176 352 704 722 b
1 2 4 8 10 18 36 44 88 176 352 370 722 b
1 2 4 8 10 18 36 44 88 176 352 704 722 b
1 2 4 8 10 18 36 54 90 180 181 361 722 b
1 2 4 8 10 18 36 54 90 180 360 361 722 b
1 2 4 8 10 18 36 54 90 180 360 362 722 b
1 2 4 8 10 18 36 54 90 180 360 720 722 b
1 2 4 8 10 18 36 72 73 144 217 361 722 a
1 2 4 8 10 18 36 72 73 144 288 361 722 a
1 2 4 8 10 18 36 72 90 180 181 361 722 b
1 2 4 8 10 18 36 72 90 180 360 361 722 b
1 2 4 8 10 18 36 72 90 180 360 362 722 b
1 2 4 8 10 18 36 72 90 180 360 720 722 b
1 2 4 8 10 18 36 72 108 180 181 361 722 b
1 2 4 8 10 18 36 72 108 180 360 361 722 b
1 2 4 8 10 18 36 72 108 180 360 362 722 b
1 2 4 8 10 18 36 72 108 180 360 720 722 b
1 2 4 8 10 18 36 72 144 145 216 361 722 a
1 2 4 8 10 18 36 72 144 145 217 361 722 b
1 2 4 8 10 18 36 72 144 145 289 361 722 b
1 2 4 8 10 18 36 72 144 145 289 433 722 b
1 2 4 8 10 18 36 72 144 145 289 578 722 b
1 2 4 8 10 18 36 72 144 146 288 434 722 a
1 2 4 8 10 18 36 72 144 146 288 576 722 a
1 2 4 8 10 18 36 72 144 180 181 361 722 b
1 2 4 8 10 18 36 72 144 180 360 361 722 b
1 2 4 8 10 18 36 72 144 180 360 362 722 b
1 2 4 8 10 18 36 72 144 180 360 720 722 b
1 2 4 8 10 18 36 72 144 216 217 361 722 b
1 2 4 8 10 18 36 72 144 216 360 361 722 b
1 2 4 8 10 18 36 72 144 216 360 362 722 b
1 2 4 8 10 18 36 72 144 216 360 720 722 b
1 2 4 8 10 18 36 72 144 288 289 361 722 b
1 2 4 8 10 18 36 72 144 288 289 433 722 b
1 2 4 8 10 18 36 72 144 288 289 578 722 b
1 2 4 8 10 18 36 72 144 288 290 432 722 a
1 2 4 8 10 18 36 72 144 288 290 434 722 b
1 2 4 8 10 18 36 72 144 288 290 578 722 b
1 2 4 8 10 18 36 72 144 288 360 361 722 b
1 2 4 8 10 18 36 72 144 288 360 362 722 b
1 2 4 8 10 18 36 72 144 288 360 720 722 b
1 2 4 8 10 18 36 72 144 288 432 434 722 b
1 2 4 8 10 18 36 72 144 288 432 720 722 b
1 2 4 8 10 18 36 72 144 288 576 578 722 b
1 2 4 8 10 18 36 72 144 288 576 720 722 b
1 2 4 8 10 20 30 60 90 180 181 361 722 b
1 2 4 8 10 20 30 60 90 180 360 361 722 b
1 2 4 8 10 20 30 60 90 180 360 362 722 b
1 2 4 8 10 20 30 60 90 180 360 720 722 b
1 2 4 8 10 20 30 60 120 121 240 361 722 a
1 2 4 8 10 20 30 60 120 121 241 361 722 b
1 2 4 8 10 20 30 60 120 180 181 361 722 b
1 2 4 8 10 20 30 60 120 180 360 361 722 b
1 2 4 8 10 20 30 60 120 180 360 362 722 b
1 2 4 8 10 20 30 60 120 180 360 720 722 b
1 2 4 8 10 20 30 60 120 240 241 361 722 b
1 2 4 8 10 20 30 60 120 240 241 481 722 b
1 2 4 8 10 20 30 60 120 240 241 482 722 b
1 2 4 8 10 20 30 60 120 240 242 480 722 a
1 2 4 8 10 20 30 60 120 240 242 482 722 b
1 2 4 8 10 20 30 60 120 240 360 361 722 b
1 2 4 8 10 20 30 60 120 240 360 362 722 b
1 2 4 8 10 20 30 60 120 240 360 720 722 b
1 2 4 8 10 20 30 60 120 240 480 482 722 b
1 2 4 8 10 20 30 60 120 240 480 720 722 b
1 2 4 8 10 20 40 41 80 160 201 361 722 a
1 2 4 8 10 20 40 41 80 160 320 361 722 a
1 2 4 8 10 20 40 50 90 180 181 361 722 b
1 2 4 8 10 20 40 50 90 180 360 361 722 b
1 2 4 8 10 20 40 50 90 180 360 362 722 b
1 2 4 8 10 20 40 50 90 180 360 720 722 b
1 2 4 8 10 20 40 60 120 121 240 361 722 a
1 2 4 8 10 20 40 60 120 121 241 361 722 b
1 2 4 8 10 20 40 60 120 180 181 361 722 b
1 2 4 8 10 20 40 60 120 180 360 361 722 b
1 2 4 8 10 20 40 60 120 180 360 362 722 b
1 2 4 8 10 20 40 60 120 180 360 720 722 b
1 2 4 8 10 20 40 60 120 240 241 361 722 b
1 2 4 8 10 20 40 60 120 240 241 481 722 b
1 2 4 8 10 20 40 60 120 240 241 482 722 b
1 2 4 8 10 20 40 60 120 240 242 480 722 a
1 2 4 8 10 20 40 60 120 240 242 482 722 b
1 2 4 8 10 20 40 60 120 240 360 361 722 b
1 2 4 8 10 20 40 60 120 240 360 362 722 b
1 2 4 8 10 20 40 60 120 240 360 720 722 b
1 2 4 8 10 20 40 60 120 240 480 482 722 b
1 2 4 8 10 20 40 60 120 240 480 720 722 b
1 2 4 8 10 20 40 80 82 160 320 402 722 a
1 2 4 8 10 20 40 80 82 160 320 640 722 a
1 2 4 8 10 20 40 80 90 180 181 361 722 b
1 2 4 8 10 20 40 80 90 180 360 361 722 b
1 2 4 8 10 20 40 80 90 180 360 362 722 b
1 2 4 8 10 20 40 80 90 180 360 720 722 b
1 2 4 8 10 20 40 80 100 180 181 361 722 b
1 2 4 8 10 20 40 80 100 180 360 361 722 b
1 2 4 8 10 20 40 80 100 180 360 362 722 b
1 2 4 8 10 20 40 80 100 180 360 720 722 b
1 2 4 8 10 20 40 80 120 121 240 361 722 a
1 2 4 8 10 20 40 80 120 121 241 361 722 b
1 2 4 8 10 20 40 80 120 240 241 361 722 b
1 2 4 8 10 20 40 80 120 240 241 481 722 b
1 2 4 8 10 20 40 80 120 240 241 482 722 b
1 2 4 8 10 20 40 80 120 240 242 480 722 a
1 2 4 8 10 20 40 80 120 240 242 482 722 b
1 2 4 8 10 20 40 80 120 240 360 361 722 b
1 2 4 8 10 20 40 80 120 240 360 362 722 b
1 2 4 8 10 20 40 80 120 240 360 720 722 b
1 2 4 8 10 20 40 80 120 240 480 482 722 b
1 2 4 8 10 20 40 80 120 240 480 720 722 b
1 2 4 8 10 20 40 80 160 161 200 361 722 a
1 2 4 8 10 20 40 80 160 161 201 361 722 b
1 2 4 8 10 20 40 80 160 161 321 361 722 b
1 2 4 8 10 20 40 80 160 161 321 401 722 b
1 2 4 8 10 20 40 80 160 161 321 642 722 b
1 2 4 8 10 20 40 80 160 180 181 361 722 b
1 2 4 8 10 20 40 80 160 180 360 361 722 b
1 2 4 8 10 20 40 80 160 180 360 362 722 b
1 2 4 8 10 20 40 80 160 180 360 720 722 b
1 2 4 8 10 20 40 80 160 200 201 361 722 b
1 2 4 8 10 20 40 80 160 200 360 361 722 b
1 2 4 8 10 20 40 80 160 200 360 362 722 b
1 2 4 8 10 20 40 80 160 200 360 720 722 b
1 2 4 8 10 20 40 80 160 240 241 481 722 b
1 2 4 8 10 20 40 80 160 240 241 482 722 b
1 2 4 8 10 20 40 80 160 240 242 480 722 a
1 2 4 8 10 20 40 80 160 240 242 482 722 b
1 2 4 8 10 20 40 80 160 240 480 482 722 b
1 2 4 8 10 20 40 80 160 240 480 720 722 b
1 2 4 8 10 20 40 80 160 320 321 361 722 b
1 2 4 8 10 20 40 80 160 320 321 401 722 b
1 2 4 8 10 20 40 80 160 320 321 642 722 b
1 2 4 8 10 20 40 80 160 320 322 400 722 a
1 2 4 8 10 20 40 80 160 320 322 402 722 b
1 2 4 8 10 20 40 80 160 320 322 642 722 b
1 2 4 8 10 20 40 80 160 320 360 361 722 b
1 2 4 8 10 20 40 80 160 320 360 362 722 b
1 2 4 8 10 20 40 80 160 320 360 720 722 b
1 2 4 8 10 20 40 80 160 320 400 402 722 b
1 2 4 8 10 20 40 80 160 320 400 720 722 b
1 2 4 8 10 20 40 80 160 320 640 642 722 b
1 2 4 8 10 20 40 80 160 320 640 720 722 b
1 2 4 8 12 20 40 41 80 160 201 361 722 a
1 2 4 8 12 20 40 41 80 160 320 361 722 a
1 2 4 8 12 20 40 60 120 121 240 361 722 a
1 2 4 8 12 20 40 60 120 121 241 361 722 b
1 2 4 8 12 20 40 60 120 180 181 361 722 b
1 2 4 8 12 20 40 60 120 180 360 361 722 b
1 2 4 8 12 20 40 60 120 180 360 362 722 b
1 2 4 8 12 20 40 60 120 180 360 720 722 b
1 2 4 8 12 20 40 60 120 240 241 361 722 b
1 2 4 8 12 20 40 60 120 240 241 481 722 b
1 2 4 8 12 20 40 60 120 240 241 482 722 b
1 2 4 8 12 20 40 60 120 240 242 480 722 a
1 2 4 8 12 20 40 60 120 240 242 482 722 b
1 2 4 8 12 20 40 60 120 240 360 361 722 b
1 2 4 8 12 20 40 60 120 240 360 362 722 b
1 2 4 8 12 20 40 60 120 240 360 720 722 b
1 2 4 8 12 20 40 60 120 240 480 482 722 b
1 2 4 8 12 20 40 60 120 240 480 720 722 b
1 2 4 8 12 20 40 80 82 160 320 402 722 a
1 2 4 8 12 20 40 80 82 160 320 640 722 a
1 2 4 8 12 20 40 80 100 180 181 361 722 b
1 2 4 8 12 20 40 80 100 180 360 361 722 b
1 2 4 8 12 20 40 80 100 180 360 362 722 b
1 2 4 8 12 20 40 80 100 180 360 720 722 b
1 2 4 8 12 20 40 80 120 121 240 361 722 a
1 2 4 8 12 20 40 80 120 121 241 361 722 b
1 2 4 8 12 20 40 80 120 240 241 361 722 b
1 2 4 8 12 20 40 80 120 240 241 481 722 b
1 2 4 8 12 20 40 80 120 240 241 482 722 b
1 2 4 8 12 20 40 80 120 240 242 480 722 a
1 2 4 8 12 20 40 80 120 240 242 482 722 b
1 2 4 8 12 20 40 80 120 240 360 361 722 b
1 2 4 8 12 20 40 80 120 240 360 362 722 b
1 2 4 8 12 20 40 80 120 240 360 720 722 b
1 2 4 8 12 20 40 80 120 240 480 482 722 b
1 2 4 8 12 20 40 80 120 240 480 720 722 b
1 2 4 8 12 20 40 80 160 161 200 361 722 a
1 2 4 8 12 20 40 80 160 161 201 361 722 b
1 2 4 8 12 20 40 80 160 161 321 361 722 b
1 2 4 8 12 20 40 80 160 161 321 401 722 b
1 2 4 8 12 20 40 80 160 161 321 642 722 b
1 2 4 8 12 20 40 80 160 180 181 361 722 b
1 2 4 8 12 20 40 80 160 180 360 361 722 b
1 2 4 8 12 20 40 80 160 180 360 362 722 b
1 2 4 8 12 20 40 80 160 180 360 720 722 b
1 2 4 8 12 20 40 80 160 200 201 361 722 b
1 2 4 8 12 20 40 80 160 200 360 361 722 b
1 2 4 8 12 20 40 80 160 200 360 362 722 b
1 2 4 8 12 20 40 80 160 200 360 720 722 b
1 2 4 8 12 20 40 80 160 240 241 481 722 b
1 2 4 8 12 20 40 80 160 240 241 482 722 b
1 2 4 8 12 20 40 80 160 240 242 480 722 a
1 2 4 8 12 20 40 80 160 240 242 482 722 b
1 2 4 8 12 20 40 80 160 240 480 482 722 b
1 2 4 8 12 20 40 80 160 240 480 720 722 b
1 2 4 8 12 20 40 80 160 320 321 361 722 b
1 2 4 8 12 20 40 80 160 320 321 401 722 b
1 2 4 8 12 20 40 80 160 320 321 642 722 b
1 2 4 8 12 20 40 80 160 320 322 400 722 a
1 2 4 8 12 20 40 80 160 320 322 402 722 b
1 2 4 8 12 20 40 80 160 320 322 642 722 b
1 2 4 8 12 20 40 80 160 320 360 361 722 b
1 2 4 8 12 20 40 80 160 320 360 362 722 b
1 2 4 8 12 20 40 80 160 320 360 720 722 b
1 2 4 8 12 20 40 80 160 320 400 402 722 b
1 2 4 8 12 20 40 80 160 320 400 720 722 b
1 2 4 8 12 20 40 80 160 320 640 642 722 b
1 2 4 8 12 20 40 80 160 320 640 720 722 b
1 2 4 8 12 24 36 60 120 121 240 361 722 a
1 2 4 8 12 24 36 60 120 121 241 361 722 b
1 2 4 8 12 24 36 60 120 180 181 361 722 b
1 2 4 8 12 24 36 60 120 180 360 361 722 b
1 2 4 8 12 24 36 60 120 180 360 362 722 b
1 2 4 8 12 24 36 60 120 180 360 720 722 b
1 2 4 8 12 24 36 60 120 240 241 361 722 b
1 2 4 8 12 24 36 60 120 240 241 481 722 b
1 2 4 8 12 24 36 60 120 240 241 482 722 b
1 2 4 8 12 24 36 60 120 240 242 480 722 a
1 2 4 8 12 24 36 60 120 240 242 482 722 b
1 2 4 8 12 24 36 60 120 240 360 361 722 b
1 2 4 8 12 24 36 60 120 240 360 362 722 b
1 2 4 8 12 24 36 60 120 240 360 720 722 b
1 2 4 8 12 24 36 60 120 240 480 482 722 b
1 2 4 8 12 24 36 60 120 240 480 720 722 b
1 2 4 8 12 24 36 72 73 144 217 361 722 a
1 2 4 8 12 24 36 72 73 144 288 361 722 a
1 2 4 8 12 24 36 72 108 180 181 361 722 b
1 2 4 8 12 24 36 72 108 180 360 361 722 b
1 2 4 8 12 24 36 72 108 180 360 362 722 b
1 2 4 8 12 24 36 72 108 180 360 720 722 b
1 2 4 8 12 24 36 72 144 145 216 361 722 a
1 2 4 8 12 24 36 72 144 145 217 361 722 b
1 2 4 8 12 24 36 72 144 145 289 361 722 b
1 2 4 8 12 24 36 72 144 145 289 433 722 b
1 2 4 8 12 24 36 72 144 145 289 578 722 b
1 2 4 8 12 24 36 72 144 146 288 434 722 a
1 2 4 8 12 24 36 72 144 146 288 576 722 a
1 2 4 8 12 24 36 72 144 180 181 361 722 b
1 2 4 8 12 24 36 72 144 180 360 361 722 b
1 2 4 8 12 24 36 72 144 180 360 362 722 b
1 2 4 8 12 24 36 72 144 180 360 720 722 b
1 2 4 8 12 24 36 72 144 216 217 361 722 b
1 2 4 8 12 24 36 72 144 216 360 361 722 b
1 2 4 8 12 24 36 72 144 216 360 362 722 b
1 2 4 8 12 24 36 72 144 216 360 720 722 b
1 2 4 8 12 24 36 72 144 288 289 361 722 b
1 2 4 8 12 24 36 72 144 288 289 433 722 b
1 2 4 8 12 24 36 72 144 288 289 578 722 b
1 2 4 8 12 24 36 72 144 288 290 432 722 a
1 2 4 8 12 24 36 72 144 288 290 434 722 b
1 2 4 8 12 24 36 72 144 288 290 578 722 b
1 2 4 8 12 24 36 72 144 288 360 361 722 b
1 2 4 8 12 24 36 72 144 288 360 362 722 b
1 2 4 8 12 24 36 72 144 288 360 720 722 b
1 2 4 8 12 24 36 72 144 288 432 434 722 b
1 2 4 8 12 24 36 72 144 288 432 720 722 b
1 2 4 8 12 24 36 72 144 288 576 578 722 b
1 2 4 8 12 24 36 72 144 288 576 720 722 b
1 2 4 8 12 24 48 60 120 121 240 361 722 a
1 2 4 8 12 24 48 60 120 121 241 361 722 b
1 2 4 8 12 24 48 60 120 180 181 361 722 b
1 2 4 8 12 24 48 60 120 180 360 361 722 b
1 2 4 8 12 24 48 60 120 180 360 362 722 b
1 2 4 8 12 24 48 60 120 180 360 720 722 b
1 2 4 8 12 24 48 60 120 240 241 361 722 b
1 2 4 8 12 24 48 60 120 240 241 481 722 b
1 2 4 8 12 24 48 60 120 240 241 482 722 b
1 2 4 8 12 24 48 60 120 240 242 480 722 a
1 2 4 8 12 24 48 60 120 240 242 482 722 b
1 2 4 8 12 24 48 60 120 240 360 361 722 b
1 2 4 8 12 24 48 60 120 240 360 362 722 b
1 2 4 8 12 24 48 60 120 240 360 720 722 b
1 2 4 8 12 24 48 60 120 240 480 482 722 b
1 2 4 8 12 24 48 60 120 240 480 720 722 b
1 2 4 8 12 24 48 72 73 144 217 361 722 a
1 2 4 8 12 24 48 72 73 144 288 361 722 a
1 2 4 8 12 24 48 72 120 121 240 361 722 a
1 2 4 8 12 24 48 72 120 121 241 361 722 b
1 2 4 8 12 24 48 72 120 240 241 361 722 b
1 2 4 8 12 24 48 72 120 240 241 481 722 b
1 2 4 8 12 24 48 72 120 240 241 482 722 b
1 2 4 8 12 24 48 72 120 240 242 480 722 a
1 2 4 8 12 24 48 72 120 240 242 482 722 b
1 2 4 8 12 24 48 72 120 240 360 361 722 b
1 2 4 8 12 24 48 72 120 240 360 362 722 b
1 2 4 8 12 24 48 72 120 240 360 720 722 b
1 2 4 8 12 24 48 72 120 240 480 482 722 b
1 2 4 8 12 24 48 72 120 240 480 720 722 b
1 2 4 8 12 24 48 72 144 145 216 361 722 a
1 2 4 8 12 24 48 72 144 145 217 361 722 b
1 2 4 8 12 24 48 72 144 145 289 361 722 b
1 2 4 8 12 24 48 72 144 145 289 433 722 b
1 2 4 8 12 24 48 72 144 145 289 578 722 b
1 2 4 8 12 24 48 72 144 146 288 434 722 a
1 2 4 8 12 24 48 72 144 146 288 576 722 a
1 2 4 8 12 24 48 72 144 216 217 361 722 b
1 2 4 8 12 24 48 72 144 216 360 361 722 b
1 2 4 8 12 24 48 72 144 216 360 362 722 b
1 2 4 8 12 24 48 72 144 216 360 720 722 b
1 2 4 8 12 24 48 72 144 288 289 361 722 b
1 2 4 8 12 24 48 72 144 288 289 433 722 b
1 2 4 8 12 24 48 72 144 288 289 578 722 b
1 2 4 8 12 24 48 72 144 288 290 432 722 a
1 2 4 8 12 24 48 72 144 288 290 434 722 b
1 2 4 8 12 24 48 72 144 288 290 578 722 b
1 2 4 8 12 24 48 72 144 288 360 361 722 b
1 2 4 8 12 24 48 72 144 288 360 362 722 b
1 2 4 8 12 24 48 72 144 288 360 720 722 b
1 2 4 8 12 24 48 72 144 288 432 434 722 b
1 2 4 8 12 24 48 72 144 288 432 720 722 b
1 2 4 8 12 24 48 72 144 288 576 578 722 b
1 2 4 8 12 24 48 72 144 288 576 720 722 b
1 2 4 8 12 24 48 96 120 121 240 361 722 a
1 2 4 8 12 24 48 96 120 121 241 361 722 b
1 2 4 8 12 24 48 96 120 240 241 361 722 b
1 2 4 8 12 24 48 96 120 240 241 481 722 b
1 2 4 8 12 24 48 96 120 240 241 482 722 b
1 2 4 8 12 24 48 96 120 240 242 480 722 a
1 2 4 8 12 24 48 96 120 240 242 482 722 b
1 2 4 8 12 24 48 96 120 240 360 361 722 b
1 2 4 8 12 24 48 96 120 240 360 362 722 b
1 2 4 8 12 24 48 96 120 240 360 720 722 b
1 2 4 8 12 24 48 96 120 240 480 482 722 b
1 2 4 8 12 24 48 96 120 240 480 720 722 b
1 2 4 8 12 24 48 96 144 145 289 433 722 b
1 2 4 8 12 24 48 96 144 145 289 578 722 b
1 2 4 8 12 24 48 96 144 146 288 434 722 a
1 2 4 8 12 24 48 96 144 146 288 576 722 a
1 2 4 8 12 24 48 96 144 240 241 481 722 b
1 2 4 8 12 24 48 96 144 240 241 482 722 b
1 2 4 8 12 24 48 96 144 240 242 480 722 a
1 2 4 8 12 24 48 96 144 240 242 482 722 b
1 2 4 8 12 24 48 96 144 240 480 482 722 b
1 2 4 8 12 24 48 96 144 240 480 720 722 b
1 2 4 8 12 24 48 96 144 288 289 433 722 b
1 2 4 8 12 24 48 96 144 288 289 578 722 b
1 2 4 8 12 24 48 96 144 288 290 432 722 a
1 2 4 8 12 24 48 96 144 288 290 434 722 b
1 2 4 8 12 24 48 96 144 288 290 578 722 b
1 2 4 8 12 24 48 96 144 288 432 434 722 b
1 2 4 8 12 24 48 96 144 288 432 720 722 b
1 2 4 8 12 24 48 96 144 288 576 578 722 b
1 2 4 8 12 24 48 96 144 288 576 720 722 b
1 2 4 8 12 24 48 96 192 240 241 481 722 b
1 2 4 8 12 24 48 96 192 240 241 482 722 b
1 2 4 8 12 24 48 96 192 240 242 480 722 a
1 2 4 8 12 24 48 96 192 240 242 482 722 b
1 2 4 8 12 24 48 96 192 240 480 482 722 b
1 2 4 8 12 24 48 96 192 240 480 720 722 b
1 2 4 8 16 17 25 42 84 168 193 361 722 b
1 2 4 8 16 17 25 42 84 168 336 361 722 b
1 2 4 8 16 17 33 41 82 164 197 361 722 b
1 2 4 8 16 17 33 41 82 164 328 361 722 b
1 2 4 8 16 17 33 49 82 164 197 361 722 b
1 2 4 8 16 17 33 49 82 164 328 361 722 b
1 2 4 8 16 17 33 66 82 164 197 361 722 b
1 2 4 8 16 17 33 66 82 164 328 361 722 b
1 2 4 8 16 17 33 66 82 164 328 394 722 b
1 2 4 8 16 17 33 66 82 164 328 656 722 b
1 2 4 8 16 17 34 50 84 168 336 386 722 b
1 2 4 8 16 17 34 50 84 168 336 672 722 b
1 2 4 8 16 18 22 44 88 176 352 370 722 b
1 2 4 8 16 18 22 44 88 176 352 704 722 b
1 2 4 8 16 18 26 44 88 176 352 370 722 b
1 2 4 8 16 18 26 44 88 176 352 704 722 b
1 2 4 8 16 18 34 50 84 168 336 386 722 b
1 2 4 8 16 18 34 50 84 168 336 672 722 b
1 2 4 8 16 18 34 52 86 172 344 378 722 b
1 2 4 8 16 18 34 52 86 172 344 688 722 b
1 2 4 8 16 18 34 68 86 172 344 378 722 b
1 2 4 8 16 18 34 68 86 172 344 688 722 b
1 2 4 8 16 18 36 44 88 176 352 370 722 b
1 2 4 8 16 18 36 44 88 176 352 704 722 b
1 2 4 8 16 18 36 52 88 176 352 370 722 b
1 2 4 8 16 18 36 52 88 176 352 704 722 b
1 2 4 8 16 18 36 54 90 180 181 361 722 b
1 2 4 8 16 18 36 54 90 180 360 361 722 b
1 2 4 8 16 18 36 54 90 180 360 362 722 b
1 2 4 8 16 18 36 54 90 180 360 720 722 b
1 2 4 8 16 18 36 72 73 144 217 361 722 a
1 2 4 8 16 18 36 72 73 144 288 361 722 a
1 2 4 8 16 18 36 72 88 176 352 370 722 b
1 2 4 8 16 18 36 72 88 176 352 704 722 b
1 2 4 8 16 18 36 72 90 180 181 361 722 b
1 2 4 8 16 18 36 72 90 180 360 361 722 b
1 2 4 8 16 18 36 72 90 180 360 362 722 b
1 2 4 8 16 18 36 72 90 180 360 720 722 b
1 2 4 8 16 18 36 72 108 180 181 361 722 b
1 2 4 8 16 18 36 72 108 180 360 361 722 b
1 2 4 8 16 18 36 72 108 180 360 362 722 b
1 2 4 8 16 18 36 72 108 180 360 720 722 b
1 2 4 8 16 18 36 72 144 145 216 361 722 a
1 2 4 8 16 18 36 72 144 145 217 361 722 b
1 2 4 8 16 18 36 72 144 145 289 361 722 b
1 2 4 8 16 18 36 72 144 145 289 433 722 b
1 2 4 8 16 18 36 72 144 145 289 578 722 b
1 2 4 8 16 18 36 72 144 146 288 434 722 a
1 2 4 8 16 18 36 72 144 146 288 576 722 a
1 2 4 8 16 18 36 72 144 180 181 361 722 b
1 2 4 8 16 18 36 72 144 180 360 361 722 b
1 2 4 8 16 18 36 72 144 180 360 362 722 b
1 2 4 8 16 18 36 72 144 180 360 720 722 b
1 2 4 8 16 18 36 72 144 216 217 361 722 b
1 2 4 8 16 18 36 72 144 216 360 361 722 b
1 2 4 8 16 18 36 72 144 216 360 362 722 b
1 2 4 8 16 18 36 72 144 216 360 720 722 b
1 2 4 8 16 18 36 72 144 288 289 361 722 b
1 2 4 8 16 18 36 72 144 288 289 433 722 b
1 2 4 8 16 18 36 72 144 288 289 578 722 b
1 2 4 8 16 18 36 72 144 288 290 432 722 a
1 2 4 8 16 18 36 72 144 288 290 434 722 b
1 2 4 8 16 18 36 72 144 288 290 578 722 b
1 2 4 8 16 18 36 72 144 288 360 361 722 b
1 2 4 8 16 18 36 72 144 288 360 362 722 b
1 2 4 8 16 18 36 72 144 288 360 720 722 b
1 2 4 8 16 18 36 72 144 288 432 434 722 b
1 2 4 8 16 18 36 72 144 288 432 720 722 b
1 2 4 8 16 18 36 72 144 288 576 578 722 b
1 2 4 8 16 18 36 72 144 288 576 720 722 b
1 2 4 8 16 20 36 72 73 144 217 361 722 a
1 2 4 8 16 20 36 72 73 144 288 361 722 a
1 2 4 8 16 20 36 72 108 180 181 361 722 b
1 2 4 8 16 20 36 72 108 180 360 361 722 b
1 2 4 8 16 20 36 72 108 180 360 362 722 b
1 2 4 8 16 20 36 72 108 180 360 720 722 b
1 2 4 8 16 20 36 72 144 145 216 361 722 a
1 2 4 8 16 20 36 72 144 145 217 361 722 b
1 2 4 8 16 20 36 72 144 145 289 361 722 b
1 2 4 8 16 20 36 72 144 145 289 433 722 b
1 2 4 8 16 20 36 72 144 145 289 578 722 b
1 2 4 8 16 20 36 72 144 146 288 434 722 a
1 2 4 8 16 20 36 72 144 146 288 576 722 a
1 2 4 8 16 20 36 72 144 180 181 361 722 b
1 2 4 8 16 20 36 72 144 180 360 361 722 b
1 2 4 8 16 20 36 72 144 180 360 362 722 b
1 2 4 8 16 20 36 72 144 180 360 720 722 b
1 2 4 8 16 20 36 72 144 216 217 361 722 b
1 2 4 8 16 20 36 72 144 216 360 361 722 b
1 2 4 8 16 20 36 72 144 216 360 362 722 b
1 2 4 8 16 20 36 72 144 216 360 720 722 b
1 2 4 8 16 20 36 72 144 288 289 361 722 b
1 2 4 8 16 20 36 72 144 288 289 433 722 b
1 2 4 8 16 20 36 72 144 288 289 578 722 b
1 2 4 8 16 20 36 72 144 288 290 432 722 a
1 2 4 8 16 20 36 72 144 288 290 434 722 b
1 2 4 8 16 20 36 72 144 288 290 578 722 b
1 2 4 8 16 20 36 72 144 288 360 361 722 b
1 2 4 8 16 20 36 72 144 288 360 362 722 b
1 2 4 8 16 20 36 72 144 288 360 720 722 b
1 2 4 8 16 20 36 72 144 288 432 434 722 b
1 2 4 8 16 20 36 72 144 288 432 720 722 b
1 2 4 8 16 20 36 72 144 288 576 578 722 b
1 2 4 8 16 20 36 72 144 288 576 720 722 b
1 2 4 8 16 20 40 41 80 160 201 361 722 a
1 2 4 8 16 20 40 41 80 160 320 361 722 a
1 2 4 8 16 20 40 60 120 121 240 361 722 a
1 2 4 8 16 20 40 60 120 121 241 361 722 b
1 2 4 8 16 20 40 60 120 180 181 361 722 b
1 2 4 8 16 20 40 60 120 180 360 361 722 b
1 2 4 8 16 20 40 60 120 180 360 362 722 b
1 2 4 8 16 20 40 60 120 180 360 720 722 b
1 2 4 8 16 20 40 60 120 240 241 361 722 b
1 2 4 8 16 20 40 60 120 240 241 481 722 b
1 2 4 8 16 20 40 60 120 240 241 482 722 b
1 2 4 8 16 20 40 60 120 240 242 480 722 a
1 2 4 8 16 20 40 60 120 240 242 482 722 b
1 2 4 8 16 20 40 60 120 240 360 361 722 b
1 2 4 8 16 20 40 60 120 240 360 362 722 b
1 2 4 8 16 20 40 60 120 240 360 720 722 b
1 2 4 8 16 20 40 60 120 240 480 482 722 b
1 2 4 8 16 20 40 60 120 240 480 720 722 b
1 2 4 8 16 20 40 80 82 160 320 402 722 a
1 2 4 8 16 20 40 80 82 160 320 640 722 a
1 2 4 8 16 20 40 80 100 180 181 361 722 b
1 2 4 8 16 20 40 80 100 180 360 361 722 b
1 2 4 8 16 20 40 80 100 180 360 362 722 b
1 2 4 8 16 20 40 80 100 180 360 720 722 b
1 2 4 8 16 20 40 80 120 121 240 361 722 a
1 2 4 8 16 20 40 80 120 121 241 361 722 b
1 2 4 8 16 20 40 80 120 240 241 361 722 b
1 2 4 8 16 20 40 80 120 240 241 481 722 b
1 2 4 8 16 20 40 80 120 240 241 482 722 b
1 2 4 8 16 20 40 80 120 240 242 480 722 a
1 2 4 8 16 20 40 80 120 240 242 482 722 b
1 2 4 8 16 20 40 80 120 240 360 361 722 b
1 2 4 8 16 20 40 80 120 240 360 362 722 b
1 2 4 8 16 20 40 80 120 240 360 720 722 b
1 2 4 8 16 20 40 80 120 240 480 482 722 b
1 2 4 8 16 20 40 80 120 240 480 720 722 b
1 2 4 8 16 20 40 80 160 161 200 361 722 a
1 2 4 8 16 20 40 80 160 161 201 361 722 b
1 2 4 8 16 20 40 80 160 161 321 361 722 b
1 2 4 8 16 20 40 80 160 161 321 401 722 b
1 2 4 8 16 20 40 80 160 161 321 642 722 b
1 2 4 8 16 20 40 80 160 180 181 361 722 b
1 2 4 8 16 20 40 80 160 180 360 361 722 b
1 2 4 8 16 20 40 80 160 180 360 362 722 b
1 2 4 8 16 20 40 80 160 180 360 720 722 b
1 2 4 8 16 20 40 80 160 200 201 361 722 b
1 2 4 8 16 20 40 80 160 200 360 361 722 b
1 2 4 8 16 20 40 80 160 200 360 362 722 b
1 2 4 8 16 20 40 80 160 200 360 720 722 b
1 2 4 8 16 20 40 80 160 240 241 481 722 b
1 2 4 8 16 20 40 80 160 240 241 482 722 b
1 2 4 8 16 20 40 80 160 240 242 480 722 a
1 2 4 8 16 20 40 80 160 240 242 482 722 b
1 2 4 8 16 20 40 80 160 240 480 482 722 b
1 2 4 8 16 20 40 80 160 240 480 720 722 b
1 2 4 8 16 20 40 80 160 320 321 361 722 b
1 2 4 8 16 20 40 80 160 320 321 401 722 b
1 2 4 8 16 20 40 80 160 320 321 642 722 b
1 2 4 8 16 20 40 80 160 320 322 400 722 a
1 2 4 8 16 20 40 80 160 320 322 402 722 b
1 2 4 8 16 20 40 80 160 320 322 642 722 b
1 2 4 8 16 20 40 80 160 320 360 361 722 b
1 2 4 8 16 20 40 80 160 320 360 362 722 b
1 2 4 8 16 20 40 80 160 320 360 720 722 b
1 2 4 8 16 20 40 80 160 320 400 402 722 b
1 2 4 8 16 20 40 80 160 320 400 720 722 b
1 2 4 8 16 20 40 80 160 320 640 642 722 b
1 2 4 8 16 20 40 80 160 320 640 720 722 b
1 2 4 8 16 24 40 41 80 160 201 361 722 a
1 2 4 8 16 24 40 41 80 160 320 361 722 a
1 2 4 8 16 24 40 80 82 160 320 402 722 a
1 2 4 8 16 24 40 80 82 160 320 640 722 a
1 2 4 8 16 24 40 80 120 121 240 361 722 a
1 2 4 8 16 24 40 80 120 121 241 361 722 b
1 2 4 8 16 24 40 80 120 240 241 361 722 b
1 2 4 8 16 24 40 80 120 240 241 481 722 b
1 2 4 8 16 24 40 80 120 240 241 482 722 b
1 2 4 8 16 24 40 80 120 240 242 480 722 a
1 2 4 8 16 24 40 80 120 240 242 482 722 b
1 2 4 8 16 24 40 80 120 240 360 361 722 b
1 2 4 8 16 24 40 80 120 240 360 362 722 b
1 2 4 8 16 24 40 80 120 240 360 720 722 b
1 2 4 8 16 24 40 80 120 240 480 482 722 b
1 2 4 8 16 24 40 80 120 240 480 720 722 b
1 2 4 8 16 24 40 80 160 161 200 361 722 a
1 2 4 8 16 24 40 80 160 161 201 361 722 b
1 2 4 8 16 24 40 80 160 161 321 361 722 b
1 2 4 8 16 24 40 80 160 161 321 401 722 b
1 2 4 8 16 24 40 80 160 161 321 642 722 b
1 2 4 8 16 24 40 80 160 200 201 361 722 b
1 2 4 8 16 24 40 80 160 200 360 361 722 b
1 2 4 8 16 24 40 80 160 200 360 362 722 b
1 2 4 8 16 24 40 80 160 200 360 720 722 b
1 2 4 8 16 24 40 80 160 240 241 481 722 b
1 2 4 8 16 24 40 80 160 240 241 482 722 b
1 2 4 8 16 24 40 80 160 240 242 480 722 a
1 2 4 8 16 24 40 80 160 240 242 482 722 b
1 2 4 8 16 24 40 80 160 240 480 482 722 b
1 2 4 8 16 24 40 80 160 240 480 720 722 b
1 2 4 8 16 24 40 80 160 320 321 361 722 b
1 2 4 8 16 24 40 80 160 320 321 401 722 b
1 2 4 8 16 24 40 80 160 320 321 642 722 b
1 2 4 8 16 24 40 80 160 320 322 400 722 a
1 2 4 8 16 24 40 80 160 320 322 402 722 b
1 2 4 8 16 24 40 80 160 320 322 642 722 b
1 2 4 8 16 24 40 80 160 320 360 361 722 b
1 2 4 8 16 24 40 80 160 320 360 362 722 b
1 2 4 8 16 24 40 80 160 320 360 720 722 b
1 2 4 8 16 24 40 80 160 320 400 402 722 b
1 2 4 8 16 24 40 80 160 320 400 720 722 b
1 2 4 8 16 24 40 80 160 320 640 642 722 b
1 2 4 8 16 24 40 80 160 320 640 720 722 b
1 2 4 8 16 24 48 72 73 144 217 361 722 a
1 2 4 8 16 24 48 72 73 144 288 361 722 a
1 2 4 8 16 24 48 72 120 121 240 361 722 a
1 2 4 8 16 24 48 72 120 121 241 361 722 b
1 2 4 8 16 24 48 72 120 240 241 361 722 b
1 2 4 8 16 24 48 72 120 240 241 481 722 b
1 2 4 8 16 24 48 72 120 240 241 482 722 b
1 2 4 8 16 24 48 72 120 240 242 480 722 a
1 2 4 8 16 24 48 72 120 240 242 482 722 b
1 2 4 8 16 24 48 72 120 240 360 361 722 b
1 2 4 8 16 24 48 72 120 240 360 362 722 b
1 2 4 8 16 24 48 72 120 240 360 720 722 b
1 2 4 8 16 24 48 72 120 240 480 482 722 b
1 2 4 8 16 24 48 72 120 240 480 720 722 b
1 2 4 8 16 24 48 72 144 145 216 361 722 a
1 2 4 8 16 24 48 72 144 145 217 361 722 b
1 2 4 8 16 24 48 72 144 145 289 361 722 b
1 2 4 8 16 24 48 72 144 145 289 433 722 b
1 2 4 8 16 24 48 72 144 145 289 578 722 b
1 2 4 8 16 24 48 72 144 146 288 434 722 a
1 2 4 8 16 24 48 72 144 146 288 576 722 a
1 2 4 8 16 24 48 72 144 216 217 361 722 b
1 2 4 8 16 24 48 72 144 216 360 361 722 b
1 2 4 8 16 24 48 72 144 216 360 362 722 b
1 2 4 8 16 24 48 72 144 216 360 720 722 b
1 2 4 8 16 24 48 72 144 288 289 361 722 b
1 2 4 8 16 24 48 72 144 288 289 433 722 b
1 2 4 8 16 24 48 72 144 288 289 578 722 b
1 2 4 8 16 24 48 72 144 288 290 432 722 a
1 2 4 8 16 24 48 72 144 288 290 434 722 b
1 2 4 8 16 24 48 72 144 288 290 578 722 b
1 2 4 8 16 24 48 72 144 288 360 361 722 b
1 2 4 8 16 24 48 72 144 288 360 362 722 b
1 2 4 8 16 24 48 72 144 288 360 720 722 b
1 2 4 8 16 24 48 72 144 288 432 434 722 b
1 2 4 8 16 24 48 72 144 288 432 720 722 b
1 2 4 8 16 24 48 72 144 288 576 578 722 b
1 2 4 8 16 24 48 72 144 288 576 720 722 b
1 2 4 8 16 24 48 96 120 121 240 361 722 a
1 2 4 8 16 24 48 96 120 121 241 361 722 b
1 2 4 8 16 24 48 96 120 240 241 361 722 b
1 2 4 8 16 24 48 96 120 240 241 481 722 b
1 2 4 8 16 24 48 96 120 240 241 482 722 b
1 2 4 8 16 24 48 96 120 240 242 480 722 a
1 2 4 8 16 24 48 96 120 240 242 482 722 b
1 2 4 8 16 24 48 96 120 240 360 361 722 b
1 2 4 8 16 24 48 96 120 240 360 362 722 b
1 2 4 8 16 24 48 96 120 240 360 720 722 b
1 2 4 8 16 24 48 96 120 240 480 482 722 b
1 2 4 8 16 24 48 96 120 240 480 720 722 b
1 2 4 8 16 24 48 96 144 145 289 433 722 b
1 2 4 8 16 24 48 96 144 145 289 578 722 b
1 2 4 8 16 24 48 96 144 146 288 434 722 a
1 2 4 8 16 24 48 96 144 146 288 576 722 a
1 2 4 8 16 24 48 96 144 240 241 481 722 b
1 2 4 8 16 24 48 96 144 240 241 482 722 b
1 2 4 8 16 24 48 96 144 240 242 480 722 a
1 2 4 8 16 24 48 96 144 240 242 482 722 b
1 2 4 8 16 24 48 96 144 240 480 482 722 b
1 2 4 8 16 24 48 96 144 240 480 720 722 b
1 2 4 8 16 24 48 96 144 288 289 433 722 b
1 2 4 8 16 24 48 96 144 288 289 578 722 b
1 2 4 8 16 24 48 96 144 288 290 432 722 a
1 2 4 8 16 24 48 96 144 288 290 434 722 b
1 2 4 8 16 24 48 96 144 288 290 578 722 b
1 2 4 8 16 24 48 96 144 288 432 434 722 b
1 2 4 8 16 24 48 96 144 288 432 720 722 b
1 2 4 8 16 24 48 96 144 288 576 578 722 b
1 2 4 8 16 24 48 96 144 288 576 720 722 b
1 2 4 8 16 24 48 96 192 240 241 481 722 b
1 2 4 8 16 24 48 96 192 240 241 482 722 b
1 2 4 8 16 24 48 96 192 240 242 480 722 a
1 2 4 8 16 24 48 96 192 240 242 482 722 b
1 2 4 8 16 24 48 96 192 240 480 482 722 b
1 2 4 8 16 24 48 96 192 240 480 720 722 b
1 2 4 8 16 32 33 41 82 164 197 361 722 b
1 2 4 8 16 32 33 41 82 164 328 361 722 b
1 2 4 8 16 32 33 49 82 164 197 361 722 b
1 2 4 8 16 32 33 49 82 164 328 361 722 b
1 2 4 8 16 32 33 66 82 164 197 361 722 b
1 2 4 8 16 32 33 66 82 164 328 361 722 b
1 2 4 8 16 32 33 66 82 164 328 394 722 b
1 2 4 8 16 32 33 66 82 164 328 656 722 b
1 2 4 8 16 32 33 66 98 164 197 361 722 b
1 2 4 8 16 32 33 66 98 164 328 361 722 b
1 2 4 8 16 32 33 66 98 164 328 394 722 b
1 2 4 8 16 32 33 66 98 164 328 656 722 b
1 2 4 8 16 32 33 66 99 131 230 361 722 b
1 2 4 8 16 32 33 66 99 131 262 361 722 b
1 2 4 8 16 32 33 66 132 164 197 361 722 b
1 2 4 8 16 32 33 66 132 164 328 361 722 b
1 2 4 8 16 32 33 66 132 164 328 394 722 b
1 2 4 8 16 32 33 66 132 164 328 656 722 b
1 2 4 8 16 32 34 50 84 168 336 386 722 b
1 2 4 8 16 32 34 50 84 168 336 672 722 b
1 2 4 8 16 32 34 66 82 164 328 394 722 b
1 2 4 8 16 32 34 66 82 164 328 656 722 b
1 2 4 8 16 32 34 66 98 164 328 394 722 b
1 2 4 8 16 32 34 66 98 164 328 656 722 b
1 2 4 8 16 32 34 66 132 164 328 394 722 b
1 2 4 8 16 32 34 66 132 164 328 656 722 b
1 2 4 8 16 32 36 72 73 144 217 361 722 a
1 2 4 8 16 32 36 72 73 144 288 361 722 a
1 2 4 8 16 32 36 72 108 180 181 361 722 b
1 2 4 8 16 32 36 72 108 180 360 361 722 b
1 2 4 8 16 32 36 72 108 180 360 362 722 b
1 2 4 8 16 32 36 72 108 180 360 720 722 b
1 2 4 8 16 32 36 72 144 145 216 361 722 a
1 2 4 8 16 32 36 72 144 145 217 361 722 b
1 2 4 8 16 32 36 72 144 145 289 361 722 b
1 2 4 8 16 32 36 72 144 145 289 433 722 b
1 2 4 8 16 32 36 72 144 145 289 578 722 b
1 2 4 8 16 32 36 72 144 146 288 434 722 a
1 2 4 8 16 32 36 72 144 146 288 576 722 a
1 2 4 8 16 32 36 72 144 180 181 361 722 b
1 2 4 8 16 32 36 72 144 180 360 361 722 b
1 2 4 8 16 32 36 72 144 180 360 362 722 b
1 2 4 8 16 32 36 72 144 180 360 720 722 b
1 2 4 8 16 32 36 72 144 216 217 361 722 b
1 2 4 8 16 32 36 72 144 216 360 361 722 b
1 2 4 8 16 32 36 72 144 216 360 362 722 b
1 2 4 8 16 32 36 72 144 216 360 720 722 b
1 2 4 8 16 32 36 72 144 288 289 361 722 b
1 2 4 8 16 32 36 72 144 288 289 433 722 b
1 2 4 8 16 32 36 72 144 288 289 578 722 b
1 2 4 8 16 32 36 72 144 288 290 432 722 a
1 2 4 8 16 32 36 72 144 288 290 434 722 b
1 2 4 8 16 32 36 72 144 288 290 578 722 b
1 2 4 8 16 32 36 72 144 288 360 361 722 b
1 2 4 8 16 32 36 72 144 288 360 362 722 b
1 2 4 8 16 32 36 72 144 288 360 720 722 b
1 2 4 8 16 32 36 72 144 288 432 434 722 b
1 2 4 8 16 32 36 72 144 288 432 720 722 b
1 2 4 8 16 32 36 72 144 288 576 578 722 b
1 2 4 8 16 32 36 72 144 288 576 720 722 b
1 2 4 8 16 32 40 41 80 160 201 361 722 a
1 2 4 8 16 32 40 41 80 160 320 361 722 a
1 2 4 8 16 32 40 72 73 144 217 361 722 a
1 2 4 8 16 32 40 72 73 144 288 361 722 a
1 2 4 8 16 32 40 72 144 145 216 361 722 a
1 2 4 8 16 32 40 72 144 145 217 361 722 b
1 2 4 8 16 32 40 72 144 145 289 361 722 b
1 2 4 8 16 32 40 72 144 145 289 433 722 b
1 2 4 8 16 32 40 72 144 145 289 578 722 b
1 2 4 8 16 32 40 72 144 146 288 434 722 a
1 2 4 8 16 32 40 72 144 146 288 576 722 a
1 2 4 8 16 32 40 72 144 216 217 361 722 b
1 2 4 8 16 32 40 72 144 216 360 361 722 b
1 2 4 8 16 32 40 72 144 216 360 362 722 b
1 2 4 8 16 32 40 72 144 216 360 720 722 b
1 2 4 8 16 32 40 72 144 288 289 361 722 b
1 2 4 8 16 32 40 72 144 288 289 433 722 b
1 2 4 8 16 32 40 72 144 288 289 578 722 b
1 2 4 8 16 32 40 72 144 288 290 432 722 a
1 2 4 8 16 32 40 72 144 288 290 434 722 b
1 2 4 8 16 32 40 72 144 288 290 578 722 b
1 2 4 8 16 32 40 72 144 288 360 361 722 b
1 2 4 8 16 32 40 72 144 288 360 362 722 b
1 2 4 8 16 32 40 72 144 288 360 720 722 b
1 2 4 8 16 32 40 72 144 288 432 434 722 b
1 2 4 8 16 32 40 72 144 288 432 720 722 b
1 2 4 8 16 32 40 72 144 288 576 578 722 b
1 2 4 8 16 32 40 72 144 288 576 720 722 b
1 2 4 8 16 32 40 80 82 160 320 402 722 a
1 2 4 8 16 32 40 80 82 160 320 640 722 a
1 2 4 8 16 32 40 80 120 121 240 361 722 a
1 2 4 8 16 32 40 80 120 121 241 361 722 b
1 2 4 8 16 32 40 80 120 240 241 361 722 b
1 2 4 8 16 32 40 80 120 240 241 481 722 b
1 2 4 8 16 32 40 80 120 240 241 482 722 b
1 2 4 8 16 32 40 80 120 240 242 480 722 a
1 2 4 8 16 32 40 80 120 240 242 482 722 b
1 2 4 8 16 32 40 80 120 240 360 361 722 b
1 2 4 8 16 32 40 80 120 240 360 362 722 b
1 2 4 8 16 32 40 80 120 240 360 720 722 b
1 2 4 8 16 32 40 80 120 240 480 482 722 b
1 2 4 8 16 32 40 80 120 240 480 720 722 b
1 2 4 8 16 32 40 80 160 161 200 361 722 a
1 2 4 8 16 32 40 80 160 161 201 361 722 b
1 2 4 8 16 32 40 80 160 161 321 361 722 b
1 2 4 8 16 32 40 80 160 161 321 401 722 b
1 2 4 8 16 32 40 80 160 161 321 642 722 b
1 2 4 8 16 32 40 80 160 200 201 361 722 b
1 2 4 8 16 32 40 80 160 200 360 361 722 b
1 2 4 8 16 32 40 80 160 200 360 362 722 b
1 2 4 8 16 32 40 80 160 200 360 720 722 b
1 2 4 8 16 32 40 80 160 240 241 481 722 b
1 2 4 8 16 32 40 80 160 240 241 482 722 b
1 2 4 8 16 32 40 80 160 240 242 480 722 a
1 2 4 8 16 32 40 80 160 240 242 482 722 b
1 2 4 8 16 32 40 80 160 240 480 482 722 b
1 2 4 8 16 32 40 80 160 240 480 720 722 b
1 2 4 8 16 32 40 80 160 320 321 361 722 b
1 2 4 8 16 32 40 80 160 320 321 401 722 b
1 2 4 8 16 32 40 80 160 320 321 642 722 b
1 2 4 8 16 32 40 80 160 320 322 400 722 a
1 2 4 8 16 32 40 80 160 320 322 402 722 b
1 2 4 8 16 32 40 80 160 320 322 642 722 b
1 2 4 8 16 32 40 80 160 320 360 361 722 b
1 2 4 8 16 32 40 80 160 320 360 362 722 b
1 2 4 8 16 32 40 80 160 320 360 720 722 b
1 2 4 8 16 32 40 80 160 320 400 402 722 b
1 2 4 8 16 32 40 80 160 320 400 720 722 b
1 2 4 8 16 32 40 80 160 320 640 642 722 b
1 2 4 8 16 32 40 80 160 320 640 720 722 b
1 2 4 8 16 32 48 80 82 160 320 402 722 a
1 2 4 8 16 32 48 80 82 160 320 640 722 a
1 2 4 8 16 32 48 80 160 161 321 401 722 b
1 2 4 8 16 32 48 80 160 161 321 642 722 b
1 2 4 8 16 32 48 80 160 240 241 481 722 b
1 2 4 8 16 32 48 80 160 240 241 482 722 b
1 2 4 8 16 32 48 80 160 240 242 480 722 a
1 2 4 8 16 32 48 80 160 240 242 482 722 b
1 2 4 8 16 32 48 80 160 240 480 482 722 b
1 2 4 8 16 32 48 80 160 240 480 720 722 b
1 2 4 8 16 32 48 80 160 320 321 401 722 b
1 2 4 8 16 32 48 80 160 320 321 642 722 b
1 2 4 8 16 32 48 80 160 320 322 400 722 a
1 2 4 8 16 32 48 80 160 320 322 402 722 b
1 2 4 8 16 32 48 80 160 320 322 642 722 b
1 2 4 8 16 32 48 80 160 320 400 402 722 b
1 2 4 8 16 32 48 80 160 320 400 720 722 b
1 2 4 8 16 32 48 80 160 320 640 642 722 b
1 2 4 8 16 32 48 80 160 320 640 720 722 b
1 2 4 8 16 32 48 96 144 145 289 433 722 b
1 2 4 8 16 32 48 96 144 145 289 578 722 b
1 2 4 8 16 32 48 96 144 146 288 434 722 a
1 2 4 8 16 32 48 96 144 146 288 576 722 a
1 2 4 8 16 32 48 96 144 240 241 481 722 b
1 2 4 8 16 32 48 96 144 240 241 482 722 b
1 2 4 8 16 32 48 96 144 240 242 480 722 a
1 2 4 8 16 32 48 96 144 240 242 482 722 b
1 2 4 8 16 32 48 96 144 240 480 482 722 b
1 2 4 8 16 32 48 96 144 240 480 720 722 b
1 2 4 8 16 32 48 96 144 288 289 433 722 b
1 2 4 8 16 32 48 96 144 288 289 578 722 b
1 2 4 8 16 32 48 96 144 288 290 432 722 a
1 2 4 8 16 32 48 96 144 288 290 434 722 b
1 2 4 8 16 32 48 96 144 288 290 578 722 b
1 2 4 8 16 32 48 96 144 288 432 434 722 b
1 2 4 8 16 32 48 96 144 288 432 720 722 b
1 2 4 8 16 32 48 96 144 288 576 578 722 b
1 2 4 8 16 32 48 96 144 288 576 720 722 b
1 2 4 8 16 32 48 96 192 240 241 481 722 b
1 2 4 8 16 32 48 96 192 240 241 482 722 b
1 2 4 8 16 32 48 96 192 240 242 480 722 a
1 2 4 8 16 32 48 96 192 240 242 482 722 b
1 2 4 8 16 32 48 96 192 240 480 482 722 b
1 2 4 8 16 32 48 96 192 240 480 720 722 b
1 2 4 8 16 32 64 66 82 164 328 394 722 b
1 2 4 8 16 32 64 66 82 164 328 656 722 b
1 2 4 8 16 32 64 66 98 164 328 394 722 b
1 2 4 8 16 32 64 66 98 164 328 656 722 b
1 2 4 8 16 32 64 66 132 164 328 394 722 b
1 2 4 8 16 32 64 66 132 164 328 656 722 b
1 2 4 8 16 32 64 66 132 196 328 394 722 b
1 2 4 8 16 32 64 66 132 196 328 656 722 b
1 2 4 8 16 32 64 66 132 198 262 460 722 b
1 2 4 8 16 32 64 66 132 198 262 524 722 b
1 2 4 8 16 32 64 66 132 264 328 394 722 b
1 2 4 8 16 32 64 66 132 264 328 656 722 b
1 2 4 8 16 32 64 72 73 144 217 361 722 a
1 2 4 8 16 32 64 72 73 144 288 361 722 a
1 2 4 8 16 32 64 72 144 145 216 361 722 a
1 2 4 8 16 32 64 72 144 145 217 361 722 b
1 2 4 8 16 32 64 72 144 145 289 361 722 b
1 2 4 8 16 32 64 72 144 145 289 433 722 b
1 2 4 8 16 32 64 72 144 145 289 578 722 b
1 2 4 8 16 32 64 72 144 146 288 434 722 a
1 2 4 8 16 32 64 72 144 146 288 576 722 a
1 2 4 8 16 32 64 72 144 216 217 361 722 b
1 2 4 8 16 32 64 72 144 216 360 361 722 b
1 2 4 8 16 32 64 72 144 216 360 362 722 b
1 2 4 8 16 32 64 72 144 216 360 720 722 b
1 2 4 8 16 32 64 72 144 288 289 361 722 b
1 2 4 8 16 32 64 72 144 288 289 433 722 b
1 2 4 8 16 32 64 72 144 288 289 578 722 b
1 2 4 8 16 32 64 72 144 288 290 432 722 a
1 2 4 8 16 32 64 72 144 288 290 434 722 b
1 2 4 8 16 32 64 72 144 288 290 578 722 b
1 2 4 8 16 32 64 72 144 288 360 361 722 b
1 2 4 8 16 32 64 72 144 288 360 362 722 b
1 2 4 8 16 32 64 72 144 288 360 720 722 b
1 2 4 8 16 32 64 72 144 288 432 434 722 b
1 2 4 8 16 32 64 72 144 288 432 720 722 b
1 2 4 8 16 32 64 72 144 288 576 578 722 b
1 2 4 8 16 32 64 72 144 288 576 720 722 b
1 2 4 8 16 32 64 80 82 160 320 402 722 a
1 2 4 8 16 32 64 80 82 160 320 640 722 a
1 2 4 8 16 32 64 80 144 145 289 433 722 b
1 2 4 8 16 32 64 80 144 145 289 578 722 b
1 2 4 8 16 32 64 80 144 146 288 434 722 a
1 2 4 8 16 32 64 80 144 146 288 576 722 a
1 2 4 8 16 32 64 80 144 288 289 433 722 b
1 2 4 8 16 32 64 80 144 288 289 578 722 b
1 2 4 8 16 32 64 80 144 288 290 432 722 a
1 2 4 8 16 32 64 80 144 288 290 434 722 b
1 2 4 8 16 32 64 80 144 288 290 578 722 b
1 2 4 8 16 32 64 80 144 288 432 434 722 b
1 2 4 8 16 32 64 80 144 288 432 720 722 b
1 2 4 8 16 32 64 80 144 288 576 578 722 b
1 2 4 8 16 32 64 80 144 288 576 720 722 b
1 2 4 8 16 32 64 80 160 161 321 401 722 b
1 2 4 8 16 32 64 80 160 161 321 642 722 b
1 2 4 8 16 32 64 80 160 240 241 481 722 b
1 2 4 8 16 32 64 80 160 240 241 482 722 b
1 2 4 8 16 32 64 80 160 240 242 480 722 a
1 2 4 8 16 32 64 80 160 240 242 482 722 b
1 2 4 8 16 32 64 80 160 240 480 482 722 b
1 2 4 8 16 32 64 80 160 240 480 720 722 b
1 2 4 8 16 32 64 80 160 320 321 401 722 b
1 2 4 8 16 32 64 80 160 320 321 642 722 b
1 2 4 8 16 32 64 80 160 320 322 400 722 a
1 2 4 8 16 32 64 80 160 320 322 402 722 b
1 2 4 8 16 32 64 80 160 320 322 642 722 b
1 2 4 8 16 32 64 80 160 320 400 402 722 b
1 2 4 8 16 32 64 80 160 320 400 720 722 b
1 2 4 8 16 32 64 80 160 320 640 642 722 b
1 2 4 8 16 32 64 80 160 320 640 720 722 b
1 2 4 8 16 32 64 128 144 145 289 433 722 b
1 2 4 8 16 32 64 128 144 145 289 578 722 b
1 2 4 8 16 32 64 128 144 146 288 434 722 a
1 2 4 8 16 32 64 128 144 146 288 576 722 a
1 2 4 8 16 32 64 128 144 288 289 433 722 b
1 2 4 8 16 32 64 128 144 288 289 578 722 b
1 2 4 8 16 32 64 128 144 288 290 432 722 a
1 2 4 8 16 32 64 128 144 288 290 434 722 b
1 2 4 8 16 32 64 128 144 288 290 578 722 b
1 2 4 8 16 32 64 128 144 288 432 434 722 b
1 2 4 8 16 32 64 128 144 288 432 720 722 b
1 2 4 8 16 32 64 128 144 288 576 578 722 b
1 2 4 8 16 32 64 128 144 288 576 720 722 b
