1 2 3 6 12 24 48 51 99 198 396 792 b
1 2 3 6 12 24 48 96 99 198 396 792 b
1 2 3 6 12 24 48 96 102 198 396 792 b
1 2 3 6 12 24 48 96 192 198 396 792 b
1 2 3 6 12 24 48 96 192 204 396 792 b
1 2 3 6 12 24 48 96 192 384 396 792 b
1 2 3 6 12 24 48 96 192 384 408 792 b
1 2 3 6 12 24 48 96 192 384 768 792 b
1 2 4 6 12 24 48 96 102 198 396 792 b
1 2 4 6 12 24 48 96 192 198 396 792 b
1 2 4 6 12 24 48 96 192 204 396 792 b
1 2 4 6 12 24 48 96 192 384 396 792 b
1 2 4 6 12 24 48 96 192 384 408 792 b
1 2 4 6 12 24 48 96 192 384 768 792 b
1 2 4 8 12 24 48 96 192 204 396 792 b
1 2 4 8 12 24 48 96 192 384 396 792 b
1 2 4 8 12 24 48 96 192 384 408 792 b
1 2 4 8 12 24 48 96 192 384 768 792 b
1 2 4 8 16 17 33 66 99 198 396 792 b
1 2 4 8 16 17 33 66 132 198 396 792 b
1 2 4 8 16 17 33 66 132 264 396 792 b
1 2 4 8 16 17 33 66 132 264 528 792 b
1 2 4 8 16 24 48 96 192 384 408 792 b
1 2 4 8 16 24 48 96 192 384 768 792 b
1 2 4 8 16 32 33 66 99 198 396 792 b
1 2 4 8 16 32 33 66 132 198 396 792 b
1 2 4 8 16 32 33 66 132 264 396 792 b
1 2 4 8 16 32 33 66 132 264 528 792 b
1 2 4 8 16 32 34 66 132 198 396 792 b
1 2 4 8 16 32 34 66 132 264 396 792 b
1 2 4 8 16 32 34 66 132 264 528 792 b
1 2 4 8 16 32 64 66 132 198 396 792 b
1 2 4 8 16 32 64 66 132 264 396 792 b
1 2 4 8 16 32 64 66 132 264 528 792 b
1 2 4 8 16 32 64 68 132 264 396 792 b
1 2 4 8 16 32 64 68 132 264 528 792 b
1 2 4 8 16 32 64 128 132 264 396 792 b
1 2 4 8 16 32 64 128 132 264 528 792 b
1 2 4 8 16 32 64 128 136 264 528 792 b
1 2 4 8 16 32 64 128 256 264 528 792 b
