1 2 3 5 10 20 40 80 83 163 246 409 818 b
1 2 3 5 10 20 40 80 83 163 326 409 818 b
1 2 3 6 12 24 25 48 96 192 217 409 818 a
1 2 3 6 12 24 25 48 96 192 384 409 818 a
1 2 3 6 12 24 27 51 102 204 205 409 818 b
1 2 3 6 12 24 27 51 102 204 408 409 818 b
1 2 3 6 12 24 27 51 102 204 408 410 818 b
1 2 3 6 12 24 27 51 102 204 408 816 818 b
1 2 3 6 12 24 48 50 96 192 384 434 818 a
1 2 3 6 12 24 48 50 96 192 384 768 818 a
1 2 3 6 12 24 48 51 102 204 205 409 818 b
1 2 3 6 12 24 48 51 102 204 408 409 818 b
1 2 3 6 12 24 48 51 102 204 408 410 818 b
1 2 3 6 12 24 48 51 102 204 408 816 818 b
1 2 3 6 12 24 48 54 102 204 205 409 818 b
1 2 3 6 12 24 48 54 102 204 408 409 818 b
1 2 3 6 12 24 48 54 102 204 408 410 818 b
1 2 3 6 12 24 48 54 102 204 408 816 818 b
1 2 3 6 12 24 48 96 102 204 205 409 818 b
1 2 3 6 12 24 48 96 102 204 408 409 818 b
1 2 3 6 12 24 48 96 102 204 408 410 818 b
1 2 3 6 12 24 48 96 102 204 408 816 818 b
1 2 3 6 12 24 48 96 108 204 205 409 818 b
1 2 3 6 12 24 48 96 108 204 408 409 818 b
1 2 3 6 12 24 48 96 108 204 408 410 818 b
1 2 3 6 12 24 48 96 108 204 408 816 818 b
1 2 3 6 12 24 48 96 192 193 216 409 818 a
1 2 3 6 12 24 48 96 192 193 217 409 818 b
1 2 3 6 12 24 48 96 192 193 385 409 818 b
1 2 3 6 12 24 48 96 192 193 385 433 818 b
1 2 3 6 12 24 48 96 192 193 385 770 818 b
1 2 3 6 12 24 48 96 192 204 205 409 818 b
1 2 3 6 12 24 48 96 192 204 408 409 818 b
1 2 3 6 12 24 48 96 192 204 408 410 818 b
1 2 3 6 12 24 48 96 192 204 408 816 818 b
1 2 3 6 12 24 48 96 192 216 217 409 818 b
1 2 3 6 12 24 48 96 192 216 408 409 818 b
1 2 3 6 12 24 48 96 192 216 408 410 818 b
1 2 3 6 12 24 48 96 192 216 408 816 818 b
1 2 3 6 12 24 48 96 192 384 385 409 818 b
1 2 3 6 12 24 48 96 192 384 385 433 818 b
1 2 3 6 12 24 48 96 192 384 385 770 818 b
1 2 3 6 12 24 48 96 192 384 386 432 818 a
1 2 3 6 12 24 48 96 192 384 386 434 818 b
1 2 3 6 12 24 48 96 192 384 386 770 818 b
1 2 3 6 12 24 48 96 192 384 408 409 818 b
1 2 3 6 12 24 48 96 192 384 408 410 818 b
1 2 3 6 12 24 48 96 192 384 408 816 818 b
1 2 3 6 12 24 48 96 192 384 432 434 818 b
1 2 3 6 12 24 48 96 192 384 432 816 818 b
1 2 3 6 12 24 48 96 192 384 768 770 818 b
1 2 3 6 12 24 48 96 192 384 768 816 818 b
1 2 4 6 10 20 40 80 160 166 326 492 818 b
1 2 4 6 10 20 40 80 160 166 326 652 818 b
1 2 4 6 12 24 25 48 96 192 217 409 818 a
1 2 4 6 12 24 25 48 96 192 384 409 818 a
1 2 4 6 12 24 48 50 96 192 384 434 818 a
1 2 4 6 12 24 48 50 96 192 384 768 818 a
1 2 4 6 12 24 48 54 102 204 205 409 818 b
1 2 4 6 12 24 48 54 102 204 408 409 818 b
1 2 4 6 12 24 48 54 102 204 408 410 818 b
1 2 4 6 12 24 48 54 102 204 408 816 818 b
1 2 4 6 12 24 48 96 102 204 205 409 818 b
1 2 4 6 12 24 48 96 102 204 408 409 818 b
1 2 4 6 12 24 48 96 102 204 408 410 818 b
1 2 4 6 12 24 48 96 102 204 408 816 818 b
1 2 4 6 12 24 48 96 108 204 205 409 818 b
1 2 4 6 12 24 48 96 108 204 408 409 818 b
1 2 4 6 12 24 48 96 108 204 408 410 818 b
1 2 4 6 12 24 48 96 108 204 408 816 818 b
1 2 4 6 12 24 48 96 192 193 216 409 818 a
1 2 4 6 12 24 48 96 192 193 217 409 818 b
1 2 4 6 12 24 48 96 192 193 385 409 818 b
1 2 4 6 12 24 48 96 192 193 385 433 818 b
1 2 4 6 12 24 48 96 192 193 385 770 818 b
1 2 4 6 12 24 48 96 192 204 205 409 818 b
1 2 4 6 12 24 48 96 192 204 408 409 818 b
1 2 4 6 12 24 48 96 192 204 408 410 818 b
1 2 4 6 12 24 48 96 192 204 408 816 818 b
1 2 4 6 12 24 48 96 192 216 217 409 818 b
1 2 4 6 12 24 48 96 192 216 408 409 818 b
1 2 4 6 12 24 48 96 192 216 408 410 818 b
1 2 4 6 12 24 48 96 192 216 408 816 818 b
1 2 4 6 12 24 48 96 192 384 385 409 818 b
1 2 4 6 12 24 48 96 192 384 385 433 818 b
1 2 4 6 12 24 48 96 192 384 385 770 818 b
1 2 4 6 12 24 48 96 192 384 386 432 818 a
1 2 4 6 12 24 48 96 192 384 386 434 818 b
1 2 4 6 12 24 48 96 192 384 386 770 818 b
1 2 4 6 12 24 48 96 192 384 408 409 818 b
1 2 4 6 12 24 48 96 192 384 408 410 818 b
1 2 4 6 12 24 48 96 192 384 408 816 818 b
1 2 4 6 12 24 48 96 192 384 432 434 818 b
1 2 4 6 12 24 48 96 192 384 432 816 818 b
1 2 4 6 12 24 48 96 192 384 768 770 818 b
1 2 4 6 12 24 48 96 192 384 768 816 818 b
1 2 4 8 9 16 25 50 100 200 209 409 818 a
1 2 4 8 9 16 25 50 100 200 400 409 818 a
1 2 4 8 9 17 25 50 100 200 209 409 818 b
1 2 4 8 9 17 25 50 100 200 400 409 818 b
1 2 4 8 9 17 34 51 102 204 205 409 818 b
1 2 4 8 9 17 34 51 102 204 408 409 818 b
1 2 4 8 9 17 34 51 102 204 408 410 818 b
1 2 4 8 9 17 34 51 102 204 408 816 818 b
1 2 4 8 9 17 34 68 102 204 205 409 818 b
1 2 4 8 9 17 34 68 102 204 408 409 818 b
1 2 4 8 9 17 34 68 102 204 408 410 818 b
1 2 4 8 9 17 34 68 102 204 408 816 818 b
1 2 4 8 9 17 34 68 136 137 272 409 818 a
1 2 4 8 9 17 34 68 136 137 273 409 818 b
1 2 4 8 9 17 34 68 136 204 205 409 818 b
1 2 4 8 9 17 34 68 136 204 408 409 818 b
1 2 4 8 9 17 34 68 136 204 408 410 818 b
1 2 4 8 9 17 34 68 136 204 408 816 818 b
1 2 4 8 9 17 34 68 136 272 273 409 818 b
1 2 4 8 9 17 34 68 136 272 273 545 818 b
1 2 4 8 9 17 34 68 136 272 273 546 818 b
1 2 4 8 9 17 34 68 136 272 274 544 818 a
1 2 4 8 9 17 34 68 136 272 274 546 818 b
1 2 4 8 9 17 34 68 136 272 408 409 818 b
1 2 4 8 9 17 34 68 136 272 408 410 818 b
1 2 4 8 9 17 34 68 136 272 408 816 818 b
1 2 4 8 9 17 34 68 136 272 544 546 818 b
1 2 4 8 9 17 34 68 136 272 544 816 818 b
1 2 4 8 12 24 25 48 96 192 217 409 818 a
1 2 4 8 12 24 25 48 96 192 384 409 818 a
1 2 4 8 12 24 48 50 96 192 384 434 818 a
1 2 4 8 12 24 48 50 96 192 384 768 818 a
1 2 4 8 12 24 48 96 108 204 205 409 818 b
1 2 4 8 12 24 48 96 108 204 408 409 818 b
1 2 4 8 12 24 48 96 108 204 408 410 818 b
1 2 4 8 12 24 48 96 108 204 408 816 818 b
1 2 4 8 12 24 48 96 192 193 216 409 818 a
1 2 4 8 12 24 48 96 192 193 217 409 818 b
1 2 4 8 12 24 48 96 192 193 385 409 818 b
1 2 4 8 12 24 48 96 192 193 385 433 818 b
1 2 4 8 12 24 48 96 192 193 385 770 818 b
1 2 4 8 12 24 48 96 192 204 205 409 818 b
1 2 4 8 12 24 48 96 192 204 408 409 818 b
1 2 4 8 12 24 48 96 192 204 408 410 818 b
1 2 4 8 12 24 48 96 192 204 408 816 818 b
1 2 4 8 12 24 48 96 192 216 217 409 818 b
1 2 4 8 12 24 48 96 192 216 408 409 818 b
1 2 4 8 12 24 48 96 192 216 408 410 818 b
1 2 4 8 12 24 48 96 192 216 408 816 818 b
1 2 4 8 12 24 48 96 192 384 385 409 818 b
1 2 4 8 12 24 48 96 192 384 385 433 818 b
1 2 4 8 12 24 48 96 192 384 385 770 818 b
1 2 4 8 12 24 48 96 192 384 386 432 818 a
1 2 4 8 12 24 48 96 192 384 386 434 818 b
1 2 4 8 12 24 48 96 192 384 386 770 818 b
1 2 4 8 12 24 48 96 192 384 408 409 818 b
1 2 4 8 12 24 48 96 192 384 408 410 818 b
1 2 4 8 12 24 48 96 192 384 408 816 818 b
1 2 4 8 12 24 48 96 192 384 432 434 818 b
1 2 4 8 12 24 48 96 192 384 432 816 818 b
1 2 4 8 12 24 48 96 192 384 768 770 818 b
1 2 4 8 12 24 48 96 192 384 768 816 818 b
1 2 4 8 16 17 32 49 98 196 213 409 818 a
1 2 4 8 16 17 32 49 98 196 392 409 818 a
1 2 4 8 16 17 33 49 98 196 213 409 818 b
1 2 4 8 16 17 33 49 98 196 392 409 818 b
1 2 4 8 16 17 34 51 102 204 205 409 818 b
1 2 4 8 16 17 34 51 102 204 408 409 818 b
1 2 4 8 16 17 34 51 102 204 408 410 818 b
1 2 4 8 16 17 34 51 102 204 408 816 818 b
1 2 4 8 16 17 34 68 102 204 205 409 818 b
1 2 4 8 16 17 34 68 102 204 408 409 818 b
1 2 4 8 16 17 34 68 102 204 408 410 818 b
1 2 4 8 16 17 34 68 102 204 408 816 818 b
1 2 4 8 16 17 34 68 136 137 272 409 818 a
1 2 4 8 16 17 34 68 136 137 273 409 818 b
1 2 4 8 16 17 34 68 136 204 205 409 818 b
1 2 4 8 16 17 34 68 136 204 408 409 818 b
1 2 4 8 16 17 34 68 136 204 408 410 818 b
1 2 4 8 16 17 34 68 136 204 408 816 818 b
1 2 4 8 16 17 34 68 136 272 273 409 818 b
1 2 4 8 16 17 34 68 136 272 273 545 818 b
1 2 4 8 16 17 34 68 136 272 273 546 818 b
1 2 4 8 16 17 34 68 136 272 274 544 818 a
1 2 4 8 16 17 34 68 136 272 274 546 818 b
1 2 4 8 16 17 34 68 136 272 408 409 818 b
1 2 4 8 16 17 34 68 136 272 408 410 818 b
1 2 4 8 16 17 34 68 136 272 408 816 818 b
1 2 4 8 16 17 34 68 136 272 544 546 818 b
1 2 4 8 16 17 34 68 136 272 544 816 818 b
1 2 4 8 16 18 32 50 100 200 400 418 818 a
1 2 4 8 16 18 32 50 100 200 400 800 818 a
1 2 4 8 16 18 34 50 100 200 400 418 818 b
1 2 4 8 16 18 34 50 100 200 400 800 818 b
1 2 4 8 16 18 34 68 102 204 205 409 818 b
1 2 4 8 16 18 34 68 102 204 408 409 818 b
1 2 4 8 16 18 34 68 102 204 408 410 818 b
1 2 4 8 16 18 34 68 102 204 408 816 818 b
1 2 4 8 16 18 34 68 136 137 272 409 818 a
1 2 4 8 16 18 34 68 136 137 273 409 818 b
1 2 4 8 16 18 34 68 136 204 205 409 818 b
1 2 4 8 16 18 34 68 136 204 408 409 818 b
1 2 4 8 16 18 34 68 136 204 408 410 818 b
1 2 4 8 16 18 34 68 136 204 408 816 818 b
1 2 4 8 16 18 34 68 136 272 273 409 818 b
1 2 4 8 16 18 34 68 136 272 273 545 818 b
1 2 4 8 16 18 34 68 136 272 273 546 818 b
1 2 4 8 16 18 34 68 136 272 274 544 818 a
1 2 4 8 16 18 34 68 136 272 274 546 818 b
1 2 4 8 16 18 34 68 136 272 408 409 818 b
1 2 4 8 16 18 34 68 136 272 408 410 818 b
1 2 4 8 16 18 34 68 136 272 408 816 818 b
1 2 4 8 16 18 34 68 136 272 544 546 818 b
1 2 4 8 16 18 34 68 136 272 544 816 818 b
1 2 4 8 16 24 25 48 96 192 217 409 818 a
1 2 4 8 16 24 25 48 96 192 384 409 818 a
1 2 4 8 16 24 48 50 96 192 384 434 818 a
1 2 4 8 16 24 48 50 96 192 384 768 818 a
1 2 4 8 16 24 48 96 192 193 216 409 818 a
1 2 4 8 16 24 48 96 192 193 217 409 818 b
1 2 4 8 16 24 48 96 192 193 385 409 818 b
1 2 4 8 16 24 48 96 192 193 385 433 818 b
1 2 4 8 16 24 48 96 192 193 385 770 818 b
1 2 4 8 16 24 48 96 192 216 217 409 818 b
1 2 4 8 16 24 48 96 192 216 408 409 818 b
1 2 4 8 16 24 48 96 192 216 408 410 818 b
1 2 4 8 16 24 48 96 192 216 408 816 818 b
1 2 4 8 16 24 48 96 192 384 385 409 818 b
1 2 4 8 16 24 48 96 192 384 385 433 818 b
1 2 4 8 16 24 48 96 192 384 385 770 818 b
1 2 4 8 16 24 48 96 192 384 386 432 818 a
1 2 4 8 16 24 48 96 192 384 386 434 818 b
1 2 4 8 16 24 48 96 192 384 386 770 818 b
1 2 4 8 16 24 48 96 192 384 408 409 818 b
1 2 4 8 16 24 48 96 192 384 408 410 818 b
1 2 4 8 16 24 48 96 192 384 408 816 818 b
1 2 4 8 16 24 48 96 192 384 432 434 818 b
1 2 4 8 16 24 48 96 192 384 432 816 818 b
1 2 4 8 16 24 48 96 192 384 768 770 818 b
1 2 4 8 16 24 48 96 192 384 768 816 818 b
1 2 4 8 16 32 34 64 98 196 392 426 818 a
1 2 4 8 16 32 34 64 98 196 392 784 818 a
1 2 4 8 16 32 34 66 98 196 392 426 818 b
1 2 4 8 16 32 34 66 98 196 392 784 818 b
1 2 4 8 16 32 34 68 102 204 205 409 818 b
1 2 4 8 16 32 34 68 102 204 408 409 818 b
1 2 4 8 16 32 34 68 102 204 408 410 818 b
1 2 4 8 16 32 34 68 102 204 408 816 818 b
1 2 4 8 16 32 34 68 136 137 272 409 818 a
1 2 4 8 16 32 34 68 136 137 273 409 818 b
1 2 4 8 16 32 34 68 136 204 205 409 818 b
1 2 4 8 16 32 34 68 136 204 408 409 818 b
1 2 4 8 16 32 34 68 136 204 408 410 818 b
1 2 4 8 16 32 34 68 136 204 408 816 818 b
1 2 4 8 16 32 34 68 136 272 273 409 818 b
1 2 4 8 16 32 34 68 136 272 273 545 818 b
1 2 4 8 16 32 34 68 136 272 273 546 818 b
1 2 4 8 16 32 34 68 136 272 274 544 818 a
1 2 4 8 16 32 34 68 136 272 274 546 818 b
1 2 4 8 16 32 34 68 136 272 408 409 818 b
1 2 4 8 16 32 34 68 136 272 408 410 818 b
1 2 4 8 16 32 34 68 136 272 408 816 818 b
1 2 4 8 16 32 34 68 136 272 544 546 818 b
1 2 4 8 16 32 34 68 136 272 544 816 818 b
1 2 4 8 16 32 36 68 136 137 272 409 818 a
1 2 4 8 16 32 36 68 136 137 273 409 818 b
1 2 4 8 16 32 36 68 136 204 205 409 818 b
1 2 4 8 16 32 36 68 136 204 408 409 818 b
1 2 4 8 16 32 36 68 136 204 408 410 818 b
1 2 4 8 16 32 36 68 136 204 408 816 818 b
1 2 4 8 16 32 36 68 136 272 273 409 818 b
1 2 4 8 16 32 36 68 136 272 273 545 818 b
1 2 4 8 16 32 36 68 136 272 273 546 818 b
1 2 4 8 16 32 36 68 136 272 274 544 818 a
1 2 4 8 16 32 36 68 136 272 274 546 818 b
1 2 4 8 16 32 36 68 136 272 408 409 818 b
1 2 4 8 16 32 36 68 136 272 408 410 818 b
1 2 4 8 16 32 36 68 136 272 408 816 818 b
1 2 4 8 16 32 36 68 136 272 544 546 818 b
1 2 4 8 16 32 36 68 136 272 544 816 818 b
1 2 4 8 16 32 48 50 96 192 384 434 818 a
1 2 4 8 16 32 48 50 96 192 384 768 818 a
1 2 4 8 16 32 48 96 192 193 385 433 818 b
1 2 4 8 16 32 48 96 192 193 385 770 818 b
1 2 4 8 16 32 48 96 192 384 385 433 818 b
1 2 4 8 16 32 48 96 192 384 385 770 818 b
1 2 4 8 16 32 48 96 192 384 386 432 818 a
1 2 4 8 16 32 48 96 192 384 386 434 818 b
1 2 4 8 16 32 48 96 192 384 386 770 818 b
1 2 4 8 16 32 48 96 192 384 432 434 818 b
1 2 4 8 16 32 48 96 192 384 432 816 818 b
1 2 4 8 16 32 48 96 192 384 768 770 818 b
1 2 4 8 16 32 48 96 192 384 768 816 818 b
1 2 4 8 16 32 64 68 136 137 272 409 818 a
1 2 4 8 16 32 64 68 136 137 273 409 818 b
1 2 4 8 16 32 64 68 136 204 205 409 818 b
1 2 4 8 16 32 64 68 136 204 408 409 818 b
1 2 4 8 16 32 64 68 136 204 408 410 818 b
1 2 4 8 16 32 64 68 136 204 408 816 818 b
1 2 4 8 16 32 64 68 136 272 273 409 818 b
1 2 4 8 16 32 64 68 136 272 273 545 818 b
1 2 4 8 16 32 64 68 136 272 273 546 818 b
1 2 4 8 16 32 64 68 136 272 274 544 818 a
1 2 4 8 16 32 64 68 136 272 274 546 818 b
1 2 4 8 16 32 64 68 136 272 408 409 818 b
1 2 4 8 16 32 64 68 136 272 408 410 818 b
1 2 4 8 16 32 64 68 136 272 408 816 818 b
1 2 4 8 16 32 64 68 136 272 544 546 818 b
1 2 4 8 16 32 64 68 136 272 544 816 818 b
1 2 4 8 16 32 64 72 136 137 272 409 818 a
1 2 4 8 16 32 64 72 136 137 273 409 818 b
1 2 4 8 16 32 64 72 136 272 273 409 818 b
1 2 4 8 16 32 64 72 136 272 273 545 818 b
1 2 4 8 16 32 64 72 136 272 273 546 818 b
1 2 4 8 16 32 64 72 136 272 274 544 818 a
1 2 4 8 16 32 64 72 136 272 274 546 818 b
1 2 4 8 16 32 64 72 136 272 408 409 818 b
1 2 4 8 16 32 64 72 136 272 408 410 818 b
1 2 4 8 16 32 64 72 136 272 408 816 818 b
1 2 4 8 16 32 64 72 136 272 544 546 818 b
1 2 4 8 16 32 64 72 136 272 544 816 818 b
1 2 4 8 16 32 64 128 136 137 272 409 818 a
1 2 4 8 16 32 64 128 136 137 273 409 818 b
1 2 4 8 16 32 64 128 136 272 273 409 818 b
1 2 4 8 16 32 64 128 136 272 273 545 818 b
1 2 4 8 16 32 64 128 136 272 273 546 818 b
1 2 4 8 16 32 64 128 136 272 274 544 818 a
1 2 4 8 16 32 64 128 136 272 274 546 818 b
1 2 4 8 16 32 64 128 136 272 408 409 818 b
1 2 4 8 16 32 64 128 136 272 408 410 818 b
1 2 4 8 16 32 64 128 136 272 408 816 818 b
1 2 4 8 16 32 64 128 136 272 544 546 818 b
1 2 4 8 16 32 64 128 136 272 544 816 818 b
1 2 4 8 16 32 64 128 144 272 273 545 818 b
1 2 4 8 16 32 64 128 144 272 273 546 818 b
1 2 4 8 16 32 64 128 144 272 274 544 818 a
1 2 4 8 16 32 64 128 144 272 274 546 818 b
1 2 4 8 16 32 64 128 144 272 544 546 818 b
1 2 4 8 16 32 64 128 144 272 544 816 818 b
1 2 4 8 16 32 64 128 256 272 273 545 818 b
1 2 4 8 16 32 64 128 256 272 273 546 818 b
1 2 4 8 16 32 64 128 256 272 274 544 818 a
1 2 4 8 16 32 64 128 256 272 274 546 818 b
1 2 4 8 16 32 64 128 256 272 544 546 818 b
1 2 4 8 16 32 64 128 256 272 544 816 818 b
