1 2 3 6 12 13 25 50 100 200 400 413 813 b
1 2 3 6 12 13 25 50 100 200 400 800 813 b
1 2 4 6 12 13 25 50 100 200 400 413 813 b
1 2 4 6 12 13 25 50 100 200 400 800 813 b
1 2 4 8 12 13 25 50 100 200 400 413 813 b
1 2 4 8 12 13 25 50 100 200 400 800 813 b
1 2 4 8 16 32 33 65 130 195 390 423 813 b
1 2 4 8 16 32 33 65 130 195 390 780 813 b
1 2 4 8 16 32 33 65 130 260 293 520 813 a
1 2 4 8 16 32 33 65 130 260 293 553 813 b
1 2 4 8 16 32 33 65 130 260 390 423 813 b
1 2 4 8 16 32 33 65 130 260 390 780 813 b
1 2 4 8 16 32 33 65 130 260 520 553 813 b
1 2 4 8 16 32 33 65 130 260 520 780 813 b
