1 2 3 4 8 16 19 35 70 105 210 420 439 859 b
1 2 3 4 8 16 19 35 70 105 210 420 840 859 b
1 2 3 4 8 16 19 35 70 140 210 420 439 859 b
1 2 3 4 8 16 19 35 70 140 210 420 840 859 b
1 2 3 4 8 16 19 35 70 140 280 299 560 859 a
1 2 3 4 8 16 19 35 70 140 280 299 579 859 b
1 2 3 4 8 16 19 35 70 140 280 420 439 859 b
1 2 3 4 8 16 19 35 70 140 280 420 840 859 b
1 2 3 4 8 16 19 35 70 140 280 560 579 859 b
1 2 3 4 8 16 19 35 70 140 280 560 840 859 b
1 2 3 4 8 16 32 35 67 99 198 396 463 859 b
1 2 3 4 8 16 32 35 67 99 198 396 792 859 b
1 2 3 4 8 16 32 64 67 99 198 396 463 859 b
1 2 3 4 8 16 32 64 67 99 198 396 792 859 b
1 2 3 4 8 16 32 64 67 131 198 396 463 859 b
1 2 3 4 8 16 32 64 67 131 198 396 792 859 b
1 2 3 4 8 16 32 64 67 134 198 396 463 859 b
1 2 3 4 8 16 32 64 67 134 198 396 792 859 b
1 2 3 5 8 13 26 27 52 104 208 416 443 859 a
1 2 3 5 8 13 26 27 52 104 208 416 832 859 a
1 2 3 5 8 13 26 52 55 107 214 428 431 859 b
1 2 3 5 8 13 26 52 55 107 214 428 856 859 b
1 2 3 5 8 13 26 52 104 107 214 428 431 859 b
1 2 3 5 8 13 26 52 104 107 214 428 856 859 b
1 2 3 5 8 13 26 52 104 208 221 429 430 859 b
1 2 3 5 8 13 26 52 104 208 221 429 858 859 b
1 2 3 5 8 13 26 52 104 208 416 417 442 859 a
1 2 3 5 8 13 26 52 104 208 416 417 443 859 b
1 2 3 5 8 13 26 52 104 208 416 417 833 859 b
1 2 3 5 8 13 26 52 104 208 416 429 430 859 b
1 2 3 5 8 13 26 52 104 208 416 429 858 859 b
1 2 3 5 8 13 26 52 104 208 416 442 443 859 b
1 2 3 5 8 13 26 52 104 208 416 442 858 859 b
1 2 3 5 8 13 26 52 104 208 416 832 833 859 b
1 2 3 5 8 13 26 52 104 208 416 832 858 859 b
1 2 3 5 8 16 19 35 70 105 210 420 439 859 b
1 2 3 5 8 16 19 35 70 105 210 420 840 859 b
1 2 3 5 8 16 19 35 70 140 210 420 439 859 b
1 2 3 5 8 16 19 35 70 140 210 420 840 859 b
1 2 3 5 8 16 19 35 70 140 280 299 560 859 a
1 2 3 5 8 16 19 35 70 140 280 299 579 859 b
1 2 3 5 8 16 19 35 70 140 280 420 439 859 b
1 2 3 5 8 16 19 35 70 140 280 420 840 859 b
1 2 3 5 8 16 19 35 70 140 280 560 579 859 b
1 2 3 5 8 16 19 35 70 140 280 560 840 859 b
1 2 3 5 8 16 32 35 67 99 198 396 463 859 b
1 2 3 5 8 16 32 35 67 99 198 396 792 859 b
1 2 3 5 8 16 32 64 67 99 198 396 463 859 b
1 2 3 5 8 16 32 64 67 99 198 396 792 859 b
1 2 3 5 8 16 32 64 67 131 198 396 463 859 b
1 2 3 5 8 16 32 64 67 131 198 396 792 859 b
1 2 3 5 8 16 32 64 67 134 198 396 463 859 b
1 2 3 5 8 16 32 64 67 134 198 396 792 859 b
1 2 3 5 10 11 21 32 53 106 212 424 435 859 b
1 2 3 5 10 11 21 32 53 106 212 424 848 859 b
1 2 3 5 10 11 21 42 53 106 212 424 435 859 b
1 2 3 5 10 11 21 42 53 106 212 424 848 859 b
1 2 3 5 10 13 26 27 52 104 208 416 443 859 a
1 2 3 5 10 13 26 27 52 104 208 416 832 859 a
1 2 3 5 10 13 26 52 55 107 214 428 431 859 b
1 2 3 5 10 13 26 52 55 107 214 428 856 859 b
1 2 3 5 10 13 26 52 104 107 214 428 431 859 b
1 2 3 5 10 13 26 52 104 107 214 428 856 859 b
1 2 3 5 10 13 26 52 104 208 221 429 430 859 b
1 2 3 5 10 13 26 52 104 208 221 429 858 859 b
1 2 3 5 10 13 26 52 104 208 416 417 442 859 a
1 2 3 5 10 13 26 52 104 208 416 417 443 859 b
1 2 3 5 10 13 26 52 104 208 416 417 833 859 b
1 2 3 5 10 13 26 52 104 208 416 429 430 859 b
1 2 3 5 10 13 26 52 104 208 416 429 858 859 b
1 2 3 5 10 13 26 52 104 208 416 442 443 859 b
1 2 3 5 10 13 26 52 104 208 416 442 858 859 b
1 2 3 5 10 13 26 52 104 208 416 832 833 859 b
1 2 3 5 10 13 26 52 104 208 416 832 858 859 b
1 2 3 5 10 15 25 27 52 104 208 416 443 859 b
1 2 3 5 10 15 25 27 52 104 208 416 832 859 b
1 2 3 5 10 15 25 50 51 101 202 404 455 859 b
1 2 3 5 10 15 25 50 51 101 202 404 808 859 b
1 2 3 5 10 20 25 27 52 104 208 416 443 859 b
1 2 3 5 10 20 25 27 52 104 208 416 832 859 b
1 2 3 5 10 20 25 50 51 101 202 404 455 859 b
1 2 3 5 10 20 25 50 51 101 202 404 808 859 b
1 2 3 5 10 20 30 50 51 101 202 404 455 859 b
1 2 3 5 10 20 30 50 51 101 202 404 808 859 b
1 2 3 5 10 20 40 45 85 170 173 343 516 859 b
1 2 3 5 10 20 40 45 85 170 173 343 686 859 b
1 2 3 5 10 20 40 50 51 101 202 404 455 859 b
1 2 3 5 10 20 40 50 51 101 202 404 808 859 b
1 2 3 5 10 20 40 80 85 170 173 343 516 859 b
1 2 3 5 10 20 40 80 85 170 173 343 686 859 b
1 2 3 5 10 20 40 80 90 170 173 343 516 859 b
1 2 3 5 10 20 40 80 90 170 173 343 686 859 b
1 2 3 5 10 20 40 80 160 170 173 343 516 859 b
1 2 3 5 10 20 40 80 160 170 173 343 686 859 b
1 2 3 6 7 13 26 27 52 104 208 416 443 859 a
1 2 3 6 7 13 26 27 52 104 208 416 832 859 a
1 2 3 6 7 13 26 52 55 107 214 428 431 859 b
1 2 3 6 7 13 26 52 55 107 214 428 856 859 b
1 2 3 6 7 13 26 52 104 107 214 428 431 859 b
1 2 3 6 7 13 26 52 104 107 214 428 856 859 b
1 2 3 6 7 13 26 52 104 110 214 428 431 859 b
1 2 3 6 7 13 26 52 104 110 214 428 856 859 b
1 2 3 6 7 13 26 52 104 208 214 428 431 859 b
1 2 3 6 7 13 26 52 104 208 214 428 856 859 b
1 2 3 6 7 13 26 52 104 208 215 423 436 859 b
1 2 3 6 7 13 26 52 104 208 215 423 846 859 b
1 2 3 6 7 13 26 52 104 208 221 429 430 859 b
1 2 3 6 7 13 26 52 104 208 221 429 858 859 b
1 2 3 6 7 13 26 52 104 208 416 417 442 859 a
1 2 3 6 7 13 26 52 104 208 416 417 443 859 b
1 2 3 6 7 13 26 52 104 208 416 417 833 859 b
1 2 3 6 7 13 26 52 104 208 416 423 436 859 b
1 2 3 6 7 13 26 52 104 208 416 423 846 859 b
1 2 3 6 7 13 26 52 104 208 416 429 430 859 b
1 2 3 6 7 13 26 52 104 208 416 429 858 859 b
1 2 3 6 7 13 26 52 104 208 416 442 443 859 b
1 2 3 6 7 13 26 52 104 208 416 442 858 859 b
1 2 3 6 7 13 26 52 104 208 416 832 833 859 b
1 2 3 6 7 13 26 52 104 208 416 832 858 859 b
1 2 3 6 8 16 19 35 70 105 210 420 439 859 b
1 2 3 6 8 16 19 35 70 105 210 420 840 859 b
1 2 3 6 8 16 19 35 70 140 210 420 439 859 b
1 2 3 6 8 16 19 35 70 140 210 420 840 859 b
1 2 3 6 8 16 19 35 70 140 280 299 560 859 a
1 2 3 6 8 16 19 35 70 140 280 299 579 859 b
1 2 3 6 8 16 19 35 70 140 280 420 439 859 b
1 2 3 6 8 16 19 35 70 140 280 420 840 859 b
1 2 3 6 8 16 19 35 70 140 280 560 579 859 b
1 2 3 6 8 16 19 35 70 140 280 560 840 859 b
1 2 3 6 8 16 32 35 67 99 198 396 463 859 b
1 2 3 6 8 16 32 35 67 99 198 396 792 859 b
1 2 3 6 8 16 32 64 67 99 198 396 463 859 b
1 2 3 6 8 16 32 64 67 99 198 396 792 859 b
1 2 3 6 8 16 32 64 67 131 198 396 463 859 b
1 2 3 6 8 16 32 64 67 131 198 396 792 859 b
1 2 3 6 8 16 32 64 67 134 198 396 463 859 b
1 2 3 6 8 16 32 64 67 134 198 396 792 859 b
1 2 3 6 9 11 22 31 53 106 212 424 435 859 b
1 2 3 6 9 11 22 31 53 106 212 424 848 859 b
1 2 3 6 9 11 22 44 53 106 212 424 435 859 b
1 2 3 6 9 11 22 44 53 106 212 424 848 859 b
1 2 3 6 12 13 25 27 52 104 208 416 443 859 b
1 2 3 6 12 13 25 27 52 104 208 416 832 859 b
1 2 3 6 12 13 25 50 51 101 202 404 455 859 b
1 2 3 6 12 13 25 50 51 101 202 404 808 859 b
1 2 3 6 12 13 26 27 52 104 208 416 443 859 a
1 2 3 6 12 13 26 27 52 104 208 416 832 859 a
1 2 3 6 12 13 26 52 55 107 214 428 431 859 b
1 2 3 6 12 13 26 52 55 107 214 428 856 859 b
1 2 3 6 12 13 26 52 104 107 214 428 431 859 b
1 2 3 6 12 13 26 52 104 107 214 428 856 859 b
1 2 3 6 12 13 26 52 104 110 214 428 431 859 b
1 2 3 6 12 13 26 52 104 110 214 428 856 859 b
1 2 3 6 12 13 26 52 104 208 214 428 431 859 b
1 2 3 6 12 13 26 52 104 208 214 428 856 859 b
1 2 3 6 12 13 26 52 104 208 220 428 431 859 b
1 2 3 6 12 13 26 52 104 208 220 428 856 859 b
1 2 3 6 12 13 26 52 104 208 221 429 430 859 b
1 2 3 6 12 13 26 52 104 208 221 429 858 859 b
1 2 3 6 12 13 26 52 104 208 416 417 442 859 a
1 2 3 6 12 13 26 52 104 208 416 417 443 859 b
1 2 3 6 12 13 26 52 104 208 416 417 833 859 b
1 2 3 6 12 13 26 52 104 208 416 428 431 859 b
1 2 3 6 12 13 26 52 104 208 416 428 856 859 b
1 2 3 6 12 13 26 52 104 208 416 429 430 859 b
1 2 3 6 12 13 26 52 104 208 416 429 858 859 b
1 2 3 6 12 13 26 52 104 208 416 442 443 859 b
1 2 3 6 12 13 26 52 104 208 416 442 858 859 b
1 2 3 6 12 13 26 52 104 208 416 832 833 859 b
1 2 3 6 12 13 26 52 104 208 416 832 858 859 b
1 2 3 6 12 14 26 27 52 104 208 416 443 859 a
1 2 3 6 12 14 26 27 52 104 208 416 832 859 a
1 2 3 6 12 14 26 52 55 107 214 428 431 859 b
1 2 3 6 12 14 26 52 55 107 214 428 856 859 b
1 2 3 6 12 14 26 52 104 107 214 428 431 859 b
1 2 3 6 12 14 26 52 104 107 214 428 856 859 b
1 2 3 6 12 14 26 52 104 110 214 428 431 859 b
1 2 3 6 12 14 26 52 104 110 214 428 856 859 b
1 2 3 6 12 14 26 52 104 208 214 428 431 859 b
1 2 3 6 12 14 26 52 104 208 214 428 856 859 b
1 2 3 6 12 14 26 52 104 208 220 428 431 859 b
1 2 3 6 12 14 26 52 104 208 220 428 856 859 b
1 2 3 6 12 14 26 52 104 208 416 417 442 859 a
1 2 3 6 12 14 26 52 104 208 416 417 443 859 b
1 2 3 6 12 14 26 52 104 208 416 417 833 859 b
1 2 3 6 12 14 26 52 104 208 416 428 431 859 b
1 2 3 6 12 14 26 52 104 208 416 428 856 859 b
1 2 3 6 12 14 26 52 104 208 416 442 443 859 b
1 2 3 6 12 14 26 52 104 208 416 442 858 859 b
1 2 3 6 12 14 26 52 104 208 416 832 833 859 b
1 2 3 6 12 14 26 52 104 208 416 832 858 859 b
1 2 3 6 12 24 25 27 52 104 208 416 443 859 b
1 2 3 6 12 24 25 27 52 104 208 416 832 859 b
1 2 3 6 12 24 25 49 98 123 221 319 540 859 b
1 2 3 6 12 24 25 49 98 123 221 319 638 859 b
1 2 3 6 12 24 25 49 98 196 221 319 540 859 b
1 2 3 6 12 24 25 49 98 196 221 319 638 859 b
1 2 3 6 12 24 25 49 98 196 221 417 442 859 b
1 2 3 6 12 24 25 49 98 196 221 417 638 859 b
1 2 3 6 12 24 25 49 98 196 221 417 834 859 b
1 2 3 6 12 24 25 49 98 196 221 442 638 859 b
1 2 3 6 12 24 25 49 98 196 221 442 663 859 b
1 2 3 6 12 24 25 49 98 196 392 417 442 859 b
1 2 3 6 12 24 25 49 98 196 392 417 834 859 b
1 2 3 6 12 24 25 50 51 101 202 404 455 859 b
1 2 3 6 12 24 25 50 51 101 202 404 808 859 b
1 2 3 6 12 24 26 27 52 104 208 416 443 859 a
1 2 3 6 12 24 26 27 52 104 208 416 832 859 a
1 2 3 6 12 24 26 50 51 101 202 404 455 859 b
1 2 3 6 12 24 26 50 51 101 202 404 808 859 b
1 2 3 6 12 24 26 52 55 107 214 428 431 859 b
1 2 3 6 12 24 26 52 55 107 214 428 856 859 b
1 2 3 6 12 24 26 52 104 107 214 428 431 859 b
1 2 3 6 12 24 26 52 104 107 214 428 856 859 b
1 2 3 6 12 24 26 52 104 110 214 428 431 859 b
1 2 3 6 12 24 26 52 104 110 214 428 856 859 b
1 2 3 6 12 24 26 52 104 208 214 428 431 859 b
1 2 3 6 12 24 26 52 104 208 214 428 856 859 b
1 2 3 6 12 24 26 52 104 208 220 428 431 859 b
1 2 3 6 12 24 26 52 104 208 220 428 856 859 b
1 2 3 6 12 24 26 52 104 208 416 417 442 859 a
1 2 3 6 12 24 26 52 104 208 416 417 443 859 b
1 2 3 6 12 24 26 52 104 208 416 417 833 859 b
1 2 3 6 12 24 26 52 104 208 416 419 440 859 a
1 2 3 6 12 24 26 52 104 208 416 419 443 859 b
1 2 3 6 12 24 26 52 104 208 416 419 835 859 b
1 2 3 6 12 24 26 52 104 208 416 428 431 859 b
1 2 3 6 12 24 26 52 104 208 416 428 856 859 b
1 2 3 6 12 24 26 52 104 208 416 440 443 859 b
1 2 3 6 12 24 26 52 104 208 416 440 856 859 b
1 2 3 6 12 24 26 52 104 208 416 442 443 859 b
1 2 3 6 12 24 26 52 104 208 416 442 858 859 b
1 2 3 6 12 24 26 52 104 208 416 832 833 859 b
1 2 3 6 12 24 26 52 104 208 416 832 835 859 b
1 2 3 6 12 24 26 52 104 208 416 832 856 859 b
1 2 3 6 12 24 26 52 104 208 416 832 858 859 b
1 2 3 6 12 24 27 28 52 104 208 416 443 859 b
1 2 3 6 12 24 27 28 52 104 208 416 832 859 b
1 2 3 6 12 24 27 51 52 104 208 416 443 859 b
1 2 3 6 12 24 27 51 52 104 208 416 832 859 b
1 2 3 6 12 24 27 51 53 104 208 416 443 859 b
1 2 3 6 12 24 27 51 53 104 208 416 832 859 b
1 2 3 6 12 24 27 51 102 104 208 416 443 859 b
1 2 3 6 12 24 27 51 102 104 208 416 832 859 b
1 2 3 6 12 24 48 50 51 101 202 404 455 859 b
1 2 3 6 12 24 48 50 51 101 202 404 808 859 b
1 2 3 6 12 24 48 51 53 101 202 404 455 859 b
1 2 3 6 12 24 48 51 53 101 202 404 808 859 b
1 2 3 6 12 24 48 51 99 101 202 404 455 859 b
1 2 3 6 12 24 48 51 99 101 202 404 808 859 b
1 2 4 5 8 13 26 27 52 104 208 416 443 859 a
1 2 4 5 8 13 26 27 52 104 208 416 832 859 a
1 2 4 5 8 13 26 52 104 208 221 429 430 859 a
1 2 4 5 8 13 26 52 104 208 221 429 858 859 a
1 2 4 5 8 13 26 52 104 208 416 417 442 859 a
1 2 4 5 8 13 26 52 104 208 416 417 443 859 a
1 2 4 5 8 13 26 52 104 208 416 417 833 859 a
1 2 4 5 8 13 26 52 104 208 416 429 430 859 a
1 2 4 5 8 13 26 52 104 208 416 429 858 859 a
1 2 4 5 8 13 26 52 104 208 416 442 443 859 a
1 2 4 5 8 13 26 52 104 208 416 442 858 859 a
1 2 4 5 8 13 26 52 104 208 416 832 833 859 a
1 2 4 5 8 13 26 52 104 208 416 832 858 859 a
1 2 4 5 9 11 22 31 53 106 212 424 435 859 b
1 2 4 5 9 11 22 31 53 106 212 424 848 859 b
1 2 4 5 9 11 22 44 53 106 212 424 435 859 b
1 2 4 5 9 11 22 44 53 106 212 424 848 859 b
1 2 4 5 9 13 26 27 52 104 208 416 443 859 a
1 2 4 5 9 13 26 27 52 104 208 416 832 859 a
1 2 4 5 9 13 26 52 104 113 217 321 538 859 b
1 2 4 5 9 13 26 52 104 113 217 321 642 859 b
1 2 4 5 9 13 26 52 104 208 217 321 538 859 b
1 2 4 5 9 13 26 52 104 208 217 321 642 859 b
1 2 4 5 9 13 26 52 104 208 217 425 434 859 b
1 2 4 5 9 13 26 52 104 208 217 425 642 859 b
1 2 4 5 9 13 26 52 104 208 217 425 850 859 b
1 2 4 5 9 13 26 52 104 208 217 434 642 859 b
1 2 4 5 9 13 26 52 104 208 217 434 651 859 b
1 2 4 5 9 13 26 52 104 208 221 429 430 859 b
1 2 4 5 9 13 26 52 104 208 221 429 858 859 b
1 2 4 5 9 13 26 52 104 208 416 417 442 859 a
1 2 4 5 9 13 26 52 104 208 416 417 443 859 b
1 2 4 5 9 13 26 52 104 208 416 417 833 859 b
1 2 4 5 9 13 26 52 104 208 416 425 434 859 b
1 2 4 5 9 13 26 52 104 208 416 425 850 859 b
1 2 4 5 9 13 26 52 104 208 416 429 430 859 b
1 2 4 5 9 13 26 52 104 208 416 429 858 859 b
1 2 4 5 9 13 26 52 104 208 416 442 443 859 b
1 2 4 5 9 13 26 52 104 208 416 442 858 859 b
1 2 4 5 9 13 26 52 104 208 416 832 833 859 b
1 2 4 5 9 13 26 52 104 208 416 832 858 859 b
1 2 4 5 9 18 23 41 59 100 200 400 459 859 b
1 2 4 5 9 18 23 41 59 100 200 400 800 859 b
1 2 4 5 9 18 36 41 59 100 200 400 459 859 b
1 2 4 5 9 18 36 41 59 100 200 400 800 859 b
1 2 4 5 10 11 21 32 53 106 212 424 435 859 b
1 2 4 5 10 11 21 32 53 106 212 424 848 859 b
1 2 4 5 10 11 21 42 53 106 212 424 435 859 b
1 2 4 5 10 11 21 42 53 106 212 424 848 859 b
1 2 4 5 10 15 25 27 52 104 208 416 443 859 b
1 2 4 5 10 15 25 27 52 104 208 416 832 859 b
1 2 4 5 10 15 25 50 51 101 202 404 455 859 b
1 2 4 5 10 15 25 50 51 101 202 404 808 859 b
1 2 4 5 10 20 25 27 52 104 208 416 443 859 b
1 2 4 5 10 20 25 27 52 104 208 416 832 859 b
1 2 4 5 10 20 25 50 51 101 202 404 455 859 b
1 2 4 5 10 20 25 50 51 101 202 404 808 859 b
1 2 4 5 10 20 30 50 51 101 202 404 455 859 b
1 2 4 5 10 20 30 50 51 101 202 404 808 859 b
1 2 4 5 10 20 40 50 51 101 202 404 455 859 b
1 2 4 5 10 20 40 50 51 101 202 404 808 859 b
1 2 4 6 7 13 26 27 52 104 208 416 443 859 a
1 2 4 6 7 13 26 27 52 104 208 416 832 859 a
1 2 4 6 7 13 26 52 104 208 215 423 436 859 b
1 2 4 6 7 13 26 52 104 208 215 423 846 859 b
1 2 4 6 7 13 26 52 104 208 221 429 430 859 b
1 2 4 6 7 13 26 52 104 208 221 429 858 859 b
1 2 4 6 7 13 26 52 104 208 416 417 442 859 a
1 2 4 6 7 13 26 52 104 208 416 417 443 859 b
1 2 4 6 7 13 26 52 104 208 416 417 833 859 b
1 2 4 6 7 13 26 52 104 208 416 423 436 859 b
1 2 4 6 7 13 26 52 104 208 416 423 846 859 b
1 2 4 6 7 13 26 52 104 208 416 429 430 859 b
1 2 4 6 7 13 26 52 104 208 416 429 858 859 b
1 2 4 6 7 13 26 52 104 208 416 442 443 859 b
1 2 4 6 7 13 26 52 104 208 416 442 858 859 b
1 2 4 6 7 13 26 52 104 208 416 832 833 859 b
1 2 4 6 7 13 26 52 104 208 416 832 858 859 b
1 2 4 6 10 11 21 32 53 106 212 424 435 859 b
1 2 4 6 10 11 21 32 53 106 212 424 848 859 b
1 2 4 6 10 11 21 42 53 106 212 424 435 859 b
1 2 4 6 10 11 21 42 53 106 212 424 848 859 b
1 2 4 6 10 16 26 27 52 104 208 416 443 859 a
1 2 4 6 10 16 26 27 52 104 208 416 832 859 a
1 2 4 6 10 16 26 52 104 208 416 417 442 859 a
1 2 4 6 10 16 26 52 104 208 416 417 443 859 b
1 2 4 6 10 16 26 52 104 208 416 417 833 859 b
1 2 4 6 10 16 26 52 104 208 416 442 443 859 b
1 2 4 6 10 16 26 52 104 208 416 442 858 859 b
1 2 4 6 10 16 26 52 104 208 416 832 833 859 b
1 2 4 6 10 16 26 52 104 208 416 832 858 859 b
1 2 4 6 10 20 26 27 52 104 208 416 443 859 a
1 2 4 6 10 20 26 27 52 104 208 416 832 859 a
1 2 4 6 10 20 26 52 104 208 416 417 442 859 a
1 2 4 6 10 20 26 52 104 208 416 417 443 859 b
1 2 4 6 10 20 26 52 104 208 416 417 833 859 b
1 2 4 6 10 20 26 52 104 208 416 442 443 859 b
1 2 4 6 10 20 26 52 104 208 416 442 858 859 b
1 2 4 6 10 20 26 52 104 208 416 832 833 859 b
1 2 4 6 10 20 26 52 104 208 416 832 858 859 b
1 2 4 6 10 20 30 50 51 101 202 404 455 859 b
1 2 4 6 10 20 30 50 51 101 202 404 808 859 b
1 2 4 6 10 20 40 50 51 101 202 404 455 859 b
1 2 4 6 10 20 40 50 51 101 202 404 808 859 b
1 2 4 6 12 13 25 27 52 104 208 416 443 859 b
1 2 4 6 12 13 25 27 52 104 208 416 832 859 b
1 2 4 6 12 13 25 50 51 101 202 404 455 859 b
1 2 4 6 12 13 25 50 51 101 202 404 808 859 b
1 2 4 6 12 13 26 27 52 104 208 416 443 859 a
1 2 4 6 12 13 26 27 52 104 208 416 832 859 a
1 2 4 6 12 13 26 52 104 208 221 429 430 859 b
1 2 4 6 12 13 26 52 104 208 221 429 858 859 b
1 2 4 6 12 13 26 52 104 208 416 417 442 859 a
1 2 4 6 12 13 26 52 104 208 416 417 443 859 b
1 2 4 6 12 13 26 52 104 208 416 417 833 859 b
1 2 4 6 12 13 26 52 104 208 416 429 430 859 b
1 2 4 6 12 13 26 52 104 208 416 429 858 859 b
1 2 4 6 12 13 26 52 104 208 416 442 443 859 b
1 2 4 6 12 13 26 52 104 208 416 442 858 859 b
1 2 4 6 12 13 26 52 104 208 416 832 833 859 b
1 2 4 6 12 13 26 52 104 208 416 832 858 859 b
1 2 4 6 12 14 26 27 52 104 208 416 443 859 a
1 2 4 6 12 14 26 27 52 104 208 416 832 859 a
1 2 4 6 12 14 26 52 104 208 416 417 442 859 a
1 2 4 6 12 14 26 52 104 208 416 417 443 859 b
1 2 4 6 12 14 26 52 104 208 416 417 833 859 b
1 2 4 6 12 14 26 52 104 208 416 442 443 859 b
1 2 4 6 12 14 26 52 104 208 416 442 858 859 b
1 2 4 6 12 14 26 52 104 208 416 832 833 859 b
1 2 4 6 12 14 26 52 104 208 416 832 858 859 b
1 2 4 6 12 24 25 27 52 104 208 416 443 859 b
1 2 4 6 12 24 25 27 52 104 208 416 832 859 b
1 2 4 6 12 24 25 49 98 123 221 319 540 859 b
1 2 4 6 12 24 25 49 98 123 221 319 638 859 b
1 2 4 6 12 24 25 49 98 196 221 319 540 859 b
1 2 4 6 12 24 25 49 98 196 221 319 638 859 b
1 2 4 6 12 24 25 49 98 196 221 417 442 859 b
1 2 4 6 12 24 25 49 98 196 221 417 638 859 b
1 2 4 6 12 24 25 49 98 196 221 417 834 859 b
1 2 4 6 12 24 25 49 98 196 221 442 638 859 b
1 2 4 6 12 24 25 49 98 196 221 442 663 859 b
1 2 4 6 12 24 25 49 98 196 392 417 442 859 b
1 2 4 6 12 24 25 49 98 196 392 417 834 859 b
1 2 4 6 12 24 25 50 51 101 202 404 455 859 b
1 2 4 6 12 24 25 50 51 101 202 404 808 859 b
1 2 4 6 12 24 26 27 52 104 208 416 443 859 a
1 2 4 6 12 24 26 27 52 104 208 416 832 859 a
1 2 4 6 12 24 26 50 51 101 202 404 455 859 b
1 2 4 6 12 24 26 50 51 101 202 404 808 859 b
1 2 4 6 12 24 26 52 104 208 416 417 442 859 a
1 2 4 6 12 24 26 52 104 208 416 417 443 859 b
1 2 4 6 12 24 26 52 104 208 416 417 833 859 b
1 2 4 6 12 24 26 52 104 208 416 442 443 859 b
1 2 4 6 12 24 26 52 104 208 416 442 858 859 b
1 2 4 6 12 24 26 52 104 208 416 832 833 859 b
1 2 4 6 12 24 26 52 104 208 416 832 858 859 b
1 2 4 6 12 24 48 50 51 101 202 404 455 859 b
1 2 4 6 12 24 48 50 51 101 202 404 808 859 b
1 2 4 8 9 11 22 31 53 106 212 424 435 859 b
1 2 4 8 9 11 22 31 53 106 212 424 848 859 b
1 2 4 8 9 11 22 44 53 106 212 424 435 859 b
1 2 4 8 9 11 22 44 53 106 212 424 848 859 b
1 2 4 8 9 13 26 27 52 104 208 416 443 859 a
1 2 4 8 9 13 26 27 52 104 208 416 832 859 a
1 2 4 8 9 13 26 52 104 113 217 321 538 859 b
1 2 4 8 9 13 26 52 104 113 217 321 642 859 b
1 2 4 8 9 13 26 52 104 208 217 321 538 859 b
1 2 4 8 9 13 26 52 104 208 217 321 642 859 b
1 2 4 8 9 13 26 52 104 208 217 425 434 859 b
1 2 4 8 9 13 26 52 104 208 217 425 642 859 b
1 2 4 8 9 13 26 52 104 208 217 425 850 859 b
1 2 4 8 9 13 26 52 104 208 217 434 642 859 b
1 2 4 8 9 13 26 52 104 208 217 434 651 859 b
1 2 4 8 9 13 26 52 104 208 221 429 430 859 b
1 2 4 8 9 13 26 52 104 208 221 429 858 859 b
1 2 4 8 9 13 26 52 104 208 416 417 442 859 a
1 2 4 8 9 13 26 52 104 208 416 417 443 859 b
1 2 4 8 9 13 26 52 104 208 416 417 833 859 b
1 2 4 8 9 13 26 52 104 208 416 425 434 859 b
1 2 4 8 9 13 26 52 104 208 416 425 850 859 b
1 2 4 8 9 13 26 52 104 208 416 429 430 859 b
1 2 4 8 9 13 26 52 104 208 416 429 858 859 b
1 2 4 8 9 13 26 52 104 208 416 442 443 859 b
1 2 4 8 9 13 26 52 104 208 416 442 858 859 b
1 2 4 8 9 13 26 52 104 208 416 832 833 859 b
1 2 4 8 9 13 26 52 104 208 416 832 858 859 b
1 2 4 8 9 16 25 27 52 104 208 416 443 859 a
1 2 4 8 9 16 25 27 52 104 208 416 832 859 a
1 2 4 8 9 16 25 50 51 101 202 404 455 859 a
1 2 4 8 9 16 25 50 51 101 202 404 808 859 a
1 2 4 8 9 16 25 50 59 100 200 400 459 859 a
1 2 4 8 9 16 25 50 59 100 200 400 800 859 a
1 2 4 8 9 16 25 50 100 200 225 425 434 859 a
1 2 4 8 9 16 25 50 100 200 225 425 850 859 a
1 2 4 8 9 16 25 50 100 200 400 409 450 859 a
1 2 4 8 9 16 25 50 100 200 400 409 459 859 a
1 2 4 8 9 16 25 50 100 200 400 409 809 859 a
1 2 4 8 9 16 25 50 100 200 400 425 434 859 a
1 2 4 8 9 16 25 50 100 200 400 425 850 859 a
1 2 4 8 9 16 25 50 100 200 400 450 459 859 a
1 2 4 8 9 16 25 50 100 200 400 450 850 859 a
1 2 4 8 9 16 25 50 100 200 400 800 809 859 a
1 2 4 8 9 16 25 50 100 200 400 800 850 859 a
1 2 4 8 9 16 32 64 73 128 201 329 530 859 a
1 2 4 8 9 16 32 64 73 128 201 329 658 859 a
1 2 4 8 9 16 32 64 128 137 201 329 530 859 a
1 2 4 8 9 16 32 64 128 137 201 329 658 859 a
1 2 4 8 9 16 32 64 128 137 265 297 562 859 a
1 2 4 8 9 16 32 64 128 137 265 297 594 859 a
1 2 4 8 9 16 32 64 128 137 265 329 530 859 a
1 2 4 8 9 16 32 64 128 137 265 329 594 859 a
1 2 4 8 9 16 32 64 128 137 265 530 594 859 a
1 2 4 8 9 16 32 64 128 137 265 530 795 859 a
1 2 4 8 9 16 32 64 128 192 201 329 530 859 a
1 2 4 8 9 16 32 64 128 192 201 329 658 859 a
1 2 4 8 9 16 32 64 128 256 265 297 562 859 a
1 2 4 8 9 16 32 64 128 256 265 297 594 859 a
1 2 4 8 9 16 32 64 128 256 265 329 530 859 a
1 2 4 8 9 16 32 64 128 256 265 329 594 859 a
1 2 4 8 9 16 32 64 128 256 265 530 594 859 a
1 2 4 8 9 16 32 64 128 256 265 530 795 859 a
1 2 4 8 9 17 25 27 52 104 208 416 443 859 b
1 2 4 8 9 17 25 27 52 104 208 416 832 859 b
1 2 4 8 9 17 25 50 51 101 202 404 455 859 b
1 2 4 8 9 17 25 50 51 101 202 404 808 859 b
1 2 4 8 9 17 25 50 59 100 200 400 459 859 a
1 2 4 8 9 17 25 50 59 100 200 400 800 859 a
1 2 4 8 9 17 25 50 100 200 217 417 442 859 b
1 2 4 8 9 17 25 50 100 200 217 417 834 859 b
1 2 4 8 9 17 25 50 100 200 225 425 434 859 b
1 2 4 8 9 17 25 50 100 200 225 425 850 859 b
1 2 4 8 9 17 25 50 100 200 400 409 450 859 a
1 2 4 8 9 17 25 50 100 200 400 409 459 859 b
1 2 4 8 9 17 25 50 100 200 400 409 809 859 b
1 2 4 8 9 17 25 50 100 200 400 417 442 859 b
1 2 4 8 9 17 25 50 100 200 400 417 834 859 b
1 2 4 8 9 17 25 50 100 200 400 425 434 859 b
1 2 4 8 9 17 25 50 100 200 400 425 850 859 b
1 2 4 8 9 17 25 50 100 200 400 450 459 859 b
1 2 4 8 9 17 25 50 100 200 400 450 850 859 b
1 2 4 8 9 17 25 50 100 200 400 800 809 859 b
1 2 4 8 9 17 25 50 100 200 400 800 850 859 b
1 2 4 8 9 17 26 27 52 104 208 416 443 859 a
1 2 4 8 9 17 26 27 52 104 208 416 832 859 a
1 2 4 8 9 17 26 43 51 102 204 408 451 859 b
1 2 4 8 9 17 26 43 51 102 204 408 816 859 b
1 2 4 8 9 17 26 43 86 103 189 378 481 859 b
1 2 4 8 9 17 26 43 86 103 189 378 756 859 b
1 2 4 8 9 17 26 52 104 113 217 321 538 859 b
1 2 4 8 9 17 26 52 104 113 217 321 642 859 b
1 2 4 8 9 17 26 52 104 208 217 321 538 859 b
1 2 4 8 9 17 26 52 104 208 217 321 642 859 b
1 2 4 8 9 17 26 52 104 208 217 425 434 859 b
1 2 4 8 9 17 26 52 104 208 217 425 642 859 b
1 2 4 8 9 17 26 52 104 208 217 425 850 859 b
1 2 4 8 9 17 26 52 104 208 217 434 642 859 b
1 2 4 8 9 17 26 52 104 208 217 434 651 859 b
1 2 4 8 9 17 26 52 104 208 416 417 442 859 a
1 2 4 8 9 17 26 52 104 208 416 417 443 859 b
1 2 4 8 9 17 26 52 104 208 416 417 833 859 b
1 2 4 8 9 17 26 52 104 208 416 425 434 859 b
1 2 4 8 9 17 26 52 104 208 416 425 850 859 b
1 2 4 8 9 17 26 52 104 208 416 442 443 859 b
1 2 4 8 9 17 26 52 104 208 416 442 858 859 b
1 2 4 8 9 17 26 52 104 208 416 832 833 859 b
1 2 4 8 9 17 26 52 104 208 416 832 858 859 b
1 2 4 8 9 17 34 35 68 103 206 412 447 859 a
1 2 4 8 9 17 34 35 68 103 206 412 824 859 a
1 2 4 8 9 17 34 35 69 103 206 412 447 859 b
1 2 4 8 9 17 34 35 69 103 206 412 824 859 b
1 2 4 8 9 17 34 43 51 102 204 408 451 859 b
1 2 4 8 9 17 34 43 51 102 204 408 816 859 b
1 2 4 8 9 17 34 43 68 102 204 408 451 859 a
1 2 4 8 9 17 34 43 68 102 204 408 816 859 a
1 2 4 8 9 17 34 43 68 136 204 408 451 859 a
1 2 4 8 9 17 34 43 68 136 204 408 816 859 a
1 2 4 8 9 17 34 43 68 136 272 315 544 859 a
1 2 4 8 9 17 34 43 68 136 272 315 587 859 a
1 2 4 8 9 17 34 43 68 136 272 408 451 859 a
1 2 4 8 9 17 34 43 68 136 272 408 816 859 a
1 2 4 8 9 17 34 43 68 136 272 544 587 859 a
1 2 4 8 9 17 34 43 68 136 272 544 816 859 a
1 2 4 8 9 17 34 43 86 103 189 378 481 859 b
1 2 4 8 9 17 34 43 86 103 189 378 756 859 b
1 2 4 8 9 17 34 51 85 170 179 340 519 859 a
1 2 4 8 9 17 34 51 85 170 179 340 680 859 a
1 2 4 8 9 17 34 51 85 170 255 425 434 859 b
1 2 4 8 9 17 34 51 85 170 255 425 850 859 b
1 2 4 8 9 17 34 51 85 170 340 349 510 859 a
1 2 4 8 9 17 34 51 85 170 340 349 519 859 b
1 2 4 8 9 17 34 51 85 170 340 349 689 859 b
1 2 4 8 9 17 34 51 85 170 340 425 434 859 b
1 2 4 8 9 17 34 51 85 170 340 425 850 859 b
1 2 4 8 9 17 34 51 85 170 340 510 519 859 b
1 2 4 8 9 17 34 51 85 170 340 510 850 859 b
1 2 4 8 9 17 34 51 85 170 340 680 689 859 b
1 2 4 8 9 17 34 51 85 170 340 680 850 859 b
1 2 4 8 9 17 34 51 102 204 221 425 434 859 b
1 2 4 8 9 17 34 51 102 204 221 425 850 859 b
1 2 4 8 9 17 34 51 102 204 408 417 442 859 a
1 2 4 8 9 17 34 51 102 204 408 417 451 859 b
1 2 4 8 9 17 34 51 102 204 408 417 825 859 b
1 2 4 8 9 17 34 51 102 204 408 425 434 859 b
1 2 4 8 9 17 34 51 102 204 408 425 850 859 b
1 2 4 8 9 17 34 51 102 204 408 442 451 859 b
1 2 4 8 9 17 34 51 102 204 408 442 850 859 b
1 2 4 8 9 17 34 51 102 204 408 816 825 859 b
1 2 4 8 9 17 34 51 102 204 408 816 850 859 b
1 2 4 8 9 17 34 68 85 170 179 340 519 859 a
1 2 4 8 9 17 34 68 85 170 179 340 680 859 a
1 2 4 8 9 17 34 68 85 170 255 425 434 859 b
1 2 4 8 9 17 34 68 85 170 255 425 850 859 b
1 2 4 8 9 17 34 68 85 170 340 349 510 859 a
1 2 4 8 9 17 34 68 85 170 340 349 519 859 b
1 2 4 8 9 17 34 68 85 170 340 349 689 859 b
1 2 4 8 9 17 34 68 85 170 340 425 434 859 b
1 2 4 8 9 17 34 68 85 170 340 425 850 859 b
1 2 4 8 9 17 34 68 85 170 340 510 519 859 b
1 2 4 8 9 17 34 68 85 170 340 510 850 859 b
1 2 4 8 9 17 34 68 85 170 340 680 689 859 b
1 2 4 8 9 17 34 68 85 170 340 680 850 859 b
1 2 4 8 9 17 34 68 102 170 179 340 519 859 a
1 2 4 8 9 17 34 68 102 170 179 340 680 859 a
1 2 4 8 9 17 34 68 102 170 340 349 510 859 a
1 2 4 8 9 17 34 68 102 170 340 349 519 859 b
1 2 4 8 9 17 34 68 102 170 340 349 689 859 b
1 2 4 8 9 17 34 68 102 170 340 510 519 859 b
1 2 4 8 9 17 34 68 102 170 340 510 850 859 b
1 2 4 8 9 17 34 68 102 170 340 680 689 859 b
1 2 4 8 9 17 34 68 102 170 340 680 850 859 b
1 2 4 8 9 17 34 68 102 204 221 425 434 859 b
1 2 4 8 9 17 34 68 102 204 221 425 850 859 b
1 2 4 8 9 17 34 68 102 204 408 417 442 859 a
1 2 4 8 9 17 34 68 102 204 408 417 451 859 b
1 2 4 8 9 17 34 68 102 204 408 417 825 859 b
1 2 4 8 9 17 34 68 102 204 408 425 434 859 b
1 2 4 8 9 17 34 68 102 204 408 425 850 859 b
1 2 4 8 9 17 34 68 102 204 408 442 451 859 b
1 2 4 8 9 17 34 68 102 204 408 442 850 859 b
1 2 4 8 9 17 34 68 102 204 408 816 825 859 b
1 2 4 8 9 17 34 68 102 204 408 816 850 859 b
1 2 4 8 9 17 34 68 136 145 281 289 570 859 b
1 2 4 8 9 17 34 68 136 145 281 289 578 859 b
1 2 4 8 9 17 34 68 136 153 272 425 434 859 a
1 2 4 8 9 17 34 68 136 153 272 425 850 859 a
1 2 4 8 9 17 34 68 136 153 289 425 434 859 b
1 2 4 8 9 17 34 68 136 153 289 425 850 859 b
1 2 4 8 9 17 34 68 136 170 179 340 519 859 a
1 2 4 8 9 17 34 68 136 170 179 340 680 859 a
1 2 4 8 9 17 34 68 136 170 340 349 510 859 a
1 2 4 8 9 17 34 68 136 170 340 349 519 859 b
1 2 4 8 9 17 34 68 136 170 340 349 689 859 b
1 2 4 8 9 17 34 68 136 170 340 510 519 859 b
1 2 4 8 9 17 34 68 136 170 340 510 850 859 b
1 2 4 8 9 17 34 68 136 170 340 680 689 859 b
1 2 4 8 9 17 34 68 136 170 340 680 850 859 b
1 2 4 8 9 17 34 68 136 204 221 425 434 859 b
1 2 4 8 9 17 34 68 136 204 221 425 850 859 b
1 2 4 8 9 17 34 68 136 204 408 417 442 859 a
1 2 4 8 9 17 34 68 136 204 408 417 451 859 b
1 2 4 8 9 17 34 68 136 204 408 417 825 859 b
1 2 4 8 9 17 34 68 136 204 408 425 434 859 b
1 2 4 8 9 17 34 68 136 204 408 425 850 859 b
1 2 4 8 9 17 34 68 136 204 408 442 451 859 b
1 2 4 8 9 17 34 68 136 204 408 442 850 859 b
1 2 4 8 9 17 34 68 136 204 408 816 825 859 b
1 2 4 8 9 17 34 68 136 204 408 816 850 859 b
1 2 4 8 9 17 34 68 136 272 281 289 570 859 b
1 2 4 8 9 17 34 68 136 272 281 289 578 859 b
1 2 4 8 9 17 34 68 136 272 281 306 553 859 a
1 2 4 8 9 17 34 68 136 272 281 306 578 859 a
1 2 4 8 9 17 34 68 136 272 281 306 587 859 a
1 2 4 8 9 17 34 68 136 272 281 315 544 859 a
1 2 4 8 9 17 34 68 136 272 281 315 587 859 b
1 2 4 8 9 17 34 68 136 272 281 544 578 859 a
1 2 4 8 9 17 34 68 136 272 281 544 825 859 a
1 2 4 8 9 17 34 68 136 272 281 553 587 859 b
1 2 4 8 9 17 34 68 136 272 281 553 825 859 b
1 2 4 8 9 17 34 68 136 272 289 298 561 859 a
1 2 4 8 9 17 34 68 136 272 289 298 570 859 b
1 2 4 8 9 17 34 68 136 272 289 298 587 859 b
1 2 4 8 9 17 34 68 136 272 289 425 434 859 b
1 2 4 8 9 17 34 68 136 272 289 425 850 859 b
1 2 4 8 9 17 34 68 136 272 289 561 570 859 b
1 2 4 8 9 17 34 68 136 272 289 561 850 859 b
1 2 4 8 9 17 34 68 136 272 289 578 587 859 b
1 2 4 8 9 17 34 68 136 272 289 578 850 859 b
1 2 4 8 9 17 34 68 136 272 306 315 544 859 a
1 2 4 8 9 17 34 68 136 272 306 315 587 859 b
1 2 4 8 9 17 34 68 136 272 306 544 553 859 a
1 2 4 8 9 17 34 68 136 272 306 544 850 859 a
1 2 4 8 9 17 34 68 136 272 306 578 587 859 b
1 2 4 8 9 17 34 68 136 272 306 578 850 859 b
1 2 4 8 9 17 34 68 136 272 408 417 442 859 a
1 2 4 8 9 17 34 68 136 272 408 417 451 859 b
1 2 4 8 9 17 34 68 136 272 408 417 825 859 b
1 2 4 8 9 17 34 68 136 272 408 425 434 859 b
1 2 4 8 9 17 34 68 136 272 408 425 850 859 b
1 2 4 8 9 17 34 68 136 272 408 442 451 859 b
1 2 4 8 9 17 34 68 136 272 408 442 850 859 b
1 2 4 8 9 17 34 68 136 272 408 816 825 859 b
1 2 4 8 9 17 34 68 136 272 408 816 850 859 b
1 2 4 8 9 17 34 68 136 272 544 553 587 859 b
1 2 4 8 9 17 34 68 136 272 544 553 825 859 b
1 2 4 8 9 17 34 68 136 272 544 578 587 859 b
1 2 4 8 9 17 34 68 136 272 544 578 850 859 b
1 2 4 8 9 17 34 68 136 272 544 816 825 859 b
1 2 4 8 9 17 34 68 136 272 544 816 850 859 b
1 2 4 8 9 18 26 27 52 104 208 416 443 859 a
1 2 4 8 9 18 26 27 52 104 208 416 832 859 a
1 2 4 8 9 18 26 52 104 113 217 321 538 859 b
1 2 4 8 9 18 26 52 104 113 217 321 642 859 b
1 2 4 8 9 18 26 52 104 208 217 321 538 859 b
1 2 4 8 9 18 26 52 104 208 217 321 642 859 b
1 2 4 8 9 18 26 52 104 208 217 425 434 859 b
1 2 4 8 9 18 26 52 104 208 217 425 642 859 b
1 2 4 8 9 18 26 52 104 208 217 425 850 859 b
1 2 4 8 9 18 26 52 104 208 217 434 642 859 b
1 2 4 8 9 18 26 52 104 208 217 434 651 859 b
1 2 4 8 9 18 26 52 104 208 416 417 442 859 a
1 2 4 8 9 18 26 52 104 208 416 417 443 859 b
1 2 4 8 9 18 26 52 104 208 416 417 833 859 b
1 2 4 8 9 18 26 52 104 208 416 425 434 859 b
1 2 4 8 9 18 26 52 104 208 416 425 443 859 b
1 2 4 8 9 18 26 52 104 208 416 425 841 859 b
1 2 4 8 9 18 26 52 104 208 416 425 850 859 b
1 2 4 8 9 18 26 52 104 208 416 434 443 859 b
1 2 4 8 9 18 26 52 104 208 416 434 850 859 b
1 2 4 8 9 18 26 52 104 208 416 442 443 859 b
1 2 4 8 9 18 26 52 104 208 416 442 858 859 b
1 2 4 8 9 18 26 52 104 208 416 832 833 859 b
1 2 4 8 9 18 26 52 104 208 416 832 841 859 b
1 2 4 8 9 18 26 52 104 208 416 832 850 859 b
1 2 4 8 9 18 26 52 104 208 416 832 858 859 b
1 2 4 8 10 11 21 32 53 106 212 424 435 859 b
1 2 4 8 10 11 21 32 53 106 212 424 848 859 b
1 2 4 8 10 11 21 42 53 106 212 424 435 859 b
1 2 4 8 10 11 21 42 53 106 212 424 848 859 b
1 2 4 8 10 16 26 27 52 104 208 416 443 859 a
1 2 4 8 10 16 26 27 52 104 208 416 832 859 a
1 2 4 8 10 16 26 52 104 208 416 417 442 859 a
1 2 4 8 10 16 26 52 104 208 416 417 443 859 a
1 2 4 8 10 16 26 52 104 208 416 417 833 859 a
1 2 4 8 10 16 26 52 104 208 416 442 443 859 a
1 2 4 8 10 16 26 52 104 208 416 442 858 859 a
1 2 4 8 10 16 26 52 104 208 416 832 833 859 a
1 2 4 8 10 16 26 52 104 208 416 832 858 859 a
1 2 4 8 10 18 26 27 52 104 208 416 443 859 a
1 2 4 8 10 18 26 27 52 104 208 416 832 859 a
1 2 4 8 10 18 26 52 104 208 416 417 442 859 a
1 2 4 8 10 18 26 52 104 208 416 417 443 859 b
1 2 4 8 10 18 26 52 104 208 416 417 833 859 b
1 2 4 8 10 18 26 52 104 208 416 442 443 859 b
1 2 4 8 10 18 26 52 104 208 416 442 858 859 b
1 2 4 8 10 18 26 52 104 208 416 832 833 859 b
1 2 4 8 10 18 26 52 104 208 416 832 858 859 b
1 2 4 8 10 20 30 50 51 101 202 404 455 859 b
1 2 4 8 10 20 30 50 51 101 202 404 808 859 b
1 2 4 8 10 20 40 50 51 101 202 404 455 859 b
1 2 4 8 10 20 40 50 51 101 202 404 808 859 b
1 2 4 8 12 13 25 27 52 104 208 416 443 859 b
1 2 4 8 12 13 25 27 52 104 208 416 832 859 b
1 2 4 8 12 13 25 50 51 101 202 404 455 859 b
1 2 4 8 12 13 25 50 51 101 202 404 808 859 b
1 2 4 8 12 13 26 27 52 104 208 416 443 859 a
1 2 4 8 12 13 26 27 52 104 208 416 832 859 a
1 2 4 8 12 13 26 52 104 208 221 429 430 859 b
1 2 4 8 12 13 26 52 104 208 221 429 858 859 b
1 2 4 8 12 13 26 52 104 208 416 417 442 859 a
1 2 4 8 12 13 26 52 104 208 416 417 443 859 b
1 2 4 8 12 13 26 52 104 208 416 417 833 859 b
1 2 4 8 12 13 26 52 104 208 416 429 430 859 b
1 2 4 8 12 13 26 52 104 208 416 429 858 859 b
1 2 4 8 12 13 26 52 104 208 416 442 443 859 b
1 2 4 8 12 13 26 52 104 208 416 442 858 859 b
1 2 4 8 12 13 26 52 104 208 416 832 833 859 b
1 2 4 8 12 13 26 52 104 208 416 832 858 859 b
1 2 4 8 12 14 26 27 52 104 208 416 443 859 a
1 2 4 8 12 14 26 27 52 104 208 416 832 859 a
1 2 4 8 12 14 26 52 104 208 416 417 442 859 a
1 2 4 8 12 14 26 52 104 208 416 417 443 859 b
1 2 4 8 12 14 26 52 104 208 416 417 833 859 b
1 2 4 8 12 14 26 52 104 208 416 442 443 859 b
1 2 4 8 12 14 26 52 104 208 416 442 858 859 b
1 2 4 8 12 14 26 52 104 208 416 832 833 859 b
1 2 4 8 12 14 26 52 104 208 416 832 858 859 b
1 2 4 8 12 24 25 27 52 104 208 416 443 859 b
1 2 4 8 12 24 25 27 52 104 208 416 832 859 b
1 2 4 8 12 24 25 49 98 123 221 319 540 859 b
1 2 4 8 12 24 25 49 98 123 221 319 638 859 b
1 2 4 8 12 24 25 49 98 196 221 319 540 859 b
1 2 4 8 12 24 25 49 98 196 221 319 638 859 b
1 2 4 8 12 24 25 49 98 196 221 417 442 859 b
1 2 4 8 12 24 25 49 98 196 221 417 638 859 b
1 2 4 8 12 24 25 49 98 196 221 417 834 859 b
1 2 4 8 12 24 25 49 98 196 221 442 638 859 b
1 2 4 8 12 24 25 49 98 196 221 442 663 859 b
1 2 4 8 12 24 25 49 98 196 392 417 442 859 b
1 2 4 8 12 24 25 49 98 196 392 417 834 859 b
1 2 4 8 12 24 25 50 51 101 202 404 455 859 b
1 2 4 8 12 24 25 50 51 101 202 404 808 859 b
1 2 4 8 12 24 26 27 52 104 208 416 443 859 a
1 2 4 8 12 24 26 27 52 104 208 416 832 859 a
1 2 4 8 12 24 26 50 51 101 202 404 455 859 b
1 2 4 8 12 24 26 50 51 101 202 404 808 859 b
1 2 4 8 12 24 26 52 104 208 416 417 442 859 a
1 2 4 8 12 24 26 52 104 208 416 417 443 859 b
1 2 4 8 12 24 26 52 104 208 416 417 833 859 b
1 2 4 8 12 24 26 52 104 208 416 442 443 859 b
1 2 4 8 12 24 26 52 104 208 416 442 858 859 b
1 2 4 8 12 24 26 52 104 208 416 832 833 859 b
1 2 4 8 12 24 26 52 104 208 416 832 858 859 b
1 2 4 8 12 24 48 50 51 101 202 404 455 859 b
1 2 4 8 12 24 48 50 51 101 202 404 808 859 b
1 2 4 8 16 17 19 35 70 105 210 420 439 859 b
1 2 4 8 16 17 19 35 70 105 210 420 840 859 b
1 2 4 8 16 17 19 35 70 140 210 420 439 859 b
1 2 4 8 16 17 19 35 70 140 210 420 840 859 b
1 2 4 8 16 17 19 35 70 140 280 299 560 859 a
1 2 4 8 16 17 19 35 70 140 280 299 579 859 b
1 2 4 8 16 17 19 35 70 140 280 420 439 859 b
1 2 4 8 16 17 19 35 70 140 280 420 840 859 b
1 2 4 8 16 17 19 35 70 140 280 560 579 859 b
1 2 4 8 16 17 19 35 70 140 280 560 840 859 b
1 2 4 8 16 17 25 27 52 104 208 416 443 859 b
1 2 4 8 16 17 25 27 52 104 208 416 832 859 b
1 2 4 8 16 17 25 50 51 101 202 404 455 859 b
1 2 4 8 16 17 25 50 51 101 202 404 808 859 b
1 2 4 8 16 17 25 50 100 200 217 417 442 859 b
1 2 4 8 16 17 25 50 100 200 217 417 834 859 b
1 2 4 8 16 17 25 50 100 200 400 417 442 859 b
1 2 4 8 16 17 25 50 100 200 400 417 834 859 b
1 2 4 8 16 17 32 49 81 162 211 324 535 859 a
1 2 4 8 16 17 32 49 81 162 211 324 648 859 a
1 2 4 8 16 17 32 49 81 162 243 405 454 859 a
1 2 4 8 16 17 32 49 81 162 243 405 810 859 a
1 2 4 8 16 17 32 49 81 162 324 373 486 859 a
1 2 4 8 16 17 32 49 81 162 324 373 535 859 a
1 2 4 8 16 17 32 49 81 162 324 373 697 859 a
1 2 4 8 16 17 32 49 81 162 324 405 454 859 a
1 2 4 8 16 17 32 49 81 162 324 405 810 859 a
1 2 4 8 16 17 32 49 81 162 324 486 535 859 a
1 2 4 8 16 17 32 49 81 162 324 486 810 859 a
1 2 4 8 16 17 32 49 81 162 324 648 697 859 a
1 2 4 8 16 17 32 49 81 162 324 648 810 859 a
1 2 4 8 16 17 33 35 68 103 206 412 447 859 b
1 2 4 8 16 17 33 35 68 103 206 412 824 859 b
1 2 4 8 16 17 33 35 70 103 206 412 447 859 b
1 2 4 8 16 17 33 35 70 103 206 412 824 859 b
1 2 4 8 16 17 33 50 51 101 202 404 455 859 b
1 2 4 8 16 17 33 50 51 101 202 404 808 859 b
1 2 4 8 16 17 33 66 67 99 198 396 463 859 a
1 2 4 8 16 17 33 66 67 99 198 396 792 859 a
1 2 4 8 16 17 33 66 67 132 198 396 463 859 a
1 2 4 8 16 17 33 66 67 132 198 396 792 859 a
1 2 4 8 16 17 33 66 67 132 264 331 528 859 a
1 2 4 8 16 17 33 66 67 132 264 331 595 859 a
1 2 4 8 16 17 33 66 67 132 264 396 463 859 a
1 2 4 8 16 17 33 66 67 132 264 396 792 859 a
1 2 4 8 16 17 33 66 67 132 264 528 595 859 a
1 2 4 8 16 17 33 66 67 132 264 528 792 859 a
1 2 4 8 16 17 33 66 99 165 182 347 512 859 b
1 2 4 8 16 17 33 66 99 165 182 347 694 859 b
1 2 4 8 16 17 33 66 99 165 264 429 430 859 b
1 2 4 8 16 17 33 66 99 165 264 429 858 859 b
1 2 4 8 16 17 33 66 99 165 330 347 512 859 b
1 2 4 8 16 17 33 66 99 165 330 347 694 859 b
1 2 4 8 16 17 33 66 99 165 330 429 430 859 b
1 2 4 8 16 17 33 66 99 165 330 429 858 859 b
1 2 4 8 16 17 33 66 99 198 215 413 446 859 b
1 2 4 8 16 17 33 66 99 198 215 413 826 859 b
1 2 4 8 16 17 33 66 99 198 231 429 430 859 b
1 2 4 8 16 17 33 66 99 198 231 429 858 859 b
1 2 4 8 16 17 33 66 99 198 396 397 462 859 a
1 2 4 8 16 17 33 66 99 198 396 397 463 859 b
1 2 4 8 16 17 33 66 99 198 396 397 793 859 b
1 2 4 8 16 17 33 66 99 198 396 413 446 859 b
1 2 4 8 16 17 33 66 99 198 396 413 826 859 b
1 2 4 8 16 17 33 66 99 198 396 429 430 859 b
1 2 4 8 16 17 33 66 99 198 396 429 858 859 b
1 2 4 8 16 17 33 66 99 198 396 462 463 859 b
1 2 4 8 16 17 33 66 99 198 396 462 858 859 b
1 2 4 8 16 17 33 66 99 198 396 792 793 859 b
1 2 4 8 16 17 33 66 99 198 396 792 858 859 b
1 2 4 8 16 17 33 66 132 149 264 413 446 859 a
1 2 4 8 16 17 33 66 132 149 264 413 826 859 a
1 2 4 8 16 17 33 66 132 149 281 289 570 859 b
1 2 4 8 16 17 33 66 132 149 281 289 578 859 b
1 2 4 8 16 17 33 66 132 149 281 297 562 859 a
1 2 4 8 16 17 33 66 132 149 281 297 578 859 b
1 2 4 8 16 17 33 66 132 149 281 413 446 859 b
1 2 4 8 16 17 33 66 132 149 281 413 826 859 b
1 2 4 8 16 17 33 66 132 149 281 562 578 859 b
1 2 4 8 16 17 33 66 132 149 281 562 843 859 b
1 2 4 8 16 17 33 66 132 165 182 347 512 859 b
1 2 4 8 16 17 33 66 132 165 182 347 694 859 b
1 2 4 8 16 17 33 66 132 165 264 429 430 859 a
1 2 4 8 16 17 33 66 132 165 264 429 858 859 a
1 2 4 8 16 17 33 66 132 165 297 429 430 859 b
1 2 4 8 16 17 33 66 132 165 297 429 858 859 b
1 2 4 8 16 17 33 66 132 165 330 347 512 859 b
1 2 4 8 16 17 33 66 132 165 330 347 694 859 b
1 2 4 8 16 17 33 66 132 198 199 330 529 859 a
1 2 4 8 16 17 33 66 132 198 199 330 660 859 a
1 2 4 8 16 17 33 66 132 198 215 413 446 859 b
1 2 4 8 16 17 33 66 132 198 215 413 826 859 b
1 2 4 8 16 17 33 66 132 198 231 429 430 859 b
1 2 4 8 16 17 33 66 132 198 231 429 858 859 b
1 2 4 8 16 17 33 66 132 198 330 331 528 859 a
1 2 4 8 16 17 33 66 132 198 330 331 529 859 b
1 2 4 8 16 17 33 66 132 198 330 331 661 859 b
1 2 4 8 16 17 33 66 132 198 330 528 529 859 b
1 2 4 8 16 17 33 66 132 198 330 528 858 859 b
1 2 4 8 16 17 33 66 132 198 330 660 661 859 b
1 2 4 8 16 17 33 66 132 198 330 660 858 859 b
1 2 4 8 16 17 33 66 132 198 396 397 462 859 a
1 2 4 8 16 17 33 66 132 198 396 397 463 859 b
1 2 4 8 16 17 33 66 132 198 396 397 793 859 b
1 2 4 8 16 17 33 66 132 198 396 413 446 859 b
1 2 4 8 16 17 33 66 132 198 396 413 826 859 b
1 2 4 8 16 17 33 66 132 198 396 429 430 859 b
1 2 4 8 16 17 33 66 132 198 396 429 858 859 b
1 2 4 8 16 17 33 66 132 198 396 462 463 859 b
1 2 4 8 16 17 33 66 132 198 396 462 858 859 b
1 2 4 8 16 17 33 66 132 198 396 792 793 859 b
1 2 4 8 16 17 33 66 132 198 396 792 858 859 b
1 2 4 8 16 17 33 66 132 264 265 297 562 859 a
1 2 4 8 16 17 33 66 132 264 265 297 594 859 a
1 2 4 8 16 17 33 66 132 264 265 330 529 859 a
1 2 4 8 16 17 33 66 132 264 265 330 594 859 a
1 2 4 8 16 17 33 66 132 264 265 330 595 859 a
1 2 4 8 16 17 33 66 132 264 265 331 528 859 a
1 2 4 8 16 17 33 66 132 264 265 331 595 859 b
1 2 4 8 16 17 33 66 132 264 265 528 594 859 a
1 2 4 8 16 17 33 66 132 264 265 528 793 859 a
1 2 4 8 16 17 33 66 132 264 265 529 595 859 b
1 2 4 8 16 17 33 66 132 264 265 529 793 859 b
1 2 4 8 16 17 33 66 132 264 281 289 570 859 b
1 2 4 8 16 17 33 66 132 264 281 289 578 859 b
1 2 4 8 16 17 33 66 132 264 281 297 562 859 a
1 2 4 8 16 17 33 66 132 264 281 297 578 859 b
1 2 4 8 16 17 33 66 132 264 281 314 545 859 a
1 2 4 8 16 17 33 66 132 264 281 314 578 859 b
1 2 4 8 16 17 33 66 132 264 281 314 595 859 b
1 2 4 8 16 17 33 66 132 264 281 413 446 859 b
1 2 4 8 16 17 33 66 132 264 281 413 826 859 b
1 2 4 8 16 17 33 66 132 264 281 545 578 859 b
1 2 4 8 16 17 33 66 132 264 281 545 826 859 b
1 2 4 8 16 17 33 66 132 264 281 562 578 859 b
1 2 4 8 16 17 33 66 132 264 281 562 595 859 b
1 2 4 8 16 17 33 66 132 264 281 562 826 859 b
1 2 4 8 16 17 33 66 132 264 281 562 843 859 b
1 2 4 8 16 17 33 66 132 264 297 298 561 859 a
1 2 4 8 16 17 33 66 132 264 297 298 562 859 b
1 2 4 8 16 17 33 66 132 264 297 298 595 859 b
1 2 4 8 16 17 33 66 132 264 297 429 430 859 b
1 2 4 8 16 17 33 66 132 264 297 429 858 859 b
1 2 4 8 16 17 33 66 132 264 297 561 562 859 b
1 2 4 8 16 17 33 66 132 264 297 561 858 859 b
1 2 4 8 16 17 33 66 132 264 297 594 595 859 b
1 2 4 8 16 17 33 66 132 264 297 594 858 859 b
1 2 4 8 16 17 33 66 132 264 330 331 528 859 a
1 2 4 8 16 17 33 66 132 264 330 331 595 859 b
1 2 4 8 16 17 33 66 132 264 330 528 529 859 a
1 2 4 8 16 17 33 66 132 264 330 528 858 859 a
1 2 4 8 16 17 33 66 132 264 330 594 595 859 b
1 2 4 8 16 17 33 66 132 264 330 594 858 859 b
1 2 4 8 16 17 33 66 132 264 396 397 462 859 a
1 2 4 8 16 17 33 66 132 264 396 397 463 859 b
1 2 4 8 16 17 33 66 132 264 396 397 793 859 b
1 2 4 8 16 17 33 66 132 264 396 413 446 859 b
1 2 4 8 16 17 33 66 132 264 396 413 826 859 b
1 2 4 8 16 17 33 66 132 264 396 429 430 859 b
1 2 4 8 16 17 33 66 132 264 396 429 858 859 b
1 2 4 8 16 17 33 66 132 264 396 462 463 859 b
1 2 4 8 16 17 33 66 132 264 396 462 858 859 b
1 2 4 8 16 17 33 66 132 264 396 792 793 859 b
1 2 4 8 16 17 33 66 132 264 396 792 858 859 b
1 2 4 8 16 17 33 66 132 264 528 529 595 859 b
1 2 4 8 16 17 33 66 132 264 528 529 793 859 b
1 2 4 8 16 17 33 66 132 264 528 594 595 859 b
1 2 4 8 16 17 33 66 132 264 528 594 858 859 b
1 2 4 8 16 17 33 66 132 264 528 792 793 859 b
1 2 4 8 16 17 33 66 132 264 528 792 858 859 b
1 2 4 8 16 17 34 35 68 103 206 412 447 859 a
1 2 4 8 16 17 34 35 68 103 206 412 824 859 a
1 2 4 8 16 17 34 35 69 103 206 412 447 859 b
1 2 4 8 16 17 34 35 69 103 206 412 824 859 b
1 2 4 8 16 17 34 50 51 101 202 404 455 859 b
1 2 4 8 16 17 34 50 51 101 202 404 808 859 b
1 2 4 8 16 17 34 51 67 101 202 404 455 859 b
1 2 4 8 16 17 34 51 67 101 202 404 808 859 b
1 2 4 8 16 17 34 51 85 101 202 404 455 859 b
1 2 4 8 16 17 34 51 85 101 202 404 808 859 b
1 2 4 8 16 18 19 35 70 105 210 420 439 859 b
1 2 4 8 16 18 19 35 70 105 210 420 840 859 b
1 2 4 8 16 18 19 35 70 140 210 420 439 859 b
1 2 4 8 16 18 19 35 70 140 210 420 840 859 b
1 2 4 8 16 18 19 35 70 140 280 299 560 859 a
1 2 4 8 16 18 19 35 70 140 280 299 579 859 b
1 2 4 8 16 18 19 35 70 140 280 420 439 859 b
1 2 4 8 16 18 19 35 70 140 280 420 840 859 b
1 2 4 8 16 18 19 35 70 140 280 560 579 859 b
1 2 4 8 16 18 19 35 70 140 280 560 840 859 b
1 2 4 8 16 18 26 27 52 104 208 416 443 859 a
1 2 4 8 16 18 26 27 52 104 208 416 832 859 a
1 2 4 8 16 18 26 52 104 208 416 417 442 859 a
1 2 4 8 16 18 26 52 104 208 416 417 443 859 b
1 2 4 8 16 18 26 52 104 208 416 417 833 859 b
1 2 4 8 16 18 26 52 104 208 416 442 443 859 b
1 2 4 8 16 18 26 52 104 208 416 442 858 859 b
1 2 4 8 16 18 26 52 104 208 416 832 833 859 b
1 2 4 8 16 18 26 52 104 208 416 832 858 859 b
1 2 4 8 16 18 32 50 51 101 202 404 455 859 a
1 2 4 8 16 18 32 50 51 101 202 404 808 859 a
1 2 4 8 16 18 34 35 68 103 206 412 447 859 a
1 2 4 8 16 18 34 35 68 103 206 412 824 859 a
1 2 4 8 16 18 34 35 69 103 206 412 447 859 b
1 2 4 8 16 18 34 35 69 103 206 412 824 859 b
1 2 4 8 16 18 34 50 51 101 202 404 455 859 b
1 2 4 8 16 18 34 50 51 101 202 404 808 859 b
1 2 4 8 16 24 25 27 52 104 208 416 443 859 b
1 2 4 8 16 24 25 27 52 104 208 416 832 859 b
1 2 4 8 16 24 25 49 98 123 221 319 540 859 b
1 2 4 8 16 24 25 49 98 123 221 319 638 859 b
1 2 4 8 16 24 25 49 98 196 221 319 540 859 b
1 2 4 8 16 24 25 49 98 196 221 319 638 859 b
1 2 4 8 16 24 25 49 98 196 221 417 442 859 b
1 2 4 8 16 24 25 49 98 196 221 417 638 859 b
1 2 4 8 16 24 25 49 98 196 221 417 834 859 b
1 2 4 8 16 24 25 49 98 196 221 442 638 859 b
1 2 4 8 16 24 25 49 98 196 221 442 663 859 b
1 2 4 8 16 24 25 49 98 196 392 417 442 859 b
1 2 4 8 16 24 25 49 98 196 392 417 834 859 b
1 2 4 8 16 24 25 50 51 101 202 404 455 859 b
1 2 4 8 16 24 25 50 51 101 202 404 808 859 b
1 2 4 8 16 24 26 27 52 104 208 416 443 859 a
1 2 4 8 16 24 26 27 52 104 208 416 832 859 a
1 2 4 8 16 24 26 50 51 101 202 404 455 859 b
1 2 4 8 16 24 26 50 51 101 202 404 808 859 b
1 2 4 8 16 24 26 52 104 208 416 417 442 859 a
1 2 4 8 16 24 26 52 104 208 416 417 443 859 b
1 2 4 8 16 24 26 52 104 208 416 417 833 859 b
1 2 4 8 16 24 26 52 104 208 416 442 443 859 b
1 2 4 8 16 24 26 52 104 208 416 442 858 859 b
1 2 4 8 16 24 26 52 104 208 416 832 833 859 b
1 2 4 8 16 24 26 52 104 208 416 832 858 859 b
1 2 4 8 16 24 48 50 51 101 202 404 455 859 b
1 2 4 8 16 24 48 50 51 101 202 404 808 859 b
1 2 4 8 16 32 33 34 67 99 198 396 463 859 b
1 2 4 8 16 32 33 34 67 99 198 396 792 859 b
1 2 4 8 16 32 33 35 67 99 198 396 463 859 b
1 2 4 8 16 32 33 35 67 99 198 396 792 859 b
1 2 4 8 16 32 33 35 68 103 206 412 447 859 b
1 2 4 8 16 32 33 35 68 103 206 412 824 859 b
1 2 4 8 16 32 33 35 70 103 206 412 447 859 b
1 2 4 8 16 32 33 35 70 103 206 412 824 859 b
1 2 4 8 16 32 33 49 81 162 211 324 535 859 a
1 2 4 8 16 32 33 49 81 162 211 324 648 859 a
1 2 4 8 16 32 33 49 81 162 243 405 454 859 b
1 2 4 8 16 32 33 49 81 162 243 405 810 859 b
1 2 4 8 16 32 33 49 81 162 324 373 486 859 a
1 2 4 8 16 32 33 49 81 162 324 373 535 859 b
1 2 4 8 16 32 33 49 81 162 324 373 697 859 b
1 2 4 8 16 32 33 49 81 162 324 405 454 859 b
1 2 4 8 16 32 33 49 81 162 324 405 810 859 b
1 2 4 8 16 32 33 49 81 162 324 486 535 859 b
1 2 4 8 16 32 33 49 81 162 324 486 810 859 b
1 2 4 8 16 32 33 49 81 162 324 648 697 859 b
1 2 4 8 16 32 33 49 81 162 324 648 810 859 b
1 2 4 8 16 32 33 65 67 99 198 396 463 859 b
1 2 4 8 16 32 33 65 67 99 198 396 792 859 b
1 2 4 8 16 32 33 65 67 132 264 331 528 859 a
1 2 4 8 16 32 33 65 67 132 264 331 595 859 b
1 2 4 8 16 32 33 65 67 132 264 396 463 859 b
1 2 4 8 16 32 33 65 67 132 264 396 792 859 b
1 2 4 8 16 32 33 65 67 132 264 528 595 859 b
1 2 4 8 16 32 33 65 67 132 264 528 792 859 b
1 2 4 8 16 32 33 65 81 162 227 389 470 859 b
1 2 4 8 16 32 33 65 81 162 227 389 778 859 b
1 2 4 8 16 32 33 65 81 162 243 308 551 859 b
1 2 4 8 16 32 33 65 81 162 243 308 616 859 b
1 2 4 8 16 32 33 65 81 162 324 389 470 859 b
1 2 4 8 16 32 33 65 81 162 324 389 778 859 b
1 2 4 8 16 32 33 66 67 99 198 396 463 859 b
1 2 4 8 16 32 33 66 67 99 198 396 792 859 b
1 2 4 8 16 32 33 66 67 132 198 396 463 859 a
1 2 4 8 16 32 33 66 67 132 198 396 792 859 a
1 2 4 8 16 32 33 66 67 132 264 331 528 859 a
1 2 4 8 16 32 33 66 67 132 264 331 595 859 a
1 2 4 8 16 32 33 66 67 132 264 396 463 859 a
1 2 4 8 16 32 33 66 67 132 264 396 792 859 a
1 2 4 8 16 32 33 66 67 132 264 528 595 859 a
1 2 4 8 16 32 33 66 67 132 264 528 792 859 a
1 2 4 8 16 32 33 66 99 165 264 429 430 859 b
1 2 4 8 16 32 33 66 99 165 264 429 858 859 b
1 2 4 8 16 32 33 66 99 165 330 429 430 859 b
1 2 4 8 16 32 33 66 99 165 330 429 858 859 b
1 2 4 8 16 32 33 66 99 198 231 429 430 859 b
1 2 4 8 16 32 33 66 99 198 231 429 858 859 b
1 2 4 8 16 32 33 66 99 198 396 397 462 859 a
1 2 4 8 16 32 33 66 99 198 396 397 463 859 b
1 2 4 8 16 32 33 66 99 198 396 397 793 859 b
1 2 4 8 16 32 33 66 99 198 396 429 430 859 b
1 2 4 8 16 32 33 66 99 198 396 429 858 859 b
1 2 4 8 16 32 33 66 99 198 396 462 463 859 b
1 2 4 8 16 32 33 66 99 198 396 462 858 859 b
1 2 4 8 16 32 33 66 99 198 396 792 793 859 b
1 2 4 8 16 32 33 66 99 198 396 792 858 859 b
1 2 4 8 16 32 33 66 132 133 265 297 562 859 b
1 2 4 8 16 32 33 66 132 133 265 297 594 859 b
1 2 4 8 16 32 33 66 132 165 264 429 430 859 a
1 2 4 8 16 32 33 66 132 165 264 429 858 859 a
1 2 4 8 16 32 33 66 132 165 297 429 430 859 b
1 2 4 8 16 32 33 66 132 165 297 429 858 859 b
1 2 4 8 16 32 33 66 132 198 199 330 529 859 a
1 2 4 8 16 32 33 66 132 198 199 330 660 859 a
1 2 4 8 16 32 33 66 132 198 231 429 430 859 b
1 2 4 8 16 32 33 66 132 198 231 429 858 859 b
1 2 4 8 16 32 33 66 132 198 330 331 528 859 a
1 2 4 8 16 32 33 66 132 198 330 331 529 859 b
1 2 4 8 16 32 33 66 132 198 330 331 661 859 b
1 2 4 8 16 32 33 66 132 198 330 528 529 859 b
1 2 4 8 16 32 33 66 132 198 330 528 858 859 b
1 2 4 8 16 32 33 66 132 198 330 660 661 859 b
1 2 4 8 16 32 33 66 132 198 330 660 858 859 b
1 2 4 8 16 32 33 66 132 198 396 397 462 859 a
1 2 4 8 16 32 33 66 132 198 396 397 463 859 b
1 2 4 8 16 32 33 66 132 198 396 397 793 859 b
1 2 4 8 16 32 33 66 132 198 396 429 430 859 b
1 2 4 8 16 32 33 66 132 198 396 429 858 859 b
1 2 4 8 16 32 33 66 132 198 396 462 463 859 b
1 2 4 8 16 32 33 66 132 198 396 462 858 859 b
1 2 4 8 16 32 33 66 132 198 396 792 793 859 b
1 2 4 8 16 32 33 66 132 198 396 792 858 859 b
1 2 4 8 16 32 33 66 132 264 265 297 562 859 b
1 2 4 8 16 32 33 66 132 264 265 297 594 859 b
1 2 4 8 16 32 33 66 132 264 265 330 529 859 a
1 2 4 8 16 32 33 66 132 264 265 330 594 859 a
1 2 4 8 16 32 33 66 132 264 265 330 595 859 a
1 2 4 8 16 32 33 66 132 264 265 331 528 859 a
1 2 4 8 16 32 33 66 132 264 265 331 595 859 b
1 2 4 8 16 32 33 66 132 264 265 528 594 859 a
1 2 4 8 16 32 33 66 132 264 265 528 793 859 a
1 2 4 8 16 32 33 66 132 264 265 529 595 859 b
1 2 4 8 16 32 33 66 132 264 265 529 793 859 b
1 2 4 8 16 32 33 66 132 264 297 298 561 859 a
1 2 4 8 16 32 33 66 132 264 297 298 562 859 b
1 2 4 8 16 32 33 66 132 264 297 298 595 859 b
1 2 4 8 16 32 33 66 132 264 297 429 430 859 b
1 2 4 8 16 32 33 66 132 264 297 429 858 859 b
1 2 4 8 16 32 33 66 132 264 297 561 562 859 b
1 2 4 8 16 32 33 66 132 264 297 561 858 859 b
1 2 4 8 16 32 33 66 132 264 297 594 595 859 b
1 2 4 8 16 32 33 66 132 264 297 594 858 859 b
1 2 4 8 16 32 33 66 132 264 330 331 528 859 a
1 2 4 8 16 32 33 66 132 264 330 331 595 859 b
1 2 4 8 16 32 33 66 132 264 330 528 529 859 a
1 2 4 8 16 32 33 66 132 264 330 528 858 859 a
1 2 4 8 16 32 33 66 132 264 330 594 595 859 b
1 2 4 8 16 32 33 66 132 264 330 594 858 859 b
1 2 4 8 16 32 33 66 132 264 396 397 462 859 a
1 2 4 8 16 32 33 66 132 264 396 397 463 859 b
1 2 4 8 16 32 33 66 132 264 396 397 793 859 b
1 2 4 8 16 32 33 66 132 264 396 429 430 859 b
1 2 4 8 16 32 33 66 132 264 396 429 858 859 b
1 2 4 8 16 32 33 66 132 264 396 462 463 859 b
1 2 4 8 16 32 33 66 132 264 396 462 858 859 b
1 2 4 8 16 32 33 66 132 264 396 792 793 859 b
1 2 4 8 16 32 33 66 132 264 396 792 858 859 b
1 2 4 8 16 32 33 66 132 264 528 529 595 859 b
1 2 4 8 16 32 33 66 132 264 528 529 793 859 b
1 2 4 8 16 32 33 66 132 264 528 594 595 859 b
1 2 4 8 16 32 33 66 132 264 528 594 858 859 b
1 2 4 8 16 32 33 66 132 264 528 792 793 859 b
1 2 4 8 16 32 33 66 132 264 528 792 858 859 b
1 2 4 8 16 32 34 35 67 99 198 396 463 859 b
1 2 4 8 16 32 34 35 67 99 198 396 792 859 b
1 2 4 8 16 32 34 35 68 103 206 412 447 859 a
1 2 4 8 16 32 34 35 68 103 206 412 824 859 a
1 2 4 8 16 32 34 35 69 103 206 412 447 859 b
1 2 4 8 16 32 34 35 69 103 206 412 824 859 b
1 2 4 8 16 32 34 50 51 101 202 404 455 859 b
1 2 4 8 16 32 34 50 51 101 202 404 808 859 b
1 2 4 8 16 32 34 66 67 99 198 396 463 859 b
1 2 4 8 16 32 34 66 67 99 198 396 792 859 b
1 2 4 8 16 32 34 66 67 132 198 396 463 859 a
1 2 4 8 16 32 34 66 67 132 198 396 792 859 a
1 2 4 8 16 32 34 66 67 132 264 331 528 859 a
1 2 4 8 16 32 34 66 67 132 264 331 595 859 a
1 2 4 8 16 32 34 66 67 132 264 396 463 859 a
1 2 4 8 16 32 34 66 67 132 264 396 792 859 a
1 2 4 8 16 32 34 66 67 132 264 528 595 859 a
1 2 4 8 16 32 34 66 67 132 264 528 792 859 a
1 2 4 8 16 32 34 66 132 133 265 297 562 859 b
1 2 4 8 16 32 34 66 132 133 265 297 594 859 b
1 2 4 8 16 32 34 66 132 198 199 330 529 859 a
1 2 4 8 16 32 34 66 132 198 199 330 660 859 a
1 2 4 8 16 32 34 66 132 198 330 331 528 859 a
1 2 4 8 16 32 34 66 132 198 330 331 529 859 b
1 2 4 8 16 32 34 66 132 198 330 331 661 859 b
1 2 4 8 16 32 34 66 132 198 330 528 529 859 b
1 2 4 8 16 32 34 66 132 198 330 528 858 859 b
1 2 4 8 16 32 34 66 132 198 330 660 661 859 b
1 2 4 8 16 32 34 66 132 198 330 660 858 859 b
1 2 4 8 16 32 34 66 132 198 396 397 462 859 a
1 2 4 8 16 32 34 66 132 198 396 397 463 859 b
1 2 4 8 16 32 34 66 132 198 396 397 793 859 b
1 2 4 8 16 32 34 66 132 198 396 462 463 859 b
1 2 4 8 16 32 34 66 132 198 396 462 858 859 b
1 2 4 8 16 32 34 66 132 198 396 792 793 859 b
1 2 4 8 16 32 34 66 132 198 396 792 858 859 b
1 2 4 8 16 32 34 66 132 264 265 297 562 859 b
1 2 4 8 16 32 34 66 132 264 265 297 594 859 b
1 2 4 8 16 32 34 66 132 264 265 330 529 859 a
1 2 4 8 16 32 34 66 132 264 265 330 594 859 a
1 2 4 8 16 32 34 66 132 264 265 330 595 859 a
1 2 4 8 16 32 34 66 132 264 265 331 528 859 a
1 2 4 8 16 32 34 66 132 264 265 331 595 859 b
1 2 4 8 16 32 34 66 132 264 265 528 594 859 a
1 2 4 8 16 32 34 66 132 264 265 528 793 859 a
1 2 4 8 16 32 34 66 132 264 265 529 595 859 b
1 2 4 8 16 32 34 66 132 264 265 529 793 859 b
1 2 4 8 16 32 34 66 132 264 330 331 528 859 a
1 2 4 8 16 32 34 66 132 264 330 331 595 859 b
1 2 4 8 16 32 34 66 132 264 330 528 529 859 a
1 2 4 8 16 32 34 66 132 264 330 528 858 859 a
1 2 4 8 16 32 34 66 132 264 330 594 595 859 b
1 2 4 8 16 32 34 66 132 264 330 594 858 859 b
1 2 4 8 16 32 34 66 132 264 396 397 462 859 a
1 2 4 8 16 32 34 66 132 264 396 397 463 859 b
1 2 4 8 16 32 34 66 132 264 396 397 793 859 b
1 2 4 8 16 32 34 66 132 264 396 462 463 859 b
1 2 4 8 16 32 34 66 132 264 396 462 858 859 b
1 2 4 8 16 32 34 66 132 264 396 792 793 859 b
1 2 4 8 16 32 34 66 132 264 396 792 858 859 b
1 2 4 8 16 32 34 66 132 264 528 529 595 859 b
1 2 4 8 16 32 34 66 132 264 528 529 793 859 b
1 2 4 8 16 32 34 66 132 264 528 594 595 859 b
1 2 4 8 16 32 34 66 132 264 528 594 858 859 b
1 2 4 8 16 32 34 66 132 264 528 792 793 859 b
1 2 4 8 16 32 34 66 132 264 528 792 858 859 b
1 2 4 8 16 32 48 49 81 162 211 324 535 859 a
1 2 4 8 16 32 48 49 81 162 211 324 648 859 a
1 2 4 8 16 32 48 49 81 162 243 405 454 859 b
1 2 4 8 16 32 48 49 81 162 243 405 810 859 b
1 2 4 8 16 32 48 49 81 162 324 373 486 859 a
1 2 4 8 16 32 48 49 81 162 324 373 535 859 b
1 2 4 8 16 32 48 49 81 162 324 373 697 859 b
1 2 4 8 16 32 48 49 81 162 324 405 454 859 b
1 2 4 8 16 32 48 49 81 162 324 405 810 859 b
1 2 4 8 16 32 48 49 81 162 324 486 535 859 b
1 2 4 8 16 32 48 49 81 162 324 486 810 859 b
1 2 4 8 16 32 48 49 81 162 324 648 697 859 b
1 2 4 8 16 32 48 49 81 162 324 648 810 859 b
1 2 4 8 16 32 48 50 51 101 202 404 455 859 b
1 2 4 8 16 32 48 50 51 101 202 404 808 859 b
1 2 4 8 16 32 64 65 67 99 198 396 463 859 b
1 2 4 8 16 32 64 65 67 99 198 396 792 859 b
1 2 4 8 16 32 64 65 67 131 198 396 463 859 b
1 2 4 8 16 32 64 65 67 131 198 396 792 859 b
1 2 4 8 16 32 64 65 67 132 264 331 528 859 a
1 2 4 8 16 32 64 65 67 132 264 331 595 859 b
1 2 4 8 16 32 64 65 67 132 264 396 463 859 b
1 2 4 8 16 32 64 65 67 132 264 396 792 859 b
1 2 4 8 16 32 64 65 67 132 264 528 595 859 b
1 2 4 8 16 32 64 65 67 132 264 528 792 859 b
1 2 4 8 16 32 64 65 67 134 198 396 463 859 b
1 2 4 8 16 32 64 65 67 134 198 396 792 859 b
1 2 4 8 16 32 64 65 73 128 201 329 530 859 a
1 2 4 8 16 32 64 65 73 128 201 329 658 859 a
1 2 4 8 16 32 64 65 81 162 227 389 470 859 b
1 2 4 8 16 32 64 65 81 162 227 389 778 859 b
1 2 4 8 16 32 64 65 81 162 243 308 551 859 b
1 2 4 8 16 32 64 65 81 162 243 308 616 859 b
1 2 4 8 16 32 64 65 81 162 324 389 470 859 b
1 2 4 8 16 32 64 65 81 162 324 389 778 859 b
1 2 4 8 16 32 64 65 128 136 201 329 530 859 a
1 2 4 8 16 32 64 65 128 136 201 329 658 859 a
1 2 4 8 16 32 64 65 128 193 201 329 530 859 a
1 2 4 8 16 32 64 65 128 193 201 329 658 859 a
1 2 4 8 16 32 64 66 67 99 198 396 463 859 b
1 2 4 8 16 32 64 66 67 99 198 396 792 859 b
1 2 4 8 16 32 64 66 67 131 198 396 463 859 b
1 2 4 8 16 32 64 66 67 131 198 396 792 859 b
1 2 4 8 16 32 64 66 67 132 198 396 463 859 a
1 2 4 8 16 32 64 66 67 132 198 396 792 859 a
1 2 4 8 16 32 64 66 67 132 264 331 528 859 a
1 2 4 8 16 32 64 66 67 132 264 331 595 859 a
1 2 4 8 16 32 64 66 67 132 264 396 463 859 a
1 2 4 8 16 32 64 66 67 132 264 396 792 859 a
1 2 4 8 16 32 64 66 67 132 264 528 595 859 a
1 2 4 8 16 32 64 66 67 132 264 528 792 859 a
1 2 4 8 16 32 64 66 67 134 198 396 463 859 b
1 2 4 8 16 32 64 66 67 134 198 396 792 859 b
1 2 4 8 16 32 64 66 132 133 265 297 562 859 b
1 2 4 8 16 32 64 66 132 133 265 297 594 859 b
1 2 4 8 16 32 64 66 132 133 265 329 530 859 a
1 2 4 8 16 32 64 66 132 133 265 329 594 859 b
1 2 4 8 16 32 64 66 132 133 265 530 594 859 b
1 2 4 8 16 32 64 66 132 133 265 530 795 859 b
1 2 4 8 16 32 64 66 132 198 199 330 529 859 a
1 2 4 8 16 32 64 66 132 198 199 330 660 859 a
1 2 4 8 16 32 64 66 132 198 330 331 528 859 a
1 2 4 8 16 32 64 66 132 198 330 331 529 859 b
1 2 4 8 16 32 64 66 132 198 330 331 661 859 b
1 2 4 8 16 32 64 66 132 198 330 528 529 859 b
1 2 4 8 16 32 64 66 132 198 330 528 858 859 b
1 2 4 8 16 32 64 66 132 198 330 660 661 859 b
1 2 4 8 16 32 64 66 132 198 330 660 858 859 b
1 2 4 8 16 32 64 66 132 198 396 397 462 859 a
1 2 4 8 16 32 64 66 132 198 396 397 463 859 b
1 2 4 8 16 32 64 66 132 198 396 397 793 859 b
1 2 4 8 16 32 64 66 132 198 396 462 463 859 b
1 2 4 8 16 32 64 66 132 198 396 462 858 859 b
1 2 4 8 16 32 64 66 132 198 396 792 793 859 b
1 2 4 8 16 32 64 66 132 198 396 792 858 859 b
1 2 4 8 16 32 64 66 132 264 265 297 562 859 b
1 2 4 8 16 32 64 66 132 264 265 297 594 859 b
1 2 4 8 16 32 64 66 132 264 265 329 530 859 a
1 2 4 8 16 32 64 66 132 264 265 329 594 859 b
1 2 4 8 16 32 64 66 132 264 265 330 529 859 a
1 2 4 8 16 32 64 66 132 264 265 330 594 859 a
1 2 4 8 16 32 64 66 132 264 265 330 595 859 a
1 2 4 8 16 32 64 66 132 264 265 331 528 859 a
1 2 4 8 16 32 64 66 132 264 265 331 595 859 b
1 2 4 8 16 32 64 66 132 264 265 528 594 859 a
1 2 4 8 16 32 64 66 132 264 265 528 793 859 a
1 2 4 8 16 32 64 66 132 264 265 529 595 859 b
1 2 4 8 16 32 64 66 132 264 265 529 793 859 b
1 2 4 8 16 32 64 66 132 264 265 530 594 859 b
1 2 4 8 16 32 64 66 132 264 265 530 795 859 b
1 2 4 8 16 32 64 66 132 264 330 331 528 859 a
1 2 4 8 16 32 64 66 132 264 330 331 595 859 b
1 2 4 8 16 32 64 66 132 264 330 528 529 859 a
1 2 4 8 16 32 64 66 132 264 330 528 858 859 a
1 2 4 8 16 32 64 66 132 264 330 594 595 859 b
1 2 4 8 16 32 64 66 132 264 330 594 858 859 b
1 2 4 8 16 32 64 66 132 264 396 397 462 859 a
1 2 4 8 16 32 64 66 132 264 396 397 463 859 b
1 2 4 8 16 32 64 66 132 264 396 397 793 859 b
1 2 4 8 16 32 64 66 132 264 396 462 463 859 b
1 2 4 8 16 32 64 66 132 264 396 462 858 859 b
1 2 4 8 16 32 64 66 132 264 396 792 793 859 b
1 2 4 8 16 32 64 66 132 264 396 792 858 859 b
1 2 4 8 16 32 64 66 132 264 528 529 595 859 b
1 2 4 8 16 32 64 66 132 264 528 529 793 859 b
1 2 4 8 16 32 64 66 132 264 528 594 595 859 b
1 2 4 8 16 32 64 66 132 264 528 594 858 859 b
1 2 4 8 16 32 64 66 132 264 528 792 793 859 b
1 2 4 8 16 32 64 66 132 264 528 792 858 859 b
1 2 4 8 16 32 64 68 132 133 265 297 562 859 b
1 2 4 8 16 32 64 68 132 133 265 297 594 859 b
1 2 4 8 16 32 64 68 132 133 265 329 530 859 a
1 2 4 8 16 32 64 68 132 133 265 329 594 859 b
1 2 4 8 16 32 64 68 132 133 265 530 594 859 b
1 2 4 8 16 32 64 68 132 133 265 530 795 859 b
1 2 4 8 16 32 64 68 132 264 265 297 562 859 b
1 2 4 8 16 32 64 68 132 264 265 297 594 859 b
1 2 4 8 16 32 64 68 132 264 265 329 530 859 a
1 2 4 8 16 32 64 68 132 264 265 329 594 859 b
1 2 4 8 16 32 64 68 132 264 265 530 594 859 b
1 2 4 8 16 32 64 68 132 264 265 530 795 859 b
1 2 4 8 16 32 64 72 73 128 201 329 530 859 a
1 2 4 8 16 32 64 72 73 128 201 329 658 859 a
1 2 4 8 16 32 64 72 128 129 201 329 530 859 a
1 2 4 8 16 32 64 72 128 129 201 329 658 859 a
1 2 4 8 16 32 64 72 128 200 201 329 530 859 a
1 2 4 8 16 32 64 72 128 200 201 329 658 859 a
1 2 4 8 16 32 64 128 129 136 265 297 562 859 a
1 2 4 8 16 32 64 128 129 136 265 297 594 859 a
1 2 4 8 16 32 64 128 129 136 265 329 530 859 a
1 2 4 8 16 32 64 128 129 136 265 329 594 859 a
1 2 4 8 16 32 64 128 129 136 265 530 594 859 a
1 2 4 8 16 32 64 128 129 136 265 530 795 859 a
1 2 4 8 16 32 64 128 129 137 201 329 530 859 b
1 2 4 8 16 32 64 128 129 137 201 329 658 859 b
1 2 4 8 16 32 64 128 129 137 265 297 562 859 b
1 2 4 8 16 32 64 128 129 137 265 297 594 859 b
1 2 4 8 16 32 64 128 129 137 265 329 530 859 a
1 2 4 8 16 32 64 128 129 137 265 329 594 859 b
1 2 4 8 16 32 64 128 129 137 265 530 594 859 b
1 2 4 8 16 32 64 128 129 137 265 530 795 859 b
1 2 4 8 16 32 64 128 129 193 201 329 530 859 b
1 2 4 8 16 32 64 128 129 193 201 329 658 859 b
1 2 4 8 16 32 64 128 129 257 265 297 562 859 b
1 2 4 8 16 32 64 128 129 257 265 297 594 859 b
1 2 4 8 16 32 64 128 129 257 265 329 530 859 a
1 2 4 8 16 32 64 128 129 257 265 329 594 859 b
1 2 4 8 16 32 64 128 129 257 265 530 594 859 b
1 2 4 8 16 32 64 128 129 257 265 530 795 859 b
1 2 4 8 16 32 64 128 132 133 265 297 562 859 b
1 2 4 8 16 32 64 128 132 133 265 297 594 859 b
1 2 4 8 16 32 64 128 132 133 265 329 530 859 a
1 2 4 8 16 32 64 128 132 133 265 329 594 859 b
1 2 4 8 16 32 64 128 132 133 265 530 594 859 b
1 2 4 8 16 32 64 128 132 133 265 530 795 859 b
1 2 4 8 16 32 64 128 132 264 265 297 562 859 b
1 2 4 8 16 32 64 128 132 264 265 297 594 859 b
1 2 4 8 16 32 64 128 132 264 265 329 530 859 a
1 2 4 8 16 32 64 128 132 264 265 329 594 859 b
1 2 4 8 16 32 64 128 132 264 265 530 594 859 b
1 2 4 8 16 32 64 128 132 264 265 530 795 859 b
1 2 4 8 16 32 64 128 136 137 201 329 530 859 b
1 2 4 8 16 32 64 128 136 137 201 329 658 859 b
1 2 4 8 16 32 64 128 136 137 265 297 562 859 b
1 2 4 8 16 32 64 128 136 137 265 297 594 859 b
1 2 4 8 16 32 64 128 136 137 265 329 530 859 a
1 2 4 8 16 32 64 128 136 137 265 329 594 859 b
1 2 4 8 16 32 64 128 136 137 265 530 594 859 b
1 2 4 8 16 32 64 128 136 137 265 530 795 859 b
1 2 4 8 16 32 64 128 136 200 201 329 530 859 b
1 2 4 8 16 32 64 128 136 200 201 329 658 859 b
1 2 4 8 16 32 64 128 136 264 265 297 562 859 b
1 2 4 8 16 32 64 128 136 264 265 297 594 859 b
1 2 4 8 16 32 64 128 136 264 265 329 530 859 a
1 2 4 8 16 32 64 128 136 264 265 329 594 859 b
1 2 4 8 16 32 64 128 136 264 265 530 594 859 b
1 2 4 8 16 32 64 128 136 264 265 530 795 859 b
1 2 4 8 16 32 64 128 192 193 201 329 530 859 b
1 2 4 8 16 32 64 128 192 193 201 329 658 859 b
1 2 4 8 16 32 64 128 192 200 201 329 530 859 b
1 2 4 8 16 32 64 128 192 200 201 329 658 859 b
1 2 4 8 16 32 64 128 256 257 265 297 562 859 b
1 2 4 8 16 32 64 128 256 257 265 297 594 859 b
1 2 4 8 16 32 64 128 256 257 265 329 530 859 a
1 2 4 8 16 32 64 128 256 257 265 329 594 859 b
1 2 4 8 16 32 64 128 256 257 265 530 594 859 b
1 2 4 8 16 32 64 128 256 257 265 530 795 859 b
1 2 4 8 16 32 64 128 256 264 265 297 562 859 b
1 2 4 8 16 32 64 128 256 264 265 297 594 859 b
1 2 4 8 16 32 64 128 256 264 265 329 530 859 a
1 2 4 8 16 32 64 128 256 264 265 329 594 859 b
1 2 4 8 16 32 64 128 256 264 265 530 594 859 b
1 2 4 8 16 32 64 128 256 264 265 530 795 859 b
