1 2 3 5 10 15 25 50 100 200 225 425 850 b
1 2 3 5 10 15 25 50 100 200 400 425 850 b
1 2 3 5 10 15 25 50 100 200 400 450 850 b
1 2 3 5 10 15 25 50 100 200 400 800 850 b
1 2 3 5 10 20 25 50 100 200 225 425 850 b
1 2 3 5 10 20 25 50 100 200 400 425 850 b
1 2 3 5 10 20 25 50 100 200 400 450 850 b
1 2 3 5 10 20 25 50 100 200 400 800 850 b
1 2 3 5 10 20 30 50 100 200 400 450 850 b
1 2 3 5 10 20 30 50 100 200 400 800 850 b
1 2 3 5 10 20 40 45 85 170 255 425 850 b
1 2 3 5 10 20 40 45 85 170 340 425 850 b
1 2 3 5 10 20 40 45 85 170 340 510 850 b
1 2 3 5 10 20 40 45 85 170 340 680 850 b
1 2 3 5 10 20 40 50 100 200 400 450 850 b
1 2 3 5 10 20 40 50 100 200 400 800 850 b
1 2 3 5 10 20 40 80 85 170 255 425 850 b
1 2 3 5 10 20 40 80 85 170 340 425 850 b
1 2 3 5 10 20 40 80 85 170 340 510 850 b
1 2 3 5 10 20 40 80 85 170 340 680 850 b
1 2 3 5 10 20 40 80 90 170 340 510 850 b
1 2 3 5 10 20 40 80 90 170 340 680 850 b
1 2 3 5 10 20 40 80 160 170 340 510 850 b
1 2 3 5 10 20 40 80 160 170 340 680 850 b
1 2 3 6 12 13 25 50 100 200 225 425 850 b
1 2 3 6 12 13 25 50 100 200 400 425 850 b
1 2 3 6 12 13 25 50 100 200 400 450 850 b
1 2 3 6 12 13 25 50 100 200 400 800 850 b
1 2 3 6 12 24 25 50 100 200 225 425 850 b
1 2 3 6 12 24 25 50 100 200 400 425 850 b
1 2 3 6 12 24 25 50 100 200 400 450 850 b
1 2 3 6 12 24 25 50 100 200 400 800 850 b
1 2 3 6 12 24 26 50 100 200 400 450 850 b
1 2 3 6 12 24 26 50 100 200 400 800 850 b
1 2 3 6 12 24 48 50 100 200 400 450 850 b
1 2 3 6 12 24 48 50 100 200 400 800 850 b
1 2 4 5 9 13 26 52 104 208 217 425 850 b
1 2 4 5 9 13 26 52 104 208 416 425 850 b
1 2 4 5 10 15 25 50 100 200 225 425 850 b
1 2 4 5 10 15 25 50 100 200 400 425 850 b
1 2 4 5 10 15 25 50 100 200 400 450 850 b
1 2 4 5 10 15 25 50 100 200 400 800 850 b
1 2 4 5 10 20 25 50 100 200 225 425 850 b
1 2 4 5 10 20 25 50 100 200 400 425 850 b
1 2 4 5 10 20 25 50 100 200 400 450 850 b
1 2 4 5 10 20 25 50 100 200 400 800 850 b
1 2 4 5 10 20 30 50 100 200 400 450 850 b
1 2 4 5 10 20 30 50 100 200 400 800 850 b
1 2 4 5 10 20 40 45 85 170 255 425 850 b
1 2 4 5 10 20 40 45 85 170 340 425 850 b
1 2 4 5 10 20 40 45 85 170 340 510 850 b
1 2 4 5 10 20 40 45 85 170 340 680 850 b
1 2 4 5 10 20 40 50 100 200 400 450 850 b
1 2 4 5 10 20 40 50 100 200 400 800 850 b
1 2 4 5 10 20 40 80 85 170 255 425 850 b
1 2 4 5 10 20 40 80 85 170 340 425 850 b
1 2 4 5 10 20 40 80 85 170 340 510 850 b
1 2 4 5 10 20 40 80 85 170 340 680 850 b
1 2 4 5 10 20 40 80 90 170 340 510 850 b
1 2 4 5 10 20 40 80 90 170 340 680 850 b
1 2 4 5 10 20 40 80 160 170 340 510 850 b
1 2 4 5 10 20 40 80 160 170 340 680 850 b
1 2 4 6 10 20 30 50 100 200 400 450 850 b
1 2 4 6 10 20 30 50 100 200 400 800 850 b
1 2 4 6 10 20 40 50 100 200 400 450 850 b
1 2 4 6 10 20 40 50 100 200 400 800 850 b
1 2 4 6 10 20 40 80 90 170 340 510 850 b
1 2 4 6 10 20 40 80 90 170 340 680 850 b
1 2 4 6 10 20 40 80 160 170 340 510 850 b
1 2 4 6 10 20 40 80 160 170 340 680 850 b
1 2 4 6 12 13 25 50 100 200 225 425 850 b
1 2 4 6 12 13 25 50 100 200 400 425 850 b
1 2 4 6 12 13 25 50 100 200 400 450 850 b
1 2 4 6 12 13 25 50 100 200 400 800 850 b
1 2 4 6 12 24 25 50 100 200 225 425 850 b
1 2 4 6 12 24 25 50 100 200 400 425 850 b
1 2 4 6 12 24 25 50 100 200 400 450 850 b
1 2 4 6 12 24 25 50 100 200 400 800 850 b
1 2 4 6 12 24 26 50 100 200 400 450 850 b
1 2 4 6 12 24 26 50 100 200 400 800 850 b
1 2 4 6 12 24 48 50 100 200 400 450 850 b
1 2 4 6 12 24 48 50 100 200 400 800 850 b
1 2 4 8 9 13 26 52 104 208 217 425 850 b
1 2 4 8 9 13 26 52 104 208 416 425 850 b
1 2 4 8 9 16 25 50 100 200 225 425 850 a
1 2 4 8 9 16 25 50 100 200 400 425 850 a
1 2 4 8 9 16 25 50 100 200 400 450 850 a
1 2 4 8 9 16 25 50 100 200 400 800 850 a
1 2 4 8 9 17 25 50 100 200 225 425 850 b
1 2 4 8 9 17 25 50 100 200 400 425 850 b
1 2 4 8 9 17 25 50 100 200 400 450 850 b
1 2 4 8 9 17 25 50 100 200 400 800 850 b
1 2 4 8 9 17 26 52 104 208 217 425 850 b
1 2 4 8 9 17 26 52 104 208 416 425 850 b
1 2 4 8 9 17 34 51 85 170 255 425 850 b
1 2 4 8 9 17 34 51 85 170 340 425 850 b
1 2 4 8 9 17 34 51 85 170 340 510 850 b
1 2 4 8 9 17 34 51 85 170 340 680 850 b
1 2 4 8 9 17 34 51 102 204 221 425 850 b
1 2 4 8 9 17 34 51 102 204 408 425 850 b
1 2 4 8 9 17 34 51 102 204 408 442 850 b
1 2 4 8 9 17 34 51 102 204 408 816 850 b
1 2 4 8 9 17 34 68 85 170 255 425 850 b
1 2 4 8 9 17 34 68 85 170 340 425 850 b
1 2 4 8 9 17 34 68 85 170 340 510 850 b
1 2 4 8 9 17 34 68 85 170 340 680 850 b
1 2 4 8 9 17 34 68 102 170 340 510 850 b
1 2 4 8 9 17 34 68 102 170 340 680 850 b
1 2 4 8 9 17 34 68 102 204 221 425 850 b
1 2 4 8 9 17 34 68 102 204 408 425 850 b
1 2 4 8 9 17 34 68 102 204 408 442 850 b
1 2 4 8 9 17 34 68 102 204 408 816 850 b
1 2 4 8 9 17 34 68 136 153 272 425 850 a
1 2 4 8 9 17 34 68 136 153 289 425 850 b
1 2 4 8 9 17 34 68 136 170 340 510 850 b
1 2 4 8 9 17 34 68 136 170 340 680 850 b
1 2 4 8 9 17 34 68 136 204 221 425 850 b
1 2 4 8 9 17 34 68 136 204 408 425 850 b
1 2 4 8 9 17 34 68 136 204 408 442 850 b
1 2 4 8 9 17 34 68 136 204 408 816 850 b
1 2 4 8 9 17 34 68 136 272 289 425 850 b
1 2 4 8 9 17 34 68 136 272 289 561 850 b
1 2 4 8 9 17 34 68 136 272 289 578 850 b
1 2 4 8 9 17 34 68 136 272 306 544 850 a
1 2 4 8 9 17 34 68 136 272 306 578 850 b
1 2 4 8 9 17 34 68 136 272 408 425 850 b
1 2 4 8 9 17 34 68 136 272 408 442 850 b
1 2 4 8 9 17 34 68 136 272 408 816 850 b
1 2 4 8 9 17 34 68 136 272 544 578 850 b
1 2 4 8 9 17 34 68 136 272 544 816 850 b
1 2 4 8 9 18 26 52 104 208 217 425 850 b
1 2 4 8 9 18 26 52 104 208 416 425 850 b
1 2 4 8 9 18 26 52 104 208 416 434 850 b
1 2 4 8 9 18 26 52 104 208 416 832 850 b
1 2 4 8 10 18 26 52 104 208 416 434 850 b
1 2 4 8 10 18 26 52 104 208 416 832 850 b
1 2 4 8 10 20 30 50 100 200 400 450 850 b
1 2 4 8 10 20 30 50 100 200 400 800 850 b
1 2 4 8 10 20 40 50 100 200 400 450 850 b
1 2 4 8 10 20 40 50 100 200 400 800 850 b
1 2 4 8 10 20 40 80 90 170 340 510 850 b
1 2 4 8 10 20 40 80 90 170 340 680 850 b
1 2 4 8 10 20 40 80 160 170 340 510 850 b
1 2 4 8 10 20 40 80 160 170 340 680 850 b
1 2 4 8 12 13 25 50 100 200 225 425 850 b
1 2 4 8 12 13 25 50 100 200 400 425 850 b
1 2 4 8 12 13 25 50 100 200 400 450 850 b
1 2 4 8 12 13 25 50 100 200 400 800 850 b
1 2 4 8 12 24 25 50 100 200 225 425 850 b
1 2 4 8 12 24 25 50 100 200 400 425 850 b
1 2 4 8 12 24 25 50 100 200 400 450 850 b
1 2 4 8 12 24 25 50 100 200 400 800 850 b
1 2 4 8 12 24 26 50 100 200 400 450 850 b
1 2 4 8 12 24 26 50 100 200 400 800 850 b
1 2 4 8 12 24 48 50 100 200 400 450 850 b
1 2 4 8 12 24 48 50 100 200 400 800 850 b
1 2 4 8 16 17 25 50 100 200 225 425 850 b
1 2 4 8 16 17 25 50 100 200 400 425 850 b
1 2 4 8 16 17 25 50 100 200 400 450 850 b
1 2 4 8 16 17 25 50 100 200 400 800 850 b
1 2 4 8 16 17 33 49 98 196 229 425 850 b
1 2 4 8 16 17 33 49 98 196 392 425 850 b
1 2 4 8 16 17 33 50 100 200 400 450 850 b
1 2 4 8 16 17 33 50 100 200 400 800 850 b
1 2 4 8 16 17 34 50 100 200 400 450 850 b
1 2 4 8 16 17 34 50 100 200 400 800 850 b
1 2 4 8 16 17 34 51 85 170 255 425 850 b
1 2 4 8 16 17 34 51 85 170 340 425 850 b
1 2 4 8 16 17 34 51 85 170 340 510 850 b
1 2 4 8 16 17 34 51 85 170 340 680 850 b
1 2 4 8 16 17 34 51 102 204 221 425 850 b
1 2 4 8 16 17 34 51 102 204 408 425 850 b
1 2 4 8 16 17 34 51 102 204 408 442 850 b
1 2 4 8 16 17 34 51 102 204 408 816 850 b
1 2 4 8 16 17 34 68 85 170 255 425 850 b
1 2 4 8 16 17 34 68 85 170 340 425 850 b
1 2 4 8 16 17 34 68 85 170 340 510 850 b
1 2 4 8 16 17 34 68 85 170 340 680 850 b
1 2 4 8 16 17 34 68 102 170 340 510 850 b
1 2 4 8 16 17 34 68 102 170 340 680 850 b
1 2 4 8 16 17 34 68 102 204 221 425 850 b
1 2 4 8 16 17 34 68 102 204 408 425 850 b
1 2 4 8 16 17 34 68 102 204 408 442 850 b
1 2 4 8 16 17 34 68 102 204 408 816 850 b
1 2 4 8 16 17 34 68 136 153 272 425 850 a
1 2 4 8 16 17 34 68 136 153 289 425 850 b
1 2 4 8 16 17 34 68 136 170 340 510 850 b
1 2 4 8 16 17 34 68 136 170 340 680 850 b
1 2 4 8 16 17 34 68 136 204 221 425 850 b
1 2 4 8 16 17 34 68 136 204 408 425 850 b
1 2 4 8 16 17 34 68 136 204 408 442 850 b
1 2 4 8 16 17 34 68 136 204 408 816 850 b
1 2 4 8 16 17 34 68 136 272 289 425 850 b
1 2 4 8 16 17 34 68 136 272 289 561 850 b
1 2 4 8 16 17 34 68 136 272 289 578 850 b
1 2 4 8 16 17 34 68 136 272 306 544 850 a
1 2 4 8 16 17 34 68 136 272 306 578 850 b
1 2 4 8 16 17 34 68 136 272 408 425 850 b
1 2 4 8 16 17 34 68 136 272 408 442 850 b
1 2 4 8 16 17 34 68 136 272 408 816 850 b
1 2 4 8 16 17 34 68 136 272 544 578 850 b
1 2 4 8 16 17 34 68 136 272 544 816 850 b
1 2 4 8 16 18 26 52 104 208 416 434 850 b
1 2 4 8 16 18 26 52 104 208 416 832 850 b
1 2 4 8 16 18 32 50 100 200 400 450 850 a
1 2 4 8 16 18 32 50 100 200 400 800 850 a
1 2 4 8 16 18 34 50 100 200 400 450 850 b
1 2 4 8 16 18 34 50 100 200 400 800 850 b
1 2 4 8 16 18 34 52 104 208 416 434 850 b
1 2 4 8 16 18 34 52 104 208 416 832 850 b
1 2 4 8 16 18 34 68 102 170 340 510 850 b
1 2 4 8 16 18 34 68 102 170 340 680 850 b
1 2 4 8 16 18 34 68 102 204 408 442 850 b
1 2 4 8 16 18 34 68 102 204 408 816 850 b
1 2 4 8 16 18 34 68 136 170 340 510 850 b
1 2 4 8 16 18 34 68 136 170 340 680 850 b
1 2 4 8 16 18 34 68 136 204 408 442 850 b
1 2 4 8 16 18 34 68 136 204 408 816 850 b
1 2 4 8 16 18 34 68 136 272 306 544 850 a
1 2 4 8 16 18 34 68 136 272 306 578 850 b
1 2 4 8 16 18 34 68 136 272 408 442 850 b
1 2 4 8 16 18 34 68 136 272 408 816 850 b
1 2 4 8 16 18 34 68 136 272 544 578 850 b
1 2 4 8 16 18 34 68 136 272 544 816 850 b
1 2 4 8 16 18 36 52 104 208 416 434 850 b
1 2 4 8 16 18 36 52 104 208 416 832 850 b
1 2 4 8 16 24 25 50 100 200 225 425 850 b
1 2 4 8 16 24 25 50 100 200 400 425 850 b
1 2 4 8 16 24 25 50 100 200 400 450 850 b
1 2 4 8 16 24 25 50 100 200 400 800 850 b
1 2 4 8 16 24 26 50 100 200 400 450 850 b
1 2 4 8 16 24 26 50 100 200 400 800 850 b
1 2 4 8 16 24 48 50 100 200 400 450 850 b
1 2 4 8 16 24 48 50 100 200 400 800 850 b
1 2 4 8 16 32 33 49 98 196 229 425 850 b
1 2 4 8 16 32 33 49 98 196 392 425 850 b
1 2 4 8 16 32 33 65 98 196 229 425 850 b
1 2 4 8 16 32 33 65 98 196 392 425 850 b
1 2 4 8 16 32 33 66 98 196 229 425 850 b
1 2 4 8 16 32 33 66 98 196 392 425 850 b
1 2 4 8 16 32 33 66 98 196 392 458 850 b
1 2 4 8 16 32 33 66 98 196 392 784 850 b
1 2 4 8 16 32 34 50 100 200 400 450 850 b
1 2 4 8 16 32 34 50 100 200 400 800 850 b
1 2 4 8 16 32 34 66 98 196 392 458 850 b
1 2 4 8 16 32 34 66 98 196 392 784 850 b
1 2 4 8 16 32 34 68 102 170 340 510 850 b
1 2 4 8 16 32 34 68 102 170 340 680 850 b
1 2 4 8 16 32 34 68 102 204 408 442 850 b
1 2 4 8 16 32 34 68 102 204 408 816 850 b
1 2 4 8 16 32 34 68 136 170 340 510 850 b
1 2 4 8 16 32 34 68 136 170 340 680 850 b
1 2 4 8 16 32 34 68 136 204 408 442 850 b
1 2 4 8 16 32 34 68 136 204 408 816 850 b
1 2 4 8 16 32 34 68 136 272 306 544 850 a
1 2 4 8 16 32 34 68 136 272 306 578 850 b
1 2 4 8 16 32 34 68 136 272 408 442 850 b
1 2 4 8 16 32 34 68 136 272 408 816 850 b
1 2 4 8 16 32 34 68 136 272 544 578 850 b
1 2 4 8 16 32 34 68 136 272 544 816 850 b
1 2 4 8 16 32 48 50 100 200 400 450 850 b
1 2 4 8 16 32 48 50 100 200 400 800 850 b
1 2 4 8 16 32 64 66 98 196 392 458 850 b
1 2 4 8 16 32 64 66 98 196 392 784 850 b
1 2 4 8 16 32 64 66 130 196 392 458 850 b
1 2 4 8 16 32 64 66 130 196 392 784 850 b
1 2 4 8 16 32 64 66 132 196 392 458 850 b
1 2 4 8 16 32 64 66 132 196 392 784 850 b
