1 2 3 6 12 24 27 48 96 192 219 411 822 a
1 2 3 6 12 24 27 48 96 192 384 411 822 a
1 2 3 6 12 24 27 51 102 204 207 411 822 b
1 2 3 6 12 24 27 51 102 204 408 411 822 b
1 2 3 6 12 24 27 51 102 204 408 414 822 b
1 2 3 6 12 24 27 51 102 204 408 816 822 b
1 2 3 6 12 24 48 51 102 204 207 411 822 b
1 2 3 6 12 24 48 51 102 204 408 411 822 b
1 2 3 6 12 24 48 51 102 204 408 414 822 b
1 2 3 6 12 24 48 51 102 204 408 816 822 b
1 2 3 6 12 24 48 54 96 192 384 438 822 a
1 2 3 6 12 24 48 54 96 192 384 768 822 a
1 2 3 6 12 24 48 54 102 204 207 411 822 b
1 2 3 6 12 24 48 54 102 204 408 411 822 b
1 2 3 6 12 24 48 54 102 204 408 414 822 b
1 2 3 6 12 24 48 54 102 204 408 816 822 b
1 2 3 6 12 24 48 96 102 204 207 411 822 b
1 2 3 6 12 24 48 96 102 204 408 411 822 b
1 2 3 6 12 24 48 96 102 204 408 414 822 b
1 2 3 6 12 24 48 96 102 204 408 816 822 b
1 2 3 6 12 24 48 96 108 204 207 411 822 b
1 2 3 6 12 24 48 96 108 204 408 411 822 b
1 2 3 6 12 24 48 96 108 204 408 414 822 b
1 2 3 6 12 24 48 96 108 204 408 816 822 b
1 2 3 6 12 24 48 96 192 195 216 411 822 a
1 2 3 6 12 24 48 96 192 195 219 411 822 b
1 2 3 6 12 24 48 96 192 195 387 411 822 b
1 2 3 6 12 24 48 96 192 195 387 435 822 b
1 2 3 6 12 24 48 96 192 195 387 774 822 b
1 2 3 6 12 24 48 96 192 204 207 411 822 b
1 2 3 6 12 24 48 96 192 204 408 411 822 b
1 2 3 6 12 24 48 96 192 204 408 414 822 b
1 2 3 6 12 24 48 96 192 204 408 816 822 b
1 2 3 6 12 24 48 96 192 216 219 411 822 b
1 2 3 6 12 24 48 96 192 216 408 411 822 b
1 2 3 6 12 24 48 96 192 216 408 414 822 b
1 2 3 6 12 24 48 96 192 216 408 816 822 b
1 2 3 6 12 24 48 96 192 384 387 411 822 b
1 2 3 6 12 24 48 96 192 384 387 435 822 b
1 2 3 6 12 24 48 96 192 384 387 774 822 b
1 2 3 6 12 24 48 96 192 384 390 432 822 a
1 2 3 6 12 24 48 96 192 384 390 438 822 b
1 2 3 6 12 24 48 96 192 384 390 774 822 b
1 2 3 6 12 24 48 96 192 384 408 411 822 b
1 2 3 6 12 24 48 96 192 384 408 414 822 b
1 2 3 6 12 24 48 96 192 384 408 816 822 b
1 2 3 6 12 24 48 96 192 384 432 438 822 b
1 2 3 6 12 24 48 96 192 384 432 816 822 b
1 2 3 6 12 24 48 96 192 384 768 774 822 b
1 2 3 6 12 24 48 96 192 384 768 816 822 b
1 2 4 6 12 24 48 54 96 192 384 438 822 a
1 2 4 6 12 24 48 54 96 192 384 768 822 a
1 2 4 6 12 24 48 54 102 204 408 414 822 b
1 2 4 6 12 24 48 54 102 204 408 816 822 b
1 2 4 6 12 24 48 96 102 204 408 414 822 b
1 2 4 6 12 24 48 96 102 204 408 816 822 b
1 2 4 6 12 24 48 96 108 204 408 414 822 b
1 2 4 6 12 24 48 96 108 204 408 816 822 b
1 2 4 6 12 24 48 96 192 204 408 414 822 b
1 2 4 6 12 24 48 96 192 204 408 816 822 b
1 2 4 6 12 24 48 96 192 216 408 414 822 b
1 2 4 6 12 24 48 96 192 216 408 816 822 b
1 2 4 6 12 24 48 96 192 384 390 432 822 a
1 2 4 6 12 24 48 96 192 384 390 438 822 b
1 2 4 6 12 24 48 96 192 384 390 774 822 b
1 2 4 6 12 24 48 96 192 384 408 414 822 b
1 2 4 6 12 24 48 96 192 384 408 816 822 b
1 2 4 6 12 24 48 96 192 384 432 438 822 b
1 2 4 6 12 24 48 96 192 384 432 816 822 b
1 2 4 6 12 24 48 96 192 384 768 774 822 b
1 2 4 6 12 24 48 96 192 384 768 816 822 b
1 2 4 8 9 16 32 64 73 137 274 411 822 a
1 2 4 8 9 16 32 64 73 137 274 548 822 a
1 2 4 8 9 16 32 64 128 137 274 411 822 a
1 2 4 8 9 16 32 64 128 137 274 548 822 a
1 2 4 8 9 17 34 68 69 137 274 411 822 b
1 2 4 8 9 17 34 68 69 137 274 548 822 b
1 2 4 8 9 17 34 68 136 137 274 411 822 b
1 2 4 8 9 17 34 68 136 137 274 548 822 b
1 2 4 8 9 17 34 68 136 138 274 548 822 b
1 2 4 8 9 17 34 68 136 272 274 548 822 b
1 2 4 8 16 17 34 68 69 137 274 411 822 b
1 2 4 8 16 17 34 68 69 137 274 548 822 b
1 2 4 8 16 17 34 68 136 137 274 411 822 b
1 2 4 8 16 17 34 68 136 137 274 548 822 b
1 2 4 8 16 17 34 68 136 138 274 548 822 b
1 2 4 8 16 17 34 68 136 272 274 548 822 b
1 2 4 8 16 18 32 64 128 146 274 548 822 a
1 2 4 8 16 18 32 64 128 256 274 548 822 a
1 2 4 8 16 18 34 68 69 137 274 411 822 b
1 2 4 8 16 18 34 68 69 137 274 548 822 b
1 2 4 8 16 18 34 68 136 137 274 411 822 b
1 2 4 8 16 18 34 68 136 137 274 548 822 b
1 2 4 8 16 18 34 68 136 138 274 548 822 b
1 2 4 8 16 18 34 68 136 272 274 548 822 b
1 2 4 8 16 32 34 68 69 137 274 411 822 b
1 2 4 8 16 32 34 68 69 137 274 548 822 b
1 2 4 8 16 32 34 68 136 137 274 411 822 b
1 2 4 8 16 32 34 68 136 137 274 548 822 b
1 2 4 8 16 32 34 68 136 138 274 548 822 b
1 2 4 8 16 32 34 68 136 272 274 548 822 b
1 2 4 8 16 32 36 68 69 137 274 411 822 b
1 2 4 8 16 32 36 68 69 137 274 548 822 b
1 2 4 8 16 32 36 68 136 137 274 411 822 b
1 2 4 8 16 32 36 68 136 137 274 548 822 b
1 2 4 8 16 32 36 68 136 138 274 548 822 b
1 2 4 8 16 32 36 68 136 272 274 548 822 b
1 2 4 8 16 32 64 65 72 137 274 411 822 a
1 2 4 8 16 32 64 65 72 137 274 548 822 a
1 2 4 8 16 32 64 65 73 137 274 411 822 b
1 2 4 8 16 32 64 65 73 137 274 548 822 b
1 2 4 8 16 32 64 65 129 137 274 411 822 b
1 2 4 8 16 32 64 65 129 137 274 548 822 b
1 2 4 8 16 32 64 65 129 145 274 548 822 b
1 2 4 8 16 32 64 65 129 258 274 548 822 b
1 2 4 8 16 32 64 68 69 137 274 411 822 b
1 2 4 8 16 32 64 68 69 137 274 548 822 b
1 2 4 8 16 32 64 68 136 137 274 411 822 b
1 2 4 8 16 32 64 68 136 137 274 548 822 b
1 2 4 8 16 32 64 68 136 138 274 548 822 b
1 2 4 8 16 32 64 68 136 272 274 548 822 b
1 2 4 8 16 32 64 72 73 137 274 411 822 b
1 2 4 8 16 32 64 72 73 137 274 548 822 b
1 2 4 8 16 32 64 72 136 137 274 411 822 b
1 2 4 8 16 32 64 72 136 137 274 548 822 b
1 2 4 8 16 32 64 72 136 138 274 548 822 b
1 2 4 8 16 32 64 72 136 272 274 548 822 b
1 2 4 8 16 32 64 128 129 137 274 411 822 b
1 2 4 8 16 32 64 128 129 137 274 548 822 b
1 2 4 8 16 32 64 128 129 145 274 548 822 b
1 2 4 8 16 32 64 128 129 258 274 548 822 b
1 2 4 8 16 32 64 128 130 144 274 548 822 a
1 2 4 8 16 32 64 128 130 146 274 548 822 b
1 2 4 8 16 32 64 128 130 258 274 548 822 b
1 2 4 8 16 32 64 128 136 137 274 411 822 b
1 2 4 8 16 32 64 128 136 137 274 548 822 b
1 2 4 8 16 32 64 128 136 138 274 548 822 b
1 2 4 8 16 32 64 128 136 272 274 548 822 b
1 2 4 8 16 32 64 128 144 146 274 548 822 b
1 2 4 8 16 32 64 128 144 272 274 548 822 b
1 2 4 8 16 32 64 128 256 258 274 548 822 b
1 2 4 8 16 32 64 128 256 272 274 548 822 b
