1 2 3 5 8 13 26 52 104 105 209 418 836 b
1 2 3 5 8 13 26 52 104 208 209 418 836 b
1 2 3 5 8 13 26 52 104 208 210 418 836 b
1 2 3 5 8 13 26 52 104 208 416 418 836 b
1 2 3 5 10 13 26 52 104 105 209 418 836 b
1 2 3 5 10 13 26 52 104 208 209 418 836 b
1 2 3 5 10 13 26 52 104 208 210 418 836 b
1 2 3 5 10 13 26 52 104 208 416 418 836 b
1 2 3 5 10 20 40 43 83 126 209 418 836 b
1 2 3 5 10 20 40 43 83 166 209 418 836 b
1 2 3 6 7 13 26 52 104 105 209 418 836 b
1 2 3 6 7 13 26 52 104 208 209 418 836 b
1 2 3 6 7 13 26 52 104 208 210 418 836 b
1 2 3 6 7 13 26 52 104 208 416 418 836 b
1 2 3 6 12 13 26 52 104 105 209 418 836 b
1 2 3 6 12 13 26 52 104 208 209 418 836 b
1 2 3 6 12 13 26 52 104 208 210 418 836 b
1 2 3 6 12 13 26 52 104 208 416 418 836 b
1 2 3 6 12 14 26 52 104 105 209 418 836 b
1 2 3 6 12 14 26 52 104 208 209 418 836 b
1 2 3 6 12 14 26 52 104 208 210 418 836 b
1 2 3 6 12 14 26 52 104 208 416 418 836 b
1 2 3 6 12 24 26 52 104 105 209 418 836 b
1 2 3 6 12 24 26 52 104 208 209 418 836 b
1 2 3 6 12 24 26 52 104 208 210 418 836 b
1 2 3 6 12 24 26 52 104 208 416 418 836 b
1 2 4 5 8 13 26 52 104 105 209 418 836 a
1 2 4 5 8 13 26 52 104 208 209 418 836 a
1 2 4 5 8 13 26 52 104 208 210 418 836 a
1 2 4 5 8 13 26 52 104 208 416 418 836 a
1 2 4 5 8 13 26 52 104 208 416 420 836 a
1 2 4 5 8 13 26 52 104 208 416 832 836 a
1 2 4 5 9 13 26 52 104 105 209 418 836 b
1 2 4 5 9 13 26 52 104 208 209 418 836 b
1 2 4 5 9 13 26 52 104 208 210 418 836 b
1 2 4 5 9 13 26 52 104 208 416 418 836 b
1 2 4 5 9 13 26 52 104 208 416 420 836 b
1 2 4 5 9 13 26 52 104 208 416 832 836 b
1 2 4 6 7 13 26 52 104 105 209 418 836 b
1 2 4 6 7 13 26 52 104 208 209 418 836 b
1 2 4 6 7 13 26 52 104 208 210 418 836 b
1 2 4 6 7 13 26 52 104 208 416 418 836 b
1 2 4 6 7 13 26 52 104 208 416 420 836 b
1 2 4 6 7 13 26 52 104 208 416 832 836 b
1 2 4 6 10 16 26 52 104 105 209 418 836 b
1 2 4 6 10 16 26 52 104 208 209 418 836 b
1 2 4 6 10 16 26 52 104 208 210 418 836 b
1 2 4 6 10 16 26 52 104 208 416 418 836 b
1 2 4 6 10 16 26 52 104 208 416 420 836 b
1 2 4 6 10 16 26 52 104 208 416 832 836 b
1 2 4 6 10 20 26 52 104 105 209 418 836 b
1 2 4 6 10 20 26 52 104 208 209 418 836 b
1 2 4 6 10 20 26 52 104 208 210 418 836 b
1 2 4 6 10 20 26 52 104 208 416 418 836 b
1 2 4 6 10 20 26 52 104 208 416 420 836 b
1 2 4 6 10 20 26 52 104 208 416 832 836 b
1 2 4 6 10 20 40 80 86 166 252 418 836 b
1 2 4 6 10 20 40 80 86 166 332 418 836 b
1 2 4 6 12 13 26 52 104 105 209 418 836 b
1 2 4 6 12 13 26 52 104 208 209 418 836 b
1 2 4 6 12 13 26 52 104 208 210 418 836 b
1 2 4 6 12 13 26 52 104 208 416 418 836 b
1 2 4 6 12 13 26 52 104 208 416 420 836 b
1 2 4 6 12 13 26 52 104 208 416 832 836 b
1 2 4 6 12 14 26 52 104 105 209 418 836 b
1 2 4 6 12 14 26 52 104 208 209 418 836 b
1 2 4 6 12 14 26 52 104 208 210 418 836 b
1 2 4 6 12 14 26 52 104 208 416 418 836 b
1 2 4 6 12 14 26 52 104 208 416 420 836 b
1 2 4 6 12 14 26 52 104 208 416 832 836 b
1 2 4 6 12 24 26 52 104 105 209 418 836 b
1 2 4 6 12 24 26 52 104 208 209 418 836 b
1 2 4 6 12 24 26 52 104 208 210 418 836 b
1 2 4 6 12 24 26 52 104 208 416 418 836 b
1 2 4 6 12 24 26 52 104 208 416 420 836 b
1 2 4 6 12 24 26 52 104 208 416 832 836 b
1 2 4 6 12 24 28 52 104 105 209 418 836 b
1 2 4 6 12 24 28 52 104 208 209 418 836 b
1 2 4 6 12 24 28 52 104 208 210 418 836 b
1 2 4 6 12 24 28 52 104 208 416 418 836 b
1 2 4 6 12 24 28 52 104 208 416 420 836 b
1 2 4 6 12 24 28 52 104 208 416 832 836 b
1 2 4 6 12 24 48 52 104 105 209 418 836 b
1 2 4 6 12 24 48 52 104 208 209 418 836 b
1 2 4 6 12 24 48 52 104 208 210 418 836 b
1 2 4 6 12 24 48 52 104 208 416 418 836 b
1 2 4 6 12 24 48 52 104 208 416 420 836 b
1 2 4 6 12 24 48 52 104 208 416 832 836 b
1 2 4 8 9 13 26 52 104 105 209 418 836 b
1 2 4 8 9 13 26 52 104 208 209 418 836 b
1 2 4 8 9 13 26 52 104 208 210 418 836 b
1 2 4 8 9 13 26 52 104 208 416 418 836 b
1 2 4 8 9 13 26 52 104 208 416 420 836 b
1 2 4 8 9 13 26 52 104 208 416 832 836 b
1 2 4 8 9 16 25 50 100 109 209 418 836 a
1 2 4 8 9 16 25 50 100 200 209 418 836 a
1 2 4 8 9 17 25 50 100 109 209 418 836 b
1 2 4 8 9 17 25 50 100 200 209 418 836 b
1 2 4 8 9 17 26 52 104 105 209 418 836 b
1 2 4 8 9 17 26 52 104 208 209 418 836 b
1 2 4 8 9 17 26 52 104 208 210 418 836 b
1 2 4 8 9 17 26 52 104 208 416 418 836 b
1 2 4 8 9 17 26 52 104 208 416 420 836 b
1 2 4 8 9 17 26 52 104 208 416 832 836 b
1 2 4 8 9 18 26 52 104 105 209 418 836 b
1 2 4 8 9 18 26 52 104 208 209 418 836 b
1 2 4 8 9 18 26 52 104 208 210 418 836 b
1 2 4 8 9 18 26 52 104 208 416 418 836 b
1 2 4 8 9 18 26 52 104 208 416 420 836 b
1 2 4 8 9 18 26 52 104 208 416 832 836 b
1 2 4 8 10 16 26 52 104 105 209 418 836 a
1 2 4 8 10 16 26 52 104 208 209 418 836 a
1 2 4 8 10 16 26 52 104 208 210 418 836 a
1 2 4 8 10 16 26 52 104 208 416 418 836 a
1 2 4 8 10 16 26 52 104 208 416 420 836 a
1 2 4 8 10 16 26 52 104 208 416 832 836 a
1 2 4 8 10 18 26 52 104 105 209 418 836 b
1 2 4 8 10 18 26 52 104 208 209 418 836 b
1 2 4 8 10 18 26 52 104 208 210 418 836 b
1 2 4 8 10 18 26 52 104 208 416 418 836 b
1 2 4 8 10 18 26 52 104 208 416 420 836 b
1 2 4 8 10 18 26 52 104 208 416 832 836 b
1 2 4 8 12 13 26 52 104 105 209 418 836 b
1 2 4 8 12 13 26 52 104 208 209 418 836 b
1 2 4 8 12 13 26 52 104 208 210 418 836 b
1 2 4 8 12 13 26 52 104 208 416 418 836 b
1 2 4 8 12 13 26 52 104 208 416 420 836 b
1 2 4 8 12 13 26 52 104 208 416 832 836 b
1 2 4 8 12 14 26 52 104 105 209 418 836 b
1 2 4 8 12 14 26 52 104 208 209 418 836 b
1 2 4 8 12 14 26 52 104 208 210 418 836 b
1 2 4 8 12 14 26 52 104 208 416 418 836 b
1 2 4 8 12 14 26 52 104 208 416 420 836 b
1 2 4 8 12 14 26 52 104 208 416 832 836 b
1 2 4 8 12 20 32 52 104 105 209 418 836 b
1 2 4 8 12 20 32 52 104 208 209 418 836 b
1 2 4 8 12 20 32 52 104 208 210 418 836 b
1 2 4 8 12 20 32 52 104 208 416 418 836 b
1 2 4 8 12 20 32 52 104 208 416 420 836 b
1 2 4 8 12 20 32 52 104 208 416 832 836 b
1 2 4 8 12 20 40 52 104 105 209 418 836 b
1 2 4 8 12 20 40 52 104 208 209 418 836 b
1 2 4 8 12 20 40 52 104 208 210 418 836 b
1 2 4 8 12 20 40 52 104 208 416 418 836 b
1 2 4 8 12 20 40 52 104 208 416 420 836 b
1 2 4 8 12 20 40 52 104 208 416 832 836 b
1 2 4 8 12 20 40 80 160 172 332 504 836 b
1 2 4 8 12 20 40 80 160 172 332 664 836 b
1 2 4 8 12 24 26 52 104 105 209 418 836 b
1 2 4 8 12 24 26 52 104 208 209 418 836 b
1 2 4 8 12 24 26 52 104 208 210 418 836 b
1 2 4 8 12 24 26 52 104 208 416 418 836 b
1 2 4 8 12 24 26 52 104 208 416 420 836 b
1 2 4 8 12 24 26 52 104 208 416 832 836 b
1 2 4 8 12 24 28 52 104 105 209 418 836 b
1 2 4 8 12 24 28 52 104 208 209 418 836 b
1 2 4 8 12 24 28 52 104 208 210 418 836 b
1 2 4 8 12 24 28 52 104 208 416 418 836 b
1 2 4 8 12 24 28 52 104 208 416 420 836 b
1 2 4 8 12 24 28 52 104 208 416 832 836 b
1 2 4 8 12 24 48 52 104 105 209 418 836 b
1 2 4 8 12 24 48 52 104 208 209 418 836 b
1 2 4 8 12 24 48 52 104 208 210 418 836 b
1 2 4 8 12 24 48 52 104 208 416 418 836 b
1 2 4 8 12 24 48 52 104 208 416 420 836 b
1 2 4 8 12 24 48 52 104 208 416 832 836 b
1 2 4 8 12 24 48 56 104 105 209 418 836 b
1 2 4 8 12 24 48 56 104 208 209 418 836 b
1 2 4 8 12 24 48 56 104 208 210 418 836 b
1 2 4 8 12 24 48 56 104 208 416 418 836 b
1 2 4 8 12 24 48 56 104 208 416 420 836 b
1 2 4 8 12 24 48 56 104 208 416 832 836 b
1 2 4 8 12 24 48 96 104 105 209 418 836 b
1 2 4 8 12 24 48 96 104 208 209 418 836 b
1 2 4 8 12 24 48 96 104 208 210 418 836 b
1 2 4 8 12 24 48 96 104 208 416 418 836 b
1 2 4 8 12 24 48 96 104 208 416 420 836 b
1 2 4 8 12 24 48 96 104 208 416 832 836 b
1 2 4 8 16 17 24 48 96 113 209 418 836 a
1 2 4 8 16 17 24 48 96 192 209 418 836 a
1 2 4 8 16 17 32 48 96 113 209 418 836 a
1 2 4 8 16 17 32 48 96 192 209 418 836 a
1 2 4 8 16 17 32 64 81 128 209 418 836 a
1 2 4 8 16 17 32 64 81 145 209 418 836 a
1 2 4 8 16 17 32 64 96 113 209 418 836 a
1 2 4 8 16 17 32 64 96 192 209 418 836 a
1 2 4 8 16 17 32 64 128 145 209 418 836 a
1 2 4 8 16 17 32 64 128 145 273 418 836 a
1 2 4 8 16 17 32 64 128 145 290 418 836 a
1 2 4 8 16 17 32 64 128 192 209 418 836 a
1 2 4 8 16 18 26 52 104 105 209 418 836 b
1 2 4 8 16 18 26 52 104 208 209 418 836 b
1 2 4 8 16 18 26 52 104 208 210 418 836 b
1 2 4 8 16 18 26 52 104 208 416 418 836 b
1 2 4 8 16 18 26 52 104 208 416 420 836 b
1 2 4 8 16 18 26 52 104 208 416 832 836 b
1 2 4 8 16 18 32 50 100 200 218 418 836 a
1 2 4 8 16 18 32 50 100 200 400 418 836 a
1 2 4 8 16 18 34 50 100 200 218 418 836 b
1 2 4 8 16 18 34 50 100 200 400 418 836 b
1 2 4 8 16 18 34 52 104 105 209 418 836 b
1 2 4 8 16 18 34 52 104 208 209 418 836 b
1 2 4 8 16 18 34 52 104 208 210 418 836 b
1 2 4 8 16 18 34 52 104 208 416 418 836 b
1 2 4 8 16 18 34 52 104 208 416 420 836 b
1 2 4 8 16 18 34 52 104 208 416 832 836 b
1 2 4 8 16 18 36 52 104 105 209 418 836 b
1 2 4 8 16 18 36 52 104 208 209 418 836 b
1 2 4 8 16 18 36 52 104 208 210 418 836 b
1 2 4 8 16 18 36 52 104 208 416 418 836 b
1 2 4 8 16 18 36 52 104 208 416 420 836 b
1 2 4 8 16 18 36 52 104 208 416 832 836 b
1 2 4 8 16 20 32 52 104 105 209 418 836 a
1 2 4 8 16 20 32 52 104 208 209 418 836 a
1 2 4 8 16 20 32 52 104 208 210 418 836 a
1 2 4 8 16 20 32 52 104 208 416 418 836 a
1 2 4 8 16 20 32 52 104 208 416 420 836 a
1 2 4 8 16 20 32 52 104 208 416 832 836 a
1 2 4 8 16 20 36 52 104 105 209 418 836 b
1 2 4 8 16 20 36 52 104 208 209 418 836 b
1 2 4 8 16 20 36 52 104 208 210 418 836 b
1 2 4 8 16 20 36 52 104 208 416 418 836 b
1 2 4 8 16 20 36 52 104 208 416 420 836 b
1 2 4 8 16 20 36 52 104 208 416 832 836 b
1 2 4 8 16 24 26 52 104 105 209 418 836 b
1 2 4 8 16 24 26 52 104 208 209 418 836 b
1 2 4 8 16 24 26 52 104 208 210 418 836 b
1 2 4 8 16 24 26 52 104 208 416 418 836 b
1 2 4 8 16 24 26 52 104 208 416 420 836 b
1 2 4 8 16 24 26 52 104 208 416 832 836 b
1 2 4 8 16 24 28 52 104 105 209 418 836 b
1 2 4 8 16 24 28 52 104 208 209 418 836 b
1 2 4 8 16 24 28 52 104 208 210 418 836 b
1 2 4 8 16 24 28 52 104 208 416 418 836 b
1 2 4 8 16 24 28 52 104 208 416 420 836 b
1 2 4 8 16 24 28 52 104 208 416 832 836 b
1 2 4 8 16 24 40 64 104 105 209 418 836 b
1 2 4 8 16 24 40 64 104 208 209 418 836 b
1 2 4 8 16 24 40 64 104 208 210 418 836 b
1 2 4 8 16 24 40 64 104 208 416 418 836 b
1 2 4 8 16 24 40 64 104 208 416 420 836 b
1 2 4 8 16 24 40 64 104 208 416 832 836 b
1 2 4 8 16 24 40 80 104 105 209 418 836 b
1 2 4 8 16 24 40 80 104 208 209 418 836 b
1 2 4 8 16 24 40 80 104 208 210 418 836 b
1 2 4 8 16 24 40 80 104 208 416 418 836 b
1 2 4 8 16 24 40 80 104 208 416 420 836 b
1 2 4 8 16 24 40 80 104 208 416 832 836 b
1 2 4 8 16 24 48 52 104 105 209 418 836 b
1 2 4 8 16 24 48 52 104 208 209 418 836 b
1 2 4 8 16 24 48 52 104 208 210 418 836 b
1 2 4 8 16 24 48 52 104 208 416 418 836 b
1 2 4 8 16 24 48 52 104 208 416 420 836 b
1 2 4 8 16 24 48 52 104 208 416 832 836 b
1 2 4 8 16 24 48 56 104 105 209 418 836 b
1 2 4 8 16 24 48 56 104 208 209 418 836 b
1 2 4 8 16 24 48 56 104 208 210 418 836 b
1 2 4 8 16 24 48 56 104 208 416 418 836 b
1 2 4 8 16 24 48 56 104 208 416 420 836 b
1 2 4 8 16 24 48 56 104 208 416 832 836 b
1 2 4 8 16 24 48 96 97 112 209 418 836 a
1 2 4 8 16 24 48 96 97 113 209 418 836 b
1 2 4 8 16 24 48 96 97 193 209 418 836 b
1 2 4 8 16 24 48 96 104 105 209 418 836 b
1 2 4 8 16 24 48 96 104 208 209 418 836 b
1 2 4 8 16 24 48 96 104 208 210 418 836 b
1 2 4 8 16 24 48 96 104 208 416 418 836 b
1 2 4 8 16 24 48 96 104 208 416 420 836 b
1 2 4 8 16 24 48 96 104 208 416 832 836 b
1 2 4 8 16 24 48 96 112 113 209 418 836 b
1 2 4 8 16 24 48 96 112 208 209 418 836 b
1 2 4 8 16 24 48 96 112 208 210 418 836 b
1 2 4 8 16 24 48 96 112 208 416 418 836 b
1 2 4 8 16 24 48 96 112 208 416 420 836 b
1 2 4 8 16 24 48 96 112 208 416 832 836 b
1 2 4 8 16 24 48 96 192 193 209 418 836 b
1 2 4 8 16 24 48 96 192 208 209 418 836 b
1 2 4 8 16 24 48 96 192 208 210 418 836 b
1 2 4 8 16 24 48 96 192 208 416 418 836 b
1 2 4 8 16 24 48 96 192 208 416 420 836 b
1 2 4 8 16 24 48 96 192 208 416 832 836 b
1 2 4 8 16 32 34 48 96 192 226 418 836 a
1 2 4 8 16 32 34 48 96 192 384 418 836 a
1 2 4 8 16 32 34 64 96 192 226 418 836 a
1 2 4 8 16 32 34 64 96 192 384 418 836 a
1 2 4 8 16 32 34 64 128 162 256 418 836 a
1 2 4 8 16 32 34 64 128 162 290 418 836 a
1 2 4 8 16 32 34 64 128 192 226 418 836 a
1 2 4 8 16 32 34 64 128 192 384 418 836 a
1 2 4 8 16 32 34 64 128 256 290 418 836 a
1 2 4 8 16 32 34 64 128 256 290 546 836 a
1 2 4 8 16 32 34 64 128 256 290 580 836 a
1 2 4 8 16 32 34 64 128 256 384 418 836 a
1 2 4 8 16 32 36 52 104 105 209 418 836 b
1 2 4 8 16 32 36 52 104 208 209 418 836 b
1 2 4 8 16 32 36 52 104 208 210 418 836 b
1 2 4 8 16 32 36 52 104 208 416 418 836 b
1 2 4 8 16 32 36 52 104 208 416 420 836 b
1 2 4 8 16 32 36 52 104 208 416 832 836 b
1 2 4 8 16 32 36 64 100 200 400 436 836 a
1 2 4 8 16 32 36 64 100 200 400 800 836 a
1 2 4 8 16 32 36 68 100 200 400 436 836 b
1 2 4 8 16 32 36 68 100 200 400 800 836 b
1 2 4 8 16 32 36 68 104 105 209 418 836 b
1 2 4 8 16 32 36 68 104 208 209 418 836 b
1 2 4 8 16 32 36 68 104 208 210 418 836 b
1 2 4 8 16 32 36 68 104 208 416 418 836 b
1 2 4 8 16 32 36 68 104 208 416 420 836 b
1 2 4 8 16 32 36 68 104 208 416 832 836 b
1 2 4 8 16 32 36 72 104 105 209 418 836 b
1 2 4 8 16 32 36 72 104 208 209 418 836 b
1 2 4 8 16 32 36 72 104 208 210 418 836 b
1 2 4 8 16 32 36 72 104 208 416 418 836 b
1 2 4 8 16 32 36 72 104 208 416 420 836 b
1 2 4 8 16 32 36 72 104 208 416 832 836 b
1 2 4 8 16 32 40 64 104 105 209 418 836 a
1 2 4 8 16 32 40 64 104 208 209 418 836 a
1 2 4 8 16 32 40 64 104 208 210 418 836 a
1 2 4 8 16 32 40 64 104 208 416 418 836 a
1 2 4 8 16 32 40 64 104 208 416 420 836 a
1 2 4 8 16 32 40 64 104 208 416 832 836 a
1 2 4 8 16 32 40 72 104 105 209 418 836 b
1 2 4 8 16 32 40 72 104 208 209 418 836 b
1 2 4 8 16 32 40 72 104 208 210 418 836 b
1 2 4 8 16 32 40 72 104 208 416 418 836 b
1 2 4 8 16 32 40 72 104 208 416 420 836 b
1 2 4 8 16 32 40 72 104 208 416 832 836 b
1 2 4 8 16 32 48 49 80 129 209 418 836 a
1 2 4 8 16 32 48 49 80 160 209 418 836 a
1 2 4 8 16 32 48 52 104 105 209 418 836 b
1 2 4 8 16 32 48 52 104 208 209 418 836 b
1 2 4 8 16 32 48 52 104 208 210 418 836 b
1 2 4 8 16 32 48 52 104 208 416 418 836 b
1 2 4 8 16 32 48 52 104 208 416 420 836 b
1 2 4 8 16 32 48 52 104 208 416 832 836 b
1 2 4 8 16 32 48 56 104 105 209 418 836 b
1 2 4 8 16 32 48 56 104 208 209 418 836 b
1 2 4 8 16 32 48 56 104 208 210 418 836 b
1 2 4 8 16 32 48 56 104 208 416 418 836 b
1 2 4 8 16 32 48 56 104 208 416 420 836 b
1 2 4 8 16 32 48 56 104 208 416 832 836 b
1 2 4 8 16 32 48 80 81 128 209 418 836 a
1 2 4 8 16 32 48 80 81 129 209 418 836 b
1 2 4 8 16 32 48 80 81 161 209 418 836 b
1 2 4 8 16 32 48 80 128 129 209 418 836 b
1 2 4 8 16 32 48 80 128 208 209 418 836 b
1 2 4 8 16 32 48 80 128 208 210 418 836 b
1 2 4 8 16 32 48 80 128 208 416 418 836 b
1 2 4 8 16 32 48 80 128 208 416 420 836 b
1 2 4 8 16 32 48 80 128 208 416 832 836 b
1 2 4 8 16 32 48 80 160 161 209 418 836 b
1 2 4 8 16 32 48 80 160 208 209 418 836 b
1 2 4 8 16 32 48 80 160 208 210 418 836 b
1 2 4 8 16 32 48 80 160 208 416 418 836 b
1 2 4 8 16 32 48 80 160 208 416 420 836 b
1 2 4 8 16 32 48 80 160 208 416 832 836 b
1 2 4 8 16 32 48 96 97 112 209 418 836 a
1 2 4 8 16 32 48 96 97 113 209 418 836 b
1 2 4 8 16 32 48 96 97 193 209 418 836 b
1 2 4 8 16 32 48 96 97 193 225 418 836 b
1 2 4 8 16 32 48 96 97 193 386 418 836 b
1 2 4 8 16 32 48 96 104 105 209 418 836 b
1 2 4 8 16 32 48 96 104 208 209 418 836 b
1 2 4 8 16 32 48 96 104 208 210 418 836 b
1 2 4 8 16 32 48 96 104 208 416 418 836 b
1 2 4 8 16 32 48 96 104 208 416 420 836 b
1 2 4 8 16 32 48 96 104 208 416 832 836 b
1 2 4 8 16 32 48 96 112 113 209 418 836 b
1 2 4 8 16 32 48 96 112 208 209 418 836 b
1 2 4 8 16 32 48 96 112 208 210 418 836 b
1 2 4 8 16 32 48 96 112 208 416 418 836 b
1 2 4 8 16 32 48 96 112 208 416 420 836 b
1 2 4 8 16 32 48 96 112 208 416 832 836 b
1 2 4 8 16 32 48 96 192 193 209 418 836 b
1 2 4 8 16 32 48 96 192 193 225 418 836 b
1 2 4 8 16 32 48 96 192 193 386 418 836 b
1 2 4 8 16 32 48 96 192 194 224 418 836 a
1 2 4 8 16 32 48 96 192 194 226 418 836 b
1 2 4 8 16 32 48 96 192 194 386 418 836 b
1 2 4 8 16 32 48 96 192 208 209 418 836 b
1 2 4 8 16 32 48 96 192 208 210 418 836 b
1 2 4 8 16 32 48 96 192 208 416 418 836 b
1 2 4 8 16 32 48 96 192 208 416 420 836 b
1 2 4 8 16 32 48 96 192 208 416 832 836 b
1 2 4 8 16 32 48 96 192 224 226 418 836 b
1 2 4 8 16 32 48 96 192 224 416 418 836 b
1 2 4 8 16 32 48 96 192 224 416 420 836 b
1 2 4 8 16 32 48 96 192 224 416 832 836 b
1 2 4 8 16 32 48 96 192 384 386 418 836 b
1 2 4 8 16 32 48 96 192 384 416 418 836 b
1 2 4 8 16 32 48 96 192 384 416 420 836 b
1 2 4 8 16 32 48 96 192 384 416 832 836 b
1 2 4 8 16 32 64 65 72 137 209 418 836 a
1 2 4 8 16 32 64 65 72 144 209 418 836 a
1 2 4 8 16 32 64 65 80 129 209 418 836 a
1 2 4 8 16 32 64 65 80 144 209 418 836 a
1 2 4 8 16 32 64 65 80 145 209 418 836 a
1 2 4 8 16 32 64 65 81 128 209 418 836 a
1 2 4 8 16 32 64 65 81 145 209 418 836 b
1 2 4 8 16 32 64 65 96 161 257 418 836 a
1 2 4 8 16 32 64 65 96 161 322 418 836 a
1 2 4 8 16 32 64 65 128 144 209 418 836 a
1 2 4 8 16 32 64 65 128 193 209 418 836 a
1 2 4 8 16 32 64 65 128 193 225 418 836 a
1 2 4 8 16 32 64 65 128 193 386 418 836 a
1 2 4 8 16 32 64 65 128 193 386 450 836 a
1 2 4 8 16 32 64 65 128 193 386 772 836 a
1 2 4 8 16 32 64 65 129 145 209 418 836 b
1 2 4 8 16 32 64 65 129 193 209 418 836 b
1 2 4 8 16 32 64 65 129 193 225 418 836 b
1 2 4 8 16 32 64 65 129 193 386 418 836 b
1 2 4 8 16 32 64 65 129 193 386 450 836 b
1 2 4 8 16 32 64 65 129 193 386 772 836 b
1 2 4 8 16 32 64 68 96 192 384 452 836 a
1 2 4 8 16 32 64 68 96 192 384 768 836 a
1 2 4 8 16 32 64 68 128 192 384 452 836 a
1 2 4 8 16 32 64 68 128 192 384 768 836 a
1 2 4 8 16 32 64 68 128 256 324 512 836 a
1 2 4 8 16 32 64 68 128 256 324 580 836 a
1 2 4 8 16 32 64 68 128 256 384 452 836 a
1 2 4 8 16 32 64 68 128 256 384 768 836 a
1 2 4 8 16 32 64 68 128 256 512 580 836 a
1 2 4 8 16 32 64 68 128 256 512 768 836 a
1 2 4 8 16 32 64 72 73 136 209 418 836 a
1 2 4 8 16 32 64 72 73 137 209 418 836 b
1 2 4 8 16 32 64 72 73 145 209 418 836 b
1 2 4 8 16 32 64 72 104 105 209 418 836 b
1 2 4 8 16 32 64 72 104 208 209 418 836 b
1 2 4 8 16 32 64 72 104 208 210 418 836 b
1 2 4 8 16 32 64 72 104 208 416 418 836 b
1 2 4 8 16 32 64 72 104 208 416 420 836 b
1 2 4 8 16 32 64 72 104 208 416 832 836 b
1 2 4 8 16 32 64 72 136 137 209 418 836 b
1 2 4 8 16 32 64 72 136 208 209 418 836 b
1 2 4 8 16 32 64 72 136 208 210 418 836 b
1 2 4 8 16 32 64 72 136 208 416 418 836 b
1 2 4 8 16 32 64 72 136 208 416 420 836 b
1 2 4 8 16 32 64 72 136 208 416 832 836 b
1 2 4 8 16 32 64 72 144 145 209 418 836 b
1 2 4 8 16 32 64 72 144 208 209 418 836 b
1 2 4 8 16 32 64 72 144 208 210 418 836 b
1 2 4 8 16 32 64 72 144 208 416 418 836 b
1 2 4 8 16 32 64 72 144 208 416 420 836 b
1 2 4 8 16 32 64 72 144 208 416 832 836 b
1 2 4 8 16 32 64 80 81 128 209 418 836 a
1 2 4 8 16 32 64 80 81 145 209 418 836 b
1 2 4 8 16 32 64 80 128 129 209 418 836 a
1 2 4 8 16 32 64 80 128 208 209 418 836 a
1 2 4 8 16 32 64 80 128 208 210 418 836 a
1 2 4 8 16 32 64 80 128 208 416 418 836 a
1 2 4 8 16 32 64 80 128 208 416 420 836 a
1 2 4 8 16 32 64 80 128 208 416 832 836 a
1 2 4 8 16 32 64 80 144 145 209 418 836 b
1 2 4 8 16 32 64 80 144 208 209 418 836 b
1 2 4 8 16 32 64 80 144 208 210 418 836 b
1 2 4 8 16 32 64 80 144 208 416 418 836 b
1 2 4 8 16 32 64 80 144 208 416 420 836 b
1 2 4 8 16 32 64 80 144 208 416 832 836 b
1 2 4 8 16 32 64 96 97 112 209 418 836 a
1 2 4 8 16 32 64 96 97 113 209 418 836 b
1 2 4 8 16 32 64 96 97 161 257 418 836 b
1 2 4 8 16 32 64 96 97 161 322 418 836 b
1 2 4 8 16 32 64 96 97 193 209 418 836 b
1 2 4 8 16 32 64 96 97 193 225 418 836 b
1 2 4 8 16 32 64 96 97 193 386 418 836 b
1 2 4 8 16 32 64 96 97 193 386 450 836 b
1 2 4 8 16 32 64 96 97 193 386 772 836 b
1 2 4 8 16 32 64 96 98 160 258 418 836 a
1 2 4 8 16 32 64 96 98 160 320 418 836 a
1 2 4 8 16 32 64 96 104 105 209 418 836 b
1 2 4 8 16 32 64 96 104 208 209 418 836 b
1 2 4 8 16 32 64 96 104 208 210 418 836 b
1 2 4 8 16 32 64 96 104 208 416 418 836 b
1 2 4 8 16 32 64 96 104 208 416 420 836 b
1 2 4 8 16 32 64 96 104 208 416 832 836 b
1 2 4 8 16 32 64 96 112 113 209 418 836 b
1 2 4 8 16 32 64 96 112 208 209 418 836 b
1 2 4 8 16 32 64 96 112 208 210 418 836 b
1 2 4 8 16 32 64 96 112 208 416 418 836 b
1 2 4 8 16 32 64 96 112 208 416 420 836 b
1 2 4 8 16 32 64 96 112 208 416 832 836 b
1 2 4 8 16 32 64 96 160 161 257 418 836 b
1 2 4 8 16 32 64 96 160 161 322 418 836 b
1 2 4 8 16 32 64 96 160 162 256 418 836 a
1 2 4 8 16 32 64 96 160 162 258 418 836 b
1 2 4 8 16 32 64 96 160 162 322 418 836 b
1 2 4 8 16 32 64 96 160 256 258 418 836 b
1 2 4 8 16 32 64 96 160 256 416 418 836 b
1 2 4 8 16 32 64 96 160 256 416 420 836 b
1 2 4 8 16 32 64 96 160 256 416 832 836 b
1 2 4 8 16 32 64 96 160 320 322 418 836 b
1 2 4 8 16 32 64 96 160 320 416 418 836 b
1 2 4 8 16 32 64 96 160 320 416 420 836 b
1 2 4 8 16 32 64 96 160 320 416 832 836 b
1 2 4 8 16 32 64 96 192 193 209 418 836 b
1 2 4 8 16 32 64 96 192 193 225 418 836 b
1 2 4 8 16 32 64 96 192 193 386 418 836 b
1 2 4 8 16 32 64 96 192 193 386 450 836 b
1 2 4 8 16 32 64 96 192 193 386 772 836 b
1 2 4 8 16 32 64 96 192 194 224 418 836 a
1 2 4 8 16 32 64 96 192 194 226 418 836 b
1 2 4 8 16 32 64 96 192 194 386 418 836 b
1 2 4 8 16 32 64 96 192 194 386 450 836 b
1 2 4 8 16 32 64 96 192 194 386 772 836 b
1 2 4 8 16 32 64 96 192 208 209 418 836 b
1 2 4 8 16 32 64 96 192 208 210 418 836 b
1 2 4 8 16 32 64 96 192 208 416 418 836 b
1 2 4 8 16 32 64 96 192 208 416 420 836 b
1 2 4 8 16 32 64 96 192 208 416 832 836 b
1 2 4 8 16 32 64 96 192 224 226 418 836 b
1 2 4 8 16 32 64 96 192 224 416 418 836 b
1 2 4 8 16 32 64 96 192 224 416 420 836 b
1 2 4 8 16 32 64 96 192 224 416 832 836 b
1 2 4 8 16 32 64 96 192 384 386 418 836 b
1 2 4 8 16 32 64 96 192 384 386 450 836 b
1 2 4 8 16 32 64 96 192 384 386 772 836 b
1 2 4 8 16 32 64 96 192 384 388 448 836 a
1 2 4 8 16 32 64 96 192 384 388 452 836 b
1 2 4 8 16 32 64 96 192 384 388 772 836 b
1 2 4 8 16 32 64 96 192 384 416 418 836 b
1 2 4 8 16 32 64 96 192 384 416 420 836 b
1 2 4 8 16 32 64 96 192 384 416 832 836 b
1 2 4 8 16 32 64 96 192 384 448 452 836 b
1 2 4 8 16 32 64 96 192 384 448 832 836 b
1 2 4 8 16 32 64 96 192 384 768 772 836 b
1 2 4 8 16 32 64 96 192 384 768 832 836 b
1 2 4 8 16 32 64 128 129 145 209 418 836 b
1 2 4 8 16 32 64 128 129 145 273 418 836 b
1 2 4 8 16 32 64 128 129 145 290 418 836 b
1 2 4 8 16 32 64 128 129 160 258 418 836 a
1 2 4 8 16 32 64 128 129 160 289 418 836 a
1 2 4 8 16 32 64 128 129 161 257 418 836 a
1 2 4 8 16 32 64 128 129 161 289 418 836 b
1 2 4 8 16 32 64 128 129 161 290 418 836 b
1 2 4 8 16 32 64 128 129 193 209 418 836 b
1 2 4 8 16 32 64 128 129 193 225 418 836 b
1 2 4 8 16 32 64 128 129 193 386 418 836 b
1 2 4 8 16 32 64 128 129 193 386 450 836 b
1 2 4 8 16 32 64 128 129 193 386 772 836 b
1 2 4 8 16 32 64 128 129 257 289 418 836 b
1 2 4 8 16 32 64 128 129 257 386 418 836 b
1 2 4 8 16 32 64 128 129 257 386 450 836 b
1 2 4 8 16 32 64 128 129 257 386 772 836 b
1 2 4 8 16 32 64 128 129 258 290 418 836 b
1 2 4 8 16 32 64 128 129 258 386 418 836 b
1 2 4 8 16 32 64 128 129 258 386 450 836 b
1 2 4 8 16 32 64 128 129 258 386 772 836 b
1 2 4 8 16 32 64 128 130 144 274 418 836 a
1 2 4 8 16 32 64 128 130 144 288 418 836 a
1 2 4 8 16 32 64 128 130 160 258 418 836 a
1 2 4 8 16 32 64 128 130 160 288 418 836 a
1 2 4 8 16 32 64 128 130 160 290 418 836 a
1 2 4 8 16 32 64 128 130 162 256 418 836 a
1 2 4 8 16 32 64 128 130 162 290 418 836 b
1 2 4 8 16 32 64 128 130 192 322 514 836 a
1 2 4 8 16 32 64 128 130 192 322 644 836 a
1 2 4 8 16 32 64 128 130 256 288 418 836 a
1 2 4 8 16 32 64 128 130 256 386 418 836 a
1 2 4 8 16 32 64 128 130 256 386 450 836 a
1 2 4 8 16 32 64 128 130 256 386 772 836 a
1 2 4 8 16 32 64 128 130 258 290 418 836 b
1 2 4 8 16 32 64 128 130 258 386 418 836 b
1 2 4 8 16 32 64 128 130 258 386 450 836 b
1 2 4 8 16 32 64 128 130 258 386 772 836 b
1 2 4 8 16 32 64 128 144 145 209 418 836 b
1 2 4 8 16 32 64 128 144 145 273 418 836 b
1 2 4 8 16 32 64 128 144 145 290 418 836 b
1 2 4 8 16 32 64 128 144 146 272 418 836 a
1 2 4 8 16 32 64 128 144 146 274 418 836 b
1 2 4 8 16 32 64 128 144 146 290 418 836 b
1 2 4 8 16 32 64 128 144 208 209 418 836 b
1 2 4 8 16 32 64 128 144 208 210 418 836 b
1 2 4 8 16 32 64 128 144 208 416 418 836 b
1 2 4 8 16 32 64 128 144 208 416 420 836 b
1 2 4 8 16 32 64 128 144 208 416 832 836 b
1 2 4 8 16 32 64 128 144 272 274 418 836 b
1 2 4 8 16 32 64 128 144 272 416 418 836 b
1 2 4 8 16 32 64 128 144 272 416 420 836 b
1 2 4 8 16 32 64 128 144 272 416 832 836 b
1 2 4 8 16 32 64 128 144 288 290 418 836 b
1 2 4 8 16 32 64 128 144 288 416 418 836 b
1 2 4 8 16 32 64 128 144 288 416 420 836 b
1 2 4 8 16 32 64 128 144 288 416 832 836 b
1 2 4 8 16 32 64 128 160 162 256 418 836 a
1 2 4 8 16 32 64 128 160 162 290 418 836 b
1 2 4 8 16 32 64 128 160 256 258 418 836 a
1 2 4 8 16 32 64 128 160 256 416 418 836 a
1 2 4 8 16 32 64 128 160 256 416 420 836 a
1 2 4 8 16 32 64 128 160 256 416 832 836 a
1 2 4 8 16 32 64 128 160 288 290 418 836 b
1 2 4 8 16 32 64 128 160 288 416 418 836 b
1 2 4 8 16 32 64 128 160 288 416 420 836 b
1 2 4 8 16 32 64 128 160 288 416 832 836 b
1 2 4 8 16 32 64 128 192 193 209 418 836 b
1 2 4 8 16 32 64 128 192 193 225 418 836 b
1 2 4 8 16 32 64 128 192 193 386 418 836 b
1 2 4 8 16 32 64 128 192 193 386 450 836 b
1 2 4 8 16 32 64 128 192 193 386 772 836 b
1 2 4 8 16 32 64 128 192 194 224 418 836 a
1 2 4 8 16 32 64 128 192 194 226 418 836 b
1 2 4 8 16 32 64 128 192 194 322 514 836 b
1 2 4 8 16 32 64 128 192 194 322 644 836 b
1 2 4 8 16 32 64 128 192 194 386 418 836 b
1 2 4 8 16 32 64 128 192 194 386 450 836 b
1 2 4 8 16 32 64 128 192 194 386 772 836 b
1 2 4 8 16 32 64 128 192 196 320 516 836 a
1 2 4 8 16 32 64 128 192 196 320 640 836 a
1 2 4 8 16 32 64 128 192 208 209 418 836 b
1 2 4 8 16 32 64 128 192 208 210 418 836 b
1 2 4 8 16 32 64 128 192 208 416 418 836 b
1 2 4 8 16 32 64 128 192 208 416 420 836 b
1 2 4 8 16 32 64 128 192 208 416 832 836 b
1 2 4 8 16 32 64 128 192 224 226 418 836 b
1 2 4 8 16 32 64 128 192 224 416 418 836 b
1 2 4 8 16 32 64 128 192 224 416 420 836 b
1 2 4 8 16 32 64 128 192 224 416 832 836 b
1 2 4 8 16 32 64 128 192 320 322 514 836 b
1 2 4 8 16 32 64 128 192 320 322 644 836 b
1 2 4 8 16 32 64 128 192 320 324 512 836 a
1 2 4 8 16 32 64 128 192 320 324 516 836 b
1 2 4 8 16 32 64 128 192 320 324 644 836 b
1 2 4 8 16 32 64 128 192 320 512 516 836 b
1 2 4 8 16 32 64 128 192 320 512 832 836 b
1 2 4 8 16 32 64 128 192 320 640 644 836 b
1 2 4 8 16 32 64 128 192 320 640 832 836 b
1 2 4 8 16 32 64 128 192 384 386 418 836 b
1 2 4 8 16 32 64 128 192 384 386 450 836 b
1 2 4 8 16 32 64 128 192 384 386 772 836 b
1 2 4 8 16 32 64 128 192 384 388 448 836 a
1 2 4 8 16 32 64 128 192 384 388 452 836 b
1 2 4 8 16 32 64 128 192 384 388 772 836 b
1 2 4 8 16 32 64 128 192 384 416 418 836 b
1 2 4 8 16 32 64 128 192 384 416 420 836 b
1 2 4 8 16 32 64 128 192 384 416 832 836 b
1 2 4 8 16 32 64 128 192 384 448 452 836 b
1 2 4 8 16 32 64 128 192 384 448 832 836 b
1 2 4 8 16 32 64 128 192 384 768 772 836 b
1 2 4 8 16 32 64 128 192 384 768 832 836 b
1 2 4 8 16 32 64 128 256 258 290 418 836 b
1 2 4 8 16 32 64 128 256 258 290 546 836 b
1 2 4 8 16 32 64 128 256 258 290 580 836 b
1 2 4 8 16 32 64 128 256 258 320 516 836 a
1 2 4 8 16 32 64 128 256 258 320 578 836 a
1 2 4 8 16 32 64 128 256 258 322 514 836 a
1 2 4 8 16 32 64 128 256 258 322 578 836 b
1 2 4 8 16 32 64 128 256 258 322 580 836 b
1 2 4 8 16 32 64 128 256 258 386 418 836 b
1 2 4 8 16 32 64 128 256 258 386 450 836 b
1 2 4 8 16 32 64 128 256 258 386 772 836 b
1 2 4 8 16 32 64 128 256 258 514 578 836 b
1 2 4 8 16 32 64 128 256 258 514 772 836 b
1 2 4 8 16 32 64 128 256 258 516 580 836 b
1 2 4 8 16 32 64 128 256 258 516 772 836 b
1 2 4 8 16 32 64 128 256 260 288 548 836 a
1 2 4 8 16 32 64 128 256 260 288 576 836 a
1 2 4 8 16 32 64 128 256 260 320 516 836 a
1 2 4 8 16 32 64 128 256 260 320 576 836 a
1 2 4 8 16 32 64 128 256 260 320 580 836 a
1 2 4 8 16 32 64 128 256 260 324 512 836 a
1 2 4 8 16 32 64 128 256 260 324 580 836 b
1 2 4 8 16 32 64 128 256 260 512 576 836 a
1 2 4 8 16 32 64 128 256 260 512 772 836 a
1 2 4 8 16 32 64 128 256 260 516 580 836 b
1 2 4 8 16 32 64 128 256 260 516 772 836 b
1 2 4 8 16 32 64 128 256 288 290 418 836 b
1 2 4 8 16 32 64 128 256 288 290 546 836 b
1 2 4 8 16 32 64 128 256 288 290 580 836 b
1 2 4 8 16 32 64 128 256 288 292 544 836 a
1 2 4 8 16 32 64 128 256 288 292 548 836 b
1 2 4 8 16 32 64 128 256 288 292 580 836 b
1 2 4 8 16 32 64 128 256 288 416 418 836 b
1 2 4 8 16 32 64 128 256 288 416 420 836 b
1 2 4 8 16 32 64 128 256 288 416 832 836 b
1 2 4 8 16 32 64 128 256 288 544 548 836 b
1 2 4 8 16 32 64 128 256 288 544 832 836 b
1 2 4 8 16 32 64 128 256 288 576 580 836 b
1 2 4 8 16 32 64 128 256 288 576 832 836 b
1 2 4 8 16 32 64 128 256 320 324 512 836 a
1 2 4 8 16 32 64 128 256 320 324 580 836 b
1 2 4 8 16 32 64 128 256 320 512 516 836 a
1 2 4 8 16 32 64 128 256 320 512 832 836 a
1 2 4 8 16 32 64 128 256 320 576 580 836 b
1 2 4 8 16 32 64 128 256 320 576 832 836 b
1 2 4 8 16 32 64 128 256 384 386 418 836 b
1 2 4 8 16 32 64 128 256 384 386 450 836 b
1 2 4 8 16 32 64 128 256 384 386 772 836 b
1 2 4 8 16 32 64 128 256 384 388 448 836 a
1 2 4 8 16 32 64 128 256 384 388 452 836 b
1 2 4 8 16 32 64 128 256 384 388 772 836 b
1 2 4 8 16 32 64 128 256 384 416 418 836 b
1 2 4 8 16 32 64 128 256 384 416 420 836 b
1 2 4 8 16 32 64 128 256 384 416 832 836 b
1 2 4 8 16 32 64 128 256 384 448 452 836 b
1 2 4 8 16 32 64 128 256 384 448 832 836 b
1 2 4 8 16 32 64 128 256 384 768 772 836 b
1 2 4 8 16 32 64 128 256 384 768 832 836 b
1 2 4 8 16 32 64 128 256 512 516 580 836 b
1 2 4 8 16 32 64 128 256 512 516 772 836 b
1 2 4 8 16 32 64 128 256 512 576 580 836 b
1 2 4 8 16 32 64 128 256 512 576 832 836 b
1 2 4 8 16 32 64 128 256 512 768 772 836 b
1 2 4 8 16 32 64 128 256 512 768 832 836 b
