1 2 3 5 10 15 25 50 100 200 400 405 805 b
1 2 3 5 10 15 25 50 100 200 400 800 805 b
1 2 3 5 10 20 25 50 100 200 400 405 805 b
1 2 3 5 10 20 25 50 100 200 400 800 805 b
1 2 3 5 10 20 30 50 100 200 400 405 805 b
1 2 3 5 10 20 30 50 100 200 400 800 805 b
1 2 3 5 10 20 40 50 100 200 400 405 805 b
1 2 3 5 10 20 40 50 100 200 400 800 805 b
1 2 3 5 10 20 40 60 100 200 400 405 805 b
1 2 3 5 10 20 40 60 100 200 400 800 805 b
1 2 3 5 10 20 40 80 81 161 322 483 805 b
1 2 3 5 10 20 40 80 81 161 322 644 805 b
1 2 3 5 10 20 40 80 100 200 400 405 805 b
1 2 3 5 10 20 40 80 100 200 400 800 805 b
1 2 3 5 10 20 40 80 120 200 400 405 805 b
1 2 3 5 10 20 40 80 120 200 400 800 805 b
1 2 3 5 10 20 40 80 160 161 322 483 805 b
1 2 3 5 10 20 40 80 160 161 322 644 805 b
1 2 3 5 10 20 40 80 160 165 320 485 805 a
1 2 3 5 10 20 40 80 160 165 320 640 805 a
1 2 3 5 10 20 40 80 160 200 400 405 805 b
1 2 3 5 10 20 40 80 160 200 400 800 805 b
1 2 3 5 10 20 40 80 160 240 400 405 805 b
1 2 3 5 10 20 40 80 160 240 400 800 805 b
1 2 3 5 10 20 40 80 160 320 325 480 805 a
1 2 3 5 10 20 40 80 160 320 325 485 805 b
1 2 3 5 10 20 40 80 160 320 325 645 805 b
1 2 3 5 10 20 40 80 160 320 400 405 805 b
1 2 3 5 10 20 40 80 160 320 400 800 805 b
1 2 3 5 10 20 40 80 160 320 480 485 805 b
1 2 3 5 10 20 40 80 160 320 480 800 805 b
1 2 3 5 10 20 40 80 160 320 640 645 805 b
1 2 3 5 10 20 40 80 160 320 640 800 805 b
1 2 4 5 10 15 25 50 100 200 400 405 805 b
1 2 4 5 10 15 25 50 100 200 400 800 805 b
1 2 4 5 10 20 25 50 100 200 400 405 805 b
1 2 4 5 10 20 25 50 100 200 400 800 805 b
1 2 4 5 10 20 30 50 100 200 400 405 805 b
1 2 4 5 10 20 30 50 100 200 400 800 805 b
1 2 4 5 10 20 40 50 100 200 400 405 805 b
1 2 4 5 10 20 40 50 100 200 400 800 805 b
1 2 4 5 10 20 40 60 100 200 400 405 805 b
1 2 4 5 10 20 40 60 100 200 400 800 805 b
1 2 4 5 10 20 40 80 81 161 322 483 805 b
1 2 4 5 10 20 40 80 81 161 322 644 805 b
1 2 4 5 10 20 40 80 100 200 400 405 805 b
1 2 4 5 10 20 40 80 100 200 400 800 805 b
1 2 4 5 10 20 40 80 120 200 400 405 805 b
1 2 4 5 10 20 40 80 120 200 400 800 805 b
1 2 4 5 10 20 40 80 160 161 322 483 805 b
1 2 4 5 10 20 40 80 160 161 322 644 805 b
1 2 4 5 10 20 40 80 160 165 320 485 805 a
1 2 4 5 10 20 40 80 160 165 320 640 805 a
1 2 4 5 10 20 40 80 160 200 400 405 805 b
1 2 4 5 10 20 40 80 160 200 400 800 805 b
1 2 4 5 10 20 40 80 160 240 400 405 805 b
1 2 4 5 10 20 40 80 160 240 400 800 805 b
1 2 4 5 10 20 40 80 160 320 325 480 805 a
1 2 4 5 10 20 40 80 160 320 325 485 805 b
1 2 4 5 10 20 40 80 160 320 325 645 805 b
1 2 4 5 10 20 40 80 160 320 400 405 805 b
1 2 4 5 10 20 40 80 160 320 400 800 805 b
1 2 4 5 10 20 40 80 160 320 480 485 805 b
1 2 4 5 10 20 40 80 160 320 480 800 805 b
1 2 4 5 10 20 40 80 160 320 640 645 805 b
1 2 4 5 10 20 40 80 160 320 640 800 805 b
1 2 4 6 10 20 40 80 81 161 322 483 805 b
1 2 4 6 10 20 40 80 81 161 322 644 805 b
1 2 4 6 10 20 40 80 160 161 322 483 805 b
1 2 4 6 10 20 40 80 160 161 322 644 805 b
1 2 4 8 10 20 40 80 81 161 322 483 805 b
1 2 4 8 10 20 40 80 81 161 322 644 805 b
1 2 4 8 10 20 40 80 160 161 322 483 805 b
1 2 4 8 10 20 40 80 160 161 322 644 805 b
1 2 4 8 12 20 40 80 81 161 322 483 805 b
1 2 4 8 12 20 40 80 81 161 322 644 805 b
1 2 4 8 12 20 40 80 160 161 322 483 805 b
1 2 4 8 12 20 40 80 160 161 322 644 805 b
1 2 4 8 16 20 40 80 81 161 322 483 805 b
1 2 4 8 16 20 40 80 81 161 322 644 805 b
1 2 4 8 16 20 40 80 160 161 322 483 805 b
1 2 4 8 16 20 40 80 160 161 322 644 805 b
1 2 4 8 16 24 40 80 81 161 322 483 805 b
1 2 4 8 16 24 40 80 81 161 322 644 805 b
1 2 4 8 16 24 40 80 160 161 322 483 805 b
1 2 4 8 16 24 40 80 160 161 322 644 805 b
1 2 4 8 16 32 33 64 97 161 322 483 805 a
1 2 4 8 16 32 33 64 97 161 322 644 805 a
1 2 4 8 16 32 33 64 128 161 322 483 805 a
1 2 4 8 16 32 33 64 128 161 322 644 805 a
1 2 4 8 16 32 40 80 81 161 322 483 805 b
1 2 4 8 16 32 40 80 81 161 322 644 805 b
1 2 4 8 16 32 40 80 160 161 322 483 805 b
1 2 4 8 16 32 40 80 160 161 322 644 805 b
1 2 4 8 16 32 48 80 81 161 322 483 805 b
1 2 4 8 16 32 48 80 81 161 322 644 805 b
1 2 4 8 16 32 48 80 160 161 322 483 805 b
1 2 4 8 16 32 48 80 160 161 322 644 805 b
1 2 4 8 16 32 64 65 96 161 322 483 805 a
1 2 4 8 16 32 64 65 96 161 322 644 805 a
1 2 4 8 16 32 64 65 97 161 322 483 805 b
1 2 4 8 16 32 64 65 97 161 322 644 805 b
1 2 4 8 16 32 64 65 129 161 322 483 805 b
1 2 4 8 16 32 64 65 129 161 322 644 805 b
1 2 4 8 16 32 64 80 81 161 322 483 805 b
1 2 4 8 16 32 64 80 81 161 322 644 805 b
1 2 4 8 16 32 64 80 160 161 322 483 805 b
1 2 4 8 16 32 64 80 160 161 322 644 805 b
1 2 4 8 16 32 64 96 97 161 322 483 805 b
1 2 4 8 16 32 64 96 97 161 322 644 805 b
1 2 4 8 16 32 64 96 160 161 322 483 805 b
1 2 4 8 16 32 64 96 160 161 322 644 805 b
1 2 4 8 16 32 64 128 129 161 322 483 805 b
1 2 4 8 16 32 64 128 129 161 322 644 805 b
1 2 4 8 16 32 64 128 160 161 322 483 805 b
1 2 4 8 16 32 64 128 160 161 322 644 805 b
