1 2 3 5 8 13 26 52 55 107 214 428 856 b
1 2 3 5 8 13 26 52 104 107 214 428 856 b
1 2 3 5 10 13 26 52 55 107 214 428 856 b
1 2 3 5 10 13 26 52 104 107 214 428 856 b
1 2 3 6 7 13 26 52 55 107 214 428 856 b
1 2 3 6 7 13 26 52 104 107 214 428 856 b
1 2 3 6 7 13 26 52 104 110 214 428 856 b
1 2 3 6 7 13 26 52 104 208 214 428 856 b
1 2 3 6 12 13 26 52 55 107 214 428 856 b
1 2 3 6 12 13 26 52 104 107 214 428 856 b
1 2 3 6 12 13 26 52 104 110 214 428 856 b
1 2 3 6 12 13 26 52 104 208 214 428 856 b
1 2 3 6 12 13 26 52 104 208 220 428 856 b
1 2 3 6 12 13 26 52 104 208 416 428 856 b
1 2 3 6 12 14 26 52 55 107 214 428 856 b
1 2 3 6 12 14 26 52 104 107 214 428 856 b
1 2 3 6 12 14 26 52 104 110 214 428 856 b
1 2 3 6 12 14 26 52 104 208 214 428 856 b
1 2 3 6 12 14 26 52 104 208 220 428 856 b
1 2 3 6 12 14 26 52 104 208 416 428 856 b
1 2 3 6 12 24 26 52 55 107 214 428 856 b
1 2 3 6 12 24 26 52 104 107 214 428 856 b
1 2 3 6 12 24 26 52 104 110 214 428 856 b
1 2 3 6 12 24 26 52 104 208 214 428 856 b
1 2 3 6 12 24 26 52 104 208 220 428 856 b
1 2 3 6 12 24 26 52 104 208 416 428 856 b
1 2 3 6 12 24 26 52 104 208 416 440 856 b
1 2 3 6 12 24 26 52 104 208 416 832 856 b
1 2 4 6 7 13 26 52 104 110 214 428 856 b
1 2 4 6 7 13 26 52 104 208 214 428 856 b
1 2 4 6 10 16 26 52 104 110 214 428 856 b
1 2 4 6 10 16 26 52 104 208 214 428 856 b
1 2 4 6 10 20 26 52 104 110 214 428 856 b
1 2 4 6 10 20 26 52 104 208 214 428 856 b
1 2 4 6 12 13 26 52 104 110 214 428 856 b
1 2 4 6 12 13 26 52 104 208 214 428 856 b
1 2 4 6 12 13 26 52 104 208 220 428 856 b
1 2 4 6 12 13 26 52 104 208 416 428 856 b
1 2 4 6 12 14 26 52 104 110 214 428 856 b
1 2 4 6 12 14 26 52 104 208 214 428 856 b
1 2 4 6 12 14 26 52 104 208 220 428 856 b
1 2 4 6 12 14 26 52 104 208 416 428 856 b
1 2 4 6 12 24 26 52 104 110 214 428 856 b
1 2 4 6 12 24 26 52 104 208 214 428 856 b
1 2 4 6 12 24 26 52 104 208 220 428 856 b
1 2 4 6 12 24 26 52 104 208 416 428 856 b
1 2 4 6 12 24 26 52 104 208 416 440 856 b
1 2 4 6 12 24 26 52 104 208 416 832 856 b
1 2 4 6 12 24 28 52 104 110 214 428 856 b
1 2 4 6 12 24 28 52 104 208 214 428 856 b
1 2 4 6 12 24 28 52 104 208 220 428 856 b
1 2 4 6 12 24 28 52 104 208 416 428 856 b
1 2 4 6 12 24 28 52 104 208 416 440 856 b
1 2 4 6 12 24 28 52 104 208 416 832 856 b
1 2 4 6 12 24 48 52 104 110 214 428 856 b
1 2 4 6 12 24 48 52 104 208 214 428 856 b
1 2 4 6 12 24 48 52 104 208 220 428 856 b
1 2 4 6 12 24 48 52 104 208 416 428 856 b
1 2 4 6 12 24 48 52 104 208 416 440 856 b
1 2 4 6 12 24 48 52 104 208 416 832 856 b
1 2 4 8 9 16 25 41 66 107 214 428 856 a
1 2 4 8 9 16 25 41 82 107 214 428 856 a
1 2 4 8 12 13 26 52 104 208 220 428 856 b
1 2 4 8 12 13 26 52 104 208 416 428 856 b
1 2 4 8 12 14 26 52 104 208 220 428 856 b
1 2 4 8 12 14 26 52 104 208 416 428 856 b
1 2 4 8 12 20 32 52 104 208 220 428 856 b
1 2 4 8 12 20 32 52 104 208 416 428 856 b
1 2 4 8 12 20 40 52 104 208 220 428 856 b
1 2 4 8 12 20 40 52 104 208 416 428 856 b
1 2 4 8 12 24 26 52 104 208 220 428 856 b
1 2 4 8 12 24 26 52 104 208 416 428 856 b
1 2 4 8 12 24 26 52 104 208 416 440 856 b
1 2 4 8 12 24 26 52 104 208 416 832 856 b
1 2 4 8 12 24 28 52 104 208 220 428 856 b
1 2 4 8 12 24 28 52 104 208 416 428 856 b
1 2 4 8 12 24 28 52 104 208 416 440 856 b
1 2 4 8 12 24 28 52 104 208 416 832 856 b
1 2 4 8 12 24 48 52 104 208 220 428 856 b
1 2 4 8 12 24 48 52 104 208 416 428 856 b
1 2 4 8 12 24 48 52 104 208 416 440 856 b
1 2 4 8 12 24 48 52 104 208 416 832 856 b
1 2 4 8 12 24 48 56 104 208 220 428 856 b
1 2 4 8 12 24 48 56 104 208 416 428 856 b
1 2 4 8 12 24 48 56 104 208 416 440 856 b
1 2 4 8 12 24 48 56 104 208 416 832 856 b
1 2 4 8 12 24 48 96 104 208 220 428 856 b
1 2 4 8 12 24 48 96 104 208 416 428 856 b
1 2 4 8 12 24 48 96 104 208 416 440 856 b
1 2 4 8 12 24 48 96 104 208 416 832 856 b
1 2 4 8 16 17 25 41 66 107 214 428 856 b
1 2 4 8 16 17 25 41 82 107 214 428 856 b
1 2 4 8 16 17 33 37 70 107 214 428 856 b
1 2 4 8 16 17 33 37 74 107 214 428 856 b
1 2 4 8 16 17 33 41 66 107 214 428 856 a
1 2 4 8 16 17 33 41 74 107 214 428 856 b
1 2 4 8 16 17 33 66 74 107 214 428 856 b
1 2 4 8 16 17 33 66 74 140 214 428 856 b
1 2 4 8 16 17 33 66 74 148 214 428 856 b
1 2 4 8 16 17 33 66 82 132 214 428 856 a
1 2 4 8 16 17 33 66 82 148 214 428 856 b
1 2 4 8 16 17 33 66 99 107 214 428 856 b
1 2 4 8 16 17 33 66 99 115 214 428 856 b
1 2 4 8 16 17 33 66 99 198 214 428 856 b
1 2 4 8 16 17 33 66 132 148 214 428 856 b
1 2 4 8 16 17 33 66 132 148 280 428 856 b
1 2 4 8 16 17 33 66 132 148 296 428 856 b
1 2 4 8 16 17 33 66 132 198 214 428 856 b
1 2 4 8 16 18 32 50 82 132 214 428 856 a
1 2 4 8 16 18 32 50 82 164 214 428 856 a
1 2 4 8 16 24 25 41 66 107 214 428 856 b
1 2 4 8 16 24 25 41 82 107 214 428 856 b
1 2 4 8 16 24 26 52 104 208 416 440 856 b
1 2 4 8 16 24 26 52 104 208 416 832 856 b
1 2 4 8 16 24 28 52 104 208 416 440 856 b
1 2 4 8 16 24 28 52 104 208 416 832 856 b
1 2 4 8 16 24 40 64 104 208 416 440 856 b
1 2 4 8 16 24 40 64 104 208 416 832 856 b
1 2 4 8 16 24 40 80 104 208 416 440 856 b
1 2 4 8 16 24 40 80 104 208 416 832 856 b
1 2 4 8 16 24 48 52 104 208 416 440 856 b
1 2 4 8 16 24 48 52 104 208 416 832 856 b
1 2 4 8 16 24 48 56 104 208 416 440 856 b
1 2 4 8 16 24 48 56 104 208 416 832 856 b
1 2 4 8 16 24 48 96 104 208 416 440 856 b
1 2 4 8 16 24 48 96 104 208 416 832 856 b
1 2 4 8 16 24 48 96 112 208 416 440 856 b
1 2 4 8 16 24 48 96 112 208 416 832 856 b
1 2 4 8 16 24 48 96 192 208 416 440 856 b
1 2 4 8 16 24 48 96 192 208 416 832 856 b
1 2 4 8 16 32 33 37 70 107 214 428 856 b
1 2 4 8 16 32 33 37 74 107 214 428 856 b
1 2 4 8 16 32 33 41 66 107 214 428 856 a
1 2 4 8 16 32 33 41 74 107 214 428 856 b
1 2 4 8 16 32 33 66 74 107 214 428 856 b
1 2 4 8 16 32 33 66 74 140 214 428 856 b
1 2 4 8 16 32 33 66 74 148 214 428 856 b
1 2 4 8 16 32 33 66 82 132 214 428 856 a
1 2 4 8 16 32 33 66 82 148 214 428 856 b
1 2 4 8 16 32 33 66 99 107 214 428 856 b
1 2 4 8 16 32 33 66 99 115 214 428 856 b
1 2 4 8 16 32 33 66 99 198 214 428 856 b
1 2 4 8 16 32 33 66 99 198 230 428 856 b
1 2 4 8 16 32 33 66 99 198 396 428 856 b
1 2 4 8 16 32 33 66 132 148 214 428 856 b
1 2 4 8 16 32 33 66 132 148 280 428 856 b
1 2 4 8 16 32 33 66 132 148 296 428 856 b
1 2 4 8 16 32 33 66 132 164 264 428 856 a
1 2 4 8 16 32 33 66 132 164 296 428 856 b
1 2 4 8 16 32 33 66 132 198 214 428 856 b
1 2 4 8 16 32 33 66 132 198 230 428 856 b
1 2 4 8 16 32 33 66 132 198 396 428 856 b
1 2 4 8 16 32 33 66 132 264 296 428 856 b
1 2 4 8 16 32 33 66 132 264 296 560 856 b
1 2 4 8 16 32 33 66 132 264 296 592 856 b
1 2 4 8 16 32 33 66 132 264 396 428 856 b
1 2 4 8 16 32 34 50 82 132 214 428 856 b
1 2 4 8 16 32 34 50 82 164 214 428 856 b
1 2 4 8 16 32 34 66 74 140 214 428 856 b
1 2 4 8 16 32 34 66 74 148 214 428 856 b
1 2 4 8 16 32 34 66 82 132 214 428 856 a
1 2 4 8 16 32 34 66 82 148 214 428 856 b
1 2 4 8 16 32 34 66 132 148 214 428 856 b
1 2 4 8 16 32 34 66 132 148 280 428 856 b
1 2 4 8 16 32 34 66 132 148 296 428 856 b
1 2 4 8 16 32 34 66 132 164 264 428 856 a
1 2 4 8 16 32 34 66 132 164 296 428 856 b
1 2 4 8 16 32 34 66 132 198 214 428 856 b
1 2 4 8 16 32 34 66 132 198 230 428 856 b
1 2 4 8 16 32 34 66 132 198 396 428 856 b
1 2 4 8 16 32 34 66 132 264 296 428 856 b
1 2 4 8 16 32 34 66 132 264 296 560 856 b
1 2 4 8 16 32 34 66 132 264 296 592 856 b
1 2 4 8 16 32 34 66 132 264 396 428 856 b
1 2 4 8 16 32 36 64 100 164 264 428 856 a
1 2 4 8 16 32 36 64 100 164 328 428 856 a
1 2 4 8 16 32 48 50 82 132 214 428 856 b
1 2 4 8 16 32 48 50 82 164 214 428 856 b
1 2 4 8 16 32 64 66 74 140 214 428 856 b
1 2 4 8 16 32 64 66 74 148 214 428 856 b
1 2 4 8 16 32 64 66 82 132 214 428 856 a
1 2 4 8 16 32 64 66 82 148 214 428 856 b
1 2 4 8 16 32 64 66 132 148 214 428 856 b
1 2 4 8 16 32 64 66 132 148 280 428 856 b
1 2 4 8 16 32 64 66 132 148 296 428 856 b
1 2 4 8 16 32 64 66 132 164 264 428 856 a
1 2 4 8 16 32 64 66 132 164 296 428 856 b
1 2 4 8 16 32 64 66 132 198 214 428 856 b
1 2 4 8 16 32 64 66 132 198 230 428 856 b
1 2 4 8 16 32 64 66 132 198 396 428 856 b
1 2 4 8 16 32 64 66 132 198 396 460 856 b
1 2 4 8 16 32 64 66 132 198 396 792 856 b
1 2 4 8 16 32 64 66 132 264 296 428 856 b
1 2 4 8 16 32 64 66 132 264 296 560 856 b
1 2 4 8 16 32 64 66 132 264 296 592 856 b
1 2 4 8 16 32 64 66 132 264 328 528 856 a
1 2 4 8 16 32 64 66 132 264 328 592 856 b
1 2 4 8 16 32 64 66 132 264 396 428 856 b
1 2 4 8 16 32 64 66 132 264 396 460 856 b
1 2 4 8 16 32 64 66 132 264 396 792 856 b
1 2 4 8 16 32 64 66 132 264 528 592 856 b
1 2 4 8 16 32 64 66 132 264 528 792 856 b
1 2 4 8 16 32 64 68 100 164 264 428 856 b
1 2 4 8 16 32 64 68 100 164 328 428 856 b
1 2 4 8 16 32 64 68 132 148 280 428 856 b
1 2 4 8 16 32 64 68 132 148 296 428 856 b
1 2 4 8 16 32 64 68 132 164 264 428 856 a
1 2 4 8 16 32 64 68 132 164 296 428 856 b
1 2 4 8 16 32 64 68 132 264 296 428 856 b
1 2 4 8 16 32 64 68 132 264 296 560 856 b
1 2 4 8 16 32 64 68 132 264 296 592 856 b
1 2 4 8 16 32 64 68 132 264 328 528 856 a
1 2 4 8 16 32 64 68 132 264 328 592 856 b
1 2 4 8 16 32 64 68 132 264 396 428 856 b
1 2 4 8 16 32 64 68 132 264 396 460 856 b
1 2 4 8 16 32 64 68 132 264 396 792 856 b
1 2 4 8 16 32 64 68 132 264 528 592 856 b
1 2 4 8 16 32 64 68 132 264 528 792 856 b
1 2 4 8 16 32 64 72 128 200 328 528 856 a
1 2 4 8 16 32 64 72 128 200 328 656 856 a
1 2 4 8 16 32 64 96 100 164 264 428 856 b
1 2 4 8 16 32 64 96 100 164 328 428 856 b
1 2 4 8 16 32 64 128 132 148 280 428 856 b
1 2 4 8 16 32 64 128 132 148 296 428 856 b
1 2 4 8 16 32 64 128 132 164 264 428 856 a
1 2 4 8 16 32 64 128 132 164 296 428 856 b
1 2 4 8 16 32 64 128 132 264 296 428 856 b
1 2 4 8 16 32 64 128 132 264 296 560 856 b
1 2 4 8 16 32 64 128 132 264 296 592 856 b
1 2 4 8 16 32 64 128 132 264 328 528 856 a
1 2 4 8 16 32 64 128 132 264 328 592 856 b
1 2 4 8 16 32 64 128 132 264 396 428 856 b
1 2 4 8 16 32 64 128 132 264 396 460 856 b
1 2 4 8 16 32 64 128 132 264 396 792 856 b
1 2 4 8 16 32 64 128 132 264 528 592 856 b
1 2 4 8 16 32 64 128 132 264 528 792 856 b
1 2 4 8 16 32 64 128 136 200 328 528 856 b
1 2 4 8 16 32 64 128 136 200 328 656 856 b
1 2 4 8 16 32 64 128 136 264 296 560 856 b
1 2 4 8 16 32 64 128 136 264 296 592 856 b
1 2 4 8 16 32 64 128 136 264 328 528 856 a
1 2 4 8 16 32 64 128 136 264 328 592 856 b
1 2 4 8 16 32 64 128 136 264 528 592 856 b
1 2 4 8 16 32 64 128 136 264 528 792 856 b
1 2 4 8 16 32 64 128 192 200 328 528 856 b
1 2 4 8 16 32 64 128 192 200 328 656 856 b
1 2 4 8 16 32 64 128 256 264 296 560 856 b
1 2 4 8 16 32 64 128 256 264 296 592 856 b
1 2 4 8 16 32 64 128 256 264 328 528 856 a
1 2 4 8 16 32 64 128 256 264 328 592 856 b
1 2 4 8 16 32 64 128 256 264 528 592 856 b
1 2 4 8 16 32 64 128 256 264 528 792 856 b
