1 2 3 5 10 15 25 50 100 200 201 401 802 b
1 2 3 5 10 15 25 50 100 200 400 401 802 b
1 2 3 5 10 15 25 50 100 200 400 402 802 b
1 2 3 5 10 15 25 50 100 200 400 800 802 b
1 2 3 5 10 20 25 50 100 200 201 401 802 b
1 2 3 5 10 20 25 50 100 200 400 401 802 b
1 2 3 5 10 20 25 50 100 200 400 402 802 b
1 2 3 5 10 20 25 50 100 200 400 800 802 b
1 2 3 5 10 20 30 50 100 200 201 401 802 b
1 2 3 5 10 20 30 50 100 200 400 401 802 b
1 2 3 5 10 20 30 50 100 200 400 402 802 b
1 2 3 5 10 20 30 50 100 200 400 800 802 b
1 2 3 5 10 20 40 50 100 200 201 401 802 b
1 2 3 5 10 20 40 50 100 200 400 401 802 b
1 2 3 5 10 20 40 50 100 200 400 402 802 b
1 2 3 5 10 20 40 50 100 200 400 800 802 b
1 2 3 5 10 20 40 60 100 200 201 401 802 b
1 2 3 5 10 20 40 60 100 200 400 401 802 b
1 2 3 5 10 20 40 60 100 200 400 402 802 b
1 2 3 5 10 20 40 60 100 200 400 800 802 b
1 2 3 5 10 20 40 80 81 160 241 401 802 a
1 2 3 5 10 20 40 80 81 160 320 401 802 a
1 2 3 5 10 20 40 80 100 200 201 401 802 b
1 2 3 5 10 20 40 80 100 200 400 401 802 b
1 2 3 5 10 20 40 80 100 200 400 402 802 b
1 2 3 5 10 20 40 80 100 200 400 800 802 b
1 2 3 5 10 20 40 80 120 200 201 401 802 b
1 2 3 5 10 20 40 80 120 200 400 401 802 b
1 2 3 5 10 20 40 80 120 200 400 402 802 b
1 2 3 5 10 20 40 80 120 200 400 800 802 b
1 2 3 5 10 20 40 80 160 161 240 401 802 a
1 2 3 5 10 20 40 80 160 161 241 401 802 b
1 2 3 5 10 20 40 80 160 161 321 401 802 b
1 2 3 5 10 20 40 80 160 161 321 481 802 b
1 2 3 5 10 20 40 80 160 161 321 642 802 b
1 2 3 5 10 20 40 80 160 162 320 482 802 a
1 2 3 5 10 20 40 80 160 162 320 640 802 a
1 2 3 5 10 20 40 80 160 200 201 401 802 b
1 2 3 5 10 20 40 80 160 200 400 401 802 b
1 2 3 5 10 20 40 80 160 200 400 402 802 b
1 2 3 5 10 20 40 80 160 200 400 800 802 b
1 2 3 5 10 20 40 80 160 240 241 401 802 b
1 2 3 5 10 20 40 80 160 240 400 401 802 b
1 2 3 5 10 20 40 80 160 240 400 402 802 b
1 2 3 5 10 20 40 80 160 240 400 800 802 b
1 2 3 5 10 20 40 80 160 320 321 401 802 b
1 2 3 5 10 20 40 80 160 320 321 481 802 b
1 2 3 5 10 20 40 80 160 320 321 642 802 b
1 2 3 5 10 20 40 80 160 320 322 480 802 a
1 2 3 5 10 20 40 80 160 320 322 482 802 b
1 2 3 5 10 20 40 80 160 320 322 642 802 b
1 2 3 5 10 20 40 80 160 320 400 401 802 b
1 2 3 5 10 20 40 80 160 320 400 402 802 b
1 2 3 5 10 20 40 80 160 320 400 800 802 b
1 2 3 5 10 20 40 80 160 320 480 482 802 b
1 2 3 5 10 20 40 80 160 320 480 800 802 b
1 2 3 5 10 20 40 80 160 320 640 642 802 b
1 2 3 5 10 20 40 80 160 320 640 800 802 b
1 2 3 6 12 13 25 50 100 200 201 401 802 b
1 2 3 6 12 13 25 50 100 200 400 401 802 b
1 2 3 6 12 13 25 50 100 200 400 402 802 b
1 2 3 6 12 13 25 50 100 200 400 800 802 b
1 2 3 6 12 24 25 50 100 200 201 401 802 b
1 2 3 6 12 24 25 50 100 200 400 401 802 b
1 2 3 6 12 24 25 50 100 200 400 402 802 b
1 2 3 6 12 24 25 50 100 200 400 800 802 b
1 2 3 6 12 24 26 50 100 200 201 401 802 b
1 2 3 6 12 24 26 50 100 200 400 401 802 b
1 2 3 6 12 24 26 50 100 200 400 402 802 b
1 2 3 6 12 24 26 50 100 200 400 800 802 b
1 2 3 6 12 24 48 50 100 200 201 401 802 b
1 2 3 6 12 24 48 50 100 200 400 401 802 b
1 2 3 6 12 24 48 50 100 200 400 402 802 b
1 2 3 6 12 24 48 50 100 200 400 800 802 b
1 2 4 5 10 15 25 50 100 200 201 401 802 b
1 2 4 5 10 15 25 50 100 200 400 401 802 b
1 2 4 5 10 15 25 50 100 200 400 402 802 b
1 2 4 5 10 15 25 50 100 200 400 800 802 b
1 2 4 5 10 20 25 50 100 200 201 401 802 b
1 2 4 5 10 20 25 50 100 200 400 401 802 b
1 2 4 5 10 20 25 50 100 200 400 402 802 b
1 2 4 5 10 20 25 50 100 200 400 800 802 b
1 2 4 5 10 20 30 50 100 200 201 401 802 b
1 2 4 5 10 20 30 50 100 200 400 401 802 b
1 2 4 5 10 20 30 50 100 200 400 402 802 b
1 2 4 5 10 20 30 50 100 200 400 800 802 b
1 2 4 5 10 20 40 50 100 200 201 401 802 b
1 2 4 5 10 20 40 50 100 200 400 401 802 b
1 2 4 5 10 20 40 50 100 200 400 402 802 b
1 2 4 5 10 20 40 50 100 200 400 800 802 b
1 2 4 5 10 20 40 60 100 200 201 401 802 b
1 2 4 5 10 20 40 60 100 200 400 401 802 b
1 2 4 5 10 20 40 60 100 200 400 402 802 b
1 2 4 5 10 20 40 60 100 200 400 800 802 b
1 2 4 5 10 20 40 80 81 160 241 401 802 a
1 2 4 5 10 20 40 80 81 160 320 401 802 a
1 2 4 5 10 20 40 80 100 200 201 401 802 b
1 2 4 5 10 20 40 80 100 200 400 401 802 b
1 2 4 5 10 20 40 80 100 200 400 402 802 b
1 2 4 5 10 20 40 80 100 200 400 800 802 b
1 2 4 5 10 20 40 80 120 200 201 401 802 b
1 2 4 5 10 20 40 80 120 200 400 401 802 b
1 2 4 5 10 20 40 80 120 200 400 402 802 b
1 2 4 5 10 20 40 80 120 200 400 800 802 b
1 2 4 5 10 20 40 80 160 161 240 401 802 a
1 2 4 5 10 20 40 80 160 161 241 401 802 b
1 2 4 5 10 20 40 80 160 161 321 401 802 b
1 2 4 5 10 20 40 80 160 161 321 481 802 b
1 2 4 5 10 20 40 80 160 161 321 642 802 b
1 2 4 5 10 20 40 80 160 162 320 482 802 a
1 2 4 5 10 20 40 80 160 162 320 640 802 a
1 2 4 5 10 20 40 80 160 200 201 401 802 b
1 2 4 5 10 20 40 80 160 200 400 401 802 b
1 2 4 5 10 20 40 80 160 200 400 402 802 b
1 2 4 5 10 20 40 80 160 200 400 800 802 b
1 2 4 5 10 20 40 80 160 240 241 401 802 b
1 2 4 5 10 20 40 80 160 240 400 401 802 b
1 2 4 5 10 20 40 80 160 240 400 402 802 b
1 2 4 5 10 20 40 80 160 240 400 800 802 b
1 2 4 5 10 20 40 80 160 320 321 401 802 b
1 2 4 5 10 20 40 80 160 320 321 481 802 b
1 2 4 5 10 20 40 80 160 320 321 642 802 b
1 2 4 5 10 20 40 80 160 320 322 480 802 a
1 2 4 5 10 20 40 80 160 320 322 482 802 b
1 2 4 5 10 20 40 80 160 320 322 642 802 b
1 2 4 5 10 20 40 80 160 320 400 401 802 b
1 2 4 5 10 20 40 80 160 320 400 402 802 b
1 2 4 5 10 20 40 80 160 320 400 800 802 b
1 2 4 5 10 20 40 80 160 320 480 482 802 b
1 2 4 5 10 20 40 80 160 320 480 800 802 b
1 2 4 5 10 20 40 80 160 320 640 642 802 b
1 2 4 5 10 20 40 80 160 320 640 800 802 b
1 2 4 6 10 20 30 50 100 200 201 401 802 b
1 2 4 6 10 20 30 50 100 200 400 401 802 b
1 2 4 6 10 20 30 50 100 200 400 402 802 b
1 2 4 6 10 20 30 50 100 200 400 800 802 b
1 2 4 6 10 20 40 50 100 200 201 401 802 b
1 2 4 6 10 20 40 50 100 200 400 401 802 b
1 2 4 6 10 20 40 50 100 200 400 402 802 b
1 2 4 6 10 20 40 50 100 200 400 800 802 b
1 2 4 6 10 20 40 60 100 200 201 401 802 b
1 2 4 6 10 20 40 60 100 200 400 401 802 b
1 2 4 6 10 20 40 60 100 200 400 402 802 b
1 2 4 6 10 20 40 60 100 200 400 800 802 b
1 2 4 6 10 20 40 80 81 160 241 401 802 a
1 2 4 6 10 20 40 80 81 160 320 401 802 a
1 2 4 6 10 20 40 80 100 200 201 401 802 b
1 2 4 6 10 20 40 80 100 200 400 401 802 b
1 2 4 6 10 20 40 80 100 200 400 402 802 b
1 2 4 6 10 20 40 80 100 200 400 800 802 b
1 2 4 6 10 20 40 80 120 200 201 401 802 b
1 2 4 6 10 20 40 80 120 200 400 401 802 b
1 2 4 6 10 20 40 80 120 200 400 402 802 b
1 2 4 6 10 20 40 80 120 200 400 800 802 b
1 2 4 6 10 20 40 80 160 161 240 401 802 a
1 2 4 6 10 20 40 80 160 161 241 401 802 b
1 2 4 6 10 20 40 80 160 161 321 401 802 b
1 2 4 6 10 20 40 80 160 161 321 481 802 b
1 2 4 6 10 20 40 80 160 161 321 642 802 b
1 2 4 6 10 20 40 80 160 162 320 482 802 a
1 2 4 6 10 20 40 80 160 162 320 640 802 a
1 2 4 6 10 20 40 80 160 200 201 401 802 b
1 2 4 6 10 20 40 80 160 200 400 401 802 b
1 2 4 6 10 20 40 80 160 200 400 402 802 b
1 2 4 6 10 20 40 80 160 200 400 800 802 b
1 2 4 6 10 20 40 80 160 240 241 401 802 b
1 2 4 6 10 20 40 80 160 240 400 401 802 b
1 2 4 6 10 20 40 80 160 240 400 402 802 b
1 2 4 6 10 20 40 80 160 240 400 800 802 b
1 2 4 6 10 20 40 80 160 320 321 401 802 b
1 2 4 6 10 20 40 80 160 320 321 481 802 b
1 2 4 6 10 20 40 80 160 320 321 642 802 b
1 2 4 6 10 20 40 80 160 320 322 480 802 a
1 2 4 6 10 20 40 80 160 320 322 482 802 b
1 2 4 6 10 20 40 80 160 320 322 642 802 b
1 2 4 6 10 20 40 80 160 320 400 401 802 b
1 2 4 6 10 20 40 80 160 320 400 402 802 b
1 2 4 6 10 20 40 80 160 320 400 800 802 b
1 2 4 6 10 20 40 80 160 320 480 482 802 b
1 2 4 6 10 20 40 80 160 320 480 800 802 b
1 2 4 6 10 20 40 80 160 320 640 642 802 b
1 2 4 6 10 20 40 80 160 320 640 800 802 b
1 2 4 6 12 13 25 50 100 200 201 401 802 b
1 2 4 6 12 13 25 50 100 200 400 401 802 b
1 2 4 6 12 13 25 50 100 200 400 402 802 b
1 2 4 6 12 13 25 50 100 200 400 800 802 b
1 2 4 6 12 24 25 50 100 200 201 401 802 b
1 2 4 6 12 24 25 50 100 200 400 401 802 b
1 2 4 6 12 24 25 50 100 200 400 402 802 b
1 2 4 6 12 24 25 50 100 200 400 800 802 b
1 2 4 6 12 24 26 50 100 200 201 401 802 b
1 2 4 6 12 24 26 50 100 200 400 401 802 b
1 2 4 6 12 24 26 50 100 200 400 402 802 b
1 2 4 6 12 24 26 50 100 200 400 800 802 b
1 2 4 6 12 24 48 50 100 200 201 401 802 b
1 2 4 6 12 24 48 50 100 200 400 401 802 b
1 2 4 6 12 24 48 50 100 200 400 402 802 b
1 2 4 6 12 24 48 50 100 200 400 800 802 b
1 2 4 6 12 24 48 52 100 200 201 401 802 b
1 2 4 6 12 24 48 52 100 200 400 401 802 b
1 2 4 6 12 24 48 52 100 200 400 402 802 b
1 2 4 6 12 24 48 52 100 200 400 800 802 b
1 2 4 6 12 24 48 96 100 200 201 401 802 b
1 2 4 6 12 24 48 96 100 200 400 401 802 b
1 2 4 6 12 24 48 96 100 200 400 402 802 b
1 2 4 6 12 24 48 96 100 200 400 800 802 b
1 2 4 8 9 16 25 50 100 200 201 401 802 a
1 2 4 8 9 16 25 50 100 200 400 401 802 a
1 2 4 8 9 16 25 50 100 200 400 402 802 a
1 2 4 8 9 16 25 50 100 200 400 800 802 a
1 2 4 8 9 17 25 50 100 200 201 401 802 b
1 2 4 8 9 17 25 50 100 200 400 401 802 b
1 2 4 8 9 17 25 50 100 200 400 402 802 b
1 2 4 8 9 17 25 50 100 200 400 800 802 b
1 2 4 8 10 20 30 50 100 200 201 401 802 b
1 2 4 8 10 20 30 50 100 200 400 401 802 b
1 2 4 8 10 20 30 50 100 200 400 402 802 b
1 2 4 8 10 20 30 50 100 200 400 800 802 b
1 2 4 8 10 20 40 50 100 200 201 401 802 b
1 2 4 8 10 20 40 50 100 200 400 401 802 b
1 2 4 8 10 20 40 50 100 200 400 402 802 b
1 2 4 8 10 20 40 50 100 200 400 800 802 b
1 2 4 8 10 20 40 60 100 200 201 401 802 b
1 2 4 8 10 20 40 60 100 200 400 401 802 b
1 2 4 8 10 20 40 60 100 200 400 402 802 b
1 2 4 8 10 20 40 60 100 200 400 800 802 b
1 2 4 8 10 20 40 80 81 160 241 401 802 a
1 2 4 8 10 20 40 80 81 160 320 401 802 a
1 2 4 8 10 20 40 80 100 200 201 401 802 b
1 2 4 8 10 20 40 80 100 200 400 401 802 b
1 2 4 8 10 20 40 80 100 200 400 402 802 b
1 2 4 8 10 20 40 80 100 200 400 800 802 b
1 2 4 8 10 20 40 80 120 200 201 401 802 b
1 2 4 8 10 20 40 80 120 200 400 401 802 b
1 2 4 8 10 20 40 80 120 200 400 402 802 b
1 2 4 8 10 20 40 80 120 200 400 800 802 b
1 2 4 8 10 20 40 80 160 161 240 401 802 a
1 2 4 8 10 20 40 80 160 161 241 401 802 b
1 2 4 8 10 20 40 80 160 161 321 401 802 b
1 2 4 8 10 20 40 80 160 161 321 481 802 b
1 2 4 8 10 20 40 80 160 161 321 642 802 b
1 2 4 8 10 20 40 80 160 162 320 482 802 a
1 2 4 8 10 20 40 80 160 162 320 640 802 a
1 2 4 8 10 20 40 80 160 200 201 401 802 b
1 2 4 8 10 20 40 80 160 200 400 401 802 b
1 2 4 8 10 20 40 80 160 200 400 402 802 b
1 2 4 8 10 20 40 80 160 200 400 800 802 b
1 2 4 8 10 20 40 80 160 240 241 401 802 b
1 2 4 8 10 20 40 80 160 240 400 401 802 b
1 2 4 8 10 20 40 80 160 240 400 402 802 b
1 2 4 8 10 20 40 80 160 240 400 800 802 b
1 2 4 8 10 20 40 80 160 320 321 401 802 b
1 2 4 8 10 20 40 80 160 320 321 481 802 b
1 2 4 8 10 20 40 80 160 320 321 642 802 b
1 2 4 8 10 20 40 80 160 320 322 480 802 a
1 2 4 8 10 20 40 80 160 320 322 482 802 b
1 2 4 8 10 20 40 80 160 320 322 642 802 b
1 2 4 8 10 20 40 80 160 320 400 401 802 b
1 2 4 8 10 20 40 80 160 320 400 402 802 b
1 2 4 8 10 20 40 80 160 320 400 800 802 b
1 2 4 8 10 20 40 80 160 320 480 482 802 b
1 2 4 8 10 20 40 80 160 320 480 800 802 b
1 2 4 8 10 20 40 80 160 320 640 642 802 b
1 2 4 8 10 20 40 80 160 320 640 800 802 b
1 2 4 8 12 13 25 50 100 200 201 401 802 b
1 2 4 8 12 13 25 50 100 200 400 401 802 b
1 2 4 8 12 13 25 50 100 200 400 402 802 b
1 2 4 8 12 13 25 50 100 200 400 800 802 b
1 2 4 8 12 20 40 60 100 200 201 401 802 b
1 2 4 8 12 20 40 60 100 200 400 401 802 b
1 2 4 8 12 20 40 60 100 200 400 402 802 b
1 2 4 8 12 20 40 60 100 200 400 800 802 b
1 2 4 8 12 20 40 80 81 160 241 401 802 a
1 2 4 8 12 20 40 80 81 160 320 401 802 a
1 2 4 8 12 20 40 80 100 200 201 401 802 b
1 2 4 8 12 20 40 80 100 200 400 401 802 b
1 2 4 8 12 20 40 80 100 200 400 402 802 b
1 2 4 8 12 20 40 80 100 200 400 800 802 b
1 2 4 8 12 20 40 80 120 200 201 401 802 b
1 2 4 8 12 20 40 80 120 200 400 401 802 b
1 2 4 8 12 20 40 80 120 200 400 402 802 b
1 2 4 8 12 20 40 80 120 200 400 800 802 b
1 2 4 8 12 20 40 80 160 161 240 401 802 a
1 2 4 8 12 20 40 80 160 161 241 401 802 b
1 2 4 8 12 20 40 80 160 161 321 401 802 b
1 2 4 8 12 20 40 80 160 161 321 481 802 b
1 2 4 8 12 20 40 80 160 161 321 642 802 b
1 2 4 8 12 20 40 80 160 162 320 482 802 a
1 2 4 8 12 20 40 80 160 162 320 640 802 a
1 2 4 8 12 20 40 80 160 200 201 401 802 b
1 2 4 8 12 20 40 80 160 200 400 401 802 b
1 2 4 8 12 20 40 80 160 200 400 402 802 b
1 2 4 8 12 20 40 80 160 200 400 800 802 b
1 2 4 8 12 20 40 80 160 240 241 401 802 b
1 2 4 8 12 20 40 80 160 240 400 401 802 b
1 2 4 8 12 20 40 80 160 240 400 402 802 b
1 2 4 8 12 20 40 80 160 240 400 800 802 b
1 2 4 8 12 20 40 80 160 320 321 401 802 b
1 2 4 8 12 20 40 80 160 320 321 481 802 b
1 2 4 8 12 20 40 80 160 320 321 642 802 b
1 2 4 8 12 20 40 80 160 320 322 480 802 a
1 2 4 8 12 20 40 80 160 320 322 482 802 b
1 2 4 8 12 20 40 80 160 320 322 642 802 b
1 2 4 8 12 20 40 80 160 320 400 401 802 b
1 2 4 8 12 20 40 80 160 320 400 402 802 b
1 2 4 8 12 20 40 80 160 320 400 800 802 b
1 2 4 8 12 20 40 80 160 320 480 482 802 b
1 2 4 8 12 20 40 80 160 320 480 800 802 b
1 2 4 8 12 20 40 80 160 320 640 642 802 b
1 2 4 8 12 20 40 80 160 320 640 800 802 b
1 2 4 8 12 24 25 50 100 200 201 401 802 b
1 2 4 8 12 24 25 50 100 200 400 401 802 b
1 2 4 8 12 24 25 50 100 200 400 402 802 b
1 2 4 8 12 24 25 50 100 200 400 800 802 b
1 2 4 8 12 24 26 50 100 200 201 401 802 b
1 2 4 8 12 24 26 50 100 200 400 401 802 b
1 2 4 8 12 24 26 50 100 200 400 402 802 b
1 2 4 8 12 24 26 50 100 200 400 800 802 b
1 2 4 8 12 24 48 50 100 200 201 401 802 b
1 2 4 8 12 24 48 50 100 200 400 401 802 b
1 2 4 8 12 24 48 50 100 200 400 402 802 b
1 2 4 8 12 24 48 50 100 200 400 800 802 b
1 2 4 8 12 24 48 52 100 200 201 401 802 b
1 2 4 8 12 24 48 52 100 200 400 401 802 b
1 2 4 8 12 24 48 52 100 200 400 402 802 b
1 2 4 8 12 24 48 52 100 200 400 800 802 b
1 2 4 8 12 24 48 96 100 200 201 401 802 b
1 2 4 8 12 24 48 96 100 200 400 401 802 b
1 2 4 8 12 24 48 96 100 200 400 402 802 b
1 2 4 8 12 24 48 96 100 200 400 800 802 b
1 2 4 8 12 24 48 96 104 200 201 401 802 b
1 2 4 8 12 24 48 96 104 200 400 401 802 b
1 2 4 8 12 24 48 96 104 200 400 402 802 b
1 2 4 8 12 24 48 96 104 200 400 800 802 b
1 2 4 8 12 24 48 96 192 200 201 401 802 b
1 2 4 8 12 24 48 96 192 200 400 401 802 b
1 2 4 8 12 24 48 96 192 200 400 402 802 b
1 2 4 8 12 24 48 96 192 200 400 800 802 b
1 2 4 8 16 17 24 48 96 192 209 401 802 a
1 2 4 8 16 17 24 48 96 192 384 401 802 a
1 2 4 8 16 17 25 50 100 200 201 401 802 b
1 2 4 8 16 17 25 50 100 200 400 401 802 b
1 2 4 8 16 17 25 50 100 200 400 402 802 b
1 2 4 8 16 17 25 50 100 200 400 800 802 b
1 2 4 8 16 17 32 48 96 192 209 401 802 a
1 2 4 8 16 17 32 48 96 192 384 401 802 a
1 2 4 8 16 17 32 64 96 192 209 401 802 a
1 2 4 8 16 17 32 64 96 192 384 401 802 a
1 2 4 8 16 17 32 64 128 145 256 401 802 a
1 2 4 8 16 17 32 64 128 145 273 401 802 a
1 2 4 8 16 17 32 64 128 192 209 401 802 a
1 2 4 8 16 17 32 64 128 192 384 401 802 a
1 2 4 8 16 17 32 64 128 256 273 401 802 a
1 2 4 8 16 17 32 64 128 256 273 529 802 a
1 2 4 8 16 17 32 64 128 256 273 546 802 a
1 2 4 8 16 17 32 64 128 256 384 401 802 a
1 2 4 8 16 17 33 50 100 200 201 401 802 b
1 2 4 8 16 17 33 50 100 200 400 401 802 b
1 2 4 8 16 17 33 50 100 200 400 402 802 b
1 2 4 8 16 17 33 50 100 200 400 800 802 b
1 2 4 8 16 17 34 50 100 200 201 401 802 b
1 2 4 8 16 17 34 50 100 200 400 401 802 b
1 2 4 8 16 17 34 50 100 200 400 402 802 b
1 2 4 8 16 17 34 50 100 200 400 800 802 b
1 2 4 8 16 18 32 50 100 200 201 401 802 a
1 2 4 8 16 18 32 50 100 200 400 401 802 a
1 2 4 8 16 18 32 50 100 200 400 402 802 a
1 2 4 8 16 18 32 50 100 200 400 800 802 a
1 2 4 8 16 18 34 50 100 200 201 401 802 b
1 2 4 8 16 18 34 50 100 200 400 401 802 b
1 2 4 8 16 18 34 50 100 200 400 402 802 b
1 2 4 8 16 18 34 50 100 200 400 800 802 b
1 2 4 8 16 20 40 60 100 200 201 401 802 b
1 2 4 8 16 20 40 60 100 200 400 401 802 b
1 2 4 8 16 20 40 60 100 200 400 402 802 b
1 2 4 8 16 20 40 60 100 200 400 800 802 b
1 2 4 8 16 20 40 80 81 160 241 401 802 a
1 2 4 8 16 20 40 80 81 160 320 401 802 a
1 2 4 8 16 20 40 80 100 200 201 401 802 b
1 2 4 8 16 20 40 80 100 200 400 401 802 b
1 2 4 8 16 20 40 80 100 200 400 402 802 b
1 2 4 8 16 20 40 80 100 200 400 800 802 b
1 2 4 8 16 20 40 80 120 200 201 401 802 b
1 2 4 8 16 20 40 80 120 200 400 401 802 b
1 2 4 8 16 20 40 80 120 200 400 402 802 b
1 2 4 8 16 20 40 80 120 200 400 800 802 b
1 2 4 8 16 20 40 80 160 161 240 401 802 a
1 2 4 8 16 20 40 80 160 161 241 401 802 b
1 2 4 8 16 20 40 80 160 161 321 401 802 b
1 2 4 8 16 20 40 80 160 161 321 481 802 b
1 2 4 8 16 20 40 80 160 161 321 642 802 b
1 2 4 8 16 20 40 80 160 162 320 482 802 a
1 2 4 8 16 20 40 80 160 162 320 640 802 a
1 2 4 8 16 20 40 80 160 200 201 401 802 b
1 2 4 8 16 20 40 80 160 200 400 401 802 b
1 2 4 8 16 20 40 80 160 200 400 402 802 b
1 2 4 8 16 20 40 80 160 200 400 800 802 b
1 2 4 8 16 20 40 80 160 240 241 401 802 b
1 2 4 8 16 20 40 80 160 240 400 401 802 b
1 2 4 8 16 20 40 80 160 240 400 402 802 b
1 2 4 8 16 20 40 80 160 240 400 800 802 b
1 2 4 8 16 20 40 80 160 320 321 401 802 b
1 2 4 8 16 20 40 80 160 320 321 481 802 b
1 2 4 8 16 20 40 80 160 320 321 642 802 b
1 2 4 8 16 20 40 80 160 320 322 480 802 a
1 2 4 8 16 20 40 80 160 320 322 482 802 b
1 2 4 8 16 20 40 80 160 320 322 642 802 b
1 2 4 8 16 20 40 80 160 320 400 401 802 b
1 2 4 8 16 20 40 80 160 320 400 402 802 b
1 2 4 8 16 20 40 80 160 320 400 800 802 b
1 2 4 8 16 20 40 80 160 320 480 482 802 b
1 2 4 8 16 20 40 80 160 320 480 800 802 b
1 2 4 8 16 20 40 80 160 320 640 642 802 b
1 2 4 8 16 20 40 80 160 320 640 800 802 b
1 2 4 8 16 24 25 50 100 200 201 401 802 b
1 2 4 8 16 24 25 50 100 200 400 401 802 b
1 2 4 8 16 24 25 50 100 200 400 402 802 b
1 2 4 8 16 24 25 50 100 200 400 800 802 b
1 2 4 8 16 24 26 50 100 200 201 401 802 b
1 2 4 8 16 24 26 50 100 200 400 401 802 b
1 2 4 8 16 24 26 50 100 200 400 402 802 b
1 2 4 8 16 24 26 50 100 200 400 800 802 b
1 2 4 8 16 24 40 80 81 160 241 401 802 a
1 2 4 8 16 24 40 80 81 160 320 401 802 a
1 2 4 8 16 24 40 80 120 200 201 401 802 b
1 2 4 8 16 24 40 80 120 200 400 401 802 b
1 2 4 8 16 24 40 80 120 200 400 402 802 b
1 2 4 8 16 24 40 80 120 200 400 800 802 b
1 2 4 8 16 24 40 80 160 161 240 401 802 a
1 2 4 8 16 24 40 80 160 161 241 401 802 b
1 2 4 8 16 24 40 80 160 161 321 401 802 b
1 2 4 8 16 24 40 80 160 161 321 481 802 b
1 2 4 8 16 24 40 80 160 161 321 642 802 b
1 2 4 8 16 24 40 80 160 162 320 482 802 a
1 2 4 8 16 24 40 80 160 162 320 640 802 a
1 2 4 8 16 24 40 80 160 200 201 401 802 b
1 2 4 8 16 24 40 80 160 200 400 401 802 b
1 2 4 8 16 24 40 80 160 200 400 402 802 b
1 2 4 8 16 24 40 80 160 200 400 800 802 b
1 2 4 8 16 24 40 80 160 240 241 401 802 b
1 2 4 8 16 24 40 80 160 240 400 401 802 b
1 2 4 8 16 24 40 80 160 240 400 402 802 b
1 2 4 8 16 24 40 80 160 240 400 800 802 b
1 2 4 8 16 24 40 80 160 320 321 401 802 b
1 2 4 8 16 24 40 80 160 320 321 481 802 b
1 2 4 8 16 24 40 80 160 320 321 642 802 b
1 2 4 8 16 24 40 80 160 320 322 480 802 a
1 2 4 8 16 24 40 80 160 320 322 482 802 b
1 2 4 8 16 24 40 80 160 320 322 642 802 b
1 2 4 8 16 24 40 80 160 320 400 401 802 b
1 2 4 8 16 24 40 80 160 320 400 402 802 b
1 2 4 8 16 24 40 80 160 320 400 800 802 b
1 2 4 8 16 24 40 80 160 320 480 482 802 b
1 2 4 8 16 24 40 80 160 320 480 800 802 b
1 2 4 8 16 24 40 80 160 320 640 642 802 b
1 2 4 8 16 24 40 80 160 320 640 800 802 b
1 2 4 8 16 24 48 50 100 200 201 401 802 b
1 2 4 8 16 24 48 50 100 200 400 401 802 b
1 2 4 8 16 24 48 50 100 200 400 402 802 b
1 2 4 8 16 24 48 50 100 200 400 800 802 b
1 2 4 8 16 24 48 52 100 200 201 401 802 b
1 2 4 8 16 24 48 52 100 200 400 401 802 b
1 2 4 8 16 24 48 52 100 200 400 402 802 b
1 2 4 8 16 24 48 52 100 200 400 800 802 b
1 2 4 8 16 24 48 96 100 200 201 401 802 b
1 2 4 8 16 24 48 96 100 200 400 401 802 b
1 2 4 8 16 24 48 96 100 200 400 402 802 b
1 2 4 8 16 24 48 96 100 200 400 800 802 b
1 2 4 8 16 24 48 96 104 200 201 401 802 b
1 2 4 8 16 24 48 96 104 200 400 401 802 b
1 2 4 8 16 24 48 96 104 200 400 402 802 b
1 2 4 8 16 24 48 96 104 200 400 800 802 b
1 2 4 8 16 24 48 96 192 193 208 401 802 a
1 2 4 8 16 24 48 96 192 193 209 401 802 b
1 2 4 8 16 24 48 96 192 193 385 401 802 b
1 2 4 8 16 24 48 96 192 200 201 401 802 b
1 2 4 8 16 24 48 96 192 200 400 401 802 b
1 2 4 8 16 24 48 96 192 200 400 402 802 b
1 2 4 8 16 24 48 96 192 200 400 800 802 b
1 2 4 8 16 24 48 96 192 208 209 401 802 b
1 2 4 8 16 24 48 96 192 208 400 401 802 b
1 2 4 8 16 24 48 96 192 208 400 402 802 b
1 2 4 8 16 24 48 96 192 208 400 800 802 b
1 2 4 8 16 24 48 96 192 384 385 401 802 b
1 2 4 8 16 24 48 96 192 384 400 401 802 b
1 2 4 8 16 24 48 96 192 384 400 402 802 b
1 2 4 8 16 24 48 96 192 384 400 800 802 b
1 2 4 8 16 32 34 48 96 192 384 418 802 a
1 2 4 8 16 32 34 48 96 192 384 768 802 a
1 2 4 8 16 32 34 50 100 200 201 401 802 b
1 2 4 8 16 32 34 50 100 200 400 401 802 b
1 2 4 8 16 32 34 50 100 200 400 402 802 b
1 2 4 8 16 32 34 50 100 200 400 800 802 b
1 2 4 8 16 32 34 64 96 192 384 418 802 a
1 2 4 8 16 32 34 64 96 192 384 768 802 a
1 2 4 8 16 32 34 64 128 192 384 418 802 a
1 2 4 8 16 32 34 64 128 192 384 768 802 a
1 2 4 8 16 32 34 64 128 256 290 512 802 a
1 2 4 8 16 32 34 64 128 256 290 546 802 a
1 2 4 8 16 32 34 64 128 256 384 418 802 a
1 2 4 8 16 32 34 64 128 256 384 768 802 a
1 2 4 8 16 32 34 64 128 256 512 546 802 a
1 2 4 8 16 32 34 64 128 256 512 768 802 a
1 2 4 8 16 32 34 66 100 200 201 401 802 b
1 2 4 8 16 32 34 66 100 200 400 401 802 b
1 2 4 8 16 32 34 66 100 200 400 402 802 b
1 2 4 8 16 32 34 66 100 200 400 800 802 b
1 2 4 8 16 32 34 68 100 200 201 401 802 b
1 2 4 8 16 32 34 68 100 200 400 401 802 b
1 2 4 8 16 32 34 68 100 200 400 402 802 b
1 2 4 8 16 32 34 68 100 200 400 800 802 b
1 2 4 8 16 32 36 64 100 200 201 401 802 a
1 2 4 8 16 32 36 64 100 200 400 401 802 a
1 2 4 8 16 32 36 64 100 200 400 402 802 a
1 2 4 8 16 32 36 64 100 200 400 800 802 a
1 2 4 8 16 32 36 68 100 200 201 401 802 b
1 2 4 8 16 32 36 68 100 200 400 401 802 b
1 2 4 8 16 32 36 68 100 200 400 402 802 b
1 2 4 8 16 32 36 68 100 200 400 800 802 b
1 2 4 8 16 32 40 80 81 160 241 401 802 a
1 2 4 8 16 32 40 80 81 160 320 401 802 a
1 2 4 8 16 32 40 80 120 200 201 401 802 b
1 2 4 8 16 32 40 80 120 200 400 401 802 b
1 2 4 8 16 32 40 80 120 200 400 402 802 b
1 2 4 8 16 32 40 80 120 200 400 800 802 b
1 2 4 8 16 32 40 80 160 161 240 401 802 a
1 2 4 8 16 32 40 80 160 161 241 401 802 b
1 2 4 8 16 32 40 80 160 161 321 401 802 b
1 2 4 8 16 32 40 80 160 161 321 481 802 b
1 2 4 8 16 32 40 80 160 161 321 642 802 b
1 2 4 8 16 32 40 80 160 162 320 482 802 a
1 2 4 8 16 32 40 80 160 162 320 640 802 a
1 2 4 8 16 32 40 80 160 200 201 401 802 b
1 2 4 8 16 32 40 80 160 200 400 401 802 b
1 2 4 8 16 32 40 80 160 200 400 402 802 b
1 2 4 8 16 32 40 80 160 200 400 800 802 b
1 2 4 8 16 32 40 80 160 240 241 401 802 b
1 2 4 8 16 32 40 80 160 240 400 401 802 b
1 2 4 8 16 32 40 80 160 240 400 402 802 b
1 2 4 8 16 32 40 80 160 240 400 800 802 b
1 2 4 8 16 32 40 80 160 320 321 401 802 b
1 2 4 8 16 32 40 80 160 320 321 481 802 b
1 2 4 8 16 32 40 80 160 320 321 642 802 b
1 2 4 8 16 32 40 80 160 320 322 480 802 a
1 2 4 8 16 32 40 80 160 320 322 482 802 b
1 2 4 8 16 32 40 80 160 320 322 642 802 b
1 2 4 8 16 32 40 80 160 320 400 401 802 b
1 2 4 8 16 32 40 80 160 320 400 402 802 b
1 2 4 8 16 32 40 80 160 320 400 800 802 b
1 2 4 8 16 32 40 80 160 320 480 482 802 b
1 2 4 8 16 32 40 80 160 320 480 800 802 b
1 2 4 8 16 32 40 80 160 320 640 642 802 b
1 2 4 8 16 32 40 80 160 320 640 800 802 b
1 2 4 8 16 32 48 50 100 200 201 401 802 b
1 2 4 8 16 32 48 50 100 200 400 401 802 b
1 2 4 8 16 32 48 50 100 200 400 402 802 b
1 2 4 8 16 32 48 50 100 200 400 800 802 b
1 2 4 8 16 32 48 52 100 200 201 401 802 b
1 2 4 8 16 32 48 52 100 200 400 401 802 b
1 2 4 8 16 32 48 52 100 200 400 402 802 b
1 2 4 8 16 32 48 52 100 200 400 800 802 b
1 2 4 8 16 32 48 80 81 160 241 401 802 a
1 2 4 8 16 32 48 80 81 160 320 401 802 a
1 2 4 8 16 32 48 80 160 161 240 401 802 a
1 2 4 8 16 32 48 80 160 161 241 401 802 b
1 2 4 8 16 32 48 80 160 161 321 401 802 b
1 2 4 8 16 32 48 80 160 161 321 481 802 b
1 2 4 8 16 32 48 80 160 161 321 642 802 b
1 2 4 8 16 32 48 80 160 162 320 482 802 a
1 2 4 8 16 32 48 80 160 162 320 640 802 a
1 2 4 8 16 32 48 80 160 240 241 401 802 b
1 2 4 8 16 32 48 80 160 240 400 401 802 b
1 2 4 8 16 32 48 80 160 240 400 402 802 b
1 2 4 8 16 32 48 80 160 240 400 800 802 b
1 2 4 8 16 32 48 80 160 320 321 401 802 b
1 2 4 8 16 32 48 80 160 320 321 481 802 b
1 2 4 8 16 32 48 80 160 320 321 642 802 b
1 2 4 8 16 32 48 80 160 320 322 480 802 a
1 2 4 8 16 32 48 80 160 320 322 482 802 b
1 2 4 8 16 32 48 80 160 320 322 642 802 b
1 2 4 8 16 32 48 80 160 320 400 401 802 b
1 2 4 8 16 32 48 80 160 320 400 402 802 b
1 2 4 8 16 32 48 80 160 320 400 800 802 b
1 2 4 8 16 32 48 80 160 320 480 482 802 b
1 2 4 8 16 32 48 80 160 320 480 800 802 b
1 2 4 8 16 32 48 80 160 320 640 642 802 b
1 2 4 8 16 32 48 80 160 320 640 800 802 b
1 2 4 8 16 32 48 96 100 200 201 401 802 b
1 2 4 8 16 32 48 96 100 200 400 401 802 b
1 2 4 8 16 32 48 96 100 200 400 402 802 b
1 2 4 8 16 32 48 96 100 200 400 800 802 b
1 2 4 8 16 32 48 96 104 200 201 401 802 b
1 2 4 8 16 32 48 96 104 200 400 401 802 b
1 2 4 8 16 32 48 96 104 200 400 402 802 b
1 2 4 8 16 32 48 96 104 200 400 800 802 b
1 2 4 8 16 32 48 96 192 193 208 401 802 a
1 2 4 8 16 32 48 96 192 193 209 401 802 b
1 2 4 8 16 32 48 96 192 193 385 401 802 b
1 2 4 8 16 32 48 96 192 193 385 417 802 b
1 2 4 8 16 32 48 96 192 193 385 770 802 b
1 2 4 8 16 32 48 96 192 200 201 401 802 b
1 2 4 8 16 32 48 96 192 200 400 401 802 b
1 2 4 8 16 32 48 96 192 200 400 402 802 b
1 2 4 8 16 32 48 96 192 200 400 800 802 b
1 2 4 8 16 32 48 96 192 208 209 401 802 b
1 2 4 8 16 32 48 96 192 208 400 401 802 b
1 2 4 8 16 32 48 96 192 208 400 402 802 b
1 2 4 8 16 32 48 96 192 208 400 800 802 b
1 2 4 8 16 32 48 96 192 384 385 401 802 b
1 2 4 8 16 32 48 96 192 384 385 417 802 b
1 2 4 8 16 32 48 96 192 384 385 770 802 b
1 2 4 8 16 32 48 96 192 384 386 416 802 a
1 2 4 8 16 32 48 96 192 384 386 418 802 b
1 2 4 8 16 32 48 96 192 384 386 770 802 b
1 2 4 8 16 32 48 96 192 384 400 401 802 b
1 2 4 8 16 32 48 96 192 384 400 402 802 b
1 2 4 8 16 32 48 96 192 384 400 800 802 b
1 2 4 8 16 32 48 96 192 384 416 418 802 b
1 2 4 8 16 32 48 96 192 384 416 800 802 b
1 2 4 8 16 32 48 96 192 384 768 770 802 b
1 2 4 8 16 32 48 96 192 384 768 800 802 b
1 2 4 8 16 32 64 68 100 200 201 401 802 b
1 2 4 8 16 32 64 68 100 200 400 401 802 b
1 2 4 8 16 32 64 68 100 200 400 402 802 b
1 2 4 8 16 32 64 68 100 200 400 800 802 b
1 2 4 8 16 32 64 68 132 200 201 401 802 b
1 2 4 8 16 32 64 68 132 200 400 401 802 b
1 2 4 8 16 32 64 68 132 200 400 402 802 b
1 2 4 8 16 32 64 68 132 200 400 800 802 b
1 2 4 8 16 32 64 68 136 200 201 401 802 b
1 2 4 8 16 32 64 68 136 200 400 401 802 b
1 2 4 8 16 32 64 68 136 200 400 402 802 b
1 2 4 8 16 32 64 68 136 200 400 800 802 b
1 2 4 8 16 32 64 72 128 200 201 401 802 a
1 2 4 8 16 32 64 72 128 200 400 401 802 a
1 2 4 8 16 32 64 72 128 200 400 402 802 a
1 2 4 8 16 32 64 72 128 200 400 800 802 a
1 2 4 8 16 32 64 72 136 200 201 401 802 b
1 2 4 8 16 32 64 72 136 200 400 401 802 b
1 2 4 8 16 32 64 72 136 200 400 402 802 b
1 2 4 8 16 32 64 72 136 200 400 800 802 b
1 2 4 8 16 32 64 80 81 160 241 401 802 a
1 2 4 8 16 32 64 80 81 160 320 401 802 a
1 2 4 8 16 32 64 80 160 161 240 401 802 a
1 2 4 8 16 32 64 80 160 161 241 401 802 b
1 2 4 8 16 32 64 80 160 161 321 401 802 b
1 2 4 8 16 32 64 80 160 161 321 481 802 b
1 2 4 8 16 32 64 80 160 161 321 642 802 b
1 2 4 8 16 32 64 80 160 162 320 482 802 a
1 2 4 8 16 32 64 80 160 162 320 640 802 a
1 2 4 8 16 32 64 80 160 240 241 401 802 b
1 2 4 8 16 32 64 80 160 240 400 401 802 b
1 2 4 8 16 32 64 80 160 240 400 402 802 b
1 2 4 8 16 32 64 80 160 240 400 800 802 b
1 2 4 8 16 32 64 80 160 320 321 401 802 b
1 2 4 8 16 32 64 80 160 320 321 481 802 b
1 2 4 8 16 32 64 80 160 320 321 642 802 b
1 2 4 8 16 32 64 80 160 320 322 480 802 a
1 2 4 8 16 32 64 80 160 320 322 482 802 b
1 2 4 8 16 32 64 80 160 320 322 642 802 b
1 2 4 8 16 32 64 80 160 320 400 401 802 b
1 2 4 8 16 32 64 80 160 320 400 402 802 b
1 2 4 8 16 32 64 80 160 320 400 800 802 b
1 2 4 8 16 32 64 80 160 320 480 482 802 b
1 2 4 8 16 32 64 80 160 320 480 800 802 b
1 2 4 8 16 32 64 80 160 320 640 642 802 b
1 2 4 8 16 32 64 80 160 320 640 800 802 b
1 2 4 8 16 32 64 96 100 200 201 401 802 b
1 2 4 8 16 32 64 96 100 200 400 401 802 b
1 2 4 8 16 32 64 96 100 200 400 402 802 b
1 2 4 8 16 32 64 96 100 200 400 800 802 b
1 2 4 8 16 32 64 96 104 200 201 401 802 b
1 2 4 8 16 32 64 96 104 200 400 401 802 b
1 2 4 8 16 32 64 96 104 200 400 402 802 b
1 2 4 8 16 32 64 96 104 200 400 800 802 b
1 2 4 8 16 32 64 96 160 161 321 481 802 b
1 2 4 8 16 32 64 96 160 161 321 642 802 b
1 2 4 8 16 32 64 96 160 162 320 482 802 a
1 2 4 8 16 32 64 96 160 162 320 640 802 a
1 2 4 8 16 32 64 96 160 320 321 481 802 b
1 2 4 8 16 32 64 96 160 320 321 642 802 b
1 2 4 8 16 32 64 96 160 320 322 480 802 a
1 2 4 8 16 32 64 96 160 320 322 482 802 b
1 2 4 8 16 32 64 96 160 320 322 642 802 b
1 2 4 8 16 32 64 96 160 320 480 482 802 b
1 2 4 8 16 32 64 96 160 320 480 800 802 b
1 2 4 8 16 32 64 96 160 320 640 642 802 b
1 2 4 8 16 32 64 96 160 320 640 800 802 b
1 2 4 8 16 32 64 96 192 193 208 401 802 a
1 2 4 8 16 32 64 96 192 193 209 401 802 b
1 2 4 8 16 32 64 96 192 193 385 401 802 b
1 2 4 8 16 32 64 96 192 193 385 417 802 b
1 2 4 8 16 32 64 96 192 193 385 770 802 b
1 2 4 8 16 32 64 96 192 200 201 401 802 b
1 2 4 8 16 32 64 96 192 200 400 401 802 b
1 2 4 8 16 32 64 96 192 200 400 402 802 b
1 2 4 8 16 32 64 96 192 200 400 800 802 b
1 2 4 8 16 32 64 96 192 208 209 401 802 b
1 2 4 8 16 32 64 96 192 208 400 401 802 b
1 2 4 8 16 32 64 96 192 208 400 402 802 b
1 2 4 8 16 32 64 96 192 208 400 800 802 b
1 2 4 8 16 32 64 96 192 384 385 401 802 b
1 2 4 8 16 32 64 96 192 384 385 417 802 b
1 2 4 8 16 32 64 96 192 384 385 770 802 b
1 2 4 8 16 32 64 96 192 384 386 416 802 a
1 2 4 8 16 32 64 96 192 384 386 418 802 b
1 2 4 8 16 32 64 96 192 384 386 770 802 b
1 2 4 8 16 32 64 96 192 384 400 401 802 b
1 2 4 8 16 32 64 96 192 384 400 402 802 b
1 2 4 8 16 32 64 96 192 384 400 800 802 b
1 2 4 8 16 32 64 96 192 384 416 418 802 b
1 2 4 8 16 32 64 96 192 384 416 800 802 b
1 2 4 8 16 32 64 96 192 384 768 770 802 b
1 2 4 8 16 32 64 96 192 384 768 800 802 b
1 2 4 8 16 32 64 128 129 136 265 401 802 a
1 2 4 8 16 32 64 128 129 136 272 401 802 a
1 2 4 8 16 32 64 128 129 144 257 401 802 a
1 2 4 8 16 32 64 128 129 144 272 401 802 a
1 2 4 8 16 32 64 128 129 144 273 401 802 a
1 2 4 8 16 32 64 128 129 145 256 401 802 a
1 2 4 8 16 32 64 128 129 145 273 401 802 b
1 2 4 8 16 32 64 128 129 256 272 401 802 a
1 2 4 8 16 32 64 128 129 256 385 401 802 a
1 2 4 8 16 32 64 128 129 256 385 417 802 a
1 2 4 8 16 32 64 128 129 256 385 770 802 a
1 2 4 8 16 32 64 128 129 257 273 401 802 b
1 2 4 8 16 32 64 128 129 257 385 401 802 b
1 2 4 8 16 32 64 128 129 257 385 417 802 b
1 2 4 8 16 32 64 128 129 257 385 770 802 b
1 2 4 8 16 32 64 128 136 137 264 401 802 a
1 2 4 8 16 32 64 128 136 137 265 401 802 b
1 2 4 8 16 32 64 128 136 137 273 401 802 b
1 2 4 8 16 32 64 128 136 200 201 401 802 b
1 2 4 8 16 32 64 128 136 200 400 401 802 b
1 2 4 8 16 32 64 128 136 200 400 402 802 b
1 2 4 8 16 32 64 128 136 200 400 800 802 b
1 2 4 8 16 32 64 128 136 264 265 401 802 b
1 2 4 8 16 32 64 128 136 264 400 401 802 b
1 2 4 8 16 32 64 128 136 264 400 402 802 b
1 2 4 8 16 32 64 128 136 264 400 800 802 b
1 2 4 8 16 32 64 128 136 272 273 401 802 b
1 2 4 8 16 32 64 128 136 272 400 401 802 b
1 2 4 8 16 32 64 128 136 272 400 402 802 b
1 2 4 8 16 32 64 128 136 272 400 800 802 b
1 2 4 8 16 32 64 128 144 145 256 401 802 a
1 2 4 8 16 32 64 128 144 145 273 401 802 b
1 2 4 8 16 32 64 128 144 256 257 401 802 a
1 2 4 8 16 32 64 128 144 256 400 401 802 a
1 2 4 8 16 32 64 128 144 256 400 402 802 a
1 2 4 8 16 32 64 128 144 256 400 800 802 a
1 2 4 8 16 32 64 128 144 272 273 401 802 b
1 2 4 8 16 32 64 128 144 272 400 401 802 b
1 2 4 8 16 32 64 128 144 272 400 402 802 b
1 2 4 8 16 32 64 128 144 272 400 800 802 b
1 2 4 8 16 32 64 128 160 161 321 481 802 b
1 2 4 8 16 32 64 128 160 161 321 642 802 b
1 2 4 8 16 32 64 128 160 162 320 482 802 a
1 2 4 8 16 32 64 128 160 162 320 640 802 a
1 2 4 8 16 32 64 128 160 320 321 481 802 b
1 2 4 8 16 32 64 128 160 320 321 642 802 b
1 2 4 8 16 32 64 128 160 320 322 480 802 a
1 2 4 8 16 32 64 128 160 320 322 482 802 b
1 2 4 8 16 32 64 128 160 320 322 642 802 b
1 2 4 8 16 32 64 128 160 320 480 482 802 b
1 2 4 8 16 32 64 128 160 320 480 800 802 b
1 2 4 8 16 32 64 128 160 320 640 642 802 b
1 2 4 8 16 32 64 128 160 320 640 800 802 b
1 2 4 8 16 32 64 128 192 193 208 401 802 a
1 2 4 8 16 32 64 128 192 193 209 401 802 b
1 2 4 8 16 32 64 128 192 193 385 401 802 b
1 2 4 8 16 32 64 128 192 193 385 417 802 b
1 2 4 8 16 32 64 128 192 193 385 770 802 b
1 2 4 8 16 32 64 128 192 200 201 401 802 b
1 2 4 8 16 32 64 128 192 200 400 401 802 b
1 2 4 8 16 32 64 128 192 200 400 402 802 b
1 2 4 8 16 32 64 128 192 200 400 800 802 b
1 2 4 8 16 32 64 128 192 208 209 401 802 b
1 2 4 8 16 32 64 128 192 208 400 401 802 b
1 2 4 8 16 32 64 128 192 208 400 402 802 b
1 2 4 8 16 32 64 128 192 208 400 800 802 b
1 2 4 8 16 32 64 128 192 384 385 401 802 b
1 2 4 8 16 32 64 128 192 384 385 417 802 b
1 2 4 8 16 32 64 128 192 384 385 770 802 b
1 2 4 8 16 32 64 128 192 384 386 416 802 a
1 2 4 8 16 32 64 128 192 384 386 418 802 b
1 2 4 8 16 32 64 128 192 384 386 770 802 b
1 2 4 8 16 32 64 128 192 384 400 401 802 b
1 2 4 8 16 32 64 128 192 384 400 402 802 b
1 2 4 8 16 32 64 128 192 384 400 800 802 b
1 2 4 8 16 32 64 128 192 384 416 418 802 b
1 2 4 8 16 32 64 128 192 384 416 800 802 b
1 2 4 8 16 32 64 128 192 384 768 770 802 b
1 2 4 8 16 32 64 128 192 384 768 800 802 b
1 2 4 8 16 32 64 128 256 257 273 401 802 b
1 2 4 8 16 32 64 128 256 257 273 529 802 b
1 2 4 8 16 32 64 128 256 257 273 546 802 b
1 2 4 8 16 32 64 128 256 257 288 514 802 a
1 2 4 8 16 32 64 128 256 257 288 545 802 a
1 2 4 8 16 32 64 128 256 257 289 513 802 a
1 2 4 8 16 32 64 128 256 257 289 545 802 b
1 2 4 8 16 32 64 128 256 257 289 546 802 b
1 2 4 8 16 32 64 128 256 257 385 401 802 b
1 2 4 8 16 32 64 128 256 257 385 417 802 b
1 2 4 8 16 32 64 128 256 257 385 770 802 b
1 2 4 8 16 32 64 128 256 257 513 545 802 b
1 2 4 8 16 32 64 128 256 257 513 770 802 b
1 2 4 8 16 32 64 128 256 257 514 546 802 b
1 2 4 8 16 32 64 128 256 257 514 770 802 b
1 2 4 8 16 32 64 128 256 258 272 530 802 a
1 2 4 8 16 32 64 128 256 258 272 544 802 a
1 2 4 8 16 32 64 128 256 258 288 514 802 a
1 2 4 8 16 32 64 128 256 258 288 544 802 a
1 2 4 8 16 32 64 128 256 258 288 546 802 a
1 2 4 8 16 32 64 128 256 258 290 512 802 a
1 2 4 8 16 32 64 128 256 258 290 546 802 b
1 2 4 8 16 32 64 128 256 258 512 544 802 a
1 2 4 8 16 32 64 128 256 258 512 770 802 a
1 2 4 8 16 32 64 128 256 258 514 546 802 b
1 2 4 8 16 32 64 128 256 258 514 770 802 b
1 2 4 8 16 32 64 128 256 272 273 401 802 b
1 2 4 8 16 32 64 128 256 272 273 529 802 b
1 2 4 8 16 32 64 128 256 272 273 546 802 b
1 2 4 8 16 32 64 128 256 272 274 528 802 a
1 2 4 8 16 32 64 128 256 272 274 530 802 b
1 2 4 8 16 32 64 128 256 272 274 546 802 b
1 2 4 8 16 32 64 128 256 272 400 401 802 b
1 2 4 8 16 32 64 128 256 272 400 402 802 b
1 2 4 8 16 32 64 128 256 272 400 800 802 b
1 2 4 8 16 32 64 128 256 272 528 530 802 b
1 2 4 8 16 32 64 128 256 272 528 800 802 b
1 2 4 8 16 32 64 128 256 272 544 546 802 b
1 2 4 8 16 32 64 128 256 272 544 800 802 b
1 2 4 8 16 32 64 128 256 288 290 512 802 a
1 2 4 8 16 32 64 128 256 288 290 546 802 b
1 2 4 8 16 32 64 128 256 288 512 514 802 a
1 2 4 8 16 32 64 128 256 288 512 800 802 a
1 2 4 8 16 32 64 128 256 288 544 546 802 b
1 2 4 8 16 32 64 128 256 288 544 800 802 b
1 2 4 8 16 32 64 128 256 384 385 401 802 b
1 2 4 8 16 32 64 128 256 384 385 417 802 b
1 2 4 8 16 32 64 128 256 384 385 770 802 b
1 2 4 8 16 32 64 128 256 384 386 416 802 a
1 2 4 8 16 32 64 128 256 384 386 418 802 b
1 2 4 8 16 32 64 128 256 384 386 770 802 b
1 2 4 8 16 32 64 128 256 384 400 401 802 b
1 2 4 8 16 32 64 128 256 384 400 402 802 b
1 2 4 8 16 32 64 128 256 384 400 800 802 b
1 2 4 8 16 32 64 128 256 384 416 418 802 b
1 2 4 8 16 32 64 128 256 384 416 800 802 b
1 2 4 8 16 32 64 128 256 384 768 770 802 b
1 2 4 8 16 32 64 128 256 384 768 800 802 b
1 2 4 8 16 32 64 128 256 512 514 546 802 b
1 2 4 8 16 32 64 128 256 512 514 770 802 b
1 2 4 8 16 32 64 128 256 512 544 546 802 b
1 2 4 8 16 32 64 128 256 512 544 800 802 b
1 2 4 8 16 32 64 128 256 512 768 770 802 b
1 2 4 8 16 32 64 128 256 512 768 800 802 b
