1 2 3 5 10 15 30 60 120 240 243 483 966 b
1 2 3 5 10 15 30 60 120 240 480 483 966 b
1 2 3 5 10 20 30 60 120 240 243 483 966 b
1 2 3 5 10 20 30 60 120 240 480 483 966 b
1 2 3 5 10 20 40 60 120 240 243 483 966 b
1 2 3 5 10 20 40 60 120 240 480 483 966 b
1 2 3 5 10 20 40 80 81 161 322 483 966 b
1 2 3 5 10 20 40 80 81 161 322 644 966 b
1 2 3 5 10 20 40 80 120 240 243 483 966 b
1 2 3 5 10 20 40 80 120 240 480 483 966 b
1 2 3 5 10 20 40 80 160 161 322 483 966 b
1 2 3 5 10 20 40 80 160 161 322 644 966 b
1 2 3 5 10 20 40 80 160 162 322 644 966 b
1 2 3 5 10 20 40 80 160 163 320 483 966 a
1 2 3 5 10 20 40 80 160 163 323 483 966 b
1 2 3 5 10 20 40 80 160 240 243 483 966 b
1 2 3 5 10 20 40 80 160 240 480 483 966 b
1 2 3 5 10 20 40 80 160 320 322 644 966 b
1 2 3 5 10 20 40 80 160 320 323 483 966 b
1 2 3 5 10 20 40 80 160 320 323 643 966 b
1 2 3 5 10 20 40 80 160 320 323 646 966 b
1 2 3 5 10 20 40 80 160 320 480 483 966 b
1 2 3 6 9 15 30 60 120 240 243 483 966 b
1 2 3 6 9 15 30 60 120 240 480 483 966 b
1 2 3 6 9 15 30 60 120 240 480 486 966 b
1 2 3 6 9 15 30 60 120 240 480 960 966 b
1 2 3 6 12 15 30 60 120 240 243 483 966 b
1 2 3 6 12 15 30 60 120 240 480 483 966 b
1 2 3 6 12 15 30 60 120 240 480 486 966 b
1 2 3 6 12 15 30 60 120 240 480 960 966 b
1 2 3 6 12 18 30 60 120 240 243 483 966 b
1 2 3 6 12 18 30 60 120 240 480 483 966 b
1 2 3 6 12 18 30 60 120 240 480 486 966 b
1 2 3 6 12 18 30 60 120 240 480 960 966 b
1 2 3 6 12 24 30 60 120 240 243 483 966 b
1 2 3 6 12 24 30 60 120 240 480 483 966 b
1 2 3 6 12 24 30 60 120 240 480 486 966 b
1 2 3 6 12 24 30 60 120 240 480 960 966 b
1 2 3 6 12 24 36 60 120 240 243 483 966 b
1 2 3 6 12 24 36 60 120 240 480 483 966 b
1 2 3 6 12 24 36 60 120 240 480 486 966 b
1 2 3 6 12 24 36 60 120 240 480 960 966 b
1 2 3 6 12 24 48 60 120 240 243 483 966 b
1 2 3 6 12 24 48 60 120 240 480 483 966 b
1 2 3 6 12 24 48 60 120 240 480 486 966 b
1 2 3 6 12 24 48 60 120 240 480 960 966 b
1 2 3 6 12 24 48 72 120 240 243 483 966 b
1 2 3 6 12 24 48 72 120 240 480 483 966 b
1 2 3 6 12 24 48 72 120 240 480 486 966 b
1 2 3 6 12 24 48 72 120 240 480 960 966 b
1 2 3 6 12 24 48 96 97 193 290 483 966 b
1 2 3 6 12 24 48 96 97 193 386 483 966 b
1 2 3 6 12 24 48 96 99 192 291 483 966 a
1 2 3 6 12 24 48 96 99 192 384 483 966 a
1 2 3 6 12 24 48 96 120 240 243 483 966 b
1 2 3 6 12 24 48 96 120 240 480 483 966 b
1 2 3 6 12 24 48 96 120 240 480 486 966 b
1 2 3 6 12 24 48 96 120 240 480 960 966 b
1 2 3 6 12 24 48 96 144 240 243 483 966 b
1 2 3 6 12 24 48 96 144 240 480 483 966 b
1 2 3 6 12 24 48 96 144 240 480 486 966 b
1 2 3 6 12 24 48 96 144 240 480 960 966 b
1 2 3 6 12 24 48 96 192 194 386 580 966 b
1 2 3 6 12 24 48 96 192 194 386 772 966 b
1 2 3 6 12 24 48 96 192 195 288 483 966 a
1 2 3 6 12 24 48 96 192 195 291 483 966 b
1 2 3 6 12 24 48 96 192 195 387 483 966 b
1 2 3 6 12 24 48 96 192 195 387 579 966 b
1 2 3 6 12 24 48 96 192 195 387 774 966 b
1 2 3 6 12 24 48 96 192 198 384 582 966 a
1 2 3 6 12 24 48 96 192 198 384 768 966 a
1 2 3 6 12 24 48 96 192 240 243 483 966 b
1 2 3 6 12 24 48 96 192 240 480 483 966 b
1 2 3 6 12 24 48 96 192 240 480 486 966 b
1 2 3 6 12 24 48 96 192 240 480 960 966 b
1 2 3 6 12 24 48 96 192 288 291 483 966 b
1 2 3 6 12 24 48 96 192 288 480 483 966 b
1 2 3 6 12 24 48 96 192 288 480 486 966 b
1 2 3 6 12 24 48 96 192 288 480 960 966 b
1 2 3 6 12 24 48 96 192 384 387 483 966 b
1 2 3 6 12 24 48 96 192 384 387 579 966 b
1 2 3 6 12 24 48 96 192 384 387 774 966 b
1 2 3 6 12 24 48 96 192 384 390 576 966 a
1 2 3 6 12 24 48 96 192 384 390 582 966 b
1 2 3 6 12 24 48 96 192 384 390 774 966 b
1 2 3 6 12 24 48 96 192 384 480 483 966 b
1 2 3 6 12 24 48 96 192 384 480 486 966 b
1 2 3 6 12 24 48 96 192 384 480 960 966 b
1 2 3 6 12 24 48 96 192 384 576 582 966 b
1 2 3 6 12 24 48 96 192 384 576 960 966 b
1 2 3 6 12 24 48 96 192 384 768 774 966 b
1 2 3 6 12 24 48 96 192 384 768 960 966 b
1 2 4 5 10 20 40 80 81 161 322 483 966 b
1 2 4 5 10 20 40 80 81 161 322 644 966 b
1 2 4 5 10 20 40 80 160 161 322 483 966 b
1 2 4 5 10 20 40 80 160 161 322 644 966 b
1 2 4 5 10 20 40 80 160 162 322 644 966 b
1 2 4 5 10 20 40 80 160 320 322 644 966 b
1 2 4 6 10 20 30 60 120 240 480 486 966 b
1 2 4 6 10 20 30 60 120 240 480 960 966 b
1 2 4 6 10 20 40 60 120 240 480 486 966 b
1 2 4 6 10 20 40 60 120 240 480 960 966 b
1 2 4 6 10 20 40 80 81 161 322 483 966 b
1 2 4 6 10 20 40 80 81 161 322 644 966 b
1 2 4 6 10 20 40 80 120 240 480 486 966 b
1 2 4 6 10 20 40 80 120 240 480 960 966 b
1 2 4 6 10 20 40 80 160 161 322 483 966 b
1 2 4 6 10 20 40 80 160 161 322 644 966 b
1 2 4 6 10 20 40 80 160 162 322 644 966 b
1 2 4 6 10 20 40 80 160 240 480 486 966 b
1 2 4 6 10 20 40 80 160 240 480 960 966 b
1 2 4 6 10 20 40 80 160 320 322 644 966 b
1 2 4 6 10 20 40 80 160 320 326 640 966 a
1 2 4 6 10 20 40 80 160 320 326 646 966 b
1 2 4 6 10 20 40 80 160 320 480 486 966 b
1 2 4 6 10 20 40 80 160 320 480 960 966 b
1 2 4 6 10 20 40 80 160 320 640 646 966 b
1 2 4 6 10 20 40 80 160 320 640 960 966 b
1 2 4 6 12 18 30 60 120 240 480 486 966 b
1 2 4 6 12 18 30 60 120 240 480 960 966 b
1 2 4 6 12 24 30 60 120 240 480 486 966 b
1 2 4 6 12 24 30 60 120 240 480 960 966 b
1 2 4 6 12 24 36 60 120 240 480 486 966 b
1 2 4 6 12 24 36 60 120 240 480 960 966 b
1 2 4 6 12 24 48 60 120 240 480 486 966 b
1 2 4 6 12 24 48 60 120 240 480 960 966 b
1 2 4 6 12 24 48 72 120 240 480 486 966 b
1 2 4 6 12 24 48 72 120 240 480 960 966 b
1 2 4 6 12 24 48 96 97 193 290 483 966 b
1 2 4 6 12 24 48 96 97 193 386 483 966 b
1 2 4 6 12 24 48 96 120 240 480 486 966 b
1 2 4 6 12 24 48 96 120 240 480 960 966 b
1 2 4 6 12 24 48 96 144 240 480 486 966 b
1 2 4 6 12 24 48 96 144 240 480 960 966 b
1 2 4 6 12 24 48 96 192 194 386 580 966 b
1 2 4 6 12 24 48 96 192 194 386 772 966 b
1 2 4 6 12 24 48 96 192 198 384 582 966 a
1 2 4 6 12 24 48 96 192 198 384 768 966 a
1 2 4 6 12 24 48 96 192 240 480 486 966 b
1 2 4 6 12 24 48 96 192 240 480 960 966 b
1 2 4 6 12 24 48 96 192 288 480 486 966 b
1 2 4 6 12 24 48 96 192 288 480 960 966 b
1 2 4 6 12 24 48 96 192 384 390 576 966 a
1 2 4 6 12 24 48 96 192 384 390 582 966 b
1 2 4 6 12 24 48 96 192 384 390 774 966 b
1 2 4 6 12 24 48 96 192 384 480 486 966 b
1 2 4 6 12 24 48 96 192 384 480 960 966 b
1 2 4 6 12 24 48 96 192 384 576 582 966 b
1 2 4 6 12 24 48 96 192 384 576 960 966 b
1 2 4 6 12 24 48 96 192 384 768 774 966 b
1 2 4 6 12 24 48 96 192 384 768 960 966 b
1 2 4 8 10 20 40 80 81 161 322 483 966 b
1 2 4 8 10 20 40 80 81 161 322 644 966 b
1 2 4 8 10 20 40 80 160 161 322 483 966 b
1 2 4 8 10 20 40 80 160 161 322 644 966 b
1 2 4 8 10 20 40 80 160 162 322 644 966 b
1 2 4 8 10 20 40 80 160 320 322 644 966 b
1 2 4 8 12 20 40 80 81 161 322 483 966 b
1 2 4 8 12 20 40 80 81 161 322 644 966 b
1 2 4 8 12 20 40 80 160 161 322 483 966 b
1 2 4 8 12 20 40 80 160 161 322 644 966 b
1 2 4 8 12 20 40 80 160 162 322 644 966 b
1 2 4 8 12 20 40 80 160 320 322 644 966 b
1 2 4 8 12 24 48 96 97 193 290 483 966 b
1 2 4 8 12 24 48 96 97 193 386 483 966 b
1 2 4 8 12 24 48 96 192 194 386 580 966 b
1 2 4 8 12 24 48 96 192 194 386 772 966 b
1 2 4 8 16 20 40 80 81 161 322 483 966 b
1 2 4 8 16 20 40 80 81 161 322 644 966 b
1 2 4 8 16 20 40 80 160 161 322 483 966 b
1 2 4 8 16 20 40 80 160 161 322 644 966 b
1 2 4 8 16 20 40 80 160 162 322 644 966 b
1 2 4 8 16 20 40 80 160 320 322 644 966 b
1 2 4 8 16 24 40 80 81 161 322 483 966 b
1 2 4 8 16 24 40 80 81 161 322 644 966 b
1 2 4 8 16 24 40 80 160 161 322 483 966 b
1 2 4 8 16 24 40 80 160 161 322 644 966 b
1 2 4 8 16 24 40 80 160 162 322 644 966 b
1 2 4 8 16 24 40 80 160 320 322 644 966 b
1 2 4 8 16 24 48 96 97 193 290 483 966 b
1 2 4 8 16 24 48 96 97 193 386 483 966 b
1 2 4 8 16 24 48 96 192 194 386 580 966 b
1 2 4 8 16 24 48 96 192 194 386 772 966 b
1 2 4 8 16 32 33 64 97 161 322 483 966 a
1 2 4 8 16 32 33 64 97 161 322 644 966 a
1 2 4 8 16 32 33 64 128 161 322 483 966 a
1 2 4 8 16 32 33 64 128 161 322 644 966 a
1 2 4 8 16 32 40 80 81 161 322 483 966 b
1 2 4 8 16 32 40 80 81 161 322 644 966 b
1 2 4 8 16 32 40 80 160 161 322 483 966 b
1 2 4 8 16 32 40 80 160 161 322 644 966 b
1 2 4 8 16 32 40 80 160 162 322 644 966 b
1 2 4 8 16 32 40 80 160 320 322 644 966 b
1 2 4 8 16 32 48 80 81 161 322 483 966 b
1 2 4 8 16 32 48 80 81 161 322 644 966 b
1 2 4 8 16 32 48 80 160 161 322 483 966 b
1 2 4 8 16 32 48 80 160 161 322 644 966 b
1 2 4 8 16 32 48 80 160 162 322 644 966 b
1 2 4 8 16 32 48 80 160 320 322 644 966 b
1 2 4 8 16 32 48 96 97 193 290 483 966 b
1 2 4 8 16 32 48 96 97 193 386 483 966 b
1 2 4 8 16 32 48 96 192 194 386 580 966 b
1 2 4 8 16 32 48 96 192 194 386 772 966 b
1 2 4 8 16 32 64 65 96 161 322 483 966 a
1 2 4 8 16 32 64 65 96 161 322 644 966 a
1 2 4 8 16 32 64 65 97 161 322 483 966 b
1 2 4 8 16 32 64 65 97 161 322 644 966 b
1 2 4 8 16 32 64 65 129 161 322 483 966 b
1 2 4 8 16 32 64 65 129 161 322 644 966 b
1 2 4 8 16 32 64 65 129 193 322 644 966 b
1 2 4 8 16 32 64 65 129 258 322 644 966 b
1 2 4 8 16 32 64 66 128 194 322 644 966 a
1 2 4 8 16 32 64 66 128 256 322 644 966 a
1 2 4 8 16 32 64 80 81 161 322 483 966 b
1 2 4 8 16 32 64 80 81 161 322 644 966 b
1 2 4 8 16 32 64 80 160 161 322 483 966 b
1 2 4 8 16 32 64 80 160 161 322 644 966 b
1 2 4 8 16 32 64 80 160 162 322 644 966 b
1 2 4 8 16 32 64 80 160 320 322 644 966 b
1 2 4 8 16 32 64 96 97 161 322 483 966 b
1 2 4 8 16 32 64 96 97 161 322 644 966 b
1 2 4 8 16 32 64 96 97 193 290 483 966 b
1 2 4 8 16 32 64 96 97 193 386 483 966 b
1 2 4 8 16 32 64 96 160 161 322 483 966 b
1 2 4 8 16 32 64 96 160 161 322 644 966 b
1 2 4 8 16 32 64 96 160 162 322 644 966 b
1 2 4 8 16 32 64 96 160 320 322 644 966 b
1 2 4 8 16 32 64 96 192 194 386 580 966 b
1 2 4 8 16 32 64 96 192 194 386 772 966 b
1 2 4 8 16 32 64 128 129 161 322 483 966 b
1 2 4 8 16 32 64 128 129 161 322 644 966 b
1 2 4 8 16 32 64 128 129 193 322 644 966 b
1 2 4 8 16 32 64 128 129 258 322 644 966 b
1 2 4 8 16 32 64 128 130 192 322 644 966 a
1 2 4 8 16 32 64 128 130 194 322 644 966 b
1 2 4 8 16 32 64 128 130 258 322 644 966 b
1 2 4 8 16 32 64 128 160 161 322 483 966 b
1 2 4 8 16 32 64 128 160 161 322 644 966 b
1 2 4 8 16 32 64 128 160 162 322 644 966 b
1 2 4 8 16 32 64 128 160 320 322 644 966 b
1 2 4 8 16 32 64 128 192 194 322 644 966 b
1 2 4 8 16 32 64 128 192 194 386 580 966 b
1 2 4 8 16 32 64 128 192 194 386 772 966 b
1 2 4 8 16 32 64 128 192 320 322 644 966 b
1 2 4 8 16 32 64 128 256 258 322 644 966 b
1 2 4 8 16 32 64 128 256 320 322 644 966 b
