1 2 3 5 10 15 30 31 60 120 240 480 511 991 a
1 2 3 5 10 15 30 31 60 120 240 480 960 991 a
1 2 3 5 10 15 30 31 61 122 244 488 503 991 b
1 2 3 5 10 15 30 31 61 122 244 488 976 991 b
1 2 3 5 10 15 30 60 61 122 244 488 503 991 b
1 2 3 5 10 15 30 60 61 122 244 488 976 991 b
1 2 3 5 10 15 30 60 62 122 244 488 503 991 b
1 2 3 5 10 15 30 60 62 122 244 488 976 991 b
1 2 3 5 10 15 30 60 120 122 244 488 503 991 b
1 2 3 5 10 15 30 60 120 122 244 488 976 991 b
1 2 3 5 10 15 30 60 120 240 255 495 496 991 b
1 2 3 5 10 15 30 60 120 240 255 495 990 991 b
1 2 3 5 10 15 30 60 120 240 480 481 510 991 a
1 2 3 5 10 15 30 60 120 240 480 481 511 991 b
1 2 3 5 10 15 30 60 120 240 480 481 961 991 b
1 2 3 5 10 15 30 60 120 240 480 495 496 991 b
1 2 3 5 10 15 30 60 120 240 480 495 990 991 b
1 2 3 5 10 15 30 60 120 240 480 510 511 991 b
1 2 3 5 10 15 30 60 120 240 480 510 990 991 b
1 2 3 5 10 15 30 60 120 240 480 960 961 991 b
1 2 3 5 10 15 30 60 120 240 480 960 990 991 b
1 2 3 5 10 20 30 31 60 120 240 480 511 991 a
1 2 3 5 10 20 30 31 60 120 240 480 960 991 a
1 2 3 5 10 20 30 60 120 240 480 481 510 991 a
1 2 3 5 10 20 30 60 120 240 480 481 511 991 b
1 2 3 5 10 20 30 60 120 240 480 481 961 991 b
1 2 3 5 10 20 30 60 120 240 480 510 511 991 b
1 2 3 5 10 20 30 60 120 240 480 510 990 991 b
1 2 3 5 10 20 30 60 120 240 480 960 961 991 b
1 2 3 5 10 20 30 60 120 240 480 960 990 991 b
1 2 3 5 10 20 40 80 85 165 330 331 660 991 a
1 2 3 5 10 20 40 80 85 165 330 331 661 991 b
1 2 3 5 10 20 40 80 85 165 330 495 496 991 b
1 2 3 5 10 20 40 80 85 165 330 495 990 991 b
1 2 3 5 10 20 40 80 85 165 330 660 661 991 b
1 2 3 5 10 20 40 80 85 165 330 660 990 991 b
1 2 3 5 10 20 40 80 160 165 330 331 660 991 a
1 2 3 5 10 20 40 80 160 165 330 331 661 991 b
1 2 3 5 10 20 40 80 160 165 330 495 496 991 b
1 2 3 5 10 20 40 80 160 165 330 495 990 991 b
1 2 3 5 10 20 40 80 160 165 330 660 661 991 b
1 2 3 5 10 20 40 80 160 165 330 660 990 991 b
1 2 3 5 10 20 40 80 160 170 330 331 660 991 a
1 2 3 5 10 20 40 80 160 170 330 331 661 991 b
1 2 3 5 10 20 40 80 160 170 330 660 661 991 b
1 2 3 5 10 20 40 80 160 170 330 660 990 991 b
1 2 3 5 10 20 40 80 160 320 330 331 660 991 a
1 2 3 5 10 20 40 80 160 320 330 331 661 991 b
1 2 3 5 10 20 40 80 160 320 330 660 661 991 b
1 2 3 5 10 20 40 80 160 320 330 660 990 991 b
1 2 3 6 9 15 30 31 60 120 240 480 511 991 a
1 2 3 6 9 15 30 31 60 120 240 480 960 991 a
1 2 3 6 9 15 30 31 61 122 244 488 503 991 b
1 2 3 6 9 15 30 31 61 122 244 488 976 991 b
1 2 3 6 9 15 30 60 61 122 244 488 503 991 b
1 2 3 6 9 15 30 60 61 122 244 488 976 991 b
1 2 3 6 9 15 30 60 62 122 244 488 503 991 b
1 2 3 6 9 15 30 60 62 122 244 488 976 991 b
1 2 3 6 9 15 30 60 120 122 244 488 503 991 b
1 2 3 6 9 15 30 60 120 122 244 488 976 991 b
1 2 3 6 9 15 30 60 120 240 255 495 496 991 b
1 2 3 6 9 15 30 60 120 240 255 495 990 991 b
1 2 3 6 9 15 30 60 120 240 480 481 510 991 a
1 2 3 6 9 15 30 60 120 240 480 481 511 991 b
1 2 3 6 9 15 30 60 120 240 480 481 961 991 b
1 2 3 6 9 15 30 60 120 240 480 495 496 991 b
1 2 3 6 9 15 30 60 120 240 480 495 990 991 b
1 2 3 6 9 15 30 60 120 240 480 510 511 991 b
1 2 3 6 9 15 30 60 120 240 480 510 990 991 b
1 2 3 6 9 15 30 60 120 240 480 960 961 991 b
1 2 3 6 9 15 30 60 120 240 480 960 990 991 b
1 2 3 6 12 15 30 31 60 120 240 480 511 991 a
1 2 3 6 12 15 30 31 60 120 240 480 960 991 a
1 2 3 6 12 15 30 31 61 122 244 488 503 991 b
1 2 3 6 12 15 30 31 61 122 244 488 976 991 b
1 2 3 6 12 15 30 60 61 122 244 488 503 991 b
1 2 3 6 12 15 30 60 61 122 244 488 976 991 b
1 2 3 6 12 15 30 60 62 122 244 488 503 991 b
1 2 3 6 12 15 30 60 62 122 244 488 976 991 b
1 2 3 6 12 15 30 60 120 122 244 488 503 991 b
1 2 3 6 12 15 30 60 120 122 244 488 976 991 b
1 2 3 6 12 15 30 60 120 240 255 495 496 991 b
1 2 3 6 12 15 30 60 120 240 255 495 990 991 b
1 2 3 6 12 15 30 60 120 240 480 481 510 991 a
1 2 3 6 12 15 30 60 120 240 480 481 511 991 b
1 2 3 6 12 15 30 60 120 240 480 481 961 991 b
1 2 3 6 12 15 30 60 120 240 480 495 496 991 b
1 2 3 6 12 15 30 60 120 240 480 495 990 991 b
1 2 3 6 12 15 30 60 120 240 480 510 511 991 b
1 2 3 6 12 15 30 60 120 240 480 510 990 991 b
1 2 3 6 12 15 30 60 120 240 480 960 961 991 b
1 2 3 6 12 15 30 60 120 240 480 960 990 991 b
1 2 3 6 12 18 30 31 60 120 240 480 511 991 a
1 2 3 6 12 18 30 31 60 120 240 480 960 991 a
1 2 3 6 12 18 30 60 120 240 480 481 510 991 a
1 2 3 6 12 18 30 60 120 240 480 481 511 991 b
1 2 3 6 12 18 30 60 120 240 480 481 961 991 b
1 2 3 6 12 18 30 60 120 240 480 510 511 991 b
1 2 3 6 12 18 30 60 120 240 480 510 990 991 b
1 2 3 6 12 18 30 60 120 240 480 960 961 991 b
1 2 3 6 12 18 30 60 120 240 480 960 990 991 b
1 2 3 6 12 24 30 31 60 120 240 480 511 991 a
1 2 3 6 12 24 30 31 60 120 240 480 960 991 a
1 2 3 6 12 24 30 60 120 240 480 481 510 991 a
1 2 3 6 12 24 30 60 120 240 480 481 511 991 b
1 2 3 6 12 24 30 60 120 240 480 481 961 991 b
1 2 3 6 12 24 30 60 120 240 480 510 511 991 b
1 2 3 6 12 24 30 60 120 240 480 510 990 991 b
1 2 3 6 12 24 30 60 120 240 480 960 961 991 b
1 2 3 6 12 24 30 60 120 240 480 960 990 991 b
1 2 3 6 12 24 48 51 99 198 199 396 595 991 a
1 2 3 6 12 24 48 51 99 198 199 396 792 991 a
1 2 3 6 12 24 48 51 99 198 297 495 496 991 b
1 2 3 6 12 24 48 51 99 198 297 495 990 991 b
1 2 3 6 12 24 48 51 99 198 396 397 594 991 a
1 2 3 6 12 24 48 51 99 198 396 397 595 991 b
1 2 3 6 12 24 48 51 99 198 396 397 793 991 b
1 2 3 6 12 24 48 51 99 198 396 495 496 991 b
1 2 3 6 12 24 48 51 99 198 396 495 990 991 b
1 2 3 6 12 24 48 51 99 198 396 594 595 991 b
1 2 3 6 12 24 48 51 99 198 396 594 990 991 b
1 2 3 6 12 24 48 51 99 198 396 792 793 991 b
1 2 3 6 12 24 48 51 99 198 396 792 990 991 b
1 2 3 6 12 24 48 96 99 198 199 396 595 991 a
1 2 3 6 12 24 48 96 99 198 199 396 792 991 a
1 2 3 6 12 24 48 96 99 198 297 495 496 991 b
1 2 3 6 12 24 48 96 99 198 297 495 990 991 b
1 2 3 6 12 24 48 96 99 198 396 397 594 991 a
1 2 3 6 12 24 48 96 99 198 396 397 595 991 b
1 2 3 6 12 24 48 96 99 198 396 397 793 991 b
1 2 3 6 12 24 48 96 99 198 396 495 496 991 b
1 2 3 6 12 24 48 96 99 198 396 495 990 991 b
1 2 3 6 12 24 48 96 99 198 396 594 595 991 b
1 2 3 6 12 24 48 96 99 198 396 594 990 991 b
1 2 3 6 12 24 48 96 99 198 396 792 793 991 b
1 2 3 6 12 24 48 96 99 198 396 792 990 991 b
1 2 3 6 12 24 48 96 102 198 199 396 595 991 a
1 2 3 6 12 24 48 96 102 198 199 396 792 991 a
1 2 3 6 12 24 48 96 102 198 396 397 594 991 a
1 2 3 6 12 24 48 96 102 198 396 397 595 991 b
1 2 3 6 12 24 48 96 102 198 396 397 793 991 b
1 2 3 6 12 24 48 96 102 198 396 594 595 991 b
1 2 3 6 12 24 48 96 102 198 396 594 990 991 b
1 2 3 6 12 24 48 96 102 198 396 792 793 991 b
1 2 3 6 12 24 48 96 102 198 396 792 990 991 b
1 2 3 6 12 24 48 96 192 198 199 396 595 991 a
1 2 3 6 12 24 48 96 192 198 199 396 792 991 a
1 2 3 6 12 24 48 96 192 198 396 397 594 991 a
1 2 3 6 12 24 48 96 192 198 396 397 595 991 b
1 2 3 6 12 24 48 96 192 198 396 397 793 991 b
1 2 3 6 12 24 48 96 192 198 396 594 595 991 b
1 2 3 6 12 24 48 96 192 198 396 594 990 991 b
1 2 3 6 12 24 48 96 192 198 396 792 793 991 b
1 2 3 6 12 24 48 96 192 198 396 792 990 991 b
1 2 4 5 10 15 30 31 60 120 240 480 511 991 a
1 2 4 5 10 15 30 31 60 120 240 480 960 991 a
1 2 4 5 10 15 30 31 61 122 244 488 503 991 b
1 2 4 5 10 15 30 31 61 122 244 488 976 991 b
1 2 4 5 10 15 30 60 61 122 244 488 503 991 b
1 2 4 5 10 15 30 60 61 122 244 488 976 991 b
1 2 4 5 10 15 30 60 62 122 244 488 503 991 b
1 2 4 5 10 15 30 60 62 122 244 488 976 991 b
1 2 4 5 10 15 30 60 120 122 244 488 503 991 b
1 2 4 5 10 15 30 60 120 122 244 488 976 991 b
1 2 4 5 10 15 30 60 120 124 244 488 503 991 b
1 2 4 5 10 15 30 60 120 124 244 488 976 991 b
1 2 4 5 10 15 30 60 120 240 244 488 503 991 b
1 2 4 5 10 15 30 60 120 240 244 488 976 991 b
1 2 4 5 10 15 30 60 120 240 255 495 496 991 b
1 2 4 5 10 15 30 60 120 240 255 495 990 991 b
1 2 4 5 10 15 30 60 120 240 480 481 510 991 a
1 2 4 5 10 15 30 60 120 240 480 481 511 991 b
1 2 4 5 10 15 30 60 120 240 480 481 961 991 b
1 2 4 5 10 15 30 60 120 240 480 495 496 991 b
1 2 4 5 10 15 30 60 120 240 480 495 990 991 b
1 2 4 5 10 15 30 60 120 240 480 510 511 991 b
1 2 4 5 10 15 30 60 120 240 480 510 990 991 b
1 2 4 5 10 15 30 60 120 240 480 960 961 991 b
1 2 4 5 10 15 30 60 120 240 480 960 990 991 b
1 2 4 5 10 20 30 31 60 120 240 480 511 991 a
1 2 4 5 10 20 30 31 60 120 240 480 960 991 a
1 2 4 5 10 20 30 60 120 240 480 481 510 991 a
1 2 4 5 10 20 30 60 120 240 480 481 511 991 b
1 2 4 5 10 20 30 60 120 240 480 481 961 991 b
1 2 4 5 10 20 30 60 120 240 480 510 511 991 b
1 2 4 5 10 20 30 60 120 240 480 510 990 991 b
1 2 4 5 10 20 30 60 120 240 480 960 961 991 b
1 2 4 5 10 20 30 60 120 240 480 960 990 991 b
1 2 4 5 10 20 40 80 85 165 330 331 660 991 a
1 2 4 5 10 20 40 80 85 165 330 331 661 991 b
1 2 4 5 10 20 40 80 85 165 330 495 496 991 b
1 2 4 5 10 20 40 80 85 165 330 495 990 991 b
1 2 4 5 10 20 40 80 85 165 330 660 661 991 b
1 2 4 5 10 20 40 80 85 165 330 660 990 991 b
1 2 4 5 10 20 40 80 160 165 330 331 660 991 a
1 2 4 5 10 20 40 80 160 165 330 331 661 991 b
1 2 4 5 10 20 40 80 160 165 330 495 496 991 b
1 2 4 5 10 20 40 80 160 165 330 495 990 991 b
1 2 4 5 10 20 40 80 160 165 330 660 661 991 b
1 2 4 5 10 20 40 80 160 165 330 660 990 991 b
1 2 4 5 10 20 40 80 160 170 330 331 660 991 a
1 2 4 5 10 20 40 80 160 170 330 331 661 991 b
1 2 4 5 10 20 40 80 160 170 330 660 661 991 b
1 2 4 5 10 20 40 80 160 170 330 660 990 991 b
1 2 4 5 10 20 40 80 160 320 330 331 660 991 a
1 2 4 5 10 20 40 80 160 320 330 331 661 991 b
1 2 4 5 10 20 40 80 160 320 330 660 661 991 b
1 2 4 5 10 20 40 80 160 320 330 660 990 991 b
1 2 4 6 10 20 30 31 60 120 240 480 511 991 a
1 2 4 6 10 20 30 31 60 120 240 480 960 991 a
1 2 4 6 10 20 30 60 120 240 480 481 510 991 a
1 2 4 6 10 20 30 60 120 240 480 481 511 991 b
1 2 4 6 10 20 30 60 120 240 480 481 961 991 b
1 2 4 6 10 20 30 60 120 240 480 510 511 991 b
1 2 4 6 10 20 30 60 120 240 480 510 990 991 b
1 2 4 6 10 20 30 60 120 240 480 960 961 991 b
1 2 4 6 10 20 30 60 120 240 480 960 990 991 b
1 2 4 6 10 20 40 80 160 170 330 331 660 991 a
1 2 4 6 10 20 40 80 160 170 330 331 661 991 b
1 2 4 6 10 20 40 80 160 170 330 660 661 991 b
1 2 4 6 10 20 40 80 160 170 330 660 990 991 b
1 2 4 6 10 20 40 80 160 320 330 331 660 991 a
1 2 4 6 10 20 40 80 160 320 330 331 661 991 b
1 2 4 6 10 20 40 80 160 320 330 660 661 991 b
1 2 4 6 10 20 40 80 160 320 330 660 990 991 b
1 2 4 6 12 18 30 31 60 120 240 480 511 991 a
1 2 4 6 12 18 30 31 60 120 240 480 960 991 a
1 2 4 6 12 18 30 60 120 240 480 481 510 991 a
1 2 4 6 12 18 30 60 120 240 480 481 511 991 b
1 2 4 6 12 18 30 60 120 240 480 481 961 991 b
1 2 4 6 12 18 30 60 120 240 480 510 511 991 b
1 2 4 6 12 18 30 60 120 240 480 510 990 991 b
1 2 4 6 12 18 30 60 120 240 480 960 961 991 b
1 2 4 6 12 18 30 60 120 240 480 960 990 991 b
1 2 4 6 12 24 30 31 60 120 240 480 511 991 a
1 2 4 6 12 24 30 31 60 120 240 480 960 991 a
1 2 4 6 12 24 30 60 120 240 480 481 510 991 a
1 2 4 6 12 24 30 60 120 240 480 481 511 991 b
1 2 4 6 12 24 30 60 120 240 480 481 961 991 b
1 2 4 6 12 24 30 60 120 240 480 510 511 991 b
1 2 4 6 12 24 30 60 120 240 480 510 990 991 b
1 2 4 6 12 24 30 60 120 240 480 960 961 991 b
1 2 4 6 12 24 30 60 120 240 480 960 990 991 b
1 2 4 6 12 24 48 96 102 198 199 396 595 991 a
1 2 4 6 12 24 48 96 102 198 199 396 792 991 a
1 2 4 6 12 24 48 96 102 198 396 397 594 991 a
1 2 4 6 12 24 48 96 102 198 396 397 595 991 b
1 2 4 6 12 24 48 96 102 198 396 397 793 991 b
1 2 4 6 12 24 48 96 102 198 396 594 595 991 b
1 2 4 6 12 24 48 96 102 198 396 594 990 991 b
1 2 4 6 12 24 48 96 102 198 396 792 793 991 b
1 2 4 6 12 24 48 96 102 198 396 792 990 991 b
1 2 4 6 12 24 48 96 192 198 199 396 595 991 a
1 2 4 6 12 24 48 96 192 198 199 396 792 991 a
1 2 4 6 12 24 48 96 192 198 396 397 594 991 a
1 2 4 6 12 24 48 96 192 198 396 397 595 991 b
1 2 4 6 12 24 48 96 192 198 396 397 793 991 b
1 2 4 6 12 24 48 96 192 198 396 594 595 991 b
1 2 4 6 12 24 48 96 192 198 396 594 990 991 b
1 2 4 6 12 24 48 96 192 198 396 792 793 991 b
1 2 4 6 12 24 48 96 192 198 396 792 990 991 b
1 2 4 8 10 20 30 31 60 120 240 480 511 991 a
1 2 4 8 10 20 30 31 60 120 240 480 960 991 a
1 2 4 8 10 20 30 60 120 240 480 481 510 991 a
1 2 4 8 10 20 30 60 120 240 480 481 511 991 b
1 2 4 8 10 20 30 60 120 240 480 481 961 991 b
1 2 4 8 10 20 30 60 120 240 480 510 511 991 b
1 2 4 8 10 20 30 60 120 240 480 510 990 991 b
1 2 4 8 10 20 30 60 120 240 480 960 961 991 b
1 2 4 8 10 20 30 60 120 240 480 960 990 991 b
1 2 4 8 10 20 40 80 160 170 330 331 660 991 a
1 2 4 8 10 20 40 80 160 170 330 331 661 991 b
1 2 4 8 10 20 40 80 160 170 330 660 661 991 b
1 2 4 8 10 20 40 80 160 170 330 660 990 991 b
1 2 4 8 10 20 40 80 160 320 330 331 660 991 a
1 2 4 8 10 20 40 80 160 320 330 331 661 991 b
1 2 4 8 10 20 40 80 160 320 330 660 661 991 b
1 2 4 8 10 20 40 80 160 320 330 660 990 991 b
1 2 4 8 16 17 33 66 99 165 330 331 660 991 a
1 2 4 8 16 17 33 66 99 165 330 331 661 991 b
1 2 4 8 16 17 33 66 99 165 330 495 496 991 b
1 2 4 8 16 17 33 66 99 165 330 495 990 991 b
1 2 4 8 16 17 33 66 99 165 330 660 661 991 b
1 2 4 8 16 17 33 66 99 165 330 660 990 991 b
1 2 4 8 16 17 33 66 99 198 199 396 595 991 a
1 2 4 8 16 17 33 66 99 198 199 396 792 991 a
1 2 4 8 16 17 33 66 99 198 297 495 496 991 b
1 2 4 8 16 17 33 66 99 198 297 495 990 991 b
1 2 4 8 16 17 33 66 99 198 396 397 594 991 a
1 2 4 8 16 17 33 66 99 198 396 397 595 991 b
1 2 4 8 16 17 33 66 99 198 396 397 793 991 b
1 2 4 8 16 17 33 66 99 198 396 495 496 991 b
1 2 4 8 16 17 33 66 99 198 396 495 990 991 b
1 2 4 8 16 17 33 66 99 198 396 594 595 991 b
1 2 4 8 16 17 33 66 99 198 396 594 990 991 b
1 2 4 8 16 17 33 66 99 198 396 792 793 991 b
1 2 4 8 16 17 33 66 99 198 396 792 990 991 b
1 2 4 8 16 17 33 66 132 165 330 331 660 991 a
1 2 4 8 16 17 33 66 132 165 330 331 661 991 b
1 2 4 8 16 17 33 66 132 165 330 495 496 991 b
1 2 4 8 16 17 33 66 132 165 330 495 990 991 b
1 2 4 8 16 17 33 66 132 165 330 660 661 991 b
1 2 4 8 16 17 33 66 132 165 330 660 990 991 b
1 2 4 8 16 17 33 66 132 198 199 396 595 991 a
1 2 4 8 16 17 33 66 132 198 199 396 792 991 a
1 2 4 8 16 17 33 66 132 198 330 331 660 991 a
1 2 4 8 16 17 33 66 132 198 330 331 661 991 b
1 2 4 8 16 17 33 66 132 198 330 660 661 991 b
1 2 4 8 16 17 33 66 132 198 330 660 990 991 b
1 2 4 8 16 17 33 66 132 198 396 397 594 991 a
1 2 4 8 16 17 33 66 132 198 396 397 595 991 b
1 2 4 8 16 17 33 66 132 198 396 397 793 991 b
1 2 4 8 16 17 33 66 132 198 396 594 595 991 b
1 2 4 8 16 17 33 66 132 198 396 594 990 991 b
1 2 4 8 16 17 33 66 132 198 396 792 793 991 b
1 2 4 8 16 17 33 66 132 198 396 792 990 991 b
1 2 4 8 16 17 33 66 132 264 330 331 660 991 a
1 2 4 8 16 17 33 66 132 264 330 331 661 991 b
1 2 4 8 16 17 33 66 132 264 330 660 661 991 b
1 2 4 8 16 17 33 66 132 264 330 660 990 991 b
1 2 4 8 16 32 33 65 130 195 199 398 593 991 b
1 2 4 8 16 32 33 65 130 195 199 398 796 991 b
1 2 4 8 16 32 33 65 130 195 203 398 593 991 b
1 2 4 8 16 32 33 65 130 195 203 398 796 991 b
1 2 4 8 16 32 33 65 130 195 211 390 601 991 a
1 2 4 8 16 32 33 65 130 195 211 390 780 991 a
1 2 4 8 16 32 33 65 130 195 325 333 658 991 b
1 2 4 8 16 32 33 65 130 195 325 333 666 991 b
1 2 4 8 16 32 33 65 130 195 325 341 650 991 a
1 2 4 8 16 32 33 65 130 195 325 341 666 991 b
1 2 4 8 16 32 33 65 130 195 325 650 666 991 b
1 2 4 8 16 32 33 65 130 195 325 650 975 991 b
1 2 4 8 16 32 33 65 130 195 390 398 593 991 b
1 2 4 8 16 32 33 65 130 195 390 398 796 991 b
1 2 4 8 16 32 33 65 130 195 390 406 585 991 a
1 2 4 8 16 32 33 65 130 195 390 406 601 991 b
1 2 4 8 16 32 33 65 130 195 390 406 796 991 b
1 2 4 8 16 32 33 65 130 195 390 585 601 991 b
1 2 4 8 16 32 33 65 130 195 390 585 975 991 b
1 2 4 8 16 32 33 65 130 195 390 780 796 991 b
1 2 4 8 16 32 33 65 130 195 390 780 975 991 b
1 2 4 8 16 32 33 65 130 260 325 333 658 991 b
1 2 4 8 16 32 33 65 130 260 325 333 666 991 b
1 2 4 8 16 32 33 65 130 260 325 341 650 991 a
1 2 4 8 16 32 33 65 130 260 325 341 666 991 b
1 2 4 8 16 32 33 65 130 260 325 650 666 991 b
1 2 4 8 16 32 33 65 130 260 325 650 975 991 b
1 2 4 8 16 32 33 66 99 165 330 331 660 991 a
1 2 4 8 16 32 33 66 99 165 330 331 661 991 b
1 2 4 8 16 32 33 66 99 165 330 495 496 991 b
1 2 4 8 16 32 33 66 99 165 330 495 990 991 b
1 2 4 8 16 32 33 66 99 165 330 660 661 991 b
1 2 4 8 16 32 33 66 99 165 330 660 990 991 b
1 2 4 8 16 32 33 66 99 198 199 396 595 991 a
1 2 4 8 16 32 33 66 99 198 199 396 792 991 a
1 2 4 8 16 32 33 66 99 198 297 495 496 991 b
1 2 4 8 16 32 33 66 99 198 297 495 990 991 b
1 2 4 8 16 32 33 66 99 198 396 397 594 991 a
1 2 4 8 16 32 33 66 99 198 396 397 595 991 b
1 2 4 8 16 32 33 66 99 198 396 397 793 991 b
1 2 4 8 16 32 33 66 99 198 396 495 496 991 b
1 2 4 8 16 32 33 66 99 198 396 495 990 991 b
1 2 4 8 16 32 33 66 99 198 396 594 595 991 b
1 2 4 8 16 32 33 66 99 198 396 594 990 991 b
1 2 4 8 16 32 33 66 99 198 396 792 793 991 b
1 2 4 8 16 32 33 66 99 198 396 792 990 991 b
1 2 4 8 16 32 33 66 132 165 330 331 660 991 a
1 2 4 8 16 32 33 66 132 165 330 331 661 991 b
1 2 4 8 16 32 33 66 132 165 330 495 496 991 b
1 2 4 8 16 32 33 66 132 165 330 495 990 991 b
1 2 4 8 16 32 33 66 132 165 330 660 661 991 b
1 2 4 8 16 32 33 66 132 165 330 660 990 991 b
1 2 4 8 16 32 33 66 132 198 199 396 595 991 a
1 2 4 8 16 32 33 66 132 198 199 396 792 991 a
1 2 4 8 16 32 33 66 132 198 330 331 660 991 a
1 2 4 8 16 32 33 66 132 198 330 331 661 991 b
1 2 4 8 16 32 33 66 132 198 330 660 661 991 b
1 2 4 8 16 32 33 66 132 198 330 660 990 991 b
1 2 4 8 16 32 33 66 132 198 396 397 594 991 a
1 2 4 8 16 32 33 66 132 198 396 397 595 991 b
1 2 4 8 16 32 33 66 132 198 396 397 793 991 b
1 2 4 8 16 32 33 66 132 198 396 594 595 991 b
1 2 4 8 16 32 33 66 132 198 396 594 990 991 b
1 2 4 8 16 32 33 66 132 198 396 792 793 991 b
1 2 4 8 16 32 33 66 132 198 396 792 990 991 b
1 2 4 8 16 32 33 66 132 264 330 331 660 991 a
1 2 4 8 16 32 33 66 132 264 330 331 661 991 b
1 2 4 8 16 32 33 66 132 264 330 660 661 991 b
1 2 4 8 16 32 33 66 132 264 330 660 990 991 b
1 2 4 8 16 32 34 66 132 198 199 396 595 991 a
1 2 4 8 16 32 34 66 132 198 199 396 792 991 a
1 2 4 8 16 32 34 66 132 198 330 331 660 991 a
1 2 4 8 16 32 34 66 132 198 330 331 661 991 b
1 2 4 8 16 32 34 66 132 198 330 660 661 991 b
1 2 4 8 16 32 34 66 132 198 330 660 990 991 b
1 2 4 8 16 32 34 66 132 198 396 397 594 991 a
1 2 4 8 16 32 34 66 132 198 396 397 595 991 b
1 2 4 8 16 32 34 66 132 198 396 397 793 991 b
1 2 4 8 16 32 34 66 132 198 396 594 595 991 b
1 2 4 8 16 32 34 66 132 198 396 594 990 991 b
1 2 4 8 16 32 34 66 132 198 396 792 793 991 b
1 2 4 8 16 32 34 66 132 198 396 792 990 991 b
1 2 4 8 16 32 34 66 132 264 330 331 660 991 a
1 2 4 8 16 32 34 66 132 264 330 331 661 991 b
1 2 4 8 16 32 34 66 132 264 330 660 661 991 b
1 2 4 8 16 32 34 66 132 264 330 660 990 991 b
1 2 4 8 16 32 64 65 130 195 199 398 593 991 b
1 2 4 8 16 32 64 65 130 195 199 398 796 991 b
1 2 4 8 16 32 64 65 130 195 203 398 593 991 b
1 2 4 8 16 32 64 65 130 195 203 398 796 991 b
1 2 4 8 16 32 64 65 130 195 211 390 601 991 a
1 2 4 8 16 32 64 65 130 195 211 390 780 991 a
1 2 4 8 16 32 64 65 130 195 325 333 658 991 b
1 2 4 8 16 32 64 65 130 195 325 333 666 991 b
1 2 4 8 16 32 64 65 130 195 325 341 650 991 a
1 2 4 8 16 32 64 65 130 195 325 341 666 991 b
1 2 4 8 16 32 64 65 130 195 325 650 666 991 b
1 2 4 8 16 32 64 65 130 195 325 650 975 991 b
1 2 4 8 16 32 64 65 130 195 390 398 593 991 b
1 2 4 8 16 32 64 65 130 195 390 398 796 991 b
1 2 4 8 16 32 64 65 130 195 390 406 585 991 a
1 2 4 8 16 32 64 65 130 195 390 406 601 991 b
1 2 4 8 16 32 64 65 130 195 390 406 796 991 b
1 2 4 8 16 32 64 65 130 195 390 585 601 991 b
1 2 4 8 16 32 64 65 130 195 390 585 975 991 b
1 2 4 8 16 32 64 65 130 195 390 780 796 991 b
1 2 4 8 16 32 64 65 130 195 390 780 975 991 b
1 2 4 8 16 32 64 65 130 260 325 333 658 991 b
1 2 4 8 16 32 64 65 130 260 325 333 666 991 b
1 2 4 8 16 32 64 65 130 260 325 341 650 991 a
1 2 4 8 16 32 64 65 130 260 325 341 666 991 b
1 2 4 8 16 32 64 65 130 260 325 650 666 991 b
1 2 4 8 16 32 64 65 130 260 325 650 975 991 b
1 2 4 8 16 32 64 66 132 198 199 396 595 991 a
1 2 4 8 16 32 64 66 132 198 199 396 792 991 a
1 2 4 8 16 32 64 66 132 198 330 331 660 991 a
1 2 4 8 16 32 64 66 132 198 330 331 661 991 b
1 2 4 8 16 32 64 66 132 198 330 660 661 991 b
1 2 4 8 16 32 64 66 132 198 330 660 990 991 b
1 2 4 8 16 32 64 66 132 198 396 397 594 991 a
1 2 4 8 16 32 64 66 132 198 396 397 595 991 b
1 2 4 8 16 32 64 66 132 198 396 397 793 991 b
1 2 4 8 16 32 64 66 132 198 396 594 595 991 b
1 2 4 8 16 32 64 66 132 198 396 594 990 991 b
1 2 4 8 16 32 64 66 132 198 396 792 793 991 b
1 2 4 8 16 32 64 66 132 198 396 792 990 991 b
1 2 4 8 16 32 64 66 132 264 330 331 660 991 a
1 2 4 8 16 32 64 66 132 264 330 331 661 991 b
1 2 4 8 16 32 64 66 132 264 330 660 661 991 b
1 2 4 8 16 32 64 66 132 264 330 660 990 991 b
