1 2 3 4 7 14 15 29 58 116 232 247 479 958 b
1 2 3 4 7 14 15 29 58 116 232 464 479 958 b
1 2 3 4 7 14 28 30 58 116 232 464 494 958 b
1 2 3 4 7 14 28 30 58 116 232 464 928 958 b
1 2 3 4 7 14 28 31 56 112 224 255 479 958 a
1 2 3 4 7 14 28 31 56 112 224 448 479 958 a
1 2 3 4 7 14 28 31 59 118 236 243 479 958 b
1 2 3 4 7 14 28 31 59 118 236 472 479 958 b
1 2 3 4 7 14 28 31 59 118 236 472 486 958 b
1 2 3 4 7 14 28 31 59 118 236 472 944 958 b
1 2 3 4 7 14 28 56 59 118 236 243 479 958 b
1 2 3 4 7 14 28 56 59 118 236 472 479 958 b
1 2 3 4 7 14 28 56 59 118 236 472 486 958 b
1 2 3 4 7 14 28 56 59 118 236 472 944 958 b
1 2 3 4 7 14 28 56 63 119 238 241 479 958 b
1 2 3 4 7 14 28 56 63 119 238 476 479 958 b
1 2 3 4 7 14 28 56 112 119 238 241 479 958 b
1 2 3 4 7 14 28 56 112 119 238 476 479 958 b
1 2 3 4 7 14 28 56 112 126 238 241 479 958 b
1 2 3 4 7 14 28 56 112 126 238 476 479 958 b
1 2 3 4 7 14 28 56 112 224 227 252 479 958 a
1 2 3 4 7 14 28 56 112 224 227 255 479 958 b
1 2 3 4 7 14 28 56 112 224 227 451 479 958 b
1 2 3 4 7 14 28 56 112 224 227 451 507 958 b
1 2 3 4 7 14 28 56 112 224 227 451 902 958 b
1 2 3 4 7 14 28 56 112 224 238 241 479 958 b
1 2 3 4 7 14 28 56 112 224 238 476 479 958 b
1 2 3 4 7 14 28 56 112 224 252 255 479 958 b
1 2 3 4 7 14 28 56 112 224 252 476 479 958 b
1 2 3 4 7 14 28 56 112 224 448 451 479 958 b
1 2 3 4 7 14 28 56 112 224 448 451 507 958 b
1 2 3 4 7 14 28 56 112 224 448 451 902 958 b
1 2 3 4 7 14 28 56 112 224 448 476 479 958 b
1 2 3 5 7 14 15 29 58 116 232 247 479 958 b
1 2 3 5 7 14 15 29 58 116 232 464 479 958 b
1 2 3 5 7 14 28 30 58 116 232 464 494 958 b
1 2 3 5 7 14 28 30 58 116 232 464 928 958 b
1 2 3 5 7 14 28 31 56 112 224 255 479 958 a
1 2 3 5 7 14 28 31 56 112 224 448 479 958 a
1 2 3 5 7 14 28 31 59 118 236 243 479 958 b
1 2 3 5 7 14 28 31 59 118 236 472 479 958 b
1 2 3 5 7 14 28 31 59 118 236 472 486 958 b
1 2 3 5 7 14 28 31 59 118 236 472 944 958 b
1 2 3 5 7 14 28 56 59 118 236 243 479 958 b
1 2 3 5 7 14 28 56 59 118 236 472 479 958 b
1 2 3 5 7 14 28 56 59 118 236 472 486 958 b
1 2 3 5 7 14 28 56 59 118 236 472 944 958 b
1 2 3 5 7 14 28 56 63 119 238 241 479 958 b
1 2 3 5 7 14 28 56 63 119 238 476 479 958 b
1 2 3 5 7 14 28 56 112 119 238 241 479 958 b
1 2 3 5 7 14 28 56 112 119 238 476 479 958 b
1 2 3 5 7 14 28 56 112 126 238 241 479 958 b
1 2 3 5 7 14 28 56 112 126 238 476 479 958 b
1 2 3 5 7 14 28 56 112 224 227 252 479 958 a
1 2 3 5 7 14 28 56 112 224 227 255 479 958 b
1 2 3 5 7 14 28 56 112 224 227 451 479 958 b
1 2 3 5 7 14 28 56 112 224 227 451 507 958 b
1 2 3 5 7 14 28 56 112 224 227 451 902 958 b
1 2 3 5 7 14 28 56 112 224 238 241 479 958 b
1 2 3 5 7 14 28 56 112 224 238 476 479 958 b
1 2 3 5 7 14 28 56 112 224 252 255 479 958 b
1 2 3 5 7 14 28 56 112 224 252 476 479 958 b
1 2 3 5 7 14 28 56 112 224 448 451 479 958 b
1 2 3 5 7 14 28 56 112 224 448 451 507 958 b
1 2 3 5 7 14 28 56 112 224 448 451 902 958 b
1 2 3 5 7 14 28 56 112 224 448 476 479 958 b
1 2 3 5 10 13 23 46 59 105 210 269 479 958 b
1 2 3 5 10 13 23 46 59 105 210 420 479 958 b
1 2 3 5 10 20 23 43 66 109 218 261 479 958 b
1 2 3 5 10 20 23 43 66 109 218 436 479 958 b
1 2 3 5 10 20 23 43 86 109 218 261 479 958 b
1 2 3 5 10 20 23 43 86 109 218 436 479 958 b
1 2 3 5 10 20 23 43 86 109 218 436 522 958 b
1 2 3 5 10 20 23 43 86 109 218 436 872 958 b
1 2 3 6 7 13 26 33 59 118 236 243 479 958 b
1 2 3 6 7 13 26 33 59 118 236 472 479 958 b
1 2 3 6 7 13 26 52 59 118 236 243 479 958 b
1 2 3 6 7 13 26 52 59 118 236 472 479 958 b
1 2 3 6 7 14 15 29 58 116 232 247 479 958 b
1 2 3 6 7 14 15 29 58 116 232 464 479 958 b
1 2 3 6 7 14 28 30 58 116 232 464 494 958 b
1 2 3 6 7 14 28 30 58 116 232 464 928 958 b
1 2 3 6 7 14 28 31 56 112 224 255 479 958 a
1 2 3 6 7 14 28 31 56 112 224 448 479 958 a
1 2 3 6 7 14 28 31 59 118 236 243 479 958 b
1 2 3 6 7 14 28 31 59 118 236 472 479 958 b
1 2 3 6 7 14 28 31 59 118 236 472 486 958 b
1 2 3 6 7 14 28 31 59 118 236 472 944 958 b
1 2 3 6 7 14 28 56 59 118 236 243 479 958 b
1 2 3 6 7 14 28 56 59 118 236 472 479 958 b
1 2 3 6 7 14 28 56 59 118 236 472 486 958 b
1 2 3 6 7 14 28 56 59 118 236 472 944 958 b
1 2 3 6 7 14 28 56 62 112 224 448 510 958 a
1 2 3 6 7 14 28 56 62 112 224 448 896 958 a
1 2 3 6 7 14 28 56 62 118 236 243 479 958 b
1 2 3 6 7 14 28 56 62 118 236 472 479 958 b
1 2 3 6 7 14 28 56 62 118 236 472 486 958 b
1 2 3 6 7 14 28 56 62 118 236 472 944 958 b
1 2 3 6 7 14 28 56 63 119 238 241 479 958 b
1 2 3 6 7 14 28 56 63 119 238 476 479 958 b
1 2 3 6 7 14 28 56 63 119 238 476 482 958 b
1 2 3 6 7 14 28 56 63 119 238 476 952 958 b
1 2 3 6 7 14 28 56 112 118 236 243 479 958 b
1 2 3 6 7 14 28 56 112 118 236 472 479 958 b
1 2 3 6 7 14 28 56 112 118 236 472 486 958 b
1 2 3 6 7 14 28 56 112 118 236 472 944 958 b
1 2 3 6 7 14 28 56 112 119 238 241 479 958 b
1 2 3 6 7 14 28 56 112 119 238 476 479 958 b
1 2 3 6 7 14 28 56 112 119 238 476 482 958 b
1 2 3 6 7 14 28 56 112 119 238 476 952 958 b
1 2 3 6 7 14 28 56 112 126 238 241 479 958 b
1 2 3 6 7 14 28 56 112 126 238 476 479 958 b
1 2 3 6 7 14 28 56 112 126 238 476 482 958 b
1 2 3 6 7 14 28 56 112 126 238 476 952 958 b
1 2 3 6 7 14 28 56 112 224 227 252 479 958 a
1 2 3 6 7 14 28 56 112 224 227 255 479 958 b
1 2 3 6 7 14 28 56 112 224 227 451 479 958 b
1 2 3 6 7 14 28 56 112 224 227 451 507 958 b
1 2 3 6 7 14 28 56 112 224 227 451 902 958 b
1 2 3 6 7 14 28 56 112 224 238 241 479 958 b
1 2 3 6 7 14 28 56 112 224 238 476 479 958 b
1 2 3 6 7 14 28 56 112 224 238 476 482 958 b
1 2 3 6 7 14 28 56 112 224 238 476 952 958 b
1 2 3 6 7 14 28 56 112 224 252 255 479 958 b
1 2 3 6 7 14 28 56 112 224 252 476 479 958 b
1 2 3 6 7 14 28 56 112 224 252 476 482 958 b
1 2 3 6 7 14 28 56 112 224 252 476 952 958 b
1 2 3 6 7 14 28 56 112 224 448 451 479 958 b
1 2 3 6 7 14 28 56 112 224 448 451 507 958 b
1 2 3 6 7 14 28 56 112 224 448 451 902 958 b
1 2 3 6 7 14 28 56 112 224 448 454 504 958 a
1 2 3 6 7 14 28 56 112 224 448 454 510 958 b
1 2 3 6 7 14 28 56 112 224 448 454 902 958 b
1 2 3 6 7 14 28 56 112 224 448 476 479 958 b
1 2 3 6 7 14 28 56 112 224 448 476 482 958 b
1 2 3 6 7 14 28 56 112 224 448 476 952 958 b
1 2 3 6 7 14 28 56 112 224 448 504 510 958 b
1 2 3 6 7 14 28 56 112 224 448 504 952 958 b
1 2 3 6 7 14 28 56 112 224 448 896 902 958 b
1 2 3 6 7 14 28 56 112 224 448 896 952 958 b
1 2 3 6 8 14 15 29 58 116 232 247 479 958 b
1 2 3 6 8 14 15 29 58 116 232 464 479 958 b
1 2 3 6 8 14 28 30 58 116 232 464 494 958 b
1 2 3 6 8 14 28 30 58 116 232 464 928 958 b
1 2 3 6 8 14 28 31 56 112 224 255 479 958 a
1 2 3 6 8 14 28 31 56 112 224 448 479 958 a
1 2 3 6 8 14 28 31 59 118 236 472 486 958 b
1 2 3 6 8 14 28 31 59 118 236 472 944 958 b
1 2 3 6 8 14 28 56 59 118 236 472 486 958 b
1 2 3 6 8 14 28 56 59 118 236 472 944 958 b
1 2 3 6 8 14 28 56 62 112 224 448 510 958 a
1 2 3 6 8 14 28 56 62 112 224 448 896 958 a
1 2 3 6 8 14 28 56 62 118 236 472 486 958 b
1 2 3 6 8 14 28 56 62 118 236 472 944 958 b
1 2 3 6 8 14 28 56 112 118 236 472 486 958 b
1 2 3 6 8 14 28 56 112 118 236 472 944 958 b
1 2 3 6 8 14 28 56 112 126 238 241 479 958 b
1 2 3 6 8 14 28 56 112 126 238 476 479 958 b
1 2 3 6 8 14 28 56 112 126 238 476 482 958 b
1 2 3 6 8 14 28 56 112 126 238 476 952 958 b
1 2 3 6 8 14 28 56 112 224 227 252 479 958 a
1 2 3 6 8 14 28 56 112 224 227 255 479 958 b
1 2 3 6 8 14 28 56 112 224 227 451 479 958 b
1 2 3 6 8 14 28 56 112 224 227 451 507 958 b
1 2 3 6 8 14 28 56 112 224 227 451 902 958 b
1 2 3 6 8 14 28 56 112 224 238 241 479 958 b
1 2 3 6 8 14 28 56 112 224 238 476 479 958 b
1 2 3 6 8 14 28 56 112 224 238 476 482 958 b
1 2 3 6 8 14 28 56 112 224 238 476 952 958 b
1 2 3 6 8 14 28 56 112 224 252 255 479 958 b
1 2 3 6 8 14 28 56 112 224 252 476 479 958 b
1 2 3 6 8 14 28 56 112 224 252 476 482 958 b
1 2 3 6 8 14 28 56 112 224 252 476 952 958 b
1 2 3 6 8 14 28 56 112 224 448 451 479 958 b
1 2 3 6 8 14 28 56 112 224 448 451 507 958 b
1 2 3 6 8 14 28 56 112 224 448 451 902 958 b
1 2 3 6 8 14 28 56 112 224 448 454 504 958 a
1 2 3 6 8 14 28 56 112 224 448 454 510 958 b
1 2 3 6 8 14 28 56 112 224 448 454 902 958 b
1 2 3 6 8 14 28 56 112 224 448 476 479 958 b
1 2 3 6 8 14 28 56 112 224 448 476 482 958 b
1 2 3 6 8 14 28 56 112 224 448 476 952 958 b
1 2 3 6 8 14 28 56 112 224 448 504 510 958 b
1 2 3 6 8 14 28 56 112 224 448 504 952 958 b
1 2 3 6 8 14 28 56 112 224 448 896 902 958 b
1 2 3 6 8 14 28 56 112 224 448 896 952 958 b
1 2 3 6 12 13 25 31 56 112 224 255 479 958 b
1 2 3 6 12 13 25 31 56 112 224 448 479 958 b
1 2 3 6 12 13 25 50 62 112 224 448 510 958 b
1 2 3 6 12 13 25 50 62 112 224 448 896 958 b
1 2 3 6 12 14 15 29 58 116 232 247 479 958 b
1 2 3 6 12 14 15 29 58 116 232 464 479 958 b
1 2 3 6 12 14 26 52 66 118 236 472 486 958 b
1 2 3 6 12 14 26 52 66 118 236 472 944 958 b
1 2 3 6 12 14 26 52 104 118 236 472 486 958 b
1 2 3 6 12 14 26 52 104 118 236 472 944 958 b
1 2 3 6 12 14 28 30 58 116 232 464 494 958 b
1 2 3 6 12 14 28 30 58 116 232 464 928 958 b
1 2 3 6 12 14 28 31 56 112 224 255 479 958 a
1 2 3 6 12 14 28 31 56 112 224 448 479 958 a
1 2 3 6 12 14 28 31 59 118 236 472 486 958 b
1 2 3 6 12 14 28 31 59 118 236 472 944 958 b
1 2 3 6 12 14 28 56 59 118 236 472 486 958 b
1 2 3 6 12 14 28 56 59 118 236 472 944 958 b
1 2 3 6 12 14 28 56 62 112 224 448 510 958 a
1 2 3 6 12 14 28 56 62 112 224 448 896 958 a
1 2 3 6 12 14 28 56 62 118 236 472 486 958 b
1 2 3 6 12 14 28 56 62 118 236 472 944 958 b
1 2 3 6 12 14 28 56 112 118 236 472 486 958 b
1 2 3 6 12 14 28 56 112 118 236 472 944 958 b
1 2 3 6 12 14 28 56 112 124 236 472 486 958 b
1 2 3 6 12 14 28 56 112 124 236 472 944 958 b
1 2 3 6 12 14 28 56 112 126 238 241 479 958 b
1 2 3 6 12 14 28 56 112 126 238 476 479 958 b
1 2 3 6 12 14 28 56 112 126 238 476 482 958 b
1 2 3 6 12 14 28 56 112 126 238 476 952 958 b
1 2 3 6 12 14 28 56 112 224 227 252 479 958 a
1 2 3 6 12 14 28 56 112 224 227 255 479 958 b
1 2 3 6 12 14 28 56 112 224 227 451 479 958 b
1 2 3 6 12 14 28 56 112 224 227 451 507 958 b
1 2 3 6 12 14 28 56 112 224 227 451 902 958 b
1 2 3 6 12 14 28 56 112 224 236 472 486 958 b
1 2 3 6 12 14 28 56 112 224 236 472 944 958 b
1 2 3 6 12 14 28 56 112 224 238 241 479 958 b
1 2 3 6 12 14 28 56 112 224 238 476 479 958 b
1 2 3 6 12 14 28 56 112 224 238 476 482 958 b
1 2 3 6 12 14 28 56 112 224 238 476 952 958 b
1 2 3 6 12 14 28 56 112 224 252 255 479 958 b
1 2 3 6 12 14 28 56 112 224 252 476 479 958 b
1 2 3 6 12 14 28 56 112 224 252 476 482 958 b
1 2 3 6 12 14 28 56 112 224 252 476 952 958 b
1 2 3 6 12 14 28 56 112 224 448 451 479 958 b
1 2 3 6 12 14 28 56 112 224 448 451 507 958 b
1 2 3 6 12 14 28 56 112 224 448 451 902 958 b
1 2 3 6 12 14 28 56 112 224 448 454 504 958 a
1 2 3 6 12 14 28 56 112 224 448 454 510 958 b
1 2 3 6 12 14 28 56 112 224 448 454 902 958 b
1 2 3 6 12 14 28 56 112 224 448 476 479 958 b
1 2 3 6 12 14 28 56 112 224 448 476 482 958 b
1 2 3 6 12 14 28 56 112 224 448 476 952 958 b
1 2 3 6 12 14 28 56 112 224 448 504 510 958 b
1 2 3 6 12 14 28 56 112 224 448 504 952 958 b
1 2 3 6 12 14 28 56 112 224 448 896 902 958 b
1 2 3 6 12 14 28 56 112 224 448 896 952 958 b
1 2 3 6 12 15 17 29 58 116 232 247 479 958 b
1 2 3 6 12 15 17 29 58 116 232 464 479 958 b
1 2 3 6 12 15 27 29 58 116 232 247 479 958 b
1 2 3 6 12 15 27 29 58 116 232 464 479 958 b
1 2 3 6 12 24 25 31 56 112 224 255 479 958 b
1 2 3 6 12 24 25 31 56 112 224 448 479 958 b
1 2 3 6 12 24 25 50 62 112 224 448 510 958 b
1 2 3 6 12 24 25 50 62 112 224 448 896 958 b
1 2 3 6 12 24 26 50 62 112 224 448 510 958 b
1 2 3 6 12 24 26 50 62 112 224 448 896 958 b
1 2 3 6 12 24 48 50 62 112 224 448 510 958 b
1 2 3 6 12 24 48 50 62 112 224 448 896 958 b
1 2 4 5 7 14 15 29 58 116 232 247 479 958 b
1 2 4 5 7 14 15 29 58 116 232 464 479 958 b
1 2 4 5 7 14 28 30 58 116 232 464 494 958 b
1 2 4 5 7 14 28 30 58 116 232 464 928 958 b
1 2 4 5 9 13 22 44 88 101 189 290 479 958 b
1 2 4 5 9 13 22 44 88 101 189 378 479 958 b
1 2 4 5 9 14 15 29 58 116 232 247 479 958 b
1 2 4 5 9 14 15 29 58 116 232 464 479 958 b
1 2 4 5 9 14 28 30 58 116 232 464 494 958 b
1 2 4 5 9 14 28 30 58 116 232 464 928 958 b
1 2 4 5 9 18 23 41 82 105 187 292 479 958 b
1 2 4 5 9 18 23 41 82 105 187 374 479 958 b
1 2 4 5 9 18 27 54 59 113 226 253 479 958 b
1 2 4 5 9 18 27 54 59 113 226 452 479 958 b
1 2 4 5 9 18 27 54 59 113 226 452 506 958 b
1 2 4 5 9 18 27 54 59 113 226 452 904 958 b
1 2 4 5 9 18 27 54 108 113 226 253 479 958 b
1 2 4 5 9 18 27 54 108 113 226 452 479 958 b
1 2 4 5 9 18 27 54 108 113 226 452 506 958 b
1 2 4 5 9 18 27 54 108 113 226 452 904 958 b
1 2 4 5 9 18 36 54 59 113 226 452 506 958 b
1 2 4 5 9 18 36 54 59 113 226 452 904 958 b
1 2 4 5 9 18 36 54 108 113 226 452 506 958 b
1 2 4 5 9 18 36 54 108 113 226 452 904 958 b
1 2 4 5 10 14 15 29 58 116 232 247 479 958 b
1 2 4 5 10 14 15 29 58 116 232 464 479 958 b
1 2 4 5 10 14 28 30 58 116 232 464 494 958 b
1 2 4 5 10 14 28 30 58 116 232 464 928 958 b
1 2 4 5 10 15 19 29 58 116 232 247 479 958 b
1 2 4 5 10 15 19 29 58 116 232 464 479 958 b
1 2 4 5 10 15 25 29 58 116 232 247 479 958 b
1 2 4 5 10 15 25 29 58 116 232 464 479 958 b
1 2 4 6 7 13 26 33 59 118 236 243 479 958 b
1 2 4 6 7 13 26 33 59 118 236 472 479 958 b
1 2 4 6 7 13 26 52 59 118 236 243 479 958 b
1 2 4 6 7 13 26 52 59 118 236 472 479 958 b
1 2 4 6 7 14 15 29 58 116 232 247 479 958 b
1 2 4 6 7 14 15 29 58 116 232 464 479 958 b
1 2 4 6 7 14 28 30 58 116 232 464 494 958 b
1 2 4 6 7 14 28 30 58 116 232 464 928 958 b
1 2 4 6 7 14 28 56 62 112 224 448 510 958 a
1 2 4 6 7 14 28 56 62 112 224 448 896 958 a
1 2 4 6 7 14 28 56 62 118 236 243 479 958 b
1 2 4 6 7 14 28 56 62 118 236 472 479 958 b
1 2 4 6 7 14 28 56 62 118 236 472 486 958 b
1 2 4 6 7 14 28 56 62 118 236 472 944 958 b
1 2 4 6 7 14 28 56 63 119 238 476 482 958 b
1 2 4 6 7 14 28 56 63 119 238 476 952 958 b
1 2 4 6 7 14 28 56 112 118 236 243 479 958 b
1 2 4 6 7 14 28 56 112 118 236 472 479 958 b
1 2 4 6 7 14 28 56 112 118 236 472 486 958 b
1 2 4 6 7 14 28 56 112 118 236 472 944 958 b
1 2 4 6 7 14 28 56 112 119 238 476 482 958 b
1 2 4 6 7 14 28 56 112 119 238 476 952 958 b
1 2 4 6 7 14 28 56 112 126 238 476 482 958 b
1 2 4 6 7 14 28 56 112 126 238 476 952 958 b
1 2 4 6 7 14 28 56 112 224 238 476 482 958 b
1 2 4 6 7 14 28 56 112 224 238 476 952 958 b
1 2 4 6 7 14 28 56 112 224 252 476 482 958 b
1 2 4 6 7 14 28 56 112 224 252 476 952 958 b
1 2 4 6 7 14 28 56 112 224 448 454 504 958 a
1 2 4 6 7 14 28 56 112 224 448 454 510 958 b
1 2 4 6 7 14 28 56 112 224 448 454 902 958 b
1 2 4 6 7 14 28 56 112 224 448 476 482 958 b
1 2 4 6 7 14 28 56 112 224 448 476 952 958 b
1 2 4 6 7 14 28 56 112 224 448 504 510 958 b
1 2 4 6 7 14 28 56 112 224 448 504 952 958 b
1 2 4 6 7 14 28 56 112 224 448 896 902 958 b
1 2 4 6 7 14 28 56 112 224 448 896 952 958 b
1 2 4 6 8 14 15 29 58 116 232 247 479 958 b
1 2 4 6 8 14 15 29 58 116 232 464 479 958 b
1 2 4 6 8 14 28 30 58 116 232 464 494 958 b
1 2 4 6 8 14 28 30 58 116 232 464 928 958 b
1 2 4 6 8 14 28 56 62 112 224 448 510 958 a
1 2 4 6 8 14 28 56 62 112 224 448 896 958 a
1 2 4 6 8 14 28 56 62 118 236 472 486 958 b
1 2 4 6 8 14 28 56 62 118 236 472 944 958 b
1 2 4 6 8 14 28 56 112 118 236 472 486 958 b
1 2 4 6 8 14 28 56 112 118 236 472 944 958 b
1 2 4 6 8 14 28 56 112 126 238 476 482 958 b
1 2 4 6 8 14 28 56 112 126 238 476 952 958 b
1 2 4 6 8 14 28 56 112 224 238 476 482 958 b
1 2 4 6 8 14 28 56 112 224 238 476 952 958 b
1 2 4 6 8 14 28 56 112 224 252 476 482 958 b
1 2 4 6 8 14 28 56 112 224 252 476 952 958 b
1 2 4 6 8 14 28 56 112 224 448 454 504 958 a
1 2 4 6 8 14 28 56 112 224 448 454 510 958 b
1 2 4 6 8 14 28 56 112 224 448 454 902 958 b
1 2 4 6 8 14 28 56 112 224 448 476 482 958 b
1 2 4 6 8 14 28 56 112 224 448 476 952 958 b
1 2 4 6 8 14 28 56 112 224 448 504 510 958 b
1 2 4 6 8 14 28 56 112 224 448 504 952 958 b
1 2 4 6 8 14 28 56 112 224 448 896 902 958 b
1 2 4 6 8 14 28 56 112 224 448 896 952 958 b
1 2 4 6 10 14 15 29 58 116 232 247 479 958 b
1 2 4 6 10 14 15 29 58 116 232 464 479 958 b
1 2 4 6 10 14 28 30 58 116 232 464 494 958 b
1 2 4 6 10 14 28 30 58 116 232 464 928 958 b
1 2 4 6 10 14 28 56 62 112 224 448 510 958 a
1 2 4 6 10 14 28 56 62 112 224 448 896 958 a
1 2 4 6 10 14 28 56 62 118 236 472 486 958 b
1 2 4 6 10 14 28 56 62 118 236 472 944 958 b
1 2 4 6 10 14 28 56 112 118 236 472 486 958 b
1 2 4 6 10 14 28 56 112 118 236 472 944 958 b
1 2 4 6 10 14 28 56 112 126 238 476 482 958 b
1 2 4 6 10 14 28 56 112 126 238 476 952 958 b
1 2 4 6 10 14 28 56 112 224 238 476 482 958 b
1 2 4 6 10 14 28 56 112 224 238 476 952 958 b
1 2 4 6 10 14 28 56 112 224 252 476 482 958 b
1 2 4 6 10 14 28 56 112 224 252 476 952 958 b
1 2 4 6 10 14 28 56 112 224 448 454 504 958 a
1 2 4 6 10 14 28 56 112 224 448 454 510 958 b
1 2 4 6 10 14 28 56 112 224 448 454 902 958 b
1 2 4 6 10 14 28 56 112 224 448 476 482 958 b
1 2 4 6 10 14 28 56 112 224 448 476 952 958 b
1 2 4 6 10 14 28 56 112 224 448 504 510 958 b
1 2 4 6 10 14 28 56 112 224 448 504 952 958 b
1 2 4 6 10 14 28 56 112 224 448 896 902 958 b
1 2 4 6 10 14 28 56 112 224 448 896 952 958 b
1 2 4 6 10 20 26 46 92 118 210 420 538 958 b
1 2 4 6 10 20 26 46 92 118 210 420 840 958 b
1 2 4 6 10 20 40 46 86 132 218 436 522 958 b
1 2 4 6 10 20 40 46 86 132 218 436 872 958 b
1 2 4 6 10 20 40 46 86 172 218 436 522 958 b
1 2 4 6 10 20 40 46 86 172 218 436 872 958 b
1 2 4 6 12 13 25 31 56 112 224 255 479 958 b
1 2 4 6 12 13 25 31 56 112 224 448 479 958 b
1 2 4 6 12 13 25 50 62 112 224 448 510 958 b
1 2 4 6 12 13 25 50 62 112 224 448 896 958 b
1 2 4 6 12 14 15 29 58 116 232 247 479 958 b
1 2 4 6 12 14 15 29 58 116 232 464 479 958 b
1 2 4 6 12 14 26 52 66 118 236 472 486 958 b
1 2 4 6 12 14 26 52 66 118 236 472 944 958 b
1 2 4 6 12 14 26 52 104 118 236 472 486 958 b
1 2 4 6 12 14 26 52 104 118 236 472 944 958 b
1 2 4 6 12 14 28 30 58 116 232 464 494 958 b
1 2 4 6 12 14 28 30 58 116 232 464 928 958 b
1 2 4 6 12 14 28 56 62 112 224 448 510 958 a
1 2 4 6 12 14 28 56 62 112 224 448 896 958 a
1 2 4 6 12 14 28 56 62 118 236 472 486 958 b
1 2 4 6 12 14 28 56 62 118 236 472 944 958 b
1 2 4 6 12 14 28 56 112 118 236 472 486 958 b
1 2 4 6 12 14 28 56 112 118 236 472 944 958 b
1 2 4 6 12 14 28 56 112 124 236 472 486 958 b
1 2 4 6 12 14 28 56 112 124 236 472 944 958 b
1 2 4 6 12 14 28 56 112 126 238 476 482 958 b
1 2 4 6 12 14 28 56 112 126 238 476 952 958 b
1 2 4 6 12 14 28 56 112 224 236 472 486 958 b
1 2 4 6 12 14 28 56 112 224 236 472 944 958 b
1 2 4 6 12 14 28 56 112 224 238 476 482 958 b
1 2 4 6 12 14 28 56 112 224 238 476 952 958 b
1 2 4 6 12 14 28 56 112 224 252 476 482 958 b
1 2 4 6 12 14 28 56 112 224 252 476 952 958 b
1 2 4 6 12 14 28 56 112 224 448 454 504 958 a
1 2 4 6 12 14 28 56 112 224 448 454 510 958 b
1 2 4 6 12 14 28 56 112 224 448 454 902 958 b
1 2 4 6 12 14 28 56 112 224 448 476 482 958 b
1 2 4 6 12 14 28 56 112 224 448 476 952 958 b
1 2 4 6 12 14 28 56 112 224 448 504 510 958 b
1 2 4 6 12 14 28 56 112 224 448 504 952 958 b
1 2 4 6 12 14 28 56 112 224 448 896 902 958 b
1 2 4 6 12 14 28 56 112 224 448 896 952 958 b
1 2 4 6 12 16 28 30 58 116 232 464 494 958 b
1 2 4 6 12 16 28 30 58 116 232 464 928 958 b
1 2 4 6 12 16 28 56 62 112 224 448 510 958 a
1 2 4 6 12 16 28 56 62 112 224 448 896 958 a
1 2 4 6 12 16 28 56 112 224 252 476 482 958 b
1 2 4 6 12 16 28 56 112 224 252 476 952 958 b
1 2 4 6 12 16 28 56 112 224 448 454 504 958 a
1 2 4 6 12 16 28 56 112 224 448 454 510 958 b
1 2 4 6 12 16 28 56 112 224 448 454 902 958 b
1 2 4 6 12 16 28 56 112 224 448 476 482 958 b
1 2 4 6 12 16 28 56 112 224 448 476 952 958 b
1 2 4 6 12 16 28 56 112 224 448 504 510 958 b
1 2 4 6 12 16 28 56 112 224 448 504 952 958 b
1 2 4 6 12 16 28 56 112 224 448 896 902 958 b
1 2 4 6 12 16 28 56 112 224 448 896 952 958 b
1 2 4 6 12 24 25 31 56 112 224 255 479 958 b
1 2 4 6 12 24 25 31 56 112 224 448 479 958 b
1 2 4 6 12 24 25 50 62 112 224 448 510 958 b
1 2 4 6 12 24 25 50 62 112 224 448 896 958 b
1 2 4 6 12 24 26 50 62 112 224 448 510 958 b
1 2 4 6 12 24 26 50 62 112 224 448 896 958 b
1 2 4 6 12 24 28 30 58 116 232 464 494 958 b
1 2 4 6 12 24 28 30 58 116 232 464 928 958 b
1 2 4 6 12 24 28 56 62 112 224 448 510 958 a
1 2 4 6 12 24 28 56 62 112 224 448 896 958 a
1 2 4 6 12 24 28 56 112 224 252 476 482 958 b
1 2 4 6 12 24 28 56 112 224 252 476 952 958 b
1 2 4 6 12 24 28 56 112 224 448 454 504 958 a
1 2 4 6 12 24 28 56 112 224 448 454 510 958 b
1 2 4 6 12 24 28 56 112 224 448 454 902 958 b
1 2 4 6 12 24 28 56 112 224 448 476 482 958 b
1 2 4 6 12 24 28 56 112 224 448 476 952 958 b
1 2 4 6 12 24 28 56 112 224 448 504 510 958 b
1 2 4 6 12 24 28 56 112 224 448 504 952 958 b
1 2 4 6 12 24 28 56 112 224 448 896 902 958 b
1 2 4 6 12 24 28 56 112 224 448 896 952 958 b
1 2 4 6 12 24 30 34 58 116 232 464 494 958 b
1 2 4 6 12 24 30 34 58 116 232 464 928 958 b
1 2 4 6 12 24 30 54 58 116 232 464 494 958 b
1 2 4 6 12 24 30 54 58 116 232 464 928 958 b
1 2 4 6 12 24 48 50 62 112 224 448 510 958 b
1 2 4 6 12 24 48 50 62 112 224 448 896 958 b
1 2 4 8 9 13 22 44 88 101 189 290 479 958 b
1 2 4 8 9 13 22 44 88 101 189 378 479 958 b
1 2 4 8 9 16 32 41 73 146 187 292 479 958 a
1 2 4 8 9 16 32 41 73 146 187 333 479 958 a
1 2 4 8 9 16 32 41 73 146 219 260 479 958 a
1 2 4 8 9 16 32 41 73 146 219 438 479 958 a
1 2 4 8 9 16 32 41 73 146 292 333 479 958 a
1 2 4 8 9 16 32 41 73 146 292 333 625 958 a
1 2 4 8 9 16 32 41 73 146 292 333 666 958 a
1 2 4 8 9 16 32 41 73 146 292 438 479 958 a
1 2 4 8 9 17 34 43 77 154 171 308 479 958 a
1 2 4 8 9 17 34 43 77 154 171 325 479 958 b
1 2 4 8 9 17 34 43 77 154 231 248 479 958 b
1 2 4 8 9 17 34 43 77 154 231 462 479 958 b
1 2 4 8 9 17 34 43 77 154 231 462 496 958 b
1 2 4 8 9 17 34 43 77 154 231 462 924 958 b
1 2 4 8 9 17 34 43 77 154 308 325 479 958 b
1 2 4 8 9 17 34 43 77 154 308 325 633 958 b
1 2 4 8 9 17 34 43 77 154 308 325 650 958 b
1 2 4 8 9 17 34 43 77 154 308 342 616 958 a
1 2 4 8 9 17 34 43 77 154 308 342 650 958 b
1 2 4 8 9 17 34 43 77 154 308 462 479 958 b
1 2 4 8 9 17 34 43 77 154 308 462 496 958 b
1 2 4 8 9 17 34 43 77 154 308 462 924 958 b
1 2 4 8 9 17 34 43 77 154 308 616 650 958 b
1 2 4 8 9 17 34 43 77 154 308 616 924 958 b
1 2 4 8 9 17 34 51 55 106 212 267 479 958 b
1 2 4 8 9 17 34 51 55 106 212 424 479 958 b
1 2 4 8 9 17 34 51 102 110 212 424 534 958 b
1 2 4 8 9 17 34 51 102 110 212 424 848 958 b
1 2 4 8 9 17 34 68 69 136 205 274 479 958 a
1 2 4 8 9 17 34 68 69 136 205 410 479 958 a
1 2 4 8 9 17 34 68 69 137 171 308 479 958 b
1 2 4 8 9 17 34 68 69 137 171 342 479 958 b
1 2 4 8 9 17 34 68 69 137 205 274 479 958 b
1 2 4 8 9 17 34 68 69 137 205 342 479 958 b
1 2 4 8 9 17 34 68 69 137 205 410 479 958 b
1 2 4 8 9 17 34 68 69 137 274 342 479 958 b
1 2 4 8 9 17 34 68 69 137 274 342 616 958 b
1 2 4 8 9 17 34 68 69 137 274 342 684 958 b
1 2 4 8 9 17 34 68 69 137 274 411 479 958 b
1 2 4 8 9 17 34 68 77 154 171 308 479 958 a
1 2 4 8 9 17 34 68 77 154 171 325 479 958 b
1 2 4 8 9 17 34 68 77 154 231 248 479 958 b
1 2 4 8 9 17 34 68 77 154 231 462 479 958 b
1 2 4 8 9 17 34 68 77 154 231 462 496 958 b
1 2 4 8 9 17 34 68 77 154 231 462 924 958 b
1 2 4 8 9 17 34 68 77 154 308 325 479 958 b
1 2 4 8 9 17 34 68 77 154 308 325 633 958 b
1 2 4 8 9 17 34 68 77 154 308 325 650 958 b
1 2 4 8 9 17 34 68 77 154 308 342 616 958 a
1 2 4 8 9 17 34 68 77 154 308 342 650 958 b
1 2 4 8 9 17 34 68 77 154 308 462 479 958 b
1 2 4 8 9 17 34 68 77 154 308 462 496 958 b
1 2 4 8 9 17 34 68 77 154 308 462 924 958 b
1 2 4 8 9 17 34 68 77 154 308 616 650 958 b
1 2 4 8 9 17 34 68 77 154 308 616 924 958 b
1 2 4 8 9 17 34 68 102 110 212 424 534 958 b
1 2 4 8 9 17 34 68 102 110 212 424 848 958 b
1 2 4 8 9 17 34 68 136 137 171 308 479 958 b
1 2 4 8 9 17 34 68 136 137 171 342 479 958 b
1 2 4 8 9 17 34 68 136 137 205 274 479 958 a
1 2 4 8 9 17 34 68 136 137 205 342 479 958 b
1 2 4 8 9 17 34 68 136 137 274 342 479 958 b
1 2 4 8 9 17 34 68 136 137 274 342 616 958 b
1 2 4 8 9 17 34 68 136 137 274 342 684 958 b
1 2 4 8 9 17 34 68 136 137 274 410 548 958 a
1 2 4 8 9 17 34 68 136 137 274 410 684 958 b
1 2 4 8 9 17 34 68 136 137 274 411 479 958 b
1 2 4 8 9 17 34 68 136 137 274 411 547 958 b
1 2 4 8 9 17 34 68 136 137 274 411 822 958 b
1 2 4 8 9 17 34 68 136 137 274 548 684 958 b
1 2 4 8 9 17 34 68 136 137 274 548 822 958 b
1 2 4 8 9 17 34 68 136 138 272 410 548 958 a
1 2 4 8 9 17 34 68 136 138 272 410 820 958 a
1 2 4 8 9 17 34 68 136 138 274 342 616 958 b
1 2 4 8 9 17 34 68 136 138 274 342 684 958 b
1 2 4 8 9 17 34 68 136 138 274 410 548 958 b
1 2 4 8 9 17 34 68 136 138 274 410 684 958 b
1 2 4 8 9 17 34 68 136 138 274 410 820 958 b
1 2 4 8 9 17 34 68 136 138 274 548 684 958 b
1 2 4 8 9 17 34 68 136 138 274 548 822 958 b
1 2 4 8 9 17 34 68 136 272 274 342 616 958 b
1 2 4 8 9 17 34 68 136 272 274 342 684 958 b
1 2 4 8 9 17 34 68 136 272 274 410 548 958 a
1 2 4 8 9 17 34 68 136 272 274 410 684 958 b
1 2 4 8 9 17 34 68 136 272 274 548 684 958 b
1 2 4 8 9 17 34 68 136 272 274 548 822 958 b
1 2 4 8 9 18 26 44 88 176 202 378 580 958 b
1 2 4 8 9 18 26 44 88 176 202 378 756 958 b
1 2 4 8 10 14 15 29 58 116 232 247 479 958 b
1 2 4 8 10 14 15 29 58 116 232 464 479 958 b
1 2 4 8 10 14 28 30 58 116 232 464 494 958 b
1 2 4 8 10 14 28 30 58 116 232 464 928 958 b
1 2 4 8 10 18 26 44 88 176 202 378 580 958 b
1 2 4 8 10 18 26 44 88 176 202 378 756 958 b
1 2 4 8 10 18 28 30 58 116 232 464 494 958 b
1 2 4 8 10 18 28 30 58 116 232 464 928 958 b
1 2 4 8 10 18 36 46 82 164 210 374 584 958 b
1 2 4 8 10 18 36 46 82 164 210 374 748 958 b
1 2 4 8 10 18 36 54 108 118 226 452 506 958 b
1 2 4 8 10 18 36 54 108 118 226 452 904 958 b
1 2 4 8 10 18 36 54 108 216 226 452 506 958 b
1 2 4 8 10 18 36 54 108 216 226 452 904 958 b
1 2 4 8 10 20 28 30 58 116 232 464 494 958 b
1 2 4 8 10 20 28 30 58 116 232 464 928 958 b
1 2 4 8 10 20 30 38 58 116 232 464 494 958 b
1 2 4 8 10 20 30 38 58 116 232 464 928 958 b
1 2 4 8 10 20 30 50 58 116 232 464 494 958 b
1 2 4 8 10 20 30 50 58 116 232 464 928 958 b
1 2 4 8 12 13 25 50 62 112 224 448 510 958 b
1 2 4 8 12 13 25 50 62 112 224 448 896 958 b
1 2 4 8 12 14 15 29 58 116 232 247 479 958 b
1 2 4 8 12 14 15 29 58 116 232 464 479 958 b
1 2 4 8 12 14 26 52 66 118 236 472 486 958 b
1 2 4 8 12 14 26 52 66 118 236 472 944 958 b
1 2 4 8 12 14 26 52 104 118 236 472 486 958 b
1 2 4 8 12 14 26 52 104 118 236 472 944 958 b
1 2 4 8 12 14 28 30 58 116 232 464 494 958 b
1 2 4 8 12 14 28 30 58 116 232 464 928 958 b
1 2 4 8 12 14 28 56 112 124 236 472 486 958 b
1 2 4 8 12 14 28 56 112 124 236 472 944 958 b
1 2 4 8 12 14 28 56 112 224 236 472 486 958 b
1 2 4 8 12 14 28 56 112 224 236 472 944 958 b
1 2 4 8 12 16 28 30 58 116 232 464 494 958 b
1 2 4 8 12 16 28 30 58 116 232 464 928 958 b
1 2 4 8 12 20 28 30 58 116 232 464 494 958 b
1 2 4 8 12 20 28 30 58 116 232 464 928 958 b
1 2 4 8 12 24 25 50 62 112 224 448 510 958 b
1 2 4 8 12 24 25 50 62 112 224 448 896 958 b
1 2 4 8 12 24 26 50 62 112 224 448 510 958 b
1 2 4 8 12 24 26 50 62 112 224 448 896 958 b
1 2 4 8 12 24 28 30 58 116 232 464 494 958 b
1 2 4 8 12 24 28 30 58 116 232 464 928 958 b
1 2 4 8 12 24 48 50 62 112 224 448 510 958 b
1 2 4 8 12 24 48 50 62 112 224 448 896 958 b
1 2 4 8 16 17 33 50 83 99 198 281 479 958 b
1 2 4 8 16 17 33 50 83 99 198 396 479 958 b
1 2 4 8 16 17 33 66 83 99 198 281 479 958 b
1 2 4 8 16 17 33 66 83 99 198 396 479 958 b
1 2 4 8 16 17 33 66 83 132 198 281 479 958 a
1 2 4 8 16 17 33 66 83 132 198 396 479 958 a
1 2 4 8 16 17 33 66 83 132 215 264 479 958 a
1 2 4 8 16 17 33 66 83 132 215 347 479 958 a
1 2 4 8 16 17 33 66 83 132 264 347 479 958 a
1 2 4 8 16 17 33 66 83 132 264 347 611 958 a
1 2 4 8 16 17 33 66 83 132 264 347 694 958 a
1 2 4 8 16 17 33 66 83 132 264 396 479 958 a
1 2 4 8 16 17 33 66 83 149 165 314 479 958 b
1 2 4 8 16 17 33 66 83 149 165 330 479 958 b
1 2 4 8 16 17 33 66 99 132 231 248 479 958 b
1 2 4 8 16 17 33 66 99 132 231 462 479 958 b
1 2 4 8 16 17 33 66 99 165 231 248 479 958 b
1 2 4 8 16 17 33 66 99 165 231 462 479 958 b
1 2 4 8 16 17 33 66 99 198 215 264 479 958 a
1 2 4 8 16 17 33 66 99 198 215 281 479 958 b
1 2 4 8 16 17 33 66 99 198 215 413 479 958 b
1 2 4 8 16 17 33 66 99 198 231 248 479 958 b
1 2 4 8 16 17 33 66 99 198 231 462 479 958 b
1 2 4 8 16 17 33 66 99 198 264 281 479 958 b
1 2 4 8 16 17 33 66 99 198 264 462 479 958 b
1 2 4 8 16 17 33 66 99 198 396 413 479 958 b
1 2 4 8 16 17 33 66 99 198 396 462 479 958 b
1 2 4 8 16 17 33 66 132 149 165 314 479 958 b
1 2 4 8 16 17 33 66 132 149 165 330 479 958 b
1 2 4 8 16 17 33 66 132 149 198 281 479 958 a
1 2 4 8 16 17 33 66 132 149 198 330 479 958 a
1 2 4 8 16 17 33 66 132 149 198 347 479 958 a
1 2 4 8 16 17 33 66 132 149 215 264 479 958 a
1 2 4 8 16 17 33 66 132 149 215 347 479 958 b
1 2 4 8 16 17 33 66 132 149 264 330 479 958 a
1 2 4 8 16 17 33 66 132 149 264 413 479 958 a
1 2 4 8 16 17 33 66 132 149 264 413 545 958 a
1 2 4 8 16 17 33 66 132 149 264 413 826 958 a
1 2 4 8 16 17 33 66 132 149 281 347 479 958 b
1 2 4 8 16 17 33 66 132 149 281 413 479 958 b
1 2 4 8 16 17 33 66 132 149 281 413 545 958 b
1 2 4 8 16 17 33 66 132 149 281 413 826 958 b
1 2 4 8 16 17 33 66 132 165 182 297 479 958 a
1 2 4 8 16 17 33 66 132 165 182 314 479 958 b
1 2 4 8 16 17 33 66 132 165 182 347 479 958 b
1 2 4 8 16 17 33 66 132 165 231 248 479 958 b
1 2 4 8 16 17 33 66 132 165 231 462 479 958 b
1 2 4 8 16 17 33 66 132 165 297 314 479 958 b
1 2 4 8 16 17 33 66 132 165 297 462 479 958 b
1 2 4 8 16 17 33 66 132 165 330 347 479 958 b
1 2 4 8 16 17 33 66 132 165 330 462 479 958 b
1 2 4 8 16 17 33 66 132 198 215 264 479 958 a
1 2 4 8 16 17 33 66 132 198 215 281 479 958 b
1 2 4 8 16 17 33 66 132 198 215 347 479 958 b
1 2 4 8 16 17 33 66 132 198 215 413 479 958 b
1 2 4 8 16 17 33 66 132 198 215 413 545 958 b
1 2 4 8 16 17 33 66 132 198 215 413 826 958 b
1 2 4 8 16 17 33 66 132 198 231 248 479 958 b
1 2 4 8 16 17 33 66 132 198 231 462 479 958 b
1 2 4 8 16 17 33 66 132 198 264 281 479 958 b
1 2 4 8 16 17 33 66 132 198 264 462 479 958 b
1 2 4 8 16 17 33 66 132 198 330 347 479 958 b
1 2 4 8 16 17 33 66 132 198 330 462 479 958 b
1 2 4 8 16 17 33 66 132 198 396 413 479 958 b
1 2 4 8 16 17 33 66 132 198 396 413 545 958 b
1 2 4 8 16 17 33 66 132 198 396 413 826 958 b
1 2 4 8 16 17 33 66 132 198 396 462 479 958 b
1 2 4 8 16 17 33 66 132 264 281 347 479 958 b
1 2 4 8 16 17 33 66 132 264 281 347 611 958 b
1 2 4 8 16 17 33 66 132 264 281 347 694 958 b
1 2 4 8 16 17 33 66 132 264 281 396 562 958 a
1 2 4 8 16 17 33 66 132 264 281 396 677 958 a
1 2 4 8 16 17 33 66 132 264 281 413 479 958 b
1 2 4 8 16 17 33 66 132 264 281 413 545 958 b
1 2 4 8 16 17 33 66 132 264 281 413 677 958 b
1 2 4 8 16 17 33 66 132 264 281 413 694 958 b
1 2 4 8 16 17 33 66 132 264 281 413 826 958 b
1 2 4 8 16 17 33 66 132 264 281 545 677 958 b
1 2 4 8 16 17 33 66 132 264 281 545 826 958 b
1 2 4 8 16 17 33 66 132 264 281 562 694 958 b
1 2 4 8 16 17 33 66 132 264 281 562 826 958 b
1 2 4 8 16 17 33 66 132 264 330 347 479 958 b
1 2 4 8 16 17 33 66 132 264 330 347 611 958 b
1 2 4 8 16 17 33 66 132 264 330 347 694 958 b
1 2 4 8 16 17 33 66 132 264 330 462 479 958 b
1 2 4 8 16 17 33 66 132 264 396 413 479 958 b
1 2 4 8 16 17 33 66 132 264 396 413 545 958 b
1 2 4 8 16 17 33 66 132 264 396 413 826 958 b
1 2 4 8 16 17 33 66 132 264 396 462 479 958 b
1 2 4 8 16 17 34 51 55 106 212 267 479 958 b
1 2 4 8 16 17 34 51 55 106 212 424 479 958 b
1 2 4 8 16 17 34 51 102 110 212 424 534 958 b
1 2 4 8 16 17 34 51 102 110 212 424 848 958 b
1 2 4 8 16 17 34 68 69 136 205 274 479 958 a
1 2 4 8 16 17 34 68 69 136 205 410 479 958 a
1 2 4 8 16 17 34 68 69 137 171 308 479 958 b
1 2 4 8 16 17 34 68 69 137 171 342 479 958 b
1 2 4 8 16 17 34 68 69 137 205 274 479 958 b
1 2 4 8 16 17 34 68 69 137 205 342 479 958 b
1 2 4 8 16 17 34 68 69 137 205 410 479 958 b
1 2 4 8 16 17 34 68 69 137 274 342 479 958 b
1 2 4 8 16 17 34 68 69 137 274 342 616 958 b
1 2 4 8 16 17 34 68 69 137 274 342 684 958 b
1 2 4 8 16 17 34 68 69 137 274 411 479 958 b
1 2 4 8 16 17 34 68 102 110 212 424 534 958 b
1 2 4 8 16 17 34 68 102 110 212 424 848 958 b
1 2 4 8 16 17 34 68 136 137 171 308 479 958 b
1 2 4 8 16 17 34 68 136 137 171 342 479 958 b
1 2 4 8 16 17 34 68 136 137 205 274 479 958 a
1 2 4 8 16 17 34 68 136 137 205 342 479 958 b
1 2 4 8 16 17 34 68 136 137 274 342 479 958 b
1 2 4 8 16 17 34 68 136 137 274 342 616 958 b
1 2 4 8 16 17 34 68 136 137 274 342 684 958 b
1 2 4 8 16 17 34 68 136 137 274 410 548 958 a
1 2 4 8 16 17 34 68 136 137 274 410 684 958 b
1 2 4 8 16 17 34 68 136 137 274 411 479 958 b
1 2 4 8 16 17 34 68 136 137 274 411 547 958 b
1 2 4 8 16 17 34 68 136 137 274 411 822 958 b
1 2 4 8 16 17 34 68 136 137 274 548 684 958 b
1 2 4 8 16 17 34 68 136 137 274 548 822 958 b
1 2 4 8 16 17 34 68 136 138 272 410 548 958 a
1 2 4 8 16 17 34 68 136 138 272 410 820 958 a
1 2 4 8 16 17 34 68 136 138 274 342 616 958 b
1 2 4 8 16 17 34 68 136 138 274 342 684 958 b
1 2 4 8 16 17 34 68 136 138 274 410 548 958 b
1 2 4 8 16 17 34 68 136 138 274 410 684 958 b
1 2 4 8 16 17 34 68 136 138 274 410 820 958 b
1 2 4 8 16 17 34 68 136 138 274 548 684 958 b
1 2 4 8 16 17 34 68 136 138 274 548 822 958 b
1 2 4 8 16 17 34 68 136 272 274 342 616 958 b
1 2 4 8 16 17 34 68 136 272 274 342 684 958 b
1 2 4 8 16 17 34 68 136 272 274 410 548 958 a
1 2 4 8 16 17 34 68 136 272 274 410 684 958 b
1 2 4 8 16 17 34 68 136 272 274 548 684 958 b
1 2 4 8 16 17 34 68 136 272 274 548 822 958 b
1 2 4 8 16 18 26 44 88 176 202 378 580 958 b
1 2 4 8 16 18 26 44 88 176 202 378 756 958 b
1 2 4 8 16 18 32 64 82 146 292 374 584 958 a
1 2 4 8 16 18 32 64 82 146 292 374 666 958 a
1 2 4 8 16 18 32 64 82 146 292 438 520 958 a
1 2 4 8 16 18 32 64 82 146 292 438 876 958 a
1 2 4 8 16 18 32 64 82 146 292 584 666 958 a
1 2 4 8 16 18 32 64 82 146 292 584 876 958 a
1 2 4 8 16 18 34 68 69 136 205 274 479 958 a
1 2 4 8 16 18 34 68 69 136 205 410 479 958 a
1 2 4 8 16 18 34 68 69 137 171 308 479 958 b
1 2 4 8 16 18 34 68 69 137 171 342 479 958 b
1 2 4 8 16 18 34 68 69 137 205 274 479 958 b
1 2 4 8 16 18 34 68 69 137 205 342 479 958 b
1 2 4 8 16 18 34 68 69 137 205 410 479 958 b
1 2 4 8 16 18 34 68 69 137 274 342 479 958 b
1 2 4 8 16 18 34 68 69 137 274 342 616 958 b
1 2 4 8 16 18 34 68 69 137 274 342 684 958 b
1 2 4 8 16 18 34 68 69 137 274 411 479 958 b
1 2 4 8 16 18 34 68 86 154 308 342 616 958 a
1 2 4 8 16 18 34 68 86 154 308 342 650 958 b
1 2 4 8 16 18 34 68 86 154 308 462 496 958 b
1 2 4 8 16 18 34 68 86 154 308 462 924 958 b
1 2 4 8 16 18 34 68 86 154 308 616 650 958 b
1 2 4 8 16 18 34 68 86 154 308 616 924 958 b
1 2 4 8 16 18 34 68 102 110 212 424 534 958 b
1 2 4 8 16 18 34 68 102 110 212 424 848 958 b
1 2 4 8 16 18 34 68 136 137 171 308 479 958 b
1 2 4 8 16 18 34 68 136 137 171 342 479 958 b
1 2 4 8 16 18 34 68 136 137 205 274 479 958 a
1 2 4 8 16 18 34 68 136 137 205 342 479 958 b
1 2 4 8 16 18 34 68 136 137 274 342 479 958 b
1 2 4 8 16 18 34 68 136 137 274 342 616 958 b
1 2 4 8 16 18 34 68 136 137 274 342 684 958 b
1 2 4 8 16 18 34 68 136 137 274 410 548 958 a
1 2 4 8 16 18 34 68 136 137 274 410 684 958 b
1 2 4 8 16 18 34 68 136 137 274 411 479 958 b
1 2 4 8 16 18 34 68 136 137 274 411 547 958 b
1 2 4 8 16 18 34 68 136 137 274 411 822 958 b
1 2 4 8 16 18 34 68 136 137 274 548 684 958 b
1 2 4 8 16 18 34 68 136 137 274 548 822 958 b
1 2 4 8 16 18 34 68 136 138 272 410 548 958 a
1 2 4 8 16 18 34 68 136 138 272 410 820 958 a
1 2 4 8 16 18 34 68 136 138 274 342 616 958 b
1 2 4 8 16 18 34 68 136 138 274 342 684 958 b
1 2 4 8 16 18 34 68 136 138 274 410 548 958 b
1 2 4 8 16 18 34 68 136 138 274 410 684 958 b
1 2 4 8 16 18 34 68 136 138 274 410 820 958 b
1 2 4 8 16 18 34 68 136 138 274 548 684 958 b
1 2 4 8 16 18 34 68 136 138 274 548 822 958 b
1 2 4 8 16 18 34 68 136 154 308 342 616 958 a
1 2 4 8 16 18 34 68 136 154 308 342 650 958 b
1 2 4 8 16 18 34 68 136 154 308 462 496 958 b
1 2 4 8 16 18 34 68 136 154 308 462 924 958 b
1 2 4 8 16 18 34 68 136 154 308 616 650 958 b
1 2 4 8 16 18 34 68 136 154 308 616 924 958 b
1 2 4 8 16 18 34 68 136 272 274 342 616 958 b
1 2 4 8 16 18 34 68 136 272 274 342 684 958 b
1 2 4 8 16 18 34 68 136 272 274 410 548 958 a
1 2 4 8 16 18 34 68 136 272 274 410 684 958 b
1 2 4 8 16 18 34 68 136 272 274 548 684 958 b
1 2 4 8 16 18 34 68 136 272 274 548 822 958 b
1 2 4 8 16 20 28 30 58 116 232 464 494 958 b
1 2 4 8 16 20 28 30 58 116 232 464 928 958 b
1 2 4 8 16 24 28 30 58 116 232 464 494 958 b
1 2 4 8 16 24 28 30 58 116 232 464 928 958 b
1 2 4 8 16 32 33 41 73 146 187 292 479 958 a
1 2 4 8 16 32 33 41 73 146 187 333 479 958 b
1 2 4 8 16 32 33 41 73 146 219 260 479 958 b
1 2 4 8 16 32 33 41 73 146 219 438 479 958 b
1 2 4 8 16 32 33 41 73 146 292 333 479 958 b
1 2 4 8 16 32 33 41 73 146 292 333 625 958 b
1 2 4 8 16 32 33 41 73 146 292 333 666 958 b
1 2 4 8 16 32 33 41 73 146 292 438 479 958 b
1 2 4 8 16 32 33 65 69 138 203 276 479 958 a
1 2 4 8 16 32 33 65 69 138 203 341 479 958 b
1 2 4 8 16 32 33 65 69 138 207 272 479 958 b
1 2 4 8 16 32 33 65 69 138 207 414 479 958 b
1 2 4 8 16 32 33 65 69 138 276 341 479 958 b
1 2 4 8 16 32 33 65 69 138 276 341 617 958 b
1 2 4 8 16 32 33 65 69 138 276 341 682 958 b
1 2 4 8 16 32 33 65 69 138 276 414 479 958 b
1 2 4 8 16 32 33 65 73 130 203 276 479 958 a
1 2 4 8 16 32 33 65 73 130 203 406 479 958 a
1 2 4 8 16 32 33 65 73 138 203 276 479 958 b
1 2 4 8 16 32 33 65 73 138 203 341 479 958 b
1 2 4 8 16 32 33 65 73 138 203 406 479 958 b
1 2 4 8 16 32 33 65 73 138 276 341 479 958 b
1 2 4 8 16 32 33 65 73 138 276 341 617 958 b
1 2 4 8 16 32 33 65 73 138 276 341 682 958 b
1 2 4 8 16 32 33 65 73 138 276 414 479 958 b
1 2 4 8 16 32 33 65 130 138 203 276 479 958 a
1 2 4 8 16 32 33 65 130 138 203 341 479 958 b
1 2 4 8 16 32 33 65 130 138 276 341 479 958 b
1 2 4 8 16 32 33 65 130 138 276 341 617 958 b
1 2 4 8 16 32 33 65 130 138 276 341 682 958 b
1 2 4 8 16 32 33 65 130 138 276 406 552 958 a
1 2 4 8 16 32 33 65 130 138 276 406 682 958 b
1 2 4 8 16 32 33 65 130 138 276 414 479 958 b
1 2 4 8 16 32 33 65 130 138 276 414 544 958 b
1 2 4 8 16 32 33 65 130 138 276 414 828 958 b
1 2 4 8 16 32 33 65 130 138 276 552 682 958 b
1 2 4 8 16 32 33 65 130 138 276 552 828 958 b
1 2 4 8 16 32 33 65 130 146 260 406 552 958 a
1 2 4 8 16 32 33 65 130 146 260 406 812 958 a
1 2 4 8 16 32 33 65 130 146 276 341 617 958 b
1 2 4 8 16 32 33 65 130 146 276 341 682 958 b
1 2 4 8 16 32 33 65 130 146 276 406 552 958 b
1 2 4 8 16 32 33 65 130 146 276 406 682 958 b
1 2 4 8 16 32 33 65 130 146 276 406 812 958 b
1 2 4 8 16 32 33 65 130 146 276 552 682 958 b
1 2 4 8 16 32 33 65 130 146 276 552 828 958 b
1 2 4 8 16 32 33 65 130 260 276 341 617 958 b
1 2 4 8 16 32 33 65 130 260 276 341 682 958 b
1 2 4 8 16 32 33 65 130 260 276 406 552 958 a
1 2 4 8 16 32 33 65 130 260 276 406 682 958 b
1 2 4 8 16 32 33 65 130 260 276 552 682 958 b
1 2 4 8 16 32 33 65 130 260 276 552 828 958 b
1 2 4 8 16 32 34 66 100 166 198 396 562 958 b
1 2 4 8 16 32 34 66 100 166 198 396 792 958 b
1 2 4 8 16 32 34 66 132 166 198 396 562 958 b
1 2 4 8 16 32 34 66 132 166 198 396 792 958 b
1 2 4 8 16 32 34 66 132 166 264 396 562 958 a
1 2 4 8 16 32 34 66 132 166 264 396 792 958 a
1 2 4 8 16 32 34 66 132 166 264 430 528 958 a
1 2 4 8 16 32 34 66 132 166 264 430 694 958 a
1 2 4 8 16 32 34 66 132 166 264 528 694 958 a
1 2 4 8 16 32 34 66 132 166 264 528 792 958 a
1 2 4 8 16 32 34 66 132 166 298 330 628 958 b
1 2 4 8 16 32 34 66 132 166 298 330 660 958 b
1 2 4 8 16 32 34 66 132 198 264 462 496 958 b
1 2 4 8 16 32 34 66 132 198 264 462 924 958 b
1 2 4 8 16 32 34 66 132 198 330 462 496 958 b
1 2 4 8 16 32 34 66 132 198 330 462 924 958 b
1 2 4 8 16 32 34 66 132 198 396 430 528 958 a
1 2 4 8 16 32 34 66 132 198 396 430 562 958 b
1 2 4 8 16 32 34 66 132 198 396 430 826 958 b
1 2 4 8 16 32 34 66 132 198 396 462 496 958 b
1 2 4 8 16 32 34 66 132 198 396 462 924 958 b
1 2 4 8 16 32 34 66 132 198 396 528 562 958 b
1 2 4 8 16 32 34 66 132 198 396 528 924 958 b
1 2 4 8 16 32 34 66 132 198 396 792 826 958 b
1 2 4 8 16 32 34 66 132 198 396 792 924 958 b
1 2 4 8 16 32 34 66 132 264 298 330 628 958 b
1 2 4 8 16 32 34 66 132 264 298 330 660 958 b
1 2 4 8 16 32 34 66 132 264 298 396 562 958 a
1 2 4 8 16 32 34 66 132 264 298 396 660 958 a
1 2 4 8 16 32 34 66 132 264 298 396 694 958 a
1 2 4 8 16 32 34 66 132 264 298 430 528 958 a
1 2 4 8 16 32 34 66 132 264 298 430 694 958 b
1 2 4 8 16 32 34 66 132 264 298 528 660 958 a
1 2 4 8 16 32 34 66 132 264 298 528 826 958 a
1 2 4 8 16 32 34 66 132 264 298 562 694 958 b
1 2 4 8 16 32 34 66 132 264 298 562 826 958 b
1 2 4 8 16 32 34 66 132 264 330 364 594 958 a
1 2 4 8 16 32 34 66 132 264 330 364 628 958 b
1 2 4 8 16 32 34 66 132 264 330 364 694 958 b
1 2 4 8 16 32 34 66 132 264 330 462 496 958 b
1 2 4 8 16 32 34 66 132 264 330 462 924 958 b
1 2 4 8 16 32 34 66 132 264 330 594 628 958 b
1 2 4 8 16 32 34 66 132 264 330 594 924 958 b
1 2 4 8 16 32 34 66 132 264 330 660 694 958 b
1 2 4 8 16 32 34 66 132 264 330 660 924 958 b
1 2 4 8 16 32 34 66 132 264 396 430 528 958 a
1 2 4 8 16 32 34 66 132 264 396 430 562 958 b
1 2 4 8 16 32 34 66 132 264 396 430 694 958 b
1 2 4 8 16 32 34 66 132 264 396 430 826 958 b
1 2 4 8 16 32 34 66 132 264 396 462 496 958 b
1 2 4 8 16 32 34 66 132 264 396 462 924 958 b
1 2 4 8 16 32 34 66 132 264 396 528 562 958 b
1 2 4 8 16 32 34 66 132 264 396 528 924 958 b
1 2 4 8 16 32 34 66 132 264 396 660 694 958 b
1 2 4 8 16 32 34 66 132 264 396 660 924 958 b
1 2 4 8 16 32 34 66 132 264 396 792 826 958 b
1 2 4 8 16 32 34 66 132 264 396 792 924 958 b
1 2 4 8 16 32 34 66 132 264 528 562 694 958 b
1 2 4 8 16 32 34 66 132 264 528 562 826 958 b
1 2 4 8 16 32 34 66 132 264 528 660 694 958 b
1 2 4 8 16 32 34 66 132 264 528 660 924 958 b
1 2 4 8 16 32 34 66 132 264 528 792 826 958 b
1 2 4 8 16 32 34 66 132 264 528 792 924 958 b
1 2 4 8 16 32 34 68 69 136 205 274 479 958 a
1 2 4 8 16 32 34 68 69 136 205 410 479 958 a
1 2 4 8 16 32 34 68 69 137 171 308 479 958 b
1 2 4 8 16 32 34 68 69 137 171 342 479 958 b
1 2 4 8 16 32 34 68 69 137 205 274 479 958 b
1 2 4 8 16 32 34 68 69 137 205 342 479 958 b
1 2 4 8 16 32 34 68 69 137 205 410 479 958 b
1 2 4 8 16 32 34 68 69 137 274 342 479 958 b
1 2 4 8 16 32 34 68 69 137 274 342 616 958 b
1 2 4 8 16 32 34 68 69 137 274 342 684 958 b
1 2 4 8 16 32 34 68 69 137 274 411 479 958 b
1 2 4 8 16 32 34 68 102 110 212 424 534 958 b
1 2 4 8 16 32 34 68 102 110 212 424 848 958 b
1 2 4 8 16 32 34 68 136 137 171 308 479 958 b
1 2 4 8 16 32 34 68 136 137 171 342 479 958 b
1 2 4 8 16 32 34 68 136 137 205 274 479 958 a
1 2 4 8 16 32 34 68 136 137 205 342 479 958 b
1 2 4 8 16 32 34 68 136 137 274 342 479 958 b
1 2 4 8 16 32 34 68 136 137 274 342 616 958 b
1 2 4 8 16 32 34 68 136 137 274 342 684 958 b
1 2 4 8 16 32 34 68 136 137 274 410 548 958 a
1 2 4 8 16 32 34 68 136 137 274 410 684 958 b
1 2 4 8 16 32 34 68 136 137 274 411 479 958 b
1 2 4 8 16 32 34 68 136 137 274 411 547 958 b
1 2 4 8 16 32 34 68 136 137 274 411 822 958 b
1 2 4 8 16 32 34 68 136 137 274 548 684 958 b
1 2 4 8 16 32 34 68 136 137 274 548 822 958 b
1 2 4 8 16 32 34 68 136 138 272 410 548 958 a
1 2 4 8 16 32 34 68 136 138 272 410 820 958 a
1 2 4 8 16 32 34 68 136 138 274 342 616 958 b
1 2 4 8 16 32 34 68 136 138 274 342 684 958 b
1 2 4 8 16 32 34 68 136 138 274 410 548 958 b
1 2 4 8 16 32 34 68 136 138 274 410 684 958 b
1 2 4 8 16 32 34 68 136 138 274 410 820 958 b
1 2 4 8 16 32 34 68 136 138 274 548 684 958 b
1 2 4 8 16 32 34 68 136 138 274 548 822 958 b
1 2 4 8 16 32 34 68 136 272 274 342 616 958 b
1 2 4 8 16 32 34 68 136 272 274 342 684 958 b
1 2 4 8 16 32 34 68 136 272 274 410 548 958 a
1 2 4 8 16 32 34 68 136 272 274 410 684 958 b
1 2 4 8 16 32 34 68 136 272 274 548 684 958 b
1 2 4 8 16 32 34 68 136 272 274 548 822 958 b
1 2 4 8 16 32 36 68 69 136 205 274 479 958 a
1 2 4 8 16 32 36 68 69 136 205 410 479 958 a
1 2 4 8 16 32 36 68 69 137 205 274 479 958 b
1 2 4 8 16 32 36 68 69 137 205 342 479 958 b
1 2 4 8 16 32 36 68 69 137 205 410 479 958 b
1 2 4 8 16 32 36 68 69 137 274 342 479 958 b
1 2 4 8 16 32 36 68 69 137 274 342 616 958 b
1 2 4 8 16 32 36 68 69 137 274 342 684 958 b
1 2 4 8 16 32 36 68 69 137 274 411 479 958 b
1 2 4 8 16 32 36 68 136 137 205 274 479 958 a
1 2 4 8 16 32 36 68 136 137 205 342 479 958 b
1 2 4 8 16 32 36 68 136 137 274 342 479 958 b
1 2 4 8 16 32 36 68 136 137 274 342 616 958 b
1 2 4 8 16 32 36 68 136 137 274 342 684 958 b
1 2 4 8 16 32 36 68 136 137 274 410 548 958 a
1 2 4 8 16 32 36 68 136 137 274 410 684 958 b
1 2 4 8 16 32 36 68 136 137 274 411 479 958 b
1 2 4 8 16 32 36 68 136 137 274 411 547 958 b
1 2 4 8 16 32 36 68 136 137 274 411 822 958 b
1 2 4 8 16 32 36 68 136 137 274 548 684 958 b
1 2 4 8 16 32 36 68 136 137 274 548 822 958 b
1 2 4 8 16 32 36 68 136 138 272 410 548 958 a
1 2 4 8 16 32 36 68 136 138 272 410 820 958 a
1 2 4 8 16 32 36 68 136 138 274 342 616 958 b
1 2 4 8 16 32 36 68 136 138 274 342 684 958 b
1 2 4 8 16 32 36 68 136 138 274 410 548 958 b
1 2 4 8 16 32 36 68 136 138 274 410 684 958 b
1 2 4 8 16 32 36 68 136 138 274 410 820 958 b
1 2 4 8 16 32 36 68 136 138 274 548 684 958 b
1 2 4 8 16 32 36 68 136 138 274 548 822 958 b
1 2 4 8 16 32 36 68 136 272 274 342 616 958 b
1 2 4 8 16 32 36 68 136 272 274 342 684 958 b
1 2 4 8 16 32 36 68 136 272 274 410 548 958 a
1 2 4 8 16 32 36 68 136 272 274 410 684 958 b
1 2 4 8 16 32 36 68 136 272 274 548 684 958 b
1 2 4 8 16 32 36 68 136 272 274 548 822 958 b
1 2 4 8 16 32 40 41 73 146 187 292 479 958 a
1 2 4 8 16 32 40 41 73 146 187 333 479 958 b
1 2 4 8 16 32 40 41 73 146 219 260 479 958 b
1 2 4 8 16 32 40 41 73 146 219 438 479 958 b
1 2 4 8 16 32 40 41 73 146 292 333 479 958 b
1 2 4 8 16 32 40 41 73 146 292 333 625 958 b
1 2 4 8 16 32 40 41 73 146 292 333 666 958 b
1 2 4 8 16 32 40 41 73 146 292 438 479 958 b
1 2 4 8 16 32 64 65 69 138 203 276 479 958 a
1 2 4 8 16 32 64 65 69 138 203 341 479 958 b
1 2 4 8 16 32 64 65 69 138 207 272 479 958 b
1 2 4 8 16 32 64 65 69 138 207 414 479 958 b
1 2 4 8 16 32 64 65 69 138 276 341 479 958 b
1 2 4 8 16 32 64 65 69 138 276 341 617 958 b
1 2 4 8 16 32 64 65 69 138 276 341 682 958 b
1 2 4 8 16 32 64 65 69 138 276 414 479 958 b
1 2 4 8 16 32 64 65 73 130 203 276 479 958 a
1 2 4 8 16 32 64 65 73 130 203 406 479 958 a
1 2 4 8 16 32 64 65 73 138 203 276 479 958 b
1 2 4 8 16 32 64 65 73 138 203 341 479 958 b
1 2 4 8 16 32 64 65 73 138 203 406 479 958 b
1 2 4 8 16 32 64 65 73 138 276 341 479 958 b
1 2 4 8 16 32 64 65 73 138 276 341 617 958 b
1 2 4 8 16 32 64 65 73 138 276 341 682 958 b
1 2 4 8 16 32 64 65 73 138 276 414 479 958 b
1 2 4 8 16 32 64 65 130 138 203 276 479 958 a
1 2 4 8 16 32 64 65 130 138 203 341 479 958 b
1 2 4 8 16 32 64 65 130 138 276 341 479 958 b
1 2 4 8 16 32 64 65 130 138 276 341 617 958 b
1 2 4 8 16 32 64 65 130 138 276 341 682 958 b
1 2 4 8 16 32 64 65 130 138 276 406 552 958 a
1 2 4 8 16 32 64 65 130 138 276 406 682 958 b
1 2 4 8 16 32 64 65 130 138 276 414 479 958 b
1 2 4 8 16 32 64 65 130 138 276 414 544 958 b
1 2 4 8 16 32 64 65 130 138 276 414 828 958 b
1 2 4 8 16 32 64 65 130 138 276 552 682 958 b
1 2 4 8 16 32 64 65 130 138 276 552 828 958 b
1 2 4 8 16 32 64 65 130 146 260 406 552 958 a
1 2 4 8 16 32 64 65 130 146 260 406 812 958 a
1 2 4 8 16 32 64 65 130 146 276 341 617 958 b
1 2 4 8 16 32 64 65 130 146 276 341 682 958 b
1 2 4 8 16 32 64 65 130 146 276 406 552 958 b
1 2 4 8 16 32 64 65 130 146 276 406 682 958 b
1 2 4 8 16 32 64 65 130 146 276 406 812 958 b
1 2 4 8 16 32 64 65 130 146 276 552 682 958 b
1 2 4 8 16 32 64 65 130 146 276 552 828 958 b
1 2 4 8 16 32 64 65 130 260 276 341 617 958 b
1 2 4 8 16 32 64 65 130 260 276 341 682 958 b
1 2 4 8 16 32 64 65 130 260 276 406 552 958 a
1 2 4 8 16 32 64 65 130 260 276 406 682 958 b
1 2 4 8 16 32 64 65 130 260 276 552 682 958 b
1 2 4 8 16 32 64 65 130 260 276 552 828 958 b
1 2 4 8 16 32 64 66 82 146 292 374 584 958 a
1 2 4 8 16 32 64 66 82 146 292 374 666 958 b
1 2 4 8 16 32 64 66 82 146 292 438 520 958 b
1 2 4 8 16 32 64 66 82 146 292 438 876 958 b
1 2 4 8 16 32 64 66 82 146 292 584 666 958 b
1 2 4 8 16 32 64 66 82 146 292 584 876 958 b
1 2 4 8 16 32 64 66 130 138 276 406 552 958 a
1 2 4 8 16 32 64 66 130 138 276 406 682 958 b
1 2 4 8 16 32 64 66 130 138 276 414 544 958 b
1 2 4 8 16 32 64 66 130 138 276 414 828 958 b
1 2 4 8 16 32 64 66 130 138 276 552 682 958 b
1 2 4 8 16 32 64 66 130 138 276 552 828 958 b
1 2 4 8 16 32 64 66 130 146 260 406 552 958 a
1 2 4 8 16 32 64 66 130 146 260 406 812 958 a
1 2 4 8 16 32 64 66 130 146 276 406 552 958 b
1 2 4 8 16 32 64 66 130 146 276 406 682 958 b
1 2 4 8 16 32 64 66 130 146 276 406 812 958 b
1 2 4 8 16 32 64 66 130 146 276 552 682 958 b
1 2 4 8 16 32 64 66 130 146 276 552 828 958 b
1 2 4 8 16 32 64 66 130 260 276 406 552 958 a
1 2 4 8 16 32 64 66 130 260 276 406 682 958 b
1 2 4 8 16 32 64 66 130 260 276 552 682 958 b
1 2 4 8 16 32 64 66 130 260 276 552 828 958 b
1 2 4 8 16 32 64 68 69 136 205 274 479 958 a
1 2 4 8 16 32 64 68 69 136 205 410 479 958 a
1 2 4 8 16 32 64 68 69 137 205 274 479 958 b
1 2 4 8 16 32 64 68 69 137 205 342 479 958 b
1 2 4 8 16 32 64 68 69 137 205 410 479 958 b
1 2 4 8 16 32 64 68 69 137 274 342 479 958 b
1 2 4 8 16 32 64 68 69 137 274 342 616 958 b
1 2 4 8 16 32 64 68 69 137 274 342 684 958 b
1 2 4 8 16 32 64 68 69 137 274 411 479 958 b
1 2 4 8 16 32 64 68 136 137 205 274 479 958 a
1 2 4 8 16 32 64 68 136 137 205 342 479 958 b
1 2 4 8 16 32 64 68 136 137 274 342 479 958 b
1 2 4 8 16 32 64 68 136 137 274 342 616 958 b
1 2 4 8 16 32 64 68 136 137 274 342 684 958 b
1 2 4 8 16 32 64 68 136 137 274 410 548 958 a
1 2 4 8 16 32 64 68 136 137 274 410 684 958 b
1 2 4 8 16 32 64 68 136 137 274 411 479 958 b
1 2 4 8 16 32 64 68 136 137 274 411 547 958 b
1 2 4 8 16 32 64 68 136 137 274 411 822 958 b
1 2 4 8 16 32 64 68 136 137 274 548 684 958 b
1 2 4 8 16 32 64 68 136 137 274 548 822 958 b
1 2 4 8 16 32 64 68 136 138 272 410 548 958 a
1 2 4 8 16 32 64 68 136 138 272 410 820 958 a
1 2 4 8 16 32 64 68 136 138 274 342 616 958 b
1 2 4 8 16 32 64 68 136 138 274 342 684 958 b
1 2 4 8 16 32 64 68 136 138 274 410 548 958 b
1 2 4 8 16 32 64 68 136 138 274 410 684 958 b
1 2 4 8 16 32 64 68 136 138 274 410 820 958 b
1 2 4 8 16 32 64 68 136 138 274 548 684 958 b
1 2 4 8 16 32 64 68 136 138 274 548 822 958 b
1 2 4 8 16 32 64 68 136 272 274 342 616 958 b
1 2 4 8 16 32 64 68 136 272 274 342 684 958 b
1 2 4 8 16 32 64 68 136 272 274 410 548 958 a
1 2 4 8 16 32 64 68 136 272 274 410 684 958 b
1 2 4 8 16 32 64 68 136 272 274 548 684 958 b
1 2 4 8 16 32 64 68 136 272 274 548 822 958 b
1 2 4 8 16 32 64 72 136 137 274 410 548 958 a
1 2 4 8 16 32 64 72 136 137 274 410 684 958 b
1 2 4 8 16 32 64 72 136 137 274 411 547 958 b
1 2 4 8 16 32 64 72 136 137 274 411 822 958 b
1 2 4 8 16 32 64 72 136 137 274 548 684 958 b
1 2 4 8 16 32 64 72 136 137 274 548 822 958 b
1 2 4 8 16 32 64 72 136 138 272 410 548 958 a
1 2 4 8 16 32 64 72 136 138 272 410 820 958 a
1 2 4 8 16 32 64 72 136 138 274 410 548 958 b
1 2 4 8 16 32 64 72 136 138 274 410 684 958 b
1 2 4 8 16 32 64 72 136 138 274 410 820 958 b
1 2 4 8 16 32 64 72 136 138 274 548 684 958 b
1 2 4 8 16 32 64 72 136 138 274 548 822 958 b
1 2 4 8 16 32 64 72 136 272 274 410 548 958 a
1 2 4 8 16 32 64 72 136 272 274 410 684 958 b
1 2 4 8 16 32 64 72 136 272 274 548 684 958 b
1 2 4 8 16 32 64 72 136 272 274 548 822 958 b
1 2 4 8 16 32 64 80 82 146 292 374 584 958 a
1 2 4 8 16 32 64 80 82 146 292 374 666 958 b
1 2 4 8 16 32 64 80 82 146 292 438 520 958 b
1 2 4 8 16 32 64 80 82 146 292 438 876 958 b
1 2 4 8 16 32 64 80 82 146 292 584 666 958 b
1 2 4 8 16 32 64 80 82 146 292 584 876 958 b
1 2 4 8 16 32 64 128 130 138 276 406 552 958 a
1 2 4 8 16 32 64 128 130 138 276 406 682 958 b
1 2 4 8 16 32 64 128 130 138 276 414 544 958 b
1 2 4 8 16 32 64 128 130 138 276 414 828 958 b
1 2 4 8 16 32 64 128 130 138 276 552 682 958 b
1 2 4 8 16 32 64 128 130 138 276 552 828 958 b
1 2 4 8 16 32 64 128 130 146 260 406 552 958 a
1 2 4 8 16 32 64 128 130 146 260 406 812 958 a
1 2 4 8 16 32 64 128 130 146 276 406 552 958 b
1 2 4 8 16 32 64 128 130 146 276 406 682 958 b
1 2 4 8 16 32 64 128 130 146 276 406 812 958 b
1 2 4 8 16 32 64 128 130 146 276 552 682 958 b
1 2 4 8 16 32 64 128 130 146 276 552 828 958 b
1 2 4 8 16 32 64 128 130 260 276 406 552 958 a
1 2 4 8 16 32 64 128 130 260 276 406 682 958 b
1 2 4 8 16 32 64 128 130 260 276 552 682 958 b
1 2 4 8 16 32 64 128 130 260 276 552 828 958 b
1 2 4 8 16 32 64 128 136 137 274 410 548 958 a
1 2 4 8 16 32 64 128 136 137 274 410 684 958 b
1 2 4 8 16 32 64 128 136 137 274 411 547 958 b
1 2 4 8 16 32 64 128 136 137 274 411 822 958 b
1 2 4 8 16 32 64 128 136 137 274 548 684 958 b
1 2 4 8 16 32 64 128 136 137 274 548 822 958 b
1 2 4 8 16 32 64 128 136 138 272 410 548 958 a
1 2 4 8 16 32 64 128 136 138 272 410 820 958 a
1 2 4 8 16 32 64 128 136 138 274 410 548 958 b
1 2 4 8 16 32 64 128 136 138 274 410 684 958 b
1 2 4 8 16 32 64 128 136 138 274 410 820 958 b
1 2 4 8 16 32 64 128 136 138 274 548 684 958 b
1 2 4 8 16 32 64 128 136 138 274 548 822 958 b
1 2 4 8 16 32 64 128 136 272 274 410 548 958 a
1 2 4 8 16 32 64 128 136 272 274 410 684 958 b
1 2 4 8 16 32 64 128 136 272 274 548 684 958 b
1 2 4 8 16 32 64 128 136 272 274 548 822 958 b
