1 2 3 4 7 14 28 56 57 113 226 452 904 b
1 2 3 4 7 14 28 56 112 113 226 452 904 b
1 2 3 4 7 14 28 56 112 114 226 452 904 b
1 2 3 4 7 14 28 56 112 224 226 452 904 b
1 2 3 4 7 14 28 56 112 224 228 452 904 b
1 2 3 4 7 14 28 56 112 224 448 452 904 b
1 2 3 5 7 14 28 56 57 113 226 452 904 b
1 2 3 5 7 14 28 56 112 113 226 452 904 b
1 2 3 5 7 14 28 56 112 114 226 452 904 b
1 2 3 5 7 14 28 56 112 224 226 452 904 b
1 2 3 6 7 14 28 56 57 113 226 452 904 b
1 2 3 6 7 14 28 56 112 113 226 452 904 b
1 2 3 6 7 14 28 56 112 114 226 452 904 b
1 2 3 6 7 14 28 56 112 224 226 452 904 b
1 2 3 6 8 14 28 56 57 113 226 452 904 b
1 2 3 6 8 14 28 56 112 113 226 452 904 b
1 2 3 6 8 14 28 56 112 114 226 452 904 b
1 2 3 6 8 14 28 56 112 224 226 452 904 b
1 2 3 6 8 14 28 56 112 224 448 456 904 b
1 2 3 6 8 14 28 56 112 224 448 896 904 b
1 2 3 6 12 13 25 50 63 113 226 452 904 b
1 2 3 6 12 13 25 50 100 113 226 452 904 b
1 2 3 6 12 14 28 56 57 113 226 452 904 b
1 2 3 6 12 14 28 56 112 113 226 452 904 b
1 2 3 6 12 14 28 56 112 114 226 452 904 b
1 2 3 6 12 14 28 56 112 224 226 452 904 b
1 2 3 6 12 24 26 50 100 126 226 452 904 b
1 2 3 6 12 24 26 50 100 200 226 452 904 b
1 2 4 5 7 14 28 56 57 113 226 452 904 b
1 2 4 5 7 14 28 56 112 113 226 452 904 b
1 2 4 5 7 14 28 56 112 114 226 452 904 b
1 2 4 5 7 14 28 56 112 224 226 452 904 b
1 2 4 5 7 14 28 56 112 224 228 452 904 b
1 2 4 5 7 14 28 56 112 224 448 452 904 b
1 2 4 5 9 13 26 52 61 113 226 452 904 b
1 2 4 5 9 13 26 52 104 113 226 452 904 b
1 2 4 5 9 14 28 56 57 113 226 452 904 b
1 2 4 5 9 14 28 56 112 113 226 452 904 b
1 2 4 5 9 14 28 56 112 114 226 452 904 b
1 2 4 5 9 14 28 56 112 224 226 452 904 b
1 2 4 5 9 14 28 56 112 224 228 452 904 b
1 2 4 5 9 14 28 56 112 224 448 452 904 b
1 2 4 5 9 18 27 54 59 113 226 452 904 b
1 2 4 5 9 18 27 54 108 113 226 452 904 b
1 2 4 5 9 18 36 41 72 113 226 452 904 a
1 2 4 5 9 18 36 41 77 113 226 452 904 b
1 2 4 5 9 18 36 54 59 113 226 452 904 b
1 2 4 5 9 18 36 54 108 113 226 452 904 b
1 2 4 5 9 18 36 72 77 113 226 452 904 b
1 2 4 5 9 18 36 72 77 149 226 452 904 b
1 2 4 5 9 18 36 72 77 154 226 452 904 b
1 2 4 5 9 18 36 72 108 113 226 452 904 b
1 2 4 5 10 14 28 56 57 113 226 452 904 b
1 2 4 5 10 14 28 56 112 113 226 452 904 b
1 2 4 5 10 14 28 56 112 114 226 452 904 b
1 2 4 5 10 14 28 56 112 224 226 452 904 b
1 2 4 5 10 14 28 56 112 224 228 452 904 b
1 2 4 5 10 14 28 56 112 224 448 452 904 b
1 2 4 6 7 14 28 56 57 113 226 452 904 b
1 2 4 6 7 14 28 56 112 113 226 452 904 b
1 2 4 6 7 14 28 56 112 114 226 452 904 b
1 2 4 6 7 14 28 56 112 224 226 452 904 b
1 2 4 6 7 14 28 56 112 224 228 452 904 b
1 2 4 6 7 14 28 56 112 224 448 452 904 b
1 2 4 6 8 14 28 56 57 113 226 452 904 b
1 2 4 6 8 14 28 56 112 113 226 452 904 b
1 2 4 6 8 14 28 56 112 114 226 452 904 b
1 2 4 6 8 14 28 56 112 224 226 452 904 b
1 2 4 6 8 14 28 56 112 224 228 452 904 b
1 2 4 6 8 14 28 56 112 224 448 452 904 b
1 2 4 6 8 14 28 56 112 224 448 456 904 b
1 2 4 6 8 14 28 56 112 224 448 896 904 b
1 2 4 6 10 14 28 56 57 113 226 452 904 b
1 2 4 6 10 14 28 56 112 113 226 452 904 b
1 2 4 6 10 14 28 56 112 114 226 452 904 b
1 2 4 6 10 14 28 56 112 224 226 452 904 b
1 2 4 6 10 14 28 56 112 224 228 452 904 b
1 2 4 6 10 14 28 56 112 224 448 452 904 b
1 2 4 6 12 13 25 50 63 113 226 452 904 b
1 2 4 6 12 13 25 50 100 113 226 452 904 b
1 2 4 6 12 14 28 56 57 113 226 452 904 b
1 2 4 6 12 14 28 56 112 113 226 452 904 b
1 2 4 6 12 14 28 56 112 114 226 452 904 b
1 2 4 6 12 14 28 56 112 224 226 452 904 b
1 2 4 6 12 14 28 56 112 224 228 452 904 b
1 2 4 6 12 14 28 56 112 224 448 452 904 b
1 2 4 6 12 16 28 56 57 113 226 452 904 b
1 2 4 6 12 16 28 56 112 113 226 452 904 b
1 2 4 6 12 16 28 56 112 114 226 452 904 b
1 2 4 6 12 16 28 56 112 224 226 452 904 b
1 2 4 6 12 16 28 56 112 224 228 452 904 b
1 2 4 6 12 16 28 56 112 224 448 452 904 b
1 2 4 6 12 24 26 50 100 126 226 452 904 b
1 2 4 6 12 24 26 50 100 200 226 452 904 b
1 2 4 6 12 24 28 56 57 113 226 452 904 b
1 2 4 6 12 24 28 56 112 113 226 452 904 b
1 2 4 6 12 24 28 56 112 114 226 452 904 b
1 2 4 6 12 24 28 56 112 224 226 452 904 b
1 2 4 6 12 24 28 56 112 224 228 452 904 b
1 2 4 6 12 24 28 56 112 224 448 452 904 b
1 2 4 6 12 24 48 52 100 200 252 452 904 b
1 2 4 6 12 24 48 52 100 200 400 452 904 b
1 2 4 8 9 13 26 52 61 113 226 452 904 b
1 2 4 8 9 13 26 52 104 113 226 452 904 b
1 2 4 8 9 17 26 52 61 113 226 452 904 b
1 2 4 8 9 17 26 52 104 113 226 452 904 b
1 2 4 8 9 18 26 52 61 113 226 452 904 b
1 2 4 8 9 18 26 52 104 113 226 452 904 b
1 2 4 8 9 18 26 52 104 122 226 452 904 b
1 2 4 8 9 18 26 52 104 208 226 452 904 b
1 2 4 8 10 14 28 56 57 113 226 452 904 b
1 2 4 8 10 14 28 56 112 113 226 452 904 b
1 2 4 8 10 14 28 56 112 114 226 452 904 b
1 2 4 8 10 14 28 56 112 224 226 452 904 b
1 2 4 8 10 14 28 56 112 224 228 452 904 b
1 2 4 8 10 14 28 56 112 224 448 452 904 b
1 2 4 8 10 14 28 56 112 224 448 456 904 b
1 2 4 8 10 14 28 56 112 224 448 896 904 b
1 2 4 8 10 18 26 52 104 122 226 452 904 b
1 2 4 8 10 18 26 52 104 208 226 452 904 b
1 2 4 8 10 18 28 56 57 113 226 452 904 b
1 2 4 8 10 18 28 56 112 113 226 452 904 b
1 2 4 8 10 18 28 56 112 114 226 452 904 b
1 2 4 8 10 18 28 56 112 224 226 452 904 b
1 2 4 8 10 18 28 56 112 224 228 452 904 b
1 2 4 8 10 18 28 56 112 224 448 452 904 b
1 2 4 8 10 18 28 56 112 224 448 456 904 b
1 2 4 8 10 18 28 56 112 224 448 896 904 b
1 2 4 8 10 18 36 54 108 118 226 452 904 b
1 2 4 8 10 18 36 54 108 216 226 452 904 b
1 2 4 8 10 18 36 72 82 144 226 452 904 a
1 2 4 8 10 18 36 72 82 154 226 452 904 b
1 2 4 8 10 18 36 72 108 118 226 452 904 b
1 2 4 8 10 18 36 72 108 216 226 452 904 b
1 2 4 8 10 18 36 72 144 154 226 452 904 b
1 2 4 8 10 18 36 72 144 154 298 452 904 b
1 2 4 8 10 18 36 72 144 154 308 452 904 b
1 2 4 8 10 18 36 72 144 216 226 452 904 b
1 2 4 8 10 20 28 56 57 113 226 452 904 b
1 2 4 8 10 20 28 56 112 113 226 452 904 b
1 2 4 8 10 20 28 56 112 114 226 452 904 b
1 2 4 8 10 20 28 56 112 224 226 452 904 b
1 2 4 8 10 20 28 56 112 224 228 452 904 b
1 2 4 8 10 20 28 56 112 224 448 452 904 b
1 2 4 8 10 20 28 56 112 224 448 456 904 b
1 2 4 8 10 20 28 56 112 224 448 896 904 b
1 2 4 8 12 13 25 50 63 113 226 452 904 b
1 2 4 8 12 13 25 50 100 113 226 452 904 b
1 2 4 8 12 14 28 56 57 113 226 452 904 b
1 2 4 8 12 14 28 56 112 113 226 452 904 b
1 2 4 8 12 14 28 56 112 114 226 452 904 b
1 2 4 8 12 14 28 56 112 224 226 452 904 b
1 2 4 8 12 14 28 56 112 224 228 452 904 b
1 2 4 8 12 14 28 56 112 224 448 452 904 b
1 2 4 8 12 14 28 56 112 224 448 456 904 b
1 2 4 8 12 14 28 56 112 224 448 896 904 b
1 2 4 8 12 16 28 56 57 113 226 452 904 b
1 2 4 8 12 16 28 56 112 113 226 452 904 b
1 2 4 8 12 16 28 56 112 114 226 452 904 b
1 2 4 8 12 16 28 56 112 224 226 452 904 b
1 2 4 8 12 16 28 56 112 224 228 452 904 b
1 2 4 8 12 16 28 56 112 224 448 452 904 b
1 2 4 8 12 16 28 56 112 224 448 456 904 b
1 2 4 8 12 16 28 56 112 224 448 896 904 b
1 2 4 8 12 20 28 56 57 113 226 452 904 b
1 2 4 8 12 20 28 56 112 113 226 452 904 b
1 2 4 8 12 20 28 56 112 114 226 452 904 b
1 2 4 8 12 20 28 56 112 224 226 452 904 b
1 2 4 8 12 20 28 56 112 224 228 452 904 b
1 2 4 8 12 20 28 56 112 224 448 452 904 b
1 2 4 8 12 20 28 56 112 224 448 456 904 b
1 2 4 8 12 20 28 56 112 224 448 896 904 b
1 2 4 8 12 24 26 50 100 126 226 452 904 b
1 2 4 8 12 24 26 50 100 200 226 452 904 b
1 2 4 8 12 24 28 56 57 113 226 452 904 b
1 2 4 8 12 24 28 56 112 113 226 452 904 b
1 2 4 8 12 24 28 56 112 114 226 452 904 b
1 2 4 8 12 24 28 56 112 224 226 452 904 b
1 2 4 8 12 24 28 56 112 224 228 452 904 b
1 2 4 8 12 24 28 56 112 224 448 452 904 b
1 2 4 8 12 24 28 56 112 224 448 456 904 b
1 2 4 8 12 24 28 56 112 224 448 896 904 b
1 2 4 8 12 24 32 56 57 113 226 452 904 b
1 2 4 8 12 24 32 56 112 113 226 452 904 b
1 2 4 8 12 24 32 56 112 114 226 452 904 b
1 2 4 8 12 24 32 56 112 224 226 452 904 b
1 2 4 8 12 24 32 56 112 224 228 452 904 b
1 2 4 8 12 24 32 56 112 224 448 452 904 b
1 2 4 8 12 24 32 56 112 224 448 456 904 b
1 2 4 8 12 24 32 56 112 224 448 896 904 b
1 2 4 8 12 24 48 52 100 200 252 452 904 b
1 2 4 8 12 24 48 52 100 200 400 452 904 b
1 2 4 8 12 24 48 56 57 113 226 452 904 b
1 2 4 8 12 24 48 56 112 113 226 452 904 b
1 2 4 8 12 24 48 56 112 114 226 452 904 b
1 2 4 8 12 24 48 56 112 224 226 452 904 b
1 2 4 8 12 24 48 56 112 224 228 452 904 b
1 2 4 8 12 24 48 56 112 224 448 452 904 b
1 2 4 8 12 24 48 56 112 224 448 456 904 b
1 2 4 8 12 24 48 56 112 224 448 896 904 b
1 2 4 8 12 24 48 96 104 200 400 504 904 b
1 2 4 8 12 24 48 96 104 200 400 800 904 b
1 2 4 8 16 17 24 48 65 113 226 452 904 a
1 2 4 8 16 17 24 48 96 113 226 452 904 a
1 2 4 8 16 17 32 48 65 113 226 452 904 a
1 2 4 8 16 17 32 48 96 113 226 452 904 a
1 2 4 8 16 17 32 49 64 113 226 452 904 a
1 2 4 8 16 17 32 49 81 113 226 452 904 a
1 2 4 8 16 17 32 64 81 113 226 452 904 a
1 2 4 8 16 17 32 64 81 145 226 452 904 a
1 2 4 8 16 17 32 64 81 162 226 452 904 a
1 2 4 8 16 17 32 64 96 113 226 452 904 a
1 2 4 8 16 18 26 52 104 122 226 452 904 b
1 2 4 8 16 18 26 52 104 208 226 452 904 b
1 2 4 8 16 18 34 52 104 122 226 452 904 b
1 2 4 8 16 18 34 52 104 208 226 452 904 b
1 2 4 8 16 18 36 52 104 122 226 452 904 b
1 2 4 8 16 18 36 52 104 208 226 452 904 b
1 2 4 8 16 18 36 52 104 208 244 452 904 b
1 2 4 8 16 18 36 52 104 208 416 452 904 b
1 2 4 8 16 20 28 56 57 113 226 452 904 b
1 2 4 8 16 20 28 56 112 113 226 452 904 b
1 2 4 8 16 20 28 56 112 114 226 452 904 b
1 2 4 8 16 20 28 56 112 224 226 452 904 b
1 2 4 8 16 20 28 56 112 224 228 452 904 b
1 2 4 8 16 20 28 56 112 224 448 452 904 b
1 2 4 8 16 20 28 56 112 224 448 456 904 b
1 2 4 8 16 20 28 56 112 224 448 896 904 b
1 2 4 8 16 20 36 52 104 208 244 452 904 b
1 2 4 8 16 20 36 52 104 208 416 452 904 b
1 2 4 8 16 20 36 56 57 113 226 452 904 b
1 2 4 8 16 20 36 56 112 113 226 452 904 b
1 2 4 8 16 20 36 56 112 114 226 452 904 b
1 2 4 8 16 20 36 56 112 224 226 452 904 b
1 2 4 8 16 20 36 56 112 224 228 452 904 b
1 2 4 8 16 20 36 56 112 224 448 452 904 b
1 2 4 8 16 20 36 56 112 224 448 456 904 b
1 2 4 8 16 20 36 56 112 224 448 896 904 b
1 2 4 8 16 20 36 72 108 216 236 452 904 b
1 2 4 8 16 20 36 72 108 216 432 452 904 b
1 2 4 8 16 20 36 72 144 164 288 452 904 a
1 2 4 8 16 20 36 72 144 164 308 452 904 b
1 2 4 8 16 20 36 72 144 216 236 452 904 b
1 2 4 8 16 20 36 72 144 216 432 452 904 b
1 2 4 8 16 20 36 72 144 288 308 452 904 b
1 2 4 8 16 20 36 72 144 288 308 596 904 b
1 2 4 8 16 20 36 72 144 288 308 616 904 b
1 2 4 8 16 20 36 72 144 288 432 452 904 b
1 2 4 8 16 20 40 56 57 113 226 452 904 b
1 2 4 8 16 20 40 56 112 113 226 452 904 b
1 2 4 8 16 20 40 56 112 114 226 452 904 b
1 2 4 8 16 20 40 56 112 224 226 452 904 b
1 2 4 8 16 20 40 56 112 224 228 452 904 b
1 2 4 8 16 20 40 56 112 224 448 452 904 b
1 2 4 8 16 20 40 56 112 224 448 456 904 b
1 2 4 8 16 20 40 56 112 224 448 896 904 b
1 2 4 8 16 24 26 50 100 126 226 452 904 b
1 2 4 8 16 24 26 50 100 200 226 452 904 b
1 2 4 8 16 24 28 56 57 113 226 452 904 b
1 2 4 8 16 24 28 56 112 113 226 452 904 b
1 2 4 8 16 24 28 56 112 114 226 452 904 b
1 2 4 8 16 24 28 56 112 224 226 452 904 b
1 2 4 8 16 24 28 56 112 224 228 452 904 b
1 2 4 8 16 24 28 56 112 224 448 452 904 b
1 2 4 8 16 24 28 56 112 224 448 456 904 b
1 2 4 8 16 24 28 56 112 224 448 896 904 b
1 2 4 8 16 24 32 56 57 113 226 452 904 b
1 2 4 8 16 24 32 56 112 113 226 452 904 b
1 2 4 8 16 24 32 56 112 114 226 452 904 b
1 2 4 8 16 24 32 56 112 224 226 452 904 b
1 2 4 8 16 24 32 56 112 224 228 452 904 b
1 2 4 8 16 24 32 56 112 224 448 452 904 b
1 2 4 8 16 24 32 56 112 224 448 456 904 b
1 2 4 8 16 24 32 56 112 224 448 896 904 b
1 2 4 8 16 24 40 56 57 113 226 452 904 b
1 2 4 8 16 24 40 56 112 113 226 452 904 b
1 2 4 8 16 24 40 56 112 114 226 452 904 b
1 2 4 8 16 24 40 56 112 224 226 452 904 b
1 2 4 8 16 24 40 56 112 224 228 452 904 b
1 2 4 8 16 24 40 56 112 224 448 452 904 b
1 2 4 8 16 24 40 56 112 224 448 456 904 b
1 2 4 8 16 24 40 56 112 224 448 896 904 b
1 2 4 8 16 24 48 49 64 113 226 452 904 a
1 2 4 8 16 24 48 49 65 113 226 452 904 b
1 2 4 8 16 24 48 49 97 113 226 452 904 b
1 2 4 8 16 24 48 52 100 200 252 452 904 b
1 2 4 8 16 24 48 52 100 200 400 452 904 b
1 2 4 8 16 24 48 56 57 113 226 452 904 b
1 2 4 8 16 24 48 56 112 113 226 452 904 b
1 2 4 8 16 24 48 56 112 114 226 452 904 b
1 2 4 8 16 24 48 56 112 224 226 452 904 b
1 2 4 8 16 24 48 56 112 224 228 452 904 b
1 2 4 8 16 24 48 56 112 224 448 452 904 b
1 2 4 8 16 24 48 56 112 224 448 456 904 b
1 2 4 8 16 24 48 56 112 224 448 896 904 b
1 2 4 8 16 24 48 64 65 113 226 452 904 b
1 2 4 8 16 24 48 64 112 113 226 452 904 b
1 2 4 8 16 24 48 64 112 114 226 452 904 b
1 2 4 8 16 24 48 64 112 224 226 452 904 b
1 2 4 8 16 24 48 64 112 224 228 452 904 b
1 2 4 8 16 24 48 64 112 224 448 452 904 b
1 2 4 8 16 24 48 64 112 224 448 456 904 b
1 2 4 8 16 24 48 64 112 224 448 896 904 b
1 2 4 8 16 24 48 96 97 113 226 452 904 b
1 2 4 8 16 24 48 96 104 200 400 504 904 b
1 2 4 8 16 24 48 96 104 200 400 800 904 b
1 2 4 8 16 24 48 96 112 113 226 452 904 b
1 2 4 8 16 24 48 96 112 114 226 452 904 b
1 2 4 8 16 24 48 96 112 224 226 452 904 b
1 2 4 8 16 24 48 96 112 224 228 452 904 b
1 2 4 8 16 24 48 96 112 224 448 452 904 b
1 2 4 8 16 24 48 96 112 224 448 456 904 b
1 2 4 8 16 24 48 96 112 224 448 896 904 b
1 2 4 8 16 32 33 40 73 113 226 452 904 a
1 2 4 8 16 32 33 40 80 113 226 452 904 a
1 2 4 8 16 32 33 48 65 113 226 452 904 a
1 2 4 8 16 32 33 48 80 113 226 452 904 a
1 2 4 8 16 32 33 48 81 113 226 452 904 a
1 2 4 8 16 32 33 49 64 113 226 452 904 a
1 2 4 8 16 32 33 49 81 113 226 452 904 b
1 2 4 8 16 32 33 64 80 113 226 452 904 a
1 2 4 8 16 32 33 64 97 113 226 452 904 a
1 2 4 8 16 32 33 64 97 129 226 452 904 a
1 2 4 8 16 32 33 64 97 194 226 452 904 a
1 2 4 8 16 32 33 64 97 194 258 452 904 a
1 2 4 8 16 32 33 64 97 194 388 452 904 a
1 2 4 8 16 32 33 65 81 113 226 452 904 b
1 2 4 8 16 32 33 65 97 113 226 452 904 b
1 2 4 8 16 32 33 65 97 129 226 452 904 b
1 2 4 8 16 32 33 65 97 194 226 452 904 b
1 2 4 8 16 32 34 48 96 130 226 452 904 a
1 2 4 8 16 32 34 48 96 192 226 452 904 a
1 2 4 8 16 32 34 64 96 130 226 452 904 a
1 2 4 8 16 32 34 64 96 192 226 452 904 a
1 2 4 8 16 32 34 64 98 128 226 452 904 a
1 2 4 8 16 32 34 64 98 162 226 452 904 a
1 2 4 8 16 32 34 64 128 162 226 452 904 a
1 2 4 8 16 32 34 64 128 162 290 452 904 a
1 2 4 8 16 32 34 64 128 162 324 452 904 a
1 2 4 8 16 32 34 64 128 192 226 452 904 a
1 2 4 8 16 32 36 52 104 208 244 452 904 b
1 2 4 8 16 32 36 52 104 208 416 452 904 b
1 2 4 8 16 32 36 68 104 208 244 452 904 b
1 2 4 8 16 32 36 68 104 208 416 452 904 b
1 2 4 8 16 32 36 72 104 208 244 452 904 b
1 2 4 8 16 32 36 72 104 208 416 452 904 b
1 2 4 8 16 32 36 72 104 208 416 488 904 b
1 2 4 8 16 32 36 72 104 208 416 832 904 b
1 2 4 8 16 32 40 41 72 113 226 452 904 a
1 2 4 8 16 32 40 41 73 113 226 452 904 b
1 2 4 8 16 32 40 41 81 113 226 452 904 b
1 2 4 8 16 32 40 56 57 113 226 452 904 b
1 2 4 8 16 32 40 56 112 113 226 452 904 b
1 2 4 8 16 32 40 56 112 114 226 452 904 b
1 2 4 8 16 32 40 56 112 224 226 452 904 b
1 2 4 8 16 32 40 56 112 224 228 452 904 b
1 2 4 8 16 32 40 56 112 224 448 452 904 b
1 2 4 8 16 32 40 56 112 224 448 456 904 b
1 2 4 8 16 32 40 56 112 224 448 896 904 b
1 2 4 8 16 32 40 72 73 113 226 452 904 b
1 2 4 8 16 32 40 72 104 208 416 488 904 b
1 2 4 8 16 32 40 72 104 208 416 832 904 b
1 2 4 8 16 32 40 72 112 113 226 452 904 b
1 2 4 8 16 32 40 72 112 114 226 452 904 b
1 2 4 8 16 32 40 72 112 224 226 452 904 b
1 2 4 8 16 32 40 72 112 224 228 452 904 b
1 2 4 8 16 32 40 72 112 224 448 452 904 b
1 2 4 8 16 32 40 72 112 224 448 456 904 b
1 2 4 8 16 32 40 72 112 224 448 896 904 b
1 2 4 8 16 32 40 72 144 216 432 472 904 b
1 2 4 8 16 32 40 72 144 216 432 864 904 b
1 2 4 8 16 32 40 72 144 288 328 576 904 a
1 2 4 8 16 32 40 72 144 288 328 616 904 b
1 2 4 8 16 32 40 72 144 288 432 472 904 b
1 2 4 8 16 32 40 72 144 288 432 864 904 b
1 2 4 8 16 32 40 72 144 288 576 616 904 b
1 2 4 8 16 32 40 72 144 288 576 864 904 b
1 2 4 8 16 32 40 80 81 113 226 452 904 b
1 2 4 8 16 32 40 80 112 113 226 452 904 b
1 2 4 8 16 32 40 80 112 114 226 452 904 b
1 2 4 8 16 32 40 80 112 224 226 452 904 b
1 2 4 8 16 32 40 80 112 224 228 452 904 b
1 2 4 8 16 32 40 80 112 224 448 452 904 b
1 2 4 8 16 32 40 80 112 224 448 456 904 b
1 2 4 8 16 32 40 80 112 224 448 896 904 b
1 2 4 8 16 32 48 49 64 113 226 452 904 a
1 2 4 8 16 32 48 49 65 113 226 452 904 b
1 2 4 8 16 32 48 49 81 113 226 452 904 b
1 2 4 8 16 32 48 49 97 113 226 452 904 b
1 2 4 8 16 32 48 49 97 129 226 452 904 b
1 2 4 8 16 32 48 49 97 194 226 452 904 b
1 2 4 8 16 32 48 52 100 200 252 452 904 b
1 2 4 8 16 32 48 52 100 200 400 452 904 b
1 2 4 8 16 32 48 56 57 113 226 452 904 b
1 2 4 8 16 32 48 56 112 113 226 452 904 b
1 2 4 8 16 32 48 56 112 114 226 452 904 b
1 2 4 8 16 32 48 56 112 224 226 452 904 b
1 2 4 8 16 32 48 56 112 224 228 452 904 b
1 2 4 8 16 32 48 56 112 224 448 452 904 b
1 2 4 8 16 32 48 56 112 224 448 456 904 b
1 2 4 8 16 32 48 56 112 224 448 896 904 b
1 2 4 8 16 32 48 64 65 113 226 452 904 b
1 2 4 8 16 32 48 64 112 113 226 452 904 b
1 2 4 8 16 32 48 64 112 114 226 452 904 b
1 2 4 8 16 32 48 64 112 224 226 452 904 b
1 2 4 8 16 32 48 64 112 224 228 452 904 b
1 2 4 8 16 32 48 64 112 224 448 452 904 b
1 2 4 8 16 32 48 64 112 224 448 456 904 b
1 2 4 8 16 32 48 64 112 224 448 896 904 b
1 2 4 8 16 32 48 80 81 113 226 452 904 b
1 2 4 8 16 32 48 80 112 113 226 452 904 b
1 2 4 8 16 32 48 80 112 114 226 452 904 b
1 2 4 8 16 32 48 80 112 224 226 452 904 b
1 2 4 8 16 32 48 80 112 224 228 452 904 b
1 2 4 8 16 32 48 80 112 224 448 452 904 b
1 2 4 8 16 32 48 80 112 224 448 456 904 b
1 2 4 8 16 32 48 80 112 224 448 896 904 b
1 2 4 8 16 32 48 96 97 113 226 452 904 b
1 2 4 8 16 32 48 96 97 129 226 452 904 b
1 2 4 8 16 32 48 96 97 194 226 452 904 b
1 2 4 8 16 32 48 96 98 128 226 452 904 a
1 2 4 8 16 32 48 96 98 130 226 452 904 b
1 2 4 8 16 32 48 96 98 194 226 452 904 b
1 2 4 8 16 32 48 96 104 200 400 504 904 b
1 2 4 8 16 32 48 96 104 200 400 800 904 b
1 2 4 8 16 32 48 96 112 113 226 452 904 b
1 2 4 8 16 32 48 96 112 114 226 452 904 b
1 2 4 8 16 32 48 96 112 224 226 452 904 b
1 2 4 8 16 32 48 96 112 224 228 452 904 b
1 2 4 8 16 32 48 96 112 224 448 452 904 b
1 2 4 8 16 32 48 96 112 224 448 456 904 b
1 2 4 8 16 32 48 96 112 224 448 896 904 b
1 2 4 8 16 32 48 96 128 130 226 452 904 b
1 2 4 8 16 32 48 96 128 224 226 452 904 b
1 2 4 8 16 32 48 96 128 224 228 452 904 b
1 2 4 8 16 32 48 96 128 224 448 452 904 b
1 2 4 8 16 32 48 96 128 224 448 456 904 b
1 2 4 8 16 32 48 96 128 224 448 896 904 b
1 2 4 8 16 32 48 96 192 194 226 452 904 b
1 2 4 8 16 32 48 96 192 224 226 452 904 b
1 2 4 8 16 32 48 96 192 224 228 452 904 b
1 2 4 8 16 32 48 96 192 224 448 452 904 b
1 2 4 8 16 32 48 96 192 224 448 456 904 b
1 2 4 8 16 32 48 96 192 224 448 896 904 b
1 2 4 8 16 32 64 65 81 113 226 452 904 b
1 2 4 8 16 32 64 65 81 145 226 452 904 b
1 2 4 8 16 32 64 65 81 162 226 452 904 b
1 2 4 8 16 32 64 65 96 130 226 452 904 a
1 2 4 8 16 32 64 65 96 161 226 452 904 a
1 2 4 8 16 32 64 65 97 113 226 452 904 b
1 2 4 8 16 32 64 65 97 129 226 452 904 b
1 2 4 8 16 32 64 65 97 161 226 452 904 b
1 2 4 8 16 32 64 65 97 162 226 452 904 b
1 2 4 8 16 32 64 65 97 194 226 452 904 b
1 2 4 8 16 32 64 65 97 194 258 452 904 b
1 2 4 8 16 32 64 65 97 194 388 452 904 b
1 2 4 8 16 32 64 65 129 161 226 452 904 b
1 2 4 8 16 32 64 65 129 194 226 452 904 b
1 2 4 8 16 32 64 65 129 194 258 452 904 b
1 2 4 8 16 32 64 65 129 194 323 452 904 b
1 2 4 8 16 32 64 65 129 194 388 452 904 b
1 2 4 8 16 32 64 65 129 258 323 452 904 b
1 2 4 8 16 32 64 65 129 258 323 581 904 b
1 2 4 8 16 32 64 65 129 258 323 646 904 b
1 2 4 8 16 32 64 65 129 258 387 452 904 b
1 2 4 8 16 32 64 65 130 162 226 452 904 b
1 2 4 8 16 32 64 65 130 194 226 452 904 b
1 2 4 8 16 32 64 65 130 194 258 452 904 b
1 2 4 8 16 32 64 65 130 194 388 452 904 b
1 2 4 8 16 32 64 66 80 146 226 452 904 a
1 2 4 8 16 32 64 66 80 160 226 452 904 a
1 2 4 8 16 32 64 66 96 130 226 452 904 a
1 2 4 8 16 32 64 66 96 160 226 452 904 a
1 2 4 8 16 32 64 66 96 162 226 452 904 a
1 2 4 8 16 32 64 66 98 128 226 452 904 a
1 2 4 8 16 32 64 66 98 162 226 452 904 b
1 2 4 8 16 32 64 66 128 160 226 452 904 a
1 2 4 8 16 32 64 66 128 194 226 452 904 a
1 2 4 8 16 32 64 66 128 194 258 452 904 a
1 2 4 8 16 32 64 66 128 194 388 452 904 a
1 2 4 8 16 32 64 66 128 194 388 516 904 a
1 2 4 8 16 32 64 66 128 194 388 776 904 a
1 2 4 8 16 32 64 66 130 162 226 452 904 b
1 2 4 8 16 32 64 66 130 194 226 452 904 b
1 2 4 8 16 32 64 66 130 194 258 452 904 b
1 2 4 8 16 32 64 66 130 194 388 452 904 b
1 2 4 8 16 32 64 68 96 192 260 452 904 a
1 2 4 8 16 32 64 68 96 192 384 452 904 a
1 2 4 8 16 32 64 68 128 192 260 452 904 a
1 2 4 8 16 32 64 68 128 192 384 452 904 a
1 2 4 8 16 32 64 68 128 196 256 452 904 a
1 2 4 8 16 32 64 68 128 196 324 452 904 a
1 2 4 8 16 32 64 68 128 256 324 452 904 a
1 2 4 8 16 32 64 68 128 256 324 580 904 a
1 2 4 8 16 32 64 68 128 256 324 648 904 a
1 2 4 8 16 32 64 68 128 256 384 452 904 a
1 2 4 8 16 32 64 72 104 208 416 488 904 b
1 2 4 8 16 32 64 72 104 208 416 832 904 b
1 2 4 8 16 32 64 72 136 208 416 488 904 b
1 2 4 8 16 32 64 72 136 208 416 832 904 b
1 2 4 8 16 32 64 72 144 208 416 488 904 b
1 2 4 8 16 32 64 72 144 208 416 832 904 b
1 2 4 8 16 32 64 80 81 113 226 452 904 b
1 2 4 8 16 32 64 80 81 145 226 452 904 b
1 2 4 8 16 32 64 80 81 162 226 452 904 b
1 2 4 8 16 32 64 80 82 144 226 452 904 a
1 2 4 8 16 32 64 80 82 146 226 452 904 b
1 2 4 8 16 32 64 80 82 162 226 452 904 b
1 2 4 8 16 32 64 80 112 113 226 452 904 b
1 2 4 8 16 32 64 80 112 114 226 452 904 b
1 2 4 8 16 32 64 80 112 224 226 452 904 b
1 2 4 8 16 32 64 80 112 224 228 452 904 b
1 2 4 8 16 32 64 80 112 224 448 452 904 b
1 2 4 8 16 32 64 80 112 224 448 456 904 b
1 2 4 8 16 32 64 80 112 224 448 896 904 b
1 2 4 8 16 32 64 80 144 146 226 452 904 b
1 2 4 8 16 32 64 80 144 224 226 452 904 b
1 2 4 8 16 32 64 80 144 224 228 452 904 b
1 2 4 8 16 32 64 80 144 224 448 452 904 b
1 2 4 8 16 32 64 80 144 224 448 456 904 b
1 2 4 8 16 32 64 80 144 224 448 896 904 b
1 2 4 8 16 32 64 80 160 162 226 452 904 b
1 2 4 8 16 32 64 80 160 224 226 452 904 b
1 2 4 8 16 32 64 80 160 224 228 452 904 b
1 2 4 8 16 32 64 80 160 224 448 452 904 b
1 2 4 8 16 32 64 80 160 224 448 456 904 b
1 2 4 8 16 32 64 80 160 224 448 896 904 b
1 2 4 8 16 32 64 96 97 113 226 452 904 b
1 2 4 8 16 32 64 96 97 129 226 452 904 b
1 2 4 8 16 32 64 96 97 194 226 452 904 b
1 2 4 8 16 32 64 96 97 194 258 452 904 b
1 2 4 8 16 32 64 96 97 194 388 452 904 b
1 2 4 8 16 32 64 96 98 128 226 452 904 a
1 2 4 8 16 32 64 96 98 130 226 452 904 b
1 2 4 8 16 32 64 96 98 162 226 452 904 b
1 2 4 8 16 32 64 96 98 194 226 452 904 b
1 2 4 8 16 32 64 96 98 194 258 452 904 b
1 2 4 8 16 32 64 96 98 194 388 452 904 b
1 2 4 8 16 32 64 96 104 200 400 504 904 b
1 2 4 8 16 32 64 96 104 200 400 800 904 b
1 2 4 8 16 32 64 96 112 113 226 452 904 b
1 2 4 8 16 32 64 96 112 114 226 452 904 b
1 2 4 8 16 32 64 96 112 224 226 452 904 b
1 2 4 8 16 32 64 96 112 224 228 452 904 b
1 2 4 8 16 32 64 96 112 224 448 452 904 b
1 2 4 8 16 32 64 96 112 224 448 456 904 b
1 2 4 8 16 32 64 96 112 224 448 896 904 b
1 2 4 8 16 32 64 96 128 130 226 452 904 b
1 2 4 8 16 32 64 96 128 224 226 452 904 b
1 2 4 8 16 32 64 96 128 224 228 452 904 b
1 2 4 8 16 32 64 96 128 224 448 452 904 b
1 2 4 8 16 32 64 96 128 224 448 456 904 b
1 2 4 8 16 32 64 96 128 224 448 896 904 b
1 2 4 8 16 32 64 96 160 162 226 452 904 b
1 2 4 8 16 32 64 96 160 224 226 452 904 b
1 2 4 8 16 32 64 96 160 224 228 452 904 b
1 2 4 8 16 32 64 96 160 224 448 452 904 b
1 2 4 8 16 32 64 96 160 224 448 456 904 b
1 2 4 8 16 32 64 96 160 224 448 896 904 b
1 2 4 8 16 32 64 96 192 194 226 452 904 b
1 2 4 8 16 32 64 96 192 194 258 452 904 b
1 2 4 8 16 32 64 96 192 194 388 452 904 b
1 2 4 8 16 32 64 96 192 196 256 452 904 a
1 2 4 8 16 32 64 96 192 196 260 452 904 b
1 2 4 8 16 32 64 96 192 196 388 452 904 b
1 2 4 8 16 32 64 96 192 224 226 452 904 b
1 2 4 8 16 32 64 96 192 224 228 452 904 b
1 2 4 8 16 32 64 96 192 224 448 452 904 b
1 2 4 8 16 32 64 96 192 224 448 456 904 b
1 2 4 8 16 32 64 96 192 224 448 896 904 b
1 2 4 8 16 32 64 96 192 256 260 452 904 b
1 2 4 8 16 32 64 96 192 256 448 452 904 b
1 2 4 8 16 32 64 96 192 256 448 456 904 b
1 2 4 8 16 32 64 96 192 256 448 896 904 b
1 2 4 8 16 32 64 96 192 384 388 452 904 b
1 2 4 8 16 32 64 96 192 384 448 452 904 b
1 2 4 8 16 32 64 96 192 384 448 456 904 b
1 2 4 8 16 32 64 96 192 384 448 896 904 b
1 2 4 8 16 32 64 128 130 162 226 452 904 b
1 2 4 8 16 32 64 128 130 162 290 452 904 b
1 2 4 8 16 32 64 128 130 162 324 452 904 b
1 2 4 8 16 32 64 128 130 192 260 452 904 a
1 2 4 8 16 32 64 128 130 192 322 452 904 a
1 2 4 8 16 32 64 128 130 194 226 452 904 b
1 2 4 8 16 32 64 128 130 194 258 452 904 b
1 2 4 8 16 32 64 128 130 194 322 452 904 b
1 2 4 8 16 32 64 128 130 194 324 452 904 b
1 2 4 8 16 32 64 128 130 194 388 452 904 b
1 2 4 8 16 32 64 128 130 194 388 516 904 b
1 2 4 8 16 32 64 128 130 194 388 776 904 b
1 2 4 8 16 32 64 128 130 258 322 452 904 b
1 2 4 8 16 32 64 128 130 258 388 452 904 b
1 2 4 8 16 32 64 128 130 258 388 516 904 b
1 2 4 8 16 32 64 128 130 258 388 646 904 b
1 2 4 8 16 32 64 128 130 258 388 776 904 b
1 2 4 8 16 32 64 128 130 258 516 646 904 b
1 2 4 8 16 32 64 128 130 258 516 774 904 b
1 2 4 8 16 32 64 128 130 260 324 452 904 b
1 2 4 8 16 32 64 128 130 260 388 452 904 b
1 2 4 8 16 32 64 128 130 260 388 516 904 b
1 2 4 8 16 32 64 128 130 260 388 776 904 b
1 2 4 8 16 32 64 128 132 160 292 452 904 a
1 2 4 8 16 32 64 128 132 160 320 452 904 a
1 2 4 8 16 32 64 128 132 192 260 452 904 a
1 2 4 8 16 32 64 128 132 192 320 452 904 a
1 2 4 8 16 32 64 128 132 192 324 452 904 a
1 2 4 8 16 32 64 128 132 196 256 452 904 a
1 2 4 8 16 32 64 128 132 196 324 452 904 b
1 2 4 8 16 32 64 128 132 256 320 452 904 a
1 2 4 8 16 32 64 128 132 256 388 452 904 a
1 2 4 8 16 32 64 128 132 256 388 516 904 a
1 2 4 8 16 32 64 128 132 256 388 776 904 a
1 2 4 8 16 32 64 128 132 260 324 452 904 b
1 2 4 8 16 32 64 128 132 260 388 452 904 b
1 2 4 8 16 32 64 128 132 260 388 516 904 b
1 2 4 8 16 32 64 128 132 260 388 776 904 b
1 2 4 8 16 32 64 128 136 192 384 520 904 a
1 2 4 8 16 32 64 128 136 192 384 768 904 a
1 2 4 8 16 32 64 128 136 256 384 520 904 a
1 2 4 8 16 32 64 128 136 256 384 768 904 a
1 2 4 8 16 32 64 128 136 256 392 512 904 a
1 2 4 8 16 32 64 128 136 256 392 648 904 a
1 2 4 8 16 32 64 128 136 256 512 648 904 a
1 2 4 8 16 32 64 128 136 256 512 768 904 a
1 2 4 8 16 32 64 128 160 162 226 452 904 b
1 2 4 8 16 32 64 128 160 162 290 452 904 b
1 2 4 8 16 32 64 128 160 162 324 452 904 b
1 2 4 8 16 32 64 128 160 164 288 452 904 a
1 2 4 8 16 32 64 128 160 164 292 452 904 b
1 2 4 8 16 32 64 128 160 164 324 452 904 b
1 2 4 8 16 32 64 128 160 224 226 452 904 b
1 2 4 8 16 32 64 128 160 224 228 452 904 b
1 2 4 8 16 32 64 128 160 224 448 452 904 b
1 2 4 8 16 32 64 128 160 224 448 456 904 b
1 2 4 8 16 32 64 128 160 224 448 896 904 b
1 2 4 8 16 32 64 128 160 288 292 452 904 b
1 2 4 8 16 32 64 128 160 288 448 452 904 b
1 2 4 8 16 32 64 128 160 288 448 456 904 b
1 2 4 8 16 32 64 128 160 288 448 896 904 b
1 2 4 8 16 32 64 128 160 320 324 452 904 b
1 2 4 8 16 32 64 128 160 320 448 452 904 b
1 2 4 8 16 32 64 128 160 320 448 456 904 b
1 2 4 8 16 32 64 128 160 320 448 896 904 b
1 2 4 8 16 32 64 128 192 194 226 452 904 b
1 2 4 8 16 32 64 128 192 194 258 452 904 b
1 2 4 8 16 32 64 128 192 194 388 452 904 b
1 2 4 8 16 32 64 128 192 194 388 516 904 b
1 2 4 8 16 32 64 128 192 194 388 776 904 b
1 2 4 8 16 32 64 128 192 196 256 452 904 a
1 2 4 8 16 32 64 128 192 196 260 452 904 b
1 2 4 8 16 32 64 128 192 196 324 452 904 b
1 2 4 8 16 32 64 128 192 196 388 452 904 b
1 2 4 8 16 32 64 128 192 196 388 516 904 b
1 2 4 8 16 32 64 128 192 196 388 776 904 b
1 2 4 8 16 32 64 128 192 224 226 452 904 b
1 2 4 8 16 32 64 128 192 224 228 452 904 b
1 2 4 8 16 32 64 128 192 224 448 452 904 b
1 2 4 8 16 32 64 128 192 224 448 456 904 b
1 2 4 8 16 32 64 128 192 224 448 896 904 b
1 2 4 8 16 32 64 128 192 256 260 452 904 b
1 2 4 8 16 32 64 128 192 256 448 452 904 b
1 2 4 8 16 32 64 128 192 256 448 456 904 b
1 2 4 8 16 32 64 128 192 256 448 896 904 b
1 2 4 8 16 32 64 128 192 320 324 452 904 b
1 2 4 8 16 32 64 128 192 320 448 452 904 b
1 2 4 8 16 32 64 128 192 320 448 456 904 b
1 2 4 8 16 32 64 128 192 320 448 896 904 b
1 2 4 8 16 32 64 128 192 384 388 452 904 b
1 2 4 8 16 32 64 128 192 384 388 516 904 b
1 2 4 8 16 32 64 128 192 384 388 776 904 b
1 2 4 8 16 32 64 128 192 384 392 512 904 a
1 2 4 8 16 32 64 128 192 384 392 520 904 b
1 2 4 8 16 32 64 128 192 384 392 776 904 b
1 2 4 8 16 32 64 128 192 384 448 452 904 b
1 2 4 8 16 32 64 128 192 384 448 456 904 b
1 2 4 8 16 32 64 128 192 384 448 896 904 b
1 2 4 8 16 32 64 128 192 384 512 520 904 b
1 2 4 8 16 32 64 128 192 384 512 896 904 b
1 2 4 8 16 32 64 128 192 384 768 776 904 b
1 2 4 8 16 32 64 128 192 384 768 896 904 b
1 2 4 8 16 32 64 128 256 260 324 452 904 b
1 2 4 8 16 32 64 128 256 260 324 580 904 b
1 2 4 8 16 32 64 128 256 260 324 648 904 b
1 2 4 8 16 32 64 128 256 260 384 520 904 a
1 2 4 8 16 32 64 128 256 260 384 644 904 a
1 2 4 8 16 32 64 128 256 260 388 452 904 b
1 2 4 8 16 32 64 128 256 260 388 516 904 b
1 2 4 8 16 32 64 128 256 260 388 644 904 b
1 2 4 8 16 32 64 128 256 260 388 648 904 b
1 2 4 8 16 32 64 128 256 260 388 776 904 b
1 2 4 8 16 32 64 128 256 260 516 644 904 b
1 2 4 8 16 32 64 128 256 260 516 776 904 b
1 2 4 8 16 32 64 128 256 260 520 648 904 b
1 2 4 8 16 32 64 128 256 260 520 776 904 b
1 2 4 8 16 32 64 128 256 264 320 584 904 a
1 2 4 8 16 32 64 128 256 264 320 640 904 a
1 2 4 8 16 32 64 128 256 264 384 520 904 a
1 2 4 8 16 32 64 128 256 264 384 640 904 a
1 2 4 8 16 32 64 128 256 264 384 648 904 a
1 2 4 8 16 32 64 128 256 264 392 512 904 a
1 2 4 8 16 32 64 128 256 264 392 648 904 b
1 2 4 8 16 32 64 128 256 264 512 640 904 a
1 2 4 8 16 32 64 128 256 264 512 776 904 a
1 2 4 8 16 32 64 128 256 264 520 648 904 b
1 2 4 8 16 32 64 128 256 264 520 776 904 b
1 2 4 8 16 32 64 128 256 320 324 452 904 b
1 2 4 8 16 32 64 128 256 320 324 580 904 b
1 2 4 8 16 32 64 128 256 320 324 648 904 b
1 2 4 8 16 32 64 128 256 320 328 576 904 a
1 2 4 8 16 32 64 128 256 320 328 584 904 b
1 2 4 8 16 32 64 128 256 320 328 648 904 b
1 2 4 8 16 32 64 128 256 320 448 452 904 b
1 2 4 8 16 32 64 128 256 320 448 456 904 b
1 2 4 8 16 32 64 128 256 320 448 896 904 b
1 2 4 8 16 32 64 128 256 320 576 584 904 b
1 2 4 8 16 32 64 128 256 320 576 896 904 b
1 2 4 8 16 32 64 128 256 320 640 648 904 b
1 2 4 8 16 32 64 128 256 320 640 896 904 b
1 2 4 8 16 32 64 128 256 384 388 452 904 b
1 2 4 8 16 32 64 128 256 384 388 516 904 b
1 2 4 8 16 32 64 128 256 384 388 776 904 b
1 2 4 8 16 32 64 128 256 384 392 512 904 a
1 2 4 8 16 32 64 128 256 384 392 520 904 b
1 2 4 8 16 32 64 128 256 384 392 648 904 b
1 2 4 8 16 32 64 128 256 384 392 776 904 b
1 2 4 8 16 32 64 128 256 384 448 452 904 b
1 2 4 8 16 32 64 128 256 384 448 456 904 b
1 2 4 8 16 32 64 128 256 384 448 896 904 b
1 2 4 8 16 32 64 128 256 384 512 520 904 b
1 2 4 8 16 32 64 128 256 384 512 896 904 b
1 2 4 8 16 32 64 128 256 384 640 648 904 b
1 2 4 8 16 32 64 128 256 384 640 896 904 b
1 2 4 8 16 32 64 128 256 384 768 776 904 b
1 2 4 8 16 32 64 128 256 384 768 896 904 b
1 2 4 8 16 32 64 128 256 512 520 648 904 b
1 2 4 8 16 32 64 128 256 512 520 776 904 b
1 2 4 8 16 32 64 128 256 512 640 648 904 b
1 2 4 8 16 32 64 128 256 512 640 896 904 b
1 2 4 8 16 32 64 128 256 512 768 776 904 b
1 2 4 8 16 32 64 128 256 512 768 896 904 b
