1 2 3 5 10 15 30 60 120 240 480 485 965 b
1 2 3 5 10 15 30 60 120 240 480 960 965 b
1 2 3 5 10 20 30 60 120 240 480 485 965 b
1 2 3 5 10 20 30 60 120 240 480 960 965 b
1 2 3 5 10 20 40 60 120 240 480 485 965 b
1 2 3 5 10 20 40 60 120 240 480 960 965 b
1 2 3 5 10 20 40 80 120 240 480 485 965 b
1 2 3 5 10 20 40 80 120 240 480 960 965 b
1 2 3 5 10 20 40 80 160 240 480 485 965 b
1 2 3 5 10 20 40 80 160 240 480 960 965 b
1 2 3 5 10 20 40 80 160 320 325 640 965 a
1 2 3 5 10 20 40 80 160 320 325 645 965 b
1 2 3 5 10 20 40 80 160 320 480 485 965 b
1 2 3 5 10 20 40 80 160 320 480 960 965 b
1 2 3 5 10 20 40 80 160 320 640 645 965 b
1 2 3 5 10 20 40 80 160 320 640 960 965 b
1 2 3 6 12 24 48 96 97 193 386 579 965 b
1 2 3 6 12 24 48 96 97 193 386 772 965 b
1 2 3 6 12 24 48 96 192 193 386 579 965 b
1 2 3 6 12 24 48 96 192 193 386 772 965 b
1 2 4 5 10 15 30 60 120 240 480 485 965 b
1 2 4 5 10 15 30 60 120 240 480 960 965 b
1 2 4 5 10 20 30 60 120 240 480 485 965 b
1 2 4 5 10 20 30 60 120 240 480 960 965 b
1 2 4 5 10 20 40 60 120 240 480 485 965 b
1 2 4 5 10 20 40 60 120 240 480 960 965 b
1 2 4 5 10 20 40 80 120 240 480 485 965 b
1 2 4 5 10 20 40 80 120 240 480 960 965 b
1 2 4 5 10 20 40 80 160 240 480 485 965 b
1 2 4 5 10 20 40 80 160 240 480 960 965 b
1 2 4 5 10 20 40 80 160 320 325 640 965 a
1 2 4 5 10 20 40 80 160 320 325 645 965 b
1 2 4 5 10 20 40 80 160 320 480 485 965 b
1 2 4 5 10 20 40 80 160 320 480 960 965 b
1 2 4 5 10 20 40 80 160 320 640 645 965 b
1 2 4 5 10 20 40 80 160 320 640 960 965 b
1 2 4 6 12 24 48 96 97 193 386 579 965 b
1 2 4 6 12 24 48 96 97 193 386 772 965 b
1 2 4 6 12 24 48 96 192 193 386 579 965 b
1 2 4 6 12 24 48 96 192 193 386 772 965 b
1 2 4 8 12 24 48 96 97 193 386 579 965 b
1 2 4 8 12 24 48 96 97 193 386 772 965 b
1 2 4 8 12 24 48 96 192 193 386 579 965 b
1 2 4 8 12 24 48 96 192 193 386 772 965 b
1 2 4 8 16 24 48 96 97 193 386 579 965 b
1 2 4 8 16 24 48 96 97 193 386 772 965 b
1 2 4 8 16 24 48 96 192 193 386 579 965 b
1 2 4 8 16 24 48 96 192 193 386 772 965 b
1 2 4 8 16 32 48 96 97 193 386 579 965 b
1 2 4 8 16 32 48 96 97 193 386 772 965 b
1 2 4 8 16 32 48 96 192 193 386 579 965 b
1 2 4 8 16 32 48 96 192 193 386 772 965 b
1 2 4 8 16 32 64 65 128 193 386 579 965 a
1 2 4 8 16 32 64 65 128 193 386 772 965 a
1 2 4 8 16 32 64 65 129 193 386 579 965 b
1 2 4 8 16 32 64 65 129 193 386 772 965 b
1 2 4 8 16 32 64 96 97 193 386 579 965 b
1 2 4 8 16 32 64 96 97 193 386 772 965 b
1 2 4 8 16 32 64 96 192 193 386 579 965 b
1 2 4 8 16 32 64 96 192 193 386 772 965 b
1 2 4 8 16 32 64 128 129 193 386 579 965 b
1 2 4 8 16 32 64 128 129 193 386 772 965 b
1 2 4 8 16 32 64 128 192 193 386 579 965 b
1 2 4 8 16 32 64 128 192 193 386 772 965 b
