1 2 3 5 10 15 30 60 120 240 480 495 975 b
1 2 3 5 10 15 30 60 120 240 480 960 975 b
1 2 3 5 10 20 40 80 160 165 325 650 975 b
1 2 3 5 10 20 40 80 160 320 325 650 975 b
1 2 3 6 9 15 30 60 120 240 480 495 975 b
1 2 3 6 9 15 30 60 120 240 480 960 975 b
1 2 3 6 12 15 30 60 120 240 480 495 975 b
1 2 3 6 12 15 30 60 120 240 480 960 975 b
1 2 3 6 12 24 48 96 99 195 390 585 975 b
1 2 3 6 12 24 48 96 99 195 390 780 975 b
1 2 3 6 12 24 48 96 192 195 390 585 975 b
1 2 3 6 12 24 48 96 192 195 390 780 975 b
1 2 4 5 10 15 30 60 120 240 480 495 975 b
1 2 4 5 10 15 30 60 120 240 480 960 975 b
1 2 4 5 10 20 40 80 160 165 325 650 975 b
1 2 4 5 10 20 40 80 160 320 325 650 975 b
1 2 4 8 16 32 33 65 130 195 325 650 975 b
1 2 4 8 16 32 33 65 130 195 390 585 975 b
1 2 4 8 16 32 33 65 130 195 390 780 975 b
1 2 4 8 16 32 33 65 130 260 325 650 975 b
1 2 4 8 16 32 64 65 130 195 325 650 975 b
1 2 4 8 16 32 64 65 130 195 390 585 975 b
1 2 4 8 16 32 64 65 130 195 390 780 975 b
1 2 4 8 16 32 64 65 130 260 325 650 975 b
