1 2 3 4 7 14 28 31 59 118 236 472 944 b
1 2 3 4 7 14 28 56 59 118 236 472 944 b
1 2 3 5 7 14 28 31 59 118 236 472 944 b
1 2 3 5 7 14 28 56 59 118 236 472 944 b
1 2 3 5 10 13 23 36 59 118 236 472 944 b
1 2 3 5 10 13 23 46 59 118 236 472 944 b
1 2 3 6 7 13 26 33 59 118 236 472 944 b
1 2 3 6 7 13 26 52 59 118 236 472 944 b
1 2 3 6 7 14 28 31 59 118 236 472 944 b
1 2 3 6 7 14 28 56 59 118 236 472 944 b
1 2 3 6 7 14 28 56 62 118 236 472 944 b
1 2 3 6 7 14 28 56 112 118 236 472 944 b
1 2 3 6 8 14 28 31 59 118 236 472 944 b
1 2 3 6 8 14 28 56 59 118 236 472 944 b
1 2 3 6 8 14 28 56 62 118 236 472 944 b
1 2 3 6 8 14 28 56 112 118 236 472 944 b
1 2 3 6 12 14 26 52 66 118 236 472 944 b
1 2 3 6 12 14 26 52 104 118 236 472 944 b
1 2 3 6 12 14 28 31 59 118 236 472 944 b
1 2 3 6 12 14 28 56 59 118 236 472 944 b
1 2 3 6 12 14 28 56 62 118 236 472 944 b
1 2 3 6 12 14 28 56 112 118 236 472 944 b
1 2 3 6 12 14 28 56 112 124 236 472 944 b
1 2 3 6 12 14 28 56 112 224 236 472 944 b
1 2 4 5 9 18 23 36 59 118 236 472 944 a
1 2 4 5 9 18 23 41 59 118 236 472 944 b
1 2 4 5 9 18 27 32 59 118 236 472 944 b
1 2 4 5 9 18 27 54 59 118 236 472 944 b
1 2 4 5 9 18 36 41 59 118 236 472 944 b
1 2 4 5 9 18 36 41 77 118 236 472 944 b
1 2 4 5 9 18 36 41 82 118 236 472 944 b
1 2 4 5 9 18 36 54 59 118 236 472 944 b
1 2 4 6 7 13 26 33 59 118 236 472 944 b
1 2 4 6 7 13 26 52 59 118 236 472 944 b
1 2 4 6 7 14 28 56 62 118 236 472 944 b
1 2 4 6 7 14 28 56 112 118 236 472 944 b
1 2 4 6 8 14 28 56 62 118 236 472 944 b
1 2 4 6 8 14 28 56 112 118 236 472 944 b
1 2 4 6 10 14 28 56 62 118 236 472 944 b
1 2 4 6 10 14 28 56 112 118 236 472 944 b
1 2 4 6 10 20 26 46 72 118 236 472 944 b
1 2 4 6 10 20 26 46 92 118 236 472 944 b
1 2 4 6 12 14 26 52 66 118 236 472 944 b
1 2 4 6 12 14 26 52 104 118 236 472 944 b
1 2 4 6 12 14 28 56 62 118 236 472 944 b
1 2 4 6 12 14 28 56 112 118 236 472 944 b
1 2 4 6 12 14 28 56 112 124 236 472 944 b
1 2 4 6 12 14 28 56 112 224 236 472 944 b
1 2 4 6 12 16 28 56 62 118 236 472 944 b
1 2 4 6 12 16 28 56 112 118 236 472 944 b
1 2 4 6 12 16 28 56 112 124 236 472 944 b
1 2 4 6 12 16 28 56 112 224 236 472 944 b
1 2 4 6 12 24 28 52 104 132 236 472 944 b
1 2 4 6 12 24 28 52 104 208 236 472 944 b
1 2 4 6 12 24 28 56 62 118 236 472 944 b
1 2 4 6 12 24 28 56 112 118 236 472 944 b
1 2 4 6 12 24 28 56 112 124 236 472 944 b
1 2 4 6 12 24 28 56 112 224 236 472 944 b
1 2 4 6 12 24 28 56 112 224 248 472 944 b
1 2 4 6 12 24 28 56 112 224 448 472 944 b
1 2 4 8 9 16 25 34 59 118 236 472 944 a
1 2 4 8 9 16 25 50 59 118 236 472 944 a
1 2 4 8 9 17 21 38 59 118 236 472 944 b
1 2 4 8 9 17 21 42 59 118 236 472 944 b
1 2 4 8 9 17 25 34 59 118 236 472 944 b
1 2 4 8 9 17 25 42 59 118 236 472 944 b
1 2 4 8 9 17 25 50 59 118 236 472 944 b
1 2 4 8 9 17 34 42 59 118 236 472 944 b
1 2 4 8 9 17 34 42 76 118 236 472 944 b
1 2 4 8 9 17 34 42 84 118 236 472 944 b
1 2 4 8 9 17 34 51 59 118 236 472 944 b
1 2 4 8 10 18 36 46 72 118 236 472 944 a
1 2 4 8 10 18 36 46 82 118 236 472 944 b
1 2 4 8 10 18 36 54 64 118 236 472 944 b
1 2 4 8 10 18 36 54 108 118 236 472 944 b
1 2 4 8 10 18 36 72 82 118 236 472 944 b
1 2 4 8 10 18 36 72 82 154 236 472 944 b
1 2 4 8 10 18 36 72 82 164 236 472 944 b
1 2 4 8 10 18 36 72 108 118 236 472 944 b
1 2 4 8 12 14 26 52 66 118 236 472 944 b
1 2 4 8 12 14 26 52 104 118 236 472 944 b
1 2 4 8 12 14 28 56 112 124 236 472 944 b
1 2 4 8 12 14 28 56 112 224 236 472 944 b
1 2 4 8 12 16 28 56 112 124 236 472 944 b
1 2 4 8 12 16 28 56 112 224 236 472 944 b
1 2 4 8 12 20 28 56 112 124 236 472 944 b
1 2 4 8 12 20 28 56 112 224 236 472 944 b
1 2 4 8 12 20 40 52 92 144 236 472 944 b
1 2 4 8 12 20 40 52 92 184 236 472 944 b
1 2 4 8 12 24 28 52 104 132 236 472 944 b
1 2 4 8 12 24 28 52 104 208 236 472 944 b
1 2 4 8 12 24 28 56 112 124 236 472 944 b
1 2 4 8 12 24 28 56 112 224 236 472 944 b
1 2 4 8 12 24 28 56 112 224 248 472 944 b
1 2 4 8 12 24 28 56 112 224 448 472 944 b
1 2 4 8 12 24 32 56 112 124 236 472 944 b
1 2 4 8 12 24 32 56 112 224 236 472 944 b
1 2 4 8 12 24 32 56 112 224 248 472 944 b
1 2 4 8 12 24 32 56 112 224 448 472 944 b
1 2 4 8 12 24 48 56 104 208 264 472 944 b
1 2 4 8 12 24 48 56 104 208 416 472 944 b
1 2 4 8 12 24 48 56 112 124 236 472 944 b
1 2 4 8 12 24 48 56 112 224 236 472 944 b
1 2 4 8 12 24 48 56 112 224 248 472 944 b
1 2 4 8 12 24 48 56 112 224 448 472 944 b
1 2 4 8 12 24 48 56 112 224 448 496 944 b
1 2 4 8 12 24 48 56 112 224 448 896 944 b
1 2 4 8 16 17 21 38 59 118 236 472 944 b
1 2 4 8 16 17 21 42 59 118 236 472 944 b
1 2 4 8 16 17 25 34 59 118 236 472 944 a
1 2 4 8 16 17 25 42 59 118 236 472 944 b
1 2 4 8 16 17 34 42 59 118 236 472 944 b
1 2 4 8 16 17 34 42 76 118 236 472 944 b
1 2 4 8 16 17 34 42 84 118 236 472 944 b
1 2 4 8 16 17 34 50 68 118 236 472 944 a
1 2 4 8 16 17 34 50 84 118 236 472 944 b
1 2 4 8 16 17 34 51 59 118 236 472 944 b
1 2 4 8 16 17 34 51 67 118 236 472 944 b
1 2 4 8 16 17 34 51 102 118 236 472 944 b
1 2 4 8 16 17 34 68 84 118 236 472 944 b
1 2 4 8 16 17 34 68 84 152 236 472 944 b
1 2 4 8 16 17 34 68 84 168 236 472 944 b
1 2 4 8 16 17 34 68 102 118 236 472 944 b
1 2 4 8 16 18 32 50 68 118 236 472 944 a
1 2 4 8 16 18 32 50 100 118 236 472 944 a
1 2 4 8 16 18 34 42 76 118 236 472 944 b
1 2 4 8 16 18 34 42 84 118 236 472 944 b
1 2 4 8 16 18 34 50 68 118 236 472 944 b
1 2 4 8 16 18 34 50 84 118 236 472 944 b
1 2 4 8 16 18 34 50 100 118 236 472 944 b
1 2 4 8 16 18 34 68 84 118 236 472 944 b
1 2 4 8 16 18 34 68 84 152 236 472 944 b
1 2 4 8 16 18 34 68 84 168 236 472 944 b
1 2 4 8 16 18 34 68 102 118 236 472 944 b
1 2 4 8 16 20 36 72 92 144 236 472 944 a
1 2 4 8 16 20 36 72 92 164 236 472 944 b
1 2 4 8 16 20 36 72 108 128 236 472 944 b
1 2 4 8 16 20 36 72 108 216 236 472 944 b
1 2 4 8 16 20 36 72 144 164 236 472 944 b
1 2 4 8 16 20 36 72 144 164 308 472 944 b
1 2 4 8 16 20 36 72 144 164 328 472 944 b
1 2 4 8 16 20 36 72 144 216 236 472 944 b
1 2 4 8 16 24 28 52 104 132 236 472 944 b
1 2 4 8 16 24 28 52 104 208 236 472 944 b
1 2 4 8 16 24 28 56 112 224 248 472 944 b
1 2 4 8 16 24 28 56 112 224 448 472 944 b
1 2 4 8 16 24 32 56 112 224 248 472 944 b
1 2 4 8 16 24 32 56 112 224 448 472 944 b
1 2 4 8 16 24 40 56 112 224 248 472 944 b
1 2 4 8 16 24 40 56 112 224 448 472 944 b
1 2 4 8 16 24 40 80 104 184 288 472 944 b
1 2 4 8 16 24 40 80 104 184 368 472 944 b
1 2 4 8 16 24 48 56 104 208 264 472 944 b
1 2 4 8 16 24 48 56 104 208 416 472 944 b
1 2 4 8 16 24 48 56 112 224 248 472 944 b
1 2 4 8 16 24 48 56 112 224 448 472 944 b
1 2 4 8 16 24 48 56 112 224 448 496 944 b
1 2 4 8 16 24 48 56 112 224 448 896 944 b
1 2 4 8 16 24 48 64 112 224 248 472 944 b
1 2 4 8 16 24 48 64 112 224 448 472 944 b
1 2 4 8 16 24 48 64 112 224 448 496 944 b
1 2 4 8 16 24 48 64 112 224 448 896 944 b
1 2 4 8 16 24 48 96 112 208 416 528 944 b
1 2 4 8 16 24 48 96 112 208 416 832 944 b
1 2 4 8 16 24 48 96 112 224 248 472 944 b
1 2 4 8 16 24 48 96 112 224 448 472 944 b
1 2 4 8 16 24 48 96 112 224 448 496 944 b
1 2 4 8 16 24 48 96 112 224 448 896 944 b
1 2 4 8 16 32 34 42 76 118 236 472 944 b
1 2 4 8 16 32 34 42 84 118 236 472 944 b
1 2 4 8 16 32 34 50 68 118 236 472 944 a
1 2 4 8 16 32 34 50 84 118 236 472 944 b
1 2 4 8 16 32 34 68 84 118 236 472 944 b
1 2 4 8 16 32 34 68 84 152 236 472 944 b
1 2 4 8 16 32 34 68 84 168 236 472 944 b
1 2 4 8 16 32 34 68 100 136 236 472 944 a
1 2 4 8 16 32 34 68 100 168 236 472 944 b
1 2 4 8 16 32 34 68 102 118 236 472 944 b
1 2 4 8 16 32 34 68 102 134 236 472 944 b
1 2 4 8 16 32 34 68 102 204 236 472 944 b
1 2 4 8 16 32 34 68 136 168 236 472 944 b
1 2 4 8 16 32 34 68 136 168 304 472 944 b
1 2 4 8 16 32 34 68 136 168 336 472 944 b
1 2 4 8 16 32 34 68 136 204 236 472 944 b
1 2 4 8 16 32 36 64 100 136 236 472 944 a
1 2 4 8 16 32 36 64 100 200 236 472 944 a
1 2 4 8 16 32 36 68 84 152 236 472 944 b
1 2 4 8 16 32 36 68 84 168 236 472 944 b
1 2 4 8 16 32 36 68 100 136 236 472 944 b
1 2 4 8 16 32 36 68 100 168 236 472 944 b
1 2 4 8 16 32 36 68 100 200 236 472 944 b
1 2 4 8 16 32 36 68 136 168 236 472 944 b
1 2 4 8 16 32 36 68 136 168 304 472 944 b
1 2 4 8 16 32 36 68 136 168 336 472 944 b
1 2 4 8 16 32 36 68 136 204 236 472 944 b
1 2 4 8 16 32 40 72 144 184 288 472 944 a
1 2 4 8 16 32 40 72 144 184 328 472 944 b
1 2 4 8 16 32 40 72 144 216 256 472 944 b
1 2 4 8 16 32 40 72 144 216 432 472 944 b
1 2 4 8 16 32 40 72 144 288 328 472 944 b
1 2 4 8 16 32 40 72 144 288 328 616 944 b
1 2 4 8 16 32 40 72 144 288 328 656 944 b
1 2 4 8 16 32 40 72 144 288 432 472 944 b
1 2 4 8 16 32 48 56 104 208 264 472 944 b
1 2 4 8 16 32 48 56 104 208 416 472 944 b
1 2 4 8 16 32 48 56 112 224 448 496 944 b
1 2 4 8 16 32 48 56 112 224 448 896 944 b
1 2 4 8 16 32 48 64 112 224 448 496 944 b
1 2 4 8 16 32 48 64 112 224 448 896 944 b
1 2 4 8 16 32 48 80 112 224 448 496 944 b
1 2 4 8 16 32 48 80 112 224 448 896 944 b
1 2 4 8 16 32 48 80 160 208 368 576 944 b
1 2 4 8 16 32 48 80 160 208 368 736 944 b
1 2 4 8 16 32 48 96 112 208 416 528 944 b
1 2 4 8 16 32 48 96 112 208 416 832 944 b
1 2 4 8 16 32 48 96 112 224 448 496 944 b
1 2 4 8 16 32 48 96 112 224 448 896 944 b
1 2 4 8 16 32 48 96 128 224 448 496 944 b
1 2 4 8 16 32 48 96 128 224 448 896 944 b
1 2 4 8 16 32 48 96 192 224 448 496 944 b
1 2 4 8 16 32 48 96 192 224 448 896 944 b
1 2 4 8 16 32 64 68 84 152 236 472 944 b
1 2 4 8 16 32 64 68 84 168 236 472 944 b
1 2 4 8 16 32 64 68 100 136 236 472 944 a
1 2 4 8 16 32 64 68 100 168 236 472 944 b
1 2 4 8 16 32 64 68 136 168 236 472 944 b
1 2 4 8 16 32 64 68 136 168 304 472 944 b
1 2 4 8 16 32 64 68 136 168 336 472 944 b
1 2 4 8 16 32 64 68 136 200 272 472 944 a
1 2 4 8 16 32 64 68 136 200 336 472 944 b
1 2 4 8 16 32 64 68 136 204 236 472 944 b
1 2 4 8 16 32 64 68 136 204 268 472 944 b
1 2 4 8 16 32 64 68 136 204 408 472 944 b
1 2 4 8 16 32 64 68 136 272 336 472 944 b
1 2 4 8 16 32 64 68 136 272 336 608 944 b
1 2 4 8 16 32 64 68 136 272 336 672 944 b
1 2 4 8 16 32 64 68 136 272 408 472 944 b
1 2 4 8 16 32 64 72 128 200 272 472 944 a
1 2 4 8 16 32 64 72 128 200 400 472 944 a
1 2 4 8 16 32 64 72 136 168 304 472 944 b
1 2 4 8 16 32 64 72 136 168 336 472 944 b
1 2 4 8 16 32 64 72 136 200 272 472 944 b
1 2 4 8 16 32 64 72 136 200 336 472 944 b
1 2 4 8 16 32 64 72 136 200 400 472 944 b
1 2 4 8 16 32 64 72 136 272 336 472 944 b
1 2 4 8 16 32 64 72 136 272 336 608 944 b
1 2 4 8 16 32 64 72 136 272 336 672 944 b
1 2 4 8 16 32 64 72 136 272 408 472 944 b
1 2 4 8 16 32 64 80 144 288 368 576 944 a
1 2 4 8 16 32 64 80 144 288 368 656 944 b
1 2 4 8 16 32 64 80 144 288 432 512 944 b
1 2 4 8 16 32 64 80 144 288 432 864 944 b
1 2 4 8 16 32 64 80 144 288 576 656 944 b
1 2 4 8 16 32 64 80 144 288 576 864 944 b
1 2 4 8 16 32 64 96 112 208 416 528 944 b
1 2 4 8 16 32 64 96 112 208 416 832 944 b
1 2 4 8 16 32 64 128 136 168 304 472 944 b
1 2 4 8 16 32 64 128 136 168 336 472 944 b
1 2 4 8 16 32 64 128 136 200 272 472 944 a
1 2 4 8 16 32 64 128 136 200 336 472 944 b
1 2 4 8 16 32 64 128 136 272 336 472 944 b
1 2 4 8 16 32 64 128 136 272 336 608 944 b
1 2 4 8 16 32 64 128 136 272 336 672 944 b
1 2 4 8 16 32 64 128 136 272 400 544 944 a
1 2 4 8 16 32 64 128 136 272 400 672 944 b
1 2 4 8 16 32 64 128 136 272 408 472 944 b
1 2 4 8 16 32 64 128 136 272 408 536 944 b
1 2 4 8 16 32 64 128 136 272 408 816 944 b
1 2 4 8 16 32 64 128 136 272 544 672 944 b
1 2 4 8 16 32 64 128 136 272 544 816 944 b
1 2 4 8 16 32 64 128 144 256 400 544 944 a
1 2 4 8 16 32 64 128 144 256 400 800 944 a
1 2 4 8 16 32 64 128 144 272 336 608 944 b
1 2 4 8 16 32 64 128 144 272 336 672 944 b
1 2 4 8 16 32 64 128 144 272 400 544 944 b
1 2 4 8 16 32 64 128 144 272 400 672 944 b
1 2 4 8 16 32 64 128 144 272 400 800 944 b
1 2 4 8 16 32 64 128 144 272 544 672 944 b
1 2 4 8 16 32 64 128 144 272 544 816 944 b
1 2 4 8 16 32 64 128 256 272 336 608 944 b
1 2 4 8 16 32 64 128 256 272 336 672 944 b
1 2 4 8 16 32 64 128 256 272 400 544 944 a
1 2 4 8 16 32 64 128 256 272 400 672 944 b
1 2 4 8 16 32 64 128 256 272 544 672 944 b
1 2 4 8 16 32 64 128 256 272 544 816 944 b
