1 2 3 4 7 14 21 42 63 126 252 504 511 1015 b
1 2 3 4 7 14 21 42 63 126 252 504 1008 1015 b
1 2 3 4 7 14 21 42 84 126 252 504 511 1015 b
1 2 3 4 7 14 21 42 84 126 252 504 1008 1015 b
1 2 3 4 7 14 21 42 84 168 252 504 511 1015 b
1 2 3 4 7 14 21 42 84 168 252 504 1008 1015 b
1 2 3 4 7 14 21 42 84 168 336 343 672 1015 a
1 2 3 4 7 14 21 42 84 168 336 343 679 1015 b
1 2 3 4 7 14 21 42 84 168 336 504 511 1015 b
1 2 3 4 7 14 21 42 84 168 336 504 1008 1015 b
1 2 3 4 7 14 21 42 84 168 336 672 679 1015 b
1 2 3 4 7 14 21 42 84 168 336 672 1008 1015 b
1 2 3 4 7 14 28 35 63 126 252 504 511 1015 b
1 2 3 4 7 14 28 35 63 126 252 504 1008 1015 b
1 2 3 4 7 14 28 42 84 126 252 504 511 1015 b
1 2 3 4 7 14 28 42 84 126 252 504 1008 1015 b
1 2 3 4 7 14 28 42 84 168 252 504 511 1015 b
1 2 3 4 7 14 28 42 84 168 252 504 1008 1015 b
1 2 3 4 7 14 28 42 84 168 336 343 672 1015 a
1 2 3 4 7 14 28 42 84 168 336 343 679 1015 b
1 2 3 4 7 14 28 42 84 168 336 504 511 1015 b
1 2 3 4 7 14 28 42 84 168 336 504 1008 1015 b
1 2 3 4 7 14 28 42 84 168 336 672 679 1015 b
1 2 3 4 7 14 28 42 84 168 336 672 1008 1015 b
1 2 3 4 7 14 28 56 63 119 238 476 539 1015 b
1 2 3 4 7 14 28 56 63 119 238 476 952 1015 b
1 2 3 4 7 14 28 56 63 126 252 504 511 1015 b
1 2 3 4 7 14 28 56 63 126 252 504 1008 1015 b
1 2 3 4 7 14 28 56 70 126 252 504 511 1015 b
1 2 3 4 7 14 28 56 70 126 252 504 1008 1015 b
1 2 3 4 7 14 28 56 84 168 252 504 511 1015 b
1 2 3 4 7 14 28 56 84 168 252 504 1008 1015 b
1 2 3 4 7 14 28 56 84 168 336 343 672 1015 a
1 2 3 4 7 14 28 56 84 168 336 343 679 1015 b
1 2 3 4 7 14 28 56 84 168 336 504 511 1015 b
1 2 3 4 7 14 28 56 84 168 336 504 1008 1015 b
1 2 3 4 7 14 28 56 84 168 336 672 679 1015 b
1 2 3 4 7 14 28 56 84 168 336 672 1008 1015 b
1 2 3 4 7 14 28 56 112 119 224 448 567 1015 a
1 2 3 4 7 14 28 56 112 119 224 448 896 1015 a
1 2 3 4 7 14 28 56 112 126 252 504 511 1015 b
1 2 3 4 7 14 28 56 112 126 252 504 1008 1015 b
1 2 3 4 7 14 28 56 112 140 252 504 511 1015 b
1 2 3 4 7 14 28 56 112 140 252 504 1008 1015 b
1 2 3 4 7 14 28 56 112 168 336 343 672 1015 a
1 2 3 4 7 14 28 56 112 168 336 343 679 1015 b
1 2 3 4 7 14 28 56 112 168 336 504 511 1015 b
1 2 3 4 7 14 28 56 112 168 336 504 1008 1015 b
1 2 3 4 7 14 28 56 112 168 336 672 679 1015 b
1 2 3 4 7 14 28 56 112 168 336 672 1008 1015 b
1 2 3 4 7 14 28 56 112 224 252 504 511 1015 b
1 2 3 4 7 14 28 56 112 224 252 504 1008 1015 b
1 2 3 4 7 14 28 56 112 224 280 504 511 1015 b
1 2 3 4 7 14 28 56 112 224 280 504 1008 1015 b
1 2 3 4 7 14 28 56 112 224 336 343 672 1015 a
1 2 3 4 7 14 28 56 112 224 336 343 679 1015 b
1 2 3 4 7 14 28 56 112 224 336 672 679 1015 b
1 2 3 4 7 14 28 56 112 224 336 672 1008 1015 b
1 2 3 4 7 14 28 56 112 224 448 455 560 1015 a
1 2 3 4 7 14 28 56 112 224 448 455 567 1015 b
1 2 3 4 7 14 28 56 112 224 448 455 903 1015 b
1 2 3 4 7 14 28 56 112 224 448 504 511 1015 b
1 2 3 4 7 14 28 56 112 224 448 504 1008 1015 b
1 2 3 4 7 14 28 56 112 224 448 560 567 1015 b
1 2 3 4 7 14 28 56 112 224 448 560 1008 1015 b
1 2 3 4 7 14 28 56 112 224 448 896 903 1015 b
1 2 3 4 7 14 28 56 112 224 448 896 1008 1015 b
1 2 3 5 7 14 21 42 63 126 252 504 511 1015 b
1 2 3 5 7 14 21 42 63 126 252 504 1008 1015 b
1 2 3 5 7 14 21 42 84 126 252 504 511 1015 b
1 2 3 5 7 14 21 42 84 126 252 504 1008 1015 b
1 2 3 5 7 14 21 42 84 168 252 504 511 1015 b
1 2 3 5 7 14 21 42 84 168 252 504 1008 1015 b
1 2 3 5 7 14 21 42 84 168 336 343 672 1015 a
1 2 3 5 7 14 21 42 84 168 336 343 679 1015 b
1 2 3 5 7 14 21 42 84 168 336 504 511 1015 b
1 2 3 5 7 14 21 42 84 168 336 504 1008 1015 b
1 2 3 5 7 14 21 42 84 168 336 672 679 1015 b
1 2 3 5 7 14 21 42 84 168 336 672 1008 1015 b
1 2 3 5 7 14 28 35 63 126 252 504 511 1015 b
1 2 3 5 7 14 28 35 63 126 252 504 1008 1015 b
1 2 3 5 7 14 28 42 84 126 252 504 511 1015 b
1 2 3 5 7 14 28 42 84 126 252 504 1008 1015 b
1 2 3 5 7 14 28 42 84 168 252 504 511 1015 b
1 2 3 5 7 14 28 42 84 168 252 504 1008 1015 b
1 2 3 5 7 14 28 42 84 168 336 343 672 1015 a
1 2 3 5 7 14 28 42 84 168 336 343 679 1015 b
1 2 3 5 7 14 28 42 84 168 336 504 511 1015 b
1 2 3 5 7 14 28 42 84 168 336 504 1008 1015 b
1 2 3 5 7 14 28 42 84 168 336 672 679 1015 b
1 2 3 5 7 14 28 42 84 168 336 672 1008 1015 b
1 2 3 5 7 14 28 56 63 119 238 476 539 1015 b
1 2 3 5 7 14 28 56 63 119 238 476 952 1015 b
1 2 3 5 7 14 28 56 63 126 252 504 511 1015 b
1 2 3 5 7 14 28 56 63 126 252 504 1008 1015 b
1 2 3 5 7 14 28 56 70 126 252 504 511 1015 b
1 2 3 5 7 14 28 56 70 126 252 504 1008 1015 b
1 2 3 5 7 14 28 56 84 168 252 504 511 1015 b
1 2 3 5 7 14 28 56 84 168 252 504 1008 1015 b
1 2 3 5 7 14 28 56 84 168 336 343 672 1015 a
1 2 3 5 7 14 28 56 84 168 336 343 679 1015 b
1 2 3 5 7 14 28 56 84 168 336 504 511 1015 b
1 2 3 5 7 14 28 56 84 168 336 504 1008 1015 b
1 2 3 5 7 14 28 56 84 168 336 672 679 1015 b
1 2 3 5 7 14 28 56 84 168 336 672 1008 1015 b
1 2 3 5 7 14 28 56 112 119 224 448 567 1015 a
1 2 3 5 7 14 28 56 112 119 224 448 896 1015 a
1 2 3 5 7 14 28 56 112 126 252 504 511 1015 b
1 2 3 5 7 14 28 56 112 126 252 504 1008 1015 b
1 2 3 5 7 14 28 56 112 140 252 504 511 1015 b
1 2 3 5 7 14 28 56 112 140 252 504 1008 1015 b
1 2 3 5 7 14 28 56 112 168 336 343 672 1015 a
1 2 3 5 7 14 28 56 112 168 336 343 679 1015 b
1 2 3 5 7 14 28 56 112 168 336 504 511 1015 b
1 2 3 5 7 14 28 56 112 168 336 504 1008 1015 b
1 2 3 5 7 14 28 56 112 168 336 672 679 1015 b
1 2 3 5 7 14 28 56 112 168 336 672 1008 1015 b
1 2 3 5 7 14 28 56 112 224 252 504 511 1015 b
1 2 3 5 7 14 28 56 112 224 252 504 1008 1015 b
1 2 3 5 7 14 28 56 112 224 280 504 511 1015 b
1 2 3 5 7 14 28 56 112 224 280 504 1008 1015 b
1 2 3 5 7 14 28 56 112 224 336 343 672 1015 a
1 2 3 5 7 14 28 56 112 224 336 343 679 1015 b
1 2 3 5 7 14 28 56 112 224 336 672 679 1015 b
1 2 3 5 7 14 28 56 112 224 336 672 1008 1015 b
1 2 3 5 7 14 28 56 112 224 448 455 560 1015 a
1 2 3 5 7 14 28 56 112 224 448 455 567 1015 b
1 2 3 5 7 14 28 56 112 224 448 455 903 1015 b
1 2 3 5 7 14 28 56 112 224 448 504 511 1015 b
1 2 3 5 7 14 28 56 112 224 448 504 1008 1015 b
1 2 3 5 7 14 28 56 112 224 448 560 567 1015 b
1 2 3 5 7 14 28 56 112 224 448 560 1008 1015 b
1 2 3 5 7 14 28 56 112 224 448 896 903 1015 b
1 2 3 5 7 14 28 56 112 224 448 896 1008 1015 b
1 2 3 5 10 15 25 50 75 125 250 500 515 1015 b
1 2 3 5 10 15 25 50 75 125 250 500 1000 1015 b
1 2 3 5 10 15 25 50 100 103 203 406 609 1015 b
1 2 3 5 10 15 25 50 100 103 203 406 812 1015 b
1 2 3 5 10 15 25 50 100 125 250 500 515 1015 b
1 2 3 5 10 15 25 50 100 125 250 500 1000 1015 b
1 2 3 5 10 15 25 50 100 150 250 500 515 1015 b
1 2 3 5 10 15 25 50 100 150 250 500 1000 1015 b
1 2 3 5 10 15 25 50 100 200 203 406 609 1015 b
1 2 3 5 10 15 25 50 100 200 203 406 812 1015 b
1 2 3 5 10 15 25 50 100 200 205 405 610 1015 b
1 2 3 5 10 15 25 50 100 200 205 405 810 1015 b
1 2 3 5 10 15 25 50 100 200 215 400 615 1015 a
1 2 3 5 10 15 25 50 100 200 215 400 800 1015 a
1 2 3 5 10 15 25 50 100 200 250 500 515 1015 b
1 2 3 5 10 15 25 50 100 200 250 500 1000 1015 b
1 2 3 5 10 15 25 50 100 200 300 500 515 1015 b
1 2 3 5 10 15 25 50 100 200 300 500 1000 1015 b
1 2 3 5 10 15 25 50 100 200 400 415 600 1015 a
1 2 3 5 10 15 25 50 100 200 400 415 615 1015 b
1 2 3 5 10 15 25 50 100 200 400 415 815 1015 b
1 2 3 5 10 15 25 50 100 200 400 500 515 1015 b
1 2 3 5 10 15 25 50 100 200 400 500 1000 1015 b
1 2 3 5 10 15 25 50 100 200 400 600 615 1015 b
1 2 3 5 10 15 25 50 100 200 400 600 1000 1015 b
1 2 3 5 10 15 25 50 100 200 400 800 815 1015 b
1 2 3 5 10 15 25 50 100 200 400 800 1000 1015 b
1 2 3 5 10 15 30 60 65 125 250 500 515 1015 b
1 2 3 5 10 15 30 60 65 125 250 500 1000 1015 b
1 2 3 5 10 15 30 60 120 125 250 500 515 1015 b
1 2 3 5 10 15 30 60 120 125 250 500 1000 1015 b
1 2 3 5 10 15 30 60 120 130 250 500 515 1015 b
1 2 3 5 10 15 30 60 120 130 250 500 1000 1015 b
1 2 3 5 10 15 30 60 120 240 250 500 515 1015 b
1 2 3 5 10 15 30 60 120 240 250 500 1000 1015 b
1 2 3 5 10 20 25 50 100 103 203 406 609 1015 b
1 2 3 5 10 20 25 50 100 103 203 406 812 1015 b
1 2 3 5 10 20 25 50 100 200 203 406 609 1015 b
1 2 3 5 10 20 25 50 100 200 203 406 812 1015 b
1 2 3 5 10 20 25 50 100 200 205 405 610 1015 b
1 2 3 5 10 20 25 50 100 200 205 405 810 1015 b
1 2 3 5 10 20 30 50 100 103 203 406 609 1015 b
1 2 3 5 10 20 30 50 100 103 203 406 812 1015 b
1 2 3 5 10 20 30 50 100 200 203 406 609 1015 b
1 2 3 5 10 20 30 50 100 200 203 406 812 1015 b
1 2 3 5 10 20 30 50 100 200 205 405 610 1015 b
1 2 3 5 10 20 30 50 100 200 205 405 810 1015 b
1 2 3 5 10 20 40 41 81 122 203 406 609 1015 b
1 2 3 5 10 20 40 41 81 122 203 406 812 1015 b
1 2 3 5 10 20 40 41 81 162 203 406 609 1015 b
1 2 3 5 10 20 40 41 81 162 203 406 812 1015 b
1 2 3 5 10 20 40 43 80 123 203 406 609 1015 a
1 2 3 5 10 20 40 43 80 123 203 406 812 1015 a
1 2 3 5 10 20 40 43 80 160 203 406 609 1015 a
1 2 3 5 10 20 40 43 80 160 203 406 812 1015 a
1 2 3 5 10 20 40 50 100 103 203 406 609 1015 b
1 2 3 5 10 20 40 50 100 103 203 406 812 1015 b
1 2 3 5 10 20 40 50 100 200 203 406 609 1015 b
1 2 3 5 10 20 40 50 100 200 203 406 812 1015 b
1 2 3 5 10 20 40 50 100 200 205 405 610 1015 b
1 2 3 5 10 20 40 50 100 200 205 405 810 1015 b
1 2 3 5 10 20 40 60 100 103 203 406 609 1015 b
1 2 3 5 10 20 40 60 100 103 203 406 812 1015 b
1 2 3 5 10 20 40 60 100 200 203 406 609 1015 b
1 2 3 5 10 20 40 60 100 200 203 406 812 1015 b
1 2 3 5 10 20 40 60 100 200 205 405 610 1015 b
1 2 3 5 10 20 40 60 100 200 205 405 810 1015 b
1 2 3 5 10 20 40 80 83 120 203 406 609 1015 a
1 2 3 5 10 20 40 80 83 120 203 406 812 1015 a
1 2 3 5 10 20 40 80 83 123 203 406 609 1015 b
1 2 3 5 10 20 40 80 83 123 203 406 812 1015 b
1 2 3 5 10 20 40 80 83 163 203 406 609 1015 b
1 2 3 5 10 20 40 80 83 163 203 406 812 1015 b
1 2 3 5 10 20 40 80 100 103 203 406 609 1015 b
1 2 3 5 10 20 40 80 100 103 203 406 812 1015 b
1 2 3 5 10 20 40 80 100 200 203 406 609 1015 b
1 2 3 5 10 20 40 80 100 200 203 406 812 1015 b
1 2 3 5 10 20 40 80 100 200 205 405 610 1015 b
1 2 3 5 10 20 40 80 100 200 205 405 810 1015 b
1 2 3 5 10 20 40 80 120 123 203 406 609 1015 b
1 2 3 5 10 20 40 80 120 123 203 406 812 1015 b
1 2 3 5 10 20 40 80 120 200 203 406 609 1015 b
1 2 3 5 10 20 40 80 120 200 203 406 812 1015 b
1 2 3 5 10 20 40 80 120 200 205 405 610 1015 b
1 2 3 5 10 20 40 80 120 200 205 405 810 1015 b
1 2 3 5 10 20 40 80 160 163 203 406 609 1015 b
1 2 3 5 10 20 40 80 160 163 203 406 812 1015 b
1 2 3 5 10 20 40 80 160 165 325 345 670 1015 b
1 2 3 5 10 20 40 80 160 165 325 345 690 1015 b
1 2 3 5 10 20 40 80 160 165 325 365 650 1015 a
1 2 3 5 10 20 40 80 160 165 325 365 690 1015 b
1 2 3 5 10 20 40 80 160 165 325 650 690 1015 b
1 2 3 5 10 20 40 80 160 165 325 650 975 1015 b
1 2 3 5 10 20 40 80 160 200 203 406 609 1015 b
1 2 3 5 10 20 40 80 160 200 203 406 812 1015 b
1 2 3 5 10 20 40 80 160 200 205 405 610 1015 b
1 2 3 5 10 20 40 80 160 200 205 405 810 1015 b
1 2 3 5 10 20 40 80 160 320 325 345 670 1015 b
1 2 3 5 10 20 40 80 160 320 325 345 690 1015 b
1 2 3 5 10 20 40 80 160 320 325 365 650 1015 a
1 2 3 5 10 20 40 80 160 320 325 365 690 1015 b
1 2 3 5 10 20 40 80 160 320 325 650 690 1015 b
1 2 3 5 10 20 40 80 160 320 325 650 975 1015 b
1 2 3 6 7 14 21 42 63 126 252 504 511 1015 b
1 2 3 6 7 14 21 42 63 126 252 504 1008 1015 b
1 2 3 6 7 14 21 42 84 126 252 504 511 1015 b
1 2 3 6 7 14 21 42 84 126 252 504 1008 1015 b
1 2 3 6 7 14 21 42 84 168 252 504 511 1015 b
1 2 3 6 7 14 21 42 84 168 252 504 1008 1015 b
1 2 3 6 7 14 21 42 84 168 336 343 672 1015 a
1 2 3 6 7 14 21 42 84 168 336 343 679 1015 b
1 2 3 6 7 14 21 42 84 168 336 504 511 1015 b
1 2 3 6 7 14 21 42 84 168 336 504 1008 1015 b
1 2 3 6 7 14 21 42 84 168 336 672 679 1015 b
1 2 3 6 7 14 21 42 84 168 336 672 1008 1015 b
1 2 3 6 7 14 28 35 63 126 252 504 511 1015 b
1 2 3 6 7 14 28 35 63 126 252 504 1008 1015 b
1 2 3 6 7 14 28 42 84 126 252 504 511 1015 b
1 2 3 6 7 14 28 42 84 126 252 504 1008 1015 b
1 2 3 6 7 14 28 42 84 168 252 504 511 1015 b
1 2 3 6 7 14 28 42 84 168 252 504 1008 1015 b
1 2 3 6 7 14 28 42 84 168 336 343 672 1015 a
1 2 3 6 7 14 28 42 84 168 336 343 679 1015 b
1 2 3 6 7 14 28 42 84 168 336 504 511 1015 b
1 2 3 6 7 14 28 42 84 168 336 504 1008 1015 b
1 2 3 6 7 14 28 42 84 168 336 672 679 1015 b
1 2 3 6 7 14 28 42 84 168 336 672 1008 1015 b
1 2 3 6 7 14 28 56 63 119 238 476 539 1015 b
1 2 3 6 7 14 28 56 63 119 238 476 952 1015 b
1 2 3 6 7 14 28 56 63 126 252 504 511 1015 b
1 2 3 6 7 14 28 56 63 126 252 504 1008 1015 b
1 2 3 6 7 14 28 56 70 126 252 504 511 1015 b
1 2 3 6 7 14 28 56 70 126 252 504 1008 1015 b
1 2 3 6 7 14 28 56 84 168 252 504 511 1015 b
1 2 3 6 7 14 28 56 84 168 252 504 1008 1015 b
1 2 3 6 7 14 28 56 84 168 336 343 672 1015 a
1 2 3 6 7 14 28 56 84 168 336 343 679 1015 b
1 2 3 6 7 14 28 56 84 168 336 504 511 1015 b
1 2 3 6 7 14 28 56 84 168 336 504 1008 1015 b
1 2 3 6 7 14 28 56 84 168 336 672 679 1015 b
1 2 3 6 7 14 28 56 84 168 336 672 1008 1015 b
1 2 3 6 7 14 28 56 112 119 224 448 567 1015 a
1 2 3 6 7 14 28 56 112 119 224 448 896 1015 a
1 2 3 6 7 14 28 56 112 126 252 504 511 1015 b
1 2 3 6 7 14 28 56 112 126 252 504 1008 1015 b
1 2 3 6 7 14 28 56 112 140 252 504 511 1015 b
1 2 3 6 7 14 28 56 112 140 252 504 1008 1015 b
1 2 3 6 7 14 28 56 112 168 336 343 672 1015 a
1 2 3 6 7 14 28 56 112 168 336 343 679 1015 b
1 2 3 6 7 14 28 56 112 168 336 504 511 1015 b
1 2 3 6 7 14 28 56 112 168 336 504 1008 1015 b
1 2 3 6 7 14 28 56 112 168 336 672 679 1015 b
1 2 3 6 7 14 28 56 112 168 336 672 1008 1015 b
1 2 3 6 7 14 28 56 112 224 252 504 511 1015 b
1 2 3 6 7 14 28 56 112 224 252 504 1008 1015 b
1 2 3 6 7 14 28 56 112 224 280 504 511 1015 b
1 2 3 6 7 14 28 56 112 224 280 504 1008 1015 b
1 2 3 6 7 14 28 56 112 224 336 343 672 1015 a
1 2 3 6 7 14 28 56 112 224 336 343 679 1015 b
1 2 3 6 7 14 28 56 112 224 336 672 679 1015 b
1 2 3 6 7 14 28 56 112 224 336 672 1008 1015 b
1 2 3 6 7 14 28 56 112 224 448 455 560 1015 a
1 2 3 6 7 14 28 56 112 224 448 455 567 1015 b
1 2 3 6 7 14 28 56 112 224 448 455 903 1015 b
1 2 3 6 7 14 28 56 112 224 448 504 511 1015 b
1 2 3 6 7 14 28 56 112 224 448 504 1008 1015 b
1 2 3 6 7 14 28 56 112 224 448 560 567 1015 b
1 2 3 6 7 14 28 56 112 224 448 560 1008 1015 b
1 2 3 6 7 14 28 56 112 224 448 896 903 1015 b
1 2 3 6 7 14 28 56 112 224 448 896 1008 1015 b
1 2 3 6 9 18 36 72 73 145 290 435 580 1015 b
1 2 3 6 9 18 36 72 73 145 290 435 725 1015 b
1 2 3 6 9 18 36 72 73 145 290 435 870 1015 b
1 2 3 6 9 18 36 72 73 145 290 580 725 1015 b
1 2 3 6 9 18 36 72 73 145 290 580 870 1015 b
1 2 3 6 9 18 36 72 144 145 290 435 580 1015 b
1 2 3 6 9 18 36 72 144 145 290 435 725 1015 b
1 2 3 6 9 18 36 72 144 145 290 435 870 1015 b
1 2 3 6 9 18 36 72 144 145 290 580 725 1015 b
1 2 3 6 9 18 36 72 144 145 290 580 870 1015 b
1 2 3 6 12 13 25 50 100 103 203 406 609 1015 b
1 2 3 6 12 13 25 50 100 103 203 406 812 1015 b
1 2 3 6 12 13 25 50 100 200 203 406 609 1015 b
1 2 3 6 12 13 25 50 100 200 203 406 812 1015 b
1 2 3 6 12 18 36 72 73 145 290 435 580 1015 b
1 2 3 6 12 18 36 72 73 145 290 435 725 1015 b
1 2 3 6 12 18 36 72 73 145 290 435 870 1015 b
1 2 3 6 12 18 36 72 73 145 290 580 725 1015 b
1 2 3 6 12 18 36 72 73 145 290 580 870 1015 b
1 2 3 6 12 18 36 72 144 145 290 435 580 1015 b
1 2 3 6 12 18 36 72 144 145 290 435 725 1015 b
1 2 3 6 12 18 36 72 144 145 290 435 870 1015 b
1 2 3 6 12 18 36 72 144 145 290 580 725 1015 b
1 2 3 6 12 18 36 72 144 145 290 580 870 1015 b
1 2 3 6 12 24 25 50 100 103 203 406 609 1015 b
1 2 3 6 12 24 25 50 100 103 203 406 812 1015 b
1 2 3 6 12 24 25 50 100 200 203 406 609 1015 b
1 2 3 6 12 24 25 50 100 200 203 406 812 1015 b
1 2 3 6 12 24 26 50 100 103 203 406 609 1015 b
1 2 3 6 12 24 26 50 100 103 203 406 812 1015 b
1 2 3 6 12 24 26 50 100 200 203 406 609 1015 b
1 2 3 6 12 24 26 50 100 200 203 406 812 1015 b
1 2 3 6 12 24 36 72 73 145 290 435 580 1015 b
1 2 3 6 12 24 36 72 73 145 290 435 725 1015 b
1 2 3 6 12 24 36 72 73 145 290 435 870 1015 b
1 2 3 6 12 24 36 72 73 145 290 580 725 1015 b
1 2 3 6 12 24 36 72 73 145 290 580 870 1015 b
1 2 3 6 12 24 36 72 144 145 290 435 580 1015 b
1 2 3 6 12 24 36 72 144 145 290 435 725 1015 b
1 2 3 6 12 24 36 72 144 145 290 435 870 1015 b
1 2 3 6 12 24 36 72 144 145 290 580 725 1015 b
1 2 3 6 12 24 36 72 144 145 290 580 870 1015 b
1 2 3 6 12 24 48 49 96 145 290 435 580 1015 a
1 2 3 6 12 24 48 49 96 145 290 435 725 1015 a
1 2 3 6 12 24 48 49 96 145 290 435 870 1015 a
1 2 3 6 12 24 48 49 96 145 290 580 725 1015 a
1 2 3 6 12 24 48 49 96 145 290 580 870 1015 a
1 2 3 6 12 24 48 49 97 145 290 435 580 1015 b
1 2 3 6 12 24 48 49 97 145 290 435 725 1015 b
1 2 3 6 12 24 48 49 97 145 290 435 870 1015 b
1 2 3 6 12 24 48 49 97 145 290 580 725 1015 b
1 2 3 6 12 24 48 49 97 145 290 580 870 1015 b
1 2 3 6 12 24 48 50 100 103 203 406 609 1015 b
1 2 3 6 12 24 48 50 100 103 203 406 812 1015 b
1 2 3 6 12 24 48 50 100 200 203 406 609 1015 b
1 2 3 6 12 24 48 50 100 200 203 406 812 1015 b
1 2 3 6 12 24 48 72 73 145 290 435 580 1015 b
1 2 3 6 12 24 48 72 73 145 290 435 725 1015 b
1 2 3 6 12 24 48 72 73 145 290 435 870 1015 b
1 2 3 6 12 24 48 72 73 145 290 580 725 1015 b
1 2 3 6 12 24 48 72 73 145 290 580 870 1015 b
1 2 3 6 12 24 48 72 144 145 290 435 580 1015 b
1 2 3 6 12 24 48 72 144 145 290 435 725 1015 b
1 2 3 6 12 24 48 72 144 145 290 435 870 1015 b
1 2 3 6 12 24 48 72 144 145 290 580 725 1015 b
1 2 3 6 12 24 48 72 144 145 290 580 870 1015 b
1 2 3 6 12 24 48 96 97 145 290 435 580 1015 b
1 2 3 6 12 24 48 96 97 145 290 435 725 1015 b
1 2 3 6 12 24 48 96 97 145 290 435 870 1015 b
1 2 3 6 12 24 48 96 97 145 290 580 725 1015 b
1 2 3 6 12 24 48 96 97 145 290 580 870 1015 b
1 2 3 6 12 24 48 96 144 145 290 435 580 1015 b
1 2 3 6 12 24 48 96 144 145 290 435 725 1015 b
1 2 3 6 12 24 48 96 144 145 290 435 870 1015 b
1 2 3 6 12 24 48 96 144 145 290 580 725 1015 b
1 2 3 6 12 24 48 96 144 145 290 580 870 1015 b
1 2 4 5 7 14 21 42 63 126 252 504 511 1015 b
1 2 4 5 7 14 21 42 63 126 252 504 1008 1015 b
1 2 4 5 7 14 21 42 84 126 252 504 511 1015 b
1 2 4 5 7 14 21 42 84 126 252 504 1008 1015 b
1 2 4 5 7 14 21 42 84 168 252 504 511 1015 b
1 2 4 5 7 14 21 42 84 168 252 504 1008 1015 b
1 2 4 5 7 14 21 42 84 168 336 343 672 1015 a
1 2 4 5 7 14 21 42 84 168 336 343 679 1015 b
1 2 4 5 7 14 21 42 84 168 336 504 511 1015 b
1 2 4 5 7 14 21 42 84 168 336 504 1008 1015 b
1 2 4 5 7 14 21 42 84 168 336 672 679 1015 b
1 2 4 5 7 14 21 42 84 168 336 672 1008 1015 b
1 2 4 5 7 14 28 35 63 126 252 504 511 1015 b
1 2 4 5 7 14 28 35 63 126 252 504 1008 1015 b
1 2 4 5 7 14 28 42 84 126 252 504 511 1015 b
1 2 4 5 7 14 28 42 84 126 252 504 1008 1015 b
1 2 4 5 7 14 28 42 84 168 252 504 511 1015 b
1 2 4 5 7 14 28 42 84 168 252 504 1008 1015 b
1 2 4 5 7 14 28 42 84 168 336 343 672 1015 a
1 2 4 5 7 14 28 42 84 168 336 343 679 1015 b
1 2 4 5 7 14 28 42 84 168 336 504 511 1015 b
1 2 4 5 7 14 28 42 84 168 336 504 1008 1015 b
1 2 4 5 7 14 28 42 84 168 336 672 679 1015 b
1 2 4 5 7 14 28 42 84 168 336 672 1008 1015 b
1 2 4 5 7 14 28 56 63 119 238 476 539 1015 b
1 2 4 5 7 14 28 56 63 119 238 476 952 1015 b
1 2 4 5 7 14 28 56 63 126 252 504 511 1015 b
1 2 4 5 7 14 28 56 63 126 252 504 1008 1015 b
1 2 4 5 7 14 28 56 70 126 252 504 511 1015 b
1 2 4 5 7 14 28 56 70 126 252 504 1008 1015 b
1 2 4 5 7 14 28 56 84 168 252 504 511 1015 b
1 2 4 5 7 14 28 56 84 168 252 504 1008 1015 b
1 2 4 5 7 14 28 56 84 168 336 343 672 1015 a
1 2 4 5 7 14 28 56 84 168 336 343 679 1015 b
1 2 4 5 7 14 28 56 84 168 336 504 511 1015 b
1 2 4 5 7 14 28 56 84 168 336 504 1008 1015 b
1 2 4 5 7 14 28 56 84 168 336 672 679 1015 b
1 2 4 5 7 14 28 56 84 168 336 672 1008 1015 b
1 2 4 5 7 14 28 56 112 119 224 448 567 1015 a
1 2 4 5 7 14 28 56 112 119 224 448 896 1015 a
1 2 4 5 7 14 28 56 112 126 252 504 511 1015 b
1 2 4 5 7 14 28 56 112 126 252 504 1008 1015 b
1 2 4 5 7 14 28 56 112 140 252 504 511 1015 b
1 2 4 5 7 14 28 56 112 140 252 504 1008 1015 b
1 2 4 5 7 14 28 56 112 168 336 343 672 1015 a
1 2 4 5 7 14 28 56 112 168 336 343 679 1015 b
1 2 4 5 7 14 28 56 112 168 336 504 511 1015 b
1 2 4 5 7 14 28 56 112 168 336 504 1008 1015 b
1 2 4 5 7 14 28 56 112 168 336 672 679 1015 b
1 2 4 5 7 14 28 56 112 168 336 672 1008 1015 b
1 2 4 5 7 14 28 56 112 224 252 504 511 1015 b
1 2 4 5 7 14 28 56 112 224 252 504 1008 1015 b
1 2 4 5 7 14 28 56 112 224 280 504 511 1015 b
1 2 4 5 7 14 28 56 112 224 280 504 1008 1015 b
1 2 4 5 7 14 28 56 112 224 336 343 672 1015 a
1 2 4 5 7 14 28 56 112 224 336 343 679 1015 b
1 2 4 5 7 14 28 56 112 224 336 672 679 1015 b
1 2 4 5 7 14 28 56 112 224 336 672 1008 1015 b
1 2 4 5 7 14 28 56 112 224 448 455 560 1015 a
1 2 4 5 7 14 28 56 112 224 448 455 567 1015 b
1 2 4 5 7 14 28 56 112 224 448 455 903 1015 b
1 2 4 5 7 14 28 56 112 224 448 504 511 1015 b
1 2 4 5 7 14 28 56 112 224 448 504 1008 1015 b
1 2 4 5 7 14 28 56 112 224 448 560 567 1015 b
1 2 4 5 7 14 28 56 112 224 448 560 1008 1015 b
1 2 4 5 7 14 28 56 112 224 448 896 903 1015 b
1 2 4 5 7 14 28 56 112 224 448 896 1008 1015 b
1 2 4 5 9 18 36 72 73 145 290 435 580 1015 b
1 2 4 5 9 18 36 72 73 145 290 435 725 1015 b
1 2 4 5 9 18 36 72 73 145 290 435 870 1015 b
1 2 4 5 9 18 36 72 73 145 290 580 725 1015 b
1 2 4 5 9 18 36 72 73 145 290 580 870 1015 b
1 2 4 5 9 18 36 72 144 145 290 435 580 1015 b
1 2 4 5 9 18 36 72 144 145 290 435 725 1015 b
1 2 4 5 9 18 36 72 144 145 290 435 870 1015 b
1 2 4 5 9 18 36 72 144 145 290 580 725 1015 b
1 2 4 5 9 18 36 72 144 145 290 580 870 1015 b
1 2 4 5 10 15 25 50 75 125 250 500 515 1015 b
1 2 4 5 10 15 25 50 75 125 250 500 1000 1015 b
1 2 4 5 10 15 25 50 100 125 250 500 515 1015 b
1 2 4 5 10 15 25 50 100 125 250 500 1000 1015 b
1 2 4 5 10 15 25 50 100 150 250 500 515 1015 b
1 2 4 5 10 15 25 50 100 150 250 500 1000 1015 b
1 2 4 5 10 15 25 50 100 200 205 405 610 1015 b
1 2 4 5 10 15 25 50 100 200 205 405 810 1015 b
1 2 4 5 10 15 25 50 100 200 215 400 615 1015 a
1 2 4 5 10 15 25 50 100 200 215 400 800 1015 a
1 2 4 5 10 15 25 50 100 200 250 500 515 1015 b
1 2 4 5 10 15 25 50 100 200 250 500 1000 1015 b
1 2 4 5 10 15 25 50 100 200 300 500 515 1015 b
1 2 4 5 10 15 25 50 100 200 300 500 1000 1015 b
1 2 4 5 10 15 25 50 100 200 400 415 600 1015 a
1 2 4 5 10 15 25 50 100 200 400 415 615 1015 b
1 2 4 5 10 15 25 50 100 200 400 415 815 1015 b
1 2 4 5 10 15 25 50 100 200 400 500 515 1015 b
1 2 4 5 10 15 25 50 100 200 400 500 1000 1015 b
1 2 4 5 10 15 25 50 100 200 400 600 615 1015 b
1 2 4 5 10 15 25 50 100 200 400 600 1000 1015 b
1 2 4 5 10 15 25 50 100 200 400 800 815 1015 b
1 2 4 5 10 15 25 50 100 200 400 800 1000 1015 b
1 2 4 5 10 15 30 60 65 125 250 500 515 1015 b
1 2 4 5 10 15 30 60 65 125 250 500 1000 1015 b
1 2 4 5 10 15 30 60 120 125 250 500 515 1015 b
1 2 4 5 10 15 30 60 120 125 250 500 1000 1015 b
1 2 4 5 10 15 30 60 120 130 250 500 515 1015 b
1 2 4 5 10 15 30 60 120 130 250 500 1000 1015 b
1 2 4 5 10 15 30 60 120 240 250 500 515 1015 b
1 2 4 5 10 15 30 60 120 240 250 500 1000 1015 b
1 2 4 5 10 20 25 50 100 200 205 405 610 1015 b
1 2 4 5 10 20 25 50 100 200 205 405 810 1015 b
1 2 4 5 10 20 30 50 100 200 205 405 610 1015 b
1 2 4 5 10 20 30 50 100 200 205 405 810 1015 b
1 2 4 5 10 20 40 41 81 122 203 406 609 1015 b
1 2 4 5 10 20 40 41 81 122 203 406 812 1015 b
1 2 4 5 10 20 40 41 81 162 203 406 609 1015 b
1 2 4 5 10 20 40 41 81 162 203 406 812 1015 b
1 2 4 5 10 20 40 50 100 200 205 405 610 1015 b
1 2 4 5 10 20 40 50 100 200 205 405 810 1015 b
1 2 4 5 10 20 40 60 100 200 205 405 610 1015 b
1 2 4 5 10 20 40 60 100 200 205 405 810 1015 b
1 2 4 5 10 20 40 80 100 200 205 405 610 1015 b
1 2 4 5 10 20 40 80 100 200 205 405 810 1015 b
1 2 4 5 10 20 40 80 120 200 205 405 610 1015 b
1 2 4 5 10 20 40 80 120 200 205 405 810 1015 b
1 2 4 5 10 20 40 80 160 165 325 345 670 1015 b
1 2 4 5 10 20 40 80 160 165 325 345 690 1015 b
1 2 4 5 10 20 40 80 160 165 325 365 650 1015 a
1 2 4 5 10 20 40 80 160 165 325 365 690 1015 b
1 2 4 5 10 20 40 80 160 165 325 650 690 1015 b
1 2 4 5 10 20 40 80 160 165 325 650 975 1015 b
1 2 4 5 10 20 40 80 160 200 205 405 610 1015 b
1 2 4 5 10 20 40 80 160 200 205 405 810 1015 b
1 2 4 5 10 20 40 80 160 320 325 345 670 1015 b
1 2 4 5 10 20 40 80 160 320 325 345 690 1015 b
1 2 4 5 10 20 40 80 160 320 325 365 650 1015 a
1 2 4 5 10 20 40 80 160 320 325 365 690 1015 b
1 2 4 5 10 20 40 80 160 320 325 650 690 1015 b
1 2 4 5 10 20 40 80 160 320 325 650 975 1015 b
1 2 4 6 7 14 21 42 63 126 252 504 511 1015 b
1 2 4 6 7 14 21 42 63 126 252 504 1008 1015 b
1 2 4 6 7 14 21 42 84 126 252 504 511 1015 b
1 2 4 6 7 14 21 42 84 126 252 504 1008 1015 b
1 2 4 6 7 14 21 42 84 168 252 504 511 1015 b
1 2 4 6 7 14 21 42 84 168 252 504 1008 1015 b
1 2 4 6 7 14 21 42 84 168 336 343 672 1015 a
1 2 4 6 7 14 21 42 84 168 336 343 679 1015 b
1 2 4 6 7 14 21 42 84 168 336 504 511 1015 b
1 2 4 6 7 14 21 42 84 168 336 504 1008 1015 b
1 2 4 6 7 14 21 42 84 168 336 672 679 1015 b
1 2 4 6 7 14 21 42 84 168 336 672 1008 1015 b
1 2 4 6 7 14 28 35 63 126 252 504 511 1015 b
1 2 4 6 7 14 28 35 63 126 252 504 1008 1015 b
1 2 4 6 7 14 28 42 84 126 252 504 511 1015 b
1 2 4 6 7 14 28 42 84 126 252 504 1008 1015 b
1 2 4 6 7 14 28 42 84 168 252 504 511 1015 b
1 2 4 6 7 14 28 42 84 168 252 504 1008 1015 b
1 2 4 6 7 14 28 42 84 168 336 343 672 1015 a
1 2 4 6 7 14 28 42 84 168 336 343 679 1015 b
1 2 4 6 7 14 28 42 84 168 336 504 511 1015 b
1 2 4 6 7 14 28 42 84 168 336 504 1008 1015 b
1 2 4 6 7 14 28 42 84 168 336 672 679 1015 b
1 2 4 6 7 14 28 42 84 168 336 672 1008 1015 b
1 2 4 6 7 14 28 56 63 119 238 476 539 1015 b
1 2 4 6 7 14 28 56 63 119 238 476 952 1015 b
1 2 4 6 7 14 28 56 63 126 252 504 511 1015 b
1 2 4 6 7 14 28 56 63 126 252 504 1008 1015 b
1 2 4 6 7 14 28 56 70 126 252 504 511 1015 b
1 2 4 6 7 14 28 56 70 126 252 504 1008 1015 b
1 2 4 6 7 14 28 56 84 168 252 504 511 1015 b
1 2 4 6 7 14 28 56 84 168 252 504 1008 1015 b
1 2 4 6 7 14 28 56 84 168 336 343 672 1015 a
1 2 4 6 7 14 28 56 84 168 336 343 679 1015 b
1 2 4 6 7 14 28 56 84 168 336 504 511 1015 b
1 2 4 6 7 14 28 56 84 168 336 504 1008 1015 b
1 2 4 6 7 14 28 56 84 168 336 672 679 1015 b
1 2 4 6 7 14 28 56 84 168 336 672 1008 1015 b
1 2 4 6 7 14 28 56 112 119 224 448 567 1015 a
1 2 4 6 7 14 28 56 112 119 224 448 896 1015 a
1 2 4 6 7 14 28 56 112 126 252 504 511 1015 b
1 2 4 6 7 14 28 56 112 126 252 504 1008 1015 b
1 2 4 6 7 14 28 56 112 140 252 504 511 1015 b
1 2 4 6 7 14 28 56 112 140 252 504 1008 1015 b
1 2 4 6 7 14 28 56 112 168 336 343 672 1015 a
1 2 4 6 7 14 28 56 112 168 336 343 679 1015 b
1 2 4 6 7 14 28 56 112 168 336 504 511 1015 b
1 2 4 6 7 14 28 56 112 168 336 504 1008 1015 b
1 2 4 6 7 14 28 56 112 168 336 672 679 1015 b
1 2 4 6 7 14 28 56 112 168 336 672 1008 1015 b
1 2 4 6 7 14 28 56 112 224 252 504 511 1015 b
1 2 4 6 7 14 28 56 112 224 252 504 1008 1015 b
1 2 4 6 7 14 28 56 112 224 280 504 511 1015 b
1 2 4 6 7 14 28 56 112 224 280 504 1008 1015 b
1 2 4 6 7 14 28 56 112 224 336 343 672 1015 a
1 2 4 6 7 14 28 56 112 224 336 343 679 1015 b
1 2 4 6 7 14 28 56 112 224 336 672 679 1015 b
1 2 4 6 7 14 28 56 112 224 336 672 1008 1015 b
1 2 4 6 7 14 28 56 112 224 448 455 560 1015 a
1 2 4 6 7 14 28 56 112 224 448 455 567 1015 b
1 2 4 6 7 14 28 56 112 224 448 455 903 1015 b
1 2 4 6 7 14 28 56 112 224 448 504 511 1015 b
1 2 4 6 7 14 28 56 112 224 448 504 1008 1015 b
1 2 4 6 7 14 28 56 112 224 448 560 567 1015 b
1 2 4 6 7 14 28 56 112 224 448 560 1008 1015 b
1 2 4 6 7 14 28 56 112 224 448 896 903 1015 b
1 2 4 6 7 14 28 56 112 224 448 896 1008 1015 b
1 2 4 6 10 20 40 41 81 122 203 406 609 1015 b
1 2 4 6 10 20 40 41 81 122 203 406 812 1015 b
1 2 4 6 10 20 40 41 81 162 203 406 609 1015 b
1 2 4 6 10 20 40 41 81 162 203 406 812 1015 b
1 2 4 6 12 18 36 72 73 145 290 435 580 1015 b
1 2 4 6 12 18 36 72 73 145 290 435 725 1015 b
1 2 4 6 12 18 36 72 73 145 290 435 870 1015 b
1 2 4 6 12 18 36 72 73 145 290 580 725 1015 b
1 2 4 6 12 18 36 72 73 145 290 580 870 1015 b
1 2 4 6 12 18 36 72 144 145 290 435 580 1015 b
1 2 4 6 12 18 36 72 144 145 290 435 725 1015 b
1 2 4 6 12 18 36 72 144 145 290 435 870 1015 b
1 2 4 6 12 18 36 72 144 145 290 580 725 1015 b
1 2 4 6 12 18 36 72 144 145 290 580 870 1015 b
1 2 4 6 12 24 36 72 73 145 290 435 580 1015 b
1 2 4 6 12 24 36 72 73 145 290 435 725 1015 b
1 2 4 6 12 24 36 72 73 145 290 435 870 1015 b
1 2 4 6 12 24 36 72 73 145 290 580 725 1015 b
1 2 4 6 12 24 36 72 73 145 290 580 870 1015 b
1 2 4 6 12 24 36 72 144 145 290 435 580 1015 b
1 2 4 6 12 24 36 72 144 145 290 435 725 1015 b
1 2 4 6 12 24 36 72 144 145 290 435 870 1015 b
1 2 4 6 12 24 36 72 144 145 290 580 725 1015 b
1 2 4 6 12 24 36 72 144 145 290 580 870 1015 b
1 2 4 6 12 24 48 49 96 145 290 435 580 1015 a
1 2 4 6 12 24 48 49 96 145 290 435 725 1015 a
1 2 4 6 12 24 48 49 96 145 290 435 870 1015 a
1 2 4 6 12 24 48 49 96 145 290 580 725 1015 a
1 2 4 6 12 24 48 49 96 145 290 580 870 1015 a
1 2 4 6 12 24 48 49 97 145 290 435 580 1015 b
1 2 4 6 12 24 48 49 97 145 290 435 725 1015 b
1 2 4 6 12 24 48 49 97 145 290 435 870 1015 b
1 2 4 6 12 24 48 49 97 145 290 580 725 1015 b
1 2 4 6 12 24 48 49 97 145 290 580 870 1015 b
1 2 4 6 12 24 48 72 73 145 290 435 580 1015 b
1 2 4 6 12 24 48 72 73 145 290 435 725 1015 b
1 2 4 6 12 24 48 72 73 145 290 435 870 1015 b
1 2 4 6 12 24 48 72 73 145 290 580 725 1015 b
1 2 4 6 12 24 48 72 73 145 290 580 870 1015 b
1 2 4 6 12 24 48 72 144 145 290 435 580 1015 b
1 2 4 6 12 24 48 72 144 145 290 435 725 1015 b
1 2 4 6 12 24 48 72 144 145 290 435 870 1015 b
1 2 4 6 12 24 48 72 144 145 290 580 725 1015 b
1 2 4 6 12 24 48 72 144 145 290 580 870 1015 b
1 2 4 6 12 24 48 96 97 145 290 435 580 1015 b
1 2 4 6 12 24 48 96 97 145 290 435 725 1015 b
1 2 4 6 12 24 48 96 97 145 290 435 870 1015 b
1 2 4 6 12 24 48 96 97 145 290 580 725 1015 b
1 2 4 6 12 24 48 96 97 145 290 580 870 1015 b
1 2 4 6 12 24 48 96 144 145 290 435 580 1015 b
1 2 4 6 12 24 48 96 144 145 290 435 725 1015 b
1 2 4 6 12 24 48 96 144 145 290 435 870 1015 b
1 2 4 6 12 24 48 96 144 145 290 580 725 1015 b
1 2 4 6 12 24 48 96 144 145 290 580 870 1015 b
1 2 4 8 9 17 34 68 77 145 290 435 580 1015 b
1 2 4 8 9 17 34 68 77 145 290 435 725 1015 b
1 2 4 8 9 17 34 68 77 145 290 435 870 1015 b
1 2 4 8 9 17 34 68 77 145 290 580 725 1015 b
1 2 4 8 9 17 34 68 77 145 290 580 870 1015 b
1 2 4 8 9 17 34 68 136 145 290 435 580 1015 b
1 2 4 8 9 17 34 68 136 145 290 435 725 1015 b
1 2 4 8 9 17 34 68 136 145 290 435 870 1015 b
1 2 4 8 9 17 34 68 136 145 290 580 725 1015 b
1 2 4 8 9 17 34 68 136 145 290 580 870 1015 b
1 2 4 8 9 18 36 72 73 145 290 435 580 1015 b
1 2 4 8 9 18 36 72 73 145 290 435 725 1015 b
1 2 4 8 9 18 36 72 73 145 290 435 870 1015 b
1 2 4 8 9 18 36 72 73 145 290 580 725 1015 b
1 2 4 8 9 18 36 72 73 145 290 580 870 1015 b
1 2 4 8 9 18 36 72 144 145 290 435 580 1015 b
1 2 4 8 9 18 36 72 144 145 290 435 725 1015 b
1 2 4 8 9 18 36 72 144 145 290 435 870 1015 b
1 2 4 8 9 18 36 72 144 145 290 580 725 1015 b
1 2 4 8 9 18 36 72 144 145 290 580 870 1015 b
1 2 4 8 10 18 36 72 73 145 290 435 580 1015 b
1 2 4 8 10 18 36 72 73 145 290 435 725 1015 b
1 2 4 8 10 18 36 72 73 145 290 435 870 1015 b
1 2 4 8 10 18 36 72 73 145 290 580 725 1015 b
1 2 4 8 10 18 36 72 73 145 290 580 870 1015 b
1 2 4 8 10 18 36 72 144 145 290 435 580 1015 b
1 2 4 8 10 18 36 72 144 145 290 435 725 1015 b
1 2 4 8 10 18 36 72 144 145 290 435 870 1015 b
1 2 4 8 10 18 36 72 144 145 290 580 725 1015 b
1 2 4 8 10 18 36 72 144 145 290 580 870 1015 b
1 2 4 8 10 20 40 41 81 122 203 406 609 1015 b
1 2 4 8 10 20 40 41 81 122 203 406 812 1015 b
1 2 4 8 10 20 40 41 81 162 203 406 609 1015 b
1 2 4 8 10 20 40 41 81 162 203 406 812 1015 b
1 2 4 8 12 20 40 41 81 122 203 406 609 1015 b
1 2 4 8 12 20 40 41 81 122 203 406 812 1015 b
1 2 4 8 12 20 40 41 81 162 203 406 609 1015 b
1 2 4 8 12 20 40 41 81 162 203 406 812 1015 b
1 2 4 8 12 24 36 72 73 145 290 435 580 1015 b
1 2 4 8 12 24 36 72 73 145 290 435 725 1015 b
1 2 4 8 12 24 36 72 73 145 290 435 870 1015 b
1 2 4 8 12 24 36 72 73 145 290 580 725 1015 b
1 2 4 8 12 24 36 72 73 145 290 580 870 1015 b
1 2 4 8 12 24 36 72 144 145 290 435 580 1015 b
1 2 4 8 12 24 36 72 144 145 290 435 725 1015 b
1 2 4 8 12 24 36 72 144 145 290 435 870 1015 b
1 2 4 8 12 24 36 72 144 145 290 580 725 1015 b
1 2 4 8 12 24 36 72 144 145 290 580 870 1015 b
1 2 4 8 12 24 48 49 96 145 290 435 580 1015 a
1 2 4 8 12 24 48 49 96 145 290 435 725 1015 a
1 2 4 8 12 24 48 49 96 145 290 435 870 1015 a
1 2 4 8 12 24 48 49 96 145 290 580 725 1015 a
1 2 4 8 12 24 48 49 96 145 290 580 870 1015 a
1 2 4 8 12 24 48 49 97 145 290 435 580 1015 b
1 2 4 8 12 24 48 49 97 145 290 435 725 1015 b
1 2 4 8 12 24 48 49 97 145 290 435 870 1015 b
1 2 4 8 12 24 48 49 97 145 290 580 725 1015 b
1 2 4 8 12 24 48 49 97 145 290 580 870 1015 b
1 2 4 8 12 24 48 72 73 145 290 435 580 1015 b
1 2 4 8 12 24 48 72 73 145 290 435 725 1015 b
1 2 4 8 12 24 48 72 73 145 290 435 870 1015 b
1 2 4 8 12 24 48 72 73 145 290 580 725 1015 b
1 2 4 8 12 24 48 72 73 145 290 580 870 1015 b
1 2 4 8 12 24 48 72 144 145 290 435 580 1015 b
1 2 4 8 12 24 48 72 144 145 290 435 725 1015 b
1 2 4 8 12 24 48 72 144 145 290 435 870 1015 b
1 2 4 8 12 24 48 72 144 145 290 580 725 1015 b
1 2 4 8 12 24 48 72 144 145 290 580 870 1015 b
1 2 4 8 12 24 48 96 97 145 290 435 580 1015 b
1 2 4 8 12 24 48 96 97 145 290 435 725 1015 b
1 2 4 8 12 24 48 96 97 145 290 435 870 1015 b
1 2 4 8 12 24 48 96 97 145 290 580 725 1015 b
1 2 4 8 12 24 48 96 97 145 290 580 870 1015 b
1 2 4 8 12 24 48 96 144 145 290 435 580 1015 b
1 2 4 8 12 24 48 96 144 145 290 435 725 1015 b
1 2 4 8 12 24 48 96 144 145 290 435 870 1015 b
1 2 4 8 12 24 48 96 144 145 290 580 725 1015 b
1 2 4 8 12 24 48 96 144 145 290 580 870 1015 b
1 2 4 8 16 17 32 64 81 145 290 435 580 1015 a
1 2 4 8 16 17 32 64 81 145 290 435 725 1015 a
1 2 4 8 16 17 32 64 81 145 290 435 870 1015 a
1 2 4 8 16 17 32 64 81 145 290 580 725 1015 a
1 2 4 8 16 17 32 64 81 145 290 580 870 1015 a
1 2 4 8 16 17 32 64 128 145 290 435 580 1015 a
1 2 4 8 16 17 32 64 128 145 290 435 725 1015 a
1 2 4 8 16 17 32 64 128 145 290 435 870 1015 a
1 2 4 8 16 17 32 64 128 145 290 580 725 1015 a
1 2 4 8 16 17 32 64 128 145 290 580 870 1015 a
1 2 4 8 16 18 36 72 73 145 290 435 580 1015 b
1 2 4 8 16 18 36 72 73 145 290 435 725 1015 b
1 2 4 8 16 18 36 72 73 145 290 435 870 1015 b
1 2 4 8 16 18 36 72 73 145 290 580 725 1015 b
1 2 4 8 16 18 36 72 73 145 290 580 870 1015 b
1 2 4 8 16 18 36 72 144 145 290 435 580 1015 b
1 2 4 8 16 18 36 72 144 145 290 435 725 1015 b
1 2 4 8 16 18 36 72 144 145 290 435 870 1015 b
1 2 4 8 16 18 36 72 144 145 290 580 725 1015 b
1 2 4 8 16 18 36 72 144 145 290 580 870 1015 b
1 2 4 8 16 20 36 72 73 145 290 435 580 1015 b
1 2 4 8 16 20 36 72 73 145 290 435 725 1015 b
1 2 4 8 16 20 36 72 73 145 290 435 870 1015 b
1 2 4 8 16 20 36 72 73 145 290 580 725 1015 b
1 2 4 8 16 20 36 72 73 145 290 580 870 1015 b
1 2 4 8 16 20 36 72 144 145 290 435 580 1015 b
1 2 4 8 16 20 36 72 144 145 290 435 725 1015 b
1 2 4 8 16 20 36 72 144 145 290 435 870 1015 b
1 2 4 8 16 20 36 72 144 145 290 580 725 1015 b
1 2 4 8 16 20 36 72 144 145 290 580 870 1015 b
1 2 4 8 16 20 40 41 81 122 203 406 609 1015 b
1 2 4 8 16 20 40 41 81 122 203 406 812 1015 b
1 2 4 8 16 20 40 41 81 162 203 406 609 1015 b
1 2 4 8 16 20 40 41 81 162 203 406 812 1015 b
1 2 4 8 16 24 40 41 81 122 203 406 609 1015 b
1 2 4 8 16 24 40 41 81 122 203 406 812 1015 b
1 2 4 8 16 24 40 41 81 162 203 406 609 1015 b
1 2 4 8 16 24 40 41 81 162 203 406 812 1015 b
1 2 4 8 16 24 48 49 96 145 290 435 580 1015 a
1 2 4 8 16 24 48 49 96 145 290 435 725 1015 a
1 2 4 8 16 24 48 49 96 145 290 435 870 1015 a
1 2 4 8 16 24 48 49 96 145 290 580 725 1015 a
1 2 4 8 16 24 48 49 96 145 290 580 870 1015 a
1 2 4 8 16 24 48 49 97 145 290 435 580 1015 b
1 2 4 8 16 24 48 49 97 145 290 435 725 1015 b
1 2 4 8 16 24 48 49 97 145 290 435 870 1015 b
1 2 4 8 16 24 48 49 97 145 290 580 725 1015 b
1 2 4 8 16 24 48 49 97 145 290 580 870 1015 b
1 2 4 8 16 24 48 72 73 145 290 435 580 1015 b
1 2 4 8 16 24 48 72 73 145 290 435 725 1015 b
1 2 4 8 16 24 48 72 73 145 290 435 870 1015 b
1 2 4 8 16 24 48 72 73 145 290 580 725 1015 b
1 2 4 8 16 24 48 72 73 145 290 580 870 1015 b
1 2 4 8 16 24 48 72 144 145 290 435 580 1015 b
1 2 4 8 16 24 48 72 144 145 290 435 725 1015 b
1 2 4 8 16 24 48 72 144 145 290 435 870 1015 b
1 2 4 8 16 24 48 72 144 145 290 580 725 1015 b
1 2 4 8 16 24 48 72 144 145 290 580 870 1015 b
1 2 4 8 16 24 48 96 97 145 290 435 580 1015 b
1 2 4 8 16 24 48 96 97 145 290 435 725 1015 b
1 2 4 8 16 24 48 96 97 145 290 435 870 1015 b
1 2 4 8 16 24 48 96 97 145 290 580 725 1015 b
1 2 4 8 16 24 48 96 97 145 290 580 870 1015 b
1 2 4 8 16 24 48 96 144 145 290 435 580 1015 b
1 2 4 8 16 24 48 96 144 145 290 435 725 1015 b
1 2 4 8 16 24 48 96 144 145 290 435 870 1015 b
1 2 4 8 16 24 48 96 144 145 290 580 725 1015 b
1 2 4 8 16 24 48 96 144 145 290 580 870 1015 b
1 2 4 8 16 32 33 65 69 134 203 406 609 1015 b
1 2 4 8 16 32 33 65 69 134 203 406 812 1015 b
1 2 4 8 16 32 33 65 69 138 203 406 609 1015 b
1 2 4 8 16 32 33 65 69 138 203 406 812 1015 b
1 2 4 8 16 32 33 65 73 130 203 406 609 1015 a
1 2 4 8 16 32 33 65 73 130 203 406 812 1015 a
1 2 4 8 16 32 33 65 73 138 203 406 609 1015 b
1 2 4 8 16 32 33 65 73 138 203 406 812 1015 b
1 2 4 8 16 32 33 65 130 138 203 406 609 1015 b
1 2 4 8 16 32 33 65 130 138 203 406 812 1015 b
1 2 4 8 16 32 33 65 130 195 203 406 609 1015 b
1 2 4 8 16 32 33 65 130 195 203 406 812 1015 b
1 2 4 8 16 32 36 72 73 145 290 435 580 1015 b
1 2 4 8 16 32 36 72 73 145 290 435 725 1015 b
1 2 4 8 16 32 36 72 73 145 290 435 870 1015 b
1 2 4 8 16 32 36 72 73 145 290 580 725 1015 b
1 2 4 8 16 32 36 72 73 145 290 580 870 1015 b
1 2 4 8 16 32 36 72 144 145 290 435 580 1015 b
1 2 4 8 16 32 36 72 144 145 290 435 725 1015 b
1 2 4 8 16 32 36 72 144 145 290 435 870 1015 b
1 2 4 8 16 32 36 72 144 145 290 580 725 1015 b
1 2 4 8 16 32 36 72 144 145 290 580 870 1015 b
1 2 4 8 16 32 40 41 81 122 203 406 609 1015 b
1 2 4 8 16 32 40 41 81 122 203 406 812 1015 b
1 2 4 8 16 32 40 41 81 162 203 406 609 1015 b
1 2 4 8 16 32 40 41 81 162 203 406 812 1015 b
1 2 4 8 16 32 40 72 73 145 290 435 580 1015 b
1 2 4 8 16 32 40 72 73 145 290 435 725 1015 b
1 2 4 8 16 32 40 72 73 145 290 435 870 1015 b
1 2 4 8 16 32 40 72 73 145 290 580 725 1015 b
1 2 4 8 16 32 40 72 73 145 290 580 870 1015 b
1 2 4 8 16 32 40 72 144 145 290 435 580 1015 b
1 2 4 8 16 32 40 72 144 145 290 435 725 1015 b
1 2 4 8 16 32 40 72 144 145 290 435 870 1015 b
1 2 4 8 16 32 40 72 144 145 290 580 725 1015 b
1 2 4 8 16 32 40 72 144 145 290 580 870 1015 b
1 2 4 8 16 32 48 49 96 145 290 435 580 1015 a
1 2 4 8 16 32 48 49 96 145 290 435 725 1015 a
1 2 4 8 16 32 48 49 96 145 290 435 870 1015 a
1 2 4 8 16 32 48 49 96 145 290 580 725 1015 a
1 2 4 8 16 32 48 49 96 145 290 580 870 1015 a
1 2 4 8 16 32 48 49 97 145 290 435 580 1015 b
1 2 4 8 16 32 48 49 97 145 290 435 725 1015 b
1 2 4 8 16 32 48 49 97 145 290 435 870 1015 b
1 2 4 8 16 32 48 49 97 145 290 580 725 1015 b
1 2 4 8 16 32 48 49 97 145 290 580 870 1015 b
1 2 4 8 16 32 48 96 97 145 290 435 580 1015 b
1 2 4 8 16 32 48 96 97 145 290 435 725 1015 b
1 2 4 8 16 32 48 96 97 145 290 435 870 1015 b
1 2 4 8 16 32 48 96 97 145 290 580 725 1015 b
1 2 4 8 16 32 48 96 97 145 290 580 870 1015 b
1 2 4 8 16 32 48 96 144 145 290 435 580 1015 b
1 2 4 8 16 32 48 96 144 145 290 435 725 1015 b
1 2 4 8 16 32 48 96 144 145 290 435 870 1015 b
1 2 4 8 16 32 48 96 144 145 290 580 725 1015 b
1 2 4 8 16 32 48 96 144 145 290 580 870 1015 b
1 2 4 8 16 32 64 65 69 134 203 406 609 1015 b
1 2 4 8 16 32 64 65 69 134 203 406 812 1015 b
1 2 4 8 16 32 64 65 69 138 203 406 609 1015 b
1 2 4 8 16 32 64 65 69 138 203 406 812 1015 b
1 2 4 8 16 32 64 65 73 130 203 406 609 1015 a
1 2 4 8 16 32 64 65 73 130 203 406 812 1015 a
1 2 4 8 16 32 64 65 73 138 203 406 609 1015 b
1 2 4 8 16 32 64 65 73 138 203 406 812 1015 b
1 2 4 8 16 32 64 65 80 145 290 435 580 1015 a
1 2 4 8 16 32 64 65 80 145 290 435 725 1015 a
1 2 4 8 16 32 64 65 80 145 290 435 870 1015 a
1 2 4 8 16 32 64 65 80 145 290 580 725 1015 a
1 2 4 8 16 32 64 65 80 145 290 580 870 1015 a
1 2 4 8 16 32 64 65 81 145 290 435 580 1015 b
1 2 4 8 16 32 64 65 81 145 290 435 725 1015 b
1 2 4 8 16 32 64 65 81 145 290 435 870 1015 b
1 2 4 8 16 32 64 65 81 145 290 580 725 1015 b
1 2 4 8 16 32 64 65 81 145 290 580 870 1015 b
1 2 4 8 16 32 64 65 129 145 290 435 580 1015 b
1 2 4 8 16 32 64 65 129 145 290 435 725 1015 b
1 2 4 8 16 32 64 65 129 145 290 435 870 1015 b
1 2 4 8 16 32 64 65 129 145 290 580 725 1015 b
1 2 4 8 16 32 64 65 129 145 290 580 870 1015 b
1 2 4 8 16 32 64 65 130 138 203 406 609 1015 b
1 2 4 8 16 32 64 65 130 138 203 406 812 1015 b
1 2 4 8 16 32 64 65 130 195 203 406 609 1015 b
1 2 4 8 16 32 64 65 130 195 203 406 812 1015 b
1 2 4 8 16 32 64 72 73 145 290 435 580 1015 b
1 2 4 8 16 32 64 72 73 145 290 435 725 1015 b
1 2 4 8 16 32 64 72 73 145 290 435 870 1015 b
1 2 4 8 16 32 64 72 73 145 290 580 725 1015 b
1 2 4 8 16 32 64 72 73 145 290 580 870 1015 b
1 2 4 8 16 32 64 72 144 145 290 435 580 1015 b
1 2 4 8 16 32 64 72 144 145 290 435 725 1015 b
1 2 4 8 16 32 64 72 144 145 290 435 870 1015 b
1 2 4 8 16 32 64 72 144 145 290 580 725 1015 b
1 2 4 8 16 32 64 72 144 145 290 580 870 1015 b
1 2 4 8 16 32 64 80 81 145 290 435 580 1015 b
1 2 4 8 16 32 64 80 81 145 290 435 725 1015 b
1 2 4 8 16 32 64 80 81 145 290 435 870 1015 b
1 2 4 8 16 32 64 80 81 145 290 580 725 1015 b
1 2 4 8 16 32 64 80 81 145 290 580 870 1015 b
1 2 4 8 16 32 64 80 144 145 290 435 580 1015 b
1 2 4 8 16 32 64 80 144 145 290 435 725 1015 b
1 2 4 8 16 32 64 80 144 145 290 435 870 1015 b
1 2 4 8 16 32 64 80 144 145 290 580 725 1015 b
1 2 4 8 16 32 64 80 144 145 290 580 870 1015 b
1 2 4 8 16 32 64 128 129 145 290 435 580 1015 b
1 2 4 8 16 32 64 128 129 145 290 435 725 1015 b
1 2 4 8 16 32 64 128 129 145 290 435 870 1015 b
1 2 4 8 16 32 64 128 129 145 290 580 725 1015 b
1 2 4 8 16 32 64 128 129 145 290 580 870 1015 b
1 2 4 8 16 32 64 128 144 145 290 435 580 1015 b
1 2 4 8 16 32 64 128 144 145 290 435 725 1015 b
1 2 4 8 16 32 64 128 144 145 290 435 870 1015 b
1 2 4 8 16 32 64 128 144 145 290 580 725 1015 b
1 2 4 8 16 32 64 128 144 145 290 580 870 1015 b
