1 2 3 4 7 14 17 31 62 124 248 496 527 1023 b
1 2 3 4 7 14 17 31 62 124 248 496 992 1023 b
1 2 3 4 7 14 28 31 62 124 248 496 527 1023 b
1 2 3 4 7 14 28 31 62 124 248 496 992 1023 b
1 2 3 4 7 14 28 56 112 115 227 454 569 1023 b
1 2 3 4 7 14 28 56 112 115 227 454 908 1023 b
1 2 3 5 7 12 19 31 62 124 248 496 527 1023 b
1 2 3 5 7 12 19 31 62 124 248 496 992 1023 b
1 2 3 5 7 12 24 31 62 124 248 496 527 1023 b
1 2 3 5 7 12 24 31 62 124 248 496 992 1023 b
1 2 3 5 7 14 17 31 62 124 248 496 527 1023 b
1 2 3 5 7 14 17 31 62 124 248 496 992 1023 b
1 2 3 5 7 14 21 42 84 168 173 341 682 1023 b
1 2 3 5 7 14 21 42 84 168 336 341 682 1023 b
1 2 3 5 7 14 28 31 62 124 248 496 527 1023 b
1 2 3 5 7 14 28 31 62 124 248 496 992 1023 b
1 2 3 5 7 14 28 42 84 168 173 341 682 1023 b
1 2 3 5 7 14 28 42 84 168 336 341 682 1023 b
1 2 3 5 7 14 28 56 84 168 173 341 682 1023 b
1 2 3 5 7 14 28 56 84 168 336 341 682 1023 b
1 2 3 5 7 14 28 56 112 115 227 454 569 1023 b
1 2 3 5 7 14 28 56 112 115 227 454 908 1023 b
1 2 3 5 7 14 28 56 112 117 224 341 682 1023 a
1 2 3 5 7 14 28 56 112 117 229 341 682 1023 b
1 2 3 5 7 14 28 56 112 168 173 341 682 1023 b
1 2 3 5 7 14 28 56 112 168 336 341 682 1023 b
1 2 3 5 7 14 28 56 112 224 229 341 682 1023 b
1 2 3 5 7 14 28 56 112 224 336 341 682 1023 b
1 2 3 5 8 13 18 31 62 124 248 496 527 1023 b
1 2 3 5 8 13 18 31 62 124 248 496 992 1023 b
1 2 3 5 8 13 21 42 84 168 173 341 682 1023 b
1 2 3 5 8 13 21 42 84 168 336 341 682 1023 b
1 2 3 5 8 13 26 31 62 124 248 496 527 1023 b
1 2 3 5 8 13 26 31 62 124 248 496 992 1023 b
1 2 3 5 8 16 21 42 84 168 173 341 682 1023 b
1 2 3 5 8 16 21 42 84 168 336 341 682 1023 b
1 2 3 5 10 11 20 31 62 124 248 496 527 1023 a
1 2 3 5 10 11 20 31 62 124 248 496 992 1023 a
1 2 3 5 10 11 21 31 62 124 248 496 527 1023 b
1 2 3 5 10 11 21 31 62 124 248 496 992 1023 b
1 2 3 5 10 11 21 42 84 168 173 341 682 1023 b
1 2 3 5 10 11 21 42 84 168 336 341 682 1023 b
1 2 3 5 10 13 18 31 62 124 248 496 527 1023 b
1 2 3 5 10 13 18 31 62 124 248 496 992 1023 b
1 2 3 5 10 13 26 31 62 124 248 496 527 1023 b
1 2 3 5 10 13 26 31 62 124 248 496 992 1023 b
1 2 3 5 10 15 16 31 62 124 248 496 527 1023 b
1 2 3 5 10 15 16 31 62 124 248 496 992 1023 b
1 2 3 5 10 15 30 31 62 124 248 496 527 1023 b
1 2 3 5 10 15 30 31 62 124 248 496 992 1023 b
1 2 3 5 10 15 30 33 63 126 252 504 519 1023 b
1 2 3 5 10 15 30 33 63 126 252 504 1008 1023 b
1 2 3 5 10 15 30 60 63 120 240 480 543 1023 a
1 2 3 5 10 15 30 60 63 120 240 480 960 1023 a
1 2 3 5 10 15 30 60 63 126 252 504 519 1023 b
1 2 3 5 10 15 30 60 63 126 252 504 1008 1023 b
1 2 3 5 10 15 30 60 120 135 255 510 513 1023 b
1 2 3 5 10 15 30 60 120 135 255 510 1020 1023 b
1 2 3 5 10 15 30 60 120 240 255 510 513 1023 b
1 2 3 5 10 15 30 60 120 240 255 510 1020 1023 b
1 2 3 5 10 15 30 60 120 240 270 510 513 1023 b
1 2 3 5 10 15 30 60 120 240 270 510 1020 1023 b
1 2 3 5 10 15 30 60 120 240 480 483 540 1023 a
1 2 3 5 10 15 30 60 120 240 480 483 543 1023 b
1 2 3 5 10 15 30 60 120 240 480 483 963 1023 b
1 2 3 5 10 15 30 60 120 240 480 510 513 1023 b
1 2 3 5 10 15 30 60 120 240 480 510 1020 1023 b
1 2 3 5 10 15 30 60 120 240 480 540 543 1023 b
1 2 3 5 10 15 30 60 120 240 480 540 1020 1023 b
1 2 3 5 10 15 30 60 120 240 480 960 963 1023 b
1 2 3 5 10 15 30 60 120 240 480 960 1020 1023 b
1 2 3 5 10 20 21 31 62 124 248 496 527 1023 b
1 2 3 5 10 20 21 31 62 124 248 496 992 1023 b
1 2 3 5 10 20 21 40 80 160 181 341 682 1023 a
1 2 3 5 10 20 21 40 80 160 320 341 682 1023 a
1 2 3 5 10 20 21 42 84 168 173 341 682 1023 b
1 2 3 5 10 20 21 42 84 168 336 341 682 1023 b
1 2 3 5 10 20 22 42 84 168 173 341 682 1023 b
1 2 3 5 10 20 22 42 84 168 336 341 682 1023 b
1 2 3 5 10 20 30 31 62 124 248 496 527 1023 b
1 2 3 5 10 20 30 31 62 124 248 496 992 1023 b
1 2 3 5 10 20 30 60 63 120 240 480 543 1023 a
1 2 3 5 10 20 30 60 63 120 240 480 960 1023 a
1 2 3 5 10 20 30 60 120 240 270 510 513 1023 b
1 2 3 5 10 20 30 60 120 240 270 510 1020 1023 b
1 2 3 5 10 20 30 60 120 240 480 483 540 1023 a
1 2 3 5 10 20 30 60 120 240 480 483 543 1023 b
1 2 3 5 10 20 30 60 120 240 480 483 963 1023 b
1 2 3 5 10 20 30 60 120 240 480 510 513 1023 b
1 2 3 5 10 20 30 60 120 240 480 510 1020 1023 b
1 2 3 5 10 20 30 60 120 240 480 540 543 1023 b
1 2 3 5 10 20 30 60 120 240 480 540 1020 1023 b
1 2 3 5 10 20 30 60 120 240 480 960 963 1023 b
1 2 3 5 10 20 30 60 120 240 480 960 1020 1023 b
1 2 3 5 10 20 40 42 84 168 173 341 682 1023 b
1 2 3 5 10 20 40 42 84 168 336 341 682 1023 b
1 2 3 5 10 20 40 45 85 170 171 341 682 1023 b
1 2 3 5 10 20 40 45 85 170 255 510 513 1023 b
1 2 3 5 10 20 40 45 85 170 255 510 1020 1023 b
1 2 3 5 10 20 40 45 85 170 340 341 682 1023 b
1 2 3 5 10 20 40 45 85 170 340 343 680 1023 a
1 2 3 5 10 20 40 45 85 170 340 343 683 1023 b
1 2 3 5 10 20 40 45 85 170 340 510 513 1023 b
1 2 3 5 10 20 40 45 85 170 340 510 1020 1023 b
1 2 3 5 10 20 40 45 85 170 340 680 683 1023 b
1 2 3 5 10 20 40 45 85 170 340 680 1020 1023 b
1 2 3 5 10 20 40 60 63 120 240 480 543 1023 a
1 2 3 5 10 20 40 60 63 120 240 480 960 1023 a
1 2 3 5 10 20 40 60 120 240 480 483 540 1023 a
1 2 3 5 10 20 40 60 120 240 480 483 543 1023 b
1 2 3 5 10 20 40 60 120 240 480 483 963 1023 b
1 2 3 5 10 20 40 60 120 240 480 540 543 1023 b
1 2 3 5 10 20 40 60 120 240 480 540 1020 1023 b
1 2 3 5 10 20 40 60 120 240 480 960 963 1023 b
1 2 3 5 10 20 40 60 120 240 480 960 1020 1023 b
1 2 3 5 10 20 40 80 85 170 171 341 682 1023 b
1 2 3 5 10 20 40 80 85 170 255 510 513 1023 b
1 2 3 5 10 20 40 80 85 170 255 510 1020 1023 b
1 2 3 5 10 20 40 80 85 170 340 341 682 1023 b
1 2 3 5 10 20 40 80 85 170 340 343 680 1023 a
1 2 3 5 10 20 40 80 85 170 340 343 683 1023 b
1 2 3 5 10 20 40 80 85 170 340 510 513 1023 b
1 2 3 5 10 20 40 80 85 170 340 510 1020 1023 b
1 2 3 5 10 20 40 80 85 170 340 680 683 1023 b
1 2 3 5 10 20 40 80 85 170 340 680 1020 1023 b
1 2 3 5 10 20 40 80 90 170 171 341 682 1023 b
1 2 3 5 10 20 40 80 90 170 340 341 682 1023 b
1 2 3 5 10 20 40 80 90 170 340 343 680 1023 a
1 2 3 5 10 20 40 80 90 170 340 343 683 1023 b
1 2 3 5 10 20 40 80 90 170 340 510 513 1023 b
1 2 3 5 10 20 40 80 90 170 340 510 1020 1023 b
1 2 3 5 10 20 40 80 90 170 340 680 683 1023 b
1 2 3 5 10 20 40 80 90 170 340 680 1020 1023 b
1 2 3 5 10 20 40 80 160 161 180 341 682 1023 a
1 2 3 5 10 20 40 80 160 161 181 341 682 1023 b
1 2 3 5 10 20 40 80 160 161 321 341 682 1023 b
1 2 3 5 10 20 40 80 160 170 171 341 682 1023 b
1 2 3 5 10 20 40 80 160 170 340 341 682 1023 b
1 2 3 5 10 20 40 80 160 170 340 343 680 1023 a
1 2 3 5 10 20 40 80 160 170 340 343 683 1023 b
1 2 3 5 10 20 40 80 160 170 340 510 513 1023 b
1 2 3 5 10 20 40 80 160 170 340 510 1020 1023 b
1 2 3 5 10 20 40 80 160 170 340 680 683 1023 b
1 2 3 5 10 20 40 80 160 170 340 680 1020 1023 b
1 2 3 5 10 20 40 80 160 180 181 341 682 1023 b
1 2 3 5 10 20 40 80 160 180 340 341 682 1023 b
1 2 3 5 10 20 40 80 160 180 340 343 680 1023 a
1 2 3 5 10 20 40 80 160 180 340 343 683 1023 b
1 2 3 5 10 20 40 80 160 180 340 680 683 1023 b
1 2 3 5 10 20 40 80 160 180 340 680 1020 1023 b
1 2 3 5 10 20 40 80 160 320 321 341 682 1023 b
1 2 3 5 10 20 40 80 160 320 340 341 682 1023 b
1 2 3 5 10 20 40 80 160 320 340 343 680 1023 a
1 2 3 5 10 20 40 80 160 320 340 343 683 1023 b
1 2 3 5 10 20 40 80 160 320 340 680 683 1023 b
1 2 3 5 10 20 40 80 160 320 340 680 1020 1023 b
1 2 3 6 7 12 19 31 62 124 248 496 527 1023 a
1 2 3 6 7 12 19 31 62 124 248 496 992 1023 a
1 2 3 6 7 12 24 31 62 124 248 496 527 1023 a
1 2 3 6 7 12 24 31 62 124 248 496 992 1023 a
1 2 3 6 7 14 17 31 62 124 248 496 527 1023 b
1 2 3 6 7 14 17 31 62 124 248 496 992 1023 b
1 2 3 6 7 14 28 31 62 124 248 496 527 1023 b
1 2 3 6 7 14 28 31 62 124 248 496 992 1023 b
1 2 3 6 7 14 28 56 112 115 227 454 569 1023 b
1 2 3 6 7 14 28 56 112 115 227 454 908 1023 b
1 2 3 6 8 14 17 31 62 124 248 496 527 1023 b
1 2 3 6 8 14 17 31 62 124 248 496 992 1023 b
1 2 3 6 8 14 28 31 62 124 248 496 527 1023 b
1 2 3 6 8 14 28 31 62 124 248 496 992 1023 b
1 2 3 6 8 14 28 56 112 115 227 454 569 1023 b
1 2 3 6 8 14 28 56 112 115 227 454 908 1023 b
1 2 3 6 9 11 20 31 62 124 248 496 527 1023 b
1 2 3 6 9 11 20 31 62 124 248 496 992 1023 b
1 2 3 6 9 11 22 31 62 124 248 496 527 1023 b
1 2 3 6 9 11 22 31 62 124 248 496 992 1023 b
1 2 3 6 9 15 16 31 62 124 248 496 527 1023 b
1 2 3 6 9 15 16 31 62 124 248 496 992 1023 b
1 2 3 6 9 15 21 42 63 126 252 504 519 1023 b
1 2 3 6 9 15 21 42 63 126 252 504 1008 1023 b
1 2 3 6 9 15 21 42 84 126 252 504 519 1023 b
1 2 3 6 9 15 21 42 84 126 252 504 1008 1023 b
1 2 3 6 9 15 21 42 84 168 252 504 519 1023 b
1 2 3 6 9 15 21 42 84 168 252 504 1008 1023 b
1 2 3 6 9 15 21 42 84 168 336 351 672 1023 a
1 2 3 6 9 15 21 42 84 168 336 351 687 1023 b
1 2 3 6 9 15 21 42 84 168 336 504 519 1023 b
1 2 3 6 9 15 21 42 84 168 336 504 1008 1023 b
1 2 3 6 9 15 21 42 84 168 336 672 687 1023 b
1 2 3 6 9 15 21 42 84 168 336 672 1008 1023 b
1 2 3 6 9 15 24 39 63 126 252 504 519 1023 b
1 2 3 6 9 15 24 39 63 126 252 504 1008 1023 b
1 2 3 6 9 15 24 48 63 126 252 504 519 1023 b
1 2 3 6 9 15 24 48 63 126 252 504 1008 1023 b
1 2 3 6 9 15 30 31 62 124 248 496 527 1023 b
1 2 3 6 9 15 30 31 62 124 248 496 992 1023 b
1 2 3 6 9 15 30 33 63 126 252 504 519 1023 b
1 2 3 6 9 15 30 33 63 126 252 504 1008 1023 b
1 2 3 6 9 15 30 60 63 120 240 480 543 1023 a
1 2 3 6 9 15 30 60 63 120 240 480 960 1023 a
1 2 3 6 9 15 30 60 63 126 252 504 519 1023 b
1 2 3 6 9 15 30 60 63 126 252 504 1008 1023 b
1 2 3 6 9 15 30 60 66 126 252 504 519 1023 b
1 2 3 6 9 15 30 60 66 126 252 504 1008 1023 b
1 2 3 6 9 15 30 60 120 126 252 504 519 1023 b
1 2 3 6 9 15 30 60 120 126 252 504 1008 1023 b
1 2 3 6 9 15 30 60 120 135 255 510 513 1023 b
1 2 3 6 9 15 30 60 120 135 255 510 1020 1023 b
1 2 3 6 9 15 30 60 120 240 255 510 513 1023 b
1 2 3 6 9 15 30 60 120 240 255 510 1020 1023 b
1 2 3 6 9 15 30 60 120 240 270 510 513 1023 b
1 2 3 6 9 15 30 60 120 240 270 510 1020 1023 b
1 2 3 6 9 15 30 60 120 240 480 483 540 1023 a
1 2 3 6 9 15 30 60 120 240 480 483 543 1023 b
1 2 3 6 9 15 30 60 120 240 480 483 963 1023 b
1 2 3 6 9 15 30 60 120 240 480 510 513 1023 b
1 2 3 6 9 15 30 60 120 240 480 510 1020 1023 b
1 2 3 6 9 15 30 60 120 240 480 540 543 1023 b
1 2 3 6 9 15 30 60 120 240 480 540 1020 1023 b
1 2 3 6 9 15 30 60 120 240 480 960 963 1023 b
1 2 3 6 9 15 30 60 120 240 480 960 1020 1023 b
1 2 3 6 9 18 36 72 75 147 219 438 585 1023 b
1 2 3 6 9 18 36 72 75 147 219 438 876 1023 b
1 2 3 6 9 18 36 72 144 147 219 438 585 1023 b
1 2 3 6 9 18 36 72 144 147 219 438 876 1023 b
1 2 3 6 9 18 36 72 144 147 291 438 585 1023 b
1 2 3 6 9 18 36 72 144 147 291 438 876 1023 b
1 2 3 6 9 18 36 72 144 147 294 438 585 1023 b
1 2 3 6 9 18 36 72 144 147 294 438 876 1023 b
1 2 3 6 12 13 18 31 62 124 248 496 527 1023 a
1 2 3 6 12 13 18 31 62 124 248 496 992 1023 a
1 2 3 6 12 13 19 31 62 124 248 496 527 1023 b
1 2 3 6 12 13 19 31 62 124 248 496 992 1023 b
1 2 3 6 12 13 25 31 62 124 248 496 527 1023 b
1 2 3 6 12 13 25 31 62 124 248 496 992 1023 b
1 2 3 6 12 14 17 31 62 124 248 496 527 1023 b
1 2 3 6 12 14 17 31 62 124 248 496 992 1023 b
1 2 3 6 12 14 28 31 62 124 248 496 527 1023 b
1 2 3 6 12 14 28 31 62 124 248 496 992 1023 b
1 2 3 6 12 14 28 56 112 115 227 454 569 1023 b
1 2 3 6 12 14 28 56 112 115 227 454 908 1023 b
1 2 3 6 12 15 16 31 62 124 248 496 527 1023 b
1 2 3 6 12 15 16 31 62 124 248 496 992 1023 b
1 2 3 6 12 15 21 42 63 126 252 504 519 1023 b
1 2 3 6 12 15 21 42 63 126 252 504 1008 1023 b
1 2 3 6 12 15 21 42 84 126 252 504 519 1023 b
1 2 3 6 12 15 21 42 84 126 252 504 1008 1023 b
1 2 3 6 12 15 21 42 84 168 252 504 519 1023 b
1 2 3 6 12 15 21 42 84 168 252 504 1008 1023 b
1 2 3 6 12 15 21 42 84 168 336 351 672 1023 a
1 2 3 6 12 15 21 42 84 168 336 351 687 1023 b
1 2 3 6 12 15 21 42 84 168 336 504 519 1023 b
1 2 3 6 12 15 21 42 84 168 336 504 1008 1023 b
1 2 3 6 12 15 21 42 84 168 336 672 687 1023 b
1 2 3 6 12 15 21 42 84 168 336 672 1008 1023 b
1 2 3 6 12 15 24 39 63 126 252 504 519 1023 a
1 2 3 6 12 15 24 39 63 126 252 504 1008 1023 a
1 2 3 6 12 15 24 48 63 126 252 504 519 1023 a
1 2 3 6 12 15 24 48 63 126 252 504 1008 1023 a
1 2 3 6 12 15 27 42 84 126 252 504 519 1023 b
1 2 3 6 12 15 27 42 84 126 252 504 1008 1023 b
1 2 3 6 12 15 27 42 84 168 252 504 519 1023 b
1 2 3 6 12 15 27 42 84 168 252 504 1008 1023 b
1 2 3 6 12 15 27 42 84 168 336 351 672 1023 a
1 2 3 6 12 15 27 42 84 168 336 351 687 1023 b
1 2 3 6 12 15 27 42 84 168 336 504 519 1023 b
1 2 3 6 12 15 27 42 84 168 336 504 1008 1023 b
1 2 3 6 12 15 27 42 84 168 336 672 687 1023 b
1 2 3 6 12 15 27 42 84 168 336 672 1008 1023 b
1 2 3 6 12 15 30 31 62 124 248 496 527 1023 b
1 2 3 6 12 15 30 31 62 124 248 496 992 1023 b
1 2 3 6 12 15 30 33 63 126 252 504 519 1023 b
1 2 3 6 12 15 30 33 63 126 252 504 1008 1023 b
1 2 3 6 12 15 30 42 84 126 252 504 519 1023 b
1 2 3 6 12 15 30 42 84 126 252 504 1008 1023 b
1 2 3 6 12 15 30 42 84 168 252 504 519 1023 b
1 2 3 6 12 15 30 42 84 168 252 504 1008 1023 b
1 2 3 6 12 15 30 42 84 168 336 351 672 1023 a
1 2 3 6 12 15 30 42 84 168 336 351 687 1023 b
1 2 3 6 12 15 30 42 84 168 336 504 519 1023 b
1 2 3 6 12 15 30 42 84 168 336 504 1008 1023 b
1 2 3 6 12 15 30 42 84 168 336 672 687 1023 b
1 2 3 6 12 15 30 42 84 168 336 672 1008 1023 b
1 2 3 6 12 15 30 60 63 120 240 480 543 1023 a
1 2 3 6 12 15 30 60 63 120 240 480 960 1023 a
1 2 3 6 12 15 30 60 63 126 252 504 519 1023 b
1 2 3 6 12 15 30 60 63 126 252 504 1008 1023 b
1 2 3 6 12 15 30 60 66 126 252 504 519 1023 b
1 2 3 6 12 15 30 60 66 126 252 504 1008 1023 b
1 2 3 6 12 15 30 60 120 126 252 504 519 1023 b
1 2 3 6 12 15 30 60 120 126 252 504 1008 1023 b
1 2 3 6 12 15 30 60 120 132 252 504 519 1023 b
1 2 3 6 12 15 30 60 120 132 252 504 1008 1023 b
1 2 3 6 12 15 30 60 120 135 255 510 513 1023 b
1 2 3 6 12 15 30 60 120 135 255 510 1020 1023 b
1 2 3 6 12 15 30 60 120 240 252 504 519 1023 b
1 2 3 6 12 15 30 60 120 240 252 504 1008 1023 b
1 2 3 6 12 15 30 60 120 240 255 510 513 1023 b
1 2 3 6 12 15 30 60 120 240 255 510 1020 1023 b
1 2 3 6 12 15 30 60 120 240 270 510 513 1023 b
1 2 3 6 12 15 30 60 120 240 270 510 1020 1023 b
1 2 3 6 12 15 30 60 120 240 480 483 540 1023 a
1 2 3 6 12 15 30 60 120 240 480 483 543 1023 b
1 2 3 6 12 15 30 60 120 240 480 483 963 1023 b
1 2 3 6 12 15 30 60 120 240 480 510 513 1023 b
1 2 3 6 12 15 30 60 120 240 480 510 1020 1023 b
1 2 3 6 12 15 30 60 120 240 480 540 543 1023 b
1 2 3 6 12 15 30 60 120 240 480 540 1020 1023 b
1 2 3 6 12 15 30 60 120 240 480 960 963 1023 b
1 2 3 6 12 15 30 60 120 240 480 960 1020 1023 b
1 2 3 6 12 18 19 31 62 124 248 496 527 1023 b
1 2 3 6 12 18 19 31 62 124 248 496 992 1023 b
1 2 3 6 12 18 30 31 62 124 248 496 527 1023 b
1 2 3 6 12 18 30 31 62 124 248 496 992 1023 b
1 2 3 6 12 18 30 60 63 120 240 480 543 1023 a
1 2 3 6 12 18 30 60 63 120 240 480 960 1023 a
1 2 3 6 12 18 30 60 120 240 270 510 513 1023 b
1 2 3 6 12 18 30 60 120 240 270 510 1020 1023 b
1 2 3 6 12 18 30 60 120 240 480 483 540 1023 a
1 2 3 6 12 18 30 60 120 240 480 483 543 1023 b
1 2 3 6 12 18 30 60 120 240 480 483 963 1023 b
1 2 3 6 12 18 30 60 120 240 480 510 513 1023 b
1 2 3 6 12 18 30 60 120 240 480 510 1020 1023 b
1 2 3 6 12 18 30 60 120 240 480 540 543 1023 b
1 2 3 6 12 18 30 60 120 240 480 540 1020 1023 b
1 2 3 6 12 18 30 60 120 240 480 960 963 1023 b
1 2 3 6 12 18 30 60 120 240 480 960 1020 1023 b
1 2 3 6 12 18 36 72 75 147 219 438 585 1023 b
1 2 3 6 12 18 36 72 75 147 219 438 876 1023 b
1 2 3 6 12 18 36 72 144 147 219 438 585 1023 b
1 2 3 6 12 18 36 72 144 147 219 438 876 1023 b
1 2 3 6 12 18 36 72 144 147 291 438 585 1023 b
1 2 3 6 12 18 36 72 144 147 291 438 876 1023 b
1 2 3 6 12 18 36 72 144 147 294 438 585 1023 b
1 2 3 6 12 18 36 72 144 147 294 438 876 1023 b
1 2 3 6 12 24 25 31 62 124 248 496 527 1023 b
1 2 3 6 12 24 25 31 62 124 248 496 992 1023 b
1 2 3 6 12 24 25 49 73 146 195 341 682 1023 b
1 2 3 6 12 24 25 49 73 146 292 341 682 1023 b
1 2 3 6 12 24 27 51 102 153 255 510 513 1023 b
1 2 3 6 12 24 27 51 102 153 255 510 1020 1023 b
1 2 3 6 12 24 27 51 102 204 205 409 614 1023 b
1 2 3 6 12 24 27 51 102 204 205 409 818 1023 b
1 2 3 6 12 24 27 51 102 204 207 408 615 1023 a
1 2 3 6 12 24 27 51 102 204 207 408 816 1023 a
1 2 3 6 12 24 27 51 102 204 255 510 513 1023 b
1 2 3 6 12 24 27 51 102 204 255 510 1020 1023 b
1 2 3 6 12 24 27 51 102 204 306 510 513 1023 b
1 2 3 6 12 24 27 51 102 204 306 510 1020 1023 b
1 2 3 6 12 24 27 51 102 204 408 411 612 1023 a
1 2 3 6 12 24 27 51 102 204 408 411 615 1023 b
1 2 3 6 12 24 27 51 102 204 408 411 819 1023 b
1 2 3 6 12 24 27 51 102 204 408 510 513 1023 b
1 2 3 6 12 24 27 51 102 204 408 510 1020 1023 b
1 2 3 6 12 24 27 51 102 204 408 612 615 1023 b
1 2 3 6 12 24 27 51 102 204 408 612 1020 1023 b
1 2 3 6 12 24 27 51 102 204 408 816 819 1023 b
1 2 3 6 12 24 27 51 102 204 408 816 1020 1023 b
1 2 3 6 12 24 30 31 62 124 248 496 527 1023 b
1 2 3 6 12 24 30 31 62 124 248 496 992 1023 b
1 2 3 6 12 24 30 60 63 120 240 480 543 1023 a
1 2 3 6 12 24 30 60 63 120 240 480 960 1023 a
1 2 3 6 12 24 30 60 120 240 270 510 513 1023 b
1 2 3 6 12 24 30 60 120 240 270 510 1020 1023 b
1 2 3 6 12 24 30 60 120 240 480 483 540 1023 a
1 2 3 6 12 24 30 60 120 240 480 483 543 1023 b
1 2 3 6 12 24 30 60 120 240 480 483 963 1023 b
1 2 3 6 12 24 30 60 120 240 480 510 513 1023 b
1 2 3 6 12 24 30 60 120 240 480 510 1020 1023 b
1 2 3 6 12 24 30 60 120 240 480 540 543 1023 b
1 2 3 6 12 24 30 60 120 240 480 540 1020 1023 b
1 2 3 6 12 24 30 60 120 240 480 960 963 1023 b
1 2 3 6 12 24 30 60 120 240 480 960 1020 1023 b
1 2 3 6 12 24 36 60 63 120 240 480 543 1023 a
1 2 3 6 12 24 36 60 63 120 240 480 960 1023 a
1 2 3 6 12 24 36 60 120 240 480 483 540 1023 a
1 2 3 6 12 24 36 60 120 240 480 483 543 1023 b
1 2 3 6 12 24 36 60 120 240 480 483 963 1023 b
1 2 3 6 12 24 36 60 120 240 480 540 543 1023 b
1 2 3 6 12 24 36 60 120 240 480 540 1020 1023 b
1 2 3 6 12 24 36 60 120 240 480 960 963 1023 b
1 2 3 6 12 24 36 60 120 240 480 960 1020 1023 b
1 2 3 6 12 24 36 72 75 147 219 438 585 1023 b
1 2 3 6 12 24 36 72 75 147 219 438 876 1023 b
1 2 3 6 12 24 36 72 144 147 219 438 585 1023 b
1 2 3 6 12 24 36 72 144 147 219 438 876 1023 b
1 2 3 6 12 24 36 72 144 147 291 438 585 1023 b
1 2 3 6 12 24 36 72 144 147 291 438 876 1023 b
1 2 3 6 12 24 36 72 144 147 294 438 585 1023 b
1 2 3 6 12 24 36 72 144 147 294 438 876 1023 b
1 2 3 6 12 24 48 49 73 146 195 341 682 1023 b
1 2 3 6 12 24 48 49 73 146 292 341 682 1023 b
1 2 3 6 12 24 48 49 97 146 195 341 682 1023 b
1 2 3 6 12 24 48 49 97 146 292 341 682 1023 b
1 2 3 6 12 24 48 49 98 146 195 341 682 1023 b
1 2 3 6 12 24 48 49 98 146 292 341 682 1023 b
1 2 3 6 12 24 48 51 96 147 243 390 633 1023 a
1 2 3 6 12 24 48 51 96 147 243 390 780 1023 a
1 2 3 6 12 24 48 51 96 147 243 486 537 1023 a
1 2 3 6 12 24 48 51 96 147 243 486 972 1023 a
1 2 3 6 12 24 48 51 96 192 243 486 537 1023 a
1 2 3 6 12 24 48 51 96 192 243 486 972 1023 a
1 2 3 6 12 24 48 51 102 153 255 510 513 1023 b
1 2 3 6 12 24 48 51 102 153 255 510 1020 1023 b
1 2 3 6 12 24 48 51 102 204 205 409 614 1023 b
1 2 3 6 12 24 48 51 102 204 205 409 818 1023 b
1 2 3 6 12 24 48 51 102 204 207 408 615 1023 a
1 2 3 6 12 24 48 51 102 204 207 408 816 1023 a
1 2 3 6 12 24 48 51 102 204 255 510 513 1023 b
1 2 3 6 12 24 48 51 102 204 255 510 1020 1023 b
1 2 3 6 12 24 48 51 102 204 306 510 513 1023 b
1 2 3 6 12 24 48 51 102 204 306 510 1020 1023 b
1 2 3 6 12 24 48 51 102 204 408 411 612 1023 a
1 2 3 6 12 24 48 51 102 204 408 411 615 1023 b
1 2 3 6 12 24 48 51 102 204 408 411 819 1023 b
1 2 3 6 12 24 48 51 102 204 408 510 513 1023 b
1 2 3 6 12 24 48 51 102 204 408 510 1020 1023 b
1 2 3 6 12 24 48 51 102 204 408 612 615 1023 b
1 2 3 6 12 24 48 51 102 204 408 612 1020 1023 b
1 2 3 6 12 24 48 51 102 204 408 816 819 1023 b
1 2 3 6 12 24 48 51 102 204 408 816 1020 1023 b
1 2 3 6 12 24 48 54 102 204 205 409 614 1023 b
1 2 3 6 12 24 48 54 102 204 205 409 818 1023 b
1 2 3 6 12 24 48 54 102 204 207 408 615 1023 a
1 2 3 6 12 24 48 54 102 204 207 408 816 1023 a
1 2 3 6 12 24 48 54 102 204 306 510 513 1023 b
1 2 3 6 12 24 48 54 102 204 306 510 1020 1023 b
1 2 3 6 12 24 48 54 102 204 408 411 612 1023 a
1 2 3 6 12 24 48 54 102 204 408 411 615 1023 b
1 2 3 6 12 24 48 54 102 204 408 411 819 1023 b
1 2 3 6 12 24 48 54 102 204 408 510 513 1023 b
1 2 3 6 12 24 48 54 102 204 408 510 1020 1023 b
1 2 3 6 12 24 48 54 102 204 408 612 615 1023 b
1 2 3 6 12 24 48 54 102 204 408 612 1020 1023 b
1 2 3 6 12 24 48 54 102 204 408 816 819 1023 b
1 2 3 6 12 24 48 54 102 204 408 816 1020 1023 b
1 2 3 6 12 24 48 60 63 120 240 480 543 1023 a
1 2 3 6 12 24 48 60 63 120 240 480 960 1023 a
1 2 3 6 12 24 48 60 120 240 480 483 540 1023 a
1 2 3 6 12 24 48 60 120 240 480 483 543 1023 b
1 2 3 6 12 24 48 60 120 240 480 483 963 1023 b
1 2 3 6 12 24 48 60 120 240 480 540 543 1023 b
1 2 3 6 12 24 48 60 120 240 480 540 1020 1023 b
1 2 3 6 12 24 48 60 120 240 480 960 963 1023 b
1 2 3 6 12 24 48 60 120 240 480 960 1020 1023 b
1 2 3 6 12 24 48 72 75 147 219 438 585 1023 b
1 2 3 6 12 24 48 72 75 147 219 438 876 1023 b
1 2 3 6 12 24 48 72 144 147 219 438 585 1023 b
1 2 3 6 12 24 48 72 144 147 219 438 876 1023 b
1 2 3 6 12 24 48 72 144 147 291 438 585 1023 b
1 2 3 6 12 24 48 72 144 147 291 438 876 1023 b
1 2 3 6 12 24 48 72 144 147 294 438 585 1023 b
1 2 3 6 12 24 48 72 144 147 294 438 876 1023 b
1 2 3 6 12 24 48 96 99 147 243 390 633 1023 b
1 2 3 6 12 24 48 96 99 147 243 390 780 1023 b
1 2 3 6 12 24 48 96 99 195 207 414 609 1023 b
1 2 3 6 12 24 48 96 99 195 207 414 828 1023 b
1 2 3 6 12 24 48 96 99 195 219 414 609 1023 b
1 2 3 6 12 24 48 96 99 195 219 414 828 1023 b
1 2 3 6 12 24 48 96 99 195 243 390 633 1023 a
1 2 3 6 12 24 48 96 99 195 243 390 780 1023 a
1 2 3 6 12 24 48 96 99 195 390 414 609 1023 b
1 2 3 6 12 24 48 96 99 195 390 414 828 1023 b
1 2 3 6 12 24 48 96 99 195 390 438 585 1023 a
1 2 3 6 12 24 48 96 99 195 390 438 633 1023 b
1 2 3 6 12 24 48 96 99 195 390 438 828 1023 b
1 2 3 6 12 24 48 96 99 195 390 585 633 1023 b
1 2 3 6 12 24 48 96 99 195 390 585 975 1023 b
1 2 3 6 12 24 48 96 99 195 390 780 828 1023 b
1 2 3 6 12 24 48 96 99 195 390 780 975 1023 b
1 2 3 6 12 24 48 96 102 204 205 409 614 1023 b
1 2 3 6 12 24 48 96 102 204 205 409 818 1023 b
1 2 3 6 12 24 48 96 102 204 207 408 615 1023 a
1 2 3 6 12 24 48 96 102 204 207 408 816 1023 a
1 2 3 6 12 24 48 96 102 204 306 510 513 1023 b
1 2 3 6 12 24 48 96 102 204 306 510 1020 1023 b
1 2 3 6 12 24 48 96 102 204 408 411 612 1023 a
1 2 3 6 12 24 48 96 102 204 408 411 615 1023 b
1 2 3 6 12 24 48 96 102 204 408 411 819 1023 b
1 2 3 6 12 24 48 96 102 204 408 510 513 1023 b
1 2 3 6 12 24 48 96 102 204 408 510 1020 1023 b
1 2 3 6 12 24 48 96 102 204 408 612 615 1023 b
1 2 3 6 12 24 48 96 102 204 408 612 1020 1023 b
1 2 3 6 12 24 48 96 102 204 408 816 819 1023 b
1 2 3 6 12 24 48 96 102 204 408 816 1020 1023 b
1 2 3 6 12 24 48 96 108 204 205 409 614 1023 b
1 2 3 6 12 24 48 96 108 204 205 409 818 1023 b
1 2 3 6 12 24 48 96 108 204 207 408 615 1023 a
1 2 3 6 12 24 48 96 108 204 207 408 816 1023 a
1 2 3 6 12 24 48 96 108 204 408 411 612 1023 a
1 2 3 6 12 24 48 96 108 204 408 411 615 1023 b
1 2 3 6 12 24 48 96 108 204 408 411 819 1023 b
1 2 3 6 12 24 48 96 108 204 408 612 615 1023 b
1 2 3 6 12 24 48 96 108 204 408 612 1020 1023 b
1 2 3 6 12 24 48 96 108 204 408 816 819 1023 b
1 2 3 6 12 24 48 96 108 204 408 816 1020 1023 b
1 2 3 6 12 24 48 96 144 147 243 390 633 1023 b
1 2 3 6 12 24 48 96 144 147 243 390 780 1023 b
1 2 3 6 12 24 48 96 144 147 291 438 585 1023 b
1 2 3 6 12 24 48 96 144 147 291 438 876 1023 b
1 2 3 6 12 24 48 96 144 147 294 438 585 1023 b
1 2 3 6 12 24 48 96 144 147 294 438 876 1023 b
1 2 3 6 12 24 48 96 192 195 207 414 609 1023 b
1 2 3 6 12 24 48 96 192 195 207 414 828 1023 b
1 2 3 6 12 24 48 96 192 195 219 414 609 1023 b
1 2 3 6 12 24 48 96 192 195 219 414 828 1023 b
1 2 3 6 12 24 48 96 192 195 243 390 633 1023 a
1 2 3 6 12 24 48 96 192 195 243 390 780 1023 a
1 2 3 6 12 24 48 96 192 195 390 414 609 1023 b
1 2 3 6 12 24 48 96 192 195 390 414 828 1023 b
1 2 3 6 12 24 48 96 192 195 390 438 585 1023 a
1 2 3 6 12 24 48 96 192 195 390 438 633 1023 b
1 2 3 6 12 24 48 96 192 195 390 438 828 1023 b
1 2 3 6 12 24 48 96 192 195 390 585 633 1023 b
1 2 3 6 12 24 48 96 192 195 390 585 975 1023 b
1 2 3 6 12 24 48 96 192 195 390 780 828 1023 b
1 2 3 6 12 24 48 96 192 195 390 780 975 1023 b
1 2 3 6 12 24 48 96 192 204 205 409 614 1023 b
1 2 3 6 12 24 48 96 192 204 205 409 818 1023 b
1 2 3 6 12 24 48 96 192 204 207 408 615 1023 a
1 2 3 6 12 24 48 96 192 204 207 408 816 1023 a
1 2 3 6 12 24 48 96 192 204 408 411 612 1023 a
1 2 3 6 12 24 48 96 192 204 408 411 615 1023 b
1 2 3 6 12 24 48 96 192 204 408 411 819 1023 b
1 2 3 6 12 24 48 96 192 204 408 612 615 1023 b
1 2 3 6 12 24 48 96 192 204 408 612 1020 1023 b
1 2 3 6 12 24 48 96 192 204 408 816 819 1023 b
1 2 3 6 12 24 48 96 192 204 408 816 1020 1023 b
1 2 4 5 7 12 19 31 62 124 248 496 527 1023 b
1 2 4 5 7 12 19 31 62 124 248 496 992 1023 b
1 2 4 5 7 12 24 31 62 124 248 496 527 1023 b
1 2 4 5 7 12 24 31 62 124 248 496 992 1023 b
1 2 4 5 7 14 21 42 84 168 173 341 682 1023 b
1 2 4 5 7 14 21 42 84 168 336 341 682 1023 b
1 2 4 5 7 14 28 42 84 168 173 341 682 1023 b
1 2 4 5 7 14 28 42 84 168 336 341 682 1023 b
1 2 4 5 7 14 28 56 84 168 173 341 682 1023 b
1 2 4 5 7 14 28 56 84 168 336 341 682 1023 b
1 2 4 5 7 14 28 56 112 117 224 341 682 1023 a
1 2 4 5 7 14 28 56 112 117 229 341 682 1023 b
1 2 4 5 7 14 28 56 112 168 173 341 682 1023 b
1 2 4 5 7 14 28 56 112 168 336 341 682 1023 b
1 2 4 5 7 14 28 56 112 224 229 341 682 1023 b
1 2 4 5 7 14 28 56 112 224 336 341 682 1023 b
1 2 4 5 8 13 18 31 62 124 248 496 527 1023 a
1 2 4 5 8 13 18 31 62 124 248 496 992 1023 a
1 2 4 5 8 13 21 42 84 168 173 341 682 1023 a
1 2 4 5 8 13 21 42 84 168 336 341 682 1023 a
1 2 4 5 8 13 26 31 62 124 248 496 527 1023 a
1 2 4 5 8 13 26 31 62 124 248 496 992 1023 a
1 2 4 5 8 16 21 42 84 168 173 341 682 1023 a
1 2 4 5 8 16 21 42 84 168 336 341 682 1023 a
1 2 4 5 9 11 20 31 62 124 248 496 527 1023 b
1 2 4 5 9 11 20 31 62 124 248 496 992 1023 b
1 2 4 5 9 11 22 31 62 124 248 496 527 1023 b
1 2 4 5 9 11 22 31 62 124 248 496 992 1023 b
1 2 4 5 9 13 18 31 62 124 248 496 527 1023 b
1 2 4 5 9 13 18 31 62 124 248 496 992 1023 b
1 2 4 5 9 13 22 31 62 124 248 496 527 1023 b
1 2 4 5 9 13 22 31 62 124 248 496 992 1023 b
1 2 4 5 9 13 26 31 62 124 248 496 527 1023 b
1 2 4 5 9 13 26 31 62 124 248 496 992 1023 b
1 2 4 5 9 14 28 42 84 168 173 341 682 1023 b
1 2 4 5 9 14 28 42 84 168 336 341 682 1023 b
1 2 4 5 9 14 28 56 84 168 173 341 682 1023 b
1 2 4 5 9 14 28 56 84 168 336 341 682 1023 b
1 2 4 5 9 14 28 56 112 117 224 341 682 1023 a
1 2 4 5 9 14 28 56 112 117 229 341 682 1023 b
1 2 4 5 9 14 28 56 112 168 173 341 682 1023 b
1 2 4 5 9 14 28 56 112 168 336 341 682 1023 b
1 2 4 5 9 14 28 56 112 224 229 341 682 1023 b
1 2 4 5 9 14 28 56 112 224 336 341 682 1023 b
1 2 4 5 9 18 22 31 62 124 248 496 527 1023 b
1 2 4 5 9 18 22 31 62 124 248 496 992 1023 b
1 2 4 5 9 18 27 31 62 124 248 496 527 1023 b
1 2 4 5 9 18 27 31 62 124 248 496 992 1023 b
1 2 4 5 9 18 36 72 144 149 288 437 586 1023 a
1 2 4 5 9 18 36 72 144 149 288 437 874 1023 a
1 2 4 5 9 18 36 72 144 149 293 365 658 1023 b
1 2 4 5 9 18 36 72 144 149 293 365 730 1023 b
1 2 4 5 9 18 36 72 144 149 293 437 586 1023 b
1 2 4 5 9 18 36 72 144 149 293 437 730 1023 b
1 2 4 5 9 18 36 72 144 149 293 437 874 1023 b
1 2 4 5 9 18 36 72 144 149 293 586 730 1023 b
1 2 4 5 9 18 36 72 144 149 293 586 879 1023 b
1 2 4 5 9 18 36 72 144 288 293 365 658 1023 b
1 2 4 5 9 18 36 72 144 288 293 365 730 1023 b
1 2 4 5 9 18 36 72 144 288 293 437 586 1023 a
1 2 4 5 9 18 36 72 144 288 293 437 730 1023 b
1 2 4 5 9 18 36 72 144 288 293 586 730 1023 b
1 2 4 5 9 18 36 72 144 288 293 586 879 1023 b
1 2 4 5 10 11 20 31 62 124 248 496 527 1023 a
1 2 4 5 10 11 20 31 62 124 248 496 992 1023 a
1 2 4 5 10 11 21 31 62 124 248 496 527 1023 b
1 2 4 5 10 11 21 31 62 124 248 496 992 1023 b
1 2 4 5 10 11 21 42 84 168 173 341 682 1023 b
1 2 4 5 10 11 21 42 84 168 336 341 682 1023 b
1 2 4 5 10 14 28 42 84 168 173 341 682 1023 b
1 2 4 5 10 14 28 42 84 168 336 341 682 1023 b
1 2 4 5 10 14 28 56 84 168 173 341 682 1023 b
1 2 4 5 10 14 28 56 84 168 336 341 682 1023 b
1 2 4 5 10 14 28 56 112 117 224 341 682 1023 a
1 2 4 5 10 14 28 56 112 117 229 341 682 1023 b
1 2 4 5 10 14 28 56 112 168 173 341 682 1023 b
1 2 4 5 10 14 28 56 112 168 336 341 682 1023 b
1 2 4 5 10 14 28 56 112 224 229 341 682 1023 b
1 2 4 5 10 14 28 56 112 224 336 341 682 1023 b
1 2 4 5 10 15 16 31 62 124 248 496 527 1023 b
1 2 4 5 10 15 16 31 62 124 248 496 992 1023 b
1 2 4 5 10 15 30 31 62 124 248 496 527 1023 b
1 2 4 5 10 15 30 31 62 124 248 496 992 1023 b
1 2 4 5 10 20 21 31 62 124 248 496 527 1023 b
1 2 4 5 10 20 21 31 62 124 248 496 992 1023 b
1 2 4 5 10 20 21 40 80 160 181 341 682 1023 a
1 2 4 5 10 20 21 40 80 160 320 341 682 1023 a
1 2 4 5 10 20 21 42 84 168 173 341 682 1023 b
1 2 4 5 10 20 21 42 84 168 336 341 682 1023 b
1 2 4 5 10 20 22 42 84 168 173 341 682 1023 b
1 2 4 5 10 20 22 42 84 168 336 341 682 1023 b
1 2 4 5 10 20 30 31 62 124 248 496 527 1023 b
1 2 4 5 10 20 30 31 62 124 248 496 992 1023 b
1 2 4 5 10 20 40 42 84 168 173 341 682 1023 b
1 2 4 5 10 20 40 42 84 168 336 341 682 1023 b
1 2 4 5 10 20 40 44 84 168 173 341 682 1023 b
1 2 4 5 10 20 40 44 84 168 336 341 682 1023 b
1 2 4 5 10 20 40 45 85 170 171 341 682 1023 b
1 2 4 5 10 20 40 45 85 170 340 341 682 1023 b
1 2 4 5 10 20 40 80 84 168 173 341 682 1023 b
1 2 4 5 10 20 40 80 84 168 336 341 682 1023 b
1 2 4 5 10 20 40 80 85 170 171 341 682 1023 b
1 2 4 5 10 20 40 80 85 170 340 341 682 1023 b
1 2 4 5 10 20 40 80 90 170 171 341 682 1023 b
1 2 4 5 10 20 40 80 90 170 340 341 682 1023 b
1 2 4 5 10 20 40 80 160 161 180 341 682 1023 a
1 2 4 5 10 20 40 80 160 161 181 341 682 1023 b
1 2 4 5 10 20 40 80 160 161 321 341 682 1023 b
1 2 4 5 10 20 40 80 160 170 171 341 682 1023 b
1 2 4 5 10 20 40 80 160 170 340 341 682 1023 b
1 2 4 5 10 20 40 80 160 180 181 341 682 1023 b
1 2 4 5 10 20 40 80 160 180 340 341 682 1023 b
1 2 4 5 10 20 40 80 160 320 321 341 682 1023 b
1 2 4 5 10 20 40 80 160 320 340 341 682 1023 b
1 2 4 6 7 12 19 31 62 124 248 496 527 1023 a
1 2 4 6 7 12 19 31 62 124 248 496 992 1023 a
1 2 4 6 7 12 24 31 62 124 248 496 527 1023 a
1 2 4 6 7 12 24 31 62 124 248 496 992 1023 a
1 2 4 6 10 11 20 31 62 124 248 496 527 1023 a
1 2 4 6 10 11 20 31 62 124 248 496 992 1023 a
1 2 4 6 10 11 21 31 62 124 248 496 527 1023 b
1 2 4 6 10 11 21 31 62 124 248 496 992 1023 b
1 2 4 6 10 20 21 31 62 124 248 496 527 1023 b
1 2 4 6 10 20 21 31 62 124 248 496 992 1023 b
1 2 4 6 10 20 21 40 80 160 181 341 682 1023 a
1 2 4 6 10 20 21 40 80 160 320 341 682 1023 a
1 2 4 6 10 20 30 31 62 124 248 496 527 1023 b
1 2 4 6 10 20 30 31 62 124 248 496 992 1023 b
1 2 4 6 10 20 40 80 90 170 171 341 682 1023 b
1 2 4 6 10 20 40 80 90 170 340 341 682 1023 b
1 2 4 6 10 20 40 80 160 161 180 341 682 1023 a
1 2 4 6 10 20 40 80 160 161 181 341 682 1023 b
1 2 4 6 10 20 40 80 160 161 321 341 682 1023 b
1 2 4 6 10 20 40 80 160 170 171 341 682 1023 b
1 2 4 6 10 20 40 80 160 170 340 341 682 1023 b
1 2 4 6 10 20 40 80 160 180 181 341 682 1023 b
1 2 4 6 10 20 40 80 160 180 340 341 682 1023 b
1 2 4 6 10 20 40 80 160 320 321 341 682 1023 b
1 2 4 6 10 20 40 80 160 320 340 341 682 1023 b
1 2 4 6 12 13 18 31 62 124 248 496 527 1023 a
1 2 4 6 12 13 18 31 62 124 248 496 992 1023 a
1 2 4 6 12 13 19 31 62 124 248 496 527 1023 b
1 2 4 6 12 13 19 31 62 124 248 496 992 1023 b
1 2 4 6 12 13 25 31 62 124 248 496 527 1023 b
1 2 4 6 12 13 25 31 62 124 248 496 992 1023 b
1 2 4 6 12 18 19 31 62 124 248 496 527 1023 b
1 2 4 6 12 18 19 31 62 124 248 496 992 1023 b
1 2 4 6 12 18 30 31 62 124 248 496 527 1023 b
1 2 4 6 12 18 30 31 62 124 248 496 992 1023 b
1 2 4 6 12 24 25 31 62 124 248 496 527 1023 b
1 2 4 6 12 24 25 31 62 124 248 496 992 1023 b
1 2 4 6 12 24 25 49 73 146 195 341 682 1023 b
1 2 4 6 12 24 25 49 73 146 292 341 682 1023 b
1 2 4 6 12 24 30 31 62 124 248 496 527 1023 b
1 2 4 6 12 24 30 31 62 124 248 496 992 1023 b
1 2 4 6 12 24 48 49 73 146 195 341 682 1023 b
1 2 4 6 12 24 48 49 73 146 292 341 682 1023 b
1 2 4 6 12 24 48 49 97 146 195 341 682 1023 b
1 2 4 6 12 24 48 49 97 146 292 341 682 1023 b
1 2 4 6 12 24 48 49 98 146 195 341 682 1023 b
1 2 4 6 12 24 48 49 98 146 292 341 682 1023 b
1 2 4 6 12 24 48 54 102 204 205 409 614 1023 b
1 2 4 6 12 24 48 54 102 204 205 409 818 1023 b
1 2 4 6 12 24 48 96 102 204 205 409 614 1023 b
1 2 4 6 12 24 48 96 102 204 205 409 818 1023 b
1 2 4 6 12 24 48 96 108 204 205 409 614 1023 b
1 2 4 6 12 24 48 96 108 204 205 409 818 1023 b
1 2 4 6 12 24 48 96 192 204 205 409 614 1023 b
1 2 4 6 12 24 48 96 192 204 205 409 818 1023 b
1 2 4 8 9 11 20 31 62 124 248 496 527 1023 b
1 2 4 8 9 11 20 31 62 124 248 496 992 1023 b
1 2 4 8 9 11 22 31 62 124 248 496 527 1023 b
1 2 4 8 9 11 22 31 62 124 248 496 992 1023 b
1 2 4 8 9 13 18 31 62 124 248 496 527 1023 a
1 2 4 8 9 13 18 31 62 124 248 496 992 1023 a
1 2 4 8 9 13 22 31 62 124 248 496 527 1023 b
1 2 4 8 9 13 22 31 62 124 248 496 992 1023 b
1 2 4 8 9 17 34 51 85 170 171 341 682 1023 b
1 2 4 8 9 17 34 51 85 170 340 341 682 1023 b
1 2 4 8 9 17 34 51 102 204 205 409 614 1023 b
1 2 4 8 9 17 34 51 102 204 205 409 818 1023 b
1 2 4 8 9 17 34 68 69 136 205 341 682 1023 a
1 2 4 8 9 17 34 68 69 136 272 341 682 1023 a
1 2 4 8 9 17 34 68 85 170 171 341 682 1023 b
1 2 4 8 9 17 34 68 85 170 340 341 682 1023 b
1 2 4 8 9 17 34 68 102 170 171 341 682 1023 b
1 2 4 8 9 17 34 68 102 170 340 341 682 1023 b
1 2 4 8 9 17 34 68 102 204 205 409 614 1023 b
1 2 4 8 9 17 34 68 102 204 205 409 818 1023 b
1 2 4 8 9 17 34 68 136 137 204 341 682 1023 a
1 2 4 8 9 17 34 68 136 137 205 341 682 1023 b
1 2 4 8 9 17 34 68 136 137 273 341 682 1023 b
1 2 4 8 9 17 34 68 136 170 171 341 682 1023 b
1 2 4 8 9 17 34 68 136 170 340 341 682 1023 b
1 2 4 8 9 17 34 68 136 204 205 341 682 1023 b
1 2 4 8 9 17 34 68 136 204 205 409 614 1023 b
1 2 4 8 9 17 34 68 136 204 205 409 818 1023 b
1 2 4 8 9 17 34 68 136 204 340 341 682 1023 b
1 2 4 8 9 17 34 68 136 272 273 341 682 1023 b
1 2 4 8 9 17 34 68 136 272 340 341 682 1023 b
1 2 4 8 9 18 22 31 62 124 248 496 527 1023 b
1 2 4 8 9 18 22 31 62 124 248 496 992 1023 b
1 2 4 8 9 18 27 31 62 124 248 496 527 1023 b
1 2 4 8 9 18 27 31 62 124 248 496 992 1023 b
1 2 4 8 10 11 20 31 62 124 248 496 527 1023 a
1 2 4 8 10 11 20 31 62 124 248 496 992 1023 a
1 2 4 8 10 11 21 31 62 124 248 496 527 1023 b
1 2 4 8 10 11 21 31 62 124 248 496 992 1023 b
1 2 4 8 10 20 21 31 62 124 248 496 527 1023 b
1 2 4 8 10 20 21 31 62 124 248 496 992 1023 b
1 2 4 8 10 20 21 40 80 160 181 341 682 1023 a
1 2 4 8 10 20 21 40 80 160 320 341 682 1023 a
1 2 4 8 10 20 30 31 62 124 248 496 527 1023 b
1 2 4 8 10 20 30 31 62 124 248 496 992 1023 b
1 2 4 8 10 20 40 80 90 170 171 341 682 1023 b
1 2 4 8 10 20 40 80 90 170 340 341 682 1023 b
1 2 4 8 10 20 40 80 160 161 180 341 682 1023 a
1 2 4 8 10 20 40 80 160 161 181 341 682 1023 b
1 2 4 8 10 20 40 80 160 161 321 341 682 1023 b
1 2 4 8 10 20 40 80 160 170 171 341 682 1023 b
1 2 4 8 10 20 40 80 160 170 340 341 682 1023 b
1 2 4 8 10 20 40 80 160 180 181 341 682 1023 b
1 2 4 8 10 20 40 80 160 180 340 341 682 1023 b
1 2 4 8 10 20 40 80 160 320 321 341 682 1023 b
1 2 4 8 10 20 40 80 160 320 340 341 682 1023 b
1 2 4 8 12 20 21 40 80 160 181 341 682 1023 a
1 2 4 8 12 20 21 40 80 160 320 341 682 1023 a
1 2 4 8 12 20 40 80 160 161 180 341 682 1023 a
1 2 4 8 12 20 40 80 160 161 181 341 682 1023 b
1 2 4 8 12 20 40 80 160 161 321 341 682 1023 b
1 2 4 8 12 20 40 80 160 180 181 341 682 1023 b
1 2 4 8 12 20 40 80 160 180 340 341 682 1023 b
1 2 4 8 12 20 40 80 160 320 321 341 682 1023 b
1 2 4 8 12 20 40 80 160 320 340 341 682 1023 b
1 2 4 8 12 24 25 49 73 146 195 341 682 1023 b
1 2 4 8 12 24 25 49 73 146 292 341 682 1023 b
1 2 4 8 12 24 48 49 73 146 195 341 682 1023 b
1 2 4 8 12 24 48 49 73 146 292 341 682 1023 b
1 2 4 8 12 24 48 49 97 146 195 341 682 1023 b
1 2 4 8 12 24 48 49 97 146 292 341 682 1023 b
1 2 4 8 12 24 48 49 98 146 195 341 682 1023 b
1 2 4 8 12 24 48 49 98 146 292 341 682 1023 b
1 2 4 8 12 24 48 96 108 204 205 409 614 1023 b
1 2 4 8 12 24 48 96 108 204 205 409 818 1023 b
1 2 4 8 12 24 48 96 192 204 205 409 614 1023 b
1 2 4 8 12 24 48 96 192 204 205 409 818 1023 b
1 2 4 8 16 17 32 49 81 130 211 341 682 1023 a
1 2 4 8 16 17 32 49 81 130 260 341 682 1023 a
1 2 4 8 16 17 32 49 81 162 179 341 682 1023 a
1 2 4 8 16 17 32 49 81 162 324 341 682 1023 a
1 2 4 8 16 17 32 64 81 162 179 341 682 1023 a
1 2 4 8 16 17 32 64 81 162 324 341 682 1023 a
1 2 4 8 16 17 33 66 99 132 231 462 561 1023 b
1 2 4 8 16 17 33 66 99 132 231 462 924 1023 b
1 2 4 8 16 17 33 66 99 165 231 396 627 1023 b
1 2 4 8 16 17 33 66 99 165 231 396 792 1023 b
1 2 4 8 16 17 33 66 99 165 231 462 561 1023 b
1 2 4 8 16 17 33 66 99 165 231 462 924 1023 b
1 2 4 8 16 17 33 66 99 165 264 429 594 1023 b
1 2 4 8 16 17 33 66 99 165 264 429 858 1023 b
1 2 4 8 16 17 33 66 99 165 330 363 660 1023 a
1 2 4 8 16 17 33 66 99 165 330 363 693 1023 b
1 2 4 8 16 17 33 66 99 165 330 429 594 1023 b
1 2 4 8 16 17 33 66 99 165 330 429 858 1023 b
1 2 4 8 16 17 33 66 99 165 330 495 528 1023 b
1 2 4 8 16 17 33 66 99 165 330 495 990 1023 b
1 2 4 8 16 17 33 66 99 165 330 660 693 1023 b
1 2 4 8 16 17 33 66 99 165 330 660 990 1023 b
1 2 4 8 16 17 33 66 99 198 231 396 627 1023 a
1 2 4 8 16 17 33 66 99 198 231 396 792 1023 a
1 2 4 8 16 17 33 66 99 198 231 462 561 1023 b
1 2 4 8 16 17 33 66 99 198 231 462 924 1023 b
1 2 4 8 16 17 33 66 99 198 264 462 561 1023 b
1 2 4 8 16 17 33 66 99 198 264 462 924 1023 b
1 2 4 8 16 17 33 66 99 198 297 363 660 1023 b
1 2 4 8 16 17 33 66 99 198 297 363 726 1023 b
1 2 4 8 16 17 33 66 99 198 297 495 528 1023 b
1 2 4 8 16 17 33 66 99 198 297 495 990 1023 b
1 2 4 8 16 17 33 66 99 198 396 429 594 1023 a
1 2 4 8 16 17 33 66 99 198 396 429 627 1023 b
1 2 4 8 16 17 33 66 99 198 396 429 825 1023 b
1 2 4 8 16 17 33 66 99 198 396 462 561 1023 b
1 2 4 8 16 17 33 66 99 198 396 462 924 1023 b
1 2 4 8 16 17 33 66 99 198 396 495 528 1023 b
1 2 4 8 16 17 33 66 99 198 396 495 990 1023 b
1 2 4 8 16 17 33 66 99 198 396 594 627 1023 b
1 2 4 8 16 17 33 66 99 198 396 594 990 1023 b
1 2 4 8 16 17 33 66 99 198 396 792 825 1023 b
1 2 4 8 16 17 33 66 99 198 396 792 990 1023 b
1 2 4 8 16 17 33 66 132 165 231 396 627 1023 b
1 2 4 8 16 17 33 66 132 165 231 396 792 1023 b
1 2 4 8 16 17 33 66 132 165 264 429 594 1023 a
1 2 4 8 16 17 33 66 132 165 264 429 858 1023 a
1 2 4 8 16 17 33 66 132 165 297 363 660 1023 b
1 2 4 8 16 17 33 66 132 165 297 363 726 1023 b
1 2 4 8 16 17 33 66 132 165 297 429 594 1023 b
1 2 4 8 16 17 33 66 132 165 297 429 726 1023 b
1 2 4 8 16 17 33 66 132 165 297 429 858 1023 b
1 2 4 8 16 17 33 66 132 165 297 594 726 1023 b
1 2 4 8 16 17 33 66 132 165 297 594 891 1023 b
1 2 4 8 16 17 33 66 132 165 330 363 660 1023 a
1 2 4 8 16 17 33 66 132 165 330 363 693 1023 b
1 2 4 8 16 17 33 66 132 165 330 495 528 1023 b
1 2 4 8 16 17 33 66 132 165 330 495 990 1023 b
1 2 4 8 16 17 33 66 132 165 330 660 693 1023 b
1 2 4 8 16 17 33 66 132 165 330 660 990 1023 b
1 2 4 8 16 17 33 66 132 198 231 396 627 1023 a
1 2 4 8 16 17 33 66 132 198 231 396 792 1023 a
1 2 4 8 16 17 33 66 132 198 330 363 660 1023 a
1 2 4 8 16 17 33 66 132 198 330 363 693 1023 b
1 2 4 8 16 17 33 66 132 198 330 660 693 1023 b
1 2 4 8 16 17 33 66 132 198 330 660 990 1023 b
1 2 4 8 16 17 33 66 132 198 396 429 594 1023 a
1 2 4 8 16 17 33 66 132 198 396 429 627 1023 b
1 2 4 8 16 17 33 66 132 198 396 429 825 1023 b
1 2 4 8 16 17 33 66 132 198 396 594 627 1023 b
1 2 4 8 16 17 33 66 132 198 396 594 990 1023 b
1 2 4 8 16 17 33 66 132 198 396 792 825 1023 b
1 2 4 8 16 17 33 66 132 198 396 792 990 1023 b
1 2 4 8 16 17 33 66 132 264 297 363 660 1023 b
1 2 4 8 16 17 33 66 132 264 297 363 726 1023 b
1 2 4 8 16 17 33 66 132 264 297 429 594 1023 a
1 2 4 8 16 17 33 66 132 264 297 429 726 1023 b
1 2 4 8 16 17 33 66 132 264 297 594 726 1023 b
1 2 4 8 16 17 33 66 132 264 297 594 891 1023 b
1 2 4 8 16 17 33 66 132 264 330 363 660 1023 a
1 2 4 8 16 17 33 66 132 264 330 363 693 1023 b
1 2 4 8 16 17 33 66 132 264 330 660 693 1023 b
1 2 4 8 16 17 33 66 132 264 330 660 990 1023 b
1 2 4 8 16 17 34 51 85 170 171 341 682 1023 b
1 2 4 8 16 17 34 51 85 170 340 341 682 1023 b
1 2 4 8 16 17 34 51 102 204 205 409 614 1023 b
1 2 4 8 16 17 34 51 102 204 205 409 818 1023 b
1 2 4 8 16 17 34 68 69 136 205 341 682 1023 a
1 2 4 8 16 17 34 68 69 136 272 341 682 1023 a
1 2 4 8 16 17 34 68 85 170 171 341 682 1023 b
1 2 4 8 16 17 34 68 85 170 340 341 682 1023 b
1 2 4 8 16 17 34 68 102 170 171 341 682 1023 b
1 2 4 8 16 17 34 68 102 170 340 341 682 1023 b
1 2 4 8 16 17 34 68 102 204 205 409 614 1023 b
1 2 4 8 16 17 34 68 102 204 205 409 818 1023 b
1 2 4 8 16 17 34 68 136 137 204 341 682 1023 a
1 2 4 8 16 17 34 68 136 137 205 341 682 1023 b
1 2 4 8 16 17 34 68 136 137 273 341 682 1023 b
1 2 4 8 16 17 34 68 136 170 171 341 682 1023 b
1 2 4 8 16 17 34 68 136 170 340 341 682 1023 b
1 2 4 8 16 17 34 68 136 204 205 341 682 1023 b
1 2 4 8 16 17 34 68 136 204 205 409 614 1023 b
1 2 4 8 16 17 34 68 136 204 205 409 818 1023 b
1 2 4 8 16 17 34 68 136 204 340 341 682 1023 b
1 2 4 8 16 17 34 68 136 272 273 341 682 1023 b
1 2 4 8 16 17 34 68 136 272 340 341 682 1023 b
1 2 4 8 16 18 34 68 69 136 205 341 682 1023 a
1 2 4 8 16 18 34 68 69 136 272 341 682 1023 a
1 2 4 8 16 18 34 68 102 170 171 341 682 1023 b
1 2 4 8 16 18 34 68 102 170 340 341 682 1023 b
1 2 4 8 16 18 34 68 102 204 205 409 614 1023 b
1 2 4 8 16 18 34 68 102 204 205 409 818 1023 b
1 2 4 8 16 18 34 68 136 137 204 341 682 1023 a
1 2 4 8 16 18 34 68 136 137 205 341 682 1023 b
1 2 4 8 16 18 34 68 136 137 273 341 682 1023 b
1 2 4 8 16 18 34 68 136 170 171 341 682 1023 b
1 2 4 8 16 18 34 68 136 170 340 341 682 1023 b
1 2 4 8 16 18 34 68 136 204 205 341 682 1023 b
1 2 4 8 16 18 34 68 136 204 205 409 614 1023 b
1 2 4 8 16 18 34 68 136 204 205 409 818 1023 b
1 2 4 8 16 18 34 68 136 204 340 341 682 1023 b
1 2 4 8 16 18 34 68 136 272 273 341 682 1023 b
1 2 4 8 16 18 34 68 136 272 340 341 682 1023 b
1 2 4 8 16 20 21 40 80 160 181 341 682 1023 a
1 2 4 8 16 20 21 40 80 160 320 341 682 1023 a
1 2 4 8 16 20 40 80 160 161 180 341 682 1023 a
1 2 4 8 16 20 40 80 160 161 181 341 682 1023 b
1 2 4 8 16 20 40 80 160 161 321 341 682 1023 b
1 2 4 8 16 20 40 80 160 180 181 341 682 1023 b
1 2 4 8 16 20 40 80 160 180 340 341 682 1023 b
1 2 4 8 16 20 40 80 160 320 321 341 682 1023 b
1 2 4 8 16 20 40 80 160 320 340 341 682 1023 b
1 2 4 8 16 24 25 49 73 146 195 341 682 1023 b
1 2 4 8 16 24 25 49 73 146 292 341 682 1023 b
1 2 4 8 16 24 48 49 73 146 195 341 682 1023 b
1 2 4 8 16 24 48 49 73 146 292 341 682 1023 b
1 2 4 8 16 24 48 49 97 146 195 341 682 1023 b
1 2 4 8 16 24 48 49 97 146 292 341 682 1023 b
1 2 4 8 16 24 48 49 98 146 195 341 682 1023 b
1 2 4 8 16 24 48 49 98 146 292 341 682 1023 b
1 2 4 8 16 32 33 49 81 130 211 341 682 1023 b
1 2 4 8 16 32 33 49 81 130 260 341 682 1023 b
1 2 4 8 16 32 33 65 69 138 203 341 682 1023 b
1 2 4 8 16 32 33 65 69 138 276 341 682 1023 b
1 2 4 8 16 32 33 65 73 138 203 341 682 1023 b
1 2 4 8 16 32 33 65 73 138 276 341 682 1023 b
1 2 4 8 16 32 33 65 81 130 211 341 682 1023 a
1 2 4 8 16 32 33 65 81 130 260 341 682 1023 a
1 2 4 8 16 32 33 65 130 138 203 341 682 1023 b
1 2 4 8 16 32 33 65 130 138 276 341 682 1023 b
1 2 4 8 16 32 33 65 130 146 195 341 682 1023 a
1 2 4 8 16 32 33 65 130 146 211 341 682 1023 b
1 2 4 8 16 32 33 65 130 146 276 341 682 1023 b
1 2 4 8 16 32 33 65 130 195 211 341 682 1023 b
1 2 4 8 16 32 33 65 130 195 211 406 617 1023 b
1 2 4 8 16 32 33 65 130 195 211 406 812 1023 b
1 2 4 8 16 32 33 65 130 195 325 341 682 1023 b
1 2 4 8 16 32 33 65 130 260 276 341 682 1023 b
1 2 4 8 16 32 33 65 130 260 325 341 682 1023 b
1 2 4 8 16 32 33 66 99 132 231 462 561 1023 b
1 2 4 8 16 32 33 66 99 132 231 462 924 1023 b
1 2 4 8 16 32 33 66 99 165 231 396 627 1023 b
1 2 4 8 16 32 33 66 99 165 231 396 792 1023 b
1 2 4 8 16 32 33 66 99 165 231 462 561 1023 b
1 2 4 8 16 32 33 66 99 165 231 462 924 1023 b
1 2 4 8 16 32 33 66 99 165 264 429 594 1023 b
1 2 4 8 16 32 33 66 99 165 264 429 858 1023 b
1 2 4 8 16 32 33 66 99 165 330 363 660 1023 a
1 2 4 8 16 32 33 66 99 165 330 363 693 1023 b
1 2 4 8 16 32 33 66 99 165 330 429 594 1023 b
1 2 4 8 16 32 33 66 99 165 330 429 858 1023 b
1 2 4 8 16 32 33 66 99 165 330 495 528 1023 b
1 2 4 8 16 32 33 66 99 165 330 495 990 1023 b
1 2 4 8 16 32 33 66 99 165 330 660 693 1023 b
1 2 4 8 16 32 33 66 99 165 330 660 990 1023 b
1 2 4 8 16 32 33 66 99 198 231 396 627 1023 a
1 2 4 8 16 32 33 66 99 198 231 396 792 1023 a
1 2 4 8 16 32 33 66 99 198 231 462 561 1023 b
1 2 4 8 16 32 33 66 99 198 231 462 924 1023 b
1 2 4 8 16 32 33 66 99 198 264 462 561 1023 b
1 2 4 8 16 32 33 66 99 198 264 462 924 1023 b
1 2 4 8 16 32 33 66 99 198 297 363 660 1023 b
1 2 4 8 16 32 33 66 99 198 297 363 726 1023 b
1 2 4 8 16 32 33 66 99 198 297 495 528 1023 b
1 2 4 8 16 32 33 66 99 198 297 495 990 1023 b
1 2 4 8 16 32 33 66 99 198 396 429 594 1023 a
1 2 4 8 16 32 33 66 99 198 396 429 627 1023 b
1 2 4 8 16 32 33 66 99 198 396 429 825 1023 b
1 2 4 8 16 32 33 66 99 198 396 462 561 1023 b
1 2 4 8 16 32 33 66 99 198 396 462 924 1023 b
1 2 4 8 16 32 33 66 99 198 396 495 528 1023 b
1 2 4 8 16 32 33 66 99 198 396 495 990 1023 b
1 2 4 8 16 32 33 66 99 198 396 594 627 1023 b
1 2 4 8 16 32 33 66 99 198 396 594 990 1023 b
1 2 4 8 16 32 33 66 99 198 396 792 825 1023 b
1 2 4 8 16 32 33 66 99 198 396 792 990 1023 b
1 2 4 8 16 32 33 66 132 165 231 396 627 1023 b
1 2 4 8 16 32 33 66 132 165 231 396 792 1023 b
1 2 4 8 16 32 33 66 132 165 264 429 594 1023 a
1 2 4 8 16 32 33 66 132 165 264 429 858 1023 a
1 2 4 8 16 32 33 66 132 165 297 363 660 1023 b
1 2 4 8 16 32 33 66 132 165 297 363 726 1023 b
1 2 4 8 16 32 33 66 132 165 297 429 594 1023 b
1 2 4 8 16 32 33 66 132 165 297 429 726 1023 b
1 2 4 8 16 32 33 66 132 165 297 429 858 1023 b
1 2 4 8 16 32 33 66 132 165 297 594 726 1023 b
1 2 4 8 16 32 33 66 132 165 297 594 891 1023 b
1 2 4 8 16 32 33 66 132 165 330 363 660 1023 a
1 2 4 8 16 32 33 66 132 165 330 363 693 1023 b
1 2 4 8 16 32 33 66 132 165 330 495 528 1023 b
1 2 4 8 16 32 33 66 132 165 330 495 990 1023 b
1 2 4 8 16 32 33 66 132 165 330 660 693 1023 b
1 2 4 8 16 32 33 66 132 165 330 660 990 1023 b
1 2 4 8 16 32 33 66 132 198 231 396 627 1023 a
1 2 4 8 16 32 33 66 132 198 231 396 792 1023 a
1 2 4 8 16 32 33 66 132 198 330 363 660 1023 a
1 2 4 8 16 32 33 66 132 198 330 363 693 1023 b
1 2 4 8 16 32 33 66 132 198 330 660 693 1023 b
1 2 4 8 16 32 33 66 132 198 330 660 990 1023 b
1 2 4 8 16 32 33 66 132 198 396 429 594 1023 a
1 2 4 8 16 32 33 66 132 198 396 429 627 1023 b
1 2 4 8 16 32 33 66 132 198 396 429 825 1023 b
1 2 4 8 16 32 33 66 132 198 396 594 627 1023 b
1 2 4 8 16 32 33 66 132 198 396 594 990 1023 b
1 2 4 8 16 32 33 66 132 198 396 792 825 1023 b
1 2 4 8 16 32 33 66 132 198 396 792 990 1023 b
1 2 4 8 16 32 33 66 132 264 297 363 660 1023 b
1 2 4 8 16 32 33 66 132 264 297 363 726 1023 b
1 2 4 8 16 32 33 66 132 264 297 429 594 1023 a
1 2 4 8 16 32 33 66 132 264 297 429 726 1023 b
1 2 4 8 16 32 33 66 132 264 297 594 726 1023 b
1 2 4 8 16 32 33 66 132 264 297 594 891 1023 b
1 2 4 8 16 32 33 66 132 264 330 363 660 1023 a
1 2 4 8 16 32 33 66 132 264 330 363 693 1023 b
1 2 4 8 16 32 33 66 132 264 330 660 693 1023 b
1 2 4 8 16 32 33 66 132 264 330 660 990 1023 b
1 2 4 8 16 32 34 68 69 136 205 341 682 1023 a
1 2 4 8 16 32 34 68 69 136 272 341 682 1023 a
1 2 4 8 16 32 34 68 102 170 171 341 682 1023 b
1 2 4 8 16 32 34 68 102 170 340 341 682 1023 b
1 2 4 8 16 32 34 68 102 204 205 409 614 1023 b
1 2 4 8 16 32 34 68 102 204 205 409 818 1023 b
1 2 4 8 16 32 34 68 136 137 204 341 682 1023 a
1 2 4 8 16 32 34 68 136 137 205 341 682 1023 b
1 2 4 8 16 32 34 68 136 137 273 341 682 1023 b
1 2 4 8 16 32 34 68 136 170 171 341 682 1023 b
1 2 4 8 16 32 34 68 136 170 340 341 682 1023 b
1 2 4 8 16 32 34 68 136 204 205 341 682 1023 b
1 2 4 8 16 32 34 68 136 204 205 409 614 1023 b
1 2 4 8 16 32 34 68 136 204 205 409 818 1023 b
1 2 4 8 16 32 34 68 136 204 340 341 682 1023 b
1 2 4 8 16 32 34 68 136 272 273 341 682 1023 b
1 2 4 8 16 32 34 68 136 272 340 341 682 1023 b
1 2 4 8 16 32 36 68 69 136 205 341 682 1023 a
1 2 4 8 16 32 36 68 69 136 272 341 682 1023 a
1 2 4 8 16 32 36 68 136 137 204 341 682 1023 a
1 2 4 8 16 32 36 68 136 137 205 341 682 1023 b
1 2 4 8 16 32 36 68 136 137 273 341 682 1023 b
1 2 4 8 16 32 36 68 136 204 205 341 682 1023 b
1 2 4 8 16 32 36 68 136 204 205 409 614 1023 b
1 2 4 8 16 32 36 68 136 204 205 409 818 1023 b
1 2 4 8 16 32 36 68 136 204 340 341 682 1023 b
1 2 4 8 16 32 36 68 136 272 273 341 682 1023 b
1 2 4 8 16 32 36 68 136 272 340 341 682 1023 b
1 2 4 8 16 32 48 49 81 130 211 341 682 1023 b
1 2 4 8 16 32 48 49 81 130 260 341 682 1023 b
1 2 4 8 16 32 48 49 97 146 195 341 682 1023 b
1 2 4 8 16 32 48 49 97 146 292 341 682 1023 b
1 2 4 8 16 32 48 49 98 146 195 341 682 1023 b
1 2 4 8 16 32 48 49 98 146 292 341 682 1023 b
1 2 4 8 16 32 64 65 69 138 203 341 682 1023 b
1 2 4 8 16 32 64 65 69 138 276 341 682 1023 b
1 2 4 8 16 32 64 65 73 138 203 341 682 1023 b
1 2 4 8 16 32 64 65 73 138 276 341 682 1023 b
1 2 4 8 16 32 64 65 81 130 211 341 682 1023 a
1 2 4 8 16 32 64 65 81 130 260 341 682 1023 a
1 2 4 8 16 32 64 65 130 138 203 341 682 1023 b
1 2 4 8 16 32 64 65 130 138 276 341 682 1023 b
1 2 4 8 16 32 64 65 130 146 195 341 682 1023 a
1 2 4 8 16 32 64 65 130 146 211 341 682 1023 b
1 2 4 8 16 32 64 65 130 146 276 341 682 1023 b
1 2 4 8 16 32 64 65 130 195 211 341 682 1023 b
1 2 4 8 16 32 64 65 130 195 211 406 617 1023 b
1 2 4 8 16 32 64 65 130 195 211 406 812 1023 b
1 2 4 8 16 32 64 65 130 195 325 341 682 1023 b
1 2 4 8 16 32 64 65 130 260 276 341 682 1023 b
1 2 4 8 16 32 64 65 130 260 325 341 682 1023 b
1 2 4 8 16 32 64 68 69 136 205 341 682 1023 a
1 2 4 8 16 32 64 68 69 136 272 341 682 1023 a
1 2 4 8 16 32 64 68 136 137 204 341 682 1023 a
1 2 4 8 16 32 64 68 136 137 205 341 682 1023 b
1 2 4 8 16 32 64 68 136 137 273 341 682 1023 b
1 2 4 8 16 32 64 68 136 204 205 341 682 1023 b
1 2 4 8 16 32 64 68 136 204 205 409 614 1023 b
1 2 4 8 16 32 64 68 136 204 205 409 818 1023 b
1 2 4 8 16 32 64 68 136 204 340 341 682 1023 b
1 2 4 8 16 32 64 68 136 272 273 341 682 1023 b
1 2 4 8 16 32 64 68 136 272 340 341 682 1023 b
